true,forecasted
0.19570024,0.20918469
0.164881,0.18309651
0.15962394,0.16617347
0.1495509,0.16634306
0.1565237,0.17752701
0.22676255,0.24398693
0.30913162,0.3388804
0.37006196,0.39887175
0.39415625,0.42798346
0.4115598,0.4436306
0.44233522,0.46416208
0.42957604,0.47381988
0.44542584,0.47512814
0.4521682,0.47987503
0.43360645,0.46896368
0.42012653,0.45850676
0.41530395,0.4466004
0.42814955,0.44192135
0.39669296,0.41780975
0.38603002,0.42499706
0.3672426,0.43134043
0.36659747,0.40434238
0.29678112,0.326766
0.21593155,0.26839983
0.18159679,0.1845862
0.15883718,0.15959314
0.14390555,0.14371115
0.1401914,0.14267361
0.15723245,0.15299778
0.21639605,0.21512887
0.29520822,0.3129131
0.36805996,0.37090772
0.37928224,0.39720184
0.3933749,0.40749067
0.41589925,0.42663136
0.41677305,0.43651226
0.41471282,0.43050706
0.4265814,0.44000924
0.4071867,0.42203438
0.38486457,0.4130243
0.38540107,0.40615687
0.36693293,0.40043178
0.35745642,0.38184065
0.33674923,0.38417426
0.34633076,0.38752002
0.33696166,0.36034498
0.28111976,0.28730953
0.20866588,0.22693245
0.16158694,0.16526404
0.15056631,0.13771778
0.13037102,0.12208997
0.1298747,0.12318272
0.13598575,0.12971693
0.18966903,0.17300472
0.2719715,0.24916077
0.3360327,0.30390534
0.36536723,0.32958925
0.3854665,0.34934932
0.39646673,0.36291376
0.3939174,0.36389157
0.3840286,0.3632251
0.38195157,0.3593936
0.36106676,0.34665298
0.34013212,0.3370502
0.34689128,0.33593884
0.31662354,0.3297531
0.29791236,0.31641692
0.27858424,0.329883
0.27608174,0.33825952
0.26569963,0.31021723
0.21497555,0.25356406
0.15099539,0.19939344
0.11019733,0.10469654
0.08065814,0.076830186
0.06800938,0.06271651
0.060780913,0.05856402
0.06722622,0.06440577
0.088333696,0.091812044
0.11101529,0.13943993
0.15040307,0.17855619
0.19282086,0.20980452
0.21734363,0.23766439
0.23913105,0.25240067
0.2442987,0.2521689
0.24709345,0.25893077
0.2462863,0.25974312
0.25532594,0.2498676
0.26618153,0.25814462
0.2911442,0.27516025
0.29452348,0.26953697
0.29244944,0.2547896
0.27095428,0.26876405
0.24999745,0.26568028
0.24057494,0.24329816
0.19529277,0.18687432
0.13148963,0.14122541
0.08010603,0.10287484
0.052194376,0.06991973
0.037434384,0.054092743
0.025383944,0.04243542
0.025493765,0.061221108
0.038225345,0.0923056
0.04920577,0.13833292
0.09391723,0.19994892
0.15287137,0.25367954
0.1894752,0.29818222
0.21752727,0.3280311
0.24524088,0.34270152
0.27522117,0.36581883
0.29808098,0.369995
0.3124221,0.3782608
0.31995723,0.38984635
0.34706113,0.40200993
0.3573586,0.41336226
0.34292927,0.405784
0.33096045,0.4123915
0.31746012,0.38892585
0.29164228,0.3502735
0.24809626,0.2916386
0.19516614,0.24139424
0.18429674,0.14060941
0.15759793,0.11831677
0.14848328,0.09241387
0.14350888,0.09608479
0.17366558,0.114365935
0.2295555,0.1865769
0.3143917,0.27114487
0.39478457,0.37034172
0.42623395,0.4134938
0.4545387,0.4497543
0.49786088,0.46421036
0.51062065,0.48281103
0.5004318,0.49220464
0.49129793,0.5083888
0.46621704,0.4936425
0.4398837,0.48094195
0.40915808,0.4765315
0.41407788,0.49604115
0.39661196,0.48476902
0.3781636,0.4957882
0.35275027,0.47913408
0.3416756,0.4258916
0.2946123,0.3604073
0.2384385,0.29802656
0.20142241,0.17471114
0.16722028,0.14559096
0.15094438,0.13319546
0.14851269,0.12715366
0.16226988,0.1417301
0.22143887,0.2095592
0.2976807,0.3006413
0.34719315,0.3626252
0.40051454,0.3927397
0.4254652,0.40700114
0.4333592,0.42983913
0.4324038,0.43457496
0.43594632,0.43847486
0.4344226,0.4478898
0.42873767,0.43113244
0.40810007,0.42974693
0.39816207,0.42592356
0.39985022,0.40990067
0.39408484,0.38557318
0.38399258,0.3955706
0.37437385,0.38884965
0.37867013,0.36739555
0.28898793,0.28728527
0.24621609,0.23307218
0.202364,0.19309194
0.17235191,0.16834068
0.1564541,0.15102321
0.15682077,0.15641114
0.19444299,0.16923597
0.2398746,0.2395097
0.32640433,0.33577725
0.37252787,0.39952886
0.4180669,0.42260003
0.42827556,0.43954796
0.45614943,0.46493688
0.43518057,0.46293646
0.43321517,0.46722108
0.43898714,0.4674994
0.42234698,0.4544425
0.41946638,0.44802445
0.39894164,0.44125712
0.39421806,0.42775464
0.38246948,0.4052762
0.3814571,0.40951368
0.36243984,0.41672882
0.35151762,0.3867978
0.27898392,0.3133757
0.23299,0.24255218
0.18134955,0.17526528
0.1598904,0.14864114
0.15323864,0.13255954
0.14376932,0.13538074
0.16613106,0.14975789
0.22048287,0.21631965
0.3174169,0.315542
0.39154214,0.37617844
0.4240207,0.4015113
0.41783825,0.410618
0.43255144,0.43605167
0.43356445,0.44175336
0.44486472,0.44041178
0.45725664,0.45069653
0.43358123,0.43445086
0.43134338,0.4264408
0.41376403,0.42613542
0.40954998,0.41225716
0.38935408,0.3881069
0.37551528,0.39348355
0.3815567,0.39698225
0.37729645,0.36989826
0.3149462,0.294524
0.23823747,0.23060422
0.23519604,0.2006285
0.23215461,0.17217606
0.22911318,0.15245283
0.22607176,0.15970439
0.22303033,0.16389418
0.2199889,0.22483176
0.21694747,0.32428792
0.21390603,0.38376594
0.2108646,0.40945667
0.20782319,0.4192367
0.20478176,0.44018653
0.20174032,0.44583747
0.1986989,0.44625896
0.19565746,0.44231105
0.19261605,0.4220227
0.18957461,0.41684982
0.18653318,0.41411382
0.18349175,0.40196788
0.18045032,0.3819408
0.1774089,0.38035318
0.17436747,0.39141962
0.17132604,0.36723965
0.16828461,0.29601645
0.16524318,0.2283381
0.16220176,0.11715014
0.15916033,0.097670704
0.1561189,0.08358091
0.15307747,0.07233301
0.15003604,0.08446582
0.14699462,0.11458866
0.14395319,0.1496682
0.14091176,0.20087518
0.13787033,0.25112873
0.1348289,0.285562
0.13178748,0.31601134
0.12874605,0.32048804
0.12570462,0.34408605
0.122663185,0.33456922
0.11962176,0.34802067
0.11658033,0.3570392
0.1135389,0.361229
0.110497475,0.37328878
0.10745604,0.37092096
0.10441461,0.37072664
0.10137319,0.34583548
0.09833176,0.31736216
0.09529033,0.26382315
0.0922489,0.20910645
0.08920747,0.06517277
0.061769314,0.04708552
0.045475412,0.029799093
0.030644009,0.014700815
0.03583986,0.026336836
0.041974302,0.056961708
0.054120764,0.093477756
0.096309915,0.15126242
0.15581557,0.2439404
0.18082623,0.25747138
0.20873728,0.28496176
0.22633585,0.29643166
0.23953792,0.32680243
0.24820788,0.31601146
0.256636,0.33334792
0.2803558,0.33488655
0.30862752,0.36823806
0.32401645,0.37168545
0.32984844,0.3689617
0.30980137,0.36773238
0.29276332,0.3494263
0.2882378,0.31384972
0.24979581,0.25381237
0.17980362,0.2064284
0.1446449,0.13357116
0.121172346,0.11033487
0.092982836,0.079867326
0.096236095,0.08065383
0.12085789,0.1056115
0.17660978,0.17852631
0.24680181,0.26865888
0.32901666,0.35596144
0.3844685,0.41493553
0.42969367,0.4469418
0.4792865,0.4751605
0.5073692,0.49229583
0.5305507,0.51034456
0.5821617,0.52030575
0.5788539,0.5098337
0.577389,0.50707275
0.58700174,0.5025068
0.58451843,0.5125635
0.5738699,0.50737596
0.5518964,0.5088225
0.5158099,0.49172992
0.48791924,0.45020664
0.4120549,0.3705417
0.3208922,0.31221488
0.2620779,0.28541
0.21426621,0.24757543
0.19884068,0.23151866
0.19332317,0.2205058
0.20499194,0.22653744
0.27024314,0.29466742
0.33848056,0.39407095
0.4111031,0.46953237
0.460079,0.5144286
0.4989813,0.5433498
0.53977996,0.5746298
0.56535715,0.59603465
0.5849787,0.61686623
0.61912143,0.6260676
0.5933348,0.6203466
0.5873252,0.605277
0.5973742,0.5874318
0.5758437,0.5934974
0.5558626,0.5620868
0.5286663,0.5518766
0.51456404,0.5412713
0.4836368,0.4986816
0.40001705,0.41560942
0.3243693,0.3505626
0.27075806,0.28778604
0.22587436,0.2506469
0.21037923,0.23476952
0.20203993,0.2287313
0.2127545,0.23916374
0.25781643,0.30548626
0.33974683,0.40006164
0.4101723,0.4649922
0.44730183,0.5005861
0.46778518,0.529979
0.5390088,0.5531906
0.55887884,0.57178235
0.5690899,0.5772415
0.568638,0.5830547
0.5671545,0.5752695
0.5731983,0.5622115
0.55303603,0.5505327
0.5524581,0.5533092
0.5123862,0.5462197
0.48596045,0.5340914
0.4639576,0.50923747
0.4309353,0.47343314
0.3563366,0.39720118
0.28766227,0.33159012
0.23134868,0.24659991
0.19278006,0.21211913
0.17812748,0.19309819
0.17286563,0.18064076
0.1865346,0.19044833
0.23785219,0.22951871
0.32117188,0.29769558
0.36907896,0.35839164
0.41660622,0.3916365
0.4240123,0.40944153
0.4535263,0.43897888
0.47059914,0.4472842
0.47841212,0.4502608
0.4925288,0.45503762
0.48150817,0.44342822
0.45841306,0.43135232
0.44256148,0.43144363
0.4482524,0.42716062
0.42163342,0.43355688
0.3988036,0.42597535
0.37725502,0.40447167
0.3722074,0.36703032
0.319701,0.3018266
0.26839057,0.24553475
0.22233544,0.20574321
0.17407846,0.16944031
0.15167414,0.14882663
0.1327697,0.14059418
0.15974337,0.1453964
0.20550984,0.16322012
0.27268025,0.21448268
0.34973466,0.2724511
0.40360877,0.30347508
0.43944985,0.33435592
0.4352328,0.356571
0.45084316,0.3704677
0.45690796,0.38019302
0.4352058,0.37931842
0.4368417,0.3704642
0.4142135,0.36687797
0.40653917,0.37423402
0.3830384,0.3760935
0.36214158,0.3725537
0.34639677,0.3662518
0.33387223,0.35135177
0.32154515,0.31944537
0.25876883,0.2684732
0.19662444,0.21036482
0.16144831,0.15173967
0.1238975,0.11202135
0.10190005,0.09139958
0.08862836,0.08828876
0.09395864,0.09606237
0.11174144,0.102832906
0.13139302,0.14425187
0.17689964,0.18445444
0.23041968,0.21977681
0.2734766,0.25709695
0.3061346,0.28206906
0.32586962,0.2958499
0.34437618,0.31461987
0.3465942,0.3121717
0.35318595,0.30522847
0.36679792,0.30814755
0.37887117,0.33133006
0.38283256,0.32836002
0.37247086,0.32008898
0.34991708,0.31035128
0.3410659,0.30688685
0.3222785,0.2741965
0.26868224,0.2291558
0.21299155,0.1730648
0.15671036,0.15748356
0.14379454,0.122354366
0.10477643,0.10308868
0.09452755,0.09477343
0.08770717,0.09768075
0.09878241,0.12357902
0.115584016,0.16084312
0.15968636,0.21924652
0.22515121,0.2692178
0.2927609,0.31938902
0.33683264,0.34236282
0.37274152,0.37806544
0.40935552,0.39248237
0.4403524,0.40692583
0.4512422,0.40951163
0.4811577,0.42383584
0.5236085,0.42617252
0.5478996,0.44645363
0.5385011,0.430277
0.5162918,0.42696705
0.47155273,0.4074697
0.45577133,0.36934376
0.389968,0.31182778
0.30909383,0.26209223
0.2624578,0.27143157
0.23363154,0.23407447
0.20366447,0.21456274
0.19421914,0.20416394
0.2329594,0.22837205
0.25159857,0.29987678
0.32451215,0.40352163
0.41899648,0.4886151
0.47115424,0.54272825
0.5117273,0.59768456
0.5341118,0.6296165
0.5633683,0.6535199
0.59542805,0.6860897
0.6022358,0.70674515
0.61150587,0.69923985
0.5884822,0.6824308
0.5812886,0.65957737
0.5701173,0.666658
0.53892297,0.6463007
0.48311228,0.6301163
0.47154492,0.61548907
0.44808197,0.5604945
0.37738645,0.47154438
0.31372017,0.4004988
0.25781524,0.2627766
0.2231192,0.22678843
0.20905115,0.20805746
0.19236897,0.1986888
0.20859566,0.21199241
0.26447597,0.26809052
0.3282617,0.36487854
0.40343234,0.42235214
0.45266092,0.4593721
0.47628048,0.48529702
0.49287927,0.503736
0.5152098,0.5352533
0.52725244,0.54171234
0.5365183,0.56041205
0.54160494,0.5433395
0.51427,0.5421076
0.5118917,0.5310842
0.496435,0.53505194
0.46865895,0.5069328
0.4466495,0.4909182
0.4333886,0.473892
0.41581464,0.4405392
0.34126693,0.3604623
0.277414,0.2982793
0.21953528,0.23118794
0.18592787,0.19435099
0.1609082,0.17451063
0.16022286,0.16856688
0.1761861,0.18660524
0.22598839,0.24290177
0.29929683,0.336803
0.36504796,0.395366
0.4006922,0.42541498
0.4161267,0.4496913
0.43660045,0.4840462
0.44044903,0.5001065
0.45640746,0.5087309
0.4827078,0.5213119
0.45725724,0.50634986
0.44361466,0.5028713
0.45534167,0.4957739
0.45642006,0.4851711
0.43993533,0.4701327
0.42510512,0.45328346
0.40799567,0.44121993
0.3746997,0.40738666
0.3212517,0.32930475
0.23679538,0.26124397
0.19666044,0.2089884
0.15755051,0.17154533
0.14228883,0.14834377
0.13744524,0.14388058
0.14933066,0.1538383
0.19665624,0.19110018
0.26566482,0.26169512
0.3421845,0.31646428
0.36689875,0.34845322
0.410737,0.37715733
0.45166832,0.41290256
0.46690118,0.42737108
0.48386422,0.4403661
0.51955163,0.44976273
0.5290018,0.43929005
0.54949594,0.4391749
0.5534765,0.44610715
0.5753438,0.43617666
0.56102365,0.4153278
0.51178306,0.4033885
0.48396024,0.40167674
0.45538965,0.36753276
0.3622736,0.30273318
0.28287992,0.24082716
0.23242289,0.25545168
0.19243498,0.2155942
0.16000502,0.19017872
0.14504398,0.18036577
0.14468631,0.18994376
0.18699428,0.23533443
0.2477464,0.30272996
0.321826,0.35774726
0.38164914,0.40840286
0.43698874,0.4432972
0.495551,0.494091
0.52288234,0.51884675
0.5540311,0.5419922
0.5646496,0.56588954
0.5631991,0.56282735
0.572342,0.5647626
0.5739047,0.56842566
0.5682185,0.56543124
0.5469544,0.5356866
0.5184372,0.51165825
0.4762289,0.49566773
0.43840143,0.45749828
0.37406838,0.37723207
0.29537204,0.30952907
0.24000722,0.25636852
0.19105351,0.2133185
0.16616526,0.18906942
0.14499238,0.17893374
0.14289194,0.18742542
0.1495155,0.22899014
0.16055652,0.2923456
0.21192634,0.34831753
0.28891292,0.3943798
0.3573502,0.43297526
0.40859157,0.47703534
0.45786998,0.50723195
0.4777478,0.52587533
0.49287987,0.5476438
0.4911335,0.5460389
0.4936072,0.5502633
0.47425628,0.5520925
0.47262034,0.55039364
0.43303934,0.5229149
0.41189826,0.49656048
0.39226946,0.47765437
0.37970954,0.44117445
0.3282269,0.36666954
0.27626896,0.29804555
0.22730446,0.21148935
0.18895668,0.1676428
0.15394439,0.1404362
0.14230083,0.13175198
0.1317603,0.12607831
0.13536163,0.13830899
0.1471162,0.16966574
0.20840122,0.22176269
0.2606424,0.2686878
0.31267115,0.31589583
0.3332355,0.360178
0.37722084,0.38780564
0.4048126,0.41560033
0.39895543,0.43564254
0.39841112,0.44752842
0.40590724,0.45465842
0.42708373,0.4687844
0.453114,0.4810915
0.4502364,0.45424914
0.4279815,0.4375171
0.40798005,0.42582762
0.39177316,0.38768682
0.33053738,0.32847083
0.26125634,0.26533765
0.20416556,0.21381101
0.16482459,0.1804575
0.14656949,0.15499589
0.13013996,0.15191177
0.13306676,0.17401935
0.1619392,0.239277
0.20791753,0.3293724
0.2690651,0.4007982
0.32600224,0.43916267
0.37716442,0.48970866
0.40334353,0.52615166
0.4392662,0.5529763
0.46724507,0.5760391
0.47942874,0.5953031
0.4871943,0.5924841
0.49637556,0.59080565
0.50809294,0.57455295
0.5133158,0.57809067
0.49052557,0.5530724
0.47042212,0.54501307
0.41734195,0.5385719
0.3918488,0.4847908
0.3311945,0.4056601
0.26394787,0.3345301
0.20306014,0.22372586
0.16914967,0.18641898
0.13597195,0.1676717
0.123434804,0.1627725
0.11760703,0.17907268
0.122778274,0.2512553
0.13925222,0.35080174
0.18503548,0.42172298
0.24050052,0.45943046
0.31302583,0.49526763
0.3557599,0.52392185
0.4141163,0.5482174
0.44211137,0.56999767
0.4589328,0.583272
0.46831807,0.58097047
0.49208888,0.5769642
0.51643944,0.55627537
0.53081113,0.56026995
0.52204156,0.53374255
0.4969829,0.52040595
0.45723864,0.51200527
0.42234758,0.46503273
0.36115918,0.38501573
0.3207878,0.3144578
0.2542409,0.26008508
0.21019739,0.21495155
0.1885426,0.19657359
0.1712981,0.18717924
0.18456799,0.19945467
0.23238328,0.27131
0.30484855,0.37822637
0.4145088,0.455641
0.49024773,0.50134474
0.5633869,0.5451309
0.64957523,0.57741606
0.7171915,0.61786413
0.75040406,0.6422517
0.78701025,0.66258967
0.8021981,0.6590141
0.8082569,0.6584336
0.81207013,0.6344367
0.79296285,0.64068985
0.7824157,0.62048435
0.7472444,0.59210867
0.7275544,0.5757471
0.6622726,0.52809894
0.5668274,0.44310945
0.46262172,0.36928284
0.3849924,0.4036911
0.32999846,0.3409085
0.29176712,0.31509015
0.27752802,0.29524145
0.28843585,0.30680385
0.32192922,0.3557753
0.39115444,0.44230542
0.4837712,0.5142462
0.5585812,0.5893608
0.64538753,0.6504851
0.726419,0.71463346
0.7923129,0.7616887
0.8134162,0.8037703
0.8431456,0.83834326
0.86085343,0.83279246
0.8357635,0.84281737
0.7995354,0.8400077
0.76075673,0.8239491
0.74199635,0.78894705
0.71886885,0.7343728
0.6639829,0.68855816
0.64340115,0.6549582
0.5562077,0.5499905
0.43493032,0.4643334
0.3695537,0.39498857
0.32900167,0.34533778
0.29154626,0.31697592
0.2872512,0.30042425
0.301045,0.30682647
0.33057398,0.35328013
0.40439433,0.43158546
0.47112426,0.5014465
0.5397487,0.5666317
0.59091634,0.6088329
0.6643088,0.65694714
0.6706425,0.6980438
0.71178263,0.719781
0.7304896,0.7567628
0.74166626,0.74663305
0.73751223,0.7410868
0.71083504,0.7367606
0.6907681,0.7323022
0.68495476,0.69478947
0.6180592,0.65542644
0.5721163,0.62141305
0.54400903,0.5747804
0.46627706,0.47557276
0.38136408,0.39888424
0.3055009,0.33384195
0.26342937,0.2850926
0.23538269,0.25717497
0.19026075,0.24186218
0.193517,0.24520361
0.19834678,0.2794763
0.20657445,0.334482
0.25104347,0.39301556
0.309928,0.45372844
0.38075194,0.49886703
0.44925883,0.5411035
0.49977645,0.59139454
0.5133836,0.6052274
0.5426167,0.63669485
0.55993867,0.6300315
0.5662903,0.63524896
0.5907897,0.6331497
0.5808559,0.63211834
0.5675518,0.5984499
0.51895815,0.56139284
0.48532432,0.5285462
0.44973773,0.48417205
0.39771017,0.40867102
0.3252641,0.334161
0.27740622,0.27119195
0.22151268,0.22884569
0.20440622,0.20204863
0.17584163,0.18960512
0.1771475,0.1721622
0.17063557,0.1760818
0.18539916,0.18959624
0.22546208,0.2432038
0.27961764,0.31090647
0.33772922,0.36026633
0.38861895,0.40596008
0.40787202,0.45513293
0.40297624,0.4839249
0.39934552,0.5004562
0.40394184,0.5104235
0.40369397,0.520109
0.4392008,0.5342439
0.4590564,0.54968214
0.45738566,0.54369056
0.4447111,0.5078846
0.42215973,0.4868961
0.4150273,0.44754922
0.33632013,0.38641477
0.3074765,0.3286817
0.24942854,0.25404117
0.21488373,0.21563473
0.2009249,0.19778675
0.21015358,0.18851414
0.21935284,0.20192605
0.2828349,0.2594551
0.35858464,0.34436652
0.43504253,0.4183063
0.49734837,0.4659747
0.5345097,0.51075774
0.5682749,0.5553516
0.6228428,0.5759816
0.6455376,0.6013027
0.6677859,0.6233425
0.6859066,0.6254072
0.676244,0.61451054
0.68600976,0.60213727
0.68332726,0.6036423
0.6583466,0.5858985
0.64738053,0.568723
0.59912837,0.559643
0.5533697,0.51466364
0.45476434,0.42870265
0.36001775,0.3544084
0.2882144,0.32518446
0.24022207,0.27391124
0.21782734,0.2495366
0.20795894,0.23285976
0.21775292,0.24996865
0.25876284,0.30707815
0.33007768,0.39619932
0.3884587,0.45459485
0.4536283,0.50993425
0.5070301,0.55721027
0.58266765,0.61204076
0.6273893,0.6504128
0.67095935,0.67926466
0.704817,0.71333617
0.72481245,0.7091605
0.7292143,0.7143441
0.73773664,0.72279334
0.74476707,0.70983374
0.7390629,0.6814038
0.7087118,0.63801855
0.6503115,0.6022901
0.62361157,0.5632741
0.50755465,0.45711696
0.42031255,0.38230693
0.35608035,0.36869183
0.28993374,0.31219587
0.27424777,0.28413978
0.24499723,0.26534215
0.2621451,0.27659255
0.3272553,0.32640094
0.38825706,0.40158182
0.46108362,0.47157457
0.5180352,0.53968674
0.5854978,0.5943708
0.6210184,0.66104543
0.665524,0.70856225
0.6896489,0.7431728
0.72873604,0.78009033
0.7378945,0.7811267
0.7346994,0.78744423
0.7330137,0.7854757
0.7330581,0.7716968
0.71292347,0.7343689
0.682121,0.6827294
0.64984226,0.64609915
0.6155969,0.6101468
0.51688534,0.50592035
0.42222333,0.42192274
0.37055528,0.37109542
0.3050418,0.3174985
0.29184994,0.2878834
0.28812316,0.26860824
0.28651544,0.28226787
0.33029193,0.3259958
0.40998808,0.40588897
0.4900671,0.4745888
0.5668898,0.54339087
0.6205521,0.5933222
0.6459181,0.6557554
0.71727794,0.70065486
0.73162025,0.73460215
0.7587667,0.76974106
0.77775276,0.7692098
0.77665573,0.7741333
0.77257615,0.7717131
0.7585585,0.75634015
0.7407265,0.7225808
0.7152825,0.6734242
0.657375,0.6371192
0.62030005,0.5986549
0.52936846,0.49557036
0.4209427,0.40905085
0.35410413,0.3840921
0.30140027,0.32943103
0.2620599,0.30154333
0.24143432,0.28458643
0.2472807,0.2945783
0.27719197,0.33864135
0.351454,0.41091892
0.4254772,0.47921607
0.483824,0.54241514
0.53782654,0.5951931
0.59196174,0.65216875
0.63834393,0.69507515
0.67647386,0.72314674
0.70318705,0.7520985
0.6943635,0.751551
0.67886174,0.7500716
0.6858267,0.7437154
0.6859888,0.7296462
0.6698203,0.6965762
0.6170858,0.65268815
0.5660593,0.6244396
0.5314671,0.5769289
0.44397834,0.48608762
0.35773367,0.40093973
0.28784412,0.31465977
0.23662435,0.2625419
0.20765227,0.23401737
0.17736953,0.2140669
0.17657617,0.21755962
0.18535535,0.249704
0.20058824,0.29473156
0.25470722,0.3490535
0.32640734,0.41016507
0.4096934,0.46377182
0.47616708,0.51268446
0.5389566,0.56438875
0.59196174,0.5944017
0.6160026,0.6240942
0.63097626,0.629781
0.6466292,0.64270705
0.6475576,0.64191586
0.6392147,0.63349855
0.60233784,0.6045926
0.56106085,0.56417483
0.5342714,0.5314333
0.49352798,0.49340367
0.39799282,0.41198283
0.31667694,0.33738095
0.27226737,0.28519782
0.22219561,0.24294901
0.19920616,0.2103186
0.18214831,0.19715959
0.1658538,0.19226857
0.17146555,0.19739434
0.19493149,0.2156783
0.22049607,0.26805001
0.2877865,0.3300687
0.3479631,0.39300704
0.3722116,0.4446462
0.41677424,0.47964117
0.4791557,0.5152849
0.5011003,0.5336331
0.5335327,0.53801775
0.5752093,0.5481223
0.6110846,0.5714098
0.6009641,0.5717578
0.6030832,0.5612909
0.5608592,0.5338767
0.5292556,0.50797325
0.49622554,0.454808
0.4170299,0.4034379
0.31699082,0.3282225
0.29796636,0.30017546
0.24921249,0.26029733
0.21905757,0.2444349
0.2152324,0.23586124
0.2206173,0.24768451
0.27313274,0.31024188
0.3593198,0.40029758
0.424535,0.47664705
0.48987985,0.5388027
0.5261824,0.60194063
0.62014043,0.65419114
0.631817,0.6910044
0.6900432,0.7299519
0.7267923,0.7592733
0.7397309,0.7558771
0.7225938,0.74198955
0.717662,0.7308392
0.6787453,0.73142976
0.647374,0.6968982
0.59759146,0.6736614
0.5678651,0.6608987
0.5497336,0.60746545
0.447132,0.5011676
0.3533972,0.42143622
0.30932546,0.3063143
0.26129955,0.2540611
0.23310223,0.22575057
0.23082176,0.21153373
0.233943,0.22512706
0.2897615,0.27634984
0.36848426,0.34911266
0.42921054,0.4070606
0.47717288,0.46412212
0.52412456,0.50965303
0.559698,0.56402326
0.58914655,0.602646
0.6320276,0.6279941
0.6657851,0.66425806
0.6920884,0.6621817
0.66567284,0.6677756
0.67873454,0.6795304
0.6764535,0.6662815
0.65429455,0.63943297
0.60487276,0.59352475
0.5730189,0.5610606
0.5275417,0.5181625
0.4403338,0.41898018
0.3475064,0.3494168
0.29472452,0.31763425
0.25141793,0.2682749
0.21157166,0.24392703
0.2058261,0.22819242
0.22631605,0.24104021
0.27327016,0.28840074
0.34358102,0.36400568
0.4106302,0.4278541
0.4599596,0.47694504
0.512316,0.51844335
0.5562179,0.5721556
0.59273046,0.60258865
0.63614446,0.6267378
0.67247885,0.6484695
0.6822878,0.6454929
0.6896501,0.6470141
0.7034667,0.64856744
0.7014623,0.63244414
0.6649863,0.60856104
0.6204849,0.57379955
0.580332,0.5473241
0.54571396,0.5052838
0.4516035,0.41914034
0.35279468,0.34235716
0.2971052,0.313252
0.24654675,0.26458514
0.22229464,0.23632479
0.20556204,0.22178215
0.20716317,0.22908002
0.2532801,0.27990308
0.32863617,0.34128729
0.40597326,0.40276787
0.46075234,0.46417618
0.5278537,0.5125849
0.58073163,0.5610478
0.63433874,0.60562885
0.6728965,0.6278465
0.70721686,0.66175306
0.7095982,0.6605192
0.71651095,0.6642361
0.72982883,0.6642458
0.72368,0.65876156
0.6865235,0.6270216
0.615154,0.5865315
0.55594724,0.55529207
0.5119661,0.5160472
0.42929757,0.42474568
0.33831134,0.34550643
