true,forecasted
0.13929486,0.13238928
0.108412795,0.098858945
0.085224174,0.08259419
0.08034715,0.08939586
0.08331914,0.0819996
0.12260268,0.12069822
0.17103755,0.17561136
0.21270771,0.18932408
0.21841756,0.22969553
0.23843592,0.22698882
0.26824367,0.24058306
0.27367947,0.2769929
0.29880512,0.269023
0.30396196,0.30876127
0.3212003,0.3097339
0.3380393,0.33404702
0.35448197,0.34019125
0.37319797,0.36047125
0.3536374,0.35152572
0.32875025,0.3511466
0.31079495,0.36443046
0.28619286,0.29425314
0.21986601,0.24244845
0.16218948,0.18739533
0.116063185,0.09904547
0.085124075,0.07112535
0.07230373,0.066208676
0.06860549,0.08366766
0.0805484,0.06587769
0.117787264,0.095269226
0.16594075,0.14937076
0.20070636,0.18640146
0.21568707,0.1979059
0.22522199,0.20778075
0.24290134,0.20846343
0.25234932,0.22789451
0.26049405,0.21090195
0.27434513,0.22485402
0.2761067,0.23024744
0.28595555,0.2330291
0.2909288,0.2530799
0.29589388,0.25295442
0.27869016,0.25909021
0.26734504,0.27920708
0.26163223,0.2501785
0.25440517,0.20329681
0.20390953,0.15986559
0.15399066,0.1374943
0.110856295,0.09234675
0.08519967,0.063308224
0.07257164,0.050822146
0.070239276,0.06991545
0.07718932,0.05748765
0.10966491,0.09259883
0.15154384,0.16083503
0.19699308,0.18691021
0.21165301,0.19797748
0.22422469,0.21701097
0.24054517,0.22821063
0.24647462,0.23521009
0.2460828,0.22189265
0.25429738,0.25162262
0.25450265,0.23601708
0.25007012,0.24317253
0.2477619,0.2686481
0.26621965,0.27753007
0.2596441,0.26833266
0.24295962,0.2953621
0.23143706,0.2546806
0.22201551,0.2226291
0.17484377,0.17745245
0.12373247,0.14366092
0.07826135,0.0884829
0.057023603,0.0560422
0.042516273,0.04012301
0.034592718,0.07674459
0.038237926,0.0735065
0.046833824,0.090085484
0.055659845,0.14524549
0.0846486,0.18096387
0.114572726,0.20691854
0.14414668,0.20236036
0.16524653,0.19566733
0.18848433,0.20014039
0.20647797,0.20667893
0.2298241,0.19550863
0.25746766,0.20601061
0.28904969,0.1951991
0.32138985,0.21966901
0.34760487,0.22734854
0.34582236,0.24266922
0.3230112,0.2361897
0.284676,0.22194338
0.25766557,0.20024434
0.20009649,0.150098
0.13985083,0.12814608
0.091976464,0.07444199
0.056286164,0.040061407
0.035849027,0.056746118
0.02706938,0.03802339
0.021031428,0.043166667
0.024083216,0.06496061
0.025088755,0.11102554
0.052591607,0.10143939
0.09662406,0.13822833
0.14129595,0.17865737
0.1783054,0.21758756
0.22501953,0.23616162
0.27407163,0.25595286
0.31065145,0.28836206
0.33958927,0.288798
0.3582647,0.35586038
0.36656135,0.3640014
0.37493256,0.34802803
0.36424947,0.35889626
0.34378502,0.3219409
0.3338285,0.33367467
0.31526735,0.29386353
0.26274315,0.22946295
0.20964298,0.15370387
0.1677882,0.15820551
0.14744172,0.11880825
0.13547465,0.072768606
0.12000466,0.10079787
0.13560048,0.09871463
0.17535949,0.12678745
0.22367764,0.20258966
0.27717558,0.21039936
0.30228898,0.25751543
0.33181307,0.28433916
0.34118158,0.3129222
0.35900548,0.34305364
0.34543753,0.39259914
0.35171542,0.42075598
0.34613368,0.4139115
0.3340665,0.45297062
0.3185106,0.44608775
0.32665586,0.4687626
0.32418245,0.49296632
0.30835634,0.4529515
0.29371077,0.43416917
0.28193167,0.37694648
0.23095667,0.27876145
0.17600068,0.25202146
0.13274188,0.1330432
0.0934153,0.08851613
0.07790891,0.07989954
0.0726126,0.112007596
0.087286696,0.092612214
0.11906405,0.13890746
0.15766194,0.21126106
0.2096498,0.23691091
0.23045723,0.26125288
0.24815705,0.2391319
0.26335406,0.23955223
0.27254948,0.25429133
0.28071034,0.25944892
0.29957548,0.26978692
0.3099707,0.26171944
0.31681976,0.27002248
0.33063987,0.2724886
0.32936922,0.2900375
0.33818492,0.29161668
0.3318654,0.29275188
0.3182194,0.28200182
0.2879304,0.24365246
0.24303591,0.19933769
0.17666182,0.1509297
0.13261326,0.13938087
0.11244562,0.10210696
0.099349484,0.076580316
0.08799806,0.099055775
0.10075069,0.108853996
0.13694918,0.13808718
0.18425341,0.18820114
0.22123975,0.2159532
0.24948372,0.2696041
0.2476989,0.2521359
0.26529285,0.2689042
0.26889098,0.28635797
0.28342158,0.30297595
0.30243844,0.31224644
0.29388016,0.31438997
0.29011807,0.33204675
0.3169302,0.33664492
0.3184553,0.36286408
0.32127172,0.37028515
0.3040787,0.34752464
0.27773136,0.35517135
0.26251528,0.3061625
0.21060792,0.2498804
0.15303937,0.20017081
0.11182946,0.11819527
0.080266654,0.07015007
0.06844799,0.099662706
0.06356625,0.094113626
0.07222953,0.08142578
0.102361195,0.11446026
0.14681207,0.17667049
0.18405111,0.20839015
0.21018933,0.22409448
0.22893861,0.21642902
0.2447754,0.24133146
0.2655494,0.22727764
0.27965337,0.23034939
0.30271092,0.25020617
0.31206894,0.24100238
0.32999292,0.24807552
0.35994837,0.26067412
0.36795294,0.27415547
0.36076543,0.2819903
0.3350136,0.30162042
0.3167972,0.27057305
0.29723874,0.2402797
0.2415626,0.18012798
0.17476186,0.13742465
0.17270416,0.117790684
0.17064644,0.07593895
0.16858874,0.07458003
0.16653104,0.08919408
0.16447333,0.0787355
0.16241562,0.1066761
0.1603579,0.15835139
0.1583002,0.19513682
0.15624249,0.2062051
0.15418479,0.21492594
0.15212709,0.21122217
0.15006937,0.2433711
0.14801167,0.23936883
0.14595395,0.23491585
0.14389625,0.25143343
0.14183854,0.2620596
0.13978083,0.26227906
0.13772312,0.27519172
0.13566542,0.2951597
0.13360772,0.2877917
0.13155,0.2673048
0.1294923,0.24374068
0.12743458,0.20843112
0.12537688,0.19491541
0.12331917,0.07721825
0.12126146,0.035612218
0.119203754,0.020565033
0.117146045,0.02993793
0.115088336,0.020122766
0.11303063,0.041473456
0.11097292,0.1017223
0.10891522,0.09863841
0.10685751,0.12662387
0.1047998,0.18557265
0.10274209,0.2175039
0.10068438,0.21868247
0.09862667,0.26059717
0.096568964,0.275056
0.094511256,0.28704092
0.092453554,0.32181913
0.090395845,0.32534322
0.08833814,0.35393646
0.08628043,0.35622588
0.08422272,0.3247377
0.08216501,0.29173496
0.0801073,0.27632132
0.07804959,0.19764611
0.075991884,0.16027537
0.07393418,0.063532464
0.04190693,0.028183684
0.023439225,0.014238067
0.012659701,0.027448185
0.010044182,0.014509074
0.012846423,0.01951152
0.01690305,0.09353687
0.043379888,0.10024655
0.08119222,0.12965521
0.11463678,0.15418799
0.14450857,0.17720526
0.17473824,0.19654807
0.20861767,0.20307457
0.23863856,0.20688778
0.2699947,0.20780563
0.30660933,0.24040413
0.34915957,0.24831277
0.3786574,0.24589887
0.38099098,0.26856008
0.35970142,0.26042327
0.31907758,0.2546485
0.28935158,0.21156636
0.22852316,0.15438768
0.16469161,0.12775901
0.11110007,0.13532153
0.07750816,0.08239875
0.061434075,0.08746835
0.054126162,0.10066063
0.061872095,0.07892125
0.08870733,0.12458124
0.12301235,0.20634502
0.16959698,0.23679397
0.2143345,0.24703214
0.25807944,0.28966206
0.31139448,0.31285903
0.36707008,0.3717198
0.41684946,0.3758173
0.46819106,0.41412017
0.50818455,0.43176767
0.53621817,0.4527225
0.55555964,0.4690421
0.55554515,0.43472457
0.5262573,0.4671202
0.48193172,0.46172506
0.45959517,0.41369924
0.41890237,0.357407
0.34535125,0.30188227
0.2669667,0.2794526
0.21056032,0.19730821
0.17722654,0.15903363
0.14905816,0.105451815
0.1440226,0.122289576
0.15271336,0.11210073
0.17529579,0.16461293
0.22235763,0.2332769
0.26356947,0.2720183
0.2942279,0.29959276
0.31714195,0.33998433
0.35624978,0.37006038
0.39326447,0.4007046
0.42793173,0.43808758
0.45425475,0.47908577
0.47525975,0.49943286
0.481986,0.537225
0.48374557,0.53594667
0.4755543,0.5093994
0.44400775,0.53388494
0.41563657,0.45745146
0.4075793,0.4608239
0.388465,0.3963096
0.31051442,0.35325223
0.23895286,0.26180363
0.19336258,0.21858808
0.16269855,0.18913345
0.13418509,0.11987692
0.12743245,0.13822488
0.13476066,0.15810308
0.16141057,0.16241643
0.19345585,0.22934219
0.24472553,0.2509836
0.2858201,0.31083027
0.31724188,0.3415994
0.34518448,0.3652384
0.37384143,0.38691157
0.38981962,0.44771808
0.4057371,0.40187725
0.39231756,0.47403187
0.38870978,0.52158874
0.39529252,0.5002842
0.3824937,0.49931782
0.36670715,0.5213724
0.33915284,0.4434992
0.31770894,0.45018816
0.288923,0.38737273
0.2380546,0.32695234
0.19446874,0.22629037
0.13598968,0.14767067
0.10483952,0.13097204
0.09042756,0.115609504
0.08509678,0.12200016
0.091396876,0.11754452
0.12354207,0.15384015
0.17262794,0.21073714
0.21492267,0.2395356
0.24444395,0.25781056
0.26059958,0.25905383
0.27869788,0.26739174
0.3017444,0.273545
0.29729053,0.26574913
0.3013484,0.26679328
0.32380217,0.26277614
0.32016414,0.2916468
0.3244488,0.283591
0.32766333,0.29606837
0.31588912,0.27524367
0.30202684,0.27559656
0.28780457,0.2652574
0.27112535,0.22922209
0.22341917,0.17239943
0.17404053,0.15828188
0.13181072,0.1368196
0.10748111,0.08776954
0.09151745,0.08977748
0.08943725,0.1006131
0.09592075,0.090560794
0.12250591,0.12896802
0.16281949,0.16015884
0.20060329,0.18977007
0.23544206,0.19886628
0.2593578,0.20952109
0.29374313,0.22589996
0.32000998,0.23618543
0.33360347,0.23601162
0.3506642,0.24918231
0.35282806,0.24112591
0.35942775,0.24725679
0.37686366,0.28164688
0.39447004,0.28193703
0.39184436,0.2969139
0.37026885,0.2757596
0.34809417,0.26282805
0.3309171,0.21645841
0.28246436,0.18204316
0.22165677,0.14259103
0.1658452,0.14762014
0.12974785,0.11019016
0.10860232,0.0940645
0.09378507,0.10863804
0.09207796,0.07874507
0.1020847,0.10721401
0.11593544,0.15483913
0.1452833,0.16568479
0.18991266,0.19573805
0.23974402,0.22561473
0.27982607,0.26277444
0.30967635,0.27379197
0.33834118,0.28248444
0.3579296,0.30446443
0.37285045,0.31369087
0.38847476,0.33410043
0.4056251,0.35913828
0.42508417,0.36605716
0.4256235,0.34353495
0.40103805,0.35126525
0.36209768,0.33000207
0.3362503,0.27081934
0.28306267,0.23623386
0.21937111,0.18511286
0.1613145,0.12883653
0.12369747,0.082841694
0.099131085,0.08645231
0.08171371,0.038860664
0.07287562,0.045665957
0.0723781,0.066594996
0.07429887,0.1073
0.11190418,0.108142406
0.1714887,0.13295208
0.23887831,0.22438765
0.3015169,0.26575083
0.3623222,0.3120162
0.40912768,0.34284735
0.44789794,0.39589843
0.4736531,0.38349593
0.5070835,0.44387066
0.53601605,0.45212322
0.5578173,0.4187934
0.55932283,0.47867617
0.5300903,0.4168753
0.48743173,0.4210637
0.45239,0.35415125
0.38047808,0.28539777
0.298228,0.21863782
0.24958329,0.2215721
0.20881471,0.1606003
0.1866843,0.18242717
0.16977285,0.14025745
0.175003,0.12801328
0.2043003,0.18892637
0.24117114,0.24344546
0.28647444,0.24043581
0.33818808,0.28795698
0.3923718,0.39124063
0.45502913,0.42664406
0.50077885,0.5103063
0.54471135,0.58420473
0.5813759,0.62588394
0.59167296,0.65494627
0.5928279,0.6869589
0.5896064,0.69616604
0.5981545,0.67610615
0.5732254,0.6773265
0.51742184,0.6221212
0.48463508,0.59982467
0.4403111,0.49930412
0.3694287,0.3947117
0.29577994,0.34706622
0.23583633,0.24305251
0.1914642,0.21035048
0.15587592,0.15381578
0.14718972,0.15948741
0.15721028,0.13709009
0.17780386,0.17479026
0.20963581,0.2332581
0.27362117,0.2620639
0.302489,0.2969209
0.33555907,0.3421068
0.3702351,0.3695178
0.39456612,0.41385996
0.40208524,0.44486994
0.4127428,0.45870924
0.39878863,0.48473978
0.406148,0.5314987
0.4064469,0.49067888
0.4236854,0.49688867
0.42396733,0.5117228
0.4008333,0.46359682
0.37446043,0.42193177
0.35129505,0.36745164
0.29579833,0.2932731
0.2307087,0.24730638
0.19065623,0.18948096
0.15185446,0.14297502
0.13660532,0.11468315
0.121588394,0.13488449
0.11787231,0.155536
0.1525884,0.14413935
0.21353826,0.20874158
0.2589945,0.2277992
0.2721484,0.2635276
0.30738807,0.2684191
0.33085233,0.32093233
0.35007444,0.3226082
0.36118403,0.3292267
0.37969092,0.35441905
0.4003456,0.374915
0.41975355,0.37840003
0.43625465,0.3991288
0.45082986,0.40481204
0.44849873,0.3901366
0.4269229,0.37321204
0.39552334,0.3520716
0.3798057,0.3113922
0.30600175,0.2611626
0.22991002,0.20079637
0.18393211,0.17746735
0.15512797,0.13462031
0.11969247,0.12899536
0.113767736,0.13381302
0.10819037,0.13562438
0.13852802,0.16154611
0.17772721,0.19806534
0.21460679,0.23499846
0.24346939,0.26685494
0.27461305,0.29286137
0.31496218,0.33279738
0.36077663,0.3562586
0.40248108,0.36484468
0.4476645,0.41639718
0.48384076,0.4211764
0.5152134,0.46879935
0.54514796,0.44605643
0.561556,0.4742798
0.5413199,0.44625512
0.5077245,0.44500807
0.4578632,0.40389234
0.42661628,0.36718908
0.34458056,0.29614893
0.26000968,0.24128976
0.20278358,0.17510521
0.15739857,0.14230445
0.12964652,0.10803068
0.11744969,0.12230506
0.11859628,0.117869526
0.14061575,0.14665934
0.18110606,0.18043655
0.22435926,0.19112387
0.26894173,0.22947532
0.31684566,0.29335546
0.3654769,0.32413536
0.3995628,0.39031288
0.4305254,0.40232727
0.4676365,0.4415401
0.48968536,0.46086258
0.4927655,0.5033798
0.5022387,0.4865967
0.5190169,0.50883186
0.51329243,0.4905749
0.4768083,0.4542669
0.44233826,0.4133284
0.4103882,0.36641705
0.3446532,0.3127341
0.2766882,0.28058982
0.2104912,0.18889509
0.17546256,0.14262909
0.14243275,0.14180489
0.12251588,0.11227956
0.119512215,0.095394574
0.12076748,0.1319299
0.13082759,0.17222184
0.16241682,0.19057411
0.21191113,0.22598109
0.2737148,0.31003493
0.34457287,0.36371708
0.40376312,0.40539247
0.44694474,0.4718184
0.4642179,0.50672257
0.47902885,0.49764502
0.48973995,0.57184744
0.49320298,0.57557905
0.4911709,0.5602511
0.46434548,0.5729306
0.4258386,0.509675
0.38993427,0.50460213
0.35777384,0.41530856
0.3062021,0.35622442
0.25149602,0.2599228
0.20284098,0.1163768
0.16208799,0.09359491
0.13130726,0.07109272
0.11589991,0.05461248
0.10962518,0.06363978
0.11149696,0.07507985
0.118639156,0.12659186
0.15001348,0.12066933
0.20219506,0.14730892
0.2567435,0.20659569
0.29384884,0.26367193
0.33814728,0.22529227
0.3839558,0.33171353
0.42415792,0.3650916
0.44182256,0.35323656
0.4684329,0.4077724
0.50711864,0.4102164
0.54792345,0.43045738
0.55379343,0.41741645
0.5279126,0.39556742
0.48481935,0.34092313
0.43721047,0.3257708
0.36039338,0.24765998
0.2808456,0.15748763
0.21028996,0.21877593
0.17602623,0.1968553
0.14846423,0.17004964
0.12757997,0.17105192
0.12272798,0.1397472
0.14133988,0.17779979
0.1662743,0.27065736
0.20462789,0.270242
0.24653885,0.32543778
0.2877262,0.39580736
0.33389413,0.43506438
0.36714935,0.48976022
0.39978087,0.5528476
0.45021406,0.61037004
0.46901092,0.6131128
0.49964204,0.6629863
0.53413236,0.66669464
0.54273826,0.62705165
0.5223911,0.6633532
0.4899099,0.60829145
0.44620642,0.56803036
0.40540862,0.49249217
0.3475641,0.4203457
0.27113357,0.3414086
0.21032058,0.22433183
0.1665998,0.16362604
0.14044599,0.15363884
0.123828895,0.14367457
0.12120777,0.1587142
0.12276718,0.16176616
0.13318218,0.23111677
0.16690184,0.2446939
0.22535658,0.28303394
0.29076153,0.36199874
0.3632161,0.40503967
0.42341223,0.45581782
0.47027126,0.50327605
0.50497633,0.5526069
0.5183572,0.546497
0.53361875,0.60313094
0.55066127,0.61299527
0.57007927,0.56600547
0.567008,0.5745801
0.53684974,0.541859
0.47666255,0.48597163
0.42503133,0.45961133
0.3700685,0.38024879
0.3088836,0.31128684
0.23360212,0.22931361
0.19291091,0.2018415
0.16925836,0.15766284
0.14761285,0.14828597
0.13937151,0.12889978
0.16736628,0.19214728
0.19755587,0.24935424
0.26986098,0.23347926
0.33673942,0.2793935
0.4176653,0.37788802
0.50926936,0.4230199
0.58254486,0.46581924
0.6328279,0.55035913
0.67772484,0.5815886
0.70331883,0.6035433
0.7340719,0.6661978
0.7533311,0.6309469
0.76322585,0.7074693
0.7598036,0.63974524
0.7223341,0.6205704
0.6535928,0.54345834
0.6035275,0.4641313
0.5009435,0.38515753
0.40021434,0.32110357
0.31922722,0.31894815
0.26250514,0.25496346
0.22712283,0.24879846
0.20612045,0.23993018
0.19667861,0.24568248
0.21255004,0.2667043
0.25660262,0.3184191
0.31881508,0.33628714
0.39056006,0.40245873
0.47468156,0.51270926
0.56930363,0.60963625
0.6397107,0.68019897
0.688801,0.72703743
0.7291721,0.77668434
0.75978416,0.7613163
0.7752799,0.8562858
0.7770339,0.8417365
0.7660402,0.87829
0.73321337,0.80927813
0.6934118,0.74251115
0.6305816,0.725917
0.58339185,0.6193211
0.49907276,0.51175314
0.40359896,0.4416494
0.33360836,0.31276312
0.26968443,0.2547676
0.23276441,0.24182406
0.22513625,0.20975494
0.2207963,0.19065322
0.2380231,0.23480392
0.27667806,0.29860002
0.33137032,0.31036997
0.37289262,0.33658922
0.45447087,0.45454866
0.5022418,0.4962249
0.57328904,0.54954726
0.60952044,0.61949027
0.6709452,0.64416915
0.6951035,0.6892805
0.7084622,0.692268
0.705633,0.6883282
0.70235145,0.710062
0.6775171,0.6705053
0.63350147,0.6132052
0.5865448,0.55495614
0.53568864,0.4796164
0.44986108,0.3894825
0.37393612,0.34829503
0.29700387,0.29316285
0.22824788,0.25732803
0.18738429,0.21564701
0.1649653,0.21329492
0.14661643,0.2020008
0.14369273,0.18146154
0.14779592,0.24704003
0.18716572,0.26640275
0.25073057,0.3320551
0.3210843,0.40761945
0.38906366,0.45745865
0.45643243,0.4942724
0.506345,0.5633715
0.5505458,0.61364675
0.5819669,0.6226507
0.6095847,0.6532297
0.636318,0.6674571
0.64080393,0.65242094
0.61906534,0.61034083
0.5769491,0.55703247
0.52661765,0.49513656
0.4854945,0.44774562
0.41315892,0.36454254
0.33500713,0.30844197
0.2725591,0.2711985
0.22633307,0.24100506
0.19391486,0.19213837
0.16762073,0.19538262
0.1500511,0.20619029
0.14964372,0.17012942
0.15473965,0.25709122
0.18612745,0.24813297
0.23674719,0.31911957
0.28346795,0.42449868
0.31702346,0.4859814
0.3502108,0.5240723
0.3677601,0.59444743
0.3797464,0.6361499
0.3834798,0.6615259
0.4016873,0.7053191
0.43729657,0.69190514
0.45514584,0.6982674
0.4500807,0.65261936
0.4257147,0.6217692
0.40153313,0.5727485
0.3666548,0.5168748
0.30894467,0.40403283
0.24423063,0.3412109
0.2004626,0.18571255
0.17457357,0.1378279
0.15751266,0.09961322
0.14071147,0.13002148
0.14735772,0.12180732
0.18293549,0.15375184
0.224858,0.1976603
0.2703734,0.23048863
0.30734485,0.25091732
0.3503709,0.29007474
0.4061256,0.32769632
0.4492169,0.36727232
0.4974467,0.4048355
0.5375443,0.4422891
0.5729308,0.44358802
0.59813875,0.49146783
0.6137167,0.48609954
0.64047986,0.48857534
0.6386371,0.48924726
0.60026413,0.45838234
0.529626,0.4427576
0.4783497,0.39143655
0.38209873,0.29140455
0.29618663,0.25881553
0.23178232,0.23348227
0.18831179,0.19092497
0.16069886,0.16404182
0.15552802,0.16017276
0.14867668,0.16126871
0.18133199,0.18797797
0.20760496,0.23039743
0.26585108,0.23105732
0.3057844,0.29752538
0.35802758,0.3611659
0.42794067,0.41720486
0.482067,0.4546544
0.5285997,0.5354467
0.5813993,0.5637605
0.61987334,0.59288645
0.64636904,0.6434132
0.6726802,0.58525765
0.6941183,0.67345864
0.6809651,0.57969475
0.64552695,0.53407204
0.57710785,0.5377608
0.5184937,0.46197394
0.41882783,0.39165476
0.3251383,0.31648365
0.2614625,0.23928773
0.21087514,0.19448143
0.17888412,0.1766868
0.17199305,0.17684582
0.1644034,0.15526137
0.1868663,0.19882292
0.22335319,0.26094258
0.28109166,0.26653612
0.33826822,0.30131593
0.3843296,0.40485442
0.4613063,0.4820819
0.52864635,0.5028503
0.6082178,0.5869259
0.6458026,0.6274222
0.6814901,0.67779756
0.70988685,0.70610064
0.73106354,0.68936133
0.7433041,0.7152394
0.71330947,0.6723697
0.6778869,0.65316606
0.6150801,0.6446191
0.55743283,0.49030292
0.47155714,0.41022754
0.37018853,0.36374164
0.28924465,0.25720784
0.23400514,0.21225148
0.21460015,0.23491916
0.19231679,0.19241673
0.19132893,0.17439511
0.21724962,0.23961318
0.26374623,0.27623215
0.32431966,0.2872286
0.38798198,0.3624533
0.45227692,0.4294061
0.525907,0.5271197
0.5924686,0.57460564
0.65464854,0.6332144
0.7232168,0.67838454
0.7521499,0.6821937
0.77856827,0.7714895
0.7912693,0.75398934
0.79748046,0.7029553
0.7704955,0.6993928
0.72751087,0.63191813
0.649798,0.57686174
0.58404654,0.54717267
0.4998795,0.4321078
0.41386786,0.33331582
0.33556765,0.31330335
0.27919853,0.27620336
0.24031329,0.23508328
0.21196713,0.22419614
0.2076837,0.19459248
0.22485398,0.25287867
0.25860968,0.29957083
0.31624156,0.32953063
0.36640492,0.36482674
0.42728528,0.460616
0.48832056,0.5127108
0.54336405,0.5436721
0.59304386,0.64185995
0.64133805,0.6562451
0.6733709,0.6904551
0.6821019,0.752654
0.6628908,0.7339163
0.65196323,0.70729375
0.63930875,0.68613154
0.61242175,0.614381
0.5566135,0.5910348
0.50635237,0.5133563
0.43228096,0.43610367
0.34566906,0.32427114
0.27265835,0.26075515
0.22613391,0.19423628
0.18817423,0.19265077
0.17085084,0.18136951
0.15702671,0.14010546
0.15802401,0.1817905
0.16502114,0.21596232
0.20658717,0.22859493
0.27702856,0.27333945
0.36046004,0.36298797
0.4491359,0.4074704
0.5320109,0.4708142
0.59695154,0.52369887
0.6349944,0.5541279
0.66648895,0.5426822
0.6858745,0.61535335
0.6872428,0.5684146
0.67260057,0.63529664
0.63104504,0.55076337
0.57526755,0.5283062
0.5296337,0.45593274
0.48746517,0.3876693
0.411368,0.34621167
0.33234435,0.24417067
0.27554423,0.2437644
0.23528035,0.21380678
0.20159955,0.18213084
0.18067172,0.17550373
0.16908301,0.18353376
0.17241654,0.16485727
0.17790431,0.21694845
0.20760426,0.21715218
0.2581048,0.26442775
0.30723724,0.3661905
0.3575682,0.41245967
0.4111848,0.480515
0.46252462,0.5242671
0.50920725,0.55061203
0.5531963,0.5688071
0.5884542,0.64996713
0.624278,0.61389065
0.63674945,0.59386694
0.6137946,0.60519934
0.5773884,0.5301444
0.525862,0.48285735
0.48187783,0.4411586
0.40862614,0.35816285
0.32097894,0.3365037
0.25936058,0.303079
0.21991588,0.27204606
0.18988834,0.26536316
0.16939469,0.22396782
0.17075878,0.2454356
0.20053889,0.24231902
0.24724287,0.31121042
0.2975637,0.3318241
0.35740495,0.39231956
0.41348776,0.45857742
0.47296518,0.54483247
0.53919613,0.5943898
0.5979188,0.6520084
0.6438892,0.7001828
0.6722035,0.7228292
0.6668603,0.7578052
0.65749073,0.7511563
0.6310095,0.73145735
0.5893505,0.7227647
0.5320184,0.69097674
0.48561788,0.66948855
0.44710732,0.5303205
0.3642017,0.47421572
0.2964115,0.44602984
0.23911823,0.237486
0.19870403,0.18986525
0.16969007,0.17298386
0.1587121,0.15349574
0.16478752,0.18234015
0.19313262,0.18525639
0.23508243,0.23653847
0.28203124,0.24507493
0.32584074,0.2706175
0.3662033,0.34770048
0.41828218,0.39117453
0.46467203,0.44703937
0.5089817,0.49153817
0.5516626,0.52924466
0.58684665,0.536519
0.6230317,0.5707915
0.6479197,0.5928401
0.6667079,0.59615624
0.6479771,0.56052595
0.6111549,0.52656066
0.56693035,0.49516067
0.5250302,0.4374879
0.43634108,0.32921177
0.36501944,0.2884611
0.2949424,0.26801148
0.25021452,0.22219285
0.22074643,0.19106236
0.20531528,0.19199213
0.2103288,0.20293677
0.23765647,0.20664895
0.27802274,0.26900393
0.32033566,0.32007828
0.3577845,0.32447958
0.3937648,0.4188204
0.44082594,0.4832139
0.47971538,0.5369107
0.5314894,0.60790294
0.5571462,0.6418537
0.60160387,0.6651364
0.6411842,0.71826094
0.67832786,0.7330873
0.6857928,0.7209649
0.678571,0.6677404
0.6435252,0.6048651
0.5814203,0.60333127
0.5292072,0.5385521
0.44503412,0.44721532
0.3529885,0.36522055
0.28248253,0.3091345
0.24091038,0.2662936
0.20101401,0.21232203
0.18682867,0.21724427
0.18656547,0.23825845
0.19983084,0.24883753
0.24414645,0.30925703
0.28877163,0.33093065
0.3447981,0.37615484
0.39385667,0.46115768
0.4725634,0.5199805
0.5292909,0.5765099
0.590918,0.6189182
0.6371874,0.6709089
0.6724497,0.7011547
0.6997261,0.7267238
0.7334944,0.7516284
0.74724436,0.7148432
0.7256447,0.69278467
0.68386257,0.669699
0.63541037,0.6102421
0.5831619,0.5367318
0.48266515,0.4392895
0.37821588,0.3862118
