true,forecasted
0.1429646,0.13558623
0.11837136,0.112932906
0.09856623,0.09793822
0.089395456,0.092937484
0.09256161,0.0932572
0.10979078,0.10783145
0.13750388,0.13163081
0.1530173,0.15588877
0.15938635,0.17383066
0.1646814,0.17884655
0.16202606,0.1831609
0.1752906,0.185628
0.19856742,0.18987274
0.22289206,0.20036888
0.24193749,0.21882886
0.24815568,0.24117759
0.260249,0.2682759
0.269935,0.29237366
0.2750849,0.30940452
0.26497334,0.30418396
0.25721174,0.2890389
0.23136057,0.25924188
0.19143806,0.22008865
0.15420885,0.17555691
0.121831894,0.11623646
0.10516794,0.0962527
0.09448323,0.08520805
0.090794496,0.080175936
0.097727135,0.08362265
0.116791636,0.10039642
0.14390095,0.12404879
0.15892772,0.1428419
0.16358711,0.15106824
0.15734455,0.14954568
0.14944917,0.14989235
0.14429156,0.15933669
0.15629207,0.1709753
0.17474467,0.18912731
0.2052335,0.21160913
0.2359144,0.23893121
0.2604585,0.26968065
0.2753409,0.2911421
0.27773356,0.30038622
0.2713714,0.29285237
0.26727805,0.27571318
0.246794,0.24533162
0.20702071,0.20848687
0.16335952,0.16445848
0.13283475,0.12542397
0.11814154,0.10296257
0.0974831,0.092258066
0.097700536,0.085697494
0.10218837,0.08998151
0.117615506,0.10513517
0.1417152,0.1362729
0.1563948,0.15930945
0.16193612,0.17216484
0.15790713,0.16978163
0.16213042,0.16890155
0.1806502,0.17237934
0.20452109,0.17656508
0.22253373,0.18434547
0.22890623,0.20014837
0.24152271,0.22234306
0.27507335,0.25429577
0.29346928,0.27740842
0.2926105,0.2859632
0.28291145,0.27745405
0.2776414,0.26230186
0.26011357,0.23546496
0.22347657,0.19580851
0.18318596,0.15447658
0.14836036,0.14137445
0.12574416,0.113388225
0.109777786,0.09862825
0.1012575,0.0900809
0.10052134,0.08864632
0.09900943,0.09498382
0.10610286,0.10859182
0.11288628,0.12168244
0.11683671,0.13447057
0.12231164,0.14334695
0.12804502,0.15705399
0.15072842,0.1759867
0.16502532,0.19435285
0.19277659,0.2117336
0.22747329,0.233132
0.25388563,0.26466015
0.28444672,0.31012854
0.31344497,0.34227848
0.31430152,0.35683882
0.29031065,0.34137216
0.27889606,0.32365584
0.26457316,0.2950044
0.23340319,0.24845968
0.19439307,0.19833444
0.162761,0.15584074
0.13484001,0.124596804
0.11528074,0.10583782
0.103292,0.09422735
0.096895345,0.090379596
0.09319809,0.089765
0.09339745,0.09566128
0.0995182,0.10520132
0.117067546,0.12722002
0.14025606,0.15010881
0.17969032,0.18346809
0.23019259,0.22419894
0.27149445,0.26430705
0.3150194,0.2987532
0.35024273,0.3388692
0.37097102,0.37982377
0.39883456,0.43090567
0.42126113,0.46519566
0.42599788,0.46828458
0.40608475,0.43977052
0.3853057,0.410005
0.35547262,0.3749736
0.30173355,0.31683114
0.24376369,0.25643718
0.20209597,0.1945773
0.17351373,0.15961531
0.15625146,0.13834271
0.14760165,0.12629248
0.14844623,0.12483969
0.16808327,0.13167593
0.19875644,0.15341806
0.2330881,0.18036814
0.2629161,0.21266724
0.27953193,0.2376447
0.30552158,0.26194325
0.3155556,0.28506604
0.32349503,0.30734208
0.35323673,0.31710023
0.38287795,0.33444804
0.42135412,0.35013047
0.44566578,0.36567912
0.44745237,0.37544474
0.41803083,0.36005083
0.3813995,0.32676882
0.36156535,0.3034426
0.33190018,0.27165356
0.2929723,0.22862703
0.24483666,0.17714503
0.19606395,0.17318442
0.16487956,0.14270832
0.14321148,0.12552328
0.13133076,0.11630869
0.1313478,0.11798908
0.14325614,0.13607883
0.17510909,0.16599032
0.19409563,0.19528303
0.19968385,0.21484908
0.20604904,0.22725137
0.2106863,0.24005203
0.23407967,0.26267636
0.24072808,0.28022996
0.26206177,0.3056997
0.29468316,0.3360476
0.34207064,0.36953333
0.38943845,0.40493888
0.42033637,0.42160687
0.42190024,0.415232
0.39240238,0.38906196
0.3600845,0.358577
0.32330823,0.31792262
0.2643137,0.26994935
0.20875128,0.21480322
0.16211031,0.17121711
0.13187242,0.1443285
0.117181644,0.13367878
0.106862776,0.1251624
0.11111612,0.12654006
0.1265735,0.13726544
0.15603545,0.15989801
0.18342878,0.18300733
0.20489201,0.2144142
0.2263394,0.24708833
0.26074862,0.27583775
0.29966515,0.30054173
0.3194372,0.30895457
0.32464454,0.30100033
0.2823493,0.2954551
0.24903986,0.29029602
0.28261727,0.29485583
0.2869959,0.302222
0.30794567,0.31111434
0.30247298,0.30625042
0.28959683,0.29490966
0.27171636,0.27102286
0.22982268,0.23375745
0.18637262,0.19211707
0.14827853,0.14171511
0.12426432,0.11719106
0.11298109,0.105444476
0.10674726,0.0993577
0.10862766,0.103810295
0.124403596,0.12184408
0.14835365,0.15180889
0.1702682,0.17361298
0.18137053,0.18807212
0.17815444,0.1964294
0.20024562,0.20463403
0.21932676,0.22376516
0.23901029,0.24484748
0.25411725,0.26137418
0.28190345,0.2901775
0.31599128,0.3218488
0.35549495,0.36091438
0.3843876,0.38658774
0.38375703,0.38900343
0.36784345,0.36668286
0.35082218,0.34220836
0.32242,0.3081189
0.26851872,0.2592565
0.21105905,0.20801044
0.20968832,0.16759485
0.2083176,0.14235374
0.20694686,0.13057388
0.20557614,0.12311119
0.20420541,0.12217863
0.20283468,0.13071094
0.20146397,0.15296142
0.20009324,0.17790674
0.19872251,0.21362296
0.19735178,0.24571395
0.19598106,0.26928934
0.19461033,0.2869409
0.1932396,0.28726342
0.19186887,0.26985052
0.19049814,0.25955564
0.18912742,0.2479473
0.18775669,0.25038248
0.18638596,0.26158297
0.18501523,0.2804711
0.18364452,0.28452766
0.18227379,0.27761537
0.18090306,0.25882217
0.17953233,0.22255315
0.1781616,0.1852639
0.17679088,0.12721464
0.17542015,0.10443836
0.17404942,0.090951666
0.1726787,0.08530827
0.17130797,0.08267523
0.16993724,0.09088498
0.16856651,0.100460894
0.16719578,0.10254938
0.16582507,0.11341186
0.16445434,0.12940054
0.16308361,0.14568196
0.16171288,0.1644944
0.16034216,0.18599151
0.15897143,0.20379038
0.1576007,0.23047876
0.15622997,0.2600312
0.15485924,0.29783317
0.15348852,0.32316816
0.15211779,0.32940862
0.15074706,0.31678405
0.14937633,0.29732564
0.14800562,0.26821956
0.14663489,0.22730467
0.14526416,0.18338366
0.14389344,0.11804812
0.116898224,0.09560278
0.1011499,0.083592355
0.090004735,0.07680309
0.08684143,0.078020945
0.08370268,0.08515298
0.08181254,0.09648426
0.08687817,0.10230321
0.09984385,0.1165929
0.11152744,0.13651548
0.12814166,0.1606936
0.1573289,0.18856278
0.1985459,0.21964094
0.23970382,0.23840635
0.27949357,0.26580518
0.31399292,0.2968339
0.34585643,0.3407681
0.3574046,0.36772776
0.35916135,0.36939463
0.34346807,0.35217917
0.32974714,0.3312758
0.30998403,0.303185
0.2632176,0.25710973
0.20942958,0.20769843
0.16684604,0.15718552
0.13873908,0.1299758
0.12018619,0.11418995
0.11138777,0.10559526
0.113887794,0.10885899
0.12647504,0.12156122
0.1470683,0.14964165
0.1714433,0.17437375
0.1944095,0.19617927
0.21692398,0.20985009
0.24163945,0.23075204
0.2726728,0.26243472
0.3085383,0.29442474
0.3486813,0.32778907
0.39119866,0.37112454
0.4318155,0.41187117
0.4578492,0.45745882
0.47097427,0.4841348
0.45845664,0.48126012
0.42829144,0.4476723
0.39526704,0.41451004
0.35991478,0.37236863
0.29858568,0.31165573
0.23722795,0.25029653
0.19231999,0.18658546
0.168737,0.15489042
0.15024015,0.13405505
0.14012918,0.12397313
0.1419982,0.12254439
0.15790468,0.13487653
0.18107027,0.16182405
0.20814952,0.19031927
0.2281187,0.21510856
0.24201058,0.23347615
0.24806981,0.25061688
0.2584443,0.2599295
0.2694033,0.26866707
0.289649,0.280984
0.31517574,0.29758862
0.34654042,0.31927827
0.37671435,0.34806547
0.39905748,0.3636849
0.3839828,0.36202005
0.36165082,0.3434475
0.34456176,0.32201776
0.31689698,0.28639662
0.2673355,0.24275997
0.21522407,0.19237936
0.17439647,0.16741256
0.14783676,0.13906993
0.12815505,0.12386671
0.1212953,0.11556549
0.1244913,0.11687721
0.13958527,0.13495463
0.16036391,0.17282872
0.18443152,0.20820609
0.20129403,0.23137015
0.216696,0.24601828
0.22258793,0.25096974
0.23408332,0.25802958
0.23138432,0.25511995
0.23243965,0.25530252
0.2403066,0.25837317
0.25307962,0.26272693
0.26768774,0.27114707
0.2794611,0.28339607
0.2767367,0.28993234
0.26897755,0.2855556
0.26399252,0.2666311
0.25138336,0.23559964
0.2161462,0.2010458
0.18049002,0.16044399
0.14721693,0.13857904
0.12309024,0.11232498
0.1175412,0.10073085
0.10560545,0.092947334
0.111038566,0.0940852
0.12713487,0.109068014
0.1552262,0.13940829
0.1789438,0.168762
0.1997005,0.19084594
0.21869314,0.20334575
0.22886217,0.20485158
0.2359091,0.21144456
0.23029795,0.21604252
0.244699,0.21533142
0.23965672,0.21997482
0.23462336,0.2320545
0.23607133,0.24832274
0.2549454,0.27179635
0.26448444,0.28371283
0.27085146,0.27830783
0.27211305,0.2646899
0.26370767,0.24083018
0.22703151,0.20796028
0.19138466,0.16825408
0.15798123,0.15410765
0.13814583,0.12930492
0.12491176,0.11843827
0.11853703,0.111957066
0.12178804,0.112341285
0.135753,0.12489122
0.16322248,0.15321402
0.19236933,0.17472509
0.22553766,0.20145401
0.2543954,0.21923976
0.26260263,0.2273121
0.26420286,0.23566902
0.2658185,0.2425654
0.26545164,0.23890765
0.26767334,0.24839944
0.29442105,0.25502756
0.31911764,0.27120385
0.3213188,0.28933316
0.3189601,0.30080554
0.31731114,0.2937692
0.3120094,0.2793415
0.2968358,0.25786343
0.26102066,0.22144032
0.22220361,0.18278666
0.19150607,0.19552062
0.16747683,0.17104389
0.15130602,0.15552944
0.13961492,0.1475923
0.13861239,0.14703102
0.14749162,0.15907633
0.15612093,0.17903568
0.17742193,0.20069137
0.21192433,0.23355882
0.2426233,0.26774472
0.2720501,0.2987602
0.29517713,0.323713
0.31418437,0.3382749
0.3483524,0.33798233
0.36126244,0.3471237
0.38682714,0.35473126
0.40434542,0.37392104
0.41468906,0.38424855
0.4217281,0.38405427
0.40683207,0.37058827
0.38958564,0.35428178
0.36648217,0.32425255
0.32613555,0.27789828
0.27793962,0.22765017
0.2311742,0.22716677
0.19459325,0.18696645
0.16929288,0.16082674
0.15129769,0.14527331
0.14252608,0.13808134
0.13536564,0.13945921
0.13969713,0.14771041
0.16454782,0.16899146
0.20760278,0.20558208
0.26841193,0.24300978
0.33940536,0.28756043
0.40503857,0.3367163
0.43710142,0.37656477
0.44430774,0.40579763
0.43180352,0.4385532
0.4085811,0.46811846
0.3998637,0.49998882
0.4504687,0.5139436
0.4743743,0.49435508
0.44625494,0.45173818
0.40911385,0.41682807
0.37628558,0.37510064
0.32066914,0.31700996
0.26572755,0.25342447
0.21932434,0.21677971
0.187217,0.18167493
0.16747257,0.15810274
0.1581946,0.14303215
0.16149901,0.14144467
0.1728805,0.1531521
0.20214531,0.1737795
0.2381976,0.20519184
0.28163302,0.24142009
0.33529902,0.27728087
0.3520056,0.31765023
0.38292992,0.36634776
0.42499676,0.41080502
0.43870613,0.45502993
0.48868033,0.4984181
0.5281613,0.53480154
0.521978,0.5623059
0.49658993,0.5710293
0.4846087,0.54730237
0.4468916,0.5017223
0.41859585,0.45749477
0.39045194,0.40430108
0.34006923,0.34294292
0.28311428,0.27804086
0.2292065,0.22045653
0.18838987,0.18535179
0.16837013,0.16363367
0.15383,0.15030365
0.15179977,0.15067744
0.16948879,0.16281536
0.19843587,0.19481222
0.23609,0.22812635
0.27345484,0.2538829
0.30312914,0.26664135
0.32060987,0.27718154
0.3192372,0.28861722
0.31669313,0.30308095
0.3437188,0.3206256
0.3708094,0.3477083
0.39693284,0.3736276
0.44246206,0.40732965
0.492298,0.4235152
0.47788253,0.41551945
0.42449388,0.3843717
0.38591903,0.35613084
0.34617132,0.31925628
0.29637596,0.2740089
0.24479078,0.22223163
0.19904068,0.19725844
0.16800591,0.16607618
0.15570696,0.1480955
0.14127727,0.13857502
0.14075854,0.13857278
0.1569322,0.15108263
0.18578121,0.17719729
0.22209053,0.20516223
0.24866974,0.23442799
0.27137506,0.26302263
0.30130884,0.2935177
0.34399918,0.3254139
0.3764894,0.35488042
0.42177784,0.38069847
0.45327327,0.41126144
0.47191992,0.43794262
0.5022975,0.4685652
0.5263773,0.48421985
0.505968,0.48239326
0.47923893,0.4517122
0.45127347,0.41843894
0.4165977,0.377361
0.35688403,0.32504332
0.29312274,0.2687905
0.23986542,0.23657727
0.19396427,0.19776066
0.16621119,0.17361452
0.15047991,0.15969728
0.1483029,0.15632266
0.15696509,0.16729505
0.17978492,0.19043797
0.20882519,0.21960104
0.23444916,0.25163087
0.26158467,0.27917707
0.29726908,0.30926058
0.34049296,0.34767
0.3976152,0.38203755
0.4306863,0.40963918
0.47199547,0.44752276
0.5049131,0.48047706
0.5461709,0.51749825
0.5664472,0.53431934
0.55268306,0.5188664
0.5196477,0.47780392
0.47687146,0.4358676
0.43343684,0.3901378
0.36689776,0.33063316
0.30352136,0.26862293
0.24418373,0.23888302
0.20625958,0.19908121
0.18053448,0.1729251
0.15721115,0.15884045
0.16060348,0.15553434
0.17084256,0.1671832
0.18589044,0.19015056
0.21706225,0.22277114
0.2520907,0.25730833
0.2957951,0.28726324
0.34354094,0.32146648
0.40056595,0.36871958
0.44842485,0.41053066
0.4844351,0.4484134
0.5212333,0.4954906
0.56169647,0.5343703
0.5819525,0.5738772
0.58759415,0.58933896
0.5677902,0.5685916
0.5224888,0.51978815
0.4770412,0.4712824
0.4316811,0.41926664
0.3727556,0.35486612
0.30918878,0.2876245
0.25001702,0.25590476
0.20849141,0.21377549
0.18048637,0.18620332
0.16132157,0.1675207
0.15128227,0.1611538
0.14855891,0.16523458
0.1499886,0.1758772
0.1674673,0.20075166
0.20539409,0.23936754
0.24099647,0.27345568
0.29239082,0.31014633
0.3428795,0.3544845
0.3722178,0.3955867
0.41570196,0.42775264
0.4461045,0.46670127
0.47713217,0.49772778
0.4959829,0.52982086
0.5040949,0.5419823
0.4783166,0.5181115
0.43816507,0.4740721
0.41238758,0.43294165
0.38812956,0.39017937
0.35156545,0.33517647
0.31096098,0.27444202
0.26678774,0.2575688
0.23292243,0.22023061
0.21115792,0.19837399
0.19211493,0.1796595
0.18414749,0.17621525
0.1833624,0.1802792
0.18311511,0.18991952
0.198525,0.21986592
0.23801893,0.27392012
0.2930346,0.32710057
0.34579512,0.38739333
0.40350714,0.45208102
0.47422203,0.50962514
0.54678094,0.5490445
0.5695125,0.58925986
0.6190524,0.617534
0.6392124,0.63800967
0.64377093,0.6523591
0.6299706,0.63752204
0.59231645,0.5940832
0.55661845,0.55129313
0.5184324,0.50471723
0.47002348,0.43996382
0.40687978,0.37134093
0.34688434,0.33757615
0.29961583,0.29105666
0.27111155,0.26192352
0.24747576,0.24039948
0.23925291,0.23651156
0.23933554,0.24872689
0.2595051,0.27591836
0.29365343,0.31568614
0.34176672,0.36673984
0.42201233,0.4102848
0.4750664,0.4666839
0.49783242,0.5298666
0.562899,0.5838645
0.6229478,0.6194186
0.6672315,0.6640729
0.69915223,0.69501436
0.7424358,0.7240352
0.77697533,0.732723
0.7758185,0.7035154
0.7362696,0.6444294
0.66773236,0.5930501
0.61093146,0.5307489
0.5436061,0.44953358
0.47390145,0.3728622
0.40737453,0.3936674
0.35331592,0.343333
0.30782446,0.30815044
0.27764565,0.2858604
0.26024714,0.27807716
0.2564642,0.2907014
0.25527003,0.3216626
0.27584076,0.36828053
0.3096478,0.42038068
0.36135158,0.46439832
0.41013464,0.51476634
0.4719908,0.57033956
0.5399421,0.6132694
0.5812523,0.6418313
0.57351345,0.6793952
0.5940584,0.7040888
0.58407575,0.73293155
0.5484429,0.73768514
0.53011537,0.7095339
0.51372975,0.65911293
0.48069906,0.6074558
0.44920242,0.54568756
0.40215907,0.4697526
0.35048476,0.39416012
0.29806432,0.31090945
0.25325665,0.27001786
0.22981028,0.24160114
0.21017976,0.22299574
0.20943873,0.21944164
0.2186509,0.23002477
0.25063196,0.25661975
0.3042805,0.3013359
0.3659866,0.36248374
0.43077582,0.417224
0.49835905,0.48582742
0.56586474,0.5557761
0.63762516,0.6201194
0.6860641,0.6741337
0.7282767,0.7300793
0.76873565,0.762214
0.79884017,0.7898918
0.8206883,0.79794836
0.816085,0.7768332
0.7709608,0.7169078
0.70654595,0.6583106
0.63904005,0.5962697
0.5500756,0.5154412
0.4603218,0.4355303
0.38396594,0.3833669
0.3298657,0.33070067
0.2907098,0.29591414
0.26535603,0.27166113
0.2521317,0.2631125
0.25728828,0.27081186
0.28425813,0.29583955
0.33538306,0.34149584
0.4015017,0.40342155
0.47060436,0.4608524
0.54645187,0.52792597
0.6137496,0.6046634
0.66259605,0.6721336
0.70303017,0.7134185
0.74559665,0.7604017
0.7854916,0.78821295
0.8170142,0.8104571
0.8322694,0.81555325
0.8150792,0.78020084
0.75890934,0.7146852
0.69043195,0.65399426
0.6258285,0.5882983
0.54345626,0.50392807
0.45982057,0.42332232
0.38707483,0.3869665
0.3383131,0.33829558
0.30476448,0.30278885
0.28462985,0.28066394
0.27811748,0.27017334
0.28866696,0.27492332
0.32065046,0.2934271
0.36297008,0.33394602
0.41280216,0.39039668
0.45703325,0.4455018
0.4999201,0.50353557
0.54660696,0.5605971
0.601415,0.60792285
0.66049737,0.63909173
0.7114526,0.6737977
0.75858426,0.69429046
0.7531534,0.7177666
0.7188938,0.72045946
0.6843076,0.6983136
0.6446693,0.64876616
0.6110364,0.6003518
0.5661723,0.5450748
0.5012434,0.4774578
0.43248245,0.406804
0.37529543,0.38424698
0.32404703,0.33726138
0.29344735,0.3040006
0.2711158,0.28302944
0.26002017,0.27305782
0.25779238,0.27681735
0.2688393,0.29213786
0.29021278,0.32706264
0.33964026,0.3851715
0.40944213,0.43809608
0.47738594,0.5015933
0.54296064,0.55187833
0.5880487,0.5927039
0.6215295,0.6087086
0.659935,0.6294892
0.6730481,0.6339412
0.65520394,0.64472973
0.6109365,0.64129484
0.58037156,0.6205154
0.55428755,0.57640886
0.527375,0.5399714
0.4966096,0.49600703
0.44855765,0.4362143
0.38845947,0.37127274
0.33964595,0.3396211
0.300071,0.2941258
0.26813805,0.26097858
0.24726604,0.24033378
0.23732114,0.22950616
0.23078033,0.22967717
0.23467006,0.24005164
0.25989065,0.2647667
0.3067001,0.31035605
0.36327177,0.35082152
0.4094062,0.39502832
0.44624823,0.4358979
0.4920278,0.47323433
0.49735308,0.49143428
0.5018878,0.51839876
0.50972754,0.5319857
0.5049896,0.5509911
0.50442195,0.5542941
0.49428764,0.5261704
0.46508515,0.4820736
0.4301243,0.444939
0.3923855,0.4063549
0.3439947,0.3537298
0.29585543,0.29714552
0.25287658,0.2492302
0.2225593,0.21501255
0.20330742,0.19209933
0.19237521,0.17650476
0.1972098,0.17215365
0.21520032,0.1821489
0.24424464,0.19293855
0.2792199,0.21657518
0.3158843,0.2545508
0.3647652,0.28803837
0.39278507,0.32293773
0.40493926,0.3595099
0.44220117,0.39826235
0.47747588,0.4285005
0.5144251,0.4693008
0.5694962,0.49934718
0.6271009,0.5306634
0.6697908,0.5477251
0.6831408,0.53968006
0.63838935,0.50451684
0.57817626,0.4653083
0.5230268,0.42386225
0.44521058,0.37047517
0.36005995,0.3139009
0.29226354,0.28723124
0.23490435,0.24579406
0.20010066,0.21792682
0.17828763,0.19873747
0.17680617,0.19180743
0.18337843,0.19623643
0.21058133,0.20417832
0.24429967,0.23465672
0.2854137,0.28869152
0.32280475,0.33978042
0.36923638,0.40156063
0.4313394,0.47000796
0.4960582,0.53339356
0.56133306,0.5846738
0.6179147,0.6419358
0.6711659,0.6792066
0.7094053,0.712047
0.74282724,0.7293718
0.7358867,0.71445847
0.69300044,0.6617998
0.6219678,0.60591114
0.55871546,0.5515676
0.46840864,0.47891924
0.3829689,0.40476504
0.31380492,0.311945
0.26821297,0.2639006
0.23464732,0.23182732
0.21642171,0.20998219
0.21139221,0.20407653
0.21604693,0.21640436
0.24404669,0.23281857
0.29285493,0.2748632
0.34602067,0.32995987
0.4020681,0.3830468
0.47294155,0.44607967
0.5426825,0.5246903
0.60831773,0.60004115
0.66527534,0.66113657
0.7176136,0.7266079
0.75236875,0.77411324
0.7985358,0.8083762
0.80772465,0.82382596
0.77112037,0.79199237
0.7270641,0.72341335
0.6795367,0.6579502
0.61446244,0.5878481
0.5276789,0.50422066
0.44430205,0.42009652
0.3708135,0.3736413
0.31501514,0.32141635
0.27704692,0.28607085
0.25264555,0.25891963
0.24734542,0.2505208
0.2550877,0.25971758
0.28097767,0.27902544
0.33497316,0.32868877
0.39532796,0.39750355
0.4529791,0.46143094
0.51331216,0.53707564
0.5774389,0.6268116
0.6388395,0.7068509
0.70614433,0.7649092
0.7523776,0.82907194
0.78604746,0.87230814
0.8327676,0.90925926
0.857733,0.92462337
0.8486485,0.8947731
0.8098398,0.8277095
0.7460478,0.75758725
0.6802717,0.6843459
0.5878822,0.5900431
0.51192003,0.50005966
0.44320756,0.44236118
0.39335597,0.39344287
0.35174876,0.35962602
0.324648,0.33638722
0.31259978,0.32645294
0.32298908,0.33919317
0.34367087,0.37259036
0.3689489,0.4246361
0.41413036,0.48846945
0.46223003,0.5385311
0.51524186,0.5960106
0.5783489,0.6463134
0.5997993,0.6873532
0.6276701,0.7055274
0.6619563,0.7322339
0.6993796,0.74467355
0.7293674,0.75504404
0.7405105,0.75662094
0.6937944,0.7377017
0.64826524,0.69580084
0.5994734,0.6529814
0.545816,0.59101176
0.47603744,0.5153904
0.420098,0.44243532
0.35558674,0.3612313
0.31100908,0.3137403
0.27959365,0.28073156
0.25081122,0.25841883
0.24326403,0.24884284
0.23989365,0.2516415
0.24544126,0.26812565
0.27824742,0.29968804
0.32991827,0.3550165
0.38632062,0.40447727
0.4598707,0.47008023
0.52792436,0.53230226
0.59862256,0.594509
0.64591664,0.64405143
0.6917175,0.6956757
0.725771,0.7227884
0.7101695,0.7484224
0.6898544,0.74946856
0.6346367,0.72482044
0.5867877,0.6661775
0.55503446,0.6139953
0.5230808,0.55586976
0.47538555,0.48279357
0.42886558,0.41495767
0.38442904,0.35864836
0.3517559,0.32144085
0.33140033,0.29446542
0.31594378,0.27742556
0.30872893,0.26862472
0.3047176,0.27246445
0.2971982,0.28785157
0.3033149,0.31351173
0.33778217,0.35286683
0.36761323,0.38008803
0.39823586,0.41576436
0.44037476,0.43924809
0.43826962,0.45522016
0.45786443,0.46352056
0.4843005,0.48128748
0.48246193,0.4854245
0.4808755,0.49918583
0.4826692,0.5074212
0.4741934,0.51435375
0.4598299,0.4970927
0.45241,0.47529122
0.43763334,0.43860433
0.3913219,0.38891113
0.3356864,0.3396204
0.2888842,0.29907283
0.2536227,0.26615554
0.2355187,0.24127011
0.22854687,0.22842401
0.235244,0.22677472
0.2518026,0.24325216
0.28183198,0.27123088
0.31903115,0.3107995
0.3668807,0.36082083
0.4180363,0.41102028
0.47801226,0.47153598
0.5450869,0.53125376
0.6057672,0.5844377
0.65625197,0.6278878
0.6956608,0.6762475
0.735223,0.70590776
0.76589495,0.731583
0.778992,0.7394872
0.76546985,0.72257316
0.7167473,0.67666245
0.6549924,0.621531
0.5967375,0.5608732
0.51123255,0.48693132
0.4262616,0.41234303
0.3642609,0.35631058
0.31336883,0.3089775
0.28563562,0.27697262
0.26243776,0.25477248
0.2621915,0.24794057
0.26937547,0.25887752
0.2960763,0.27664053
0.34015107,0.3152478
0.38542345,0.37164038
0.43551907,0.42463478
0.50567114,0.48502907
0.566053,0.5546579
0.599246,0.6174739
0.6090425,0.6566796
0.62329805,0.7058492
0.62509096,0.7363676
0.6177995,0.76238143
0.64089227,0.77202934
0.6449253,0.7413582
0.6121246,0.6819387
0.57439315,0.62580115
0.5243046,0.5650923
0.44699597,0.4873033
0.37436333,0.4096979
0.3072286,0.32057473
0.26121923,0.27928877
0.22691375,0.24816282
0.21030746,0.23142077
0.20979929,0.22383007
0.21908253,0.24069555
0.2512136,0.26035047
0.28671896,0.29325736
0.3131597,0.322966
0.35566062,0.34482065
0.37907895,0.3689721
0.38444203,0.39010137
0.3760056,0.41019678
0.3839422,0.4276241
0.41485292,0.45812094
0.47496995,0.48454472
0.525443,0.5216948
0.56600785,0.5378191
0.5788105,0.53041947
0.5506847,0.50362355
0.51459545,0.4721997
0.4795715,0.42404735
0.40769044,0.36915538
0.34327742,0.30966562
0.2846593,0.29118368
0.24385321,0.2530265
0.21444975,0.2272513
0.20310439,0.20993899
0.19674265,0.20872863
0.21310939,0.2280766
0.23641951,0.25532982
0.27582878,0.29035127
0.32468677,0.3323157
0.37281063,0.37155762
0.4260797,0.4165717
0.48147035,0.46367458
0.5339807,0.5124811
0.5849686,0.5434514
0.630724,0.5818858
0.667776,0.6082693
0.6657768,0.6275216
0.66995484,0.63023484
0.6448587,0.5958896
0.5988922,0.5501834
0.56137913,0.5057049
0.5050653,0.4512435
0.43547723,0.38811362
0.36946318,0.3223127
