true,forecasted
0.18126675,0.17232807
0.15431611,0.14269325
0.13813336,0.13194032
0.13277349,0.13607518
0.1381577,0.14434749
0.17369999,0.18411942
0.22170196,0.23697296
0.26566324,0.28298658
0.285213,0.3046475
0.29453284,0.32489878
0.3131005,0.33124527
0.32594442,0.33461222
0.34643638,0.34749097
0.36187637,0.35727885
0.36266485,0.34900275
0.35899284,0.35843265
0.38100293,0.35636464
0.38609526,0.36841393
0.38421378,0.38008332
0.35721108,0.3712839
0.3433262,0.35047898
0.3193938,0.31401482
0.2707191,0.26193228
0.2060611,0.2137002
0.173377,0.18381007
0.1493264,0.16219729
0.13154237,0.15509972
0.12586388,0.15319966
0.13755259,0.16890329
0.1738396,0.2066268
0.22920647,0.2679156
0.2701101,0.31136745
0.2862953,0.3376898
0.29648727,0.34445474
0.311685,0.34586015
0.32546094,0.35376292
0.33739042,0.3614237
0.35013318,0.37672263
0.35141686,0.36900443
0.3484706,0.37114385
0.35824668,0.37003222
0.35192856,0.38129377
0.3372547,0.38832968
0.32668284,0.37613577
0.31942347,0.35833454
0.29943934,0.31864378
0.2541667,0.26199877
0.1982414,0.21426001
0.16039783,0.17213492
0.13913685,0.14524665
0.12191852,0.13882443
0.116117954,0.13843684
0.12467313,0.14993593
0.16155648,0.19098622
0.20986734,0.24731675
0.2493268,0.29303572
0.27538,0.31578574
0.28712657,0.33139896
0.3020996,0.33179727
0.3091877,0.3377803
0.31859022,0.3478661
0.3256842,0.3554739
0.31457677,0.34383777
0.31656185,0.35261512
0.3265072,0.34824866
0.33270228,0.36315948
0.30382442,0.37248695
0.28306058,0.36647898
0.27054885,0.34848633
0.25043973,0.30994132
0.20426086,0.25477767
0.15069471,0.20900944
0.119220346,0.13396767
0.084089555,0.110080816
0.06647917,0.09851941
0.06557929,0.100184664
0.060169313,0.10814546
0.08196244,0.13881639
0.091070674,0.19852155
0.12186112,0.23338467
0.1528267,0.2490281
0.18235391,0.2764086
0.18780863,0.2950556
0.21080224,0.30696818
0.22151907,0.31874734
0.24009258,0.34003362
0.2616381,0.33661592
0.29134288,0.36012012
0.31929848,0.36291012
0.33025753,0.37869388
0.33286622,0.37933156
0.31167576,0.36616957
0.28949788,0.35263264
0.2629495,0.30892396
0.21299066,0.25426567
0.15951936,0.19994962
0.10976529,0.15343215
0.07656267,0.12950271
0.058972716,0.11630354
0.04557863,0.09754054
0.043421835,0.10059622
0.042589083,0.12468053
0.051947337,0.17174247
0.089393005,0.20602688
0.14182141,0.23694296
0.18829359,0.28086063
0.23086031,0.33484307
0.27678868,0.36713788
0.3202543,0.39605832
0.36368632,0.41777858
0.3942399,0.4347704
0.41907024,0.45845595
0.4426811,0.47722802
0.46798718,0.4857487
0.4610868,0.4819079
0.4354062,0.4577809
0.4233702,0.43604192
0.39351708,0.38905233
0.34705997,0.32952878
0.29075918,0.26768827
0.24888317,0.1907493
0.21388032,0.15416583
0.20462956,0.14269868
0.1966255,0.14134753
0.2098761,0.14325215
0.24806988,0.18379438
0.30311036,0.23785958
0.35362762,0.28538698
0.39689577,0.30782947
0.4276536,0.3468449
0.46236414,0.36944592
0.48227093,0.3834098
0.4889242,0.409195
0.4863403,0.42006674
0.47431841,0.4136694
0.46612564,0.42917755
0.4536752,0.42984855
0.45461252,0.4399059
0.43339047,0.44480836
0.40816322,0.43504304
0.38412136,0.40995947
0.34992403,0.3670908
0.28820983,0.30659628
0.23544092,0.25357077
0.19616972,0.20239587
0.17311288,0.17318839
0.15000641,0.16592422
0.14803398,0.16272782
0.15186407,0.17153434
0.1775286,0.21412025
0.23930019,0.29289475
0.27946398,0.3381837
0.30439502,0.36294758
0.32657045,0.3750257
0.34086055,0.38842216
0.3570428,0.3937819
0.3665319,0.41228992
0.38570952,0.42353004
0.38660747,0.4256127
0.4008922,0.42523748
0.42390576,0.4232672
0.4370834,0.43113077
0.41835034,0.4415603
0.40139368,0.42573732
0.386534,0.4074238
0.36519814,0.36680773
0.29616135,0.29831177
0.24018402,0.24688044
0.19592068,0.18584101
0.16633363,0.14845195
0.1499607,0.13939323
0.1451962,0.14021407
0.15334083,0.1440463
0.19043384,0.18630934
0.24498354,0.242035
0.28814855,0.28844395
0.31564108,0.31126437
0.33353308,0.34186023
0.35088518,0.34662524
0.34106386,0.35883304
0.34731,0.37881255
0.35113278,0.38598913
0.35081708,0.37519482
0.35081562,0.38656855
0.35711187,0.3799447
0.35822868,0.39680254
0.35372347,0.39864543
0.34787765,0.3944826
0.33543548,0.36753276
0.3171052,0.33021235
0.26979297,0.2725656
0.21330488,0.2231951
0.17462322,0.16159992
0.14430897,0.13261092
0.130409,0.123213746
0.12022724,0.12065768
0.13335574,0.1267017
0.17240173,0.16215366
0.2113626,0.22282332
0.25942928,0.2615823
0.29070273,0.28288773
0.310932,0.31180653
0.32811922,0.32643732
0.3458843,0.33998278
0.36778346,0.35847217
0.38095865,0.37292698
0.3945327,0.37043184
0.41125685,0.38694292
0.4247244,0.38733682
0.43657118,0.40439075
0.42571378,0.40358782
0.40479574,0.38962632
0.3838305,0.37018394
0.3533849,0.33018345
0.29855406,0.26937774
0.23771593,0.21844877
0.23498298,0.15739985
0.23225003,0.12175932
0.2295171,0.11239703
0.22678415,0.11838214
0.2240512,0.12148556
0.22131827,0.1589605
0.21858533,0.19867903
0.21585238,0.24122962
0.21311945,0.26191935
0.2103865,0.2992177
0.20765357,0.2986625
0.20492062,0.31504443
0.20218767,0.32804513
0.19945474,0.33582714
0.19672179,0.31740916
0.19398884,0.33793285
0.19125591,0.33628127
0.18852296,0.35632443
0.18579003,0.35236254
0.18305708,0.3526882
0.18032414,0.3247055
0.1775912,0.2862998
0.17485826,0.24290869
0.17212531,0.19441238
0.16939238,0.10887207
0.16665943,0.088200875
0.1639265,0.07601794
0.16119355,0.06761336
0.1584606,0.06931941
0.15572767,0.09545037
0.15299472,0.124408044
0.15026177,0.15493622
0.14752884,0.1801927
0.1447959,0.22358346
0.14206296,0.25224036
0.13933001,0.2773673
0.13659707,0.29616416
0.13386413,0.31268874
0.13113119,0.31154725
0.12839824,0.342237
0.1256653,0.35732427
0.12293236,0.37839946
0.12019942,0.36554274
0.11746648,0.3535338
0.11473354,0.3299894
0.11200059,0.2894608
0.10926765,0.2467901
0.10653471,0.19529727
0.10380177,0.12079975
0.0734058,0.097907804
0.04999679,0.08659226
0.043919932,0.07385188
0.041483447,0.07330367
0.03972017,0.10098309
0.050862134,0.13660717
0.08827278,0.16618481
0.12907329,0.19564642
0.16603838,0.23829803
0.19628452,0.27949312
0.22362868,0.3066898
0.2466578,0.3312198
0.27020058,0.3482451
0.29744017,0.3568614
0.33210203,0.3822956
0.3680184,0.4044142
0.38600284,0.4197181
0.38499546,0.4082288
0.37179157,0.38801384
0.3492309,0.3677058
0.32697663,0.32535088
0.27211076,0.27260572
0.21789718,0.22008389
0.1630999,0.19543098
0.13541427,0.16297746
0.121291526,0.15097007
0.114917465,0.14397432
0.12590134,0.14520147
0.1514511,0.18306142
0.2085005,0.2411604
0.26373652,0.28433794
0.31858635,0.31178063
0.3592716,0.3478862
0.405897,0.38624084
0.45811915,0.4035487
0.4975528,0.42891556
0.5374715,0.44769335
0.5657875,0.45481426
0.5817304,0.47064084
0.5948156,0.47599632
0.6073142,0.48276213
0.58822995,0.4893786
0.549487,0.4663149
0.5206165,0.44969416
0.48741287,0.4002944
0.40680173,0.3365097
0.33989403,0.278661
0.2833529,0.23559971
0.24562512,0.20354527
0.22610019,0.19509745
0.2087943,0.19276439
0.21514939,0.1990313
0.2512603,0.24837019
0.30680424,0.3266201
0.3526013,0.3805527
0.38118678,0.40524176
0.40073946,0.42462593
0.43312344,0.43576396
0.45379147,0.44035968
0.47775403,0.4617679
0.5086938,0.4705778
0.5170043,0.46993518
0.5312039,0.46656734
0.5481406,0.46394366
0.54848886,0.46545872
0.5215431,0.47941875
0.48788178,0.464935
0.47033173,0.4428952
0.4398628,0.40163735
0.37679246,0.32776907
0.30413333,0.27720666
0.24905537,0.2279868
0.21638198,0.19444904
0.19476737,0.18972135
0.17628434,0.1923263
0.18916477,0.20837644
0.21723127,0.25296825
0.26281816,0.32062107
0.30138698,0.3726625
0.3293372,0.40234748
0.33777955,0.41035765
0.3581105,0.3937571
0.37317201,0.39462593
0.38485733,0.40701783
0.3927855,0.40528023
0.3810501,0.38852
0.3723777,0.37824792
0.36996067,0.3667335
0.37073556,0.3815822
0.3580993,0.39594483
0.34737518,0.39691502
0.3420683,0.36749414
0.32380953,0.33721444
0.27269933,0.27792537
0.21943475,0.23741123
0.18993284,0.16420312
0.16218057,0.13811487
0.15318178,0.13767767
0.14848976,0.13213512
0.15446398,0.14550795
0.19297199,0.18286848
0.24623121,0.23368102
0.28356498,0.27878872
0.31514832,0.2959694
0.3289442,0.3163063
0.34283102,0.30798104
0.35097274,0.31839976
0.3496555,0.32958466
0.34661976,0.3330906
0.33049637,0.31789908
0.3290167,0.3255235
0.32610837,0.32172683
0.33819494,0.3379177
0.33491307,0.33711764
0.32996812,0.3411625
0.32505038,0.31318504
0.31685615,0.2804748
0.26860318,0.22265723
0.23021142,0.18310529
0.18853584,0.12945488
0.176028,0.09870999
0.15701623,0.090215944
0.15707363,0.092349455
0.1639813,0.09776648
0.19382712,0.12814236
0.24581094,0.16626409
0.28771514,0.2059342
0.3182001,0.22210903
0.3376346,0.2645576
0.35943744,0.26543012
0.36891827,0.2881474
0.37020728,0.30287743
0.36973596,0.31297016
0.35972396,0.29359782
0.35010934,0.32360026
0.34779495,0.3251395
0.34901586,0.3490997
0.3384299,0.33740044
0.329399,0.33735096
0.32087836,0.3089406
0.3070679,0.2707085
0.26532227,0.22676525
0.21531282,0.17883676
0.17772804,0.15388368
0.14774603,0.12372715
0.13382319,0.10973195
0.108754024,0.099746525
0.11382204,0.09732131
0.1232017,0.12684527
0.14952584,0.16656297
0.18438618,0.19854811
0.23106314,0.22968602
0.2688785,0.2791581
0.31167722,0.31440434
0.34357235,0.34259453
0.37052834,0.3718573
0.3934592,0.38570023
0.41156185,0.39006764
0.43771815,0.41719794
0.4352384,0.42939928
0.4395651,0.44612256
0.43572676,0.43166128
0.41861933,0.41730827
0.39838567,0.3901855
0.3708022,0.34808522
0.3158225,0.2934442
0.25619847,0.2353461
0.20465194,0.2082674
0.16768539,0.17285657
0.14022547,0.15637222
0.11947475,0.14878614
0.1163957,0.14884858
0.11550749,0.18237087
0.12769331,0.22859186
0.18719283,0.26994452
0.24944888,0.30383578
0.3038789,0.3494203
0.35914025,0.38910592
0.40611878,0.4129574
0.44377217,0.44327703
0.47043386,0.46334156
0.47956887,0.46745437
0.49058387,0.4884898
0.50687116,0.49350873
0.53098744,0.5057474
0.52538925,0.4996608
0.50755215,0.48035568
0.47131088,0.45444107
0.44243646,0.40790692
0.3835187,0.34790748
0.31729004,0.28428498
0.26377106,0.27074087
0.23082042,0.23077005
0.21335839,0.21731296
0.20413925,0.20519073
0.21425875,0.20947336
0.25291124,0.24679449
0.3128772,0.30771658
0.372116,0.35963514
0.42227575,0.39547214
0.45641765,0.43807745
0.5133897,0.4776532
0.56063384,0.50796306
0.6046661,0.5429479
0.63858134,0.56536245
0.6346827,0.5750303
0.63319665,0.58921283
0.645275,0.58459365
0.6439524,0.592221
0.6298122,0.5921809
0.5970517,0.5657185
0.5346682,0.5377705
0.4814338,0.4845507
0.39070702,0.41063082
0.32395837,0.34714735
0.2793842,0.26523352
0.23333716,0.22505334
0.2149879,0.21591683
0.20544237,0.21664236
0.20992766,0.22297114
0.24066363,0.2691074
0.29410282,0.35039198
0.3404529,0.4003599
0.37205568,0.42970288
0.4070819,0.45403484
0.4480079,0.46034643
0.4721485,0.4672855
0.51730883,0.49318933
0.5543994,0.5031061
0.54551977,0.49741918
0.51996756,0.49667972
0.5001678,0.4863484
0.50150985,0.49609566
0.49858502,0.49668682
0.47774333,0.48546672
0.45321164,0.45639545
0.42450306,0.41690958
0.36885017,0.34010053
0.2966682,0.28613213
0.2494484,0.22375824
0.21885008,0.18460593
0.1978002,0.17374036
0.18857037,0.17054714
0.19612838,0.17432651
0.22469054,0.21072063
0.2746353,0.27678013
0.3249648,0.3227007
0.36389014,0.3490512
0.3891962,0.38590902
0.4130994,0.40324196
0.4172734,0.42472914
0.44445607,0.45429215
0.4607322,0.4704167
0.46030706,0.46883833
0.46321392,0.48482102
0.45822325,0.4792471
0.47000825,0.49643797
0.46602252,0.4877299
0.43810096,0.47120118
0.41782743,0.44177076
0.39173093,0.39911893
0.32915044,0.3301053
0.26732436,0.27346537
0.22094704,0.20952512
0.19006807,0.1764499
0.17115407,0.16339134
0.16568571,0.15439051
0.16399102,0.15669742
0.19260572,0.18757644
0.24152897,0.24076515
0.28986853,0.2794366
0.31789806,0.3127509
0.34572184,0.3548666
0.37921727,0.38258305
0.41679573,0.4089794
0.44746652,0.4404313
0.48999724,0.4569229
0.5126479,0.46178085
0.5311193,0.48442596
0.5616383,0.48664635
0.57467,0.5042929
0.56790197,0.49022195
0.5336895,0.46990174
0.509869,0.44014713
0.46700606,0.39777252
0.38951725,0.33521545
0.31232658,0.27606422
0.25804248,0.22946669
0.20964846,0.19461095
0.18801196,0.18094002
0.17274417,0.1714644
0.17900392,0.17347598
0.20060784,0.20395403
0.2384587,0.25578135
0.29620126,0.29539394
0.34146127,0.33156005
0.37853143,0.37550676
0.42759913,0.40778485
0.47841603,0.43769786
0.5265289,0.4734185
0.54503965,0.49255082
0.55120456,0.50014335
0.55239046,0.5228437
0.5524834,0.5238553
0.5549024,0.5402325
0.5314291,0.52455467
0.49752024,0.4999199
0.46379372,0.4689023
0.4297866,0.42382857
0.36144635,0.36058277
0.2910622,0.29822475
0.22888057,0.23781408
0.18336761,0.2004515
0.16156963,0.18607998
0.13925895,0.1774345
0.1352231,0.17772305
0.13761435,0.20955251
0.15125604,0.2546965
0.18304025,0.29563352
0.23569581,0.33447352
0.28331983,0.38137722
0.31792822,0.41230115
0.3556847,0.4431775
0.37563136,0.4771636
0.386284,0.49744418
0.389364,0.5004083
0.40452528,0.5234903
0.40912,0.52425045
0.41893598,0.5414651
0.4050837,0.5234948
0.38779676,0.5013529
0.3726686,0.46778384
0.34739414,0.42179295
0.30642194,0.3608041
0.2549756,0.29876596
0.20630966,0.24382474
0.17234044,0.20733368
0.14971797,0.19232355
0.13853662,0.17217307
0.13156328,0.17197287
0.13691051,0.19657253
0.15279701,0.23446983
0.18217295,0.27148166
0.2475752,0.31792262
0.293774,0.37522984
0.33384585,0.424402
0.379979,0.47472098
0.42083204,0.51699317
0.45932207,0.5409389
0.48665553,0.5556708
0.5103807,0.58503824
0.5482758,0.59213895
0.5614695,0.609351
0.55307,0.5822828
0.52325386,0.5527155
0.48827335,0.5137636
0.45549586,0.4630363
0.38732105,0.40227738
0.32166004,0.3352528
0.26148245,0.30454314
0.20968105,0.2635811
0.1928966,0.24713415
0.17540976,0.226272
0.17343003,0.22855967
0.1883009,0.25905907
0.22617023,0.30698472
0.27552396,0.353726
0.32658213,0.40414944
0.36844158,0.45859003
0.41307753,0.51087
0.44906977,0.5580312
0.48343882,0.6029559
0.5191514,0.6270976
0.5594431,0.64646614
0.58792645,0.6691546
0.6268124,0.66876477
0.6321343,0.67717195
0.588319,0.6649595
0.5519848,0.6274245
0.5072905,0.5916887
0.46534932,0.5362198
0.41048393,0.46506724
0.34157023,0.39445546
0.28784648,0.30456048
0.2405965,0.25916368
0.21406175,0.24486458
0.18906116,0.23192112
0.17639817,0.23306319
0.1802409,0.26727456
0.18629587,0.32214925
0.22625974,0.3712935
0.2927788,0.41391298
0.35857356,0.46860516
0.42163855,0.50626373
0.47532678,0.5477251
0.50577384,0.5927378
0.52624196,0.61309886
0.54802483,0.6230576
0.5700762,0.6436277
0.59870505,0.6367074
0.6111657,0.647746
0.60850596,0.6332778
0.5874434,0.6037826
0.53562987,0.56431043
0.48124945,0.51121986
0.42648718,0.44268048
0.35949534,0.37482584
0.29773104,0.3263232
0.24882723,0.28195533
0.2191609,0.26467264
0.1988392,0.24408208
0.20683013,0.24582624
0.23718037,0.2753276
0.3028623,0.32199892
0.3993595,0.37106714
0.4773386,0.42222086
0.54290867,0.48471585
0.6074543,0.5396229
0.66053015,0.5915173
0.70753497,0.63969696
0.75297934,0.6698383
0.7734178,0.6851246
0.7890776,0.71092826
0.8104879,0.70822746
0.82429695,0.7170568
0.8216649,0.69768184
0.7989228,0.660895
0.7335828,0.61838216
0.6729091,0.55876243
0.5868354,0.49006504
0.48962757,0.41456705
0.41281876,0.39207375
0.35870537,0.34196627
0.3221805,0.32561547
0.29752576,0.30747443
0.2974893,0.3125933
0.317524,0.34656557
0.3714968,0.4112162
0.44735512,0.47175983
0.5239864,0.52231866
0.5943516,0.5810586
0.6671946,0.62496734
0.7278148,0.6777805
0.7487022,0.7329828
0.76430416,0.76173806
0.7697414,0.7805381
0.78043,0.79825735
0.7989534,0.7831295
0.8112317,0.78801465
0.7971877,0.77430046
0.75669026,0.7307712
0.7051612,0.6844229
0.6554879,0.6263113
0.57218003,0.54169863
0.48209193,0.46287966
0.41191837,0.37468314
0.35803655,0.32537523
0.3300795,0.31122437
0.31241122,0.29615456
0.3020529,0.3015936
0.32658944,0.33064756
0.37242052,0.39479434
0.43867397,0.45039612
0.5007856,0.49967983
0.5715574,0.5549408
0.6366401,0.58855546
0.688977,0.6393149
0.7264733,0.6890972
0.74129844,0.7155746
0.705473,0.72633314
0.67017347,0.7451717
0.6803844,0.72958034
0.68173665,0.741118
0.6542524,0.72024316
0.6228486,0.6838143
0.58303404,0.6363747
0.55041075,0.5803284
0.47915784,0.49928442
0.40723854,0.42677954
0.33253932,0.31999683
0.2876417,0.27664974
0.255678,0.25820416
0.23135257,0.2440181
0.22853813,0.24589078
0.2256629,0.26978967
0.24299894,0.30902362
0.29577562,0.35422394
0.36832437,0.40741587
0.4356572,0.46631122
0.49454576,0.49869505
0.55658734,0.5442139
0.5903075,0.5876779
0.62334716,0.61217225
0.633937,0.6176941
0.6565133,0.64163184
0.6785554,0.6363595
0.69672763,0.6545593
0.6790954,0.6262954
0.63357806,0.5961825
0.5833565,0.5500738
0.54361546,0.5019673
0.47421727,0.43348783
0.4003688,0.36364818
0.3382791,0.287704
0.28831685,0.24733198
0.25174722,0.22720402
0.23426817,0.21872343
0.21821189,0.2156172
0.21836172,0.24129204
0.22070919,0.2672201
0.2603194,0.30929634
0.32005534,0.362874
0.37246233,0.4163138
0.42639622,0.44360438
0.4746813,0.47669533
0.49295226,0.51192683
0.4813268,0.53158855
0.43856746,0.5332171
0.4019847,0.5508812
0.3935628,0.55359846
0.39545304,0.5715285
0.38348952,0.5483729
0.3635803,0.52372646
0.35368454,0.4846125
0.34315985,0.44291082
0.30193615,0.37923974
0.25702587,0.3167197
0.2129853,0.21139051
0.18827608,0.18426237
0.16847728,0.16761722
0.1661308,0.14990433
0.17373404,0.14697859
0.21731737,0.16192083
0.27411383,0.18366152
0.33008972,0.21072759
0.36696774,0.26492485
0.4068776,0.3115773
0.44181916,0.34999743
0.48679852,0.39181682
0.52889776,0.4195367
0.5681476,0.44307253
0.6035162,0.4562204
0.6328071,0.48156148
0.6763894,0.5013873
0.6984481,0.52282673
0.68757516,0.49231377
0.6487213,0.46032435
0.5919423,0.428577
0.5416654,0.38658866
0.46536097,0.3280182
0.3790232,0.2700496
0.30969408,0.31185985
0.26346317,0.27270132
0.23197031,0.25614423
0.2126633,0.2355337
0.21510221,0.23728432
0.24416052,0.25720212
0.29665655,0.29492822
0.3508667,0.33785406
0.41207063,0.3955988
0.45662633,0.4465113
0.5039507,0.49430123
0.55276114,0.54824686
0.61021376,0.58846694
0.65183246,0.62230253
0.6807764,0.64081407
0.71081394,0.6630035
0.7393498,0.6688891
0.76383674,0.6815583
0.75157213,0.6545166
0.715863,0.6127196
0.6600413,0.57311225
0.59203815,0.5201361
0.50273955,0.44931036
0.41675535,0.3783885
0.35041434,0.40281475
0.30294254,0.35199273
0.26837164,0.3379348
0.25435638,0.3165667
0.25483307,0.32158998
0.28443035,0.3471724
0.32432806,0.4075558
0.39692542,0.46275327
0.46033916,0.5234226
0.5205688,0.57475346
0.58523506,0.6229794
0.6505658,0.68225944
0.7020603,0.72951186
0.7515711,0.7659215
0.7683298,0.78752923
0.79540354,0.80343956
0.80367464,0.7943042
0.8111655,0.80235547
0.79924965,0.78096396
0.7612869,0.73260814
0.7069065,0.6894633
0.650325,0.6271653
0.55854225,0.5419293
0.4777331,0.465268
0.40190542,0.43916237
0.3532531,0.38468334
0.32539332,0.3712224
0.3015869,0.34708297
0.2975963,0.3549322
0.33233064,0.37957284
0.38312274,0.44685635
0.45036998,0.5066347
0.492047,0.56764716
0.54385716,0.6245284
0.6130783,0.6744721
0.6865201,0.74145555
0.7495374,0.79520786
0.8040166,0.8343859
0.8258097,0.8571843
0.8455963,0.87497586
0.86112726,0.8609692
0.8742485,0.8675065
0.87097,0.84349436
0.84220403,0.7909822
0.78546494,0.7414997
0.7397331,0.6752695
0.6606931,0.58508456
0.57793534,0.5049575
0.5040086,0.4509856
0.4496632,0.39199966
0.41098252,0.37553695
0.3819135,0.3570619
0.3710089,0.36261794
0.38803512,0.3922697
0.42576972,0.44994527
0.49221873,0.5136882
0.5486236,0.57441777
0.59381604,0.6378759
0.66521436,0.6755775
0.70650667,0.73776853
0.7443823,0.79315776
0.7833855,0.8230456
0.80142105,0.8364605
0.8038439,0.8530914
0.7987676,0.83439606
0.7863609,0.84069276
0.7539269,0.8203067
0.7032316,0.77581036
0.65363073,0.7214626
0.6017778,0.66024846
0.5186825,0.57281464
0.4360405,0.4939678
0.37023064,0.3891598
0.31764024,0.3424043
0.2800793,0.32519475
0.25717616,0.3038071
0.24372177,0.3074106
0.24193124,0.327736
0.25397894,0.37744814
0.3038254,0.42845783
0.3767983,0.49084142
0.4503082,0.5500086
0.51982266,0.59307563
0.58446753,0.65160334
0.64719003,0.700385
0.6856509,0.73162353
0.70033205,0.7478644
0.71563876,0.76858735
0.7128652,0.7613391
0.720519,0.7740961
0.7095458,0.7445213
0.6743435,0.70346206
0.6280265,0.6549252
0.5925231,0.5980581
0.52665925,0.51677376
0.45514858,0.4412557
0.38656855,0.30251223
0.33469173,0.25959453
0.29784,0.24064973
0.27627015,0.23089756
0.26025814,0.22943744
0.25798753,0.24764806
0.2680613,0.27481353
0.30197945,0.31768218
0.343441,0.3733522
0.3750321,0.42782485
0.41533697,0.45192468
0.44409272,0.4975104
0.46583864,0.5292428
0.48383915,0.55144405
0.5091233,0.5529717
0.5480088,0.57275146
0.59435695,0.57869345
0.6362198,0.59528345
0.6437082,0.56744474
0.6243098,0.5415409
0.58717006,0.49497315
0.5483386,0.45106345
0.48033398,0.38723946
0.39914206,0.32266584
0.34648407,0.3152904
0.30754265,0.27849865
0.27324364,0.25864694
0.25357032,0.23342781
0.26100674,0.23362823
0.2981878,0.24668898
0.3555378,0.27218238
0.41401097,0.31105185
0.4560718,0.37672
0.5254213,0.43329823
0.5925406,0.48521486
0.65114564,0.54261583
0.70283127,0.58530635
0.75229204,0.6163956
0.7648597,0.63864386
0.7855117,0.6617543
0.80333364,0.6737167
0.80741423,0.68706673
0.7957017,0.65609086
0.7498983,0.6123772
0.71472764,0.5698721
0.65156686,0.5204388
0.5546596,0.45156497
0.46680322,0.38048318
0.40739077,0.38920414
0.35722762,0.3409942
0.32353908,0.32272464
0.29773203,0.30284795
0.2930896,0.3058507
0.31979704,0.32500184
0.37017277,0.36848658
0.43006045,0.41923252
0.4893075,0.48426858
0.53766066,0.53921396
0.5810295,0.5837246
0.6389802,0.6428617
0.6843302,0.6883354
0.7191945,0.72340924
0.73613554,0.74237156
0.76339066,0.7583758
0.7753776,0.75686556
0.7848584,0.76679695
0.76519436,0.73963577
0.7175163,0.6931417
0.66654474,0.6469992
0.6170081,0.5915143
0.5292558,0.50992537
0.44148695,0.43550432
0.37748027,0.37309575
0.33649978,0.32156283
0.30615002,0.3076719
0.2990473,0.30015367
0.29420012,0.30365956
0.3323287,0.3282305
0.38026357,0.38095823
0.42628774,0.43761578
0.4646002,0.49165156
0.4886727,0.534191
0.5289722,0.55097926
0.57910085,0.59481215
0.61863714,0.6248383
0.65708286,0.65342104
0.6833574,0.6559324
0.70615155,0.6634785
0.7334291,0.6581992
0.75527376,0.67010206
0.74200326,0.65211177
0.70418596,0.6175023
0.6601663,0.57310826
0.60338396,0.5228174
0.5289605,0.44067785
0.44475862,0.3775238
0.38368553,0.38140893
0.33950487,0.33237666
0.31223854,0.31719804
0.29422152,0.3040244
0.29192656,0.3077698
0.32181132,0.33410808
0.37178037,0.3838848
0.43109068,0.4405493
0.47700396,0.4992859
0.5354606,0.54125684
0.6007806,0.5686877
0.651311,0.61225677
0.6930887,0.6477571
0.72722185,0.67847764
0.7374567,0.68684334
0.7437578,0.69616735
0.74973685,0.6880658
0.7631718,0.6999555
0.7603102,0.6830878
0.7198288,0.6422782
0.6814346,0.60271513
0.6281705,0.5500767
0.5489719,0.46601534
0.47620332,0.4014364
