true,forecasted
0.13929486,0.15198435
0.108412795,0.11534367
0.085224174,0.10679534
0.08034715,0.09511822
0.08331914,0.123448916
0.12260268,0.14775023
0.17103755,0.19807231
0.21270771,0.24412464
0.21841756,0.26595348
0.23843592,0.28339824
0.26824367,0.30977175
0.27367947,0.33181143
0.29880512,0.3448407
0.30396196,0.36572886
0.3212003,0.37728223
0.3380393,0.3783213
0.35448197,0.399594
0.37319797,0.4109972
0.3536374,0.41096133
0.32875025,0.3963536
0.31079495,0.37920636
0.28619286,0.34271744
0.21986601,0.2777727
0.16218948,0.22473638
0.116063185,0.12752499
0.085124075,0.097199574
0.07230373,0.08693112
0.06860549,0.082176425
0.0805484,0.10208771
0.117787264,0.12987113
0.16594075,0.18874276
0.20070636,0.23103529
0.21568707,0.2454613
0.22522199,0.25427282
0.24290134,0.2641199
0.25234932,0.27642787
0.26049405,0.28380582
0.27434513,0.2952236
0.2761067,0.30695814
0.28595555,0.30852157
0.2909288,0.3272816
0.29589388,0.33197945
0.27869016,0.33171785
0.26734504,0.32136953
0.26163223,0.31269464
0.25440517,0.27399427
0.20390953,0.20662859
0.15399066,0.1577028
0.110856295,0.101410106
0.08519967,0.074067295
0.07257164,0.06207134
0.070239276,0.05700743
0.07718932,0.07715516
0.10966491,0.100958444
0.15154384,0.16170976
0.19699308,0.19232237
0.21165301,0.21594444
0.22422469,0.22548363
0.24054517,0.24586381
0.24647462,0.25783205
0.2460828,0.2633491
0.25429738,0.27157116
0.25450265,0.2763323
0.25007012,0.27597052
0.2477619,0.29494447
0.26621965,0.301449
0.2596441,0.3066814
0.24295962,0.29897234
0.23143706,0.294791
0.22201551,0.25821137
0.17484377,0.19773509
0.12373247,0.15099604
0.07826135,0.0921814
0.057023603,0.06306569
0.042516273,0.05261769
0.034592718,0.040414378
0.038237926,0.0641337
0.046833824,0.094672084
0.055659845,0.1498748
0.0846486,0.18064298
0.114572726,0.20521218
0.14414668,0.20798922
0.16524653,0.217014
0.18848433,0.23053357
0.20647797,0.23914918
0.2298241,0.2566544
0.25746766,0.2581139
0.28904969,0.26518255
0.32138985,0.28444654
0.34760487,0.28443986
0.34582236,0.286033
0.3230112,0.2730024
0.284676,0.26432547
0.25766557,0.22767511
0.20009649,0.16109015
0.13985083,0.11035876
0.091976464,0.10114621
0.056286164,0.06083585
0.035849027,0.04729274
0.02706938,0.036991596
0.021031428,0.056207232
0.024083216,0.07860273
0.025088755,0.11968197
0.052591607,0.1680691
0.09662406,0.19208664
0.14129595,0.21282348
0.1783054,0.24032195
0.22501953,0.26488265
0.27407163,0.28694364
0.31065145,0.31365275
0.33958927,0.33618468
0.3582647,0.35428
0.36656135,0.38360026
0.37493256,0.39188367
0.36424947,0.38383058
0.34378502,0.36588332
0.3338285,0.3411834
0.31526735,0.29578382
0.26274315,0.21765122
0.20964298,0.1675516
0.1677882,0.14724799
0.14744172,0.11193989
0.13547465,0.091064654
0.12000466,0.07980752
0.13560048,0.09765487
0.17535949,0.12742883
0.22367764,0.1681939
0.27717558,0.21547614
0.30228898,0.2565285
0.33181307,0.28858343
0.34118158,0.34085193
0.35900548,0.3847493
0.34543753,0.4236355
0.35171542,0.453985
0.34613368,0.4760099
0.3340665,0.50558704
0.3185106,0.52943903
0.32665586,0.5438808
0.32418245,0.53780645
0.30835634,0.5061398
0.29371077,0.48083436
0.28193167,0.4333227
0.23095667,0.34617555
0.17600068,0.28869307
0.13274188,0.1400227
0.0934153,0.10630149
0.07790891,0.09172815
0.0726126,0.086465165
0.087286696,0.10716514
0.11906405,0.13521004
0.15766194,0.1986984
0.2096498,0.23155637
0.23045723,0.25873917
0.24815705,0.2701145
0.26335406,0.29334176
0.27254948,0.31568518
0.28071034,0.32886776
0.29957548,0.34834465
0.3099707,0.35523865
0.31681976,0.36093524
0.33063987,0.38101366
0.32936922,0.38850954
0.33818492,0.38783467
0.3318654,0.36974066
0.3182194,0.35678267
0.2879304,0.31243983
0.24303591,0.2465971
0.17666182,0.18459056
0.13261326,0.12666222
0.11244562,0.090915635
0.099349484,0.06893482
0.08799806,0.064735495
0.10075069,0.077051796
0.13694918,0.09916838
0.18425341,0.15836874
0.22123975,0.18754946
0.24948372,0.22272925
0.2476989,0.24331897
0.26529285,0.28248432
0.26889098,0.31265882
0.28342158,0.33873692
0.30243844,0.35979244
0.29388016,0.37134174
0.29011807,0.37765032
0.3169302,0.40219995
0.3184553,0.39848292
0.32127172,0.39509326
0.3040787,0.370748
0.27773136,0.35856786
0.26251528,0.3237095
0.21060792,0.24580139
0.15303937,0.19372173
0.11182946,0.12903757
0.080266654,0.09956871
0.06844799,0.08551551
0.06356625,0.069444135
0.07222953,0.09146673
0.102361195,0.11540289
0.14681207,0.1680738
0.18405111,0.20123345
0.21018933,0.22936922
0.22893861,0.24779877
0.2447754,0.26673943
0.2655494,0.29247406
0.27965337,0.31289735
0.30271092,0.33512565
0.31206894,0.34435233
0.32999292,0.35869804
0.35994837,0.37643477
0.36795294,0.38674545
0.36076543,0.38021123
0.3350136,0.3572314
0.3167972,0.34145164
0.29723874,0.3083937
0.2415626,0.23650284
0.17476186,0.18406288
0.17270416,0.12772214
0.17064644,0.08996168
0.16858874,0.07467752
0.16653104,0.0632217
0.16447333,0.075942904
0.16241562,0.09527761
0.1603579,0.1354068
0.1583002,0.17783788
0.15624249,0.20651907
0.15418479,0.23947139
0.15212709,0.27593854
0.15006937,0.3131256
0.14801167,0.34627962
0.14595395,0.36556092
0.14389625,0.37864754
0.14183854,0.39029282
0.13978083,0.41077012
0.13772312,0.42408234
0.13566542,0.4161509
0.13360772,0.38980183
0.13155,0.36638045
0.1294923,0.3253124
0.12743458,0.26296562
0.12537688,0.20224555
0.12331917,0.09325016
0.12126146,0.057152282
0.119203754,0.045959108
0.117146045,0.031303816
0.115088336,0.04331553
0.11303063,0.056282125
0.11097292,0.07811567
0.10891522,0.1167618
0.10685751,0.15329327
0.1047998,0.17590868
0.10274209,0.19337629
0.10068438,0.20652229
0.09862667,0.22382852
0.096568964,0.24835345
0.094511256,0.2587233
0.092453554,0.27880362
0.090395845,0.3048115
0.08833814,0.32072756
0.08628043,0.33283916
0.08422272,0.3198729
0.08216501,0.29346386
0.0801073,0.25721297
0.07804959,0.19610158
0.075991884,0.15072419
0.07393418,0.064524315
0.04190693,0.033097945
0.023439225,0.01467368
0.012659701,0.0025357094
0.010044182,0.010272607
0.012846423,0.028945137
0.01690305,0.050578494
0.043379888,0.079979554
0.08119222,0.12516472
0.11463678,0.14604123
0.14450857,0.1683833
0.17473824,0.19276653
0.20861767,0.20968181
0.23863856,0.23445174
0.2699947,0.24067184
0.30660933,0.26359633
0.34915957,0.29681152
0.3786574,0.3043865
0.38099098,0.3209842
0.35970142,0.31152812
0.31907758,0.27879328
0.28935158,0.23890859
0.22852316,0.17073137
0.16469161,0.11389339
0.11110007,0.16038465
0.07750816,0.11176195
0.061434075,0.095504135
0.054126162,0.0923214
0.061872095,0.116609275
0.08870733,0.14790657
0.12301235,0.19340476
0.16959698,0.24916238
0.2143345,0.27010548
0.25807944,0.3014185
0.31139448,0.35534093
0.36707008,0.3867933
0.41684946,0.43410614
0.46819106,0.45802748
0.50818455,0.49690798
0.53621817,0.523476
0.55555964,0.5552018
0.55554515,0.56864667
0.5262573,0.5564604
0.48193172,0.52543926
0.45959517,0.4783158
0.41890237,0.44742996
0.34535125,0.34496823
0.2669667,0.26751482
0.21056032,0.23475316
0.17722654,0.19025762
0.14905816,0.16572133
0.1440226,0.15475214
0.15271336,0.1774489
0.17529579,0.20041317
0.22235763,0.2511381
0.26356947,0.29935798
0.2942279,0.33995962
0.31714195,0.38189402
0.35624978,0.45823553
0.39326447,0.48387748
0.42793173,0.54028964
0.45425475,0.57507414
0.47525975,0.6073224
0.481986,0.63118535
0.48374557,0.64498067
0.4755543,0.6680874
0.44400775,0.6573691
0.41563657,0.61953413
0.4075793,0.57535774
0.388465,0.5473023
0.31051442,0.44633678
0.23895286,0.35961425
0.19336258,0.21261805
0.16269855,0.17563911
0.13418509,0.16253367
0.12743245,0.14896564
0.13476066,0.16586274
0.16141057,0.18648244
0.19345585,0.24426061
0.24472553,0.29414716
0.2858201,0.32652938
0.31724188,0.36110333
0.34518448,0.40071958
0.37384143,0.43107396
0.38981962,0.4570314
0.4057371,0.47377008
0.39231756,0.49057826
0.38870978,0.49821347
0.39529252,0.5089413
0.3824937,0.52309024
0.36670715,0.52715737
0.33915284,0.4982833
0.31770894,0.47853547
0.288923,0.43897504
0.2380546,0.37623218
0.19446874,0.3124932
0.13598968,0.15455505
0.10483952,0.12606692
0.09042756,0.1156641
0.08509678,0.104698196
0.091396876,0.12239228
0.12354207,0.1487493
0.17262794,0.20729876
0.21492267,0.24333921
0.24444395,0.26617336
0.26059958,0.27774218
0.27869788,0.29873937
0.3017444,0.31451738
0.29729053,0.32773575
0.3013484,0.33663088
0.32380217,0.33813182
0.32016414,0.34147877
0.3244488,0.34556612
0.32766333,0.35830677
0.31588912,0.35974792
0.30202684,0.34473476
0.28780457,0.3353069
0.27112535,0.29707935
0.22341917,0.23976968
0.17404053,0.19087452
0.13181072,0.100886315
0.10748111,0.07597583
0.09151745,0.06163282
0.08943725,0.044849683
0.09592075,0.055458456
0.12250591,0.07609181
0.16281949,0.11860764
0.20060329,0.1435946
0.23544206,0.1755449
0.2593578,0.18810329
0.29374313,0.21591718
0.32000998,0.23376566
0.33360347,0.24909878
0.3506642,0.2598781
0.35282806,0.25737908
0.35942775,0.26482698
0.37686366,0.26761824
0.39447004,0.27911878
0.39184436,0.27447087
0.37026885,0.2653533
0.34809417,0.25377542
0.3309171,0.2181465
0.28246436,0.16338804
0.22165677,0.118177325
0.1658452,0.1263245
0.12974785,0.083003804
0.10860232,0.058196835
0.09378507,0.049847085
0.09207796,0.047807172
0.1020847,0.061635867
0.11593544,0.09837228
0.1452833,0.12076031
0.18991266,0.16711187
0.23974402,0.19855817
0.27982607,0.24136084
0.30967635,0.2752039
0.33834118,0.30163482
0.3579296,0.33412543
0.37285045,0.34610546
0.38847476,0.35994944
0.4056251,0.37865078
0.42508417,0.39273244
0.4256235,0.37838113
0.40103805,0.3546993
0.36209768,0.32350427
0.3362503,0.28817528
0.28306267,0.22230552
0.21937111,0.16792752
0.1613145,0.13569461
0.12369747,0.08882834
0.099131085,0.07032503
0.08171371,0.055037998
0.07287562,0.07246718
0.0723781,0.0878087
0.07429887,0.130062
0.11190418,0.17680587
0.1714887,0.21197256
0.23887831,0.24829729
0.3015169,0.29065013
0.3623222,0.33518124
0.40912768,0.3618996
0.44789794,0.39421263
0.4736531,0.42289963
0.5070835,0.44389534
0.53601605,0.47471276
0.5578173,0.48494267
0.55932283,0.46812865
0.5300903,0.44519287
0.48743173,0.41640082
0.45239,0.36557972
0.38047808,0.29493716
0.298228,0.23605531
0.24958329,0.19218838
0.20881471,0.1499002
0.1866843,0.12835316
0.16977285,0.105821915
0.175003,0.12516421
0.2043003,0.17112367
0.24117114,0.21534255
0.28647444,0.25767428
0.33818808,0.3044138
0.3923718,0.33062175
0.45502913,0.36984196
0.50077885,0.41023493
0.54471135,0.44586882
0.5813759,0.49080086
0.59167296,0.50830305
0.5928279,0.5332947
0.5896064,0.54724526
0.5981545,0.5508858
0.5732254,0.54796636
0.51742184,0.51486814
0.48463508,0.47545108
0.4403111,0.44086868
0.3694287,0.3442313
0.29577994,0.28688776
0.23583633,0.23763421
0.1914642,0.1854947
0.15587592,0.16901371
0.14718972,0.15283507
0.15721028,0.17073774
0.17780386,0.1997816
0.20963581,0.25749394
0.27362117,0.31304327
0.302489,0.3480006
0.33555907,0.3840966
0.3702351,0.42141518
0.39456612,0.4537999
0.40208524,0.48685595
0.4127428,0.5094687
0.39878863,0.53460747
0.406148,0.5402467
0.4064469,0.5455891
0.4236854,0.55400395
0.42396733,0.55744374
0.4008333,0.53648573
0.37446043,0.49687877
0.35129505,0.4481877
0.29579833,0.37896758
0.2307087,0.30949774
0.19065623,0.18334833
0.15185446,0.13836679
0.13660532,0.12462291
0.121588394,0.1091489
0.11787231,0.12248041
0.1525884,0.1493517
0.21353826,0.20619512
0.2589945,0.25394374
0.2721484,0.28177273
0.30738807,0.30477345
0.33085233,0.33301848
0.35007444,0.3629616
0.36118403,0.39170545
0.37969092,0.4153666
0.4003456,0.43119898
0.41975355,0.43728715
0.43625465,0.4477308
0.45082986,0.45360288
0.44849873,0.44938356
0.4269229,0.41859215
0.39552334,0.39432147
0.3798057,0.34840772
0.30600175,0.2773479
0.22991002,0.21599759
0.18393211,0.17646697
0.15512797,0.13651463
0.11969247,0.11930417
0.113767736,0.10279558
0.10819037,0.11970726
0.13852802,0.14892253
0.17772721,0.19774947
0.21460679,0.23723564
0.24346939,0.27837616
0.27461305,0.30284062
0.31496218,0.33178106
0.36077663,0.36468822
0.40248108,0.39975023
0.4476645,0.43123448
0.48384076,0.4440092
0.5152134,0.45685327
0.54514796,0.46586508
0.561556,0.47660404
0.5413199,0.47347236
0.5077245,0.43637285
0.4578632,0.41263306
0.42661628,0.36770838
0.34458056,0.29199675
0.26000968,0.23752934
0.20278358,0.20515265
0.15739857,0.15571569
0.12964652,0.14011408
0.11744969,0.12226171
0.11859628,0.13675639
0.14061575,0.16132915
0.18110606,0.20921734
0.22435926,0.2580064
0.26894173,0.2906946
0.31684566,0.32362285
0.3654769,0.36103424
0.3995628,0.39844134
0.4305254,0.43243334
0.4676365,0.46741468
0.48968536,0.49028793
0.4927655,0.5034736
0.5022387,0.51901007
0.5190169,0.53136355
0.51329243,0.517131
0.4768083,0.47923502
0.44233826,0.44863027
0.4103882,0.40110126
0.3446532,0.32392597
0.2766882,0.25867605
0.2104912,0.20033252
0.17546256,0.1510709
0.14243275,0.13299257
0.12251588,0.11527466
0.119512215,0.128316
0.12076748,0.14257006
0.13082759,0.19163913
0.16241682,0.23525573
0.21191113,0.2738273
0.2737148,0.31462434
0.34457287,0.36492148
0.40376312,0.40567493
0.44694474,0.44330332
0.4642179,0.4800254
0.47902885,0.5092806
0.48973995,0.52471423
0.49320298,0.5405261
0.4911709,0.55243325
0.46434548,0.5375106
0.4258386,0.4985685
0.38993427,0.46582964
0.35777384,0.42102104
0.3062021,0.3429589
0.25149602,0.27733037
0.20284098,0.15367278
0.16208799,0.10987803
0.13130726,0.08297074
0.11589991,0.065506615
0.10962518,0.07195571
0.11149696,0.091546945
0.118639156,0.14062966
0.15001348,0.17187102
0.20219506,0.21702458
0.2567435,0.25264674
0.29384884,0.3037671
0.33814728,0.34544352
0.3839558,0.38547394
0.42415792,0.42367578
0.44182256,0.44900545
0.4684329,0.4720618
0.50711864,0.48641923
0.54792345,0.49043465
0.55379343,0.47051212
0.5279126,0.43500927
0.48481935,0.40937608
0.43721047,0.35426512
0.36039338,0.27360448
0.2808456,0.21089399
0.21028996,0.21393147
0.17602623,0.16396631
0.14846423,0.13806596
0.12757997,0.11709021
0.12272798,0.13331497
0.14133988,0.1687989
0.1662743,0.21638396
0.20462789,0.2490288
0.24653885,0.31567633
0.2877262,0.35269412
0.33389413,0.4102395
0.36714935,0.45943326
0.39978087,0.5076524
0.45021406,0.5610294
0.46901092,0.5862873
0.49964204,0.61077935
0.53413236,0.62526625
0.54273826,0.625556
0.5223911,0.61350095
0.4899099,0.5705176
0.44620642,0.5269146
0.40540862,0.48592174
0.3475641,0.3906149
0.27113357,0.31694788
0.21032058,0.22787407
0.1665998,0.17872404
0.14044599,0.15354002
0.123828895,0.14490826
0.12120777,0.15003482
0.12276718,0.17588854
0.13318218,0.23137021
0.16690184,0.2782367
0.22535658,0.3191573
0.29076153,0.36210516
0.3632161,0.41450107
0.42341223,0.45756304
0.47027126,0.508384
0.50497633,0.5450842
0.5183572,0.57338786
0.53361875,0.595094
0.55066127,0.60067916
0.57007927,0.6169479
0.567008,0.60852456
0.53684974,0.56667304
0.47666255,0.51726586
0.42503133,0.4728819
0.3700685,0.380142
0.3088836,0.30584723
0.23360212,0.22668713
0.19291091,0.17486018
0.16925836,0.15087232
0.14761285,0.12999822
0.13937151,0.13951948
0.16736628,0.16720748
0.19755587,0.2191167
0.26986098,0.2599288
0.33673942,0.3225891
0.4176653,0.36423388
0.50926936,0.4170459
0.58254486,0.4790768
0.6328279,0.53444564
0.67772484,0.58686954
0.70331883,0.6085006
0.7340719,0.6419894
0.7533311,0.64960486
0.76322585,0.6599995
0.7598036,0.650397
0.7223341,0.59389573
0.6535928,0.54519755
0.6035275,0.4974051
0.5009435,0.4060277
0.40021434,0.325388
0.31922722,0.30422977
0.26250514,0.24222739
0.22712283,0.22052035
0.20612045,0.19228923
0.19667861,0.21341112
0.21255004,0.22693275
0.25660262,0.27742758
0.31881508,0.31327757
0.39056006,0.3869959
0.47468156,0.4443693
0.56930363,0.51442
0.6397107,0.5846643
0.688801,0.6471133
0.7291721,0.7040238
0.75978416,0.72034365
0.7752799,0.7384421
0.7770339,0.7370988
0.7660402,0.73499364
0.73321337,0.7142213
0.6934118,0.6597894
0.6305816,0.6090845
0.58339185,0.5648506
0.49907276,0.45298326
0.40359896,0.3771413
0.33360836,0.31570795
0.26968443,0.2554372
0.23276441,0.23708886
0.22513625,0.20173642
0.2207963,0.22133315
0.2380231,0.2247719
0.27667806,0.28731394
0.33137032,0.32106102
0.37289262,0.37904108
0.45447087,0.4447299
0.5022418,0.50505936
0.57328904,0.57570577
0.60952044,0.62276113
0.6709452,0.67305166
0.6951035,0.68843865
0.7084622,0.6954363
0.705633,0.6927824
0.70235145,0.6918673
0.6775171,0.66816413
0.63350147,0.62128836
0.5865448,0.5759787
0.53568864,0.5280223
0.44986108,0.43642107
0.37393612,0.35784733
0.29700387,0.28898257
0.22824788,0.23232335
0.18738429,0.20763728
0.1649653,0.17715976
0.14661643,0.19683307
0.14369273,0.20438975
0.14779592,0.25657603
0.18716572,0.29062924
0.25073057,0.35159707
0.3210843,0.40549988
0.38906366,0.47029606
0.45643243,0.53854585
0.506345,0.58279836
0.5505458,0.6254371
0.5819669,0.64784515
0.6095847,0.6621914
0.636318,0.6634227
0.64080393,0.6589804
0.61906534,0.6494057
0.5769491,0.59490967
0.52661765,0.5565452
0.4854945,0.5046534
0.41315892,0.4161754
0.33500713,0.3540367
0.2725591,0.25836307
0.22633307,0.20039268
0.19391486,0.18472634
0.16762073,0.16137215
0.1500511,0.16986638
0.14964372,0.18689299
0.15473965,0.22165635
0.18612745,0.26065314
0.23674719,0.31586015
0.28346795,0.36389282
0.31702346,0.41369167
0.3502108,0.47600996
0.3677601,0.5168884
0.3797464,0.5609527
0.3834798,0.57909465
0.4016873,0.60029763
0.43729657,0.6028992
0.45514584,0.61644775
0.4500807,0.60691255
0.4257147,0.55716014
0.40153313,0.5086687
0.3666548,0.46732357
0.30894467,0.39929557
0.24423063,0.33356893
0.2004626,0.19891751
0.17457357,0.1512304
0.15751266,0.13109915
0.14071147,0.110256575
0.14735772,0.1122532
0.18293549,0.12790108
0.224858,0.16289341
0.2703734,0.18969192
0.30734485,0.24055968
0.3503709,0.28892994
0.4061256,0.3327732
0.4492169,0.3776079
0.4974467,0.41420427
0.5375443,0.45527548
0.5729308,0.47574052
0.59813875,0.49660426
0.6137167,0.5067847
0.64047986,0.52039075
0.6386371,0.49872047
0.60026413,0.4571453
0.529626,0.42588022
0.4783497,0.3810314
0.38209873,0.31308702
0.29618663,0.24545766
0.23178232,0.24024409
0.18831179,0.18987402
0.16069886,0.16547415
0.15552802,0.14682359
0.14867668,0.1547175
0.18133199,0.17786402
0.20760496,0.20396152
0.26585108,0.23970649
0.3057844,0.29752916
0.35802758,0.34146968
0.42794067,0.3937529
0.482067,0.45334566
0.5285997,0.49198052
0.5813993,0.542828
0.61987334,0.57102937
0.64636904,0.58777696
0.6726802,0.60408705
0.6941183,0.61370486
0.6809651,0.58115727
0.64552695,0.5314648
0.57710785,0.49474123
0.5184937,0.4519896
0.41882783,0.36211133
0.3251383,0.28822958
0.2614625,0.27070913
0.21087514,0.22472812
0.17888412,0.20430127
0.17199305,0.17960826
0.1644034,0.20624977
0.1868663,0.21723226
0.22335319,0.25743306
0.28109166,0.29290494
0.33826822,0.35665166
0.3843296,0.3955628
0.4613063,0.46461767
0.52864635,0.5315643
0.6082178,0.56247807
0.6458026,0.6292197
0.6814901,0.6570084
0.70988685,0.6711538
0.73106354,0.68621683
0.7433041,0.6947976
0.71330947,0.6563291
0.6778869,0.60259837
0.6150801,0.57326716
0.55743283,0.53042084
0.47155714,0.42544472
0.37018853,0.3361386
0.28924465,0.29504588
0.23400514,0.23725365
0.21460015,0.22063634
0.19231679,0.19582789
0.19132893,0.21170199
0.21724962,0.23372708
0.26374623,0.28576016
0.32431966,0.32356548
0.38798198,0.38366115
0.45227692,0.432825
0.525907,0.5003542
0.5924686,0.5666638
0.65464854,0.60372806
0.7232168,0.6663348
0.7521499,0.69080263
0.77856827,0.7062267
0.7912693,0.7111565
0.79748046,0.7035984
0.7704955,0.6796947
0.72751087,0.62398124
0.649798,0.57649404
0.58404654,0.5277448
0.4998795,0.41837254
0.41386786,0.33609378
0.33556765,0.3131986
0.27919853,0.2517879
0.24031329,0.22024491
0.21196713,0.19711748
0.2076837,0.21952692
0.22485398,0.24217148
0.25860968,0.29079884
0.31624156,0.3168175
0.36640492,0.38923132
0.42728528,0.44653848
0.48832056,0.5287478
0.54336405,0.6023
0.59304386,0.6531024
0.64133805,0.7137739
0.6733709,0.7264587
0.6821019,0.7444712
0.6628908,0.7365544
0.65196323,0.7337278
0.63930875,0.7123005
0.61242175,0.6602553
0.5566135,0.60353523
0.50635237,0.5572647
0.43228096,0.4461192
0.34566906,0.37751633
0.27265835,0.27115747
0.22613391,0.20921454
0.18817423,0.19025236
0.17085084,0.16439907
0.15702671,0.17826158
0.15802401,0.19210179
0.16502114,0.2359419
0.20658717,0.26941028
0.27702856,0.32489043
0.36046004,0.37732556
0.4491359,0.43171158
0.5320109,0.49330205
0.59695154,0.53697145
0.6349944,0.5869407
0.66648895,0.60775083
0.6858745,0.62108344
0.6872428,0.6286857
0.67260057,0.6294918
0.63104504,0.6153642
0.57526755,0.5623691
0.5296337,0.5148213
0.48746517,0.4658435
0.411368,0.38451615
0.33234435,0.3148232
0.27554423,0.25941953
0.23528035,0.20204021
0.20159955,0.1815935
0.18067172,0.14611802
0.16908301,0.1527155
0.17241654,0.17202072
0.17790431,0.18621685
0.20760426,0.22466215
0.2581048,0.2921048
0.30723724,0.35174456
0.3575682,0.43159512
0.4111848,0.49640906
0.46252462,0.5591712
0.50920725,0.60480833
0.5531963,0.6221484
0.5884542,0.650613
0.624278,0.65116274
0.63674945,0.65091145
0.6137946,0.6304252
0.5773884,0.57301545
0.525862,0.524112
0.48187783,0.47631902
0.40862614,0.39668903
0.32097894,0.34315145
0.25936058,0.2717514
0.21991588,0.21963748
0.18988834,0.19872153
0.16939469,0.17950968
0.17075878,0.19026896
0.20053889,0.20654885
0.24724287,0.2451123
0.2975637,0.27622005
0.35740495,0.33918345
0.41348776,0.39207885
0.47296518,0.44767448
0.53919613,0.5119548
0.5979188,0.5554857
0.6438892,0.6102376
0.6722035,0.6344989
0.6668603,0.65062696
0.65749073,0.659935
0.6310095,0.66585886
0.5893505,0.64186126
0.5320184,0.58612233
0.48561788,0.5449613
0.44710732,0.5041871
0.3642017,0.41075218
0.2964115,0.33611834
0.23911823,0.24678627
0.19870403,0.19447881
0.16969007,0.17434308
0.1587121,0.14896539
0.16478752,0.1568079
0.19313262,0.17188062
0.23508243,0.2055288
0.28203124,0.2354318
0.32584074,0.29142818
0.3662033,0.34961364
0.41828218,0.4003595
0.46467203,0.46947142
0.5089817,0.50637245
0.5516626,0.565073
0.58684665,0.59382087
0.6230317,0.61422116
0.6479197,0.62860936
0.6667079,0.6398934
0.6479771,0.6055836
0.6111549,0.55830693
0.56693035,0.51379496
0.5250302,0.46802127
0.43634108,0.3866786
0.36501944,0.30891904
0.2949424,0.28941604
0.25021452,0.24293149
0.22074643,0.22659338
0.20531528,0.20320882
0.2103288,0.22132114
0.23765647,0.23021059
0.27802274,0.26767105
0.32033566,0.29779422
0.3577845,0.35659093
0.3937648,0.4106429
0.44082594,0.48260865
0.47971538,0.5464732
0.5314894,0.585369
0.5571462,0.6374338
0.60160387,0.6614057
0.6411842,0.67405397
0.67832786,0.67819667
0.6857928,0.6920761
0.678571,0.655225
0.6435252,0.60288537
0.5814203,0.5647831
0.5292072,0.52869487
0.44503412,0.43667522
0.3529885,0.35416573
0.28248253,0.28510642
0.24091038,0.23997323
0.20101401,0.21645531
0.18682867,0.18958807
0.18656547,0.20954457
0.19983084,0.22934265
0.24414645,0.28845125
0.28877163,0.31195137
0.3447981,0.37082434
0.39385667,0.42201212
0.4725634,0.4734973
0.5292909,0.5450681
0.590918,0.5741601
0.6371874,0.6292086
0.6724497,0.6474509
0.6997261,0.6518187
0.7334944,0.6570002
0.74724436,0.66117203
0.7256447,0.64181346
0.68386257,0.5881063
0.63541037,0.55677843
0.5831619,0.52172184
0.48266515,0.42511234
0.37821588,0.34349245
