true,forecasted
0.21065886,0.18736167
0.18353534,0.15240881
0.15547371,0.1347785
0.1520434,0.11662809
0.15217283,0.12430764
0.17766614,0.14539173
0.21742977,0.18895593
0.25584507,0.22303057
0.28458986,0.24597965
0.30005145,0.26575956
0.317068,0.29892057
0.3388231,0.3327603
0.36140305,0.35946718
0.39498085,0.39178512
0.41879106,0.4079933
0.44071573,0.42783797
0.45203325,0.44412687
0.45112664,0.44947973
0.43164915,0.4496177
0.40780583,0.42623067
0.3868446,0.39497682
0.35294357,0.33952296
0.29970548,0.28417453
0.23922852,0.22378927
0.19473968,0.16163526
0.15594542,0.13179308
0.13440055,0.11644634
0.120970316,0.10568295
0.12637313,0.11571788
0.16016997,0.14362064
0.19710402,0.19741504
0.23953784,0.22916201
0.26544443,0.242107
0.27712008,0.25381666
0.2878447,0.27814868
0.30607843,0.30543342
0.3198696,0.32481176
0.33314988,0.34956175
0.35394862,0.36437666
0.3741082,0.38314033
0.38514557,0.39320675
0.39793766,0.4003125
0.39083576,0.39436764
0.3743662,0.37350383
0.36501324,0.34629244
0.33524376,0.2930165
0.28574082,0.24255437
0.2279769,0.187193
0.18907121,0.15861884
0.1632624,0.13123892
0.1399495,0.117909685
0.13258056,0.10535479
0.14186215,0.115554795
0.16911213,0.14187472
0.20538981,0.18656233
0.23518115,0.21830934
0.24589518,0.2398265
0.25760272,0.25959784
0.27512482,0.28387806
0.288192,0.31992096
0.30597177,0.34210292
0.327613,0.3742946
0.33715045,0.39473522
0.35909542,0.4199426
0.37773076,0.43802816
0.38418362,0.4471658
0.36982805,0.44462702
0.3603975,0.41855738
0.34400454,0.38848037
0.32437965,0.33669883
0.2829016,0.27836007
0.22965397,0.21649978
0.18488148,0.21948661
0.1547914,0.18357655
0.13337027,0.16242367
0.12326656,0.1479828
0.11974699,0.14962626
0.13013834,0.16154659
0.13807173,0.19658916
0.16237888,0.23640925
0.193134,0.2707187
0.2259245,0.31438005
0.25754076,0.3589412
0.28781676,0.40393993
0.31758082,0.44806695
0.3473475,0.4778865
0.38297847,0.4992412
0.41501683,0.5111932
0.45625532,0.5276172
0.48681796,0.52957195
0.49300414,0.516573
0.4651457,0.48816258
0.4274024,0.44943672
0.39548725,0.403514
0.34568614,0.3438798
0.28727517,0.27596346
0.23382933,0.18103965
0.19241892,0.14381243
0.1605535,0.1199628
0.14281341,0.100847386
0.13116634,0.1020083
0.12781109,0.113005705
0.13162996,0.1339665
0.15378095,0.16622907
0.19543017,0.20909244
0.24894345,0.26534286
0.30412206,0.32307842
0.36733046,0.38056076
0.42678586,0.43590164
0.48277706,0.4925161
0.519329,0.518687
0.54724,0.556593
0.56710726,0.5812271
0.58231986,0.5932503
0.57984877,0.5844416
0.54770017,0.5583989
0.5224922,0.51220596
0.49342346,0.45213026
0.42982063,0.38260084
0.35848808,0.3065825
0.29806963,0.2877097
0.25933713,0.24667934
0.23762475,0.22006735
0.22599033,0.2040062
0.23204559,0.20877138
0.25582248,0.22683822
0.30042288,0.272162
0.35099238,0.31569946
0.39287856,0.3372768
0.41409478,0.37274194
0.42529678,0.40973672
0.4464882,0.44244406
0.46766138,0.47101042
0.48397592,0.4951989
0.49664462,0.5018151
0.5111601,0.50182825
0.5317067,0.50105125
0.54462844,0.49209434
0.53495854,0.47863227
0.5048414,0.4502
0.4776812,0.4146288
0.442692,0.36903507
0.37200725,0.3123815
0.2993167,0.2548651
0.24376594,0.22486176
0.1960908,0.19349048
0.1773579,0.1699011
0.16409603,0.15153238
0.16272217,0.16119954
0.18328068,0.19149096
0.22307147,0.24132825
0.2601458,0.27314547
0.2824661,0.29047096
0.3130522,0.31702644
0.34391037,0.34064335
0.37481722,0.37515724
0.40444303,0.3983901
0.43494776,0.43627572
0.4674913,0.45383182
0.48108557,0.47912598
0.50471747,0.48758677
0.52123094,0.4897663
0.51010585,0.48982581
0.48561525,0.46076798
0.45781538,0.42372686
0.42381078,0.36419863
0.3539688,0.30148593
0.28256774,0.24219692
0.22589053,0.22781105
0.19043575,0.19554392
0.16863663,0.17502016
0.158291,0.15511489
0.16520883,0.16250777
0.18808356,0.18329972
0.23107132,0.22416063
0.2581999,0.25752375
0.27749485,0.28402698
0.29951492,0.31708404
0.32274646,0.3423905
0.33947387,0.38390085
0.38273114,0.41110933
0.4179681,0.44085824
0.4384271,0.46148428
0.45257482,0.48083055
0.47732264,0.49357238
0.49270657,0.4979316
0.5004995,0.49742427
0.48547238,0.46575594
0.4608505,0.43396494
0.4273882,0.38110927
0.36465496,0.3206175
0.28978038,0.26135635
0.23605615,0.22760727
0.20235361,0.19425023
0.17950296,0.17222026
0.16739754,0.14999884
0.16691601,0.15653571
0.18685235,0.17577302
0.22622046,0.21189927
0.2660701,0.24547645
0.29884547,0.27220082
0.3276331,0.31336668
0.35845667,0.3459227
0.3908774,0.39399126
0.435454,0.42964616
0.4740846,0.4700907
0.5130403,0.4907463
0.54614115,0.51734334
0.57292813,0.53166306
0.5812765,0.5351894
0.5606634,0.53518313
0.5272235,0.49974933
0.4889343,0.46347925
0.45437783,0.40278557
0.38048115,0.33967993
0.30976817,0.2748955
0.3078973,0.24496205
0.30602646,0.20852315
0.3041556,0.18456647
0.30228475,0.16679835
0.30041388,0.16986805
0.29854304,0.18526664
0.29667217,0.22616538
0.29480132,0.26208806
0.29293045,0.28894663
0.2910596,0.317204
0.28918874,0.35124865
0.2873179,0.38512284
0.28544703,0.41476592
0.2835762,0.44444194
0.28170532,0.4639692
0.27983448,0.47623974
0.2779636,0.48590556
0.27609277,0.4892279
0.2742219,0.4866292
0.27235106,0.45673218
0.2704802,0.42598766
0.26860934,0.37278774
0.26673847,0.31476656
0.26486763,0.2566349
0.26299676,0.16595064
0.26112592,0.13492708
0.25925505,0.11710121
0.2573842,0.10232774
0.25551334,0.10432758
0.2536425,0.12190455
0.25177163,0.15262409
0.24990077,0.18161923
0.24802992,0.21122584
0.24615906,0.23413178
0.2442882,0.27025515
0.24241735,0.30213815
0.2405465,0.33784464
0.23867564,0.37665218
0.23680478,0.40272155
0.23493393,0.4309185
0.23306307,0.45014298
0.23119222,0.46641687
0.22932136,0.47085047
0.2274505,0.44431797
0.22557965,0.41411886
0.2237088,0.35711062
0.22183794,0.30469137
0.21996708,0.24309108
0.21809623,0.1403244
0.1777603,0.10639083
0.15115121,0.0890153
0.13226444,0.08058129
0.123417385,0.07932204
0.12130344,0.10370697
0.1250439,0.14377142
0.14871502,0.17750439
0.19300698,0.20631821
0.24230659,0.22114019
0.2897307,0.25612992
0.3340152,0.27823868
0.37452048,0.3131461
0.41352156,0.3473059
0.449235,0.37317395
0.4832614,0.39569074
0.51693285,0.4125912
0.53741693,0.4312027
0.53379816,0.43443656
0.5055811,0.4125864
0.45983052,0.3888994
0.4216534,0.33861676
0.36235946,0.28204474
0.29335055,0.2200687
0.23987864,0.21882011
0.19998102,0.18293223
0.1740413,0.16164999
0.16105677,0.14272642
0.1618174,0.14971174
0.17683266,0.1740621
0.20201948,0.21347229
0.24377468,0.2551843
0.29592746,0.28490454
0.35552752,0.33657745
0.4250943,0.39110553
0.49339575,0.44761255
0.5416744,0.49888232
0.5836429,0.55557716
0.61686647,0.5813104
0.6332732,0.61741394
0.6321197,0.6365569
0.62225777,0.63641334
0.60163414,0.6262094
0.5647091,0.58988875
0.5290978,0.5453125
0.48702064,0.47663575
0.41901174,0.40162733
0.3494257,0.3236474
0.29171067,0.2740406
0.2543083,0.23684138
0.23061779,0.20963958
0.22002275,0.19481286
0.22379053,0.20067129
0.25390574,0.22813566
0.29321906,0.28303963
0.34088647,0.326634
0.37550414,0.34518996
0.40554547,0.3743741
0.4418997,0.413165
0.4750546,0.44539744
0.49930575,0.47573468
0.5063993,0.5078346
0.50775045,0.5231857
0.5056173,0.5306797
0.502425,0.5337931
0.49480152,0.5234505
0.47682697,0.5125866
0.45845562,0.4835079
0.4438789,0.4440744
0.42276892,0.39108709
0.3703496,0.32709113
0.31054166,0.26563224
0.25785965,0.24809806
0.22295548,0.21444696
0.20150363,0.19436368
0.19457486,0.17557442
0.2047549,0.18281636
0.23199919,0.21519378
0.26569816,0.277382
0.29800597,0.30756792
0.32162505,0.32304418
0.34405935,0.32801333
0.3513635,0.34109882
0.35570747,0.34967944
0.3541184,0.34977558
0.35097438,0.36450654
0.34873846,0.3603646
0.3500347,0.3625182
0.35477272,0.35576138
0.36206403,0.35696304
0.3610845,0.3599789
0.35017267,0.35015854
0.3434771,0.32351977
0.32380083,0.280032
0.28114206,0.23978585
0.23097664,0.19612464
0.19464701,0.18769905
0.16977212,0.16027904
0.15753165,0.14712593
0.15009955,0.135995
0.15774807,0.14443816
0.18487522,0.17270377
0.22798537,0.225816
0.25929022,0.25358942
0.28094122,0.26909488
0.29543203,0.27674183
0.30443835,0.28967324
0.3218691,0.31097656
0.34608516,0.31528845
0.3782888,0.3228135
0.37657344,0.3254419
0.36987653,0.33408958
0.372858,0.3353604
0.38326505,0.34697172
0.3782827,0.34225014
0.3779589,0.3336144
0.38090426,0.31257406
0.3614975,0.27254993
0.31685996,0.23154142
0.2699738,0.1875146
0.2365796,0.21807736
0.21162951,0.18617788
0.19695485,0.16799235
0.19032288,0.15103978
0.19892693,0.15773262
0.22353345,0.1714654
0.25922796,0.20822905
0.29878825,0.24396855
0.32864812,0.2714205
0.3625624,0.30149677
0.39625874,0.33165962
0.41508093,0.37157288
0.43264994,0.399075
0.44241035,0.42392647
0.46453285,0.44119462
0.4838089,0.454161
0.49507055,0.46830866
0.49681348,0.473186
0.4787719,0.46561217
0.4573016,0.44037807
0.44159365,0.4090142
0.41867626,0.36112794
0.37301734,0.30691662
0.3223748,0.24914595
0.27905336,0.26857865
0.24617442,0.23291636
0.22371945,0.20727834
0.20775087,0.18512505
0.20365077,0.18625715
0.2077562,0.20048931
0.21093114,0.23658927
0.23778339,0.2771625
0.282072,0.3169963
0.3287595,0.35609207
0.37704873,0.40568343
0.4324212,0.45253512
0.4902204,0.49261972
0.5246147,0.5304048
0.55612916,0.559284
0.5796214,0.5735027
0.58907557,0.5926725
0.59151244,0.5884673
0.5893159,0.5900852
0.5606809,0.55283993
0.51600224,0.5185325
0.47708753,0.46251744
0.4230611,0.39408526
0.36614025,0.32426238
0.30779216,0.28777927
0.26744145,0.24692614
0.23363352,0.21939978
0.21155255,0.19840127
0.20041962,0.1990067
0.19240057,0.21547227
0.19403265,0.25238025
0.22540106,0.2958293
0.2904309,0.34303713
0.3654555,0.39629364
0.43649012,0.46293572
0.4986671,0.52718604
0.5527573,0.58021104
0.58961767,0.6281879
0.6085226,0.6599231
0.63042384,0.6795504
0.64875025,0.6965239
0.6574476,0.6894592
0.658401,0.680092
0.6361986,0.63718206
0.60062176,0.5955905
0.5645177,0.5326199
0.48951527,0.45532304
0.41829,0.37510931
0.35624024,0.34021753
0.31722742,0.29885867
0.28774837,0.26964992
0.27068242,0.24983397
0.2711764,0.25117594
0.2913447,0.27164036
0.331005,0.3158229
0.37898684,0.36127782
0.42811415,0.4048304
0.48826274,0.46389753
0.55106074,0.5227512
0.6106189,0.5845225
0.6508667,0.62997806
0.668171,0.67204255
0.6807042,0.695817
0.7171843,0.709448
0.7357581,0.7169281
0.74885666,0.7038595
0.73366475,0.6887154
0.6963411,0.6427564
0.6436853,0.60215837
0.5837359,0.5447088
0.50069577,0.46741438
0.4150267,0.39002234
0.34664378,0.33355677
0.30426756,0.29641286
0.25588372,0.2672367
0.23844174,0.24821997
0.23554,0.2566662
0.25538644,0.28946948
0.28688732,0.35064512
0.3292097,0.38953534
0.37550598,0.40682322
0.4057188,0.440082
0.45404777,0.46484742
0.51694113,0.4972057
0.56667906,0.51747423
0.6098103,0.5440753
0.6059799,0.55077624
0.6014388,0.55614084
0.6111239,0.5462793
0.6200762,0.5349972
0.60197264,0.5187937
0.57435477,0.48699015
0.5362908,0.44933423
0.49982566,0.3966448
0.42526475,0.33243987
0.35310617,0.2777346
0.298036,0.31075013
0.25728425,0.27435377
0.22634833,0.24635878
0.21079952,0.2246857
0.2131065,0.22884458
0.23265484,0.2438417
0.27073893,0.2827096
0.31240535,0.31788063
0.3471963,0.35279596
0.38919786,0.3989008
0.42837825,0.4349748
0.4775628,0.48526257
0.5188157,0.51715446
0.5464805,0.54789615
0.57388765,0.5643352
0.589246,0.5739574
0.60555816,0.57660985
0.61741483,0.57243496
0.61120516,0.56267506
0.5800783,0.52588457
0.5397791,0.48870647
0.49840504,0.43702778
0.42269483,0.3748094
0.34704542,0.3144809
0.28700545,0.29344735
0.24436659,0.25545925
0.21584696,0.22874662
0.19617076,0.20228541
0.19507821,0.20523566
0.2173157,0.21545453
0.2501844,0.24128743
0.29303336,0.2729788
0.3293264,0.31383407
0.3636686,0.37344408
0.41412768,0.4202896
0.46237284,0.48178682
0.50949526,0.52564204
0.55243474,0.57209617
0.5903322,0.5936711
0.62079954,0.62004715
0.64615345,0.6335108
0.6559259,0.6328194
0.6389795,0.6297744
0.6058484,0.5858684
0.5557981,0.54887223
0.51116264,0.48699442
0.43565628,0.41925105
0.35868084,0.34975347
0.30139652,0.32235366
0.25672495,0.27939832
0.22545364,0.2533048
0.20778392,0.23101994
0.20459747,0.23441413
0.22514199,0.24545272
0.25874624,0.28360906
0.3020709,0.32313222
0.34823647,0.35833037
0.40160528,0.411672
0.46399766,0.4682859
0.5283679,0.5266878
0.58519787,0.57265073
0.6354935,0.6107331
0.6595344,0.62614787
0.6631636,0.63750106
0.6627014,0.64046407
0.6574774,0.6316813
0.62502295,0.6138894
0.58087695,0.5726352
0.54704946,0.53336495
0.51080626,0.47097296
0.4510685,0.4082427
0.38850793,0.3406967
0.33183357,0.3320198
0.28852904,0.2849398
0.25460035,0.2581456
0.23525877,0.23706982
0.22367652,0.23903951
0.22305661,0.24794136
0.22884323,0.28233954
0.259123,0.32447618
0.31770653,0.36157292
0.37883148,0.4168309
0.44525516,0.47912565
0.5177645,0.53763574
0.5820987,0.5863143
0.6334814,0.62413585
0.6698499,0.6388451
0.6883062,0.64917153
0.6977698,0.65122473
0.67562103,0.64194417
0.60617334,0.62248486
0.5710743,0.5808844
0.53790873,0.54166144
0.5084021,0.47998372
0.45982385,0.41869435
0.40226668,0.35118318
0.3489082,0.33086187
0.30469826,0.28671575
0.27290583,0.2586021
0.25456908,0.23111212
0.24615495,0.23070154
0.24578579,0.2378769
0.24999385,0.26290348
0.278077,0.30258706
0.3327328,0.36156258
0.41174024,0.42024305
0.48895216,0.4855511
0.5513792,0.54967195
0.60386914,0.6017152
0.658953,0.6512006
0.6929802,0.68481416
0.72679156,0.7063524
0.7560105,0.7244775
0.7753114,0.7246618
0.7682112,0.7246694
0.7453576,0.67465585
0.7068256,0.6395961
0.6600901,0.5798087
0.5880382,0.502474
0.5115639,0.42796686
0.44307894,0.43815148
0.39793694,0.38915083
0.36301222,0.35936934
0.33910456,0.33318785
0.32944587,0.33750358
0.34186423,0.35508353
0.3669316,0.4019832
0.413822,0.45230293
0.46784738,0.49500632
0.5284051,0.56249714
0.59761286,0.6229777
0.664945,0.69145304
0.72598565,0.73718643
0.7775219,0.7748712
0.8126924,0.78593475
0.8182294,0.7901965
0.78587735,0.7837646
0.7543496,0.76370674
0.72555095,0.7419158
0.6806693,0.6888288
0.62852263,0.64892274
0.57814366,0.5853571
0.50916845,0.5115912
0.4336763,0.4359874
0.37500358,0.37072986
0.3324772,0.32711068
0.3043099,0.29706728
0.28280434,0.27103433
0.2755591,0.2709802
0.27797374,0.2877959
0.28816202,0.32693535
0.329949,0.3685879
0.3989655,0.41903156
0.47633663,0.48845398
0.5512806,0.55749375
0.61746365,0.6304999
0.67056143,0.68752766
0.71475065,0.7381423
0.739691,0.76759577
0.75136876,0.78738296
0.76381207,0.7953034
0.76846296,0.78239465
0.7533385,0.76778144
0.71443653,0.7126693
0.6625054,0.6688943
0.6065665,0.6010367
0.55938214,0.5200629
0.49395403,0.4414447
0.4218613,0.40565646
0.372315,0.35835326
0.33495578,0.3285933
0.31194907,0.30037534
0.30123013,0.301079
0.32497475,0.31209296
0.35535672,0.34846538
0.40370607,0.3930487
0.4678966,0.4475466
0.53823143,0.5205885
0.60643154,0.59601116
0.6743509,0.6729083
0.73249716,0.729504
0.7764193,0.7791882
0.7903184,0.79869336
0.7922829,0.8118298
0.8065503,0.8124507
0.82176745,0.79880464
0.8062664,0.7756651
0.77183646,0.72313946
0.7134379,0.677229
0.6634842,0.61246717
0.58295685,0.53519297
0.49858442,0.45492318
0.42965803,0.44484767
0.37665462,0.39730185
0.3434149,0.3679927
0.32107764,0.34237266
0.3154933,0.34309155
0.33466503,0.35974163
0.36871228,0.40427238
0.42647356,0.44952404
0.48451814,0.49227387
0.57188606,0.5484144
0.62400454,0.6032976
0.6809164,0.6616296
0.7134877,0.70043004
0.73132205,0.73171204
0.75605935,0.74352884
0.76210797,0.7419009
0.778723,0.73408103
0.8015933,0.7153297
0.78859776,0.69932985
0.7482662,0.64933985
0.7032344,0.61288303
0.64817274,0.555208
0.5711532,0.4879042
0.48964682,0.42111152
0.4197182,0.44681945
0.3656244,0.3981225
0.3341884,0.37014392
0.3115224,0.34430614
0.31063604,0.34447822
0.32947037,0.35865813
0.36690423,0.40079832
0.40197286,0.44608927
0.48948258,0.4920817
0.56736135,0.5464307
0.63724935,0.6026653
0.70780313,0.6626094
0.75685674,0.69784355
0.7846177,0.72945285
0.7934601,0.73900336
0.7919706,0.7379357
0.7905274,0.7329077
0.7939981,0.71738195
0.7513249,0.69860625
0.7012813,0.6511894
0.6594693,0.6143606
0.61561376,0.5564357
0.5493954,0.49158898
0.48892394,0.42415917
0.4276403,0.427004
0.3772139,0.3791239
0.33511853,0.3472467
0.3108033,0.32166582
0.29471546,0.32118365
0.29678476,0.33068746
0.30282,0.36512047
0.33563083,0.40611988
0.40598655,0.45253247
0.4926862,0.5202862
0.57462096,0.58094215
0.63925177,0.6505169
0.69366235,0.69629
0.70722955,0.7348748
0.7034527,0.74786186
0.7037099,0.75561816
0.7076356,0.7544649
0.6884073,0.73967636
0.6498475,0.71642697
0.6177128,0.665915
0.5851891,0.6268491
0.5520484,0.56263924
0.49368638,0.49654132
0.43156663,0.4234852
0.37607792,0.3760928
0.33464298,0.3296441
0.29630658,0.30127317
0.27648917,0.28182754
0.27033716,0.28525525
0.26587385,0.2986719
0.26534018,0.3415919
0.29941946,0.37995028
0.353743,0.41417056
0.4197477,0.46076325
0.4852512,0.50501186
0.54493254,0.5519217
0.59729755,0.58285457
0.6418549,0.6107007
0.6538729,0.6202185
0.62622905,0.6214153
0.5956478,0.6201645
0.58401763,0.6138965
0.57885003,0.5866539
0.55922925,0.55224496
0.53074634,0.5156377
0.49784583,0.4632196
0.43630937,0.40303016
0.36924168,0.3423144
0.31630838,0.3234551
0.27448657,0.28251457
0.25312424,0.25336176
0.24317639,0.22809479
0.24389054,0.22731939
0.27130398,0.23735486
0.3079953,0.26801458
0.35306567,0.3003546
0.39133376,0.34645966
0.4233012,0.40232992
0.47367898,0.4541776
0.5343078,0.5098472
0.5770087,0.5511263
0.6250997,0.5975989
0.6520885,0.63022345
0.6779703,0.6537469
0.7048194,0.67522395
0.7136376,0.673092
0.7024619,0.66721356
0.67285424,0.6155343
0.6200143,0.58529186
0.56289494,0.5261868
0.4799462,0.45139825
0.39494622,0.38121635
0.33506182,0.35161597
0.29000384,0.30627304
0.26192352,0.27695376
0.24105434,0.2508402
0.23916605,0.2508675
0.2572084,0.26205724
0.29361495,0.29332238
0.34011284,0.33221787
0.4006976,0.38146648
0.46028307,0.44147527
0.524182,0.5048757
0.579713,0.5708544
0.633211,0.6203228
0.677396,0.6707731
0.70933557,0.70040727
0.7399663,0.72227
0.7612771,0.738907
0.77647007,0.73151773
0.7688257,0.7234146
0.7303715,0.6701121
0.66812,0.6349919
0.6028975,0.56833136
0.51933414,0.49095714
0.43495372,0.41462475
0.3644797,0.3695479
0.3113674,0.32276186
0.27505168,0.29349384
0.25707814,0.26836357
0.25476304,0.27081344
0.27440292,0.28854847
0.3061542,0.33012328
0.35666782,0.37582308
0.42252356,0.42231804
0.49434623,0.48451078
0.5654486,0.5558746
0.631893,0.62709355
0.6850377,0.6822635
0.7270108,0.73726463
0.75972503,0.76616454
0.7888436,0.78794354
0.80506915,0.7973258
0.8172257,0.7836052
0.80458903,0.77042764
0.7776216,0.7136943
0.72219354,0.67274255
0.6576841,0.5996904
0.5680185,0.5172864
0.48097178,0.43704706
0.4132831,0.40615314
0.36183956,0.35647532
0.32974154,0.3260212
0.3070478,0.2971856
0.3056508,0.29783282
0.3256521,0.31408757
0.36081013,0.35425815
0.41516992,0.4028234
0.48149872,0.45897353
0.5528824,0.53000486
0.62929505,0.6084426
0.6994485,0.68552995
0.7674532,0.74627095
0.816587,0.80361134
0.84286267,0.8360037
0.8680089,0.85769784
0.8861814,0.8663872
0.876483,0.85249364
0.84252757,0.84300053
0.8101188,0.78097355
0.7714829,0.74064964
0.7240492,0.6665279
0.6394212,0.5784492
0.556379,0.49514434
0.474661,0.45162654
0.41212562,0.40095538
0.37131009,0.370956
0.34023586,0.34718025
0.33178505,0.3525394
0.35025015,0.37852716
0.37770474,0.43290788
0.4180649,0.48350418
0.46467277,0.514845
0.5080427,0.57463753
0.5657149,0.6233677
0.619186,0.6856683
0.6762487,0.72529143
0.73513854,0.7567368
0.7737346,0.76055175
0.7954007,0.762265
0.8054668,0.74647284
0.77980304,0.72911716
0.7162787,0.69956887
0.67761093,0.6558219
0.6362033,0.612583
0.5974973,0.5438283
0.5372201,0.47666582
0.47245494,0.409321
0.41458732,0.39003226
0.3698687,0.347512
0.3376012,0.31503558
0.31527352,0.28717536
0.3022962,0.28608078
0.30344188,0.3005131
0.3128013,0.33448386
0.3493924,0.369878
0.40776473,0.41708183
0.47292387,0.47494122
0.5349397,0.51756054
0.59369826,0.57563806
0.6522664,0.61139476
0.71016645,0.6503995
0.75040466,0.6748482
0.7732267,0.69117105
0.77324265,0.69899356
0.7600733,0.6936238
0.7473271,0.6891914
0.70604587,0.63541955
0.67377263,0.6041724
0.6242758,0.5451748
0.548159,0.47319257
0.48265713,0.40612087
0.42923227,0.42194834
0.39047277,0.37580445
0.35650456,0.3468452
0.33337703,0.3180435
0.3216014,0.31695116
0.32397667,0.3242343
0.3254796,0.3529064
0.34846157,0.3928238
0.39737552,0.44326487
0.4515749,0.5057944
0.49413022,0.5563958
0.52639276,0.61941314
0.55233383,0.6555575
0.5784689,0.68861425
0.61664045,0.70472157
0.6581621,0.712249
0.69926375,0.71749717
0.7255018,0.70910954
0.7327685,0.69676566
0.7079385,0.6458945
0.6647819,0.6145792
0.6125516,0.55948704
0.5338787,0.49392816
0.4543241,0.42615432
0.38850582,0.42942995
0.3389978,0.38238946
0.3057012,0.3529982
0.2861345,0.32409564
0.28153673,0.32401744
0.3037843,0.33353144
0.33669943,0.36315387
0.38598156,0.4070909
0.44781303,0.4591049
0.51009476,0.5265771
0.5708667,0.5897363
0.637656,0.6637073
0.69805086,0.7134311
0.74403125,0.75541025
0.7757067,0.77587473
0.7994246,0.7878461
0.8062046,0.7926445
0.8085203,0.7799493
0.7824301,0.76777905
0.7479162,0.71110594
0.7011811,0.675623
0.65433645,0.60739905
0.5719869,0.5362806
0.48983154,0.46079466
0.4223866,0.4159784
0.3739492,0.36911872
0.3384055,0.33860442
0.31179065,0.30982572
0.30765387,0.3095943
0.32887357,0.3224315
0.36032513,0.35442877
0.40571967,0.3986811
0.45219266,0.4499549
0.5134089,0.51292735
0.5751213,0.5756323
0.6346951,0.64540994
0.68953466,0.69353294
0.7353758,0.74073726
0.76125145,0.76545614
0.7906221,0.78232193
0.8130592,0.791369
0.8227795,0.78036356
0.8038521,0.7713584
0.7697766,0.7154766
0.7146312,0.68020546
0.6508935,0.61031777
0.5684279,0.53426886
0.47966957,0.45765615
0.41362485,0.4071425
0.36893302,0.363706
0.33379734,0.33284432
0.32173556,0.30487925
0.32632223,0.30790904
0.35141256,0.3301866
0.39149952,0.37202474
0.42707127,0.4125973
0.46578076,0.45620584
0.50797,0.50391424
0.55130816,0.5448018
0.61270857,0.5964607
0.6682974,0.62916744
0.7058555,0.66900885
0.725779,0.6925828
0.7306693,0.707418
0.7369078,0.7143516
0.74763614,0.7093861
0.731503,0.7061621
0.7076011,0.658364
0.66850233,0.6273518
0.62056834,0.56308746
0.5451845,0.48800114
0.47076118,0.4212212
0.40741912,0.4132976
0.35736838,0.3677449
0.32440054,0.33839375
0.3001174,0.31146008
0.29309306,0.3149012
0.3086941,0.33620012
0.3431783,0.3805614
0.39414054,0.42559177
0.4532776,0.469896
0.5205343,0.5270465
0.5866041,0.58132225
0.65804785,0.6459247
0.7107108,0.68957245
0.76322675,0.73422366
0.78986686,0.757648
0.8010119,0.77337265
0.8156182,0.7756236
0.8306949,0.76518536
0.80945116,0.7524825
0.7639398,0.6981038
0.7150717,0.6614113
0.6594384,0.5913737
0.5895645,0.51392347
0.5035349,0.44049966
