true,forecasted
0.12474819,0.124514565
0.08558912,0.082215264
0.06061235,0.039856993
0.04635461,0.040315527
0.049339414,0.057389416
0.07383125,0.06998208
0.117402695,0.097941235
0.15498608,0.10383022
0.17415959,0.18097204
0.18474919,0.18674505
0.19525528,0.29141343
0.21254672,0.3162723
0.23188795,0.35206953
0.2534762,0.3761632
0.28153026,0.4253079
0.3106645,0.45114765
0.3405231,0.47548586
0.36111933,0.47883677
0.35520396,0.46113127
0.3331354,0.4383455
0.31973055,0.40371338
0.29253814,0.3714973
0.22688706,0.3198004
0.15879102,0.23206934
0.10675495,0.107345834
0.06958175,0.07063257
0.048550878,0.048795365
0.03768236,0.035214957
0.040245205,0.050658584
0.067617334,0.07919318
0.1097642,0.107938126
0.14954132,0.13089152
0.16577548,0.20197642
0.1721984,0.17422439
0.1796221,0.2801239
0.19173963,0.30293623
0.20604122,0.32883433
0.22887062,0.33181185
0.26168197,0.39022377
0.28523853,0.41141376
0.30407798,0.41984755
0.31150907,0.41350728
0.29926836,0.40912914
0.28484914,0.39696354
0.2814246,0.3582705
0.26219875,0.34638423
0.20615263,0.29080027
0.14242744,0.2176252
0.09388464,0.09630862
0.062104292,0.06331073
0.038670678,0.010271229
0.026543453,0.02225985
0.0320272,0.020742312
0.056677528,0.06350234
0.0994233,0.13226296
0.13816848,0.16027243
0.16009125,0.18712005
0.1677768,0.19340804
0.17902829,0.2177757
0.19991635,0.2505728
0.2267498,0.2903554
0.23778027,0.29866555
0.23624796,0.3100875
0.24946016,0.33302614
0.26262668,0.36286396
0.27219638,0.3924558
0.26926926,0.38815677
0.25402826,0.3711132
0.24298371,0.32062984
0.2252936,0.30764464
0.18418166,0.22906184
0.12947202,0.15787248
0.0843964,0.08744189
0.05276093,0.047081918
0.033267215,0.0044800267
0.019725569,0.01916327
0.018312067,0.014197752
0.021825403,0.018429853
0.030297179,0.08072177
0.057316106,0.088882975
0.089065544,0.1384672
0.1183511,0.14271428
0.14520347,0.21817887
0.17030388,0.21956438
0.1942845,0.27820468
0.22392763,0.28438044
0.26383117,0.3220182
0.3054795,0.33963922
0.35170493,0.34317163
0.38153425,0.3949167
0.38921148,0.36410677
0.36829942,0.35813403
0.33964092,0.30885857
0.31719792,0.2939119
0.26631144,0.23448169
0.20882784,0.15982015
0.1540093,0.1473429
0.11489844,0.11393791
0.08810629,0.064448625
0.0673398,0.06956479
0.05939933,0.08114393
0.05519966,0.056713976
0.055625536,0.08699308
0.08548946,0.08449488
0.13492692,0.13984598
0.1873328,0.188095
0.24166664,0.24072829
0.29346186,0.30955312
0.3442842,0.36382195
0.39280602,0.38721237
0.44543752,0.41761133
0.46984586,0.47003824
0.50041735,0.44743758
0.5261997,0.48681048
0.51263475,0.46642834
0.4880179,0.44458884
0.46776494,0.42231184
0.44461763,0.38133436
0.38096026,0.30298036
0.30676287,0.2339003
0.24510753,0.20608243
0.20348944,0.17675942
0.17383753,0.12556896
0.16213918,0.11745168
0.16753341,0.13249636
0.19571806,0.14329228
0.24238159,0.18438414
0.29709816,0.22897409
0.3471299,0.286082
0.37859488,0.3339479
0.40798473,0.39294434
0.41857457,0.43903863
0.41950682,0.49711493
0.4301151,0.53459597
0.44063205,0.5536419
0.43609485,0.5763673
0.43384692,0.6369627
0.43143147,0.6106951
0.43265674,0.57970273
0.38585317,0.55289125
0.35369885,0.51549363
0.32852808,0.4827666
0.2592181,0.39151126
0.1885885,0.29512244
0.13042757,0.13411127
0.09223191,0.080606595
0.06878122,0.047928564
0.057687763,0.03866693
0.062562004,0.06387318
0.08392023,0.07553217
0.1255411,0.17617509
0.17156605,0.16692777
0.19730413,0.20072816
0.20303933,0.17196739
0.2246375,0.25227523
0.2387702,0.21332762
0.25532526,0.22950724
0.28817075,0.2661964
0.31563056,0.2729699
0.35360312,0.26809207
0.38840336,0.2894744
0.40918505,0.32346773
0.4088051,0.3045113
0.37915155,0.3294726
0.36511576,0.3044355
0.3473952,0.2743716
0.28010523,0.24357888
0.20518716,0.15027809
0.14683267,0.15714318
0.106593,0.10848964
0.08200173,0.053787686
0.06935012,0.05254132
0.07283139,0.09399286
0.09624263,0.09577505
0.14056224,0.19134548
0.18564315,0.1886525
0.21476561,0.25066477
0.23571758,0.23599596
0.25657797,0.32713184
0.2490712,0.30986935
0.22553793,0.34540036
0.24723552,0.3928543
0.285514,0.40396693
0.30430385,0.40710708
0.3335615,0.46668229
0.36563253,0.46473122
0.36917356,0.46346122
0.35174736,0.45885417
0.3250535,0.4197467
0.30319673,0.39438933
0.23926713,0.34166732
0.1663197,0.23095344
0.115832314,0.12804279
0.07791949,0.07213177
0.0557951,0.03148928
0.04290818,0.023558099
0.048447754,0.04308457
0.070541695,0.085134864
0.102438316,0.14897059
0.14610988,0.16635616
0.174041,0.22716582
0.1924352,0.20625414
0.21106033,0.272511
0.23490736,0.28072694
0.26825392,0.31005183
0.30000222,0.33041212
0.33666304,0.3661355
0.37356517,0.375693
0.40637952,0.40778133
0.43033242,0.43748474
0.4179752,0.42873883
0.38317776,0.4062752
0.35400084,0.36655706
0.32653484,0.34511375
0.2597104,0.28423843
0.18960959,0.19721128
0.18867248,0.13431092
0.18773538,0.08573586
0.18679827,0.06702367
0.18586116,0.055102106
0.18492405,0.06398066
0.18398695,0.083275706
0.18304984,0.13008033
0.18211274,0.15758942
0.18117563,0.20920092
0.18023853,0.2227014
0.17930143,0.26563722
0.17836432,0.30283615
0.17742722,0.3109975
0.17649011,0.34116784
0.17555301,0.37737414
0.1746159,0.3824642
0.1736788,0.41840333
0.1727417,0.4145187
0.17180459,0.4109981
0.17086749,0.39104044
0.16993038,0.3629224
0.16899328,0.33802927
0.16805618,0.2612633
0.16711907,0.19196457
0.16618197,0.13835754
0.16524486,0.08335768
0.16430776,0.046800844
0.16337065,0.039013933
0.16243355,0.06322056
0.16149645,0.06262707
0.16055934,0.093885764
0.15962224,0.09825296
0.15868513,0.15515816
0.15774803,0.17014407
0.15681092,0.22569221
0.15587382,0.2538508
0.15493672,0.2749977
0.15399961,0.3008874
0.15306251,0.327608
0.15212539,0.35090753
0.15118828,0.35093144
0.15025118,0.39383072
0.14931408,0.38382673
0.14837697,0.3597812
0.14743987,0.3546036
0.14650276,0.31353208
0.14556566,0.2631431
0.14462855,0.18772171
0.14369145,0.086399004
0.09807208,0.054540217
0.06835927,0.017773286
0.048092477,0.016674552
0.04066577,0.017415375
0.03221476,-0.008919023
0.033802208,0.057692707
0.05757841,0.04097773
0.09975228,0.07925802
0.14358926,0.10520394
0.18571374,0.15914664
0.22624964,0.17620194
0.26315498,0.19657505
0.29845652,0.22286436
0.33806846,0.26042804
0.3801159,0.28133145
0.42264366,0.2631896
0.44476226,0.3431158
0.44562486,0.3278746
0.41824812,0.3277639
0.38193265,0.2865166
0.35283926,0.24008699
0.29016608,0.20573854
0.21806623,0.13960971
0.15707622,0.14776847
0.11465136,0.084333554
0.08333126,0.028109573
0.072647065,0.030377101
0.074208446,0.050318457
0.086866505,0.0875628
0.11296817,0.15766913
0.15271206,0.17617498
0.20271058,0.23150803
0.25472313,0.2382819
0.31159514,0.28417936
0.36657286,0.32073194
0.4226282,0.37198713
0.46621647,0.40313157
0.49829075,0.4335947
0.541302,0.4576838
0.58652645,0.49890825
0.60275644,0.51747847
0.58483195,0.49227923
0.5433735,0.47106257
0.51125586,0.42871428
0.4815998,0.40952343
0.41062763,0.3087505
0.33291253,0.2155283
0.26579952,0.19281068
0.22059402,0.17062038
0.18702851,0.104539625
0.16819713,0.11400516
0.17347832,0.11454967
0.20163691,0.09287574
0.24066979,0.19324702
0.2847084,0.220994
0.31262153,0.26938337
0.33965635,0.2930382
0.35375792,0.34856617
0.37202224,0.3573045
0.40782923,0.4314848
0.42386636,0.46214512
0.4220976,0.4938946
0.4278773,0.5018597
0.43117934,0.54658794
0.4240913,0.54727
0.4112579,0.5181375
0.39132884,0.50965935
0.38195643,0.44873697
0.3637145,0.42456257
0.30662817,0.3404654
0.23775004,0.24819596
0.18498935,0.15663111
0.14443523,0.1108471
0.114999026,0.073363386
0.099980205,0.099521264
0.10348178,0.089239135
0.1284417,0.10758358
0.1626068,0.1605064
0.20090859,0.17947881
0.22649072,0.21367666
0.24206737,0.23803034
0.25049484,0.26053265
0.25805214,0.2774723
0.25471458,0.31580922
0.25432655,0.3261508
0.24749598,0.33102977
0.24916187,0.33750364
0.25525928,0.3510654
0.2654537,0.3581888
0.2573222,0.33572787
0.24596943,0.33349073
0.2416002,0.31120732
0.22090177,0.3034059
0.17412314,0.22511762
0.124452434,0.16675137
0.086864665,0.10150176
0.05939287,0.04665097
0.047700517,0.014439657
0.040013123,0.022446137
0.05229722,0.043287776
0.080156125,0.0650834
0.12305623,0.09232373
0.16575263,0.09414213
0.18948086,0.12903818
0.20806907,0.13400942
0.2179818,0.17716879
0.22686999,0.18220967
0.22865008,0.17179973
0.23371233,0.19465172
0.23201598,0.18309614
0.23178644,0.18886425
0.23757656,0.19865622
0.2513219,0.23744304
0.24819316,0.22643764
0.24515045,0.21703938
0.24612331,0.22450781
0.2333958,0.20671922
0.19082744,0.16892596
0.14503759,0.0981036
0.10488859,0.114766225
0.077885576,0.05018864
0.061441027,0.018435802
0.05777497,0.023022387
0.06323611,0.041819796
0.08889528,0.05729203
0.13228956,0.106290795
0.17844461,0.126372
0.2185168,0.15614863
0.24250339,0.16248104
0.26214337,0.20504501
0.26982823,0.20569688
0.28699142,0.20949848
0.2999946,0.24490085
0.31763417,0.24725667
0.329112,0.2476583
0.3333691,0.28081548
0.33324727,0.30347776
0.3217342,0.29845595
0.31127816,0.28747392
0.30961272,0.27967364
0.30567443,0.2509163
0.26942474,0.20212117
0.22038777,0.12469326
0.18060581,0.17352432
0.14501268,0.10104192
0.12200678,0.06731553
0.10962579,0.05429544
0.10441796,0.0718816
0.113182954,0.09715627
0.12271157,0.14272884
0.15573978,0.17630689
0.2014978,0.20599449
0.2424042,0.23947963
0.28761706,0.24578926
0.33100396,0.26120237
0.37284562,0.29174256
0.3895338,0.33079645
0.40386233,0.32286188
0.4160108,0.33077192
0.43619707,0.37364498
0.45320567,0.40991467
0.46847504,0.39536428
0.454493,0.36053574
0.42969063,0.36912262
0.41024905,0.3233324
0.35998568,0.2626767
0.303256,0.17626332
0.24407147,0.21725723
0.19086759,0.15315774
0.15742135,0.13990474
0.12810281,0.13074048
0.11399433,0.1449786
0.10550271,0.13124451
0.107862085,0.14248021
0.14967304,0.163957
0.20193544,0.23152871
0.26752284,0.2578706
0.34286726,0.34545422
0.39979625,0.408164
0.44702798,0.43388638
0.485091,0.45880255
0.5019995,0.4995487
0.53497833,0.52939653
0.5589232,0.49591047
0.5947691,0.5178475
0.58734614,0.4740836
0.5776205,0.4669714
0.5381477,0.45793363
0.5062028,0.4127149
0.43805027,0.32977697
0.3591261,0.27040598
0.2984284,0.27597556
0.24827528,0.21307877
0.21522032,0.18240544
0.19965519,0.19441618
0.20178433,0.19055034
0.22559445,0.18733782
0.26445198,0.20763308
0.32168734,0.23342122
0.3682385,0.28809544
0.43205047,0.3431037
0.4894743,0.41570002
0.5598792,0.48266903
0.61332184,0.5453838
0.6285732,0.58102214
0.63008547,0.5943073
0.64154476,0.632145
0.686302,0.61833733
0.7253063,0.61054045
0.6903358,0.54700804
0.61742485,0.5381022
0.5651064,0.5249097
0.51594025,0.49022055
0.43850154,0.37410545
0.36018616,0.30303106
0.28982487,0.2800078
0.23689207,0.22478276
0.19943003,0.18822742
0.17463206,0.19189374
0.17130028,0.21603839
0.19136268,0.19707099
0.2333739,0.24624927
0.27606267,0.28914618
0.3078061,0.372227
0.35051888,0.36319512
0.39486432,0.48732454
0.45608804,0.49228558
0.51654816,0.53999543
0.548768,0.5663463
0.5796592,0.60586417
0.54138416,0.6232538
0.47591096,0.64820224
0.45508704,0.60103416
0.4706113,0.5503436
0.47230282,0.5503892
0.44756296,0.5300749
0.4152769,0.5040692
0.34526747,0.42217582
0.27257425,0.32761344
0.21236055,0.22189704
0.17179099,0.16934678
0.14251488,0.12465263
0.12908398,0.13339368
0.12851852,0.13509814
0.14995012,0.13919327
0.18687601,0.20551313
0.24439721,0.2402143
0.2842816,0.2896589
0.31846377,0.3071304
0.3534617,0.38062197
0.3802972,0.360975
0.39319798,0.43448493
0.40459412,0.46692172
0.4257798,0.4818984
0.45820978,0.49145612
0.4710065,0.5429501
0.48178276,0.5311304
0.47177866,0.495014
0.44589016,0.48051432
0.4273361,0.45640105
0.3984522,0.4161978
0.33146396,0.35113838
0.2543268,0.25436917
0.18931106,0.23242229
0.14021526,0.17463583
0.11184535,0.12120799
0.09686806,0.12494269
0.09970429,0.1157897
0.12055429,0.17156547
0.15551277,0.22434737
0.19927476,0.24999084
0.23151721,0.29965547
0.2586785,0.3228925
0.29164118,0.3675664
0.3294119,0.39255992
0.374075,0.4740645
0.417562,0.48827997
0.45951325,0.500296
0.5032321,0.5386216
0.54613936,0.5591477
0.56773174,0.5890135
0.5554507,0.5569774
0.5202827,0.5171736
0.4723494,0.48017302
0.43750882,0.44944113
0.3609424,0.3748715
0.28181404,0.28435048
0.21506067,0.22604057
0.17114595,0.17447665
0.1391695,0.12254555
0.12317528,0.12410012
0.124711506,0.119517475
0.14419161,0.16880812
0.17914087,0.19914228
0.22835293,0.23398377
0.27715182,0.28508663
0.3255721,0.33291757
0.3755367,0.38594294
0.4269093,0.4516495
0.47656408,0.51341766
0.5210327,0.53476524
0.54397124,0.55754554
0.5600231,0.59616894
0.5608809,0.60769486
0.5137839,0.6365077
0.4466418,0.6124
0.40744305,0.5739354
0.39054656,0.51270705
0.37355617,0.4766104
0.32609487,0.39110336
0.2715693,0.3052526
0.22355251,0.24853244
0.18378393,0.18092844
0.15987277,0.1486533
0.14183454,0.15788412
0.13465607,0.15752794
0.13836482,0.16171442
0.14491832,0.17329866
0.17433976,0.19341876
0.22018199,0.26197907
0.2734689,0.32416016
0.31929985,0.38064286
0.36337537,0.45999244
0.41310513,0.5034478
0.43244842,0.53043056
0.44392022,0.5736203
0.47254804,0.6101433
0.4918466,0.60988545
0.5100087,0.609366
0.49634248,0.5768312
0.4755257,0.54642427
0.45372868,0.4997133
0.42651203,0.46622947
0.3788512,0.3597049
0.3207152,0.29144868
0.2717089,0.2574145
0.23001374,0.21071386
0.20367053,0.18127507
0.18599728,0.16969742
0.17843585,0.16476907
0.17576341,0.16747221
0.17687008,0.18206114
0.20636211,0.21156497
0.25734872,0.27576977
0.31375173,0.33500916
0.3707527,0.42720118
0.4481575,0.492662
0.5078888,0.5380762
0.5629076,0.5780462
0.5839971,0.62564385
0.5772922,0.6611212
0.6108649,0.6804098
0.65709585,0.66940266
0.6438183,0.6413636
0.601492,0.5984154
0.56359786,0.55235445
0.5264673,0.5121303
0.46185303,0.43260002
0.38978338,0.354254
0.32270497,0.30770648
0.2748787,0.27175498
0.24860658,0.22108445
0.23470065,0.21906526
0.2390092,0.21311228
0.24838625,0.21862647
0.27731514,0.25285295
0.33486056,0.32091284
0.3808117,0.3922586
0.42352676,0.45160174
0.4663602,0.5406747
0.5154458,0.6061041
0.564657,0.6957749
0.6153686,0.7109995
0.6760153,0.75834465
0.70562893,0.8032041
0.74675936,0.81862926
0.76736367,0.8136283
0.74521667,0.77587914
0.6715038,0.73688656
0.5999428,0.65747005
0.55716866,0.606377
0.48813,0.5109177
0.4132486,0.4241312
0.34956056,0.3512547
0.29259098,0.2983756
0.25200477,0.26401207
0.22552063,0.2361814
0.21264847,0.22069506
0.21150628,0.23272985
0.21812806,0.30792215
0.25986704,0.34074447
0.32485417,0.40262794
0.40221122,0.4278041
0.47954473,0.48947144
0.5471392,0.5404014
0.5821039,0.60261106
0.60991275,0.62897515
0.6283748,0.6830698
0.66570854,0.710939
0.69516486,0.703503
0.6730587,0.7207033
0.6512824,0.6804378
0.62006634,0.6400589
0.5754994,0.58690107
0.5355119,0.55533713
0.4880825,0.4701076
0.42444104,0.38079345
0.3555168,0.31073114
0.29411337,0.2547073
0.25409794,0.2149646
0.23028712,0.20335515
0.2307446,0.20730737
0.25274786,0.21067874
0.29993415,0.23883884
0.36507055,0.289949
0.4328233,0.356552
0.50655395,0.4045937
0.5828597,0.50914925
0.64655465,0.5588903
0.7013732,0.62433726
0.73063457,0.66422606
0.7354184,0.7025287
0.7223363,0.73412853
0.7016021,0.75231934
0.7390833,0.7356383
0.7595953,0.68026674
0.7377002,0.65502185
0.6869542,0.61760825
0.64675194,0.5610312
0.5560461,0.4750489
0.46353573,0.38594306
0.38874364,0.37376794
0.32664764,0.3042439
0.28527293,0.26146102
0.26434863,0.25487196
0.26190713,0.2549459
0.2820422,0.27280903
0.3194401,0.30267236
0.3997711,0.37003967
0.48230183,0.4466927
0.5548292,0.47781628
0.62820774,0.5643574
0.68236005,0.6050601
0.7190084,0.67783034
0.721138,0.7095388
0.7249139,0.7327434
0.69132876,0.75688034
0.7257204,0.78535926
0.7769968,0.7670466
0.78305125,0.6981424
0.74691206,0.6552924
0.69471776,0.63573563
0.64481753,0.59965724
0.5654889,0.49574035
0.47138485,0.3996769
0.39221427,0.39522728
0.33238745,0.33472842
0.29180428,0.28086612
0.2683838,0.26352775
0.261547,0.25955564
0.27952087,0.29021186
0.3163757,0.3339382
0.38752,0.39619446
0.46493793,0.4535467
0.5414144,0.4984041
0.6220887,0.5635549
0.6867362,0.5985235
0.67963433,0.6756642
0.6381053,0.717149
0.6143411,0.71479595
0.6596732,0.73355657
0.7095721,0.7591743
0.7474256,0.7723605
0.732622,0.7102269
0.67051107,0.652292
0.62311065,0.64187425
0.5889982,0.5914926
0.52511287,0.50559837
0.4524363,0.39561215
0.39096066,0.34335658
0.33956385,0.29341164
0.30003288,0.24672529
0.27175134,0.22967939
0.25706705,0.21920852
0.25390115,0.22351748
0.25948316,0.26494375
0.2969964,0.3083521
0.36139917,0.3585896
0.4419865,0.40418804
0.51643604,0.45949182
0.5883935,0.5097695
0.63914204,0.59490967
0.66321725,0.6132461
0.6843886,0.63208675
0.7112073,0.66955113
0.72333425,0.63688946
0.7165962,0.6797181
0.68662065,0.633713
0.64649236,0.5919806
0.6092668,0.5717635
0.57505906,0.5175608
0.5043706,0.4508524
0.42930996,0.36379886
0.36325377,0.34150416
0.30739847,0.30810472
0.27049956,0.2620603
0.24510777,0.2542129
0.23450063,0.23959069
0.22954704,0.24405098
0.23074529,0.2681506
0.26029247,0.31104863
0.31776083,0.34960938
0.3860629,0.43480712
0.45167127,0.4895984
0.504456,0.5355035
0.55085075,0.6197632
0.58916014,0.64244413
0.60220623,0.6389055
0.5365134,0.68608886
0.4732757,0.6782757
0.4531413,0.7005401
0.44114858,0.6416538
0.43054214,0.61157954
0.41407937,0.58580744
0.39853707,0.5268117
0.339284,0.46078125
0.27449992,0.37587392
0.21600331,0.26361755
0.1776127,0.2184932
0.14892189,0.20907474
0.13662188,0.1841505
0.1410038,0.16838868
0.16639559,0.18188119
0.21170214,0.23090877
0.26553074,0.27792078
0.29868606,0.3057395
0.32020372,0.34057617
0.34706762,0.3993752
0.38860637,0.42440027
0.44883227,0.4814429
0.5032591,0.50883615
0.5508062,0.525704
0.5978956,0.55499727
0.6446371,0.5589845
0.6756536,0.55964345
0.67041254,0.5324967
0.640607,0.5150215
0.5825093,0.49045682
0.52550274,0.44659704
0.43688017,0.38181162
0.3406207,0.30545375
0.26708406,0.2771208
0.21314724,0.25305533
0.17904004,0.22245982
0.16025527,0.19650574
0.15924296,0.16649555
0.17736746,0.20439857
0.22127458,0.21706186
0.2866689,0.27011317
0.34336233,0.33211732
0.39792505,0.362504
0.4476285,0.44932538
0.49655148,0.5112489
0.5468379,0.60441935
0.59180117,0.5872326
0.63313717,0.6373874
0.6716521,0.70161873
0.70922536,0.6583185
0.73955643,0.70848686
0.7343645,0.66919136
0.6957395,0.614321
0.6298753,0.56796944
0.5715298,0.5227971
0.4816568,0.46943665
0.38478482,0.3967221
0.30779642,0.3351745
0.25038782,0.28802577
0.21434966,0.24855429
0.19375457,0.21730684
0.18934242,0.21045303
0.20806284,0.26012737
0.24390097,0.2906808
0.3106075,0.3418444
0.37004584,0.43069637
0.43770906,0.45124125
0.50690347,0.5570366
0.56443805,0.6207076
0.61394036,0.70841
0.6566526,0.72396636
0.702177,0.778713
0.73518515,0.82362425
0.76962453,0.83194554
0.79639935,0.8351035
0.7890045,0.7908169
0.7493598,0.73113734
0.6993276,0.6771339
0.6468652,0.63925654
0.5511142,0.55356467
0.45503074,0.4526094
0.3737241,0.38144964
0.3123057,0.32765123
0.2695276,0.27883306
0.24404216,0.25597945
0.2420669,0.25397134
0.26390755,0.27860954
0.30281606,0.32704675
0.37451497,0.3784982
0.43238637,0.45694393
0.49089402,0.48910713
0.5591753,0.5901591
0.6356827,0.6428499
0.700351,0.73595303
0.75971246,0.76906145
0.79527885,0.80516577
0.82932353,0.84972286
0.8712171,0.86771584
0.89487195,0.86013204
0.87532884,0.8077638
0.839099,0.75065523
0.79866856,0.7099005
0.7604272,0.6652617
0.67855626,0.57617706
0.5984765,0.46440354
0.51690966,0.45645007
0.4506871,0.3839073
0.39309072,0.35321218
0.34949875,0.3251267
0.3293683,0.32402086
0.3348465,0.3709442
0.355233,0.37626004
0.40225598,0.45722032
0.45368114,0.554674
0.5162863,0.59473777
0.56570065,0.69040614
0.63724774,0.74356073
0.6903289,0.845091
0.7447534,0.8509754
0.782529,0.8960078
0.8167935,0.9392691
0.8251767,0.9554812
0.79457706,0.93229675
0.7199245,0.88423437
0.63429385,0.8161419
0.59422725,0.7740185
0.5554908,0.7208262
0.48232606,0.6301418
0.40682083,0.5270633
0.33835405,0.3186585
0.2829417,0.27961114
0.24620406,0.23547247
0.22319193,0.22535084
0.21145806,0.21656314
0.21127234,0.20316093
0.21901742,0.24916853
0.2712858,0.28357995
0.3539397,0.3757342
0.44339398,0.40562582
0.5354231,0.49159354
0.60802126,0.52991974
0.64759123,0.5993571
0.68116343,0.6161889
0.70839965,0.6872357
0.746258,0.71206367
0.77998734,0.7164495
0.80050904,0.72641814
0.77896255,0.7011662
0.7343788,0.6396475
0.71215755,0.5841594
0.6864755,0.5429796
0.62055546,0.47768724
0.5327592,0.39404207
0.43963727,0.40335345
0.37332892,0.33634338
0.32631496,0.27550665
0.2938561,0.26984203
0.27427545,0.27434707
0.26951033,0.28256747
0.26987875,0.30743414
0.2928849,0.3532174
0.33620462,0.4441593
0.3827055,0.51069796
0.42781872,0.57923037
0.4670057,0.63705736
0.47279397,0.7109605
0.49048546,0.75797045
0.5183411,0.7850753
0.5340449,0.8100505
0.5820225,0.85494876
0.646195,0.8481521
0.6719075,0.80284804
0.6498186,0.71460164
0.62077487,0.68962795
0.58253837,0.6422307
0.5173955,0.5464961
0.45512232,0.43075496
0.388431,0.34866598
0.33584705,0.27766928
0.2977093,0.23255166
0.27505797,0.22056143
0.2756285,0.22840114
0.3015267,0.26076934
0.33752608,0.27116388
0.3748933,0.3257755
0.41885164,0.4026109
0.45683783,0.46110934
0.51184666,0.5206713
0.57352185,0.6036738
0.63000214,0.6654408
0.68027335,0.69754815
0.72066,0.7212827
0.75035,0.7588455
0.77294797,0.7796
0.7858836,0.78458935
0.7669521,0.74097127
0.7210873,0.67834795
0.67606145,0.65150416
0.6275058,0.59868556
0.53434366,0.49514312
0.43826714,0.40443534
0.36717984,0.37203267
0.31103408,0.2986228
0.27639166,0.27756593
0.25256076,0.2621211
0.25089443,0.26117343
0.26946026,0.2891122
0.2997399,0.30309823
0.36093456,0.36620373
0.41654715,0.44797507
0.47084293,0.48319316
0.52203625,0.5816518
0.5728699,0.6473981
0.6201995,0.69862235
0.66487277,0.7132057
0.70034707,0.762679
0.7381588,0.79677814
0.7680659,0.7927002
0.785544,0.7921843
0.7639828,0.74946713
0.7148929,0.7011511
0.6623468,0.65116316
0.60587347,0.6005942
0.5143094,0.51181376
0.42073253,0.43401152
0.34796134,0.35086763
0.295878,0.30443144
0.26394168,0.2709723
0.2502976,0.24797206
0.24527295,0.24695614
0.27089268,0.26844013
0.31634134,0.30796725
0.358437,0.3431152
0.3812853,0.41409495
0.3986515,0.44863182
0.42939672,0.5810506
0.4679428,0.6156225
0.52342486,0.6891742
0.591015,0.73388565
0.64582795,0.76002884
0.69040644,0.79819447
0.7323325,0.824482
0.7487415,0.7901876
0.7217067,0.7416618
0.68031514,0.71503145
0.6403052,0.6665852
0.59957623,0.62544113
0.51626736,0.55253613
0.42539635,0.4436853
0.34649548,0.34621242
0.29006872,0.2909616
0.25298664,0.26172337
0.22863623,0.23956488
0.22557437,0.23892047
0.24710424,0.2683213
0.28434667,0.30398044
0.34448445,0.35458437
0.4028913,0.40033406
0.46282148,0.4652741
0.52746624,0.54912573
0.58994913,0.6052796
0.6401719,0.68247545
0.6832086,0.7313018
0.71577007,0.73337924
0.71948,0.77522177
0.7346596,0.8063724
0.7555606,0.7771224
0.7456393,0.72066396
0.7031397,0.7021049
0.65579194,0.6668313
0.60787106,0.61208224
0.5293919,0.5114223
0.44549567,0.41218057
