true,forecasted
0.20570607,0.2176589
0.18211503,0.20096248
0.16668247,0.1805133
0.15974838,0.18003467
0.16134863,0.17648807
0.1759086,0.19359735
0.1964765,0.20550704
0.20404342,0.23504117
0.19176075,0.22646397
0.17500456,0.20402229
0.16331738,0.19411606
0.15579173,0.20598254
0.16999991,0.19390702
0.18633847,0.22336516
0.20705329,0.22961694
0.25440586,0.2685366
0.30628452,0.31851438
0.33732504,0.33922642
0.35291678,0.34863383
0.34869432,0.352553
0.34143302,0.34743962
0.3165832,0.31510645
0.27113846,0.26448026
0.22058637,0.23165512
0.18836273,0.19839534
0.16578974,0.18307611
0.15575242,0.16935015
0.15210973,0.16170265
0.15366478,0.1671401
0.16890867,0.17928383
0.1912542,0.21026498
0.20116179,0.22048157
0.202113,0.23983574
0.17948791,0.2027176
0.17530426,0.18891938
0.15571067,0.18793488
0.15495746,0.2041732
0.17673844,0.22417873
0.21414411,0.23430237
0.24948078,0.24762967
0.2721904,0.32096413
0.28671005,0.32660455
0.31652865,0.3477096
0.32589972,0.35141563
0.32830968,0.35646725
0.31453142,0.33466232
0.27474037,0.30294198
0.2238596,0.2359564
0.19230515,0.20118985
0.17364751,0.18562913
0.15919122,0.16961539
0.15451625,0.17067532
0.15835695,0.17043851
0.16953315,0.18518709
0.19066559,0.20747572
0.19793083,0.22833699
0.18261078,0.24151725
0.16113344,0.19768292
0.15447842,0.18063313
0.15242222,0.16881043
0.17067254,0.16799104
0.20176612,0.17445976
0.21408367,0.17682698
0.25193694,0.23411047
0.2945531,0.2879236
0.32957533,0.27916688
0.34775934,0.3228027
0.34767187,0.35188085
0.3462249,0.31256393
0.3286605,0.30971786
0.29282215,0.279572
0.2461943,0.23204589
0.20949812,0.20606074
0.1817544,0.17866024
0.16705292,0.16602314
0.15684858,0.16785285
0.15603837,0.1757409
0.15724163,0.17614856
0.15581581,0.20558634
0.15782876,0.22824901
0.15945801,0.22858432
0.14310864,0.21418801
0.13938437,0.19461417
0.14118607,0.23851457
0.16602507,0.21003827
0.20069896,0.25043902
0.24934371,0.2999503
0.31568703,0.30070898
0.37357214,0.4034242
0.40760484,0.48209757
0.43280005,0.48036402
0.42083725,0.44403192
0.40477628,0.4929629
0.38267004,0.40101027
0.33696,0.38706535
0.28035673,0.30933583
0.23906614,0.24288973
0.21600771,0.22579467
0.19883585,0.2099059
0.18803503,0.1872979
0.18153036,0.18467969
0.17832789,0.18582997
0.1757096,0.21407753
0.18006226,0.23401397
0.20232968,0.23303288
0.22451453,0.27083656
0.25779107,0.29732025
0.28227928,0.31615934
0.3121755,0.37193987
0.3511878,0.4172647
0.38599485,0.4722843
0.44625258,0.4963612
0.47578278,0.54735684
0.5111715,0.60134774
0.52116317,0.6043408
0.49704835,0.5648481
0.47583976,0.5546625
0.4469301,0.5124515
0.38847554,0.45233834
0.30700037,0.37861252
0.2866467,0.30877617
0.2560798,0.27092078
0.23541854,0.24080282
0.2255247,0.23716435
0.22732148,0.22029462
0.24777637,0.23819551
0.27155954,0.26302657
0.29581237,0.2749736
0.32621762,0.30134335
0.32629278,0.33737913
0.3127135,0.3320998
0.30139828,0.34217137
0.33386904,0.38437074
0.3656151,0.3751629
0.40993914,0.32284474
0.44255486,0.36587656
0.48363614,0.4069466
0.46552092,0.33929303
0.445209,0.3649153
0.42858055,0.42005417
0.4251452,0.40420994
0.4159746,0.37139046
0.32435796,0.33306387
0.29823118,0.26511294
0.24997899,0.24167746
0.2168351,0.22431523
0.19405869,0.1987614
0.18254101,0.19125265
0.18178241,0.19726193
0.19109893,0.20357707
0.21207464,0.2258347
0.21892226,0.251117
0.21421584,0.26926926
0.19368872,0.25452894
0.18051626,0.25038287
0.18232827,0.2571706
0.2035968,0.29774606
0.23484024,0.3044817
0.27011797,0.3484563
0.31871554,0.39218327
0.37072638,0.4254121
0.41711643,0.45620674
0.4387579,0.48752034
0.42287627,0.46400148
0.4081291,0.44480532
0.38589656,0.42945296
0.31523204,0.3965814
0.279209,0.29692927
0.2363044,0.23572692
0.20899893,0.21094087
0.19238572,0.20447502
0.18555236,0.19386742
0.1847058,0.18091929
0.19757117,0.19926444
0.22288382,0.21991274
0.23993334,0.2382653
0.25115573,0.2529419
0.26320943,0.27169308
0.29162726,0.3036744
0.32260537,0.30652556
0.3298318,0.31546777
0.36884853,0.35066327
0.3202308,0.33557424
0.28966686,0.36421868
0.33710688,0.37636733
0.37011763,0.3776666
0.38110712,0.45211017
0.38547257,0.4389571
0.3760037,0.38938767
0.35975015,0.39599493
0.3073266,0.35878015
0.25556588,0.28646562
0.21639045,0.21934912
0.18852831,0.19255477
0.17364211,0.17932475
0.16543353,0.18067798
0.16884676,0.1798658
0.178916,0.1872775
0.19657181,0.21608523
0.20734365,0.22615585
0.20436819,0.252359
0.19199708,0.24991101
0.18615079,0.260678
0.19159272,0.24418846
0.20578468,0.29065558
0.24267298,0.32000124
0.2940441,0.37328428
0.34681597,0.38015568
0.40253583,0.4250968
0.44637296,0.4698452
0.4584355,0.48271674
0.44418067,0.455418
0.42381814,0.49097398
0.39971563,0.45613518
0.34600234,0.38456583
0.27825335,0.31674388
0.27751482,0.2506064
0.27677625,0.2341705
0.2760377,0.19963622
0.27529913,0.20285782
0.27456057,0.1927261
0.27382204,0.2069067
0.27308348,0.2256164
0.27234492,0.25359282
0.27160636,0.28087863
0.27086782,0.2792317
0.27012926,0.3122839
0.2693907,0.31712028
0.26865214,0.33274344
0.2679136,0.36513746
0.26717505,0.36670136
0.2664365,0.3513884
0.26569793,0.40792686
0.2649594,0.3891813
0.26422083,0.46316224
0.26348227,0.4253055
0.2627437,0.3854335
0.26200518,0.4299246
0.26126662,0.40588558
0.26052806,0.26981133
0.2597895,0.19904146
0.25905097,0.18577996
0.2583124,0.1689775
0.25757384,0.17032462
0.25683528,0.16687804
0.25609675,0.17362273
0.2553582,0.20240238
0.25461963,0.20765364
0.25388107,0.21199241
0.25314254,0.20772564
0.25240397,0.20484474
0.2516654,0.20039448
0.25092685,0.23464027
0.25018832,0.2620407
0.24944976,0.29801607
0.2487112,0.33540815
0.24797265,0.39995116
0.24723409,0.40321964
0.24649554,0.40578315
0.24575698,0.41916466
0.24501844,0.4281098
0.24427988,0.36208886
0.24354133,0.3168384
0.24280277,0.25876206
0.24206422,0.20343691
0.21127427,0.19733548
0.18884768,0.18159539
0.17598082,0.17855427
0.1734382,0.17290565
0.16884921,0.18297192
0.16213967,0.20744348
0.16582364,0.21816915
0.17182027,0.23848745
0.17947072,0.22780952
0.1879854,0.23045287
0.20633201,0.2625222
0.23216744,0.2998142
0.2666497,0.31203994
0.31306824,0.34697622
0.37520286,0.39110315
0.44886988,0.44138455
0.4928475,0.47808346
0.49713778,0.49202698
0.4759012,0.47331202
0.4529975,0.4466694
0.42694837,0.42363697
0.37619188,0.36380085
0.3130992,0.3166453
0.2575916,0.2685505
0.2228961,0.24763808
0.20002437,0.22667769
0.1889705,0.21246725
0.1882802,0.20871887
0.19418447,0.20771092
0.20800252,0.24237984
0.22744529,0.25493386
0.24723838,0.29945254
0.2641901,0.31636164
0.2916312,0.3597198
0.31435895,0.37742907
0.3558854,0.39256078
0.39831388,0.4516993
0.43881637,0.4936044
0.4824024,0.5222665
0.52329254,0.5585933
0.5363741,0.60485196
0.54338783,0.55912304
0.5130012,0.55281895
0.4918069,0.50318944
0.46003184,0.46570897
0.39062607,0.44122308
0.3338951,0.347083
0.28608707,0.28080434
0.25493893,0.26697198
0.23550157,0.25690553
0.2265501,0.23094705
0.22670536,0.22413269
0.23999229,0.23580393
0.2580633,0.25662068
0.2796448,0.28434178
0.29695225,0.30579615
0.3175698,0.30825168
0.31312034,0.32558534
0.3180218,0.37430546
0.33109304,0.36298758
0.3361041,0.37811857
0.3456982,0.3824058
0.36335993,0.40297836
0.3801741,0.43053538
0.40173203,0.43890864
0.4057486,0.4389798
0.4025776,0.42755526
0.40508485,0.40282303
0.38679078,0.38497007
0.34342977,0.3497768
0.29448286,0.3102705
0.255133,0.23394334
0.22768359,0.2140472
0.22252367,0.20060176
0.20148951,0.19710633
0.20212282,0.19409493
0.21531789,0.19434148
0.23416959,0.23674595
0.2589845,0.2593053
0.2801101,0.27344623
0.29901877,0.2658392
0.30490485,0.2886415
0.29604036,0.2761027
0.2938402,0.27760896
0.29997882,0.324377
0.29720774,0.31416166
0.29073992,0.31516457
0.29721463,0.34006253
0.30889344,0.33090973
0.31164142,0.3543697
0.3086021,0.33474195
0.31163406,0.30601203
0.3015201,0.3098685
0.26699215,0.28069392
0.23066151,0.22697017
0.20062968,0.21270621
0.18145174,0.19147444
0.1719937,0.17364338
0.16685198,0.17355663
0.17034186,0.17522289
0.18408968,0.18268448
0.2033369,0.2053518
0.2258249,0.22097147
0.24684827,0.22601038
0.2549984,0.21467832
0.2624071,0.23877251
0.26874667,0.2504276
0.26909602,0.24105585
0.2647517,0.25408497
0.26964974,0.2660676
0.27130896,0.25454208
0.2825775,0.2793343
0.30260104,0.28663352
0.31363326,0.32603943
0.31625402,0.32839572
0.32126504,0.32210886
0.31407204,0.30721483
0.2804206,0.27468818
0.24215561,0.21438676
0.20935465,0.21540087
0.18892334,0.19504932
0.1771772,0.18408221
0.17059687,0.1901061
0.17950265,0.17836818
0.18764885,0.19067058
0.21449295,0.21045274
0.24325421,0.23052436
0.25819594,0.24447784
0.27484748,0.24215585
0.26614904,0.27070206
0.28271115,0.26375085
0.2855137,0.269208
0.29090893,0.29631254
0.3385337,0.29070598
0.41326493,0.30423293
0.4043562,0.32215148
0.39612895,0.31187758
0.4116067,0.3709454
0.40930974,0.37557065
0.40606502,0.36740226
0.39546123,0.40230727
0.3659507,0.33112472
0.31666625,0.2559997
0.25764713,0.26093712
0.250291,0.23551634
0.23115039,0.22201443
0.22190067,0.2157568
0.21820836,0.21302417
0.22236252,0.22681716
0.22949216,0.24517894
0.24521509,0.26505488
0.27811235,0.2890563
0.31941128,0.31304643
0.35122663,0.3302393
0.35141236,0.3628369
0.36033973,0.3752751
0.38846228,0.40796617
0.40083978,0.4398002
0.46594593,0.40255967
0.490526,0.5088601
0.5351522,0.5611096
0.55233437,0.59468395
0.53019226,0.5295418
0.5021906,0.53897685
0.48452643,0.5238677
0.44440076,0.42180145
0.35788116,0.37763608
0.33075747,0.31028357
0.29073107,0.28581342
0.26326153,0.23986495
0.24760835,0.24355456
0.23683651,0.23072925
0.22781673,0.24169105
0.23245633,0.26516306
0.2645149,0.28578398
0.30723915,0.312471
0.35585836,0.34531307
0.39829862,0.37397504
0.4414705,0.4126216
0.47320282,0.45062178
0.500923,0.5367141
0.51973635,0.4721203
0.5493245,0.5570637
0.6232622,0.5263373
0.64973146,0.48176545
0.60170925,0.46499407
0.55312246,0.5586
0.5291904,0.48750353
0.50177246,0.478113
0.4463194,0.4502086
0.38041484,0.3500578
0.31186745,0.33528924
0.30027017,0.3261218
0.27753308,0.29221198
0.26396215,0.26530388
0.26069778,0.26654136
0.2805012,0.2686637
0.292691,0.29976663
0.33858037,0.34107772
0.38992643,0.36566615
0.3958194,0.39066732
0.42669484,0.4225499
0.4220523,0.4729215
0.4659646,0.49718496
0.5341288,0.5514887
0.57907724,0.5580832
0.5861745,0.5555314
0.5873276,0.60153794
0.6133487,0.59465194
0.59977436,0.6115973
0.5830349,0.5882355
0.5602349,0.5140246
0.5336959,0.5092206
0.4779456,0.4373665
0.4045041,0.35550016
0.336647,0.34721917
0.31475988,0.3209798
0.27336466,0.31197065
0.2628832,0.3010045
0.25618592,0.2773867
0.2652676,0.28224948
0.28460768,0.30747297
0.30779877,0.36921203
0.34807476,0.38691786
0.3653439,0.4066075
0.36345524,0.4602895
0.3607377,0.47497025
0.36260968,0.5188739
0.39079314,0.5513605
0.42155853,0.5424776
0.48208353,0.5432654
0.5637926,0.5026347
0.58327514,0.4601344
0.5509424,0.4756419
0.50165063,0.4845575
0.47130138,0.44137126
0.447219,0.48641446
0.3621267,0.36294478
0.33484137,0.34160477
0.287819,0.3063865
0.2530429,0.26148167
0.23367335,0.26047012
0.22329211,0.25494426
0.22133614,0.23131838
0.23516108,0.2469236
0.26028013,0.25694215
0.29599664,0.2815354
0.30237797,0.32007772
0.30959457,0.36300063
0.3304003,0.36886585
0.36586764,0.4365042
0.3863034,0.4419493
0.41100138,0.45730746
0.44941574,0.50264287
0.49417263,0.5531874
0.5453767,0.5351165
0.58216524,0.5871854
0.5939089,0.6006362
0.5727627,0.55662334
0.5330012,0.52936584
0.5092146,0.5675983
0.42197812,0.44675678
0.3766169,0.39176917
0.31773242,0.31340387
0.27615982,0.28111708
0.24950929,0.24883577
0.2341691,0.24536982
0.22794989,0.24978796
0.23134446,0.25015724
0.24612896,0.27181044
0.2716288,0.29342997
0.2942308,0.3280716
0.32107833,0.36648804
0.32710055,0.3949924
0.3639495,0.4350709
0.402837,0.4925388
0.44206157,0.5458956
0.48064297,0.61062986
0.52697945,0.6372974
0.576457,0.66789144
0.6131655,0.7231364
0.6140351,0.70591164
0.59285307,0.64178383
0.5551467,0.60995674
0.5187271,0.5790223
0.4592226,0.5081874
0.3596912,0.44103336
0.32071427,0.31915712
0.28389034,0.28411102
0.25504458,0.25035074
0.23781867,0.23681805
0.23257622,0.2311979
0.23950146,0.24333829
0.25058725,0.24939993
0.2779399,0.28220317
0.31458253,0.30129102
0.3498126,0.32882977
0.37828103,0.38083005
0.41837275,0.41782513
0.45690897,0.4391929
0.49049506,0.50345534
0.5311046,0.5432014
0.5837213,0.5498487
0.6175835,0.6176644
0.63857,0.6340369
0.6388771,0.599751
0.5992757,0.57825565
0.5586764,0.5276967
0.52988225,0.50873816
0.47987995,0.45436352
0.40875503,0.394004
0.33498436,0.37304792
0.30614153,0.3257311
0.27805337,0.29260153
0.26051253,0.28721204
0.25161168,0.27384582
0.24871482,0.29117262
0.25193006,0.30560952
0.2806255,0.32969192
0.3228486,0.36415052
0.37242982,0.39960313
0.40424073,0.39084986
0.42576525,0.46308887
0.45281523,0.48985523
0.48546338,0.51748157
0.47918814,0.55958426
0.5146629,0.5762311
0.57150835,0.59946966
0.6164721,0.61223936
0.6118296,0.5912962
0.58339846,0.5979953
0.5555304,0.5310548
0.5396478,0.5478586
0.4980998,0.4756264
0.44697925,0.40597734
0.38016033,0.36737937
0.35818085,0.32357705
0.32768127,0.3047307
0.3120625,0.29924124
0.30255583,0.3115082
0.29987416,0.29360846
0.29812357,0.33062214
0.3286988,0.36412567
0.38261256,0.417176
0.44507682,0.46753502
0.4901973,0.5208347
0.5235495,0.56797093
0.5679635,0.6242742
0.6320245,0.6656885
0.67430174,0.6984961
0.7270048,0.7122898
0.76207864,0.7402913
0.771178,0.79436064
0.76595426,0.7911315
0.74587274,0.7348058
0.7155368,0.7015431
0.6837111,0.6735071
0.62130135,0.5632385
0.5450524,0.49376944
0.4665817,0.46394598
0.41974849,0.41618872
0.3819571,0.38312668
0.35836166,0.36673874
0.35062867,0.34683093
0.35878617,0.3720251
0.37476853,0.39455616
0.43148625,0.45201427
0.50186235,0.5217607
0.5745983,0.5232698
0.57972336,0.61190736
0.63113475,0.6570182
0.6854622,0.6681957
0.71950424,0.7332622
0.7378784,0.73803025
0.77000767,0.7764753
0.83145195,0.80345833
0.8753176,0.8723351
0.88799727,0.82500076
0.84685457,0.74976075
0.80421185,0.6967688
0.7461965,0.6604934
0.6457684,0.5293407
0.55783576,0.55269164
0.49123302,0.48849303
0.4290758,0.4444511
0.39079657,0.397194
0.35754508,0.3894681
0.3376444,0.37304428
0.3275491,0.3890916
0.33275816,0.40749323
0.36683115,0.45756888
0.422776,0.49364364
0.4716237,0.57086915
0.5129516,0.6592821
0.548871,0.7104946
0.59869295,0.73720324
0.6660234,0.7828165
0.67611617,0.8167643
0.7047895,0.8512006
0.742261,0.8980005
0.7923149,0.90123606
0.7688447,0.79839927
0.70969784,0.8036076
0.6637038,0.7606957
0.606509,0.76373196
0.5585462,0.6943306
0.498059,0.56168514
0.43450546,0.44305918
0.3822082,0.4040485
0.34761047,0.37204927
0.32636943,0.35727963
0.31931987,0.35219854
0.32505366,0.36051208
0.35189778,0.37431642
0.410457,0.43061236
0.47193715,0.43763804
0.5266734,0.5237154
0.58511025,0.55655354
0.6397187,0.62462676
0.6882662,0.65662754
0.72213036,0.6936736
0.76638806,0.7086154
0.7896411,0.7516268
0.8155851,0.77511275
0.832017,0.7867192
0.83301586,0.7257527
0.7901157,0.70623356
0.74058753,0.6595117
0.7015084,0.6499971
0.6285617,0.5777899
0.5461594,0.5135158
0.47755694,0.49028572
0.42281336,0.45563933
0.38650337,0.41062814
0.35709897,0.38886145
0.35503194,0.38482726
0.3519464,0.4009295
0.36899054,0.39077187
0.41218695,0.4326208
0.46491167,0.47111472
0.51872665,0.5515162
0.5742318,0.63183975
0.61286527,0.6609403
0.65974224,0.7080076
0.695131,0.7615736
0.7331931,0.7840415
0.7844276,0.7956946
0.82763827,0.8368407
0.8645197,0.8726041
0.8618253,0.858134
0.82179594,0.80900633
0.77429056,0.7515384
0.73308057,0.731743
0.65449584,0.66745293
0.5673552,0.57141125
0.49858767,0.49831367
0.44118062,0.4563697
0.39780337,0.41443434
0.37855762,0.38230005
0.36938605,0.3935495
0.37907007,0.3909035
0.40342072,0.41332927
0.43797716,0.46825302
0.4841535,0.50077784
0.53135276,0.588858
0.57818896,0.6551347
0.62800205,0.69685805
0.6461079,0.7362731
0.671654,0.7655359
0.73919165,0.7875339
0.79048175,0.80263364
0.79694515,0.8163127
0.76600385,0.82251084
0.7392772,0.8245355
0.71531075,0.79463255
0.699411,0.7024548
0.67275745,0.7216708
0.61155295,0.6540957
0.54242283,0.5486292
0.46062487,0.48198062
0.37766883,0.44102567
0.37896544,0.39946315
0.3530347,0.37499797
0.34250608,0.34699148
0.3364544,0.38028783
0.34915224,0.38975266
0.37096515,0.42072576
0.43669826,0.4864527
0.51227504,0.5319601
0.5459933,0.56974804
0.6231242,0.60610247
0.65498817,0.6577679
0.68584985,0.6829368
0.73411185,0.62566143
0.7704941,0.6734196
0.728778,0.6721224
0.6971449,0.6196907
0.6964492,0.6570673
0.6842147,0.66060257
0.65433127,0.6057304
0.6324161,0.62391627
0.57754135,0.57309675
0.5142094,0.46437788
0.43979114,0.46481472
0.37548733,0.4252212
0.37871534,0.3823449
0.3620063,0.36618832
0.35464528,0.35721323
0.34809342,0.360648
0.35450622,0.38327903
0.37351367,0.42618117
0.44509846,0.47373092
0.4975279,0.5110681
0.5139244,0.5700276
0.5407892,0.61349595
0.5545267,0.61550105
0.56567144,0.6736526
0.6174857,0.61526847
0.64745414,0.69506663
0.7240151,0.6683713
0.7382832,0.6412794
0.67662126,0.59514415
0.59194016,0.5763892
0.53894526,0.5532443
0.5070572,0.56482804
0.45264965,0.48321834
0.3890219,0.39893746
0.30691782,0.35973406
0.31513134,0.32787704
0.29246545,0.30326664
0.2820459,0.2734609
0.28458458,0.26830345
0.30414477,0.26970896
0.3207963,0.28565297
0.35817298,0.3091184
0.40537372,0.33699277
0.4078849,0.3708954
0.41538304,0.39831066
0.45115405,0.4358068
0.4953872,0.4538383
0.49584755,0.47553596
0.55519587,0.53068876
0.57713896,0.55097413
0.6658013,0.5860384
0.72805774,0.64066434
0.75893074,0.62370324
0.74283683,0.56266594
0.69245327,0.53693503
0.62942153,0.520086
0.550995,0.45059365
0.4584198,0.40208268
0.38866863,0.37537166
0.34959984,0.3374473
0.31785575,0.30575642
0.29243007,0.28500742
0.28043044,0.2897413
0.28313026,0.27864906
0.3049648,0.30776426
0.34222993,0.34288755
0.38000607,0.3693191
0.40867054,0.4308109
0.43763372,0.46535355
0.47969913,0.51588476
0.51821566,0.5847616
0.5668678,0.6192169
0.611579,0.642973
0.66514784,0.7106403
0.7252965,0.72141784
0.78297675,0.77082574
0.8009219,0.7568854
0.7687666,0.6948428
0.7049197,0.6733538
0.64719033,0.63164824
0.56608266,0.5640634
0.48034278,0.46066672
0.41169807,0.4058822
0.35787967,0.36475727
0.31277934,0.33582535
0.3055937,0.33008957
0.3006087,0.31054467
0.32130876,0.33401257
0.32539073,0.32566303
0.37535223,0.38857794
0.41108933,0.41557685
0.46418008,0.47223818
0.53682023,0.5167656
0.5832329,0.5847974
0.6354476,0.62665784
0.6721605,0.6656649
0.73425287,0.68354326
0.7758407,0.7295527
0.8156951,0.7654397
0.8576485,0.7995858
0.86142683,0.77043074
0.8181331,0.69776356
0.7704155,0.6719073
0.70933425,0.6249045
0.62417364,0.57102394
0.539611,0.5055205
0.4671998,0.4828995
0.41308215,0.43151164
0.37628034,0.40501493
0.35032356,0.3817757
0.35433868,0.3647868
0.3510247,0.3833782
0.37479112,0.3999338
0.4360959,0.4507339
0.48323324,0.45781124
0.53489816,0.5547308
0.58610666,0.5913955
0.64194244,0.6971996
0.6794641,0.7279335
0.7275227,0.7812684
0.773472,0.7975074
0.8073647,0.8409921
0.8531529,0.8709668
0.89524186,0.92057073
0.901042,0.88651067
0.8769124,0.80479324
0.81981885,0.7943915
0.774689,0.7339419
0.69711596,0.65712833
0.6238312,0.56745595
0.5490346,0.5195928
0.5025212,0.4716304
0.48212776,0.44217807
0.46017775,0.4011419
0.45117664,0.3987861
0.46407446,0.4185313
0.46525413,0.44723922
0.504885,0.5296425
0.5471229,0.58223057
0.5763907,0.62291074
0.6260033,0.6950287
0.66265386,0.7122285
0.6925132,0.75903964
0.70000595,0.7831416
0.7039046,0.7755191
0.7196497,0.8738976
0.7681303,0.86431265
0.7947086,0.872221
0.7778517,0.8855018
0.75338954,0.83591723
0.7186734,0.75331306
0.69391054,0.73535746
0.6424117,0.65999514
0.57381713,0.5664975
0.4930008,0.5135778
0.43257257,0.46813223
0.42337692,0.43450654
0.39795372,0.40085495
0.38185835,0.40019554
0.37480047,0.3961789
0.37832227,0.42435628
0.4294207,0.47708637
0.48912868,0.5011267
0.55722404,0.57405096
0.63092154,0.6251335
0.6747405,0.68181145
0.7120818,0.6999792
0.74467194,0.74732566
0.79342675,0.7559728
0.8148122,0.79637825
0.8378682,0.81330854
0.8100326,0.8292622
0.78457844,0.81308925
0.7592373,0.7654127
0.7334201,0.7027568
0.70816296,0.7094207
0.65771896,0.64415365
0.60419583,0.54463714
0.50992846,0.53563637
0.5031708,0.48475605
0.47400808,0.46037954
0.45615527,0.42311114
0.43648404,0.41120636
0.42735273,0.41313687
0.4238078,0.43492022
0.44102684,0.4990728
0.45505962,0.5376244
0.49504718,0.59866583
0.5412122,0.63506657
0.5474476,0.6986718
0.561588,0.65800524
0.597955,0.6242028
0.6215038,0.7217627
0.59569687,0.7308214
0.5741699,0.6986121
0.58195597,0.72670317
0.55520517,0.75801706
0.53300315,0.68789405
0.53720593,0.6607218
0.5186451,0.7253407
0.49571294,0.58615184
0.42726037,0.49792653
0.37492085,0.39439374
0.34439817,0.36257747
0.32457364,0.33116287
0.30889788,0.3119531
0.3259341,0.30587384
0.33373442,0.32929546
0.35164475,0.3445975
0.3952868,0.37048206
0.44045442,0.43529713
0.47834405,0.46265203
0.5254682,0.49521506
0.57399696,0.5508622
0.6242871,0.5824684
0.67278695,0.6410648
0.7173429,0.66177785
0.7715529,0.71485925
0.8125909,0.71823514
0.8434551,0.7499874
0.8387771,0.7331705
0.794686,0.68554187
0.74685735,0.6483391
0.70299864,0.6215086
0.6248605,0.5589691
0.5450647,0.46919757
0.48513076,0.47254452
0.43328205,0.42732787
0.38518858,0.39095718
0.37516305,0.37369072
0.36647788,0.36406755
0.37335595,0.3972047
0.393575,0.4067067
0.43981278,0.46154487
0.4684738,0.51443565
0.51200485,0.5733396
0.5582509,0.61481464
0.6156983,0.66114175
0.6426249,0.72139764
0.68094593,0.76043075
0.7512223,0.7805158
0.7349284,0.82230145
0.7694913,0.8219856
0.81480634,0.8883921
0.8205126,0.8613514
0.7770769,0.7804911
0.7293396,0.7103894
0.66123736,0.711079
0.57265216,0.6566358
0.51110226,0.567275
0.4312632,0.4311841
0.38266906,0.39785615
0.3597487,0.35952356
0.32078847,0.32355994
0.3425149,0.313468
0.35292366,0.33607858
0.37770075,0.34091163
0.40196687,0.3839224
0.44208074,0.4332381
0.47781146,0.43390268
0.4680611,0.44988257
0.4485844,0.51747805
0.42547783,0.5127228
0.4630967,0.51721776
0.5161487,0.59104145
0.57125044,0.6216117
0.6308213,0.6256466
0.6728759,0.658355
0.69601095,0.6484369
0.6822057,0.59427947
0.6484034,0.56855977
0.6010209,0.5721065
0.5290219,0.50229925
0.46208408,0.43333572
0.38568628,0.41050354
0.36256987,0.3845716
0.31640238,0.34597635
0.3063862,0.33062378
0.2986444,0.32772633
0.32662737,0.3426212
0.3296854,0.36630875
0.3773303,0.41827637
0.42084953,0.45999986
0.47134903,0.5168077
0.5130484,0.57997954
0.556264,0.64963615
0.60659546,0.6743685
0.64712304,0.7210952
0.71012235,0.71585435
0.72925556,0.71028554
0.7119393,0.7806738
0.7141286,0.7479787
0.7122921,0.74403334
0.7037312,0.74804157
0.67720056,0.6615081
0.61750734,0.63517034
0.5623196,0.5743808
0.4829704,0.48488927
