true,forecasted
0.12917612,0.11871162
0.10900521,0.08804562
0.096046016,0.067724206
0.08430522,0.058466583
0.07993415,0.06536275
0.102337666,0.07816778
0.12636742,0.11579242
0.16588901,0.15722278
0.19371942,0.200676
0.21749078,0.231526
0.25388137,0.25992104
0.278631,0.27665526
0.28532535,0.29584926
0.30652985,0.31675905
0.32777828,0.3305713
0.32613263,0.3335056
0.32839203,0.3401681
0.36389905,0.34656724
0.35105565,0.34356716
0.3285255,0.3243193
0.2909787,0.2979471
0.25744244,0.2775312
0.21894476,0.2324093
0.17676677,0.17692015
0.13559155,0.122309394
0.10412248,0.09472298
0.093714744,0.076341525
0.0878703,0.0659025
0.094235525,0.07030366
0.11257599,0.08473535
0.1415438,0.11571597
0.17978425,0.15242589
0.2053718,0.19514707
0.23101583,0.229212
0.26064304,0.2568958
0.2708112,0.28171712
0.2764007,0.30088735
0.29224843,0.32687384
0.28717917,0.34411559
0.27144265,0.35658368
0.26932472,0.37045148
0.2657619,0.37912288
0.25198704,0.3719114
0.24514665,0.35299373
0.23460487,0.32837215
0.22058298,0.30223677
0.19443871,0.25422558
0.15437524,0.19493824
0.12574454,0.09405488
0.09740645,0.06942948
0.08917711,0.052298073
0.08884456,0.044087913
0.08628968,0.05011604
0.112257704,0.07107394
0.13959813,0.09828434
0.17842267,0.13180035
0.20141657,0.17162205
0.23511595,0.20404378
0.26379058,0.23032422
0.28322852,0.24788582
0.28363124,0.26365185
0.3037474,0.28097546
0.30417064,0.29343316
0.29839578,0.29996148
0.29205394,0.3150481
0.28832456,0.31806436
0.28032,0.31647527
0.25661308,0.30211392
0.24328026,0.28747097
0.24023141,0.26855326
0.20925745,0.22001803
0.16397813,0.1736789
0.122685984,0.10827739
0.09482705,0.08126456
0.07881044,0.06508958
0.0704345,0.052249603
0.06362093,0.05219999
0.06846316,0.06453404
0.06683863,0.06613305
0.103453964,0.089169405
0.13305323,0.12867476
0.16218817,0.17049965
0.19580941,0.19704801
0.22788711,0.22472641
0.25684524,0.24404612
0.27535683,0.26680622
0.30146515,0.28287292
0.32561755,0.30106536
0.3517065,0.322633
0.35908192,0.33523697
0.3571431,0.33078325
0.3434344,0.3118036
0.31219062,0.30261365
0.29219025,0.28210288
0.25796667,0.23585352
0.20335597,0.19233012
0.16231936,0.15458378
0.13119082,0.122902766
0.104249686,0.09994267
0.08678309,0.083368614
0.078945056,0.0825684
0.074556306,0.08825871
0.07328029,0.09683792
0.094167076,0.124484405
0.1387699,0.16992791
0.1855956,0.21850568
0.2345039,0.26350027
0.28303173,0.30292732
0.3268234,0.3371346
0.36849543,0.37467113
0.4065197,0.40020585
0.40068895,0.42799705
0.3730633,0.45279756
0.34457806,0.47556487
0.3225784,0.46531463
0.31454584,0.43808043
0.3014606,0.4102978
0.28729442,0.37707558
0.26762775,0.3268277
0.21661177,0.26441938
0.18711919,0.16467617
0.15854095,0.1334485
0.14054672,0.11033715
0.13257521,0.096135005
0.14148448,0.10039853
0.18103573,0.113433406
0.2185991,0.1427799
0.24192782,0.17852989
0.28405675,0.21541646
0.3120794,0.24803102
0.3131934,0.28648716
0.30520535,0.31388727
0.30346844,0.33433962
0.29581124,0.36119908
0.28005758,0.37158445
0.27654272,0.38136163
0.26923686,0.3919914
0.26154086,0.40284005
0.24747907,0.39367184
0.22743991,0.36979768
0.21365248,0.34262493
0.21491764,0.30997604
0.18463618,0.26389417
0.138548,0.20821401
0.103048965,0.10534513
0.08488647,0.078989685
0.07704216,0.063285135
0.061208658,0.057450056
0.0685356,0.06252301
0.089800574,0.090336666
0.12420442,0.122973114
0.16185048,0.16312972
0.2008855,0.19663092
0.2227437,0.2265162
0.2439927,0.25356036
0.25761014,0.27592734
0.2780794,0.29363525
0.28120127,0.31427196
0.29310519,0.32476145
0.294019,0.33657312
0.28566188,0.3489945
0.26171142,0.35365847
0.24852349,0.33690545
0.2353829,0.31998882
0.22712505,0.29822865
0.22178997,0.26865393
0.19198936,0.22552687
0.1476381,0.180059
0.124859825,0.1153931
0.104302734,0.08852545
0.09104464,0.07271302
0.08223462,0.06658129
0.09123003,0.06732612
0.12723103,0.08945459
0.16111124,0.112994336
0.18640673,0.14302385
0.21488571,0.16761994
0.23954007,0.19916075
0.25813094,0.22694649
0.2704222,0.2514768
0.2754213,0.26876062
0.282637,0.28355485
0.2847943,0.28647286
0.27945638,0.29795256
0.28077632,0.31094456
0.27974957,0.31707063
0.26581895,0.30262363
0.25988325,0.28858134
0.24921654,0.26956552
0.23981044,0.24108113
0.20460516,0.20520017
0.15429252,0.16677508
0.11116251,0.123105116
0.08859244,0.09689958
0.07687389,0.07874312
0.06594707,0.073875435
0.07672159,0.08056345
0.09327952,0.10749139
0.12956801,0.1398969
0.16792196,0.18429735
0.19217303,0.21830176
0.22245508,0.25233474
0.24404347,0.28163773
0.25255516,0.30790535
0.2659513,0.33177912
0.28405902,0.35785234
0.2950891,0.37108564
0.2992434,0.38972303
0.31042233,0.40849322
0.31202918,0.416801
0.30648023,0.3983212
0.2888197,0.37212983
0.28447372,0.34538934
0.260748,0.3104796
0.22202384,0.26596954
0.18209441,0.2130943
0.18087775,0.14399485
0.17966107,0.118087076
0.17844439,0.1001894
0.1772277,0.09352219
0.17601103,0.10055522
0.17479435,0.12058391
0.17357767,0.15545605
0.172361,0.19087029
0.17114432,0.21579814
0.16992764,0.24326557
0.16871096,0.27139077
0.16749428,0.29463413
0.1662776,0.3116337
0.16506092,0.33049995
0.16384426,0.334741
0.16262758,0.3442711
0.1614109,0.3606188
0.16019422,0.36680117
0.15897754,0.35273933
0.15776086,0.33325726
0.15654418,0.30657995
0.15532751,0.27419302
0.15411083,0.23558047
0.15289415,0.19105923
0.15167747,0.1295262
0.1504608,0.10365831
0.14924411,0.08652055
0.14802743,0.07592418
0.14681077,0.07430459
0.14559409,0.082954034
0.14437741,0.083148256
0.14316073,0.09887972
0.14194405,0.12711713
0.14072737,0.16368873
0.13951069,0.19810216
0.13829403,0.22217232
0.13707735,0.24460623
0.13586067,0.2701124
0.13464399,0.2780388
0.1334273,0.29740587
0.13221063,0.31167668
0.13099395,0.33119187
0.12977728,0.31644246
0.1285606,0.3063018
0.12734392,0.2937259
0.12612724,0.26912856
0.12491056,0.2315529
0.12369388,0.19079432
0.12247721,0.12124504
0.09510655,0.09825357
0.080368236,0.08298524
0.06380746,0.076823466
0.0558291,0.07314083
0.056595165,0.08684249
0.054909024,0.08116454
0.074629314,0.09957733
0.106605485,0.12991126
0.14164591,0.16921249
0.17190914,0.20790477
0.1965943,0.23027197
0.22702807,0.26271796
0.25449,0.28334504
0.2891665,0.30001116
0.3121239,0.31978282
0.34367338,0.339868
0.37498903,0.3604659
0.3827335,0.34357533
0.36748752,0.3291865
0.33384976,0.32329166
0.3181674,0.29484233
0.27475333,0.25257865
0.22502878,0.21308693
0.17148703,0.17695168
0.13417408,0.1442735
0.11343788,0.12118302
0.10205759,0.1102354
0.09868474,0.116468586
0.11317322,0.13791326
0.13878131,0.18171865
0.19068767,0.23556218
0.22812726,0.2761907
0.2770407,0.31670016
0.33915174,0.36098373
0.40236196,0.3957422
0.45371276,0.42990685
0.5140618,0.46107787
0.5708241,0.48029655
0.60798645,0.49101833
0.59219515,0.49812263
0.5907857,0.49564886
0.5723939,0.47640565
0.5646694,0.4461854
0.55101025,0.41106114
0.51535094,0.36865312
0.45872098,0.31721368
0.37881193,0.24721086
0.3058756,0.30456868
0.25898483,0.25626546
0.22117165,0.2231227
0.20495084,0.19964623
0.2046314,0.20146666
0.2295453,0.21757193
0.2584344,0.2524162
0.29807633,0.3066489
0.33591464,0.36557147
0.37049475,0.41595
0.40562072,0.4748704
0.42154494,0.5342173
0.4456882,0.57496405
0.4828848,0.61950934
0.5251557,0.6344237
0.5454949,0.64346755
0.5114339,0.64092624
0.49873826,0.6262017
0.51402074,0.6131495
0.49061787,0.5756399
0.46037632,0.526354
0.44494495,0.4843949
0.39051166,0.42743865
0.3239046,0.3567587
0.26111478,0.28864485
0.23153262,0.24732174
0.2000567,0.22182629
0.17705254,0.2013354
0.17079797,0.20707358
0.19512263,0.23134756
0.23102039,0.26897004
0.2841697,0.3164915
0.3422599,0.36665055
0.39577827,0.40630883
0.44168788,0.4507661
0.4616797,0.49671194
0.48361832,0.52141654
0.52843446,0.553539
0.54078734,0.55494267
0.5529873,0.55730104
0.5426423,0.55864877
0.54825,0.5459411
0.5083069,0.5401562
0.45365116,0.5109061
0.40740725,0.471249
0.3864258,0.43106875
0.31987408,0.37943274
0.25700152,0.32466674
0.2102802,0.23092471
0.16989158,0.19174339
0.14022216,0.16811611
0.12595786,0.15035793
0.13453002,0.15428713
0.15436496,0.17462584
0.18930557,0.20789419
0.2218784,0.24583754
0.25797352,0.28854027
0.28369683,0.3243774
0.30822513,0.36254555
0.31554008,0.39607635
0.33792362,0.42243376
0.37276328,0.45444003
0.3959876,0.4630018
0.4048849,0.47634867
0.41547915,0.48620272
0.40221366,0.49309757
0.37222937,0.4858907
0.34244186,0.45435786
0.3249051,0.41526526
0.30068198,0.38079712
0.26233146,0.33281085
0.21177867,0.28559795
0.16697335,0.17188095
0.14673457,0.13750117
0.123454325,0.11447714
0.1202988,0.097978234
0.12452442,0.097645395
0.14938356,0.10179463
0.17843807,0.116481766
0.22480346,0.13927522
0.2636976,0.17681192
0.28920415,0.2157295
0.3222407,0.2502008
0.367629,0.27769408
0.40272075,0.30272433
0.4143697,0.33139795
0.40068153,0.34486488
0.4189929,0.36198518
0.42651835,0.37789294
0.43629295,0.3989345
0.44919452,0.38942376
0.42044175,0.35660934
0.3868827,0.33154258
0.37289333,0.30543056
0.33099368,0.2655851
0.26604027,0.22050962
0.23078936,0.2201225
0.2029236,0.18493667
0.18472117,0.15655966
0.16719069,0.13998926
0.15872462,0.13345957
0.16579431,0.1331995
0.17461574,0.14497408
0.2010515,0.16363391
0.22545545,0.19783333
0.27340716,0.2370496
0.305648,0.28099746
0.33409047,0.31073564
0.34916133,0.34341368
0.36924896,0.37374642
0.39242938,0.3894733
0.4055768,0.40609106
0.4249862,0.41733232
0.43686792,0.43376988
0.4501374,0.42096862
0.42308846,0.38768825
0.3890149,0.3628421
0.3712534,0.33301958
0.33170328,0.2913428
0.28326502,0.24034175
0.22882886,0.24350235
0.19607465,0.20611092
0.16745992,0.17331779
0.15113758,0.15520418
0.1478326,0.15004797
0.1416847,0.15044528
0.14232926,0.16908489
0.17197645,0.19320905
0.22769603,0.23440522
0.2981659,0.2777759
0.3670084,0.33235362
0.41520366,0.36585736
0.46834612,0.40400735
0.5248369,0.44210017
0.56149274,0.46177965
0.6069865,0.47408333
0.59769905,0.47810894
0.5997081,0.4890351
0.57342744,0.48166913
0.5645855,0.4502343
0.5386431,0.42131504
0.51867247,0.3886682
0.46819267,0.33552605
0.39724022,0.27307755
0.32787126,0.30827552
0.28239113,0.25756335
0.25056955,0.22200032
0.23010488,0.19932061
0.23908202,0.19189347
0.26287106,0.20033395
0.29310292,0.22362067
0.34419474,0.2607057
0.38350755,0.31869692
0.4323069,0.37317613
0.4843068,0.43949372
0.5079573,0.4981212
0.55160576,0.5438208
0.6048475,0.58829117
0.5940382,0.608906
0.51805866,0.6229414
0.46819153,0.622894
0.4720772,0.61560774
0.4735631,0.60234535
0.43954885,0.56826764
0.41163173,0.5252328
0.38728768,0.48716563
0.3423158,0.42530322
0.2757567,0.35604158
0.2203474,0.24468447
0.17731722,0.20719713
0.15461765,0.18094459
0.13684818,0.16348523
0.14654975,0.16480322
0.17777297,0.18240556
0.22003254,0.21367143
0.2570694,0.24779126
0.2949887,0.29020542
0.3207719,0.32626656
0.33550966,0.37053552
0.35305497,0.40679973
0.36248502,0.4319467
0.37175593,0.46267423
0.3681515,0.47250754
0.3783921,0.48250255
0.33717924,0.49240583
0.3237067,0.49183038
0.3464992,0.48508278
0.3409548,0.46026635
0.33033144,0.42726484
0.3139241,0.3911224
0.27655128,0.33846843
0.23241562,0.28361094
0.18980297,0.17606102
0.16121162,0.14131217
0.14119756,0.1211178
0.13126898,0.11287054
0.13255468,0.111262955
0.15253165,0.1367656
0.1916956,0.17336188
0.24521281,0.20758623
0.27192238,0.24261326
0.2888465,0.27682287
0.3132248,0.31092343
0.32066694,0.33922884
0.33261767,0.36328018
0.35316107,0.38334364
0.3740581,0.3973958
0.3965677,0.41124976
0.37165782,0.4266488
0.3710874,0.42774907
0.34495682,0.409269
0.3560502,0.38020715
0.34241563,0.35527807
0.33119732,0.3184003
0.28457296,0.27118823
0.2294044,0.21770045
0.16151337,0.18805702
0.13633253,0.15331426
0.116066344,0.12877493
0.08995059,0.1182639
0.091612205,0.12314392
0.11591177,0.14392744
0.14956951,0.18083315
0.18777914,0.22318298
0.21881014,0.26509392
0.25484422,0.31021926
0.29300252,0.35226053
0.33778104,0.38703802
0.37178445,0.42459208
0.4193688,0.4588392
0.4620562,0.48417932
0.46221074,0.5029688
0.48841608,0.523087
0.51382965,0.52993196
0.4944533,0.50831103
0.49843934,0.46801823
0.46625784,0.43203858
0.41966087,0.392777
0.35431498,0.3391274
0.2995657,0.2755649
0.2460519,0.2443788
0.20314091,0.20488167
0.16510753,0.174848
0.15212211,0.16181634
0.14945999,0.16409291
0.1700821,0.1779136
0.19859017,0.21018149
0.24893646,0.25162634
0.30528978,0.29865742
0.38294685,0.34752724
0.42176738,0.4005218
0.45504695,0.4447042
0.46774432,0.48937237
0.49085003,0.53119504
0.47630793,0.5553922
0.47208402,0.57441986
0.4935606,0.5885508
0.51416165,0.58866423
0.5120888,0.56678474
0.46870092,0.52677494
0.4671511,0.48527044
0.4588111,0.44368657
0.4069207,0.38916072
0.3379647,0.31814596
0.28103584,0.28396875
0.23785906,0.24217777
0.20690621,0.20749444
0.18885095,0.18545127
0.19514145,0.18215787
0.19315071,0.18513812
0.20718971,0.1989063
0.23092969,0.22363725
0.26677325,0.270485
0.32798362,0.3239026
0.42529368,0.38476717
0.5165859,0.43353847
0.5156196,0.47972324
0.4764591,0.52858114
0.50642055,0.5539986
0.50976944,0.5759883
0.5275087,0.5941675
0.50141007,0.60022634
0.5253634,0.5886422
0.49291492,0.5489114
0.4406452,0.5080059
0.4198645,0.46812654
0.38207868,0.41211107
0.33854252,0.346883
0.28940436,0.2661547
0.2500847,0.22470857
0.21838291,0.1919528
0.1944678,0.16938715
0.18736103,0.16258341
0.19020055,0.16690084
0.19537304,0.17488189
0.21536028,0.19245845
0.2396667,0.2393336
0.27418178,0.29660597
0.30862042,0.35716853
0.3354235,0.4052287
0.35881385,0.4524659
0.36836255,0.49632698
0.39228392,0.5273798
0.39203122,0.55470955
0.4030533,0.5812999
0.4492835,0.5922079
0.48572314,0.5761936
0.47040987,0.53446925
0.44468656,0.49971023
0.38533172,0.46359885
0.32720673,0.4033393
0.27064124,0.3424939
0.22900455,0.23300046
0.19008304,0.19357541
0.16381213,0.16724731
0.15106799,0.1501553
0.15930359,0.15475254
0.18278575,0.17801425
0.20869559,0.21361071
0.24282621,0.25597313
0.28670803,0.30435985
0.32046902,0.35322532
0.3557764,0.40377197
0.37271193,0.4465888
0.3851435,0.48509154
0.39599615,0.51987725
0.36778414,0.54323727
0.3993947,0.5585787
0.41913778,0.57498324
0.4336428,0.5713555
0.43404552,0.5466515
0.46177667,0.5040271
0.4360699,0.470669
0.41363558,0.43022844
0.37559593,0.36820313
0.31813547,0.3026478
0.26020098,0.271029
0.22224118,0.23209937
0.1969086,0.20715566
0.17555007,0.19022322
0.17451991,0.19293265
0.18641815,0.21476725
0.19280106,0.2503022
0.21190359,0.29216355
0.2532026,0.33178595
0.3060393,0.37826458
0.36431718,0.42883694
0.4003313,0.47658637
0.45813346,0.51461464
0.5045188,0.546336
0.53364176,0.56242806
0.52203786,0.5737337
0.5626769,0.5823403
0.583457,0.572709
0.58236927,0.5432581
0.5568627,0.50230795
0.53503984,0.47082654
0.4993623,0.42324623
0.45788532,0.3709273
0.4063018,0.30549842
0.3413946,0.32812467
0.290981,0.28159523
0.2507521,0.24792181
0.22784033,0.22702141
0.2212093,0.22478439
0.24055198,0.23863749
0.28636464,0.26082227
0.34746948,0.29619202
0.42104754,0.34389052
0.5010912,0.40091956
0.582562,0.46522647
0.59858036,0.52685344
0.6546097,0.5758508
0.6893854,0.61928326
0.73419356,0.6374475
0.7667305,0.652244
0.79172367,0.6584406
0.80470055,0.64576566
0.80191636,0.61854607
0.7591109,0.5715954
0.6975805,0.533717
0.6839106,0.4840691
0.61846834,0.42773768
0.53249294,0.35552046
0.45130107,0.4420629
0.38966116,0.3784534
0.34352908,0.3347382
0.31196076,0.30687907
0.2878996,0.29732272
0.29187995,0.30450672
0.3336712,0.3234799
0.40163296,0.36797568
0.487824,0.43744916
0.57829595,0.5090455
0.6560294,0.5898162
0.7184559,0.66774154
0.7767327,0.7312587
0.7822748,0.7832951
0.80635756,0.80645496
0.82351613,0.8198147
0.83748955,0.8182169
0.8313878,0.7935885
0.77569735,0.765233
0.7451883,0.7180533
0.6902485,0.66324276
0.6352048,0.6185408
0.5692555,0.5482762
0.4929092,0.4674414
0.42584297,0.42628166
0.37002414,0.3648475
0.33759052,0.32393616
0.3125551,0.29598045
0.3069679,0.28920808
0.32978955,0.2997659
0.3557011,0.3229974
0.40622252,0.3677667
0.4579378,0.4348534
0.50600415,0.4979861
0.54675555,0.5702266
0.57101804,0.634135
0.622281,0.6877151
0.68137056,0.73611546
0.7115859,0.75389117
0.7355654,0.76630235
0.73787105,0.7670191
0.7312126,0.74930227
0.70527995,0.7219517
0.6571383,0.680752
0.5889672,0.62740695
0.52808595,0.58762485
0.47466743,0.51481855
0.40716028,0.44323632
