true,forecasted
0.20570607,0.18684828
0.18211503,0.16519612
0.16668247,0.15568614
0.15974838,0.14640018
0.16134863,0.14458086
0.1759086,0.16423227
0.1964765,0.19028494
0.20404342,0.19521992
0.19176075,0.18583654
0.17500456,0.17026415
0.16331738,0.14860627
0.15579173,0.13866241
0.16999991,0.14069776
0.18633847,0.15224051
0.20705329,0.18106368
0.25440586,0.21534902
0.30628452,0.25808972
0.33732504,0.2937559
0.35291678,0.31351256
0.34869432,0.316718
0.34143302,0.30671987
0.3165832,0.2813262
0.27113846,0.24694446
0.22058637,0.20477337
0.18836273,0.17872572
0.16578974,0.15610383
0.15575242,0.1470354
0.15210973,0.14033948
0.15366478,0.14142032
0.16890867,0.16002363
0.1912542,0.18558156
0.20116179,0.1961089
0.202113,0.19334967
0.17948791,0.18010326
0.17530426,0.17286733
0.15571067,0.17538293
0.15495746,0.18790072
0.17673844,0.20319816
0.21414411,0.23365793
0.24948078,0.26189354
0.2721904,0.30527675
0.28671005,0.34028476
0.31652865,0.35124183
0.32589972,0.34324947
0.32830968,0.33090785
0.31453142,0.30244496
0.27474037,0.26306126
0.2238596,0.21772406
0.19230515,0.17984414
0.17364751,0.16062571
0.15919122,0.148436
0.15451625,0.14152192
0.15835695,0.14404762
0.16953315,0.16029766
0.19066559,0.188159
0.19793083,0.20588805
0.18261078,0.20475002
0.16113344,0.18878841
0.15447842,0.18665078
0.15242222,0.1812215
0.17067254,0.18686877
0.20176612,0.19444785
0.21408367,0.22197959
0.25193694,0.25182146
0.2945531,0.29174757
0.32957533,0.3224883
0.34775934,0.34071022
0.34767187,0.3379969
0.3462249,0.3229125
0.3286605,0.29365897
0.29282215,0.2569689
0.2461943,0.21529454
0.20949812,0.19190684
0.1817544,0.16901748
0.16705292,0.1629629
0.15684858,0.15267256
0.15603837,0.15520304
0.15724163,0.16688253
0.15581581,0.18196034
0.15782876,0.18355863
0.15945801,0.1761068
0.14310864,0.16490225
0.13938437,0.15949345
0.14118607,0.15956138
0.16602507,0.1821213
0.20069896,0.20706216
0.24934371,0.23461539
0.31568703,0.2740376
0.37357214,0.32472974
0.40760484,0.37215877
0.43280005,0.38182366
0.42083725,0.38281348
0.40477628,0.37148815
0.38267004,0.35103095
0.33696,0.29539484
0.28035673,0.2525544
0.23906614,0.21896961
0.21600771,0.1942692
0.19883585,0.18349001
0.18803503,0.16670595
0.18153036,0.16843463
0.17832789,0.17948884
0.1757096,0.19575517
0.18006226,0.20882362
0.20232968,0.21460305
0.22451453,0.22115171
0.25779107,0.22961834
0.28227928,0.24990357
0.3121755,0.27759725
0.3511878,0.31922773
0.38599485,0.3589701
0.44625258,0.40730625
0.47578278,0.46015984
0.5111715,0.49659455
0.52116317,0.5012268
0.49704835,0.484523
0.47583976,0.4582279
0.4469301,0.42510334
0.38847554,0.36265987
0.30700037,0.30857882
0.2866467,0.2565087
0.2560798,0.23904161
0.23541854,0.22731498
0.2255247,0.21182473
0.22732148,0.20695311
0.24777637,0.22239268
0.27155954,0.25160086
0.29581237,0.26443636
0.32621762,0.2736804
0.32629278,0.28202808
0.3127135,0.29894796
0.30139828,0.3163082
0.33386904,0.33301473
0.3656151,0.3509042
0.40993914,0.36889225
0.44255486,0.37800682
0.48363614,0.38050902
0.46552092,0.38416773
0.445209,0.37373042
0.42858055,0.36358783
0.4251452,0.34232715
0.4159746,0.3187302
0.32435796,0.27180317
0.29823118,0.22891757
0.24997899,0.22452155
0.2168351,0.19370368
0.19405869,0.18131977
0.18254101,0.1682901
0.18178241,0.16392416
0.19109893,0.17576005
0.21207464,0.19623533
0.21892226,0.21371366
0.21421584,0.22241764
0.19368872,0.2189355
0.18051626,0.21598014
0.18232827,0.217528
0.2035968,0.23183672
0.23484024,0.25542074
0.27011797,0.29096454
0.31871554,0.33366328
0.37072638,0.37983412
0.41711643,0.41487864
0.4387579,0.4307934
0.42287627,0.40941516
0.4081291,0.383817
0.38589656,0.35897142
0.31523204,0.31338722
0.279209,0.26306203
0.2363044,0.22173631
0.20899893,0.20260204
0.19238572,0.19117598
0.18555236,0.182632
0.1847058,0.17917371
0.19757117,0.19379608
0.22288382,0.21361125
0.23993334,0.22733103
0.25115573,0.236038
0.26320943,0.23925583
0.29162726,0.25636965
0.32260537,0.2646727
0.3298318,0.27862942
0.36884853,0.28751004
0.3202308,0.29681188
0.28966686,0.30907395
0.33710688,0.32553267
0.37011763,0.33558536
0.38110712,0.3442018
0.38547257,0.34354562
0.3760037,0.32538578
0.35975015,0.30470404
0.3073266,0.26763538
0.25556588,0.22620575
0.21639045,0.21577948
0.18852831,0.19000077
0.17364211,0.17960559
0.16543353,0.1689756
0.16884676,0.16621545
0.178916,0.1781813
0.19657181,0.19793591
0.20734365,0.20793755
0.20436819,0.21239147
0.19199708,0.21055757
0.18615079,0.20953804
0.19159272,0.21431577
0.20578468,0.23129956
0.24267298,0.25354397
0.2940441,0.28181088
0.34681597,0.31790322
0.40253583,0.36249995
0.44637296,0.39708483
0.4584355,0.4105777
0.44418067,0.3992241
0.42381814,0.37802207
0.39971563,0.35549268
0.34600234,0.3066453
0.27825335,0.26029584
0.27751482,0.21638149
0.27677625,0.19434626
0.2760377,0.18374637
0.27529913,0.17557395
0.27456057,0.16891831
0.27382204,0.18383151
0.27308348,0.20390362
0.27234492,0.20898063
0.27160636,0.21846572
0.27086782,0.23357473
0.27012926,0.24912661
0.2693907,0.2632858
0.26865214,0.28048816
0.2679136,0.2902434
0.26717505,0.3010446
0.2664365,0.31437695
0.26569793,0.3306185
0.2649594,0.34010193
0.26422083,0.34752414
0.26348227,0.34331796
0.2627437,0.32437873
0.26200518,0.30563152
0.26126662,0.26754808
0.26052806,0.2234669
0.2597895,0.20542556
0.25905097,0.18438716
0.2583124,0.17352802
0.25757384,0.16331849
0.25683528,0.16507018
0.25609675,0.18112348
0.2553582,0.20793161
0.25461963,0.2143982
0.25388107,0.21420336
0.25314254,0.2069654
0.25240397,0.20172703
0.2516654,0.20678738
0.25092685,0.22338139
0.25018832,0.24667853
0.24944976,0.2795825
0.2487112,0.31401193
0.24797265,0.3634947
0.24723409,0.40050915
0.24649554,0.4112259
0.24575698,0.40053138
0.24501844,0.37877625
0.24427988,0.3538835
0.24354133,0.30332917
0.24280277,0.25782546
0.24206422,0.19955242
0.21127427,0.18002571
0.18884768,0.1707162
0.17598082,0.16186388
0.1734382,0.16662937
0.16884921,0.18249033
0.16213967,0.20634401
0.16582364,0.2177637
0.17182027,0.22453044
0.17947072,0.2229534
0.1879854,0.23694831
0.20633201,0.25203645
0.23216744,0.28502005
0.2666497,0.31546688
0.31306824,0.35232013
0.37520286,0.38497275
0.44886988,0.43477273
0.4928475,0.47357476
0.49713778,0.47526225
0.4759012,0.4543304
0.4529975,0.42719403
0.42694837,0.39886343
0.37619188,0.33912933
0.3130992,0.28997868
0.2575916,0.23015833
0.2228961,0.20164758
0.20002437,0.19177847
0.1889705,0.17781903
0.1882802,0.17980886
0.19418447,0.19213001
0.20800252,0.21731082
0.22744529,0.24785991
0.24723838,0.26002228
0.2641901,0.26542902
0.2916312,0.28393912
0.31435895,0.3049896
0.3558854,0.33929333
0.39831388,0.38011616
0.43881637,0.42399406
0.4824024,0.46246624
0.52329254,0.5037063
0.5363741,0.5357705
0.54338783,0.53451926
0.5130012,0.49802077
0.4918069,0.46172467
0.46003184,0.42603835
0.39062607,0.36734468
0.3338951,0.3115253
0.28608707,0.2510448
0.25493893,0.22237901
0.23550157,0.20976645
0.2265501,0.19493014
0.22670536,0.19343401
0.23999229,0.20543875
0.2580633,0.23038608
0.2796448,0.24929987
0.29695225,0.26027492
0.3175698,0.26153576
0.31312034,0.2619953
0.3180218,0.2636578
0.33109304,0.2749377
0.3361041,0.29227442
0.3456982,0.3193876
0.36335993,0.3516017
0.3801741,0.38788712
0.40173203,0.4143878
0.4057486,0.42612368
0.4025776,0.4077145
0.40508485,0.38182738
0.38679078,0.35540745
0.34342977,0.30885327
0.29448286,0.26197374
0.255133,0.2343446
0.22768359,0.21051453
0.22252367,0.20058247
0.20148951,0.18921198
0.20212282,0.18907805
0.21531789,0.2050653
0.23416959,0.23363553
0.2589845,0.24833502
0.2801101,0.2644606
0.29901877,0.26156944
0.30490485,0.26740083
0.29604036,0.2731783
0.2938402,0.2824194
0.29997882,0.285101
0.29720774,0.2914038
0.29073992,0.29238635
0.29721463,0.30245608
0.30889344,0.31273028
0.31164142,0.3172634
0.3086021,0.31601068
0.31163406,0.30797833
0.3015201,0.28482735
0.26699215,0.25237146
0.23066151,0.21676789
0.20062968,0.19781703
0.18145174,0.17586885
0.1719937,0.1664303
0.16685198,0.15803711
0.17034186,0.15880305
0.18408968,0.17319742
0.2033369,0.19899544
0.2258249,0.2149839
0.24684827,0.2226668
0.2549984,0.21795218
0.2624071,0.22139445
0.26874667,0.22371851
0.26909602,0.22822635
0.2647517,0.22968549
0.26964974,0.24181464
0.27130896,0.2564121
0.2825775,0.28574657
0.30260104,0.3073107
0.31363326,0.32466596
0.31625402,0.32726958
0.32126504,0.31452894
0.31407204,0.29122618
0.2804206,0.2571579
0.24215561,0.22022069
0.20935465,0.20707643
0.18892334,0.18971282
0.1771772,0.17950903
0.17059687,0.17166536
0.17950265,0.17114225
0.18764885,0.18495902
0.21449295,0.21064907
0.24325421,0.22767289
0.25819594,0.23742715
0.27484748,0.2423661
0.26614904,0.2583846
0.28271115,0.26660573
0.2855137,0.28240216
0.29090893,0.2931502
0.3385337,0.30710122
0.41326493,0.32218713
0.4043562,0.34241098
0.39612895,0.36024606
0.4116067,0.3700071
0.40930974,0.36642584
0.40606502,0.34404504
0.39546123,0.32355994
0.3659507,0.28084633
0.31666625,0.24137591
0.25764713,0.2451086
0.250291,0.22516046
0.23115039,0.20995983
0.22190067,0.19980699
0.21820836,0.19690597
0.22236252,0.2091207
0.22949216,0.23368774
0.24521509,0.2545225
0.27811235,0.27074948
0.31941128,0.29143852
0.35122663,0.31692284
0.35141236,0.33588582
0.36033973,0.36018473
0.38846228,0.3848395
0.40083978,0.4110217
0.46594593,0.4401796
0.490526,0.46995288
0.5351522,0.49403924
0.55233437,0.5062839
0.53019226,0.48880854
0.5021906,0.45428064
0.48452643,0.42795542
0.44440076,0.3712242
0.35788116,0.31831867
0.33075747,0.28135312
0.29073107,0.2561875
0.26326153,0.24352151
0.24760835,0.22689183
0.23683651,0.22569379
0.22781673,0.24143551
0.23245633,0.27402657
0.2645149,0.3051944
0.30723915,0.32408658
0.35585836,0.33785975
0.39829862,0.3662433
0.4414705,0.40000805
0.47320282,0.4311866
0.500923,0.46904272
0.51973635,0.5029742
0.5493245,0.52399284
0.6232622,0.54203755
0.64973146,0.55255747
0.60170925,0.54323316
0.55312246,0.5094857
0.5291904,0.47609425
0.50177246,0.43784437
0.4463194,0.3769614
0.38041484,0.32286763
0.31186745,0.31774837
0.30027017,0.28510982
0.27753308,0.26775867
0.26396215,0.24905543
0.26069778,0.24697345
0.2805012,0.25951388
0.292691,0.2864439
0.33858037,0.32111076
0.38992643,0.35166204
0.3958194,0.36535347
0.42669484,0.39671955
0.4220523,0.4243007
0.4659646,0.45910808
0.5341288,0.49434602
0.57907724,0.5298197
0.5861745,0.56004316
0.5873276,0.5895663
0.6133487,0.6116748
0.59977436,0.6105388
0.5830349,0.5745036
0.5602349,0.537919
0.5336959,0.4980444
0.4779456,0.43449885
0.4045041,0.37617344
0.336647,0.33327243
0.31475988,0.29829448
0.27336466,0.28477073
0.2628832,0.26265007
0.25618592,0.26249212
0.2652676,0.2715299
0.28460768,0.3023237
0.30779877,0.33447504
0.34807476,0.36272815
0.3653439,0.36953008
0.36345524,0.38229144
0.3607377,0.39807716
0.36260968,0.41824758
0.39079314,0.4383046
0.42155853,0.45942366
0.48208353,0.47395897
0.5637926,0.49162614
0.58327514,0.5081271
0.5509424,0.50120777
0.50165063,0.47367758
0.47130138,0.44816944
0.447219,0.41506794
0.3621267,0.36196873
0.33484137,0.3160378
0.287819,0.2914868
0.2530429,0.2568315
0.23367335,0.23912287
0.22329211,0.22372647
0.22133614,0.21841694
0.23516108,0.22580698
0.26028013,0.24309698
0.29599664,0.27262196
0.30237797,0.30077496
0.30959457,0.3153143
0.3304003,0.33776087
0.36586764,0.35908023
0.3863034,0.38906088
0.41100138,0.4185183
0.44941574,0.4478265
0.49417263,0.48262757
0.5453767,0.5188163
0.58216524,0.54548764
0.5939089,0.5535843
0.5727627,0.5247705
0.5330012,0.49132872
0.5092146,0.46009895
0.42197812,0.40492007
0.3766169,0.3510281
0.31773242,0.30802792
0.27615982,0.27032197
0.24950929,0.2493164
0.2341691,0.2308699
0.22794989,0.22218543
0.23134446,0.22664542
0.24612896,0.23776016
0.2716288,0.26552644
0.2942308,0.29688662
0.32107833,0.3148257
0.32710055,0.33300397
0.3639495,0.3464699
0.402837,0.37525672
0.44206157,0.40364084
0.48064297,0.43948624
0.52697945,0.48696905
0.576457,0.5284623
0.6131655,0.56627417
0.6140351,0.5797374
0.59285307,0.5497081
0.5551467,0.515249
0.5187271,0.48377386
0.4592226,0.42656368
0.3596912,0.36667317
0.32071427,0.3096985
0.28389034,0.2720579
0.25504458,0.25364375
0.23781867,0.234161
0.23257622,0.22642687
0.23950146,0.23467575
0.25058725,0.25143117
0.2779399,0.28280446
0.31458253,0.3133803
0.3498126,0.3337779
0.37828103,0.35829946
0.41837275,0.38464785
0.45690897,0.42136496
0.49049506,0.4605382
0.5311046,0.5022434
0.5837213,0.5448601
0.6175835,0.5799769
0.63857,0.6119157
0.6388771,0.6147227
0.5992757,0.5759101
0.5586764,0.53769994
0.52988225,0.50129443
0.47987995,0.4402443
0.40875503,0.37870336
0.33498436,0.3425738
0.30614153,0.30639836
0.27805337,0.287721
0.26051253,0.26704624
0.25161168,0.2609304
0.24871482,0.2715439
0.25193006,0.29349244
0.2806255,0.32566887
0.3228486,0.36078027
0.37242982,0.38282293
0.40424073,0.41009462
0.42576525,0.44006115
0.45281523,0.47489446
0.48546338,0.5082987
0.47918814,0.54333735
0.5146629,0.5732034
0.57150835,0.60029954
0.6164721,0.6244725
0.6118296,0.6209557
0.58339846,0.58499324
0.5555304,0.5491347
0.5396478,0.5097175
0.4980998,0.44680637
0.44697925,0.38675368
0.38016033,0.35740998
0.35818085,0.32468015
0.32768127,0.3035987
0.3120625,0.28541392
0.30255583,0.2814085
0.29987416,0.29168034
0.29812357,0.31315333
0.3286988,0.35092074
0.38261256,0.39172632
0.44507682,0.4236213
0.4901973,0.47000465
0.5235495,0.50960875
0.5679635,0.55059636
0.6320245,0.5860242
0.67430174,0.6209973
0.7270048,0.653115
0.76207864,0.6893304
0.771178,0.7151325
0.76595426,0.7187796
0.74587274,0.6834614
0.7155368,0.64067864
0.6837111,0.59632534
0.62130135,0.52352643
0.5450524,0.4600309
0.4665817,0.4367857
0.41974849,0.3944141
0.3819571,0.36891174
0.35836166,0.34286225
0.35062867,0.33582217
0.35878617,0.34130618
0.37476853,0.3608604
0.43148625,0.40656355
0.50186235,0.45542678
0.5745983,0.4904123
0.57972336,0.5307163
0.63113475,0.56488854
0.6854622,0.60155135
0.71950424,0.6292553
0.7378784,0.6654624
0.77000767,0.6973603
0.83145195,0.73029244
0.8753176,0.76719934
0.88799727,0.7673058
0.84685457,0.7254502
0.80421185,0.6865281
0.7461965,0.63555086
0.6457684,0.5604249
0.55783576,0.49152952
0.49123302,0.45249286
0.4290758,0.4053796
0.39079657,0.38333035
0.35754508,0.35476726
0.3376444,0.34765333
0.3275491,0.35680845
0.33275816,0.38505155
0.36683115,0.43170363
0.422776,0.4771159
0.4716237,0.50929105
0.5129516,0.5420283
0.548871,0.582973
0.59869295,0.6189273
0.6660234,0.6520889
0.67611617,0.68799543
0.7047895,0.709782
0.742261,0.7322721
0.7923149,0.75356174
0.7688447,0.7402712
0.70969784,0.69191813
0.6637038,0.65715563
0.606509,0.6021835
0.5585462,0.5309343
0.498059,0.46468538
0.43450546,0.44084525
0.3822082,0.3990742
0.34761047,0.37564015
0.32636943,0.35096827
0.31931987,0.34397903
0.32505366,0.35404867
0.35189778,0.3768252
0.410457,0.42387623
0.47193715,0.4747891
0.5266734,0.5185338
0.58511025,0.57820404
0.6397187,0.6405509
0.6882662,0.6924564
0.72213036,0.74305886
0.76638806,0.7784978
0.7896411,0.8035959
0.8155851,0.8291231
0.832017,0.8427162
0.83301586,0.8275841
0.7901157,0.7755743
0.74058753,0.72776186
0.7015084,0.6722583
0.6285617,0.5947735
0.5461594,0.5238904
0.47755694,0.46632883
0.42281336,0.41922188
0.38650337,0.392744
0.35709897,0.3639928
0.35503194,0.35068735
0.3519464,0.35686678
0.36899054,0.37117603
0.41218695,0.41700906
0.46491167,0.47139552
0.51872665,0.5158406
0.5742318,0.5666707
0.61286527,0.62297267
0.65974224,0.66862434
0.695131,0.7138764
0.7331931,0.753284
0.7844276,0.78434026
0.82763827,0.81060636
0.8645197,0.8350698
0.8618253,0.8252604
0.82179594,0.7753591
0.77429056,0.73205703
0.73308057,0.67688406
0.65449584,0.6008891
0.5673552,0.5285567
0.49858767,0.49185106
0.44118062,0.44470543
0.39780337,0.41991872
0.37855762,0.38768557
0.36938605,0.37543017
0.37907007,0.38131475
0.40342072,0.39739054
0.43797716,0.44168568
0.4841535,0.50138456
0.53135276,0.5478038
0.57818896,0.598022
0.62800205,0.65502286
0.6461079,0.6947718
0.671654,0.73197657
0.73919165,0.7606608
0.79048175,0.77845186
0.79694515,0.7944568
0.76600385,0.81132686
0.7392772,0.7957621
0.71531075,0.75523937
0.699411,0.7159166
0.67275745,0.6630544
0.61155295,0.5888134
0.54242283,0.52302307
0.46062487,0.47615942
0.37766883,0.43592006
0.37896544,0.41383475
0.3530347,0.38217264
0.34250608,0.37227702
0.3364544,0.38434592
0.34915224,0.40600732
0.37096515,0.44241852
0.43669826,0.49223462
0.51227504,0.53222656
0.5459933,0.57926327
0.6231242,0.63722175
0.65498817,0.67189974
0.68584985,0.7071888
0.73411185,0.72589374
0.7704941,0.72809976
0.728778,0.73080546
0.6971449,0.7313569
0.6964492,0.7073294
0.6842147,0.6750864
0.65433127,0.63998294
0.6324161,0.590145
0.57754135,0.52219033
0.5142094,0.46562725
0.43979114,0.42541507
0.37548733,0.38667184
0.37871534,0.3696894
0.3620063,0.34061664
0.35464528,0.33557603
0.34809342,0.34736195
0.35450622,0.37218615
0.37351367,0.40387374
0.44509846,0.44437143
0.4975279,0.47029674
0.5139244,0.5040489
0.5407892,0.5479132
0.5545267,0.5786931
0.56567144,0.6112093
0.6174857,0.6310762
0.64745414,0.6346991
0.7240151,0.6429917
0.7382832,0.6510002
0.67662126,0.62923205
0.59194016,0.59797597
0.53894526,0.5637871
0.5070572,0.52087086
0.45264965,0.45903927
0.3890219,0.40620333
0.30691782,0.3933913
0.31513134,0.35028845
0.29246545,0.3227111
0.2820459,0.30077994
0.28458458,0.29337683
0.30414477,0.2975208
0.3207963,0.30744916
0.35817298,0.33506513
0.40537372,0.38034874
0.4078849,0.40278494
0.41538304,0.42957363
0.45115405,0.4562503
0.4953872,0.48976004
0.49584755,0.5157476
0.55519587,0.5509628
0.57713896,0.58810544
0.6658013,0.6360451
0.72805774,0.6793457
0.75893074,0.684451
0.74283683,0.6524364
0.69245327,0.6136855
0.62942153,0.57237464
0.550995,0.5076193
0.4584198,0.44490296
0.38866863,0.39074212
0.34959984,0.34709117
0.31785575,0.31878668
0.29243007,0.2992342
0.28043044,0.28790033
0.28313026,0.2951013
0.3049648,0.3032604
0.34222993,0.33902073
0.38000607,0.3882578
0.40867054,0.42244345
0.43763372,0.46667895
0.47969913,0.5105337
0.51821566,0.55984026
0.5668678,0.60637456
0.611579,0.6540848
0.66514784,0.7019065
0.7252965,0.7497705
0.78297675,0.78984845
0.8009219,0.79241073
0.7687666,0.7460633
0.7049197,0.69525236
0.64719033,0.64696497
0.56608266,0.574167
0.48034278,0.5016665
0.41169807,0.4072586
0.35787967,0.3649627
0.31277934,0.33871233
0.3055937,0.31707257
0.3006087,0.30843008
0.32130876,0.3194055
0.32539073,0.33503094
0.37535223,0.37739694
0.41108933,0.4260922
0.46418008,0.46350467
0.53682023,0.51662666
0.5832329,0.5695772
0.6354476,0.6240474
0.6721605,0.67694575
0.73425287,0.7290445
0.7758407,0.7733117
0.8156951,0.8184029
0.8576485,0.8535899
0.86142683,0.8489083
0.8181331,0.7939649
0.7704155,0.73859614
0.70933425,0.68286234
0.62417364,0.60435665
0.539611,0.52898175
0.4671998,0.46533898
0.41308215,0.41914737
0.37628034,0.39226928
0.35032356,0.36572725
0.35433868,0.3540024
0.3510247,0.3643676
0.37479112,0.38228896
0.4360959,0.431764
0.48323324,0.49391648
0.53489816,0.53884554
0.58610666,0.5977749
0.64194244,0.6578017
0.6794641,0.71220154
0.7275227,0.7624579
0.773472,0.8153852
0.8073647,0.85438514
0.8531529,0.89773816
0.89524186,0.93463516
0.901042,0.9306093
0.8769124,0.8705909
0.81981885,0.8125993
0.774689,0.7534979
0.69711596,0.6708909
0.6238312,0.5880406
0.5490346,0.5218845
0.5025212,0.48061016
0.48212776,0.45279002
0.46017775,0.42117155
0.45117664,0.41433015
0.46407446,0.4250297
0.46525413,0.4494332
0.504885,0.4982854
0.5471229,0.5558563
0.5763907,0.60282546
0.6260033,0.6602011
0.66265386,0.71366906
0.6925132,0.7541836
0.70000595,0.7828089
0.7039046,0.80771244
0.7196497,0.81728476
0.7681303,0.8304491
0.7947086,0.84579813
0.7778517,0.8290577
0.75338954,0.7918376
0.7186734,0.7520231
0.69391054,0.6909664
0.6424117,0.6116034
0.57381713,0.54382247
0.4930008,0.4716926
0.43257257,0.42814577
0.42337692,0.4032186
0.39795372,0.37259287
0.38185835,0.36505556
0.37480047,0.37394866
0.37832227,0.39386725
0.4294207,0.43740022
0.48912868,0.4919602
0.55722404,0.53013945
0.63092154,0.58288443
0.6747405,0.63787645
0.7120818,0.6836541
0.74467194,0.7279821
0.79342675,0.7650188
0.8148122,0.7895793
0.8378682,0.81676906
0.8100326,0.8390015
0.78457844,0.8217528
0.7592373,0.77597034
0.7334201,0.7305326
0.70816296,0.67525333
0.65771896,0.5959474
0.60419583,0.52906644
0.50992846,0.48352462
0.5031708,0.44663924
0.47400808,0.41627014
0.45615527,0.38899454
0.43648404,0.3831267
0.42735273,0.38846815
0.4238078,0.4077236
0.44102684,0.4327029
0.45505962,0.47849348
0.49504718,0.51453
0.5412122,0.55468476
0.5474476,0.59019834
0.561588,0.61460733
0.597955,0.6216991
0.6215038,0.6237539
0.59569687,0.619593
0.5741699,0.6249858
0.58195597,0.63274753
0.55520517,0.62167144
0.53300315,0.60938734
0.53720593,0.59010226
0.5186451,0.54483396
0.49571294,0.48295557
0.42726037,0.4293601
0.37492085,0.39738974
0.34439817,0.35774347
0.32457364,0.33201367
0.30889788,0.31038606
0.3259341,0.30305195
0.33373442,0.31058484
0.35164475,0.3250954
0.3952868,0.36036855
0.44045442,0.40024933
0.47834405,0.4322772
0.5254682,0.47644225
0.57399696,0.5272896
0.6242871,0.5724297
0.67278695,0.6213378
0.7173429,0.66239536
0.7715529,0.6992701
0.8125909,0.74095017
0.8434551,0.7692964
0.8387771,0.7627387
0.794686,0.71953154
0.74685735,0.67199856
0.70299864,0.6222178
0.6248605,0.54816353
0.5450647,0.48354423
0.48513076,0.45549664
0.43328205,0.41022038
0.38518858,0.38097534
0.37516305,0.35550508
0.36647788,0.34510532
0.37335595,0.35001796
0.393575,0.36225858
0.43981278,0.40067267
0.4684738,0.45662698
0.51200485,0.499282
0.5582509,0.5471725
0.6156983,0.5977426
0.6426249,0.6425782
0.68094593,0.6821135
0.7512223,0.7210279
0.7349284,0.756584
0.7694913,0.79513776
0.81480634,0.829143
0.8205126,0.8237289
0.7770769,0.77958935
0.7293396,0.7314739
0.66123736,0.6799713
0.57265216,0.6026988
0.51110226,0.531915
0.4312632,0.4380575
0.38266906,0.39709407
0.3597487,0.36764964
0.32078847,0.34381163
0.3425149,0.33507144
0.35292366,0.34257683
0.37770075,0.3590633
0.40196687,0.38201866
0.44208074,0.42956573
0.47781146,0.45284176
0.4680611,0.47571972
0.4485844,0.4953121
0.42547783,0.5214048
0.4630967,0.5352259
0.5161487,0.5634147
0.57125044,0.5892757
0.6308213,0.626627
0.6728759,0.66278255
0.69601095,0.6664326
0.6822057,0.64251256
0.6484034,0.6078887
0.6010209,0.56580734
0.5290219,0.5010096
0.46208408,0.4398654
0.38568628,0.39437532
0.36256987,0.3575368
0.31640238,0.33496544
0.3063862,0.31490386
0.2986444,0.31120187
0.32662737,0.32679343
0.3296854,0.348858
0.3773303,0.3828269
0.42084953,0.4201592
0.47134903,0.44025022
0.5130484,0.4807547
0.556264,0.5260798
0.60659546,0.56511253
0.64712304,0.60243475
0.71012235,0.63322073
0.72925556,0.6491425
0.7119393,0.6781339
0.7141286,0.6969594
0.7122921,0.68453515
0.7037312,0.6490842
0.67720056,0.60712516
0.61750734,0.55986625
0.5623196,0.49318385
0.4829704,0.43639445
