true,forecasted
0.12431704,0.11594158
0.10293162,0.092582285
0.085709766,0.08198416
0.077735186,0.07353047
0.080488354,0.07834962
0.09547024,0.087673806
0.119568594,0.10884905
0.13305852,0.12168557
0.13859683,0.12654027
0.14320122,0.12628089
0.14089222,0.13151096
0.1524266,0.13860317
0.17266732,0.14809267
0.19381918,0.16536579
0.21038042,0.18386015
0.21578754,0.20447838
0.22630346,0.22875468
0.2347261,0.24580838
0.23920427,0.24069673
0.23041159,0.22979096
0.22366239,0.21460968
0.20118311,0.18599853
0.16646788,0.15751575
0.13409466,0.12451001
0.10594078,0.108670756
0.091450386,0.088991396
0.082159325,0.07968253
0.07895173,0.0739097
0.084980115,0.07378663
0.10155795,0.08644112
0.12513125,0.10668959
0.13819802,0.118767135
0.14224966,0.12217962
0.13682134,0.11839844
0.1299558,0.12661473
0.12547092,0.13206719
0.13590614,0.13922243
0.15195188,0.15245342
0.1784639,0.17056146
0.20514295,0.19105445
0.22648565,0.21625951
0.2394269,0.23170559
0.24150744,0.23851815
0.23597513,0.23267716
0.23241569,0.22025216
0.21460348,0.19710612
0.18001801,0.16955341
0.14205176,0.13596696
0.115508474,0.11108722
0.10273177,0.09246966
0.084767915,0.08245219
0.08495699,0.07574141
0.088859454,0.07912483
0.10227435,0.0894374
0.12323061,0.112276554
0.13599548,0.12714505
0.14081402,0.13607335
0.13731053,0.13576208
0.14098297,0.13967067
0.15708713,0.14595689
0.17784442,0.15363047
0.19350758,0.16368665
0.19904889,0.17984155
0.21001975,0.19600435
0.2391942,0.21784076
0.25519067,0.2359199
0.2544439,0.24341305
0.24600996,0.23636568
0.24142729,0.22524086
0.22618571,0.196601
0.19432744,0.17158249
0.15929215,0.13815567
0.12900901,0.1287961
0.10934275,0.11156161
0.09545895,0.098006986
0.08805001,0.09107809
0.08740986,0.094187
0.086095154,0.11009627
0.092263356,0.13178536
0.09816198,0.15281746
0.10159714,0.16484842
0.10635795,0.17266144
0.111343496,0.18487145
0.13106818,0.20388867
0.14350028,0.22191967
0.16763182,0.24396637
0.19780286,0.27346393
0.2207701,0.3058345
0.24734497,0.335747
0.27256083,0.35685793
0.27330565,0.36293787
0.25244403,0.34749705
0.24251832,0.32953814
0.23006363,0.29412326
0.2029593,0.25445667
0.16903745,0.21193515
0.1415313,0.13198967
0.117252186,0.10664367
0.10024412,0.09742437
0.08981913,0.08571693
0.08425682,0.08560661
0.08104181,0.08449229
0.08121518,0.08557013
0.08653757,0.09493413
0.101797864,0.11107645
0.121961795,0.13793485
0.15625244,0.17192815
0.20016746,0.21440265
0.23608212,0.25586912
0.27392992,0.29377732
0.3045589,0.3273345
0.3225835,0.36300898
0.34681267,0.3947211
0.36631402,0.414157
0.37043294,0.40795872
0.35311717,0.38532192
0.33504844,0.36159128
0.30910662,0.3258484
0.262377,0.2823924
0.21196842,0.22828296
0.17573562,0.18258226
0.1508815,0.15071227
0.13587084,0.14038132
0.12834926,0.12604061
0.12908368,0.12741297
0.14615937,0.131378
0.17283168,0.15331882
0.20268531,0.16793236
0.22862269,0.1869272
0.24307124,0.2093543
0.26567093,0.23305406
0.27439615,0.23975387
0.2813,0.258713
0.30716237,0.2679909
0.33293733,0.27838436
0.36639488,0.27997074
0.38753545,0.29208753
0.38908902,0.2896844
0.36350507,0.28007892
0.33165175,0.26315302
0.31440467,0.24650934
0.28860885,0.21844476
0.2547585,0.190531
0.21290144,0.14910012
0.17049038,0.14779443
0.14337352,0.12187393
0.124531716,0.10873085
0.11420065,0.10434583
0.114215486,0.10621931
0.124570556,0.12285129
0.15226877,0.14613858
0.1687788,0.16418445
0.17363814,0.17029285
0.17917308,0.16742739
0.18320547,0.17046958
0.20354754,0.18012086
0.20932876,0.1991798
0.2278798,0.227467
0.25624624,0.25008014
0.29745275,0.28351653
0.33864212,0.30430967
0.3655099,0.3145938
0.36686978,0.305527
0.34121946,0.28889
0.31311697,0.2652813
0.28113762,0.23450513
0.229838,0.20188072
0.18152286,0.16232203
0.14096549,0.14411144
0.11467167,0.12407745
0.10189708,0.10689425
0.092924155,0.10182543
0.09662271,0.10215372
0.11006392,0.112431295
0.135683,0.12844768
0.1595033,0.14644665
0.17816697,0.16293313
0.19681688,0.17342639
0.22673793,0.19053976
0.2605784,0.20397453
0.27777147,0.21329227
0.2822996,0.22560361
0.24552113,0.2333071
0.2165564,0.24612443
0.24575415,0.26009446
0.24956164,0.2703792
0.26777884,0.26923758
0.26301998,0.24967167
0.2518233,0.23834965
0.23627508,0.20949018
0.1998458,0.18561642
0.16206315,0.15134871
0.12893786,0.122191444
0.10805593,0.10457539
0.09824443,0.09175196
0.09282371,0.084697396
0.09445883,0.09266958
0.108177036,0.109780125
0.12900318,0.13765237
0.14805931,0.15736425
0.1577135,0.16713662
0.1549169,0.17528826
0.17412663,0.18445365
0.19071893,0.19402634
0.20783503,0.20782626
0.22097154,0.22511995
0.24513343,0.24640062
0.27477503,0.26907736
0.30912605,0.30024046
0.33425012,0.31454608
0.33370176,0.31663623
0.31986386,0.30611005
0.30506277,0.29063925
0.28036523,0.26011458
0.23349455,0.22270034
0.18352962,0.18016838
0.18233767,0.14017029
0.18114574,0.11834908
0.1799538,0.10286311
0.17876187,0.09689553
0.17756993,0.09676244
0.176378,0.110119246
0.17518605,0.12761268
0.17399412,0.14671397
0.17280218,0.16466649
0.17161025,0.17702709
0.1704183,0.19823216
0.16922638,0.21468839
0.16803443,0.22327502
0.1668425,0.23018965
0.16565056,0.2396439
0.16445863,0.25467876
0.16326669,0.27298242
0.16207476,0.28565317
0.16088282,0.28136826
0.15969089,0.26208442
0.15849894,0.2531375
0.15730701,0.22404641
0.15611507,0.19433269
0.15492314,0.15471675
0.1537312,0.13334134
0.15253927,0.12306186
0.15134732,0.10735237
0.1501554,0.10355997
0.14896345,0.10166425
0.14777152,0.0930466
0.14657958,0.1045544
0.14538765,0.10322265
0.1441957,0.11524661
0.14300378,0.12761544
0.14181183,0.14474602
0.1406199,0.16080429
0.13942796,0.18277282
0.13823603,0.20455888
0.13704409,0.22584066
0.13585216,0.24502946
0.13466021,0.2624765
0.13346829,0.2813366
0.13227634,0.28502128
0.13108441,0.27483538
0.12989247,0.26639083
0.12870054,0.23823708
0.1275086,0.22062913
0.12631667,0.18147708
0.12512472,0.11725853
0.10165063,0.11445442
0.087956436,0.103225835
0.07826498,0.09762402
0.07551428,0.1020095
0.072784945,0.10082907
0.07114133,0.115609586
0.075546235,0.11357758
0.086820744,0.12292235
0.096980385,0.13453357
0.11142753,0.15617225
0.13680775,0.1824507
0.17264861,0.21019232
0.2084381,0.2444234
0.24303788,0.27451652
0.2730373,0.2990151
0.3007447,0.31810874
0.3107866,0.33082652
0.3123142,0.32791835
0.29866788,0.30673987
0.28673664,0.2923396
0.2695513,0.26714852
0.22888486,0.23819657
0.18211268,0.20245382
0.14508352,0.14581993
0.12064268,0.118588544
0.104509726,0.10462119
0.096858926,0.089871064
0.099032864,0.09196242
0.109978296,0.09556962
0.12788549,0.10635117
0.14908113,0.12136812
0.16905175,0.1389573
0.18862955,0.16184017
0.21012126,0.19521283
0.23710677,0.2277381
0.26829416,0.25945804
0.3032011,0.2961767
0.34017274,0.3287558
0.37549174,0.35764417
0.39812973,0.39166057
0.40954283,0.407003
0.39865795,0.3949434
0.37242734,0.37541646
0.34371048,0.3464674
0.3129694,0.30744714
0.2596397,0.2611753
0.20628518,0.20915256
0.16723478,0.16052848
0.14672783,0.13443315
0.1306436,0.11916833
0.12185146,0.10969587
0.12347671,0.11139401
0.13730842,0.12570083
0.1574524,0.14763223
0.18099958,0.16645333
0.19836408,0.1746598
0.21044397,0.18631327
0.21571288,0.1973204
0.22473417,0.20281756
0.23426373,0.2221471
0.2518687,0.23965523
0.27406585,0.26115438
0.30133948,0.27927175
0.3275777,0.29994556
0.3470065,0.31202722
0.3338981,0.30105776
0.314479,0.28246558
0.2996189,0.26130566
0.27556258,0.22870901
0.23246565,0.19217095
0.18715137,0.15384339
0.15164912,0.14925927
0.1285537,0.12392721
0.11143918,0.11136616
0.10547418,0.106492296
0.10825331,0.10296306
0.121378504,0.11893623
0.13944687,0.1433598
0.16037524,0.16778034
0.1750383,0.18202196
0.1884313,0.18874787
0.19355473,0.19675139
0.20355071,0.195921
0.20120376,0.2013688
0.20212144,0.20728788
0.20896226,0.20920804
0.22006923,0.21941291
0.23277196,0.23062427
0.24300963,0.2392645
0.24064061,0.23937124
0.23389353,0.22463545
0.22955872,0.21375316
0.21859422,0.19431789
0.18795322,0.1720542
0.15694785,0.14121734
0.12801471,0.122808665
0.10703499,0.10364849
0.10220974,0.092311524
0.09183083,0.08814967
0.09655527,0.08575756
0.11055206,0.09603917
0.13497931,0.11833617
0.1556033,0.13251635
0.1736526,0.14497854
0.19016795,0.14723149
0.19901058,0.1541161
0.20513836,0.15434569
0.20025909,0.15950614
0.21278174,0.16708077
0.20839715,0.1716221
0.20402032,0.1860616
0.20527941,0.20043169
0.22169165,0.21390904
0.22998647,0.22382927
0.23552302,0.22187081
0.23662005,0.21327546
0.22931103,0.19222614
0.1974187,0.17059647
0.16642144,0.13975197
0.13737498,0.12707004
0.12012682,0.10821154
0.10861892,0.09853563
0.103075676,0.093813196
0.10590265,0.09488
0.11804609,0.11061265
0.14193259,0.14133988
0.16727768,0.16139537
0.19611971,0.17076384
0.2212134,0.17537941
0.2283501,0.1804053
0.22974162,0.18698075
0.23114653,0.19393758
0.23082753,0.20450547
0.23275943,0.21690848
0.2560183,0.22983332
0.2774936,0.24915068
0.27940768,0.2637504
0.2773566,0.27497303
0.27592272,0.26589048
0.2713125,0.25171027
0.2581181,0.22777328
0.22697449,0.20019959
0.19322053,0.1616704
0.16652702,0.1543841
0.14563203,0.13838117
0.13157046,0.12240419
0.121404275,0.11544049
0.12053251,0.1194695
0.12825358,0.1350843
0.13575733,0.16325349
0.15427995,0.18527183
0.18428203,0.20772897
0.21097678,0.22785519
0.23656532,0.24836852
0.25667575,0.26661274
0.2732038,0.2827017
0.30291513,0.30737528
0.31414127,0.3296778
0.33637145,0.34907812
0.35160473,0.37223434
0.3605992,0.39032164
0.36672008,0.39154685
0.353767,0.36709082
0.33877012,0.34710106
0.31868017,0.31057107
0.28359613,0.2712024
0.24168663,0.22279418
0.20102105,0.19554074
0.16921152,0.16578372
0.1472112,0.15248865
0.13156322,0.13921468
0.123935714,0.14061454
0.11770925,0.15651172
0.12147578,0.17490496
0.14308505,0.20022908
0.18052416,0.2232855
0.23340169,0.2587856
0.29513508,0.2958064
0.35220745,0.31844386
0.3800882,0.35189098
0.38635457,0.3733729
0.37548134,0.39563563
0.3552879,0.41423196
0.34770757,0.431578
0.3917119,0.43341288
0.41249937,0.4145866
0.38804778,0.38527852
0.35575116,0.3614973
0.32720485,0.33203477
0.27884272,0.28809625
0.23106745,0.24175178
0.19071682,0.19962592
0.16279739,0.17784509
0.14562832,0.16130769
0.13756052,0.14826451
0.14043392,0.15620378
0.15033087,0.16984212
0.17577852,0.19170962
0.20712835,0.22223565
0.24489827,0.24843253
0.29156435,0.2813568
0.30609182,0.31891313
0.33298254,0.3426094
0.36956242,0.37477982
0.38148358,0.40435192
0.42493942,0.42738304
0.4592707,0.4427956
0.4538939,0.46646
0.43181732,0.4708239
0.42139888,0.4518373
0.38860142,0.42899433
0.3639964,0.40208742
0.3395234,0.36115894
0.29571238,0.31417772
0.24618633,0.2679424
0.19931,0.18801662
0.16381727,0.15259367
0.14640881,0.13839102
0.13376522,0.12759416
0.1319998,0.123347364
0.14738156,0.14248365
0.17255293,0.16160336
0.20529565,0.18484285
0.23778681,0.19451556
0.26359054,0.21570013
0.2787912,0.23358397
0.27759758,0.2435663
0.27538532,0.2676057
0.2988859,0.28250808
0.32244298,0.30134252
0.345159,0.31778717
0.38474962,0.3326437
0.4280852,0.33896348
0.41555002,0.32365158
0.3691251,0.30363935
0.33558175,0.27635315
0.30101854,0.255015
0.25771824,0.21677852
0.21286154,0.18243644
0.17307885,0.15521246
0.1460921,0.12696339
0.13539736,0.11412384
0.1228498,0.11111306
0.122398734,0.11642989
0.13646278,0.13480338
0.16154888,0.16637085
0.1931222,0.1961824
0.21623455,0.21429576
0.23597832,0.22556053
0.26200768,0.23884214
0.29912972,0.26063645
0.3273821,0.2837068
0.36676332,0.3174127
0.39415064,0.35429612
0.41036516,0.37413594
0.43678045,0.4003568
0.4577194,0.40863237
0.43997216,0.40233696
0.4167295,0.37331772
0.3924117,0.34231284
0.36225885,0.29873928
0.31033397,0.26082984
0.25488934,0.21082658
0.20857863,0.19903934
0.16866459,0.16620566
0.14453146,0.1484166
0.1308521,0.1357541
0.12895904,0.13952628
0.13649139,0.14915755
0.15633471,0.17436555
0.18158711,0.20048115
0.20386884,0.23066561
0.22746493,0.2578147
0.25849485,0.286946
0.29608083,0.31355014
0.34575236,0.3494652
0.3745098,0.37951055
0.41043085,0.4096146
0.43905485,0.44257325
0.47493118,0.46639836
0.4925628,0.48167837
0.48059395,0.46791783
0.45186755,0.43182063
0.41467085,0.4036239
0.37690163,0.3648928
0.31904155,0.32033002
0.26393163,0.26351595
0.21233368,0.20520285
0.17935616,0.16976349
0.1569865,0.14981286
0.13670535,0.13628608
0.1396552,0.13582152
0.14855874,0.14144656
0.16164386,0.16105118
0.18874978,0.181389
0.21920928,0.2065121
0.25721315,0.23453756
0.29873127,0.2715252
0.34831822,0.30728552
0.38993466,0.3529925
0.42124793,0.39138922
0.45324636,0.42426863
0.48843172,0.4642591
0.5060457,0.48708048
0.5109514,0.5003073
0.49373063,0.47866467
0.45433807,0.43855166
0.41481844,0.4053651
0.37537488,0.36756718
0.3241353,0.3185964
0.2688598,0.26436776
0.2174061,0.21385564
0.18129689,0.17746487
0.15694466,0.16020483
0.14027962,0.14593472
0.13154979,0.14550635
0.12918165,0.15514258
0.13042487,0.17303835
0.14562373,0.19852728
0.17860356,0.22087048
0.20956215,0.25008613
0.25425288,0.28703308
0.29815608,0.32029146
0.32366765,0.36096257
0.36147997,0.39355686
0.38791695,0.42177185
0.41489753,0.4510401
0.43128946,0.46682268
0.43834338,0.47365433
0.41592747,0.45052502
0.3810131,0.41219753
0.3585979,0.38010302
0.33750394,0.3465518
0.3057091,0.30128402
0.27040085,0.25087106
0.23198935,0.21632913
0.20254125,0.18481614
0.18361558,0.16705357
0.16705647,0.15532783
0.16012825,0.15084687
0.15944557,0.15670094
0.15923053,0.16415428
0.17263043,0.18238568
0.20697299,0.20542474
0.25481272,0.2453187
0.3006914,0.289028
0.3508758,0.33199558
0.412367,0.37692693
0.4754617,0.40959427
0.49522823,0.4431
0.5383064,0.47394863
0.5558369,0.4944239
0.5598008,0.5095204
0.54780054,0.49562153
0.5150578,0.46001357
0.48401603,0.42535618
0.4508108,0.38710153
0.40871608,0.34242532
0.3538085,0.29248017
0.30163854,0.284088
0.2605355,0.24984756
0.23574917,0.22271204
0.21519631,0.2013404
0.208046,0.19826096
0.20811786,0.19969156
0.22565661,0.21250173
0.2553508,0.24436843
0.29718846,0.28134283
0.36696723,0.32896686
0.41310123,0.3832401
0.43289775,0.4325376
0.48947737,0.48141918
0.54169375,0.5131838
0.58020127,0.54611427
0.60795844,0.5698889
0.6455963,0.59171766
0.67563075,0.6060063
0.6746248,0.5824462
0.6402344,0.53899515
0.5806368,0.50542516
0.53124475,0.45774227
0.47270092,0.40361482
0.41208822,0.34815198
0.35423872,0.31220764
0.30723122,0.276285
0.26767343,0.24421409
0.241431,0.22543758
0.22630186,0.22198555
0.22301236,0.22850564
0.22197394,0.24428979
0.23986153,0.2813836
0.26925898,0.31743604
0.31421876,0.35845762
0.35663882,0.4065268
0.41042677,0.4485782
0.46951488,0.50143445
0.5054368,0.5380879
0.49870735,0.5643278
0.51657254,0.5903111
0.50789195,0.61599183
0.47690687,0.62341404
0.4609699,0.6036132
0.44672152,0.56350714
0.4179992,0.52240276
0.3906108,0.47400814
0.34970355,0.41535363
0.30476934,0.3582515
0.25918636,0.2531025
0.22022317,0.21906127
0.19983503,0.19768386
0.182765,0.18462688
0.18212062,0.17823198
0.19013122,0.1848768
0.21794084,0.20408915
0.26459172,0.23106417
0.31824923,0.2653603
0.37458768,0.3130235
0.43335572,0.37556174
0.4920563,0.42319247
0.5544567,0.47963682
0.5965775,0.5176112
0.63328415,0.55727565
0.6684658,0.57648313
0.6946436,0.608854
0.713642,0.6146499
0.70963913,0.59358686
0.6704007,0.5469011
0.61438775,0.51032495
0.555687,0.4615885
0.47832662,0.3997688
0.40027985,0.34735584
0.33388343,0.33245897
0.28683972,0.2941307
0.25279114,0.26053923
0.23074438,0.24047655
0.21924496,0.23725289
0.22372894,0.24708655
0.24718097,0.27157062
0.29163745,0.3196825
0.3491319,0.36952022
0.40922117,0.4181556
0.47517553,0.47214547
0.53369534,0.5304012
0.5761705,0.5897304
0.61133057,0.63494617
0.64834493,0.6583273
0.68303615,0.69015086
0.71044713,0.7120981
0.7237125,0.7116849
0.7087645,0.68367666
0.65992117,0.63762504
0.60037565,0.5967812
0.5441987,0.54409707
0.47257066,0.4792298
0.39984396,0.4141909
0.33658683,0.3261707
0.2941853,0.28100842
0.2650126,0.25240505
0.24750422,0.23512217
0.24184127,0.23515019
0.25101477,0.24477562
0.27882648,0.26704615
0.31562614,0.31638238
0.3589584,0.36558178
0.39742023,0.4215157
0.43471313,0.47552148
0.47531042,0.5221449
0.52296954,0.5729461
0.5743456,0.60269547
0.61865443,0.6305979
0.6596385,0.6434333
0.654916,0.6627002
0.62512505,0.6516879
0.59505004,0.62982243
0.560582,0.59279937
0.531336,0.5545366
0.49232376,0.5017893
0.43586385,0.4418588
0.3760717,0.3816874
0.32634383,0.33018446
0.28178003,0.28865063
0.25517163,0.26061577
0.23575287,0.24394093
0.2261045,0.22913429
0.2241673,0.22786304
0.2337733,0.23359063
0.25235894,0.2582185
0.29533935,0.29179215
0.35603663,0.3392793
0.41511822,0.38399813
0.47213972,0.41319317
0.5113467,0.45430785
0.5404604,0.47167525
0.57385653,0.4821473
0.5852592,0.49327773
0.56974256,0.5072683
0.53124917,0.49961263
0.5046709,0.4859354
0.48198918,0.4552408
0.45858693,0.4337384
0.43183443,0.39793596
0.3900501,0.35570815
0.33779085,0.3126619
0.2953443,0.28207794
0.2609313,0.24887179
0.23316354,0.22430763
0.21501395,0.20813262
0.20636621,0.20454097
0.20067856,0.2030971
0.20406093,0.21576646
0.22599186,0.24017984
0.26669577,0.26781195
0.3158885,0.30408728
0.3560054,0.34739423
0.38804194,0.3673644
0.42785025,0.3894956
0.43248093,0.4074593
0.4364242,0.42098555
0.44324136,0.42176706
0.4391214,0.43327737
0.43862778,0.42886397
0.42981532,0.40640005
0.40442187,0.37850407
0.37402114,0.3561794
0.3412048,0.33220923
0.29912582,0.29514965
0.25726557,0.25718015
0.21989268,0.2055788
0.19352983,0.17553627
0.17678906,0.15776795
0.16728279,0.14852661
0.1714868,0.14936647
0.18713072,0.15609518
0.21238665,0.17744541
0.24279991,0.197276
0.274682,0.2238948
0.31718713,0.24675123
0.34155223,0.2713236
0.3521211,0.300977
0.38452277,0.33659792
0.41519642,0.3687282
0.44732618,0.4062113
0.4952141,0.43302512
0.5453051,0.46105832
0.5824268,0.4775467
0.59403545,0.4655024
0.5551212,0.4362295
0.50276196,0.40178835
0.4548059,0.36135203
0.38713965,0.31715816
0.3130956,0.26934564
0.2541422,0.22893794
0.20426466,0.19656938
0.17400058,0.17621319
0.15503271,0.16508882
0.15374449,0.17250231
0.1594595,0.19605595
0.1831142,0.23211879
0.21243449,0.273467
0.24818584,0.3124552
0.2806998,0.34806007
0.3210751,0.39992672
0.37507775,0.4571933
0.43135497,0.5142705
0.4881157,0.5708409
0.5373171,0.6221893
0.5836225,0.66163206
0.6168742,0.69719034
0.6459367,0.71203727
0.63990146,0.69860286
0.60260904,0.6411079
0.5408416,0.5904591
0.48583955,0.5254798
0.40731186,0.4474533
0.33301643,0.3733058
0.27287385,0.27089682
0.23322867,0.23136823
0.20404115,0.2070134
0.18819278,0.18713884
0.18381931,0.18315348
0.1878669,0.18936068
0.21221451,0.20543283
0.25465646,0.23455945
0.30088753,0.2709101
0.34962445,0.31267768
0.4112535,0.36718145
0.47189784,0.43238404
0.52897197,0.49059156
0.57850033,0.54564637
0.6240118,0.5912098
0.6542337,0.63293934
0.694379,0.65431976
0.7023693,0.66165394
0.67053944,0.6323237
0.6322296,0.5774423
0.5909015,0.5326606
0.53431517,0.47942618
0.45885122,0.41546056
0.38634962,0.35274416
0.3224465,0.3211616
0.2739262,0.27984476
0.24091037,0.24909359
0.21969178,0.22592607
0.21508297,0.21949813
0.2218154,0.22360829
0.24432841,0.24178109
0.291281,0.27897152
0.34376344,0.3241209
0.39389485,0.3734722
0.44635838,0.44219142
0.5021208,0.51485515
0.5555126,0.5815918
0.6140386,0.6336931
0.65424144,0.6780557
0.68351954,0.72038317
0.72414577,0.7447714
0.7458548,0.7520553
0.7379552,0.7273466
0.7042085,0.673228
0.6487372,0.6259178
0.5915406,0.56637025
0.5112019,0.49471202
0.44514784,0.4289087
0.38539788,0.37200806
0.34204867,0.33312607
0.3058685,0.29756805
0.2823026,0.2731372
0.27182588,0.26824948
0.28086007,0.27163556
0.29884425,0.28456149
0.32082513,0.31815296
0.36011335,0.36106554
0.40193915,0.40896922
0.4480364,0.46192688
0.50291204,0.5045423
0.5215646,0.54932266
0.54580015,0.5790799
0.5756142,0.60354716
0.6081562,0.6207055
0.6342325,0.6382444
0.6439222,0.64616513
0.6032995,0.6336064
0.5637089,0.5999521
0.52128124,0.5681391
0.4746226,0.5126513
0.41394562,0.4500912
0.36530262,0.39471382
0.30920586,0.31485528
0.2704427,0.26950637
0.24312492,0.2419286
0.21809672,0.22671528
0.21153395,0.2175422
0.20860317,0.2202118
0.21342719,0.23695728
0.24195427,0.26531696
0.28688547,0.2986275
0.33593097,0.3448577
0.39988756,0.39830798
0.45906463,0.4402381
0.52054137,0.4881908
0.56166667,0.526128
0.6014935,0.556025
0.63110524,0.57583225
0.6175387,0.60663754
0.59987336,0.6162415
0.551858,0.6039236
0.5102502,0.56375587
0.48263866,0.52818197
0.45485288,0.4795518
0.41337875,0.41783175
0.3729266,0.36181903
0.33428612,0.30275336
0.30587468,0.26903003
0.2881742,0.24011305
0.27473372,0.22389893
0.26845995,0.2129333
0.26497182,0.21075866
0.25843322,0.20938978
0.2637521,0.22645107
0.29372364,0.25464693
0.31966367,0.28692788
0.34629205,0.32303166
0.3829346,0.34589934
0.38110402,0.36719778
0.398143,0.3789762
0.42113087,0.3895485
0.41953212,0.39834577
0.4181526,0.4092197
0.41971236,0.41804165
0.41234207,0.4040069
0.3998521,0.3812709
0.3934,0.35744694
0.38055074,0.3290262
0.3402799,0.30151448
0.2919012,0.25916559
0.25120366,0.2327342
0.22054148,0.2029122
0.20479886,0.18267593
0.19873641,0.17291364
0.20456001,0.17361459
0.21895878,0.1833444
0.24507129,0.20912549
0.27741838,0.23520467
0.3190267,0.27171338
0.36350983,0.31744987
0.41566283,0.36757988
0.47398862,0.42042175
0.5267541,0.47316873
0.5706539,0.5161812
0.6049225,0.55767965
0.63932437,0.5847775
0.6659956,0.61351466
0.6773843,0.62402797
0.66562593,0.6086829
0.6232585,0.565395
0.5695586,0.5246415
0.5189022,0.47234994
0.44455007,0.41106626
0.37066227,0.35097378
0.31674862,0.3094873
0.27249464,0.27277446
0.24837881,0.24399212
0.22820675,0.22449574
0.22799261,0.22338709
0.23423955,0.23289362
0.25745767,0.25639713
0.29578352,0.3005729
0.33515084,0.34191194
0.37871224,0.3871464
0.43971404,0.43739974
0.49221995,0.4901785
0.52108353,0.5424746
0.5296022,0.5818351
0.54199827,0.6102186
0.54355735,0.639831
0.537217,0.65773493
0.5572976,0.65929663
0.5608046,0.6347127
0.5322823,0.5875032
0.4994723,0.54770994
0.4559171,0.49814522
0.38869214,0.43425593
0.32553333,0.37316918
0.2671553,0.27168128
0.22714715,0.23376405
0.1973163,0.20844254
0.18287605,0.19818676
0.18243417,0.1954906
0.19050655,0.20864174
0.21844663,0.23812416
0.24932083,0.26661313
0.2723128,0.30305946
0.3092701,0.33782858
0.3296339,0.37185943
0.33429742,0.40002915
0.3269614,0.429829
0.33386278,0.45230094
0.36074165,0.48090646
0.41301736,0.48980302
0.45690694,0.52206355
0.49218076,0.5354189
0.5033135,0.52781594
0.47885624,0.49683666
0.4474743,0.46259078
0.41701868,0.4155786
0.35451344,0.35847935
0.29850212,0.30233788
0.24752982,0.2375415
0.21204627,0.20486061
0.18647803,0.18472812
0.17661251,0.17792502
0.17108057,0.1831455
0.18531251,0.20763978
0.20558219,0.23830435
0.23985112,0.2805888
0.28233632,0.3180695
0.32418314,0.35296434
0.37050408,0.38890952
0.41866988,0.41623262
0.46433106,0.4502176
0.50866836,0.4844455
0.54845566,0.51774794
0.58067477,0.5295245
0.57893634,0.55069035
0.5825694,0.55648786
0.5607467,0.54215664
0.5207758,0.49706173
0.48815578,0.46106496
0.43918726,0.41425464
0.37867585,0.35759974
0.3212723,0.3013491
0.31938562,0.26022395
0.31749892,0.2224077
0.31561223,0.19815011
0.31372553,0.18756048
0.31183884,0.18055254
0.30995214,0.1908504
0.30806544,0.2126804
0.30617875,0.24673122
0.30429205,0.28198382
0.30240536,0.3114258
0.30051863,0.349589
0.29863194,0.39349267
0.29674524,0.44336456
0.29485855,0.48084435
0.29297185,0.50473326
0.29108515,0.5453879
0.28919846,0.56127244
0.28731176,0.5674143
0.28542507,0.5420191
0.28353837,0.5016246
0.28165168,0.46216217
0.27976498,0.4192216
0.27787828,0.37130347
0.2759916,0.31324863
0.27410486,0.23192143
0.27221817,0.2154919
0.27033147,0.18821058
0.26844478,0.17720601
0.26655808,0.17048773
0.2646714,0.16261321
0.2627847,0.16498801
0.260898,0.16855964
0.2590113,0.206541
0.2571246,0.24141093
0.2552379,0.27081645
0.2533512,0.29954484
0.25146452,0.33341745
0.2495778,0.353344
0.24769111,0.37447482
0.24580441,0.40327665
0.24391772,0.42688215
0.24203101,0.44120318
0.24014431,0.44176537
0.23825762,0.3972566
0.23637092,0.3779824
0.23448423,0.3329038
0.23259753,0.29628414
0.23071082,0.24469624
0.22882412,0.1801047
0.22693743,0.17144884
0.22505073,0.15252206
0.22316404,0.14324644
0.22127734,0.14057332
0.21939065,0.14012545
0.21750394,0.14932305
0.21561724,0.15823388
0.21373054,0.18749385
0.21184385,0.21864866
0.20995715,0.26530355
0.20807046,0.31572407
0.20618376,0.35639656
0.20429705,0.39749178
0.20241036,0.42754528
0.20052366,0.4551738
0.19863696,0.4770735
0.19675027,0.4863673
0.19486357,0.47999507
0.19297686,0.4372388
0.19109017,0.41568878
0.18920347,0.36721784
0.18731678,0.32187924
0.18543008,0.27207237
0.18354338,0.16355284
0.18165669,0.1565511
0.17976998,0.14836927
0.17788328,0.14251205
0.17599659,0.14040267
0.17410989,0.14351973
0.1722232,0.15200083
0.1703365,0.15549394
0.1684498,0.16927992
0.1665631,0.18238045
0.1646764,0.20383696
0.1627897,0.23363274
0.160903,0.25695994
0.15901631,0.28537348
0.15712962,0.31105116
0.1552429,0.33218443
0.15335621,0.34317005
0.15146951,0.35802466
0.14958282,0.35418427
0.14769612,0.32326326
0.14580943,0.30190217
0.14392273,0.2706192
0.14203602,0.23882996
0.14014933,0.20440243
0.13826263,0.1188568
0.11412421,0.10715653
0.10553844,0.097105734
0.09648483,0.09362453
0.09560777,0.09592906
0.09872374,0.092329554
0.10359701,0.09959677
0.106013864,0.10086195
0.11485898,0.10369233
0.11346412,0.104764834
0.12748209,0.0996623
0.14438899,0.11816106
0.17128217,0.13509847
0.20621526,0.15169862
0.24073453,0.17698547
0.28380638,0.21106821
0.32750055,0.22998153
0.35390735,0.24906458
0.34797326,0.2510307
0.32189286,0.23613101
0.29606584,0.22386542
0.26520592,0.20697579
0.23334378,0.18619293
0.1993838,0.15980901
0.16954465,0.15823662
0.14298707,0.13460848
0.12548222,0.12143536
0.11456592,0.11080915
0.10779853,0.11079877
0.10973573,0.12673417
0.11207262,0.14688647
0.119641855,0.16741452
0.14415066,0.19238816
0.17322926,0.22390662
0.21634296,0.25813624
0.2790786,0.3011117
0.34655243,0.35289624
0.42798793,0.40171054
0.46284723,0.446995
0.5103152,0.4975428
0.5548246,0.5306221
0.5797361,0.5509657
0.56248266,0.534983
0.51674974,0.5004725
0.47090656,0.4578255
0.41587803,0.4014523
0.36062568,0.34081504
0.29922682,0.2820658
0.25538206,0.24420065
0.2114614,0.20242862
0.18568201,0.1818297
0.17001584,0.15973866
0.16544199,0.15287945
0.17186335,0.15548968
0.17608501,0.16906157
0.18915865,0.19333011
0.22342406,0.23591383
0.26909003,0.29040837
0.3117085,0.35486054
0.35505682,0.422957
0.38705438,0.4805486
0.46212712,0.54443127
0.5413726,0.6003678
0.60191846,0.64658
0.6370326,0.6699823
0.6434422,0.6754253
0.61356366,0.65179455
0.57946193,0.6002501
0.53385174,0.5507813
0.47167063,0.4991424
0.39993435,0.42881572
0.3388619,0.36188638
0.28679472,0.27817675
0.24336165,0.23689075
0.21933834,0.21037672
0.20395711,0.18502429
0.20089199,0.17713892
0.21563043,0.17833284
0.2522691,0.18432763
0.28294045,0.1968382
0.31933406,0.222176
0.37310842,0.25586027
0.42577976,0.30170852
0.4934335,0.34624374
0.5586866,0.38858822
0.6229476,0.43555066
0.6746068,0.4791117
0.7111706,0.5190182
0.7321394,0.53924984
0.73721164,0.56063735
0.7076924,0.54432046
0.6725275,0.5079951
0.62532896,0.47232446
0.5489811,0.42217976
0.4703697,0.36135244
0.39846835,0.30798274
0.33909547,0.33415234
0.29267815,0.29450577
0.2628348,0.26071233
0.24549022,0.24101219
0.23064744,0.23653695
0.24364324,0.24404538
0.27881837,0.2765741
0.31104136,0.32241678
0.3517855,0.37450454
0.40967542,0.4248348
0.4709447,0.48930317
0.5382148,0.5523672
0.59695196,0.6132596
0.6493111,0.6588153
0.68733406,0.68833
0.73125154,0.719164
0.7531832,0.73770463
0.76074696,0.73454666
0.73394084,0.70353484
0.6849165,0.65620136
0.6251674,0.617248
0.5524335,0.557262
0.47373548,0.48731223
0.40047175,0.4230817
0.34096348,0.33702147
0.2919192,0.29449534
0.26427183,0.25883847
0.23731668,0.23472711
0.23194645,0.22739735
0.24323261,0.22414002
0.2730917,0.23466045
0.30979833,0.26538798
0.35319096,0.30596238
0.41866705,0.35704708
0.49205348,0.42552117
0.5719167,0.49178776
0.6375817,0.55545336
0.69314814,0.6095148
0.7387541,0.651836
0.76725537,0.6938034
0.7789776,0.72482115
0.7690644,0.73787475
0.7137792,0.7175179
0.6515151,0.670945
0.58663607,0.62399244
0.514984,0.5637318
0.43756518,0.49042028
0.37449622,0.42583412
0.3207526,0.32634252
0.27943185,0.28588423
0.24684095,0.25440243
0.23120709,0.22791812
0.22913837,0.21354964
0.24239014,0.20887634
0.27867836,0.21700144
0.3072021,0.24243227
0.34537545,0.27332088
0.38529795,0.31857955
0.4335757,0.37644044
0.50603086,0.42161068
0.58959687,0.4709666
0.65647256,0.50047463
0.6595146,0.52997494
0.59777814,0.5514965
0.53396916,0.57625175
0.49238256,0.58075416
0.450204,0.5592325
0.4259388,0.5189755
0.39774135,0.4823037
0.36486992,0.44083372
0.32020408,0.38218814
0.2794481,0.33453387
0.24056594,0.20589902
0.21398735,0.16573425
0.19659725,0.15021819
0.1886841,0.13468584
0.18512431,0.1316744
0.19201069,0.12778899
0.21242566,0.14385639
0.22752178,0.15990871
0.264117,0.18562324
0.30608016,0.23074143
0.34670675,0.27353895
0.3921988,0.31760368
0.4446392,0.36828306
0.5040509,0.3903381
0.51035064,0.41822913
0.48301435,0.4393344
0.4280169,0.45609814
0.39926562,0.4506014
0.37871683,0.42971525
0.37158698,0.3975195
0.35479096,0.36080822
0.33141926,0.3344525
0.3010648,0.29230532
0.25672448,0.25722098
0.21601053,0.19747208
0.18743013,0.1650282
0.16416788,0.14725216
0.15000409,0.13412757
0.14473696,0.13726547
0.14634861,0.13821617
0.15311,0.15428819
0.16444099,0.16979378
0.19937833,0.1872749
0.24231423,0.21779995
0.26750803,0.24182856
0.2580397,0.25989354
0.257869,0.28455555
0.28766277,0.30329165
0.2998728,0.3265147
0.33544406,0.33752257
0.38167813,0.35652697
0.40877292,0.36795315
0.40721512,0.3577423
0.3943625,0.3341
0.37101147,0.3085225
0.33356547,0.2860192
0.29148102,0.25159034
0.24778792,0.21410617
0.2095505,0.19782495
0.18164414,0.1641793
0.16546318,0.14773162
0.15821029,0.14084193
0.16272907,0.14259326
0.18450835,0.16139743
0.22720242,0.1878686
0.25416604,0.21970692
0.278931,0.24924783
0.30411333,0.27407438
0.33510086,0.2996594
0.37235513,0.31357393
0.4000076,0.33719933
0.42694,0.36689982
0.46916655,0.39900362
0.50087637,0.41790774
0.5142282,0.4394059
0.5041874,0.45450974
0.47232118,0.4485225
0.43953785,0.41138923
0.39936113,0.38386276
0.35220656,0.34629512
0.30211928,0.30203438
0.24851087,0.2502789
0.2471254,0.18798271
0.24573995,0.15717769
0.2443545,0.1429428
0.24296904,0.13323933
0.24158359,0.13749045
0.24019814,0.15294358
0.23881267,0.18503234
0.23742722,0.214757
0.23604177,0.23645656
0.23465632,0.2586521
0.23327085,0.28728265
0.2318854,0.32281265
0.23049995,0.36496082
0.22911449,0.4075221
0.22772904,0.44411185
0.22634359,0.47704458
0.22495812,0.49824893
0.22357267,0.5041005
0.22218722,0.4815109
0.22080177,0.4425623
0.2194163,0.40365732
0.21803086,0.35990953
0.2166454,0.30740884
0.21525994,0.25434333
0.21387449,0.18374087
0.21248904,0.17839526
0.21110357,0.16196585
0.20971812,0.1557388
0.20833267,0.1528087
0.20694722,0.15379772
0.20556176,0.16444601
0.2041763,0.16580439
0.20279086,0.18535696
0.20140539,0.20100127
0.20001994,0.2243296
0.19863449,0.24743593
0.19724903,0.26944563
0.19586357,0.29117134
0.19447812,0.3096371
0.19309266,0.32523185
0.19170721,0.33404464
0.19032176,0.34455425
0.18893631,0.33895057
0.18755084,0.30982614
0.18616539,0.2913489
0.18477994,0.2558598
0.18339448,0.22902733
0.18200903,0.18961611
0.18062358,0.13838637
0.17923811,0.13431257
0.17785266,0.12041259
0.17646721,0.11386977
0.17508176,0.11758898
0.1736963,0.11790445
0.17231084,0.1370725
0.1709254,0.13720194
0.16953993,0.1469277
0.16815448,0.1533429
0.16676903,0.16619161
0.16538356,0.17661694
0.16399811,0.19555469
0.16261266,0.21306792
0.16122721,0.22409612
0.15984175,0.23405918
0.1584563,0.24147569
0.15707085,0.25336376
0.15568538,0.24500526
0.15429993,0.22721085
0.15291448,0.2193251
0.15152901,0.1945762
0.15014356,0.17220873
0.14875811,0.1426189
0.14737266,0.11410393
0.1459872,0.10793503
0.14460175,0.09638358
0.1432163,0.091285825
0.14183083,0.097085215
0.14044538,0.0991844
0.13905993,0.12095228
0.13767447,0.117679484
0.13628902,0.11530497
0.13490357,0.10706325
0.1335181,0.10737173
0.13213265,0.11008649
0.1307472,0.124893226
0.12936175,0.14426999
0.12797628,0.16028306
0.12659083,0.18300314
0.12520538,0.19752194
0.123819925,0.21596417
0.12243447,0.21816096
0.12104902,0.21391517
0.11966356,0.20848617
0.1182781,0.19026685
0.11689265,0.17019731
0.11550719,0.13837042
0.11412174,0.11255781
0.095541745,0.10140939
0.08242961,0.096240625
0.07560414,0.09240866
0.072163865,0.08603888
0.076314546,0.09024086
0.08163041,0.106259644
0.083498046,0.09983796
0.08498947,0.10462543
0.08502407,0.10670015
0.089934945,0.122054115
0.10275278,0.13823989
0.14122818,0.16267091
0.16090539,0.18839721
0.21334068,0.2039423
0.23014678,0.23159432
0.24995604,0.24126883
0.2619277,0.24389447
0.26400208,0.24180272
0.2715023,0.22494167
0.26279894,0.21030349
0.23533006,0.19609278
0.20187744,0.17786527
0.16939071,0.14772782
0.14176364,0.12895636
0.12277106,0.10930928
0.113170885,0.09659868
0.10760081,0.088862866
0.111494265,0.09029426
0.13229586,0.09790806
0.17078432,0.10977447
0.20599583,0.12587076
0.2204977,0.14150093
0.23460534,0.15153445
0.2413083,0.16174634
0.24553719,0.17150179
0.24950214,0.1859617
0.2451751,0.1947687
0.24644144,0.206377
0.24356292,0.22176044
0.25116587,0.23615734
0.25530207,0.24829839
0.25764287,0.24984875
0.26135182,0.241483
0.24578135,0.22812852
0.22039035,0.20047219
0.17766665,0.17378917
0.143528,0.13959046
0.11872225,0.10800717
0.10266451,0.090521626
0.0912087,0.07872862
0.08868326,0.0733251
0.08433486,0.08091683
0.10377814,0.0984691
0.13776796,0.13274147
0.15618147,0.15367007
0.15606779,0.15543203
0.14845777,0.14858693
0.13772523,0.14166583
0.13767439,0.13918987
0.15043892,0.14276543
0.1626228,0.15607743
0.1834498,0.17502436
0.21300684,0.19259512
0.24378642,0.21727781
0.2684398,0.23509736
0.26925614,0.24015936
0.2690277,0.23670426
0.2530833,0.22611037
0.21712804,0.19498894
0.17603064,0.16424893
0.14242902,0.1313225
0.113352194,0.10948158
0.09650125,0.09498733
0.08649997,0.08335001
0.08065378,0.07973857
0.086920135,0.08347986
0.10483598,0.10253673
0.13702348,0.1287488
0.15624239,0.14613873
0.14615671,0.1551164
0.13772859,0.15361582
0.13525559,0.15450382
0.13692267,0.1601086
0.14255737,0.16845801
0.16205557,0.1828057
0.17804497,0.2056869
0.21193153,0.22711074
0.24819025,0.25320032
0.27234176,0.2674625
0.27518725,0.2717541
0.27463308,0.25852
0.25150344,0.24613193
0.21665613,0.21397384
0.17591941,0.18347438
0.13975883,0.14742997
0.112543456,0.109075546
0.10028826,0.08978221
0.08653333,0.079846665
0.0823959,0.074144736
0.086534925,0.07695284
0.103862524,0.092766516
0.13861625,0.113377064
0.15278004,0.13169336
0.1501049,0.13466917
0.13628694,0.1281497
0.1255456,0.13238762
0.12741289,0.13537383
0.13121966,0.14177012
0.1488428,0.15729667
0.1716854,0.1765185
0.20259085,0.19453247
0.23471533,0.21969527
0.26022354,0.2358066
0.25860712,0.2357668
0.26427767,0.22457477
0.24181744,0.21152064
0.21148716,0.18393509
0.17758667,0.15479559
0.13821073,0.124251634
0.11636382,0.110827364
0.0976659,0.09251098
0.08932676,0.08482103
0.08483641,0.081375495
0.08172133,0.081438474
0.10506637,0.099614866
0.13771129,0.12774661
0.15360714,0.14818361
0.15536603,0.1605943
0.15079165,0.15764786
0.14927356,0.16434616
0.15202197,0.1687668
0.15259096,0.17574953
0.17021039,0.19003108
0.17925906,0.2084842
0.19200592,0.22266977
0.20295894,0.2398933
0.21929385,0.2462056
0.22488724,0.24769703
0.22847581,0.22992688
0.22078069,0.21381798
0.19690232,0.18591976
0.17029107,0.1605712
0.14159575,0.1311793
0.11856142,0.11623103
0.10138405,0.098748066
0.09359978,0.0882306
0.084370516,0.08514255
0.08732283,0.08178769
0.09040049,0.09667271
0.10644622,0.120147616
0.119962454,0.14193806
0.14390068,0.15672153
0.16417195,0.15902653
0.17211422,0.16619255
0.17911217,0.17046063
0.18278512,0.17758308
0.18641149,0.18113965
0.18625613,0.18029359
0.18109721,0.18893416
0.18055628,0.20023593
0.18498732,0.2129545
0.19174129,0.22342634
0.1976648,0.2168439
0.1867153,0.2020134
0.17197263,0.18138582
0.15134157,0.15892006
0.12556466,0.12870926
0.105339125,0.10161736
0.08898321,0.08294652
0.08086386,0.07973291
0.074508,0.07673718
0.075723484,0.07512173
0.079274274,0.08642485
0.08817994,0.107136264
0.10178109,0.11637335
0.124993026,0.12670174
0.14389645,0.14310782
0.15925296,0.15862708
0.16772327,0.16814026
0.17947814,0.17548925
0.19260122,0.1778503
0.19396254,0.17627063
0.19608264,0.18056168
0.20206794,0.19119538
0.2118812,0.19281735
0.21477808,0.19876464
0.2164953,0.1972518
0.2039287,0.18748185
0.1818085,0.16871534
0.15680484,0.14780794
0.1283731,0.11333074
0.10681131,0.108475745
0.09491749,0.089536004
0.0866126,0.08261578
0.082863554,0.07958987
0.0862062,0.07845326
0.10426875,0.09350037
0.1375328,0.112712204
0.16361408,0.13599467
0.1842552,0.1523496
0.19709615,0.16394944
0.20083356,0.17199096
0.20014168,0.17325664
0.20343685,0.17354885
0.20352405,0.16900147
0.20164548,0.16197538
0.20410594,0.16554642
0.20848154,0.17323786
0.22163886,0.17530848
0.23729637,0.18484278
0.22874539,0.18682742
0.2151077,0.17585099
0.18910162,0.15834773
0.15517731,0.13896213
0.12319053,0.10991619
0.10255629,0.095946856
0.09380563,0.08554
0.086820394,0.07962642
0.084699415,0.07809599
0.08856639,0.084524356
0.106769994,0.10622745
0.14816876,0.13919598
0.1714393,0.1633448
0.18792427,0.16976424
0.19808055,0.17247027
0.20034966,0.17119558
0.20307988,0.16791412
0.20052214,0.16558161
0.20304404,0.1713839
0.20064272,0.17277354
0.2013088,0.17573527
0.20214473,0.18573976
0.21272543,0.18800464
0.22390142,0.19646287
0.23091209,0.19256142
0.21921864,0.18095335
0.19354326,0.15631483
0.1602732,0.1290636
0.13060723,0.10335125
0.106912114,0.0962336
0.09231297,0.081167266
0.08808372,0.075494975
0.083571665,0.07187223
0.086690985,0.079433955
0.10989409,0.09902405
0.14345226,0.13173145
0.16400865,0.15238953
0.15813333,0.15288766
0.14135,0.1419327
0.12501103,0.13553233
0.10909876,0.11855515
0.102241166,0.11089987
0.11515716,0.1118043
0.12070958,0.114999704
0.1368819,0.1272256
0.1687654,0.14914191
0.19525182,0.16719718
0.21841715,0.18114364
0.23357664,0.1890828
0.22092263,0.18456832
0.19098692,0.16027176
0.1594814,0.1309556
0.12850797,0.10410762
0.108725555,0.10295627
0.09325164,0.09116683
0.08327189,0.084160306
0.07749756,0.083483234
0.080086544,0.08803971
0.10082106,0.111625485
0.13918948,0.15236351
0.16309063,0.18371305
0.17535271,0.19662629
0.18030666,0.19265436
0.18098988,0.19212085
0.18031478,0.18371646
0.1848316,0.18266316
0.18721722,0.18820621
0.18436942,0.1950418
0.18586896,0.20149289
0.19412549,0.20969507
0.20290722,0.22615412
0.2186726,0.24311845
0.22667438,0.23409033
0.21485011,0.22388434
0.18919149,0.1976958
0.15744075,0.17045884
0.12763639,0.13841516
0.12686689,0.09973879
0.1260974,0.08665533
0.1253279,0.07996846
0.1245584,0.07785405
0.1237889,0.07786336
0.123019405,0.09668266
0.12224991,0.1261501
0.121480405,0.14473757
0.12071091,0.14921844
0.11994141,0.15307839
0.11917192,0.15587695
0.11840242,0.15755364
0.11763292,0.1582304
0.11686342,0.1612681
0.116093926,0.16292918
0.11532443,0.17099497
0.114554934,0.18842082
0.11378543,0.19748801
0.113015935,0.20601588
0.11224644,0.2039561
0.11147694,0.19374546
0.11070745,0.17143348
0.10993794,0.14698432
0.10916845,0.118945494
0.10839895,0.10551848
0.09365574,0.095472604
0.08555317,0.08274846
0.07878296,0.078129984
0.07875648,0.06941355
0.08727975,0.06823716
0.10347166,0.074226886
0.1192411,0.07425564
0.13461156,0.08134043
0.15067036,0.09028821
0.15802492,0.10852198
0.16649242,0.119938605
0.16517136,0.1346408
0.14318216,0.14124665
0.118241705,0.14398152
0.12276365,0.15410532
0.14623244,0.17416804
0.16814202,0.19436482
0.18453819,0.20927013
0.19509329,0.21090055
0.18562022,0.20424196
0.16841672,0.19140597
0.14889312,0.17215583
0.12336478,0.14088863
0.10257236,0.092814736
0.085565,0.08065766
0.078038484,0.07139774
0.07041328,0.07049166
0.06737516,0.078015015
0.07388462,0.09285209
0.07939821,0.12343095
0.087278694,0.13550645
0.09320115,0.1339309
0.083360516,0.13342199
0.074112006,0.13267817
0.07061171,0.13598809
0.07844135,0.14552747
0.09765372,0.16618833
0.12357204,0.18714902
0.15803288,0.21393155
0.19971004,0.23544003
0.23568755,0.25897774
0.24372445,0.26529038
0.2462423,0.25741538
0.2262701,0.24944746
0.19824898,0.21972626
0.16507001,0.18756597
0.13123502,0.14691013
0.103806034,0.10074819
0.08838244,0.08348048
0.08032558,0.07472866
0.076924324,0.06670157
0.08019247,0.07126796
0.09996377,0.07956579
0.13518214,0.08881488
0.15372807,0.09916542
0.15427712,0.10530303
0.14687842,0.11007185
0.14619096,0.12295982
0.14987487,0.1389369
0.1706807,0.16152915
0.19646926,0.1902755
0.22768931,0.21430638
0.25904584,0.23834282
0.2840373,0.26772863
0.29508406,0.28351566
0.2958762,0.2796597
0.28884137,0.2663372
0.26012275,0.25434735
0.22466886,0.21949321
0.18340074,0.18452162
0.14730671,0.1420955
0.117995426,0.11513536
0.096384734,0.092511974
0.08633102,0.0844112
0.08319104,0.080144405
0.087624185,0.083947055
0.10066217,0.10576653
0.13836008,0.1318452
0.15697573,0.14686015
0.14857057,0.1473868
0.14161535,0.14308412
0.13785817,0.14578696
0.14650962,0.15374242
0.17116989,0.17085665
0.2021366,0.1973869
0.24525525,0.22580549
0.28650326,0.25958383
0.32118618,0.28745085
0.34505853,0.3084945
0.3382246,0.30057007
0.32591715,0.28555688
0.29690406,0.26286197
0.25769317,0.22794478
0.21215625,0.1886402
0.17102584,0.14979915
0.13783681,0.1319611
0.117291905,0.106836334
0.104911536,0.0963342
0.096556336,0.088945314
0.09447349,0.092349164
0.116000324,0.10400323
0.15195718,0.12219356
0.17037387,0.13709807
0.1678223,0.14723752
0.1696331,0.15595946
0.18210739,0.16795506
0.2061503,0.18082318
0.23772484,0.20753117
0.27207994,0.23783615
0.31157258,0.2700278
0.35428956,0.3025961
0.38190022,0.32928017
0.38937837,0.345917
0.37319192,0.33528912
0.35105655,0.3106678
0.31426308,0.28473827
0.27066988,0.25126323
0.21948788,0.21158972
0.17294697,0.16955689
0.13864061,0.13301092
0.11140193,0.104133375
0.095485255,0.09248309
0.087070905,0.08273572
0.092410065,0.08683672
0.11135391,0.10209506
0.1473821,0.118911624
0.1615849,0.13205644
0.16324705,0.12875544
0.15510492,0.12689362
0.15310946,0.13620935
0.1675997,0.14393613
0.19378847,0.16357654
0.21690471,0.19068402
0.24796958,0.2190691
0.28122693,0.25205395
0.3111238,0.27787158
0.31865737,0.29455173
0.3093402,0.28647047
0.30582047,0.267168
0.28056985,0.24664927
0.2500701,0.2159172
0.20940396,0.17719375
0.17620505,0.14203061
0.17448829,0.14259844
0.17277153,0.119187
0.17105478,0.108749725
0.16933802,0.10262449
0.16762125,0.102662094
0.16590449,0.11509047
0.16418773,0.13262135
0.16247098,0.14884281
0.16075422,0.16673787
0.15903746,0.18479924
0.1573207,0.20616
0.15560393,0.22032735
0.15388717,0.24187908
0.15217042,0.2645969
0.15045366,0.28907272
0.1487369,0.30524427
0.14702013,0.32416952
0.14530337,0.32765406
0.14358662,0.32153004
0.14186986,0.29516038
0.1401531,0.27553728
0.13843633,0.24592455
0.13671957,0.21369556
0.13500282,0.17433782
0.13328606,0.1306543
0.1315693,0.12758602
0.12985253,0.11435616
0.12813577,0.11552553
0.12641901,0.11592556
0.12470225,0.114686586
0.1229855,0.1336006
0.121268734,0.13850823
0.11955197,0.13932231
0.117835216,0.14739369
0.11611845,0.15654527
0.1144017,0.16159128
0.112684935,0.16295743
0.11096817,0.16155393
0.10925142,0.15110496
0.107534654,0.13995527
0.10581789,0.1351368
0.10410114,0.13964354
0.10238437,0.14092913
0.10066762,0.14729643
0.098950855,0.15332153
0.09723409,0.14011678
0.09551734,0.1360646
0.093800575,0.11910727
0.09208382,0.098701596
0.08019671,0.086367086
0.068690225,0.07644554
0.06445587,0.06994489
0.06286893,0.06129949
0.06852816,0.061363585
0.07898634,0.067082085
0.084142424,0.05806695
0.08138466,0.067493685
0.07117258,0.06877603
0.058377698,0.087182745
0.06568654,0.09415353
0.08061688,0.109933704
0.086950324,0.11153664
0.08690301,0.10847782
0.097908646,0.12865813
0.12076254,0.14644854
0.1483582,0.16329925
0.1697392,0.17422557
0.17908269,0.17435355
0.16981477,0.16961679
0.15222587,0.1633262
0.13010144,0.14667775
0.10163616,0.120738566
0.08342849,0.08292813
0.073148794,0.0723635
0.064280555,0.06753584
0.06331363,0.06813486
0.072820604,0.07749297
0.09492067,0.099952765
0.12525183,0.13447718
0.14719954,0.15485641
0.14219616,0.15322909
0.12226757,0.1428212
0.095969155,0.13014032
0.08541847,0.121394806
0.09686616,0.12031682
0.094517626,0.11860699
0.115952305,0.12673196
0.14050294,0.14068246
0.15501295,0.16205834
0.18247265,0.18550818
0.20909785,0.20667744
0.22013614,0.2060749
0.20088193,0.20069882
0.17459181,0.1765143
0.14817953,0.14458404
0.12070111,0.11460619
0.098894455,0.09200919
0.08625545,0.07940735
0.077882245,0.07328629
0.078037955,0.07168408
0.084262826,0.08037014
0.10909612,0.10163077
0.14225265,0.14237425
0.16358054,0.17004192
0.16100919,0.17287101
0.14531496,0.15689191
0.11530775,0.1445836
0.12258676,0.1318664
0.10053789,0.12679954
0.10703481,0.12729384
0.1283062,0.13408151
0.13491027,0.14746638
0.15620725,0.16765256
0.18460563,0.19524805
0.20737197,0.21515554
0.21481144,0.2154086
0.20448904,0.20527828
0.18047473,0.17873901
0.14796574,0.14950007
0.117136374,0.12060384
0.09780837,0.09737608
0.08538722,0.083159596
0.07852256,0.07909067
0.07785082,0.07612339
0.085177846,0.08660573
0.10764918,0.10401764
0.14628647,0.14537662
0.16736789,0.16531837
0.1557795,0.1618065
0.13019219,0.14180453
0.11862974,0.12838283
0.107434504,0.11198784
0.09737107,0.10823503
0.10305008,0.118436605
0.115404315,0.12516207
0.13856593,0.1387018
0.17336167,0.16170406
0.19990653,0.18265763
0.22269952,0.19699034
0.22222322,0.19787829
0.20655388,0.1923612
0.18494229,0.16934824
0.15092424,0.14298443
0.120397635,0.113582924
0.09071067,0.093056545
0.07610941,0.07843491
0.07890195,0.07422844
0.07517815,0.07018745
0.08013951,0.07972135
0.101693176,0.09850832
0.14237942,0.1386237
0.16425951,0.15680033
0.15365039,0.15584216
0.12604733,0.13571809
0.10624408,0.1250035
0.093429595,0.11507336
0.098738745,0.11214466
0.104449,0.122599244
0.11940706,0.13539818
0.13922867,0.15308581
0.17852516,0.17530589
0.20424311,0.19357753
0.21963494,0.20932658
0.22377679,0.20516126
0.20796709,0.19804618
0.18271133,0.17294183
0.15155272,0.1452501
0.11941871,0.11402615
0.10047186,0.09507976
0.08729052,0.07940705
0.080007985,0.07438629
0.07902853,0.06917389
0.08075352,0.07649418
0.10521519,0.09169447
0.14294259,0.12927909
0.16238782,0.1538606
0.1520368,0.15996504
0.13026263,0.14848046
0.10709572,0.13561447
0.08935801,0.123008765
0.08748737,0.119453825
0.08988075,0.122222774
0.1036016,0.13209686
0.121572696,0.14694688
0.1502945,0.16666798
0.18085924,0.18975379
0.19714807,0.2092191
0.20187603,0.20393604
0.19061372,0.19896951
0.17328611,0.17405537
0.14668617,0.14668258
0.12360452,0.11842904
0.10430547,0.09796727
0.09221287,0.09102412
0.082332335,0.08424015
0.07794262,0.08193745
0.08264623,0.09179054
0.08459702,0.112506054
0.10436673,0.14890568
0.12177413,0.17240298
0.13703479,0.17496838
0.15504083,0.17457764
0.16674769,0.17612821
0.17553331,0.17471674
0.17519382,0.17662917
0.18340285,0.17745584
0.17732662,0.1766698
0.17694211,0.17586091
0.17620222,0.18053938
0.18447535,0.19882886
0.19476227,0.20824744
0.19015329,0.20495419
0.18067722,0.2045615
0.16452008,0.18044467
0.14433868,0.1530687
0.11821328,0.1287413
0.10037282,0.09943756
0.084764384,0.08561129
0.0763405,0.079467736
0.07193401,0.073406816
0.071821555,0.07626525
0.07530173,0.08330985
0.090064354,0.095972136
0.10015655,0.097359665
0.101775095,0.10797725
0.08190616,0.11896177
0.06824481,0.13577019
0.06872748,0.1304122
0.06695411,0.12823312
0.07997921,0.12592392
0.09388631,0.1230235
0.09905635,0.13215397
0.11597349,0.14144865
0.15114261,0.15135531
0.18150856,0.1590073
0.18919626,0.16406894
0.17956695,0.16557336
0.16059397,0.15008256
0.13727823,0.12999721
0.10904298,0.10544489
0.09264045,0.09054553
0.07941463,0.07652957
0.07631243,0.07688959
0.07605256,0.07721183
0.082777224,0.082611546
0.109623626,0.10665656
0.14875947,0.132415
0.17150444,0.15691668
0.16467774,0.1604593
0.13974594,0.14369753
0.11542886,0.1292226
0.10804887,0.119119264
0.11394661,0.112466425
0.12343098,0.109082706
0.12733468,0.11543884
0.14316043,0.13623807
0.16273119,0.15732464
0.18944395,0.1781929
0.21613145,0.20473638
0.22584692,0.20837441
0.2032001,0.20263803
0.18301164,0.18273467
0.15175186,0.1572326
0.123939775,0.11853215
0.103926614,0.102015674
0.08668128,0.088613234
0.085183315,0.082525834
0.08275692,0.079867944
0.08895584,0.08611727
0.1125544,0.10391369
0.15343712,0.14384781
0.17560604,0.1706348
0.16476743,0.1730131
0.140462,0.1647923
0.11354303,0.16130178
0.1112351,0.15529817
0.13430208,0.15328947
0.14265905,0.15557072
0.14967272,0.15816778
0.15406686,0.16410737
0.16525327,0.1807083
0.19344386,0.20429017
0.21905075,0.21956429
0.22192733,0.21640697
0.20877142,0.2090998
0.18494971,0.18182151
0.15001556,0.15510742
0.12361123,0.12713686
0.10486528,0.10558095
0.092664815,0.09008299
0.08758358,0.08415804
0.08303092,0.07973048
0.092159376,0.08660653
0.11310821,0.10293136
0.15190227,0.13645178
0.17207643,0.15844229
0.17034987,0.15666865
0.15320851,0.13884562
0.12931336,0.1276242
0.11767536,0.1123231
0.12884587,0.10558958
0.1592496,0.10692354
0.16374524,0.112297915
0.16695778,0.12388139
0.17600875,0.14627972
0.19649203,0.17303364
0.22190209,0.19216175
0.22278728,0.19843858
0.20752645,0.19410607
0.18483849,0.17073801
0.15189116,0.14544047
0.12537841,0.11980347
0.10299994,0.1040981
0.092812404,0.09001627
0.086280175,0.084197745
0.08544054,0.08179775
0.094751544,0.086979695
0.11797159,0.10542654
0.15842585,0.14017142
0.17880993,0.16101012
0.16739437,0.1572348
0.1399246,0.13559876
0.115058824,0.12217246
0.103171185,0.106301814
0.09690094,0.10188006
0.10854689,0.110406674
0.14037196,0.11734068
0.15618624,0.13773887
0.16997594,0.16111591
0.19646414,0.18177713
0.21848053,0.19772738
0.22149304,0.19863865
0.20440553,0.19264829
0.1853148,0.17188582
0.15226454,0.1476605
0.123581745,0.1182513
0.10379385,0.09848832
0.09004811,0.08733072
0.08282559,0.07968611
0.08111296,0.07770328
0.08222147,0.08310185
0.10271624,0.10366539
0.14191194,0.1419872
0.17234214,0.16818675
0.18564935,0.17469692
0.19300973,0.17238139
0.19441254,0.17287827
0.17781176,0.16844256
0.1737979,0.17336065
0.1801227,0.1830429
0.18174547,0.19253865
0.187562,0.20164254
0.18703185,0.21371758
0.2074357,0.22819324
0.2171418,0.23929521
0.21109666,0.22766927
0.19892973,0.21536365
0.18234502,0.1903333
0.15798609,0.16025396
0.1323686,0.13114831
0.11189961,0.098591045
0.09326435,0.08250178
0.082470395,0.07655215
0.07458956,0.070811495
0.07305858,0.0749004
0.07785029,0.09037342
0.09803999,0.11968315
0.11865587,0.13933298
0.14147675,0.14038478
0.15257719,0.1371014
0.15622403,0.13633202
0.15465526,0.1285666
0.13366371,0.12823713
0.102254756,0.13097814
0.1120419,0.13418588
0.12862502,0.14698543
0.14837055,0.16519786
0.16472611,0.18629567
0.18034002,0.19717845
0.1826838,0.19698541
0.17555432,0.19029686
0.15956067,0.16901547
0.14101546,0.14308174
0.11768348,0.117533654
0.0954593,0.08587461
0.08219764,0.07155276
0.07090724,0.06787205
0.06746167,0.06634994
0.067346916,0.07374553
0.07317369,0.09070247
0.08562273,0.12409048
0.09737425,0.13598761
0.10112859,0.12999476
0.0904681,0.115749925
0.072400786,0.111103304
0.07869875,0.10588492
0.07308012,0.105788976
0.07361787,0.10773223
0.07373845,0.111503534
0.0860579,0.12588798
0.115710616,0.13920365
0.15612003,0.16126066
0.18543732,0.17516024
0.19287115,0.17827003
0.18104814,0.17930105
0.16408138,0.16168582
0.13924138,0.13233933
0.11265856,0.105242595
0.094846696,0.091940485
0.08217857,0.07926554
0.07711711,0.07489722
0.07772035,0.07539433
0.08560084,0.08444275
0.1089261,0.10499173
0.15183607,0.1379725
0.17549165,0.16243532
0.16763464,0.16124313
0.14026198,0.14563096
0.110566184,0.1300896
0.09260973,0.12332594
0.08396765,0.115952894
0.0832207,0.11246182
0.09409092,0.11818395
0.118755616,0.12795289
0.15216427,0.15055235
0.188721,0.18034266
0.22163339,0.2054163
0.22075173,0.21278581
0.21091287,0.20559129
0.18674673,0.18192948
0.1581125,0.15363581
0.12882274,0.11997856
0.11065798,0.112740226
0.10033451,0.099553496
0.09641174,0.095561676
0.09646753,0.09362383
0.10420202,0.10117077
0.1274602,0.12155721
0.16887115,0.1592108
0.19226597,0.18966174
0.18671866,0.18794064
0.15213372,0.15675086
0.12635276,0.13666582
0.10798549,0.10841994
0.0970819,0.099543184
0.09973956,0.09942717
0.109909095,0.102624856
0.12929465,0.11812575
0.15908648,0.14571813
0.1951646,0.17667167
0.22145402,0.20312238
0.22011407,0.20748705
0.2095445,0.20585456
0.18533087,0.1847223
0.15017022,0.15962106
0.12704091,0.12952514
0.10233349,0.10729438
0.09207499,0.0937724
0.08759665,0.08920956
0.08562538,0.08523619
0.09368099,0.092503674
0.1146383,0.112321846
0.15372083,0.14971144
0.17902373,0.17635766
0.16573822,0.17421107
0.13877955,0.15463905
0.11576093,0.13784328
0.10113371,0.12253185
0.10753107,0.114588685
0.12007721,0.11897018
0.11971336,0.12866476
0.13512284,0.14413105
0.16865541,0.16905625
0.1989954,0.19159396
0.22023465,0.2142991
0.22023094,0.21971107
0.20023261,0.21488455
0.17491418,0.18885274
0.14517973,0.16302417
0.114232786,0.1313874
0.090142205,0.09894008
0.077856466,0.086161174
0.06999187,0.08227411
0.06727948,0.077581495
0.071108855,0.08347188
0.09232321,0.10380984
0.13093702,0.14011937
0.15755409,0.15700057
0.15600917,0.14942674
0.13808309,0.13152052
0.11902308,0.11448546
0.111191496,0.09922445
0.119386226,0.09645678
0.1361397,0.10499632
0.15576413,0.12325623
0.18982863,0.13783063
0.2190873,0.16680214
0.23965128,0.18876846
0.25114188,0.20414093
0.24361446,0.20263147
0.22239235,0.20119819
0.19623975,0.17304221
0.15518154,0.14547971
0.12478735,0.11296205
0.10251551,0.09780305
0.085965574,0.084353924
0.078154996,0.07844134
0.0711371,0.07415494
0.0796692,0.07995247
0.08855915,0.100558944
0.12710394,0.13333955
0.15786146,0.15422088
0.16147421,0.15933844
0.1586732,0.15766056
0.171556,0.15651453
0.1750992,0.15684406
0.17231283,0.16027999
0.1783375,0.17560531
0.17284617,0.20001972
0.18000989,0.21275808
0.19939968,0.23369308
0.231873,0.244515
0.23726813,0.25198078
0.20720637,0.2368907
0.19500361,0.22345504
0.1854472,0.19516984
0.16039501,0.16303603
0.13352937,0.13146496
0.109416895,0.10461622
0.09283906,0.08563352
0.08251541,0.07835682
0.07959893,0.07484449
0.07347187,0.07628687
0.08623021,0.09152145
0.09676589,0.11840308
0.11178768,0.12603003
0.11974743,0.12869102
0.11718598,0.13239472
0.113494135,0.13640228
0.11784554,0.15161756
0.13412166,0.17616583
0.15518136,0.20415263
0.18521859,0.23107085
0.21028474,0.2655304
0.23075072,0.29165265
0.24611112,0.31464863
0.2523203,0.31747004
0.2403569,0.30632788
0.22011513,0.28260085
0.19541618,0.25013816
0.16896506,0.21575831
0.13927951,0.17053661
0.11153469,0.11115683
0.08945016,0.093707085
0.07751839,0.08425555
0.06688473,0.07897477
0.06244258,0.080450624
0.065748684,0.08557192
0.07408959,0.10241583
0.0873057,0.118122704
0.104812674,0.12738928
0.1198244,0.13473442
0.12337519,0.14042848
0.12012293,0.14553237
0.13240409,0.14786033
0.13353254,0.15393439
0.14496222,0.150532
0.15531695,0.14922138
0.16434972,0.16010846
0.18433076,0.17012762
0.19734561,0.17730093
0.19049278,0.17424874
0.180873,0.16896746
0.15915215,0.1517624
0.13247435,0.13154815
0.10761899,0.1031598
0.08797038,0.087915845
0.07520586,0.07111015
0.069921605,0.06685144
0.06803225,0.06072345
0.07469372,0.06478811
0.0985336,0.07664565
0.13383672,0.09544223
0.16427734,0.11382323
0.18178996,0.12972733
0.17968117,0.13224302
0.17586873,0.13841416
0.16566761,0.12452329
0.15730481,0.12591256
0.16418783,0.12853296
0.18057677,0.1363698
0.18964855,0.15589024
0.20465693,0.17212309
0.22469445,0.18550809
0.2392726,0.19847712
0.22951,0.19505847
0.21282165,0.1829547
0.18810293,0.16620016
0.15542747,0.14284368
0.12849791,0.11945954
0.10635195,0.10276727
0.09391685,0.08554443
0.08710445,0.07911861
0.085671455,0.076637566
0.094164014,0.080706574
0.11561776,0.099085234
0.15684316,0.13498953
0.18744937,0.16223398
0.19086193,0.17370282
0.17282568,0.1645844
0.15451969,0.15389997
0.14103381,0.14149304
0.13509105,0.13864446
0.1455593,0.14424546
0.15869032,0.15307358
0.17786084,0.1626045
0.18692875,0.1830186
0.20229991,0.20567851
0.21928379,0.2280454
0.2213451,0.22712803
0.2135633,0.22002336
0.19108967,0.19497585
0.16074261,0.17097235
0.13400638,0.1470916
0.11561793,0.12060264
0.103443064,0.10875511
0.09842132,0.101925
0.09748194,0.09817617
0.103836395,0.101180196
0.12845942,0.11492448
0.17084648,0.14110696
0.20068668,0.16414931
0.20934641,0.16879721
0.20357932,0.1600947
0.18226221,0.14479621
0.15864371,0.12747845
0.14321464,0.116972834
0.13679133,0.11626982
0.1400729,0.12153911
0.15356971,0.13364513
0.18558562,0.15683974
0.22226399,0.18600559
0.257604,0.21875963
0.2574197,0.22687322
0.24579777,0.22574994
0.22428435,0.21157962
0.19139014,0.18846025
0.1650813,0.1659808
0.14565039,0.14579618
0.13468888,0.13460663
0.13249835,0.13183731
0.1320697,0.13096684
0.1421718,0.1375854
0.16636495,0.15623152
0.21550897,0.18952587
0.24292225,0.22229448
0.23150915,0.22639126
0.19131741,0.19422083
0.15314831,0.1637777
0.1283309,0.1349246
0.11759609,0.11914416
0.11192097,0.116109334
0.11926882,0.11617505
0.14115368,0.13269448
0.1716757,0.15552618
0.21509215,0.18727833
0.24946913,0.22504605
0.25239038,0.23201862
0.24712394,0.22865018
0.22679618,0.2150732
0.19726105,0.19215393
0.17066869,0.16481346
0.15105593,0.15744218
0.13939355,0.14001073
0.13670182,0.13388358
0.13650957,0.13129391
0.14418244,0.13509983
0.16657856,0.1446572
0.20649667,0.17277695
0.23486081,0.20856023
0.22848782,0.2174729
0.19622281,0.189549
0.15614846,0.16452049
0.1324883,0.13804299
0.11539178,0.1259491
0.10991633,0.12344245
0.11974178,0.1229428
0.13741152,0.13773254
0.17301653,0.16397844
0.20672971,0.19740546
0.23118308,0.23386557
0.22951,0.24044132
0.21794048,0.2362121
0.20303538,0.22060487
0.18079762,0.2014707
0.1557613,0.17123447
0.1376541,0.14031556
0.124280676,0.123071544
0.118695766,0.120560005
0.11382586,0.11954278
0.11291455,0.12096617
0.13031241,0.13671514
0.14137983,0.16628057
0.15698563,0.19766948
0.16652949,0.2016844
0.16476336,0.17703266
0.14164694,0.16016938
0.12508713,0.14083229
0.11077591,0.13071433
0.1180355,0.1251791
0.13089341,0.121075876
0.12928547,0.1309271
0.1485109,0.15140544
0.17183387,0.18015149
0.19246952,0.20853661
0.19104324,0.21903718
0.18027665,0.21983585
0.17063709,0.20407465
0.15075298,0.18226577
0.12953122,0.15302104
0.112431,0.116719216
0.09611533,0.10522555
0.09455099,0.09931805
0.08862324,0.09639436
0.08787205,0.10216435
0.09237511,0.11748626
0.10204008,0.13989459
0.11901725,0.16068846
0.12280708,0.15127026
0.113806084,0.12482242
0.111308366,0.09851624
0.09580497,0.072495855
0.08180783,0.058101185
0.06631362,0.05552731
0.073395245,0.06017039
0.09405755,0.07610843
0.124276616,0.11247131
0.18585625,0.14609674
0.20839362,0.17581646
0.18991584,0.18890391
0.16661493,0.18625468
0.17818938,0.1698493
0.15597598,0.14740933
0.13936885,0.1240928
0.11310803,0.103458375
0.09896225,0.090824336
0.0922533,0.08773334
0.08957709,0.08500171
0.09112166,0.088389024
0.102419116,0.10452553
0.12812206,0.13429439
0.1685915,0.15950951
0.17930284,0.16254939
0.1521715,0.14198664
0.12868045,0.12558985
0.106803365,0.10961883
0.10493555,0.107602775
0.10764141,0.10695813
0.11907922,0.114330105
0.13264064,0.1384423
0.15969643,0.15874268
0.19947012,0.18554229
0.23873731,0.21129712
0.2373684,0.20702481
0.22587375,0.20401245
0.21036841,0.1885668
0.18662775,0.16415717
0.15607625,0.13006543
0.12662409,0.1252369
0.10751165,0.11306664
0.09752272,0.09972604
0.08970438,0.098162234
0.088868275,0.099990524
0.095737,0.110437386
0.11568767,0.14694767
0.15368429,0.18178263
0.1739139,0.19905715
0.17734958,0.20414446
0.17536013,0.21064991
0.17544892,0.21012285
0.1710163,0.21150705
0.17210945,0.21845593
0.16930455,0.22075063
0.16298011,0.22069855
0.17228565,0.23034762
0.19977166,0.24766888
0.23301205,0.26483697
0.23450154,0.2565144
0.2237623,0.240522
0.2064663,0.21515942
0.18247971,0.18571724
0.1519321,0.15728322
0.12601838,0.11816325
0.110263415,0.09953716
0.09590595,0.08876172
0.09487936,0.086429864
0.09455911,0.086457685
0.103839226,0.09727012
0.13173534,0.12254444
0.16883019,0.14675069
0.17481425,0.15203138
0.14975993,0.13951537
0.12074048,0.12681492
0.10886996,0.11196942
0.10197617,0.10190437
0.10881559,0.10512721
0.12301328,0.11522535
0.13542242,0.1381925
0.16140589,0.1630847
0.20221147,0.19889207
0.2398723,0.23105446
0.24758948,0.24042922
0.24222931,0.23763743
0.22801574,0.22278538
0.20867185,0.20199
0.17576635,0.17346975
0.15487736,0.14738598
0.15333429,0.1274398
0.15179121,0.11729031
0.15024815,0.110597536
0.14870508,0.11043536
0.147162,0.120603494
0.14561895,0.14753392
0.14407587,0.17379913
0.1425328,0.18600617
0.14098974,0.17528807
0.13944666,0.17558007
0.1379036,0.16358508
0.13636053,0.162146
0.13481745,0.16489378
0.13327439,0.16270739
0.13173132,0.17347345
0.13018824,0.18857187
0.12864518,0.21248564
0.1271021,0.23651712
0.12555903,0.23593813
0.12401597,0.22870803
0.1224729,0.21284664
0.12092983,0.18896265
0.11938676,0.15846324
0.11784369,0.10801998
0.11630062,0.102191836
0.10580431,0.09044631
0.10182982,0.08592303
0.097658485,0.08263635
0.09748865,0.07893321
0.11503799,0.088634074
0.14677832,0.09199312
0.17333518,0.096650556
0.19408718,0.11125378
0.20475473,0.13036427
0.20832741,0.14866863
0.21287125,0.15864563
0.21420662,0.16652635
0.21203938,0.16709426
0.21332973,0.1654125
0.21412647,0.17901103
0.22657904,0.19770804
0.25091183,0.2106407
0.24521199,0.21554527
0.23405737,0.21901804
0.22101231,0.206631
0.20924914,0.19066855
0.18223555,0.16379608
0.1598546,0.14195837
0.14091164,0.12929162
0.13041887,0.12433337
0.123979494,0.120712206
0.12088807,0.12817918
0.12261129,0.14178753
0.13892908,0.16857332
0.151552,0.1974253
0.15486412,0.20021696
0.13973746,0.17964958
0.11595954,0.1533875
0.09054331,0.12377598
0.0804986,0.11379038
0.08331373,0.10914015
0.10049357,0.11510693
0.12890378,0.13051893
0.15419202,0.15276285
0.17861485,0.17687173
0.20342307,0.20519869
0.20448056,0.21504784
0.1985371,0.21569437
0.19092001,0.20179874
0.17936797,0.17464101
0.16003451,0.15500644
0.14275263,0.12871003
0.12820785,0.113995075
0.11938746,0.10593907
0.11495201,0.10482317
0.11362089,0.10627404
0.11891539,0.11817507
0.12598854,0.14347409
0.14056103,0.17397508
0.1434189,0.18021344
0.13036573,0.16718365
0.11580807,0.1486078
0.11298975,0.13046189
0.10827431,0.121685885
0.099620044,0.12271036
0.10061839,0.13573402
0.11779134,0.15356274
0.15190934,0.18105249
0.19559202,0.22020172
0.23916525,0.25919908
0.2428391,0.26005048
0.23922634,0.25738224
0.22915179,0.24696285
0.21106575,0.22475018
0.18549505,0.19497548
0.16249321,0.1663175
0.14622009,0.14303803
0.13738063,0.13954161
0.13588637,0.13969819
0.13713841,0.14149404
0.1483656,0.15200427
0.17569996,0.18187822
0.21729062,0.2166624
0.23001525,0.23104471
0.20161581,0.2123787
0.16684003,0.19004966
0.14268589,0.16813055
0.13548298,0.15824848
0.12700984,0.15359323
0.13587278,0.15710437
0.1648534,0.16837303
0.19468689,0.18884853
0.23189719,0.22771598
0.27029738,0.26687396
0.26882786,0.26848307
0.2628136,0.2620509
0.24722016,0.2469754
0.22828726,0.2223968
0.19543755,0.19092762
0.16643856,0.1587999
0.14998856,0.13597877
0.13871953,0.12647696
0.13645148,0.12422824
0.13410224,0.1236355
0.14570811,0.13388285
0.16886796,0.1626614
0.20943892,0.20255181
0.21981606,0.22127537
0.19309483,0.20614775
0.16497715,0.193379
0.14116852,0.17947398
0.13442743,0.17663448
0.12774248,0.1772443
0.13159746,0.17805955
0.15372737,0.19302973
0.1853194,0.20825033
0.22504435,0.24098371
0.26183873,0.2708249
0.26830405,0.26828647
0.25693828,0.25870636
0.2450208,0.24352096
0.22389843,0.2206871
0.19435853,0.19052878
0.1681016,0.15937732
0.15196495,0.1386327
0.14332463,0.13061251
0.14105181,0.12768717
0.14193736,0.12868896
0.15314195,0.13759345
0.1762257,0.16199219
0.21836206,0.19655955
0.23444222,0.21586795
0.207015,0.19548045
0.17110246,0.17483406
0.15882854,0.15433025
0.14730053,0.14840813
0.14626917,0.14884096
0.16463448,0.15021244
0.17772949,0.17353263
0.19191377,0.19011916
0.2310219,0.22607149
0.26102945,0.26051632
0.26433626,0.25762832
0.25607887,0.24958372
0.24137926,0.23693374
0.21664502,0.21503691
0.1807579,0.18080983
0.15334603,0.16082238
0.13381253,0.13748306
0.124453336,0.12956817
0.119645916,0.12197465
0.12062573,0.12428145
0.13172333,0.13676912
0.15346873,0.16109294
0.19657378,0.20091218
0.21393386,0.20928471
0.18709028,0.18264206
0.15111966,0.1569357
0.13088387,0.12408038
0.114415504,0.108786836
0.11823481,0.10056098
0.12557931,0.101756506
0.14840904,0.11776945
0.1797901,0.14528401
0.20741221,0.18624204
0.24035603,0.22150643
0.24391848,0.23084673
0.23326927,0.22818866
0.21794295,0.2096696
0.1947621,0.18982166
0.16483063,0.16017288
0.13972722,0.14106084
0.12813424,0.12255741
0.11668619,0.11644029
0.10719158,0.109751716
0.112748064,0.1109976
0.11992962,0.12582195
0.14254414,0.15428531
0.18379566,0.1898025
0.1900629,0.1988634
0.17406006,0.16991341
0.16120216,0.15056609
0.14123966,0.1267091
0.13470319,0.11542692
0.12820591,0.12199576
0.14909136,0.12483265
0.16266604,0.14602776
0.18553777,0.17030494
0.21070509,0.19731857
0.23495613,0.22865245
0.2243329,0.22812003
0.21573918,0.22004762
0.19867903,0.20440614
0.18020691,0.18577763
0.15659547,0.15275916
0.13251372,0.1192941
0.114004865,0.103826195
0.098837785,0.09276855
0.08922436,0.08898859
0.0873073,0.08741919
0.08718213,0.099384435
0.096894056,0.12099363
0.11435725,0.14900258
0.12792504,0.15810844
0.13914022,0.1595463
0.13313073,0.16621338
0.114613056,0.16357277
0.09762706,0.15825197
0.08117616,0.15772186
0.09138453,0.16238329
0.1093431,0.17130129
0.14157526,0.1805237
0.17742531,0.21103367
0.21005912,0.23697668
0.21112067,0.2376334
0.20603997,0.23957124
0.19968162,0.22209041
0.18597119,0.20316495
0.1706973,0.17792422
0.14978465,0.13644257
0.13420534,0.12398227
0.12428915,0.116657965
0.11875367,0.11656618
0.117538884,0.117753565
0.121318124,0.13109198
0.12919879,0.1520578
0.1439178,0.18029797
0.14792584,0.18432193
0.13337684,0.1611094
0.10961851,0.13837667
0.09057897,0.11427588
0.08143656,0.10490291
0.08170667,0.10144249
0.09082171,0.103787355
0.11279185,0.12040699
0.14374498,0.14573404
0.18518662,0.1803131
0.22409086,0.21287484
0.22807276,0.21749315
0.22098018,0.21054009
0.21120451,0.20221639
0.19262823,0.18066163
0.16734193,0.15553765
0.14341412,0.1399921
0.12606922,0.12016565
0.11844172,0.11463219
0.1157996,0.11313173
0.11951475,0.11164478
0.13300662,0.12345945
0.16305973,0.15212885
0.20396312,0.18866834
0.21927638,0.20922805
0.19777532,0.19775993
0.16438274,0.17971486
0.14093354,0.17075737
0.13374245,0.16677418
0.13219488,0.169892
0.13804743,0.17504528
0.16623414,0.1949131
0.20568511,0.21394797
0.24619286,0.24809034
0.28477103,0.28316927
0.28744897,0.27903873
0.28053454,0.26768664
0.2658941,0.25518054
0.24354385,0.23263805
0.21018092,0.19728106
0.1809083,0.17586249
0.15627521,0.15385294
0.14210701,0.14196315
0.13897797,0.13679913
0.14013062,0.1379436
0.15470488,0.14537865
0.17622395,0.17195216
0.22016597,0.20993474
0.23219414,0.23738717
0.22770308,0.2396835
0.2270483,0.23952828
0.22872509,0.24314496
0.24631874,0.2511959
0.24936286,0.2588708
0.2470551,0.2527676
0.25299963,0.25366923
0.26137972,0.25985095
0.28229818,0.28444287
0.3003249,0.3096805
0.2955572,0.29516163
0.2793773,0.28030178
0.26341718,0.26128227
0.23407096,0.23422633
0.20137343,0.20066038
0.16709796,0.15799402
0.14154455,0.13511577
0.12617056,0.12008526
0.10794736,0.11486861
0.113096386,0.105148226
0.11149267,0.11638174
0.13254584,0.13479716
0.16798931,0.1673711
0.1931651,0.18975554
0.19373798,0.19038801
0.19737263,0.19324987
0.1900855,0.1890499
0.18205371,0.18821013
0.18278566,0.18619743
0.20112626,0.18555367
0.20526105,0.19041805
0.21650378,0.2072333
0.23577529,0.23489435
0.2524158,0.26372135
0.24463081,0.26675794
0.23214912,0.255182
0.21855272,0.23775952
0.19807579,0.2150885
0.1697678,0.18485062
0.14298849,0.13871877
0.1200645,0.11867437
0.105741814,0.10743243
0.0968441,0.10169007
0.092652455,0.10224874
0.09645623,0.10963263
0.10816821,0.13099347
0.12297197,0.15750009
0.13703972,0.16969556
0.13950495,0.16709301
0.120372385,0.15853432
0.11048709,0.14680496
0.107165806,0.14323425
0.10878028,0.1484332
0.11295674,0.15445119
0.12633474,0.1624371
0.14750178,0.18457405
0.1694315,0.20957841
0.18360129,0.23660897
0.17962873,0.24279833
0.17952281,0.23985961
0.17962767,0.22413012
0.17294927,0.2023139
0.15929408,0.17694117
0.14126949,0.1268171
0.12201458,0.11451662
0.11065463,0.107923895
0.104807906,0.1048637
0.10281122,0.10336517
0.10928466,0.114039
0.12285386,0.12311828
0.14396706,0.1364058
0.15293628,0.13465999
0.1527209,0.12196833
0.14432314,0.116841674
0.13048595,0.09801235
0.117460854,0.08550072
0.11529098,0.08144067
0.12622705,0.08576665
0.14610198,0.10144861
0.17168398,0.12670879
0.2071423,0.16340025
0.24134219,0.20034595
0.24215217,0.21289068
0.23750664,0.21615297
0.23329064,0.2111422
0.22336845,0.19343768
0.20290828,0.17094383
0.18148825,0.17061625
0.16312699,0.15342718
0.15179211,0.14562137
0.14631365,0.14557013
0.14382353,0.14544702
0.15011832,0.15825269
0.16075975,0.17856508
0.17818551,0.20776817
0.18697412,0.22623485
0.18136415,0.2133563
0.15884303,0.1951981
0.14436676,0.17574412
0.1402874,0.16921529
0.13067397,0.16902411
0.122004874,0.17508802
0.14330432,0.19369997
0.17517193,0.21599169
0.21898472,0.2541576
0.25501415,0.29525086
0.25917754,0.29716414
0.25771913,0.28991565
0.2522698,0.27998665
0.2415182,0.25776812
0.21993364,0.22892061
0.19688644,0.18997858
0.17696877,0.16602325
0.16442034,0.15450124
0.15571187,0.14831161
0.15192486,0.14996904
0.15376303,0.15188497
0.15918605,0.16896996
0.17156553,0.20382765
0.1802747,0.22097106
0.1810559,0.22400995
0.17497456,0.21839108
0.16426587,0.21862713
0.17437802,0.22221148
0.18780582,0.22651334
0.19983804,0.2276074
0.21017899,0.22486915
0.21740238,0.23530577
0.241735,0.26349416
0.25950962,0.2895321
0.25466847,0.28123719
0.24138209,0.26971582
0.22562712,0.25449693
0.202221,0.22973406
0.16805552,0.20386365
0.13761684,0.13343474
0.13869055,0.116682865
0.13976425,0.10429282
0.14083797,0.10198431
0.14191167,0.09644952
0.14298537,0.10765114
0.14405909,0.12770551
0.1451328,0.1483126
0.1462065,0.16778341
0.14728022,0.15757127
0.14835392,0.14355835
0.14942762,0.1393231
0.15050133,0.13061297
0.15157504,0.13805896
0.15264875,0.15191129
0.15372245,0.17414792
0.15479617,0.20367432
0.15586987,0.24085768
0.15694357,0.27894086
0.1580173,0.2751966
0.159091,0.2697835
0.1601647,0.25356933
0.16123842,0.23540321
0.16231212,0.21052144
0.16338582,0.15414129
0.16445953,0.15364403
0.15982036,0.14277016
0.15383841,0.1431112
0.15437986,0.13889918
0.1660862,0.1447278
0.19253978,0.14126982
0.23816197,0.14385086
0.2539247,0.15783401
0.23638877,0.16831787
0.20900127,0.18379156
0.20018741,0.18389472
0.20543319,0.18638454
0.19676356,0.18305992
0.20733684,0.18872389
0.22883648,0.19846334
0.26202145,0.22220674
0.29963833,0.23879282
0.33986256,0.26130396
0.34060934,0.27195323
0.3355553,0.26873377
0.32084015,0.260302
0.293274,0.24491923
0.2565384,0.2250493
0.22368127,0.22550538
0.20129645,0.20302735
0.18964149,0.19597042
0.18678187,0.19279103
0.18681347,0.19533277
0.20111638,0.21179685
0.22068924,0.2375814
0.2674157,0.28020796
0.28253636,0.30828556
0.2579719,0.302558
0.22603035,0.2876358
0.20409393,0.2694994
0.18711783,0.26101318
0.17581137,0.25523573
0.18606581,0.25315222
0.22706135,0.26027638
0.25657406,0.2742483
0.30270258,0.30572373
0.3342148,0.34329534
0.33244002,0.33937424
0.32657424,0.32395765
0.31451058,0.30574554
0.28633323,0.27958646
0.24550523,0.24498163
