true,forecasted
0.12398416,0.15378508
0.09090182,0.12604997
0.06478731,0.09930431
0.048932303,0.08575517
0.05529311,0.10140564
0.0864723,0.13641159
0.13178872,0.18965696
0.18109623,0.22668236
0.20552985,0.2589597
0.22263211,0.2940146
0.23172615,0.32358393
0.2437523,0.35130247
0.25979427,0.38046053
0.2766485,0.41210786
0.29427865,0.43420413
0.31787607,0.45769107
0.34103087,0.4885985
0.35361385,0.49349397
0.32521144,0.46898562
0.30602333,0.43300775
0.27518377,0.4019157
0.2542545,0.37506405
0.20232157,0.3184089
0.15069374,0.26727378
0.09920427,0.122023664
0.07362696,0.095619366
0.048512217,0.07451174
0.035000354,0.06662765
0.045482907,0.07271445
0.06780892,0.10171333
0.12737833,0.15346579
0.16647042,0.18375893
0.19227105,0.21639502
0.20025751,0.23853153
0.20505719,0.2586713
0.2223302,0.2826636
0.22758475,0.3034939
0.2519342,0.32870498
0.2661556,0.34704253
0.28552425,0.36363763
0.30617204,0.39397374
0.31386295,0.40103695
0.2911086,0.38179904
0.26679635,0.35409072
0.25263336,0.3309906
0.23962869,0.30543897
0.19074365,0.2558304
0.14672495,0.20513551
0.09113178,0.06985304
0.05839305,0.042792987
0.040262077,0.026305515
0.028259823,0.025120918
0.032311738,0.03703037
0.068062514,0.072065815
0.10836708,0.13582852
0.15637662,0.17336254
0.1820721,0.20192327
0.19484045,0.22456726
0.19977503,0.2502339
0.22265682,0.27701253
0.2480833,0.29925224
0.24576937,0.32213384
0.24328202,0.33748654
0.24591036,0.35653192
0.2511543,0.3825779
0.2726032,0.3778183
0.24743351,0.34823674
0.23156337,0.32520935
0.21609022,0.28820166
0.19700567,0.25201336
0.16213942,0.18573612
0.12556972,0.13526726
0.090926245,0.062990956
0.055513773,0.019470885
0.0350131,-0.009468228
0.02764403,-0.012884479
0.02129969,-0.023019856
0.022976857,-0.028030645
0.029360231,-0.005001053
0.0510038,0.006174504
0.08918217,0.057193313
0.115432896,0.11673387
0.13150193,0.15395841
0.14734472,0.17865452
0.17601056,0.20325908
0.18362154,0.23025653
0.21756876,0.24994615
0.25483817,0.2573468
0.29137814,0.28599188
0.31281936,0.2992813
0.3245449,0.2817868
0.3098246,0.28243193
0.29502907,0.25583532
0.2732769,0.22313786
0.23656353,0.1865775
0.19171289,0.14046623
0.14451352,0.18988526
0.11732595,0.14485382
0.085037045,0.12254189
0.068412766,0.09212808
0.05494206,0.0787686
0.051877435,0.056380745
0.04882529,0.04607306
0.07751795,0.042066764
0.106228136,0.09284037
0.14939763,0.16390422
0.18963368,0.21823357
0.2234869,0.2657861
0.26756853,0.32488465
0.31131744,0.3757536
0.34437615,0.4028189
0.3761653,0.44479516
0.39888325,0.48810086
0.41556224,0.53955674
0.41822246,0.5213161
0.39994225,0.5014972
0.39232516,0.47827917
0.3787862,0.4415937
0.33246604,0.39557502
0.2860102,0.3409674
0.22283445,0.23419204
0.19423394,0.20583779
0.16417295,0.16559498
0.15843776,0.14429322
0.16758914,0.1486131
0.20540106,0.18341191
0.25576755,0.21640651
0.3137915,0.25101584
0.3555162,0.30840957
0.3853066,0.37210822
0.40423235,0.4509412
0.4139188,0.503609
0.4114036,0.5641408
0.42491624,0.6268082
0.41490716,0.65098417
0.42300037,0.69252414
0.42183304,0.7231865
0.42974275,0.7381105
0.37704507,0.7129007
0.3379657,0.6487543
0.31190482,0.5965927
0.2857991,0.5874545
0.23936155,0.5149285
0.17339471,0.4534903
0.117963515,0.11249344
0.089879744,0.07970257
0.072695166,0.060460776
0.047933068,0.05084249
0.05723502,0.07092233
0.09153753,0.11207031
0.14474002,0.1869108
0.19917808,0.22175322
0.22228505,0.25046527
0.24505001,0.26242024
0.2516944,0.27484098
0.24726462,0.29325858
0.27900836,0.29840878
0.29482117,0.33038387
0.3154485,0.34311
0.34584993,0.37787008
0.3662282,0.40035737
0.38494307,0.403807
0.36348486,0.37177885
0.33387822,0.34904632
0.31225774,0.3158895
0.28670645,0.28636712
0.2409811,0.22598359
0.17324015,0.16731754
0.12287472,0.14004438
0.08805175,0.11421093
0.06880789,0.08202371
0.056119476,0.06864409
0.067653574,0.07553822
0.11615783,0.104889885
0.16075966,0.15141384
0.20829388,0.18740737
0.2412716,0.2180667
0.25921723,0.25061896
0.27577114,0.28580916
0.26691237,0.31542817
0.24566819,0.33999738
0.2761615,0.37150547
0.29554397,0.3876306
0.3032431,0.4155711
0.32857692,0.44684628
0.34627214,0.4609448
0.3344021,0.4277572
0.31394288,0.40707645
0.28773862,0.36530358
0.26775813,0.3436274
0.22400019,0.2829515
0.16277115,0.24190082
0.11404358,0.13392767
0.078978166,0.10981625
0.050600175,0.07607493
0.044282388,0.06765111
0.054393448,0.067554876
0.07718257,0.09234816
0.13760862,0.13342442
0.1786628,0.17287941
0.20924559,0.21298681
0.22390221,0.25918913
0.23931296,0.3015337
0.2488786,0.34378865
0.2686185,0.39347637
0.290214,0.43602583
0.32118633,0.46059325
0.34988934,0.4822266
0.39513594,0.52771986
0.40259317,0.53393155
0.37282053,0.49857748
0.3449192,0.4639896
0.31332362,0.415691
0.29072383,0.3824284
0.2338558,0.31791678
0.18074572,0.27571177
0.1797996,0.13253078
0.1788535,0.09564942
0.17790738,0.06850882
0.17696127,0.065096915
0.17601515,0.07199156
0.17506905,0.10092372
0.17412293,0.15486053
0.17317683,0.19596949
0.1722307,0.2298217
0.1712846,0.27043784
0.1703385,0.30531865
0.16939238,0.32821164
0.16844627,0.3636234
0.16750015,0.39917102
0.16655405,0.43011817
0.16560793,0.45072067
0.16466182,0.4880543
0.1637157,0.48408207
0.1627696,0.4533224
0.16182348,0.43518108
0.16087738,0.38971844
0.15993126,0.35435706
0.15898515,0.29622313
0.15803903,0.24407913
0.15709293,0.10599183
0.15614682,0.077726826
0.1552007,0.050603285
0.1542546,0.043646727
0.15330848,0.026741283
0.15236238,0.0086829625
0.15141626,0.012849275
0.15047015,0.00016762968
0.14952403,0.035747528
0.14857793,0.081813134
0.14763181,0.090148956
0.1466857,0.11814316
0.14573959,0.14021349
0.14479348,0.16209999
0.14384736,0.19558746
0.14290126,0.19714637
0.14195515,0.22726001
0.14100903,0.25096053
0.14006293,0.26336265
0.13911681,0.2585754
0.1381707,0.26029465
0.13722458,0.23618111
0.13627848,0.2113404
0.13533236,0.15756556
0.13438626,0.049576245
0.10208806,0.012023803
0.073501885,-0.014011219
0.060450207,-0.009993987
0.039800566,-0.016216213
0.039220355,-0.035495084
0.03957432,-0.01928578
0.05475246,-0.015780453
0.083599664,0.02866095
0.11939319,0.085629545
0.1438993,0.10970543
0.17072919,0.14275876
0.19392511,0.16895217
0.22545457,0.19428661
0.25942063,0.22301528
0.2993898,0.21704213
0.32614136,0.25706232
0.3537259,0.25858796
0.35830626,0.258557
0.34583798,0.25588146
0.31118786,0.23301668
0.2950097,0.20963453
0.24595816,0.17178923
0.1951506,0.117962
0.14417255,0.13555962
0.11110137,0.11401147
0.092406645,0.0646311
0.07379929,0.06816305
0.0854104,0.07799444
0.10195423,0.11690161
0.12842004,0.16198485
0.15824471,0.20317222
0.20290895,0.2555002
0.24245805,0.30339253
0.29991958,0.3674491
0.34369716,0.42210135
0.37710348,0.4867815
0.4104678,0.5422266
0.45376477,0.58110815
0.48544478,0.6271284
0.5176954,0.6576021
0.51116365,0.6732037
0.47463349,0.6247237
0.46569481,0.5841102
0.43922687,0.51582086
0.40549287,0.46137902
0.35284856,0.38379267
0.28345647,0.33129418
0.2356198,0.24262762
0.19028029,0.21517442
0.16053449,0.16931027
0.1553997,0.16264123
0.15779461,0.17500426
0.20293285,0.21683933
0.25998676,0.26494074
0.30425614,0.3087482
0.34594896,0.3585148
0.36707845,0.411492
0.38964504,0.48223457
0.4193335,0.5359232
0.44952115,0.591074
0.45429614,0.6480298
0.44386244,0.68213093
0.4373253,0.7172501
0.43209836,0.75107986
0.41678187,0.7592246
0.3896785,0.72115654
0.3592468,0.65354335
0.34271413,0.5988156
0.3235701,0.57342637
0.27635932,0.49850267
0.22932114,0.42427698
0.17001382,0.1466641
0.13975711,0.115308106
0.11368297,0.09082975
0.09849102,0.08222163
0.110649146,0.09665763
0.14677009,0.14103897
0.19440602,0.20667829
0.24221508,0.24979995
0.2682122,0.27943912
0.27742574,0.30510432
0.28279263,0.33644277
0.28851295,0.35434344
0.28896198,0.37121382
0.28551283,0.39782336
0.28361818,0.40881518
0.2795984,0.43325335
0.27755532,0.45608202
0.27501062,0.46002984
0.24645287,0.43950915
0.22636937,0.4158254
0.21701059,0.37885562
0.1985567,0.35409847
0.16241877,0.30190897
0.1258419,0.24902683
0.0806864,0.056491233
0.06151636,0.03345945
0.0375647,0.013994474
0.041837275,0.01593278
0.04766062,0.022820381
0.09436662,0.056289483
0.14345692,0.13560843
0.18780676,0.16690399
0.2244795,0.19834612
0.23568672,0.2112873
0.24786024,0.22791016
0.25087255,0.24655151
0.26298952,0.24751759
0.26589748,0.2699608
0.25776258,0.27787587
0.26358116,0.2953951
0.2515789,0.3033755
0.26465634,0.31798092
0.24975887,0.28025463
0.23338711,0.27285382
0.22655205,0.2553854
0.20931251,0.22722763
0.17909724,0.18325329
0.13331133,0.13014142
0.10553692,0.075273566
0.07712123,0.044235982
0.06029221,0.019712277
0.057723884,0.012724116
0.06873195,0.0075796074
0.11376688,0.0038482398
0.1627754,0.046414867
0.21686852,0.073958196
0.25627768,0.117732644
0.28096277,0.17041273
0.29685998,0.19532019
0.3165983,0.2285049
0.33236858,0.26481828
0.33854273,0.2825428
0.36228433,0.3011071
0.3806126,0.30710468
0.36931697,0.32016188
0.36796245,0.33742678
0.3277965,0.3042397
0.31214967,0.29552612
0.2978611,0.26881465
0.28853074,0.23304757
0.26130334,0.18940133
0.22716466,0.16029446
0.18320066,0.15805134
0.15300237,0.119720265
0.13005632,0.09101017
0.11418803,0.08447756
0.11595177,0.080633886
0.11564825,0.09420846
0.12525956,0.12923507
0.15299839,0.15575649
0.19577436,0.19585864
0.2378315,0.2398468
0.26737016,0.27020228
0.3046927,0.29892278
0.34029505,0.32603046
0.34676552,0.35586843
0.37094635,0.37205914
0.41672188,0.39330545
0.4158339,0.41839072
0.4291567,0.43562925
0.42640063,0.40951616
0.4104373,0.38753715
0.3944216,0.35922095
0.37405398,0.33074653
0.332226,0.2803455
0.28678557,0.2332312
0.24667539,0.22304803
0.18784605,0.1796692
0.15943965,0.15406206
0.1338772,0.1335669
0.120047756,0.1283165
0.10744219,0.1354581
0.11985869,0.14446838
0.14257346,0.16235939
0.19043031,0.20338035
0.23536462,0.2624866
0.2880031,0.30853683
0.33334315,0.35581896
0.3646113,0.3924144
0.39837474,0.43198815
0.4295789,0.4585874
0.4600393,0.48369926
0.49027526,0.5134591
0.4987798,0.52807826
0.5224043,0.5098227
0.50512785,0.47400114
0.47861424,0.4419289
0.47028366,0.41974747
0.4206073,0.36439344
0.363295,0.30117187
0.30673686,0.2871391
0.257385,0.24469014
0.23389298,0.20733875
0.22051229,0.19554272
0.23272511,0.18870915
0.2698238,0.21664901
0.33108497,0.24887791
0.3619933,0.28158346
0.42093974,0.34044158
0.46231338,0.40086165
0.50580156,0.46200198
0.5543801,0.5184767
0.59310603,0.5574262
0.59094536,0.60756576
0.5761257,0.6280332
0.5879689,0.6518495
0.6351119,0.6779393
0.6545823,0.68141276
0.6244403,0.6449039
0.5785145,0.5946202
0.54504555,0.5509827
0.5154434,0.5314113
0.43566674,0.45850688
0.34818217,0.3870621
0.27501488,0.30367535
0.23256738,0.2705828
0.1955505,0.22505355
0.17645906,0.21315977
0.1753706,0.2239898
0.21497573,0.27202812
0.26336366,0.3362897
0.31028953,0.38854375
0.35692197,0.4325021
0.3937052,0.47502035
0.41655192,0.52404654
0.46192756,0.5532503
0.4936952,0.58520645
0.5151781,0.63768476
0.5445197,0.66197366
0.47410905,0.67182565
0.4494452,0.68160564
0.45763454,0.6753799
0.45461902,0.63515013
0.42469904,0.58028114
0.39242023,0.5380604
0.37240177,0.5293864
0.32033765,0.4457489
0.25754112,0.38214132
0.2017488,0.17821139
0.16104352,0.14460917
0.13232273,0.11944101
0.11757503,0.108231336
0.12293341,0.11224818
0.15540287,0.14346796
0.21133435,0.19590315
0.26554087,0.23719485
0.30343378,0.26795238
0.32285076,0.30131096
0.34164372,0.32393146
0.3691797,0.34990337
0.3839529,0.36990497
0.4052483,0.3986164
0.4092102,0.4103314
0.42017606,0.42571667
0.42607003,0.4489784
0.4354264,0.4471574
0.41416097,0.41994596
0.39071703,0.3862345
0.35987613,0.35890225
0.34426993,0.33723477
0.29052415,0.2738008
0.2262735,0.22279552
0.1691893,0.18918315
0.13050403,0.15612853
0.10618989,0.12952468
0.09464703,0.12107065
0.09633057,0.12341883
0.1345169,0.1548546
0.18226223,0.19472001
0.22335121,0.23307976
0.26820743,0.26375338
0.2906354,0.2970376
0.31605208,0.32651663
0.3480595,0.3589525
0.3775424,0.38918445
0.41295117,0.4240375
0.4346497,0.44444504
0.46869066,0.46425608
0.4892078,0.4940998
0.51852024,0.4949656
0.4901943,0.46705675
0.45598233,0.42435828
0.41186827,0.39550093
0.38245973,0.37088764
0.32899117,0.3149254
0.2600396,0.26065502
0.20644014,0.21822691
0.16903663,0.19182043
0.14731605,0.15908223
0.13814288,0.15023652
0.13870822,0.15995468
0.17353332,0.19731776
0.22835004,0.2452617
0.2753646,0.2864605
0.31397632,0.32098338
0.35609215,0.3634117
0.39986736,0.40251753
0.44374108,0.4469694
0.49001452,0.48599473
0.53094333,0.5219624
0.5530705,0.5443355
0.550696,0.5689085
0.5406569,0.5853585
0.4917355,0.58781844
0.4390423,0.5543126
0.3963245,0.504801
0.37803766,0.46333137
0.36327162,0.43741792
0.32490793,0.38063046
0.27800462,0.3230555
0.23284036,0.20704022
0.1984898,0.17031749
0.16355716,0.1381003
0.1424468,0.13428402
0.13828388,0.12716047
0.13586825,0.13808446
0.14680754,0.1677874
0.17139038,0.18914205
0.22274762,0.22391416
0.27417257,0.26640424
0.31530643,0.3006959
0.3637281,0.33699414
0.41091606,0.3680322
0.43208456,0.3985897
0.4596192,0.4199598
0.47258642,0.44198263
0.47951388,0.4574615
0.47804758,0.47353196
0.45300215,0.4535753
0.41054323,0.41486523
0.3832266,0.39063296
0.37060353,0.36807632
0.3366948,0.31126013
0.2939016,0.26344728
0.25181842,0.24715838
0.21409386,0.20424247
0.19189106,0.17504549
0.17766516,0.1557925
0.17064396,0.1466014
0.1673167,0.14941014
0.17102288,0.15164423
0.19419757,0.16056174
0.22470042,0.21019365
0.26727352,0.27122045
0.3201462,0.32304794
0.39143986,0.3765449
0.43608814,0.40909478
0.47096875,0.44724312
0.49549636,0.46816227
0.5192866,0.49374747
0.56263185,0.51408243
0.55746204,0.53504103
0.5757996,0.51818615
0.5651075,0.482883
0.537955,0.45868433
0.5215137,0.4294284
0.47145283,0.3706942
0.4213508,0.3030668
0.36606807,0.33492213
0.32617295,0.29205236
0.28990304,0.24790767
0.27201134,0.23953861
0.27724782,0.2434073
0.30667445,0.2838164
0.34534752,0.33978894
0.39453208,0.37515303
0.42259115,0.4381184
0.4752474,0.4961052
0.49392965,0.5527967
0.5376958,0.61027217
0.55641204,0.6485194
0.59742934,0.7018662
0.6427904,0.73102766
0.66469127,0.74752855
0.6769572,0.76539737
0.6698733,0.75985533
0.6234897,0.7087355
0.5802121,0.6459807
0.53599316,0.6094496
0.50996894,0.58750176
0.45418382,0.5234901
0.36209315,0.4481173
0.29330596,0.31167677
0.26298422,0.2688221
0.22756802,0.23346034
0.21105313,0.23001635
0.19418083,0.23461588
0.2085711,0.27713746
0.22086732,0.34396863
0.26290375,0.3905643
0.31536192,0.43091094
0.36146808,0.47415024
0.4134451,0.50953674
0.4591561,0.5554103
0.49981648,0.581173
0.5259185,0.62161773
0.547689,0.6391636
0.59555596,0.65141153
0.59200007,0.6668147
0.6124604,0.665255
0.5920282,0.60575086
0.5591421,0.5503391
0.52448964,0.5116156
0.47678334,0.47618514
0.45237255,0.3996596
0.41077054,0.32597584
0.34722435,0.30321097
0.2967365,0.26740438
0.26595774,0.22772005
0.24719612,0.20822966
0.24428153,0.2145559
0.29599458,0.25213906
0.3330112,0.3127083
0.38805684,0.3442944
0.44677943,0.39401782
0.5032454,0.44984505
0.5531185,0.5030328
0.6110894,0.55462027
0.63618344,0.59980524
0.6637398,0.65243685
0.65612644,0.6818944
0.64106965,0.69478214
0.61705613,0.7085695
0.6378579,0.6981576
0.62648344,0.650409
0.6083155,0.587184
0.56457853,0.56028295
0.53564876,0.53260696
0.4697969,0.44694254
0.40708268,0.37599385
0.33881465,0.33231318
0.30419508,0.28875515
0.26113445,0.2477723
0.24551576,0.23768222
0.25143152,0.23494676
0.28604364,0.28591782
0.3472204,0.35157427
0.41730633,0.39035884
0.48832166,0.44364235
0.5349188,0.48401907
0.5989822,0.5470689
0.6278159,0.5930992
0.631598,0.61116767
0.6176732,0.669019
0.5780078,0.67383194
0.5870318,0.6808169
0.62021184,0.7004323
0.66894686,0.68899935
0.6454049,0.64895713
0.625678,0.5783897
0.5747985,0.5459403
0.5374348,0.5257554
0.47730008,0.44101474
0.41432402,0.37119615
0.33894184,0.34154305
0.29537058,0.29431516
0.2607542,0.25935864
0.24677975,0.25407106
0.24816535,0.2553851
0.2884856,0.30270594
0.33859372,0.37306052
0.40778053,0.42610633
0.47256464,0.46537802
0.5353591,0.5184107
0.5884038,0.57536757
0.6119415,0.61442393
0.62771845,0.649629
0.61546046,0.68593335
0.62077636,0.69440854
0.64337295,0.70347226
0.6502933,0.722099
0.66943944,0.71314627
0.63059616,0.66383684
0.5875862,0.6023727
0.5484293,0.5617044
0.52362925,0.52458036
0.4706493,0.43743876
0.41503993,0.36613727
0.3561426,0.3215356
0.3138332,0.2748976
0.27467126,0.23870525
0.25690967,0.22976607
0.24037805,0.22490032
0.23462534,0.24019228
0.24428657,0.26697287
0.27428463,0.29893908
0.3343073,0.3512883
0.40742284,0.40846515
0.46035102,0.46261573
0.516936,0.51952416
0.5457333,0.55662704
0.5649559,0.59695065
0.5673705,0.618518
0.59557986,0.6380787
0.61145,0.6494022
0.5909881,0.64976335
0.5306287,0.6065794
0.5142126,0.5652376
0.49212903,0.52866936
0.46717176,0.49027196
0.42884627,0.42757228
0.3713797,0.37113804
0.3187885,0.2936108
0.28474674,0.2527769
0.24888736,0.21517041
0.23142184,0.20042574
0.20753232,0.20054619
0.21246848,0.21974225
0.2134409,0.25240198
0.2366902,0.28392386
0.276435,0.34002757
0.33118215,0.3956857
0.38712877,0.44977432
0.41818553,0.50035787
0.47237027,0.5427809
0.4961958,0.58418024
0.5298549,0.6083416
0.48068655,0.62241817
0.42723283,0.62713134
0.42781252,0.6301198
0.4180732,0.5969328
0.41901004,0.55029696
0.40419784,0.52703345
0.38669354,0.48880088
0.34572566,0.42116287
0.27893084,0.3653538
0.22992152,0.23641229
0.19341342,0.19763882
0.16444513,0.17126557
0.1546336,0.1625596
0.16894448,0.16796075
0.22079802,0.19678809
0.270297,0.24160574
0.31723958,0.27659735
0.35132062,0.31327072
0.36657736,0.3529639
0.3838732,0.383187
0.41646004,0.42433485
0.46907994,0.4517641
0.5000552,0.4756609
0.5341572,0.4894108
0.570882,0.50448817
0.5907929,0.5193829
0.59945995,0.52969563
0.58788097,0.49271578
0.5463451,0.45657983
0.490386,0.42399293
0.4557877,0.39279872
0.38486582,0.3307939
0.32205546,0.2741351
0.25119093,0.27596787
0.20456646,0.23249759
0.17800292,0.20052162
0.1657014,0.18788214
0.16035789,0.19724245
0.20587294,0.22578092
0.25665155,0.2656567
0.31121388,0.29835933
0.35845017,0.34785065
0.39420253,0.39576796
0.43382785,0.44361743
0.46683955,0.49664977
0.50077164,0.53576285
0.53098,0.56973916
0.56714,0.59138995
0.59205186,0.60748106
0.6220072,0.6240978
0.6363892,0.6290755
0.621017,0.58955115
0.57474273,0.53948134
0.5284186,0.5099884
0.48336825,0.47444674
0.42642584,0.40806547
0.34642428,0.34787062
0.2777627,0.2984732
0.23614717,0.26142254
0.20585726,0.2260325
0.18007867,0.2133481
0.19034135,0.22260793
0.22634785,0.2682208
0.28058913,0.32568496
0.3277649,0.3563203
0.39643523,0.40873656
0.44415665,0.4537584
0.48017564,0.5048466
0.5307299,0.5642529
0.5516658,0.60419977
0.5955538,0.6458246
0.62524307,0.67044485
0.6524641,0.6898334
0.67989355,0.703431
0.6866827,0.7099641
0.67181283,0.65423304
0.6368188,0.5888961
0.5861162,0.5596013
0.54100317,0.5217692
0.46793625,0.44805297
0.39812726,0.37587813
0.33090943,0.34930563
0.283649,0.31241584
0.24768047,0.27005398
0.22946611,0.25905105
0.23459692,0.26358122
0.274167,0.3189644
0.33299768,0.38157836
0.39423308,0.41790646
0.4513088,0.4683939
0.5122829,0.52249116
0.55568504,0.5754517
0.5974105,0.6339626
0.6405715,0.6716369
0.6751191,0.7142674
0.7095376,0.74075484
0.742189,0.7546869
0.77423626,0.76396286
0.7951703,0.767718
0.7621939,0.7001159
0.71771187,0.63273233
0.6853836,0.6020003
0.6614909,0.5634252
0.59802175,0.48193508
0.51504827,0.40287182
0.43484992,0.42860025
0.37047234,0.3781041
0.31851393,0.33035988
0.28666183,0.32245693
0.2837329,0.32425618
0.3142777,0.3732206
0.35744962,0.44301397
0.40458792,0.49064854
0.4606479,0.5432021
0.4948981,0.5998559
0.5295994,0.65416807
0.5812164,0.69431967
0.63063806,0.73389757
0.6742545,0.7811201
0.7062295,0.7996738
0.7344763,0.8020432
0.7301419,0.8109877
0.70022404,0.8004443
0.56799185,0.7437791
0.5074822,0.6795001
0.4594243,0.64335775
0.43665987,0.610053
0.3934585,0.5346974
0.34289974,0.4594698
0.2942237,0.27130955
0.2424145,0.23031798
0.22781922,0.19363973
0.19976678,0.18638937
0.19306237,0.17807342
0.1895389,0.20036007
0.19139662,0.23136494
0.24271058,0.26180485
0.30833673,0.30707437
0.39124733,0.35158
0.4354721,0.39461732
0.47584677,0.43369296
0.49117944,0.45534405
0.5156662,0.4873715
0.5525195,0.5011524
0.5792352,0.52094984
0.6136176,0.53910244
0.63031256,0.54384893
0.6221593,0.50596315
0.60870695,0.47248796
0.5902246,0.44796458
0.5404551,0.41491193
0.4684798,0.35526648
0.39229673,0.29875398
0.35018146,0.33403614
0.30676633,0.2979824
0.26330605,0.25914204
0.24403723,0.24133304
0.2352321,0.23116699
0.22576234,0.24592413
0.23587233,0.25438973
0.25611544,0.28549054
0.29562974,0.3423345
0.32878724,0.41423
0.36171475,0.48355743
0.39997703,0.54461354
0.39566514,0.5882299
0.4147903,0.62645566
0.43636724,0.63717246
0.47921517,0.65704614
0.5183901,0.67702985
0.55086464,0.6917162
0.57750887,0.66165364
0.57188255,0.6096734
0.5311887,0.58240426
0.5173457,0.5474899
0.4409914,0.4760642
0.34697556,0.40557805
0.2782205,0.30938172
0.22775204,0.26730388
0.19844571,0.23613012
0.1759925,0.21840754
0.17719887,0.22978315
0.21814339,0.26738194
0.26409525,0.32812428
0.3302886,0.3629463
0.3811697,0.41036636
0.45566154,0.45824543
0.49728665,0.5091845
0.5288559,0.55672616
0.57307595,0.59297544
0.613731,0.63437694
0.6389283,0.65296376
0.66672,0.6645503
0.67689985,0.67611283
0.6813878,0.67686415
0.6488009,0.6276237
0.6054923,0.56816226
0.5703366,0.53620535
0.53394824,0.4985546
0.47119975,0.42714772
0.4063806,0.35519627
0.33783266,0.34849674
0.29410365,0.30820367
0.2707622,0.2737777
0.23744513,0.26248372
0.234043,0.276345
0.2775022,0.33354005
0.3249536,0.40775856
0.36547032,0.44568077
0.41806737,0.4861105
0.4598757,0.5337319
0.49603888,0.5834131
0.52984697,0.63079304
0.5713491,0.66697687
0.60224974,0.7062487
0.62541807,0.7301828
0.6514266,0.7428931
0.6688215,0.7527308
0.67253405,0.7596132
0.6332911,0.6945993
0.5934847,0.6271129
0.5505019,0.5976472
0.51898813,0.5594849
0.46127114,0.48141006
0.39295343,0.40341166
0.3293677,0.34018335
0.28765708,0.2971418
0.26369268,0.26199096
0.23376791,0.2476427
0.23889686,0.2550939
0.29439232,0.29746842
0.34387642,0.36104393
0.37849545,0.3919669
0.3994348,0.44190896
0.4258236,0.49396548
0.4461429,0.5418989
0.47469404,0.5939872
0.5144683,0.6196233
0.56386584,0.65894884
0.6159876,0.6718501
0.6436932,0.67753375
0.6714214,0.69214916
0.68295926,0.6971894
0.65720904,0.6417005
0.6257043,0.5936502
0.57991207,0.5630515
0.5515582,0.5255356
0.4876764,0.4474654
0.4122241,0.37526107
0.35348958,0.3333649
0.2974248,0.29393142
0.2625835,0.25912845
0.23426686,0.24763733
0.23598093,0.25381234
0.27826723,0.30552346
0.3212992,0.36958295
0.37834382,0.41257533
0.42991376,0.4563445
0.47555518,0.5008675
0.51652443,0.5530642
0.5596825,0.6015936
0.5975364,0.63430554
0.6241235,0.6738004
0.62715286,0.6912373
0.6226965,0.70154923
0.66845983,0.71269584
0.6818001,0.709839
0.65553826,0.6507977
0.6223237,0.5889275
0.5713284,0.56258255
0.5366618,0.5224506
0.4686548,0.4431475
0.4104856,0.3769466
0.40773377,0.3236382
0.4049819,0.2873798
0.40223005,0.25053433
0.39947823,0.240224
0.39672637,0.25044748
0.39397454,0.30052707
0.3912227,0.358128
0.38847083,0.40281075
0.385719,0.44672087
0.38296714,0.4899337
0.3802153,0.53098553
0.37746346,0.5685685
0.3747116,0.6001873
0.37195975,0.63745046
0.36920792,0.6564216
0.36645606,0.6696026
0.3637042,0.67884284
0.36095238,0.67843527
0.35820052,0.6211852
0.35544866,0.56037456
0.35269684,0.54503846
0.34994498,0.5008654
0.34719315,0.43000647
0.3444413,0.36839703
0.34168944,0.18326229
0.3389376,0.14868021
0.33618575,0.119674146
0.3334339,0.11455946
0.33068207,0.11147431
0.3279302,0.13582821
0.32517835,0.1695021
0.32242653,0.2016044
0.31967467,0.23551604
0.3169228,0.26984286
0.314171,0.2986728
0.31141913,0.33291274
0.30866727,0.35149658
0.30591545,0.37581977
0.3031636,0.39167288
0.30041176,0.4034378
0.2976599,0.42269856
0.29490805,0.4263549
0.29215622,0.40120965
0.28940436,0.3722247
0.2866525,0.34893587
0.28390068,0.32059163
0.28114882,0.26421604
0.27839696,0.21874982
0.27564514,0.12262109
0.27289328,0.09010875
0.27014142,0.058313385
0.2673896,0.061997186
0.26463774,0.0556593
0.26188588,0.070755556
0.25913405,0.11162318
0.2563822,0.14517869
0.25363037,0.17167711
0.2508785,0.204592
0.24812667,0.22626942
0.24537481,0.25945684
0.24262297,0.28322014
0.23987113,0.30617088
0.23711927,0.32976755
0.23436743,0.33337605
0.23161559,0.3534767
0.22886373,0.3608332
0.22611189,0.34083295
0.22336005,0.3120347
0.2206082,0.294889
0.21785635,0.26938462
0.2151045,0.21423724
0.21235266,0.17622864
0.2096008,0.081475735
0.20684896,0.048212186
0.20409712,0.010025166
0.20134528,0.021173883
0.19859342,0.016007261
0.19584158,0.0330271
0.19308974,0.088413864
0.19033788,0.12550871
0.18758604,0.15613085
0.1848342,0.20217903
0.18208234,0.22626308
0.1793305,0.24863827
0.17657866,0.27896628
0.17382681,0.2996186
0.17107496,0.33301213
0.16832311,0.3300075
0.16557127,0.35616127
0.16281942,0.34783858
0.16006757,0.32872853
0.15731573,0.32375357
0.15456389,0.2920603
0.15181203,0.25786662
0.14906019,0.20599613
0.14630835,0.14887492
0.14355649,0.039719656
0.11095585,0.013554852
0.086224556,-0.031908467
0.07245459,-0.0019304566
0.066517584,-0.007825686
0.06388739,-0.0076026656
0.07592522,0.05426199
0.09199877,0.07554868
0.12709817,0.12636602
0.16244294,0.16037957
0.18855293,0.16254814
0.21056135,0.19755316
0.24241954,0.21335593
0.27288204,0.24645913
0.31331274,0.2716678
0.36003387,0.26533288
0.39861372,0.3009447
0.42855737,0.2853187
0.43096742,0.28552377
0.40109417,0.292342
0.37795746,0.25267017
0.3424008,0.23211002
0.29810166,0.19510177
0.24552533,0.12584434
0.20417559,0.14550635
0.17302878,0.11685641
0.1476708,0.06327159
0.13256066,0.087607235
0.12007697,0.08493998
0.1129052,0.11310786
0.12142141,0.16649751
0.13159938,0.20368169
0.17900296,0.24963169
0.22906594,0.2886114
0.30418444,0.31839335
0.36729565,0.37404135
0.42722964,0.42059496
0.47498506,0.45982423
0.5204722,0.48532763
0.57280266,0.5103519
0.60687655,0.5427908
0.6236283,0.5454863
0.60916126,0.5144906
0.5808664,0.5003899
0.54139113,0.4481121
0.4868827,0.4142836
0.43275586,0.33183137
0.3762771,0.28716716
0.32270923,0.33744168
0.2739795,0.30145058
0.24185447,0.24006987
0.2186965,0.25480992
0.20555322,0.25729045
0.22481859,0.3098189
0.23629321,0.35463715
0.25237843,0.39883813
0.29983407,0.45825738
0.35091168,0.51337606
0.4135983,0.590397
0.4809587,0.65769523
0.5505659,0.7218036
0.60192287,0.7815855
0.6469944,0.8255583
0.68543065,0.86294824
0.705498,0.8779262
0.72920185,0.896576
0.7206859,0.8409132
0.6822638,0.7604013
0.63660777,0.7057284
0.59224886,0.6737771
0.5067705,0.5901351
0.43218786,0.5108212
0.3686239,0.3858347
0.3233269,0.33943856
0.29186356,0.28834224
0.28504893,0.28396422
0.28434578,0.27429938
0.32762203,0.3242626
0.394774,0.38869518
0.43209943,0.42487463
0.48090613,0.48535067
0.53485507,0.5368011
0.59640115,0.5950229
0.64162517,0.63187486
0.68184847,0.6715222
0.7184994,0.75067556
0.7654713,0.7810631
0.8074012,0.80246174
0.84240556,0.83073866
0.8362832,0.82984614
0.7950171,0.7904539
0.7377669,0.7003766
0.6925472,0.6733366
0.6322451,0.66401106
0.5521878,0.58751047
0.46595848,0.48270696
0.40145293,0.3736567
0.34260073,0.3315691
0.30897006,0.28594312
0.29064578,0.26994988
0.28306797,0.25646782
0.3317836,0.29479396
0.38744873,0.35329843
0.42911208,0.3940202
0.46922013,0.45042247
0.5269581,0.49509394
0.59823525,0.5335866
0.66415566,0.53705645
0.7039618,0.5481745
0.7413029,0.6154067
0.78242505,0.63484895
0.8084647,0.62999046
0.849059,0.6628931
0.86243117,0.6443772
0.81279147,0.61365163
0.77181184,0.5515326
0.7217574,0.5198641
0.6625682,0.5303073
0.58486015,0.46342847
0.49898797,0.3704332
0.43446437,0.37396434
0.38160467,0.3347551
0.35502174,0.28083515
0.3354449,0.27100074
0.339513,0.23934956
0.37593377,0.2666077
0.43631998,0.326239
0.49009603,0.38127592
0.5312957,0.43291655
0.5876616,0.47854772
0.64334905,0.5112825
0.7147306,0.48742774
0.7713241,0.5024038
0.8053172,0.56197053
0.8242557,0.58194864
0.745409,0.5517446
0.7046089,0.5746104
0.7082309,0.552144
0.6399597,0.55040747
0.6113289,0.4945018
0.5730603,0.46068892
0.51820076,0.5051404
0.45281306,0.4436846
0.39520046,0.3650682
0.33055148,0.33129913
0.28898904,0.28560248
0.25811973,0.24407327
0.23812014,0.24153447
0.24390551,0.23387484
0.2848086,0.26837716
0.34106696,0.30218428
0.37495682,0.34530988
0.4094784,0.36911213
0.44779643,0.41075036
0.5050078,0.44254312
0.5596652,0.45749968
0.61404914,0.48406205
0.6696877,0.5272443
0.7027541,0.5437479
0.72892886,0.5551185
0.7541488,0.5796521
0.75429803,0.57577235
0.6822136,0.54917467
0.59190184,0.5109845
0.5327095,0.4788927
0.47396538,0.46994525
0.4071873,0.39990303
0.3435081,0.3513024
0.2930176,0.29744893
0.2525046,0.26019725
0.21763116,0.22380391
0.20375815,0.20633872
0.18007788,0.20202869
0.1805747,0.22528587
0.19321851,0.24862704
0.2179206,0.2792393
0.2662573,0.31666762
0.31251743,0.37084055
0.36867702,0.42882165
0.4282132,0.47725514
0.48805162,0.5135045
0.5448788,0.5575881
0.5334485,0.58337104
0.44124576,0.59884256
0.40054184,0.6082404
0.39344257,0.6133684
0.3736955,0.5850564
0.35240245,0.5424183
0.3468433,0.50442827
0.32613632,0.4903018
0.2963722,0.41828325
0.2528819,0.37145022
0.21967769,0.20722526
0.18197279,0.17804696
0.16229211,0.1480222
0.14239024,0.13682246
0.13977411,0.13035409
0.14183976,0.13058284
0.1543978,0.14717425
0.17114264,0.156835
0.21100375,0.19580366
0.24763983,0.24357215
0.27948847,0.2881753
0.29983515,0.33354616
0.32627305,0.35476267
0.3651408,0.3847644
0.3884538,0.4090482
0.39134663,0.4127313
0.42194057,0.4298114
0.45746034,0.44149467
0.45534503,0.43596962
0.45060986,0.4075428
0.4359559,0.39211676
0.4075896,0.37049204
0.3540759,0.32355082
0.2937935,0.27354854
0.24506992,0.23484948
0.20700017,0.19091809
0.19018257,0.16053128
0.18323411,0.15540446
0.19808696,0.15241402
0.2439273,0.16952692
0.31793025,0.1959673
0.3484801,0.22771682
0.37420693,0.2686446
0.3920976,0.32029495
0.41057086,0.36620492
0.45068607,0.4150482
0.48899987,0.45530406
0.52136046,0.48294976
0.55407023,0.49979928
0.5800817,0.51245844
0.6103586,0.53295934
0.6172863,0.5482093
0.5693721,0.5267269
0.5266705,0.4908431
0.4861469,0.465366
0.43882138,0.43793657
0.38127115,0.3724922
0.3114789,0.3240339
0.3093943,0.26230907
0.30730972,0.22423571
0.30522513,0.19672969
0.30314052,0.1877451
0.30105594,0.1971312
0.29897135,0.2386193
0.29688674,0.29947698
0.29480216,0.3354616
0.29271758,0.37868518
0.29063296,0.4199187
0.28854838,0.45532417
0.2864638,0.5022141
0.28437918,0.53611207
0.2822946,0.5667667
0.28021002,0.58594716
0.2781254,0.60303116
0.27604082,0.615787
0.27395624,0.6215572
0.27187163,0.5715158
0.26978704,0.51809984
0.26770246,0.4897047
0.26561785,0.45370448
0.26353326,0.3825228
0.26144868,0.32463163
0.25936407,0.1507984
0.2572795,0.119156554
0.2551949,0.0943321
0.2531103,0.08931711
0.2510257,0.08568422
0.24894111,0.12051131
0.24685651,0.17026074
0.24477193,0.20479581
0.24268733,0.23642312
0.24060273,0.2703793
0.23851815,0.29701442
0.23643355,0.32669762
0.23434895,0.34863418
0.23226437,0.36778274
0.23017977,0.38180745
0.22809517,0.39504927
0.22601059,0.4141044
0.223926,0.42060226
0.2218414,0.39095515
0.21975681,0.35850835
0.21767221,0.33534354
0.21558762,0.30786467
0.21350303,0.24879208
0.21141843,0.19945794
0.20933384,0.07566293
0.20724925,0.04358555
0.20516466,0.0151504055
0.20308006,0.019918278
0.20099548,0.02969514
0.19891088,0.06394528
0.19682628,0.13253042
0.1947417,0.1657455
0.1926571,0.19886763
0.1905725,0.21653295
0.18848792,0.22832417
0.18640332,0.24698547
0.18431872,0.26165158
0.18223414,0.2875919
0.18014954,0.30214217
0.17806494,0.3179657
0.17598034,0.34204787
0.17389576,0.33455324
0.17181116,0.32213598
0.16972657,0.31036124
0.16764198,0.28199515
0.16555738,0.259149
0.16347279,0.2045312
0.1613882,0.16231592
0.1593036,0.040985256
0.15721901,0.010893652
0.15513442,-0.014542796
0.15304983,0.013012808
0.15096523,0.031838715
0.14888065,0.06329301
0.14679605,0.13895737
0.14471145,0.16813876
0.14262687,0.19496883
0.14054227,0.20582254
0.13845767,0.21119003
0.13637309,0.22778422
0.13428849,0.2431727
0.13220389,0.26279613
0.13011931,0.2922183
0.12803471,0.30683398
0.12595011,0.32960317
0.12386552,0.32255912
0.12178093,0.30565283
0.11969634,0.30205724
0.11761174,0.26847732
0.11552715,0.23985258
0.11344256,0.19360408
0.111357965,0.13007024
0.109273374,0.02066965
0.07564349,0.0027811658
0.06692201,-0.031450152
0.04084866,-0.005006777
0.03831273,-0.009683607
0.03950183,-0.009871181
0.04622616,0.023291368
0.06472916,0.042467162
0.091704555,0.08262688
0.13612768,0.12154825
0.16824451,0.121256076
0.17634356,0.1559313
0.19383882,0.1731149
0.20398599,0.19333929
0.22794004,0.21997935
0.2524318,0.20560013
0.2536403,0.22990833
0.25793305,0.22214307
0.2537999,0.23101778
0.26730803,0.22621146
0.25455403,0.20158301
0.2308873,0.1875962
0.18978213,0.16968241
0.13574317,0.11067939
0.10263056,0.067945704
0.07509195,0.04399013
0.06410221,0.004410092
0.061501224,0.028459352
0.069254,0.023004273
0.12215245,0.03615045
0.18898338,0.09254368
0.22707888,0.1215154
0.24177109,0.158704
0.24213967,0.18840624
0.25494596,0.20155832
0.26390883,0.22929445
0.2776703,0.24952143
0.30583346,0.27034482
0.30118328,0.28897095
0.31963345,0.29182506
0.34153062,0.3238533
0.35333157,0.3310605
0.32508928,0.32219592
0.31520182,0.32089642
0.28980905,0.29182908
0.25372556,0.26172394
0.19952807,0.21736628
0.1419181,0.16693492
0.09921569,0.074906856
0.068324335,0.04865885
0.046621818,0.02531724
0.04720309,0.03398503
0.05587199,0.052340087
0.093163975,0.10432966
0.16461825,0.18288212
0.18894488,0.22138947
0.2160549,0.2398455
0.2189294,0.24924201
0.22448958,0.26155436
0.23050147,0.27656513
0.24938764,0.29970485
0.2632046,0.32462823
0.27367762,0.34535256
0.29158473,0.36966288
0.3211051,0.38922945
0.33284366,0.39041764
0.3136189,0.36575598
0.29110914,0.3465024
0.26965386,0.30669865
0.23121366,0.2714207
0.17641339,0.20969376
0.12503359,0.16349477
0.09236868,0.0727178
0.05109568,0.043769315
0.04013302,0.02225792
0.036767006,0.02755918
0.042031918,0.033922546
0.08108896,0.060844805
0.15191445,0.11904839
0.18984851,0.14675935
0.20894128,0.17195483
0.21913439,0.1901299
0.22752129,0.20153293
0.24143943,0.2131165
0.25171193,0.23286965
0.26791295,0.25457847
0.29707375,0.2769773
0.31324264,0.2906515
0.34427473,0.31640086
0.35298,0.32385194
0.3330205,0.30543905
0.31229094,0.2922974
0.28893885,0.26444712
0.24687162,0.23514777
0.19603777,0.18258941
0.14590204,0.13761602
0.10288654,0.083219916
0.06967144,0.055926844
0.05029852,0.029380646
0.04704775,0.025515512
0.04669803,0.02855696
0.09035772,0.049907085
0.15783603,0.09106302
0.1929211,0.12426102
0.22266744,0.1617153
0.22651036,0.19569461
0.24622609,0.22637981
0.2500924,0.25177965
0.27385685,0.29379123
0.29562098,0.3206149
0.312117,0.34338406
0.32381254,0.36184055
0.34159726,0.3889437
0.3509122,0.40292072
0.32374272,0.37253934
0.3011801,0.3557154
0.2783469,0.31954664
0.24936667,0.28977013
0.19399709,0.22794238
0.14182596,0.20084731
0.103156336,0.09290451
0.07150634,0.0636151
0.047669116,0.03869922
0.049086582,0.030028977
0.05615851,0.032825038
0.09144113,0.048966873
0.15602185,0.084659144
0.18746261,0.109605655
0.20347111,0.15334643
0.21467859,0.18913737
0.22062834,0.21499437
0.23309927,0.24149632
0.24348171,0.27008563
0.2467508,0.29597214
0.2634197,0.30706316
0.26734653,0.32717815
0.27598011,0.35328194
0.2779077,0.37211543
0.24775775,0.35341197
0.25004432,0.34389547
0.22087714,0.31611988
0.19553855,0.28812772
0.1585947,0.23871443
0.119397976,0.20792231
0.085725866,0.09227627
0.061752163,0.0619639
0.04078015,0.040324807
0.034079187,0.036066305
0.02809678,0.029437004
0.036525365,0.025715843
0.052495617,0.041713256
0.07451387,0.05228904
0.11190038,0.09035507
0.14293645,0.13169217
0.161641,0.15175766
0.17722383,0.1700949
0.18530428,0.18384495
0.18795837,0.19355474
0.18659614,0.20873153
0.18653932,0.21087842
0.18198182,0.23381953
0.19190858,0.25547823
0.19525735,0.2619731
0.19684502,0.26983997
0.18945657,0.26092708
0.17104891,0.23888695
0.14660598,0.20845115
0.11018365,0.16536216
0.096984066,0.07040635
0.06794939,0.046922833
0.046563134,0.023147363
0.051818486,0.018829133
0.042774376,0.010049997
0.04868588,0.012102384
0.06058351,0.03161853
0.08359382,0.04453192
0.11605878,0.083079904
0.13903405,0.12393045
0.16203745,0.14881888
0.18004946,0.17089033
0.18733647,0.18295026
0.18923059,0.19439536
0.18698464,0.2039859
0.18927574,0.20814498
0.19668438,0.2278153
0.21610084,0.24879752
0.22749367,0.2433496
0.24591063,0.24847585
0.23345377,0.24248204
0.20860563,0.21895304
0.16725297,0.18292159
0.13462365,0.1434387
0.09274973,0.06920467
0.066479616,0.043449022
0.047152903,0.025291376
0.047289394,0.024081167
0.05850325,0.035533838
0.10227712,0.07223843
0.158489,0.1386106
0.19622684,0.17580102
0.22213848,0.20230353
0.23486565,0.21979254
0.24374433,0.23604766
0.2581455,0.25369266
0.26309946,0.2683521
0.27534467,0.28841123
0.27280638,0.29540035
0.27792972,0.31167638
0.28493395,0.32446367
0.28460148,0.3351208
0.27773988,0.31444743
0.26651725,0.29950994
0.24741785,0.2728748
0.199369,0.24351779
0.15473238,0.1936934
0.121306166,0.15629418
0.07461743,0.07953283
0.05747985,0.055666678
0.03754319,0.038903978
0.034766942,0.037682187
0.045584876,0.051776342
0.089875765,0.09102021
0.15671651,0.16344069
0.2092039,0.20060448
0.22358117,0.22789176
0.23984644,0.24102584
0.242218,0.25100994
0.24532272,0.2606654
0.2485658,0.26226318
0.2484917,0.2769964
0.2463655,0.27906802
0.23994176,0.29189205
0.25515017,0.3028594
0.25534216,0.31587812
0.2379603,0.30325845
0.24008277,0.2933396
0.21901888,0.2734577
0.18915518,0.24466676
0.14604543,0.20047095
0.10226624,0.1529409
0.06870194,0.064012334
0.04952818,0.044609215
0.02932332,0.027806532
0.026821911,0.025443282
0.035365473,0.041080024
0.081492856,0.07730657
0.1501608,0.15481648
0.19348644,0.19253045
0.21206963,0.20529135
0.20437261,0.21050279
0.20399396,0.21047488
0.19091387,0.20953616
0.18203068,0.20829064
0.17800903,0.2174459
0.19074179,0.22656882
0.2023991,0.24185057
0.22409047,0.24803777
0.2416006,0.25826052
0.22179434,0.24254458
0.2216536,0.23926148
0.21019676,0.22624214
0.18170087,0.20416811
0.14056596,0.15919366
0.101297274,0.1200781
0.060573686,0.05603032
0.03294479,0.03653881
0.023561846,0.022932913
0.019283693,0.029419627
0.02532133,0.04276288
0.06739547,0.08591537
0.14030467,0.16002983
0.18300124,0.19882296
0.18945737,0.20874706
0.1979311,0.20600517
0.19616869,0.20367575
0.20289753,0.21358848
0.2191498,0.21605891
0.22657542,0.22697335
0.22831075,0.23205724
0.22457457,0.23916028
0.23555979,0.25240943
0.24992563,0.26314655
0.24207486,0.24098934
0.23642784,0.2286866
0.2283535,0.21166158
0.18850061,0.18627477
0.15537712,0.13440192
0.111766815,0.09637542
0.111030065,0.06761858
0.110293314,0.04481289
0.109556556,0.026698008
0.108819805,0.028364215
0.108083054,0.03799161
0.1073463,0.079456225
0.106609546,0.14208192
0.105872795,0.18379416
0.105136044,0.20274995
0.104399286,0.21863773
0.103662536,0.23010628
0.102925785,0.245518
0.10218903,0.2583349
0.101452276,0.27041873
0.100715525,0.2751391
0.099978775,0.28418714
0.09924202,0.29347777
0.098505266,0.30648074
0.097768515,0.2849282
0.09703176,0.27110222
0.09629501,0.24563076
0.095558256,0.21583006
0.0948215,0.1608398
0.09408475,0.12265973
0.093348,0.051911905
0.07410812,0.02913761
0.049620856,0.003487043
0.04936089,0.0025084764
0.031917404,-0.008311821
0.042233996,-0.006355185
0.06465268,-0.0037142336
0.08479381,0.0036183288
0.11460122,0.029562686
0.13851863,0.067566164
0.16324435,0.0870044
0.16578904,0.09719879
0.1717024,0.104204156
0.174472,0.10411968
0.19276097,0.116665326
0.19537339,0.119390845
0.21055153,0.13161574
0.2237944,0.14188294
0.2257525,0.15156126
0.24066935,0.16292265
0.2264392,0.15793017
0.20746434,0.1495291
0.17446432,0.11266387
0.14393967,0.0796904
0.1088971,0.070724316
0.07532351,0.043967806
0.054934096,0.022343777
0.04154332,0.016709093
0.03468914,0.019680908
0.040603034,0.04563726
0.04545582,0.083418265
0.067871585,0.112079054
0.08919305,0.13988248
0.11460069,0.1629773
0.12920128,0.18267766
0.15344344,0.19887215
0.18670768,0.22173873
0.20207116,0.24478287
0.23111248,0.2573922
0.26005155,0.2786046
0.2857635,0.29756388
0.30092227,0.3122923
0.30422056,0.29110247
0.3052158,0.27720746
0.28684267,0.25575647
0.24319892,0.22844133
0.20834115,0.17264494
0.14904764,0.14055012
0.10307216,0.09811124
0.07681957,0.07142666
0.061796773,0.045824476
0.05344918,0.037520897
0.06582691,0.045016192
0.11196146,0.09582177
0.17541708,0.14440228
0.212567,0.18223827
0.23870434,0.21998632
0.25961766,0.23910563
0.2766809,0.26632863
0.29773045,0.29400018
0.3104069,0.32100597
0.34895623,0.35870108
0.37194026,0.3683378
0.39905268,0.3999895
0.4200908,0.42239708
0.42283785,0.43717915
0.3951598,0.39503956
0.37765023,0.37315476
0.3487082,0.33475256
0.2995077,0.29945874
0.25019756,0.23710084
0.19592944,0.1914575
0.14246698,0.11958596
0.10948421,0.09566979
0.09160524,0.06469905
0.070915766,0.06150065
0.080683745,0.07329597
0.12960702,0.12435639
0.19142875,0.18455307
0.2381836,0.22711216
0.25950798,0.25980827
0.28166008,0.2756333
0.3024977,0.30281824
0.32363623,0.32849717
0.355346,0.35292682
0.3688913,0.38869113
0.39507112,0.40738487
0.41851243,0.4360356
0.44896165,0.45548317
0.4466894,0.47007048
0.41028938,0.42669833
0.39284402,0.39287665
0.3626909,0.3563981
0.31194016,0.3212198
0.24749167,0.2564731
0.18604356,0.2100262
0.1440775,0.14225967
0.10585451,0.11958347
0.08838952,0.089573614
0.078023806,0.08173838
0.07490395,0.09171655
0.13069946,0.13940415
0.19035384,0.192929
0.23230663,0.23385747
0.26066497,0.2660165
0.2708533,0.28450662
0.30439794,0.3144322
0.31790477,0.33621463
0.3409204,0.36626604
0.36384892,0.40218285
0.3935262,0.4180261
0.41999176,0.44543782
0.4404133,0.4711608
0.43891698,0.48138544
0.39104313,0.44920036
0.3633845,0.4120023
0.33133698,0.3738458
0.27777308,0.3536565
0.21970053,0.2882186
0.1647274,0.24402477
0.113022566,0.13350597
0.08155844,0.109065756
0.06670453,0.083311304
0.054043997,0.07618722
0.06127764,0.08085907
0.10012464,0.11314015
0.16778407,0.15712671
0.21222259,0.1960441
0.23407434,0.22484346
0.24522394,0.24708407
0.26986948,0.27518952
0.28200927,0.29837358
0.30181104,0.3266694
0.31611183,0.35433766
0.3277402,0.36888364
0.34366688,0.39245734
0.3666743,0.41636583
0.38154492,0.430264
0.3487698,0.40111744
0.3389644,0.37151954
0.31176436,0.3389782
0.28097233,0.3104605
0.23064512,0.2520801
0.18314888,0.20914587
0.18052284,0.15266621
0.1778968,0.12039648
0.17527077,0.09465386
0.17264473,0.07727501
0.1700187,0.06821325
0.16739266,0.073687956
0.16476662,0.090561986
0.1621406,0.112194784
0.15951455,0.15644966
0.15688851,0.20999539
0.15426248,0.25375515
0.15163644,0.29053363
0.1490104,0.32491654
0.14638437,0.35563272
0.14375834,0.36922285
0.1411323,0.39158082
0.13850626,0.4232092
0.13588023,0.44566673
0.13325419,0.4238137
0.13062815,0.40567908
0.12800212,0.37537667
0.12537609,0.3539424
0.12275005,0.30562854
0.12012401,0.2603505
0.11749797,0.06958
0.11487194,0.0341117
0.1122459,0.0041512214
0.10961987,0.008247003
0.10699383,-0.0075075463
0.10436779,-0.017687302
0.10174176,-0.01817939
0.09911572,-0.0082091475
0.09648969,0.02513593
0.09386365,0.08432446
0.09123762,0.10596081
0.08861158,0.11670794
0.08598554,0.12946898
0.08335951,0.1305592
0.08073347,0.1546062
0.07810744,0.14552997
0.0754814,0.17100237
0.07285536,0.17998381
0.07022933,0.19644915
0.06760329,0.21825606
0.06497726,0.20637703
0.06235122,0.1980289
0.059725184,0.19145247
0.05709915,0.15521604
0.054473113,0.009944618
0.03406777,0.0046163574
0.014343541,-0.027393319
0.009478272,-0.0020290986
0.0055455887,0.0015763617
0.008888237,0.00819594
0.022566328,-0.006660104
0.05079349,0.01806613
0.06226891,0.051232457
0.05808316,0.08235649
0.07852515,0.08166876
0.06953202,0.102831416
0.07428417,0.12458453
0.07536865,0.11704055
0.06697299,0.14195423
0.084393375,0.12303069
0.0978662,0.1392868
0.12716588,0.135342
0.14993669,0.15152389
0.16615628,0.15229288
0.16013007,0.14743663
0.13946715,0.14887005
0.112539545,0.13013718
0.079956956,0.09277646
0.049964998,0.03475705
0.033137307,0.021421103
0.018441657,0.009701055
0.02107345,0.021582384
0.030462233,0.042549506
0.06833097,0.07266599
0.11584157,0.13482507
0.14098977,0.16211626
0.16569583,0.1819203
0.15941443,0.17683524
0.16628534,0.16458642
0.16085526,0.16862753
0.14243007,0.16922528
0.16260731,0.17471066
0.17217506,0.17851162
0.14994784,0.1827966
0.18388416,0.19780631
0.19757871,0.20801078
0.21524127,0.20770393
0.2277037,0.19951898
0.19692893,0.19588768
0.17612714,0.18054816
0.1307385,0.14404544
0.098160155,0.10094064
0.057426475,0.050934438
0.034765348,0.030314537
0.030265465,0.017344806
0.025067473,0.027974673
0.03526988,0.047525123
0.08265194,0.098851174
0.15780815,0.1839477
0.19882835,0.21738991
0.21317562,0.22986653
0.18941806,0.22124793
0.17658626,0.19945133
0.17287238,0.19861013
0.16769484,0.19733435
0.18567179,0.21224803
0.19066824,0.2212748
0.19101557,0.23427977
0.20809844,0.25287572
0.21897215,0.25887555
0.21859826,0.24479122
0.22138566,0.24042758
0.20263968,0.22182873
0.1669962,0.20346102
0.13122073,0.15566978
0.090103336,0.111647904
0.054704666,0.0467291
0.039961748,0.029235993
0.030452939,0.019689009
0.023882888,0.0246167
0.034304366,0.042558547
0.081551805,0.095908076
0.15491003,0.17512266
0.20295489,0.21294247
0.20443183,0.22418503
0.19550404,0.21515527
0.18023242,0.19768375
0.1685536,0.20515487
0.17710459,0.20695207
0.17223641,0.22448273
0.18701756,0.23302448
0.19892369,0.24613006
0.20946492,0.26434815
0.22351956,0.27072442
0.21577714,0.25285798
0.2226499,0.23724636
0.19914967,0.21920079
0.16527733,0.1943723
0.13589454,0.1433524
0.08947108,0.10309653
0.057339113,0.035895795
0.033100396,0.020541046
0.026668163,0.009463102
0.020380648,0.010954943
0.029250298,0.025549402
0.07795742,0.07291943
0.1496637,0.13888022
0.19778584,0.17664996
0.20199363,0.18405505
0.19460915,0.17667921
0.18300654,0.16441944
0.18500422,0.1644671
0.18441525,0.16867092
0.18862118,0.17731467
0.20226236,0.18375497
0.20613529,0.19092986
0.23689467,0.20732176
0.24490237,0.20884575
0.23799402,0.1931787
0.22027011,0.1778022
0.20450857,0.16851556
0.16975677,0.15110889
0.13264509,0.09895172
0.09958904,0.07006364
0.056714024,0.042737037
0.036122534,0.022439888
0.027848763,0.006623119
0.014873829,0.004089717
0.030757781,0.0074697933
0.07128009,0.027060399
0.13591976,0.06353557
0.18408836,0.09634434
0.18201527,0.118435994
0.1894842,0.1359718
0.17780298,0.14089683
0.17258959,0.15072471
0.17649066,0.16324285
0.18055241,0.16765577
0.18936098,0.16878173
0.20037062,0.17160372
0.22128847,0.18160659
0.23231432,0.20029636
0.21344195,0.18314458
0.20590161,0.17613778
0.17622034,0.17073435
0.15660924,0.14883924
0.12692955,0.10948555
0.08892246,0.091591045
0.07266357,0.05589564
0.03995325,0.03238706
0.02509084,0.012986347
0.021522747,0.012483161
0.01686407,0.010329919
0.019047625,0.014806334
0.045132924,0.031568207
0.067116916,0.047768842
0.10639914,0.07927496
0.13639906,0.10539099
0.1507211,0.12578964
0.1661871,0.13138956
0.17601986,0.1360834
0.17230624,0.1341606
0.16287391,0.13602833
0.15032597,0.13805263
0.15996091,0.1505389
0.16806023,0.17400794
0.17508674,0.18486886
0.18166688,0.19485694
0.15948798,0.1932843
0.1520844,0.17972359
0.12083376,0.14760202
0.089494176,0.11997762
0.07043407,0.057019625
0.043994807,0.038810544
0.02651574,0.022139125
0.019709358,0.02206023
0.01833783,0.022467641
0.018789252,0.031100854
0.042466346,0.046716113
0.059504878,0.06235161
0.07130532,0.0873182
0.08698746,0.10314839
0.07707795,0.10512247
0.090116344,0.10929301
0.09061291,0.11306747
0.10517499,0.11057465
0.09976271,0.11449622
0.10578096,0.11702986
0.12059371,0.13459787
0.14763018,0.15336655
0.16411904,0.17106842
0.18543573,0.18338248
0.17293479,0.1885401
0.16144185,0.18118215
0.124456026,0.14690794
0.08956959,0.12317374
0.06672896,0.061041247
0.047127675,0.04539725
0.028571837,0.033370778
0.03530785,0.035185914
0.050851643,0.050421324
0.1018751,0.08453305
0.18106861,0.14515798
0.22479628,0.18182449
0.22445294,0.18845071
0.2143286,0.18517959
0.18410908,0.17088652
0.18481223,0.16997683
0.1820721,0.15971565
0.19743188,0.16033432
0.17114583,0.1581364
0.19208464,0.1598373
0.2008316,0.17422844
0.21834892,0.19142516
0.21887548,0.18779962
0.21463212,0.19318494
0.196567,0.18454754
0.17714417,0.17493066
0.13327682,0.13123184
0.09146318,0.102004156
0.05567894,0.05268431
0.039449517,0.03434907
0.0300448,0.031408012
0.02050625,0.030624721
0.039549362,0.047866747
0.083247826,0.09325376
0.15538031,0.1664825
0.20649616,0.21176833
0.22612931,0.2224951
0.2200282,0.2161371
0.21085823,0.20032705
0.17876849,0.20366985
0.2056212,0.19659835
0.20364398,0.20458187
0.18819763,0.19832984
0.18762699,0.20193166
0.19652106,0.21237744
0.21329777,0.2282435
0.22434407,0.2218822
0.22209387,0.21547914
0.20073655,0.2060661
0.17382914,0.18843001
0.14357853,0.15235993
0.09382252,0.11620784
0.07213673,0.058275167
0.045204088,0.046174407
0.03299418,0.035781313
0.033069327,0.03637814
0.05735292,0.04997096
0.09543144,0.09537985
0.17236786,0.17055653
0.22946027,0.21040837
0.22721936,0.22457741
0.20514429,0.21150044
0.18104896,0.19318046
0.16562255,0.19374433
0.1657285,0.18389577
0.18649073,0.19251952
0.19324107,0.18492723
0.19751738,0.19536005
0.19885863,0.20581087
0.21685922,0.22351062
0.21608171,0.21811925
0.21414644,0.21158653
0.19936529,0.20823975
0.16507526,0.18731526
0.12932529,0.14364943
0.092073925,0.10897474
0.05464359,0.0669503
0.03736846,0.05339718
0.037373506,0.039603572
0.030029133,0.04269487
0.047180787,0.054607663
0.093418896,0.09662871
0.16989778,0.16920353
0.21974169,0.21251272
0.22562027,0.21964714
0.19969615,0.20970538
0.17932054,0.19226488
0.1736536,0.18737388
0.16396901,0.17983344
0.16726997,0.18321176
0.1757984,0.18351318
0.18713838,0.18984492
0.20552932,0.19822851
0.22110073,0.21818149
0.2127449,0.21021737
0.20498443,0.20335943
0.1889292,0.19406965
0.161231,0.17605689
0.12803979,0.12756991
0.08560132,0.093490645
0.049644224,0.05276055
0.02572894,0.033300437
0.016462304,0.019747376
0.008803529,0.019838069
0.014405678,0.0324744
0.06933791,0.078368686
0.12399186,0.14598031
0.17361298,0.18917976
0.19540207,0.20417796
0.18492694,0.20497064
0.19020858,0.19800329
0.18375671,0.20490342
0.19696532,0.20060018
0.19816822,0.20809524
0.1966217,0.20275192
0.21703874,0.21017934
0.2204969,0.22030906
0.21820658,0.22879384
0.213921,0.22122179
0.19941574,0.21482122
0.17456894,0.20460777
0.15170759,0.18421325
0.1307138,0.13702765
0.097017,0.10507645
0.061798368,0.052646324
0.0429807,0.03427302
0.019401329,0.016860403
0.025716458,0.017673995
0.011956049,0.017593844
0.029114606,0.035368126
0.042251255,0.06593288
0.07318509,0.09007681
0.090744354,0.10816976
0.09361725,0.12016102
0.09497843,0.12569152
0.10627354,0.12983575
0.09907787,0.13156086
0.09478485,0.13259439
0.10553533,0.13355392
0.09385412,0.1409079
0.10254559,0.15032747
0.1171637,0.16544007
0.14777888,0.17583907
0.15536304,0.17878869
0.13950033,0.17746806
0.13048437,0.1649034
0.11607259,0.1270495
0.079200156,0.10043475
0.06587577,0.067092426
0.04300088,0.049402922
0.027808668,0.029698012
0.016752807,0.020620648
0.020087224,0.024476161
0.026872098,0.03370227
0.04063304,0.047840092
0.059574183,0.06033264
0.075647995,0.07988973
0.07689525,0.10031529
0.068071805,0.106589995
0.07351702,0.10812911
0.0849542,0.11320732
0.07040566,0.10891767
0.07249946,0.121817894
0.07998032,0.12792535
0.10505736,0.14143857
0.13909379,0.15718988
0.16651104,0.17613553
0.17868006,0.19686952
0.17569005,0.1936813
0.15424724,0.19145727
0.12773308,0.15119283
0.0866789,0.1266511
0.06516996,0.062700994
0.04604267,0.04306697
0.03440793,0.030286582
0.036895797,0.03979903
0.053479187,0.056172468
0.10649447,0.09951243
0.18840024,0.16690268
0.23885517,0.21615851
0.24741678,0.2183628
0.2118195,0.203933
0.19796109,0.18060097
0.17846206,0.16890123
0.16710587,0.15835118
0.1623492,0.15262297
0.16032471,0.1514633
0.16698955,0.15383276
0.19212447,0.17054938
0.21390799,0.19317816
0.21821535,0.1916007
0.22198552,0.19673637
0.20462011,0.1917352
0.1806002,0.17745066
0.14566995,0.138167
0.1018034,0.111866996
0.07539918,0.06877644
0.05974944,0.049328838
0.043917004,0.04164816
0.053959023,0.05315261
0.06692812,0.06873212
0.12645078,0.11472751
0.20179899,0.19632907
0.25733426,0.24461395
0.2571585,0.24650897
0.22895177,0.22420451
0.19751365,0.19003232
0.18255591,0.17843577
0.1703338,0.17135805
0.16629994,0.17069507
0.17335726,0.17314689
0.18515505,0.18068632
0.20524918,0.19521566
0.21776393,0.21521455
0.2168895,0.20782657
0.21269658,0.20292887
0.19573267,0.19519788
0.16574894,0.17758092
0.12472582,0.12978794
0.08729549,0.09754723
0.058015715,0.064598404
0.037421305,0.04270452
0.024235528,0.032445025
0.030443113,0.038043145
0.04434426,0.049421623
0.0915832,0.09184227
0.16633447,0.1645692
0.21991694,0.20731904
0.22704065,0.21311928
0.20397803,0.19837034
0.18827198,0.17423016
0.17302826,0.16578528
0.17415708,0.15562257
0.17355722,0.1621079
0.18318765,0.16377932
0.2038734,0.17276095
0.21998943,0.18639489
0.23280212,0.2029718
0.23294048,0.19008493
0.22470255,0.18419272
0.19953151,0.17827299
0.17876318,0.15548426
0.1333278,0.111896574
0.093601055,0.07509993
0.04629361,0.055414803
0.033455428,0.035058513
0.016739264,0.020299513
0.017188298,0.020566117
0.018498484,0.032529105
0.073908694,0.076498345
0.13987927,0.14211807
0.19741993,0.18327676
0.20245488,0.19455858
0.19536887,0.19517083
0.18598327,0.19140378
0.19021894,0.1939067
0.19419597,0.19488218
0.20461905,0.20454788
0.21725939,0.21140695
0.23903918,0.21819644
0.25160757,0.23337415
0.2561688,0.24038364
0.24946067,0.22248964
0.22762007,0.21524355
0.20847605,0.19920225
0.18116023,0.17814296
0.14626582,0.13182878
0.09576045,0.096855775
0.06913158,0.044148885
0.046133753,0.020970745
0.02655451,0.0038103051
0.036716554,0.011931978
0.033964474,0.018562047
0.07652774,0.05567083
0.14320412,0.11849898
0.2010645,0.15216257
0.20812447,0.16734561
0.2217136,0.16676183
0.22143558,0.16505143
0.2356891,0.16942474
0.26133308,0.16997719
0.2685808,0.17886011
0.2717341,0.18355098
0.26838323,0.19439878
0.28716877,0.20444755
0.28788996,0.21423404
0.28104562,0.19727473
0.24967656,0.1860503
0.22900487,0.16946073
0.20122036,0.14912367
0.16875276,0.10631081
0.13188379,0.0719499
0.09166977,0.06844206
0.06619602,0.035559293
0.050940868,0.01749333
0.032828216,0.0123743825
0.03749778,0.005398003
0.034156725,0.019191317
0.051227123,0.036898736
0.08228284,0.041620187
0.11081883,0.06840947
0.1350918,0.08452008
0.14710999,0.091859736
0.17696014,0.10521919
0.19003545,0.10546849
0.19240542,0.12545457
0.2131326,0.13084364
0.25030428,0.15241201
0.26885563,0.16974409
0.2798565,0.1900319
0.27980846,0.18330792
0.27226147,0.19144878
0.25647947,0.18316387
0.23504092,0.16371876
0.20353377,0.12618247
0.16975996,0.09305783
0.13830326,0.123926334
0.10791805,0.08637212
0.08449959,0.06219778
0.06968524,0.046396386
0.06697459,0.034500714
0.065922506,0.043514498
0.08713537,0.049151946
0.0945671,0.0531722
0.12242277,0.099512115
0.13529706,0.14008139
0.15351938,0.17844409
0.15881456,0.19697407
0.16683847,0.21556488
0.18904817,0.24181491
0.20811412,0.24712953
0.22060949,0.27646354
0.2352722,0.30072126
0.25314772,0.32931748
0.26916844,0.32413056
0.26762456,0.32881185
0.23969907,0.31667188
0.21725409,0.29516885
0.16943228,0.2522293
0.13673046,0.21212398
0.087863214,0.06936755
0.054739717,0.048431646
0.04191322,0.030783445
0.030205188,0.0244052
0.047067665,0.036433082
0.07977745,0.08007078
0.15178725,0.14533937
0.20211737,0.18559153
0.21870767,0.20423742
0.22149453,0.21081479
0.2227532,0.21695603
0.23535664,0.2225205
0.25437346,0.23848453
0.28652164,0.25805867
0.30326328,0.26778075
0.27412292,0.2892283
0.26972476,0.29419369
0.26857442,0.31268546
0.24314474,0.2965466
0.22455862,0.28254864
0.19802164,0.2565411
0.16049969,0.23969567
0.1280074,0.19597298
0.08439497,0.16893505
0.04914819,0.05510981
0.024060536,0.033260815
0.016672082,0.026599914
0.013461675,0.029097982
0.026224706,0.052477166
0.0718996,0.09977688
0.14658183,0.17305994
0.20387553,0.2082649
0.21946047,0.22550127
0.20609997,0.2200008
0.19564584,0.2088998
0.1765581,0.20041546
0.17052366,0.18438658
0.17192121,0.19580068
0.18523444,0.18886112
0.19052485,0.1977248
0.2052744,0.20788972
0.21391356,0.22659104
0.22433478,0.22750169
0.21441013,0.2280496
0.20716879,0.21896994
0.192394,0.2041364
0.1558211,0.17919344
0.12971377,0.1334797
0.096318886,0.08080383
0.07459353,0.06896418
0.072137795,0.058964998
0.07594275,0.05895171
0.098094836,0.08354033
0.14165495,0.12902614
0.22223009,0.2150152
0.26967084,0.2503558
0.2899421,0.25506756
0.27920276,0.2398963
0.24599162,0.21606985
0.22646628,0.20118496
0.20664275,0.18523204
0.20346048,0.18589228
0.20886905,0.17950132
0.21657032,0.18602127
0.23697087,0.19089788
0.2787824,0.22027935
0.29243845,0.22082369
0.29550147,0.23281649
0.276029,0.22864787
0.25830722,0.226488
0.21569137,0.19383928
0.18191092,0.159809
0.14917378,0.114971936
0.13291223,0.102368355
0.1319754,0.09582951
0.13196982,0.11001521
0.15071313,0.12658481
0.21832475,0.17784743
0.3016727,0.2649597
0.3704527,0.31879792
0.36489543,0.31426227
0.3199112,0.2874908
0.27961406,0.25333542
0.2408478,0.23922369
0.22015992,0.22497785
0.20912053,0.22144833
0.2000857,0.2209726
0.2094936,0.22287448
0.223292,0.23837131
0.26105052,0.2708908
0.2774836,0.2609661
0.28091657,0.26572075
0.2732036,0.2601089
0.24928859,0.24636436
0.21127301,0.2030581
0.17722568,0.17463443
0.14462398,0.12828274
0.13757569,0.1148617
0.12718686,0.1052386
0.13130224,0.11269374
0.14921866,0.1264119
0.19915338,0.17147128
0.28962398,0.2513563
0.3395303,0.2962647
0.34156248,0.29250854
0.30681625,0.26857328
0.26043183,0.22938164
0.21871297,0.20715761
0.20529114,0.18377677
0.18667766,0.18039086
0.18314993,0.17553237
0.18746261,0.181371
0.2129138,0.1900446
0.22988169,0.21942861
0.23552446,0.21477525
0.23036392,0.22262579
0.21155289,0.22350642
0.19782434,0.21176974
0.16646245,0.17878175
0.14236262,0.15322132
0.12221538,0.10442591
0.09912434,0.093555406
0.08977114,0.07815549
0.08256379,0.07893476
0.093419425,0.08672696
0.10439775,0.119086444
0.13908556,0.16041496
0.17940366,0.17803185
0.19143432,0.18165135
0.17542744,0.16763599
0.15525179,0.13621926
0.12516555,0.12944445
0.10399227,0.11156095
0.0954248,0.11268734
0.0970632,0.10561647
0.110981874,0.114407524
0.13132454,0.12398325
0.14499786,0.13944954
0.16090386,0.14138238
0.16455533,0.15944797
0.1609559,0.16622275
0.14191625,0.15268329
0.123927064,0.12995276
0.09858608,0.107682064
0.06799294,0.07692582
0.06248931,0.06454334
0.060693976,0.047473945
0.047848623,0.045104083
0.043731388,0.048789527
0.048726242,0.07772337
0.062782995,0.115088776
0.078889206,0.13880925
0.10620344,0.15182602
0.1147,0.14478503
0.09930757,0.117198296
0.09391413,0.108201824
0.082971394,0.097810455
0.08335165,0.10195732
0.09836542,0.09545769
0.108124904,0.10757567
0.11940037,0.11563834
0.13922577,0.13657022
0.18378697,0.15069391
0.19431892,0.16217342
0.17945917,0.16467632
0.16651477,0.15509608
0.15040669,0.121483706
0.11886052,0.10261834
0.08578216,0.079636134
0.056012463,0.05466539
0.03688597,0.03602807
0.038967557,0.043901887
0.035419647,0.04711931
0.060383823,0.08268251
0.11330511,0.13669965
0.19534178,0.19131531
0.23332046,0.21579829
0.22214484,0.21657838
0.20085524,0.20235799
0.19439036,0.19662699
0.16875036,0.18631169
0.17272076,0.18599066
0.18865544,0.17968631
0.18949215,0.17911667
0.19969217,0.19243321
0.21727613,0.21084483
0.25877324,0.21499227
0.24682729,0.2253277
0.22851786,0.21154965
0.19934803,0.19389194
0.16907911,0.15419266
0.12423483,0.1254232
0.09145946,0.0836893
0.056838565,0.057092585
0.03618786,0.036173172
0.025928361,0.035394195
0.027813448,0.033624746
0.039531305,0.069189444
0.08311054,0.12394069
0.16986006,0.17503516
0.19915073,0.21919487
0.21968699,0.22305025
0.21758787,0.21143031
0.21721426,0.21584499
0.21715769,0.20196483
0.2103675,0.21094736
0.21886858,0.1931611
0.20905972,0.19697087
0.21090762,0.21038622
0.23879516,0.22950806
0.2613875,0.23128004
0.2388225,0.23409641
0.21726339,0.22341117
0.19019452,0.19658479
0.16835603,0.15993774
0.12397646,0.120452225
0.07643135,0.081641346
0.047581222,0.055515226
0.03398253,0.037117325
0.023054395,0.040411737
0.021522481,0.04000876
0.037120443,0.0740352
0.08848485,0.116423324
0.17177941,0.1638204
0.21071139,0.19262727
0.20143254,0.20048007
0.18896505,0.19242598
0.17329566,0.19320995
0.16930827,0.18640566
0.17387825,0.18892373
0.17384055,0.18070778
0.18765965,0.18154688
0.20013164,0.19862412
0.22065541,0.21814157
0.25064152,0.22405547
0.23624833,0.23160821
0.217684,0.22023368
0.19986849,0.20001313
0.1689729,0.16975093
0.13602014,0.13952176
0.099425465,0.098094486
0.09728912,0.07144675
0.09515278,0.055351164
0.09301644,0.06436333
0.090880096,0.06697607
0.088743754,0.106588095
0.08660741,0.1752872
0.08447107,0.22307314
0.08233473,0.25286025
0.080198385,0.24442641
0.07806204,0.22512496
0.0759257,0.22242239
0.07378936,0.21013457
0.071653016,0.21332131
0.06951667,0.20219737
0.06738033,0.2108378
0.06524399,0.22264679
0.06310765,0.247631
0.06097131,0.24474694
0.058834966,0.24199405
0.056698624,0.22507027
0.05456228,0.20244887
0.05242594,0.1617825
0.050289597,0.12302987
0.048153255,0.03211604
0.046016913,0.01840457
0.026072817,0.005102616
0.020387819,0.0036056638
0.013349616,0.018904751
0.024976391,0.050609976
0.0664666,0.10024151
0.120484844,0.1363833
0.15635777,0.15542655
0.18713918,0.16421698
0.21177568,0.16978367
0.23532452,0.16680175
0.25000796,0.15495381
0.2508104,0.15047042
0.24665892,0.13982986
0.2500653,0.1342058
0.23622683,0.14299288
0.25216442,0.15392137
0.27897596,0.17439525
0.26344812,0.17730969
0.24236432,0.17712425
0.22751412,0.17958301
0.21726231,0.15195861
0.19119667,0.122335166
0.16083083,0.11246817
0.1382568,0.10041162
0.11700942,0.088654965
0.10353872,0.095402
0.09890049,0.1122106
0.10272111,0.15559901
0.12072569,0.22693741
0.13944669,0.27923092
0.17179482,0.28037876
0.18836333,0.26427487
0.19406374,0.23015106
0.15703091,0.21455124
0.12387794,0.19962516
0.11875271,0.19191304
0.109713644,0.1858125
0.11255043,0.18922421
0.1310845,0.1986601
0.15141231,0.23321892
0.19167173,0.22913729
0.20013031,0.23746088
0.19864115,0.23016652
0.18634547,0.21658245
0.18161085,0.17831796
0.16336915,0.15471879
0.14258806,0.1277962
0.119210236,0.11196111
0.10451034,0.09512162
0.09393246,0.09563236
0.08773443,0.097843185
0.08171272,0.11814299
0.09184184,0.1475866
0.11458316,0.17357394
0.13509047,0.18900986
0.15453933,0.19435932
0.1423265,0.1837149
0.15783711,0.18242747
0.15608214,0.16851324
0.12997241,0.16511194
0.12832604,0.1534241
0.13060944,0.153313
0.1525844,0.16237532
0.1904242,0.19189142
0.23750275,0.21437769
0.25142992,0.23550195
0.2552487,0.22511697
0.24476083,0.22109875
0.2342488,0.20001629
0.20485698,0.17533189
0.17529519,0.14778441
0.15414687,0.12946351
0.13759667,0.11620364
0.13875948,0.12180151
0.14700218,0.13543966
0.17256568,0.17693704
0.2431798,0.24713188
0.33580843,0.31593078
0.37729943,0.33734968
0.34596545,0.32382536
0.2887315,0.2870188
0.25877458,0.26478025
0.23649344,0.24580064
0.2229043,0.23856044
0.21678169,0.23196316
0.21796016,0.22901644
0.23635216,0.24410382
0.2721558,0.2762417
0.30336046,0.28727007
0.29318753,0.2890804
0.28703943,0.2769849
0.26336554,0.26143703
0.23706223,0.22013992
0.20194636,0.18959591
0.16196497,0.14606705
0.13256967,0.12317066
0.11476346,0.10878457
0.11553938,0.10979146
0.113628,0.11642759
0.13115168,0.15970056
0.19579268,0.23528574
0.2694085,0.30549207
0.3103806,0.32736766
0.2831625,0.32211083
0.2431134,0.2965608
0.2240541,0.2817071
0.20513898,0.26452205
0.2034804,0.26494238
0.19903946,0.2582743
0.20675321,0.2617494
0.22377448,0.27784285
0.25418174,0.29955834
0.29166412,0.30744052
0.28391957,0.3069684
0.27282947,0.278836
0.25860542,0.2706728
0.2310777,0.22363457
0.20001931,0.19399822
0.15643902,0.14191717
0.13334161,0.12042779
0.1141875,0.104492374
0.11619235,0.1073824
0.1146052,0.11610251
0.13323088,0.14698565
0.19535348,0.20650302
0.28314048,0.2608208
0.32651657,0.28717807
0.307978,0.27986825
0.27316964,0.2497172
0.24443926,0.23376298
0.22829667,0.21702614
0.22725654,0.21264583
0.22680458,0.20518717
0.22671032,0.2077884
0.24047285,0.21826912
0.2561157,0.2395304
0.30064264,0.25456426
0.27935198,0.2592168
0.25869915,0.24860024
0.23610707,0.2332845
0.21937922,0.19804466
0.17221782,0.17108186
0.13477209,0.14494789
0.09687573,0.11942917
0.07788599,0.10263709
0.079852864,0.10300428
0.08163094,0.1098157
0.10412344,0.1387493
0.16352157,0.19445227
0.24878964,0.2557927
0.29138052,0.27905655
0.27011615,0.27540615
0.22984716,0.25119507
0.20747814,0.23436841
0.1919009,0.22102252
0.19561902,0.22051117
0.19223468,0.22383153
0.2039289,0.22691922
0.2159577,0.2423031
0.237413,0.26378658
0.26282382,0.2655637
0.24273235,0.26569316
0.22238809,0.25596875
0.21281129,0.23426348
0.18454032,0.20301604
0.15194498,0.17636034
0.112126626,0.10915954
0.077553265,0.08668655
0.06995185,0.07069786
0.054271832,0.07183808
0.053233296,0.07161684
0.07088443,0.097306564
0.12327649,0.14582655
0.20058067,0.19408931
0.23340358,0.2235216
0.2267005,0.224032
0.22080837,0.20274286
0.20743194,0.19963631
0.19995266,0.19374844
0.19505288,0.19701491
0.200142,0.1943972
0.20213968,0.20158099
0.21685073,0.21089831
0.22559956,0.22637677
0.25224248,0.23164575
0.23246542,0.23042068
0.20459382,0.2200387
0.17897615,0.1996815
0.15915897,0.15848705
0.12762608,0.1305248
0.092933215,0.07481717
0.07585804,0.0496253
0.043812912,0.030236483
0.03147209,0.022230074
0.021912828,0.016784323
0.027845578,0.029018698
0.02929305,0.05972502
0.05210421,0.083765954
0.082993165,0.1128408
0.09447788,0.13426948
0.11526879,0.14555639
0.11363358,0.14617094
0.09504056,0.1384126
0.09096369,0.1442141
0.09556422,0.14516743
0.10083444,0.14905953
0.123987876,0.16250141
0.15246783,0.1763524
0.1873325,0.19198595
0.19294527,0.20746666
0.19050997,0.20866343
0.18215442,0.20229146
0.16989405,0.17728707
0.15503111,0.15765956
0.12727688,0.12022061
0.109332055,0.10067172
0.089001864,0.085005775
0.08418147,0.083166495
0.082269564,0.079765305
0.084824085,0.09563129
0.108426824,0.1150264
0.13388279,0.13516009
0.15443152,0.15685432
0.1457836,0.15873389
0.1240054,0.14468494
0.11407438,0.14460051
0.10393677,0.13345802
0.10094517,0.13537213
0.10487334,0.13089941
0.11307036,0.13685134
0.13273299,0.15336011
0.16343182,0.18156408
0.20676914,0.20271815
0.2174421,0.21882102
0.2200784,0.220622
0.20927826,0.20951107
0.19437549,0.1857844
0.16580178,0.16268498
0.13592082,0.1102054
0.11261841,0.0870938
0.093372956,0.072186746
0.095248215,0.0755862
0.103229895,0.084707126
0.1256908,0.118094906
0.1810734,0.17561588
0.26595882,0.2347482
0.30751702,0.26664117
0.30136678,0.26254326
0.2683633,0.24145612
0.2501277,0.22555354
0.23984033,0.21426344
0.23780414,0.20608842
0.24124266,0.19634134
0.25396374,0.19219725
0.26145416,0.20836826
0.2953533,0.2293592
0.32274348,0.2520492
0.30994275,0.26188663
0.2941727,0.25272188
0.27163744,0.23992574
0.25354525,0.20774868
0.2160549,0.18037301
0.18326306,0.16792998
0.15538588,0.14278832
0.13572805,0.12684733
0.12571709,0.1309991
0.12543057,0.13711467
0.13249001,0.16416639
0.18638982,0.22880222
0.2654583,0.299263
0.3140698,0.33589906
0.3318861,0.3402467
0.34084445,0.3192647
0.340568,0.3102927
0.35091513,0.28681108
0.34046286,0.27534658
0.34177065,0.2655462
0.3312087,0.26031083
0.32628608,0.27530828
0.32403374,0.30261716
0.33633873,0.3118571
0.29275152,0.31279567
0.26934344,0.29458383
0.23878957,0.27361485
0.21897002,0.22617468
0.17120026,0.18617696
0.13914292,0.12760812
0.093890496,0.10118985
0.077864215,0.08253515
0.057882413,0.08180708
0.05776823,0.08857227
0.073760256,0.121693805
0.11715653,0.19210838
0.18509583,0.25502217
0.22080491,0.29114783
0.23843534,0.29453894
0.24327193,0.27714062
0.20388588,0.26347294
0.18715909,0.25242376
0.18091407,0.2564884
0.19219299,0.25300902
0.20138209,0.2527892
0.21905819,0.25759247
0.24330911,0.2780066
0.2720177,0.2842033
0.25332403,0.2806665
0.23189557,0.2713241
0.22098787,0.25150865
0.19161597,0.21531177
0.16362725,0.18762127
0.1397364,0.136136
0.111163504,0.1091284
0.087982975,0.09148158
0.08134229,0.09321347
0.079196446,0.10080296
0.0856231,0.13695195
0.10440359,0.20184018
0.13765694,0.26510558
0.16528238,0.29726383
0.17169629,0.29497066
0.16431342,0.27226865
0.14937691,0.2546791
0.16390608,0.23414809
0.15461475,0.2330368
0.15906869,0.2225976
0.15509804,0.22230376
0.16890597,0.23715079
0.17223534,0.26258734
0.18216266,0.27851853
0.16288932,0.2817056
0.15211147,0.26768383
0.14994997,0.2529689
0.1541227,0.22076026
0.1387948,0.19097015
0.12425873,0.10051965
0.10469808,0.08156051
0.087176256,0.070064075
0.079206005,0.07065374
0.09079932,0.08387836
0.10670744,0.11984378
0.13924143,0.17864393
0.20398812,0.2248696
0.22111455,0.2445875
0.2215965,0.23432678
0.19264548,0.20698705
0.16861574,0.19056588
0.1554435,0.17797866
0.1531447,0.17669632
0.17937233,0.16808955
0.18787287,0.16582741
0.19957799,0.17708744
0.22877544,0.19754647
0.26005182,0.21500428
0.2425794,0.22579807
0.23095767,0.22234452
0.22041564,0.21421447
0.21222657,0.18310726
0.19482769,0.1599922
0.1661924,0.14800513
0.15310222,0.1295268
0.13296507,0.114527196
0.13695803,0.11306295
0.13546914,0.11794065
0.13460188,0.13576116
0.16631827,0.1629212
0.20311183,0.19736058
0.22944514,0.21815647
0.23832726,0.22136946
0.22041272,0.20495617
0.20261048,0.19434378
0.17928523,0.1828079
0.16577762,0.17530242
0.1649032,0.16590536
0.1648992,0.15842386
0.19217174,0.17212431
0.22921917,0.19597007
0.2774313,0.22668679
0.28131327,0.24689889
0.2922199,0.2479833
0.28650066,0.24037778
0.27674514,0.22356701
0.25462654,0.20420305
0.22715165,0.216708
0.21103641,0.19344701
0.18136045,0.17505664
0.16915931,0.17374185
0.16646059,0.17626823
0.15659834,0.1937183
0.16815794,0.23536581
0.18802689,0.28052095
0.2136305,0.31676817
0.21802814,0.32041082
0.22189896,0.30110765
0.22209306,0.29487386
0.2104315,0.27655512
0.21795379,0.2715663
0.2149043,0.26036605
0.2147888,0.25576055
0.23143166,0.26525316
0.2567397,0.28899992
0.28076786,0.31730098
0.282735,0.32523814
0.27730545,0.31251523
0.26119497,0.29856536
0.23953389,0.26832768
0.19936156,0.23993975
0.16999656,0.16632593
0.17164442,0.14037818
0.17329228,0.124200925
0.17494014,0.12387021
0.176588,0.12726113
0.17823586,0.15754658
0.17988372,0.22023302
0.18153158,0.29511037
0.18317944,0.3369159
0.18482731,0.33767086
0.18647517,0.31397167
0.18812303,0.29824045
0.18977089,0.28447938
0.19141875,0.27887377
0.19306661,0.26698136
0.19471447,0.26666355
0.19636233,0.2799366
0.19801019,0.304895
0.19965805,0.33535573
0.20130591,0.32878536
0.20295377,0.3121664
0.20460163,0.29325122
0.20624949,0.2663462
0.20789735,0.23756638
0.20954522,0.16419253
0.21119308,0.14291434
0.1941341,0.12878834
0.19006094,0.13028896
0.18362924,0.13889685
0.20669824,0.17315225
0.26129004,0.23993975
0.36014938,0.30825523
0.40139928,0.33959663
0.38435543,0.32809937
0.35113022,0.29889646
0.33720332,0.2767617
0.33296156,0.25201336
0.3245946,0.2418867
0.32903817,0.22442845
0.3458778,0.2197321
0.3767596,0.23296602
0.44413248,0.26057133
0.49071768,0.2980738
0.48271766,0.30526277
0.4690356,0.29200152
0.45005938,0.28446943
0.42332777,0.2634303
0.3805595,0.23981017
0.327959,0.31954134
0.30138642,0.29135615
0.28186852,0.27373335
0.28739074,0.27463913
0.28739554,0.28383994
0.3176233,0.31542367
0.37891075,0.3898756
0.4746829,0.4919636
0.53327215,0.5357913
0.49350134,0.5316855
0.44408575,0.48156977
0.3954976,0.43410262
0.36784667,0.39944103
0.34754142,0.38166916
0.34166312,0.37000367
0.34100643,0.3601724
0.36823887,0.3703272
0.4222255,0.40593505
0.45717114,0.4460532
0.44013423,0.44368127
0.42448342,0.41855332
0.39232993,0.39898688
0.36391503,0.3618971
0.319972,0.32595077
