true,forecasted
0.40911385,0.40706396
0.3850977,0.38266382
0.3668459,0.36504775
0.35704547,0.3562613
0.3535988,0.34804788
0.3593081,0.34959343
0.37649393,0.3664912
0.40842345,0.38956565
0.44228637,0.41586807
0.46459925,0.4362662
0.4801299,0.4632413
0.49601716,0.47187454
0.50975657,0.4924026
0.5201771,0.5106863
0.5348324,0.5237961
0.54532164,0.5364976
0.5522609,0.53345656
0.55234385,0.55038416
0.54080564,0.54611796
0.5127396,0.53081214
0.48966968,0.51548535
0.47315273,0.5048731
0.4586574,0.48524898
0.42563772,0.4529453
0.39520904,0.3952626
0.372891,0.37361544
0.35789365,0.3555604
0.34672803,0.34991944
0.3419689,0.34289593
0.3467169,0.34495494
0.36239624,0.36515296
0.39131618,0.3926174
0.4196585,0.4199035
0.44069326,0.44122693
0.4554563,0.46486726
0.46950457,0.47008884
0.4788063,0.4874603
0.4882867,0.5062919
0.500037,0.52243876
0.5082823,0.53509235
0.5158561,0.5319505
0.5207386,0.54618245
0.51750886,0.54449695
0.5021314,0.52598834
0.48492163,0.5106196
0.4733799,0.5027959
0.4580533,0.4827212
0.42856023,0.4485467
0.3942662,0.40627563
0.3719774,0.3871208
0.35526544,0.370124
0.34335005,0.3619104
0.3394126,0.3575072
0.34292194,0.35381347
0.3555352,0.37387666
0.3842669,0.3958544
0.41339332,0.42377737
0.43768096,0.4445713
0.45614874,0.47284725
0.4750822,0.47492623
0.48714703,0.49447095
0.5006037,0.5104705
0.517216,0.5247428
0.532855,0.53302044
0.54795855,0.5366169
0.56177425,0.55143046
0.566718,0.5431291
0.5570549,0.5303036
0.5357415,0.518222
0.5094418,0.5023549
0.4926984,0.48008615
0.45639575,0.4579543
0.4225621,0.43338653
0.3924191,0.41537353
0.37101954,0.38736707
0.35436413,0.37885207
0.3470188,0.37044734
0.34221914,0.3639167
0.3430235,0.3643198
0.35229015,0.36943138
0.37230334,0.39531204
0.39947683,0.42284283
0.4285015,0.45960775
0.45894584,0.4721887
0.48239803,0.5034627
0.5063568,0.51840305
0.5283483,0.54348934
0.55380803,0.557182
0.57587624,0.5574683
0.5880079,0.5771485
0.5773733,0.57135683
0.5550403,0.56218946
0.5346379,0.54614884
0.5209826,0.53881
0.50584143,0.5079934
0.4777155,0.48977047
0.4430818,0.4242333
0.41171265,0.39519793
0.38372007,0.37378576
0.36457974,0.369742
0.35329214,0.3579263
0.34689438,0.3565148
0.34432453,0.35655284
0.34257755,0.37185264
0.35086328,0.3896297
0.3611978,0.41049486
0.37331173,0.43859723
0.38032907,0.45675045
0.38358626,0.47907254
0.38122135,0.49175352
0.38116255,0.50703883
0.3784262,0.5151085
0.3777128,0.5084419
0.37752637,0.5284773
0.3834081,0.5266028
0.38280421,0.524908
0.37872553,0.50532204
0.38157374,0.50831896
0.37621844,0.49227756
0.36098194,0.46008283
0.342729,0.35685548
0.32786974,0.3367363
0.3203561,0.3238913
0.31378168,0.3220368
0.3144641,0.31739458
0.32349518,0.32386574
0.34380263,0.34570035
0.37318647,0.36880714
0.39956605,0.39637563
0.41474068,0.4089963
0.42549264,0.4254035
0.43437216,0.42589664
0.43876883,0.43624225
0.44240764,0.44548678
0.44805112,0.45430443
0.44883204,0.46047837
0.4497631,0.4497771
0.45163986,0.46818405
0.4498684,0.47220752
0.44320327,0.45916688
0.4410119,0.45050856
0.44331893,0.44748327
0.4318221,0.43009382
0.40703854,0.40665567
0.3806148,0.3792203
0.36175296,0.35925972
0.34795794,0.34337786
0.34020352,0.34276527
0.3382728,0.33755562
0.34492058,0.34326226
0.36384073,0.36800808
0.3898601,0.3991658
0.4156331,0.43395275
0.4290896,0.44452098
0.44073698,0.4576063
0.45546296,0.45971322
0.46541822,0.47096232
0.46815118,0.4745789
0.4683207,0.4813398
0.46624708,0.48155868
0.46360505,0.47654334
0.4610228,0.48261023
0.46059066,0.48504576
0.4561328,0.47967196
0.45177588,0.47290453
0.4504647,0.46314964
0.43821707,0.44557303
0.41432297,0.420442
0.38864604,0.3917761
0.37032974,0.37293252
0.35683566,0.35162774
0.34786728,0.34774184
0.34303686,0.34500742
0.34914923,0.34751981
0.36725968,0.36820182
0.3974042,0.3995428
0.42563748,0.4340375
0.44236276,0.45639434
0.45422465,0.4728962
0.4647796,0.47830534
0.47463977,0.4934272
0.48836273,0.50567466
0.5068541,0.5260296
0.52112573,0.52829427
0.52928793,0.52581966
0.536289,0.53147644
0.53696823,0.53483975
0.5259474,0.52488244
0.5113992,0.51177835
0.50273675,0.5032693
0.4868409,0.47701102
0.45504022,0.44263
0.42009687,0.40993956
0.39369118,0.38065267
0.37542087,0.36106604
0.36285487,0.3595693
0.3583031,0.35304183
0.36269477,0.35672203
0.38087615,0.37693527
0.4121276,0.4098915
0.44424137,0.44303003
0.46799546,0.46046796
0.48987353,0.47715792
0.5180025,0.48939466
0.5362581,0.5062398
0.5439135,0.5186651
0.5531423,0.53163415
0.5517216,0.53500646
0.54488677,0.52634394
0.5295307,0.53657997
0.50670767,0.53774637
0.47951403,0.5271641
0.46011013,0.5132488
0.45428428,0.502721
0.4422483,0.4862184
0.41472808,0.446634
0.41431892,0.38890186
0.41390976,0.36109194
0.4135006,0.34128335
0.41309145,0.34454894
0.41268232,0.33642843
0.41227317,0.33992764
0.411864,0.35810456
0.41145486,0.38336506
0.4110457,0.4087878
0.41063657,0.42170677
0.41022742,0.43907604
0.40981826,0.44614363
0.4094091,0.45852458
0.40899995,0.47212037
0.4085908,0.47148067
0.40818167,0.480358
0.4077725,0.46995208
0.40736336,0.48779237
0.4069542,0.47821584
0.40654504,0.47307873
0.40613592,0.46089825
0.40572676,0.45312953
0.4053176,0.44534487
0.40490845,0.41505986
0.4044993,0.37182167
0.40409014,0.36743358
0.403681,0.34488505
0.40327185,0.33989322
0.4028627,0.33439994
0.40245354,0.33662844
0.4020444,0.33363074
0.40163526,0.33663705
0.4012261,0.35337847
0.40081695,0.37410685
0.4004078,0.40004238
0.39999864,0.40708345
0.39958948,0.4248676
0.39918035,0.4321419
0.3987712,0.45242813
0.39836204,0.45878243
0.39795288,0.4556972
0.39754373,0.47485596
0.3971346,0.4681522
0.39672545,0.46526682
0.3963163,0.45991775
0.39590713,0.46174234
0.39549798,0.43976104
0.39508882,0.423638
0.3946797,0.3722035
0.37008524,0.37394628
0.3517769,0.35122266
0.3388002,0.34652385
0.3329881,0.34536326
0.32687202,0.34097478
0.31901595,0.3372236
0.32233277,0.3459459
0.33603024,0.35693893
0.35900095,0.38644376
0.38610622,0.40476587
0.41506478,0.41401094
0.44472784,0.43275756
0.47311315,0.43464297
0.49960127,0.46727166
0.5232251,0.4687475
0.5422123,0.46858004
0.55711335,0.4803126
0.5546625,0.48181143
0.53834647,0.47556633
0.5164052,0.479552
0.50424635,0.4778491
0.4920854,0.4443714
0.46472874,0.42807
0.4289095,0.42741695
0.40173137,0.4045694
0.37895858,0.37731966
0.36484656,0.37445247
0.35599902,0.37471855
0.36116165,0.37348604
0.37691098,0.3907477
0.407086,0.43420827
0.4438757,0.47687766
0.47774452,0.5149379
0.51159084,0.54021186
0.550333,0.555697
0.5842994,0.58057195
0.61363864,0.5990972
0.6341084,0.64220136
0.652589,0.6429817
0.6653425,0.6414913
0.67553025,0.64471334
0.67520785,0.6489183
0.6535904,0.62987804
0.61938375,0.61120534
0.58448786,0.59238297
0.5565144,0.5479127
0.51560056,0.5071349
0.46908817,0.46518582
0.43291545,0.4253769
0.4072139,0.3887667
0.3903869,0.39041114
0.38017586,0.37956
0.38361526,0.38183415
0.3977388,0.3924998
0.43138996,0.42622852
0.46888018,0.46943024
0.502254,0.50624883
0.53387916,0.5359669
0.5664812,0.56598735
0.59550583,0.5977505
0.61767995,0.6258923
0.63759094,0.6562996
0.653613,0.67062396
0.67012435,0.6586739
0.6832694,0.67303395
0.6830842,0.6732928
0.6586275,0.65235454
0.62242967,0.62122923
0.5891003,0.6079884
0.5637475,0.57512265
0.52529395,0.5240639
0.47948137,0.4849919
0.44362098,0.44638777
0.41679418,0.41347703
0.40053537,0.410581
0.3901839,0.39839303
0.3927987,0.39897162
0.40860572,0.41462374
0.44855055,0.44841105
0.4911564,0.49065277
0.53203475,0.52741575
0.56975365,0.5621543
0.605517,0.5889156
0.64001155,0.6207482
0.66955805,0.651533
0.69933844,0.6760359
0.72289723,0.6923693
0.7429868,0.68859744
0.7532762,0.7006981
0.7497546,0.6893644
0.72653556,0.67022896
0.68665123,0.6417862
0.6471924,0.61746234
0.6126002,0.5846764
0.56360406,0.53685653
0.5132515,0.51787555
0.47494322,0.47313243
0.4447437,0.43407407
0.42332688,0.43285128
0.40880615,0.4136827
0.40982085,0.4133592
0.42356315,0.42466164
0.46077177,0.4554874
0.50355995,0.49452916
0.54163545,0.5352141
0.577343,0.57691795
0.61267424,0.6156388
0.6460903,0.6502596
0.67607355,0.6871363
0.7021739,0.71093565
0.71589893,0.7374676
0.7254659,0.732486
0.7258314,0.7490269
0.7120502,0.7287726
0.67602366,0.70648396
0.6359456,0.6746833
0.6024878,0.6495387
0.57664114,0.6166154
0.5335403,0.56196505
0.48854876,0.48499775
0.45329735,0.4481798
0.42597765,0.4115273
0.4071259,0.4093014
0.3981961,0.39415514
0.399811,0.38782683
0.41191158,0.3913654
0.44288564,0.4098983
0.48050717,0.43810007
0.5186112,0.47621533
0.5528434,0.5124094
0.5935026,0.54526144
0.6277091,0.5856125
0.65638524,0.614668
0.68402463,0.6455792
0.6990186,0.6674195
0.7108851,0.6626495
0.72139484,0.67720926
0.7164002,0.6619185
0.69511276,0.6424007
0.6587951,0.6170945
0.61780673,0.6007882
0.58965325,0.57121545
0.5463133,0.51970536
0.5016677,0.5160132
0.46111333,0.4783054
0.43450877,0.44830474
0.41101262,0.4333919
0.3988549,0.4220823
0.39160523,0.40534753
0.3864798,0.40973923
0.40377578,0.42039385
0.43723753,0.44579312
0.47910225,0.485634
0.5227084,0.52574843
0.5671285,0.5534312
0.60961694,0.59802586
0.64565325,0.6280776
0.6709529,0.66153127
0.69506204,0.680353
0.7159393,0.6844833
0.72766376,0.69912994
0.72475183,0.68675804
0.70056933,0.6674913
0.6711156,0.64448994
0.6424329,0.62082523
0.6192207,0.58977926
0.5866985,0.54477113
0.550594,0.5461378
0.5184,0.4988718
0.47823662,0.47458062
0.44621667,0.45489654
0.4232582,0.43766528
0.4128364,0.42526197
0.40833044,0.4249453
0.41296902,0.42924964
0.43981308,0.45537534
0.48421425,0.4886544
0.53718287,0.5392181
0.58986384,0.5680562
0.6228159,0.61727506
0.6329325,0.64873046
0.63429844,0.66596854
0.6207188,0.6865054
0.6063016,0.689867
0.57803,0.7118621
0.5593703,0.6936449
0.5431959,0.6837685
0.52563655,0.65361375
0.51161045,0.6264084
0.5021346,0.60401917
0.47940472,0.56802183
0.4502583,0.45095834
0.42570388,0.4171489
0.41074422,0.39810184
0.39923742,0.38734257
0.39552325,0.37703827
0.40459314,0.37486786
0.42680436,0.3878187
0.46566132,0.40166357
0.50064856,0.43752643
0.5289541,0.4621189
0.5440782,0.49980637
0.5560886,0.5115421
0.55550903,0.54395443
0.5627086,0.5690274
0.5683605,0.59013695
0.5651436,0.6057228
0.5571557,0.6035148
0.55139756,0.6229392
0.5477558,0.6176511
0.5394764,0.5974986
0.5332031,0.5763178
0.5292334,0.5567278
0.5189203,0.5331826
0.4895587,0.5012593
0.45368296,0.45538485
0.42696717,0.4251837
0.40509015,0.40969506
0.388939,0.3959782
0.38168335,0.38939905
0.38558185,0.38463256
0.40168166,0.41400662
0.43106106,0.44043404
0.4599907,0.47789076
0.47609574,0.50021535
0.48829785,0.5295875
0.5038392,0.53410685
0.52112955,0.55913544
0.5410717,0.58174026
0.5633938,0.59478706
0.58028644,0.60533917
0.5921558,0.61128294
0.59861606,0.6199782
0.5943696,0.6116093
0.5733937,0.5941729
0.54744434,0.5782044
0.52787006,0.54983866
0.50695604,0.5273857
0.47269568,0.49367768
0.4345564,0.4494758
0.40570447,0.42637792
0.38113126,0.40409923
0.36679447,0.38988197
0.35982943,0.3861943
0.36465952,0.37908822
0.3817885,0.40232718
0.41663048,0.43494004
0.4500944,0.469712
0.47725713,0.50302863
0.4940573,0.54121286
0.5082703,0.54982793
0.53211814,0.5779218
0.5622824,0.60451907
0.5963777,0.6384812
0.62121665,0.6491019
0.64082813,0.65791583
0.6549724,0.6686368
0.6515037,0.6597922
0.63618267,0.63772666
0.6123592,0.6135571
0.59152484,0.59452486
0.56745094,0.5589214
0.53212047,0.517816
0.4904692,0.49729005
0.45536485,0.46434265
0.4333663,0.43610862
0.41708013,0.4229321
0.40976882,0.41426247
0.41444492,0.4054211
0.4338125,0.42542154
0.4689478,0.45673913
0.51188743,0.49751064
0.5545376,0.5316068
0.60378087,0.57830423
0.6601593,0.59707856
0.7088611,0.6347707
0.7514375,0.6637588
0.7659886,0.69682133
0.7424238,0.71056575
0.7130581,0.7187216
0.6865304,0.7306361
0.67938757,0.7154801
0.67675024,0.69476914
0.66618156,0.66403526
0.6472165,0.6392465
0.62927336,0.6039456
0.5912388,0.55994433
0.54355323,0.5589052
0.50587523,0.5152522
0.47741917,0.47931543
0.45727432,0.4667808
0.44504133,0.44928938
0.4455079,0.43964365
0.46120852,0.45650017
0.49500325,0.47743124
0.5417581,0.52043116
0.59687674,0.5553296
0.6507805,0.6059131
0.69654006,0.6391342
0.7369728,0.6824786
0.76940036,0.7159518
0.78206384,0.7336422
0.76761854,0.7569216
0.75746685,0.76368797
0.73963875,0.779026
0.7244165,0.75638205
0.7153905,0.73712814
0.6976496,0.70339084
0.67441314,0.66996056
0.64976025,0.6406558
0.6073631,0.59965926
0.5584902,0.5647922
0.517193,0.51757705
0.4847578,0.48203447
0.46026918,0.47206455
0.4454234,0.4456174
0.43772832,0.43886864
0.43626752,0.44366306
0.44218224,0.44776022
0.45834595,0.48203924
0.48380163,0.5096315
0.50409734,0.55944806
0.531347,0.5956391
0.5630162,0.64243
0.59102786,0.6706443
0.6119706,0.6761722
0.6271638,0.706109
0.6362603,0.7058382
0.63663197,0.72648054
0.6197774,0.70050406
0.6036053,0.69014937
0.5833508,0.66174644
0.57208836,0.63436973
0.55753803,0.613823
0.53264713,0.579059
0.50091493,0.49782646
0.47330645,0.46324027
0.4479715,0.43616775
0.42847124,0.42981112
0.4197213,0.41098732
0.41252768,0.4060412
0.41041875,0.4109061
0.41137117,0.42433137
0.42195952,0.4558665
0.43674216,0.4813906
0.45079857,0.52481216
0.46127558,0.5443199
0.46332768,0.5823062
0.4647511,0.60425305
0.4670743,0.6227965
0.46403342,0.6426087
0.4652938,0.6451951
0.4678113,0.6575871
0.47843122,0.6400791
0.48130122,0.6322641
0.47324884,0.60813695
0.46637154,0.5908547
0.45777497,0.56812835
0.4359829,0.53364027
0.40647823,0.42950085
0.38280612,0.414141
0.36640796,0.3994556
0.35370737,0.38814932
0.34902316,0.385632
0.3533928,0.38176972
0.36446643,0.40022498
0.385375,0.42701048
0.41822687,0.46199223
0.45304915,0.4948487
0.48880786,0.5283548
0.52795935,0.52756023
0.56286436,0.554897
0.5979603,0.5752802
0.6300415,0.60778064
0.64965236,0.6127772
0.6694249,0.6246345
0.68727344,0.62804645
0.6896143,0.6193949
0.66837865,0.6035992
0.6359516,0.5918432
0.59748447,0.5630658
0.56801665,0.5249786
0.5311871,0.49904197
0.49147105,0.51106447
0.45640838,0.47378355
0.426654,0.4458547
0.40580174,0.43202263
0.39302132,0.42716017
0.38698024,0.4149632
0.3849653,0.43929017
0.39550525,0.47482488
0.4263623,0.52098024
0.4715103,0.5674907
0.52895766,0.6084575
0.58839506,0.6310571
0.6392169,0.67142063
0.6763482,0.70507574
0.7035437,0.749292
0.7240686,0.7596855
0.73427695,0.769701
0.7354137,0.7743192
0.721223,0.7696264
0.7089376,0.7412216
0.6884972,0.7097475
0.65881014,0.67623806
0.6312841,0.6286973
0.6010663,0.58066005
0.5656922,0.56022686
0.52840525,0.50642604
0.49403626,0.47963104
0.46956635,0.4613436
0.45659927,0.44748047
0.4595769,0.43997413
0.47899154,0.46551168
0.5243404,0.49635023
0.5893981,0.54789364
0.6480143,0.5847796
0.70445466,0.636326
0.75830925,0.6666442
0.8018505,0.71163636
0.8327281,0.75101775
0.85344505,0.7766387
0.843227,0.79315454
0.8176631,0.79988754
0.79974383,0.8134666
0.7690685,0.7986185
0.72516805,0.773742
0.6793605,0.7323491
0.6478801,0.6943498
0.62173116,0.66138023
0.5823464,0.60948426
0.5396574,0.52559024
0.50595605,0.47994417
0.48098865,0.4480329
0.46202445,0.4385656
0.45237505,0.41673547
0.45204997,0.42090914
0.4657692,0.44196042
0.49718478,0.46860266
0.5261214,0.51928544
0.55473113,0.54776627
0.5821482,0.5952097
0.6120038,0.62303495
0.6403791,0.6624048
0.6654431,0.6968098
0.6838785,0.7179637
0.6934278,0.7454979
0.6973848,0.7414272
0.69091696,0.75801504
0.67703635,0.7449277
0.6553932,0.71770424
0.6240626,0.6814727
0.59114015,0.6590969
0.5651544,0.6303679
0.52327013,0.57838994
0.482059,0.4975279
0.44525766,0.46377736
0.42049238,0.43870124
0.4027683,0.42923605
0.39394915,0.41567475
0.39877614,0.41089427
0.4127358,0.43263173
0.44121626,0.46323195
0.47525796,0.504217
0.50710785,0.5350537
0.53232306,0.58218724
0.55900156,0.5975885
0.5862541,0.63487643
0.6108859,0.6662476
0.63492346,0.6900273
0.65235776,0.7072695
0.6686126,0.7191367
0.67713463,0.72556657
0.6648301,0.69764507
0.62507975,0.68028265
0.5933973,0.65281093
0.5731559,0.61923975
0.55190974,0.5905947
0.5212364,0.5463804
0.48336858,0.48113164
0.45407373,0.44374865
0.43110397,0.41335693
0.41579607,0.41215777
0.4052778,0.39543784
0.40033674,0.3897519
0.39662763,0.397874
0.40439114,0.41690764
0.415993,0.4461048
0.43181348,0.48020536
0.44486713,0.5228229
0.45326424,0.543681
0.46276826,0.57978624
0.4680143,0.6107024
0.4760693,0.63931507
0.4840118,0.66348857
0.48986498,0.6608144
0.5040409,0.6776879
0.51599026,0.66308665
0.5185595,0.6454788
0.5043738,0.6129324
0.4889738,0.6040483
0.47621188,0.5762901
0.45130786,0.5299986
0.4206316,0.4384385
0.39714906,0.42303622
0.378345,0.404067
0.36435372,0.39306048
0.35164818,0.3870957
0.35071474,0.37568846
0.34400135,0.3776941
0.34453475,0.38334763
0.36312997,0.40022263
0.3889067,0.4258075
0.42172316,0.45809737
0.45596668,0.45956802
0.49223122,0.495948
0.52015823,0.5098889
0.54519624,0.52718216
0.5674648,0.5390134
0.5879392,0.5448766
0.6044179,0.5573667
0.6132646,0.5380889
0.60663784,0.53390765
0.5881554,0.5318537
0.56124634,0.5057865
0.5432976,0.4826123
0.50881433,0.46687293
0.46776304,0.49027675
0.433749,0.45138377
0.40900585,0.4267209
0.3920141,0.41716775
0.38436332,0.40549862
0.38964462,0.39475188
0.40835792,0.40359628
0.4437904,0.4214586
0.48840567,0.4542623
0.52561384,0.49852082
0.56556284,0.541379
0.60242164,0.5640822
0.6376248,0.6040366
0.6656287,0.6366785
0.69717234,0.6762172
0.7242392,0.69539356
0.74628484,0.69886005
0.7597306,0.71334165
0.76348996,0.7096083
0.7482615,0.68438655
0.7183858,0.6559678
0.67998964,0.6339649
0.64990497,0.5915201
0.6022894,0.5540196
0.55107665,0.55402017
0.5071918,0.50374913
0.47392604,0.47034684
0.45141274,0.46291345
0.43784818,0.4361815
0.4384084,0.43250293
0.45468262,0.43825108
0.4896784,0.45092118
0.53765935,0.48461613
0.58279324,0.5138149
0.628828,0.55847204
0.67352784,0.5991231
0.7132328,0.6418759
0.73584527,0.6697922
0.7321095,0.67700255
0.70700765,0.7033972
0.6875591,0.700812
0.667085,0.7206831
0.6470799,0.7053396
0.62582076,0.69118166
0.59611034,0.66021323
0.5763602,0.6371394
0.5551869,0.6170699
0.5251586,0.57586807
0.48590386,0.47488979
0.45282134,0.43646753
0.4283342,0.4079905
0.41297576,0.40363404
0.40444914,0.38624728
0.40713742,0.38927224
0.42636254,0.41128033
0.4543057,0.43883014
0.48016787,0.48104283
0.5017034,0.501256
0.5142796,0.53439075
0.52614397,0.5599525
0.5413116,0.5843986
0.5527294,0.6086835
0.55247283,0.6174284
0.54709226,0.63718706
0.55036414,0.63424623
0.5520997,0.648503
0.5669045,0.6360576
0.5660354,0.61535656
0.56249464,0.593386
0.54710996,0.57177365
0.520951,0.5544354
0.4822243,0.51201314
0.44714886,0.45635366
0.41983062,0.4254533
0.40183654,0.403878
0.38939568,0.3956819
0.38442075,0.384982
0.39075005,0.38164252
0.41169527,0.40606165
0.44188464,0.43475354
0.47028962,0.47332045
0.48936647,0.49902597
0.5018252,0.5330659
0.51526135,0.54277235
0.5263761,0.5687833
0.54192233,0.593495
0.56718826,0.61572766
0.58921045,0.63131446
0.605191,0.6351738
0.6159386,0.6456574
0.6235636,0.6345757
0.6121025,0.6140096
0.5861811,0.5955579
0.57387835,0.5723961
0.56020564,0.5441324
0.52749,0.50394005
0.4910028,0.49420705
0.45708543,0.46212173
0.43636265,0.43301538
0.41987953,0.42358685
0.41214368,0.413691
0.4159337,0.40747136
0.43308693,0.4257141
0.4649057,0.45363927
0.50065494,0.495271
0.5349068,0.5316544
0.5663641,0.5717505
0.60261613,0.5912957
0.65443057,0.62335634
0.7055287,0.65413976
0.7456349,0.67918235
0.7760892,0.69438666
0.80289733,0.70375896
0.8191813,0.71083415
0.8016121,0.69532645
0.765785,0.67744017
0.73831004,0.6509075
0.71944296,0.6206076
0.6711616,0.58782613
0.5903327,0.54919285
0.54510117,0.57369703
0.50387096,0.5307035
0.47867358,0.49162868
0.45461938,0.48025665
0.443613,0.45990604
0.43773124,0.4489823
0.44000927,0.45084518
0.44488698,0.4655224
0.45977715,0.49813852
0.5021944,0.5353712
0.5515426,0.58335817
0.5934576,0.6219478
0.633705,0.66726303
0.66172254,0.6974222
0.6805699,0.71823364
0.688827,0.74111223
0.6966206,0.74415386
0.70221776,0.759342
0.69046474,0.73873985
0.6697463,0.72864354
0.63844734,0.6963626
0.61261994,0.6727279
0.5889528,0.6458665
0.5507117,0.60021126
0.50946903,0.5201166
0.47319114,0.48072964
0.44227937,0.45262483
0.42310935,0.43911007
0.40525946,0.42392206
0.3954076,0.40948227
0.38958883,0.4114291
0.38729498,0.41609564
0.39728025,0.43964595
0.42193815,0.47043848
0.45036635,0.51225823
0.48656315,0.5363549
0.51979816,0.5820881
0.55038273,0.60808647
0.57441366,0.62689686
0.588383,0.6490026
0.6008065,0.6484282
0.6159982,0.67046916
0.62261087,0.6542108
0.6128463,0.6397409
0.5875908,0.6205396
0.56916404,0.5958535
0.5524433,0.5735997
0.521747,0.5392574
0.48072955,0.4864256
0.45071942,0.44525844
0.426773,0.42446235
0.4095079,0.4141336
0.4007828,0.4025436
0.40858138,0.39856854
0.42617953,0.4192948
0.45753694,0.44455045
0.4940272,0.48728338
0.52255356,0.51853913
0.54969585,0.558289
0.57807577,0.5745768
0.59976184,0.6078041
0.6185323,0.6384003
0.63757455,0.6637977
0.6534256,0.6794173
0.6661582,0.68010354
0.67341936,0.69672316
0.66942906,0.69280064
0.6469734,0.66731155
0.61700714,0.6399322
0.58893836,0.61426693
0.56326824,0.5837804
0.5228757,0.5450296
0.47827592,0.48535904
0.44256568,0.450185
0.4173171,0.42280644
0.3974824,0.41488886
0.38820505,0.4013204
0.39236662,0.40330273
0.4084976,0.4213278
0.43816212,0.45086235
0.4742724,0.49190137
0.50309914,0.52392435
0.5278202,0.5552811
0.55395377,0.5826202
0.5784202,0.61080354
0.600745,0.6377545
0.62333196,0.6484148
0.6396367,0.6625312
0.6522772,0.66773367
0.66499084,0.67190325
0.6655216,0.6601623
0.649765,0.6454121
0.6205628,0.62202483
0.5892604,0.58991075
0.5607255,0.56455576
0.52018833,0.5266053
0.47672364,0.49498877
0.4414969,0.45997268
0.41724557,0.43157455
0.40002492,0.41556135
0.39027548,0.40657204
0.39349717,0.40061706
0.40950254,0.41929722
0.43813685,0.44705766
0.47898886,0.48731026
0.5143556,0.5272768
0.54292566,0.56640106
0.5740714,0.58948356
0.6046517,0.6237552
0.63379395,0.6566528
0.6690882,0.693222
0.69243926,0.71124965
0.7125065,0.71361685
0.7282146,0.72593135
0.73092854,0.72353137
0.70370835,0.69578654
0.6703561,0.66673666
0.64800817,0.64527476
0.623967,0.60519814
0.5767885,0.5558475
0.52690613,0.53733695
0.48704132,0.49368328
0.4573559,0.4668977
0.4374261,0.45056918
0.42845792,0.43935913
0.43287987,0.43161023
0.45369813,0.4579084
0.4916425,0.4918406
0.5406941,0.5354774
0.5974483,0.57350624
0.65043527,0.6160008
0.69943285,0.64125603
0.735049,0.6815118
0.7604009,0.71809804
0.7744452,0.741066
0.77995956,0.7579254
0.7803718,0.76548123
0.7761253,0.774235
0.7612542,0.7609495
0.72802395,0.73596257
0.6881486,0.70174056
0.6521101,0.66567355
0.62157184,0.6349519
0.57620275,0.5849533
