true,forecasted
0.19570024,0.20335053
0.164881,0.16965961
0.15962394,0.15128659
0.1495509,0.14232507
0.1565237,0.14935036
0.22676255,0.19478284
0.30913162,0.27993777
0.37006196,0.32176232
0.39415625,0.35773355
0.4115598,0.38816237
0.44233522,0.42045116
0.42957604,0.43225354
0.44542584,0.43880898
0.4521682,0.4508631
0.43360645,0.43629164
0.42012653,0.43561703
0.41530395,0.43189588
0.42814955,0.4327733
0.39669296,0.43903294
0.38603002,0.43029562
0.3672426,0.42780563
0.36659747,0.38783342
0.29678112,0.3272536
0.21593155,0.27121747
0.18159679,0.18832465
0.15883718,0.16220883
0.14390555,0.14535184
0.1401914,0.13986796
0.15723245,0.15581758
0.21639605,0.21915382
0.29520822,0.322996
0.36805996,0.3735749
0.37928224,0.3979492
0.3933749,0.40926358
0.41589925,0.42878556
0.41677305,0.42622975
0.41471282,0.42461675
0.4265814,0.42794567
0.4071867,0.40419364
0.38486457,0.39875007
0.38540107,0.39374334
0.36693293,0.38431862
0.35745642,0.38141394
0.33674923,0.39473757
0.34633076,0.381697
0.33696166,0.33945742
0.28111976,0.28225142
0.20866588,0.21854575
0.16158694,0.15605558
0.15056631,0.12816042
0.13037102,0.11242288
0.1298747,0.103215285
0.13598575,0.11869028
0.18966903,0.16727474
0.2719715,0.24678966
0.3360327,0.29961285
0.36536723,0.33233437
0.3854665,0.3446927
0.39646673,0.372374
0.3939174,0.36683428
0.3840286,0.36463547
0.38195157,0.3647343
0.36106676,0.34067023
0.34013212,0.34268594
0.34689128,0.33877108
0.31662354,0.32988656
0.29791236,0.32197422
0.27858424,0.3388663
0.27608174,0.33218148
0.26569963,0.29855523
0.21497555,0.24827768
0.15099539,0.19261493
0.11019733,0.11144149
0.08065814,0.08944435
0.06800938,0.068036795
0.060780913,0.062105738
0.06722622,0.07364155
0.088333696,0.082287185
0.11101529,0.11408447
0.15040307,0.16919166
0.19282086,0.20496215
0.21734363,0.23781097
0.23913105,0.2557242
0.2442987,0.27099335
0.24709345,0.27409494
0.2462863,0.27169043
0.25532594,0.25948602
0.26618153,0.26829183
0.2911442,0.28683975
0.29452348,0.28891194
0.29244944,0.2846062
0.27095428,0.2931963
0.24999745,0.28927425
0.24057494,0.25757775
0.19529277,0.21075039
0.13148963,0.1621754
0.08010603,0.094384134
0.052194376,0.068615854
0.037434384,0.052801546
0.025383944,0.041335624
0.025493765,0.04619794
0.038225345,0.038511865
0.04920577,0.06308777
0.09391723,0.121296346
0.15287137,0.17515232
0.1894752,0.2216545
0.21752727,0.25044167
0.24524088,0.28458467
0.27522117,0.30465573
0.29808098,0.31662813
0.3124221,0.31928852
0.31995723,0.33535194
0.34706113,0.35896105
0.3573586,0.3740009
0.34292927,0.38174292
0.33096045,0.37279955
0.31746012,0.3657233
0.29164228,0.32766116
0.24809626,0.2767288
0.19516614,0.22930478
0.18429674,0.16007127
0.15759793,0.12891605
0.14848328,0.11611956
0.14350888,0.10720004
0.17366558,0.12290484
0.2295555,0.16318068
0.3143917,0.25776556
0.39478457,0.33089197
0.42623395,0.37053987
0.4545387,0.39492118
0.49786088,0.4238332
0.51062065,0.42469463
0.5004318,0.4320917
0.49129793,0.43144175
0.46621704,0.42471272
0.4398837,0.41935003
0.40915808,0.41254935
0.41407788,0.41995358
0.39661196,0.4241334
0.3781636,0.41636112
0.35275027,0.3943914
0.3416756,0.3505527
0.2946123,0.2842815
0.2384385,0.2297571
0.20142241,0.20061982
0.16722028,0.16480193
0.15094438,0.15145671
0.14851269,0.14065482
0.16226988,0.1513915
0.22143887,0.21242242
0.2976807,0.30847436
0.34719315,0.35650194
0.40051454,0.38008496
0.4254652,0.4050281
0.4333592,0.4327761
0.4324038,0.4413663
0.43594632,0.44424266
0.4344226,0.44972157
0.42873767,0.43172076
0.40810007,0.42840087
0.39816207,0.42745963
0.39985022,0.4201326
0.39408484,0.41610488
0.38399258,0.41337726
0.37437385,0.41150627
0.37867013,0.37155688
0.28898793,0.3067493
0.24621609,0.23980445
0.202364,0.20003405
0.17235191,0.16366696
0.1564541,0.15031326
0.15682077,0.14200261
0.19444299,0.1517818
0.2398746,0.20848347
0.32640433,0.29778844
0.37252787,0.33974028
0.4180669,0.37192082
0.42827556,0.3946997
0.45614943,0.4286403
0.43518057,0.43611276
0.43321517,0.43643105
0.43898714,0.44491023
0.42234698,0.41939878
0.41946638,0.42531008
0.39894164,0.42310688
0.39421806,0.41200632
0.38246948,0.39476442
0.3814571,0.40549555
0.36243984,0.4018105
0.35151762,0.36489436
0.27898392,0.30463752
0.23299,0.23650134
0.18134955,0.19592044
0.1598904,0.16067055
0.15323864,0.1420963
0.14376932,0.12953073
0.16613106,0.1433419
0.22048287,0.18987308
0.3174169,0.2777328
0.39154214,0.3418755
0.4240207,0.37476757
0.41783825,0.3990708
0.43255144,0.428814
0.43356445,0.4428195
0.44486472,0.4487967
0.45725664,0.4632918
0.43358123,0.4426858
0.43134338,0.44056088
0.41376403,0.43999204
0.40954998,0.4373455
0.38935408,0.43230617
0.37551528,0.4244413
0.3815567,0.40625158
0.37729645,0.37268946
0.3149462,0.31131175
0.23823747,0.2393122
0.23519604,0.19824792
0.23215461,0.16980591
0.22911318,0.15634164
0.22607176,0.15144701
0.22303033,0.16914713
0.2199889,0.23765221
0.21694747,0.34067243
0.21390603,0.3929274
0.2108646,0.41087458
0.20782319,0.4285541
0.20478176,0.45453173
0.20174032,0.4541912
0.1986989,0.4466317
0.19565746,0.44997883
0.19261605,0.41428897
0.18957461,0.41609776
0.18653318,0.40661868
0.18349175,0.3875475
0.18045032,0.3623266
0.1774089,0.3777463
0.17436747,0.37113556
0.17132604,0.33264652
0.16828461,0.27062714
0.16524318,0.20505294
0.16220176,0.118164465
0.15916033,0.092052765
0.1561189,0.074774355
0.15307747,0.06250238
0.15003604,0.069605276
0.14699462,0.07041104
0.14395319,0.10325271
0.14091176,0.15627968
0.13787033,0.19483685
0.1348289,0.23643297
0.13178748,0.25554213
0.12874605,0.27345815
0.12570462,0.28366134
0.122663185,0.28316715
0.11962176,0.28001648
0.11658033,0.28985277
0.1135389,0.30608007
0.110497475,0.31651422
0.10745604,0.31976297
0.10441461,0.31939316
0.10137319,0.31333235
0.09833176,0.27714726
0.09529033,0.22870044
0.0922489,0.18463929
0.08920747,0.07563491
0.061769314,0.051476926
0.045475412,0.037582915
0.030644009,0.022923345
0.03583986,0.039331164
0.041974302,0.04074011
0.054120764,0.08034012
0.096309915,0.14031804
0.15581557,0.1861074
0.18082623,0.22173378
0.20873728,0.25550804
0.22633585,0.28000033
0.23953792,0.29324323
0.24820788,0.3097021
0.256636,0.2970507
0.2803558,0.3149609
0.30862752,0.33199018
0.32401645,0.3386805
0.32984844,0.34203634
0.30980137,0.3415486
0.29276332,0.3383035
0.2882378,0.301679
0.24979581,0.2531802
0.17980362,0.20727637
0.1446449,0.15050426
0.121172346,0.11805161
0.092982836,0.10883853
0.096236095,0.10136288
0.12085789,0.11623749
0.17660978,0.17340891
0.24680181,0.27531096
0.32901666,0.34028345
0.3844685,0.37592673
0.42969367,0.4079675
0.4792865,0.44634318
0.5073692,0.46386304
0.5305507,0.48288178
0.5821617,0.49539834
0.5788539,0.49135822
0.577389,0.49727732
0.58700174,0.49529555
0.58451843,0.5007532
0.5738699,0.4948289
0.5518964,0.4811466
0.5158099,0.47675112
0.48791924,0.43356466
0.4120549,0.35692656
0.3208922,0.2885114
0.2620779,0.27660477
0.21426621,0.23568675
0.19884068,0.21516657
0.19332317,0.19742708
0.20499194,0.20697221
0.27024314,0.25420675
0.33848056,0.34824908
0.4111031,0.40847582
0.460079,0.4456637
0.4989813,0.48922426
0.53977996,0.5270926
0.56535715,0.54578346
0.5849787,0.55816984
0.61912143,0.5752326
0.5933348,0.5641849
0.5873252,0.5537924
0.5973742,0.54152477
0.5758437,0.5399828
0.5558626,0.54774797
0.5286663,0.5383043
0.51456404,0.52875924
0.4836368,0.48574936
0.40001705,0.40780115
0.3243693,0.33809203
0.27075806,0.29117477
0.22587436,0.24855408
0.21037923,0.22480577
0.20203993,0.2070279
0.2127545,0.21313763
0.25781643,0.25556043
0.33974683,0.34264046
0.4101723,0.40561795
0.44730183,0.4405912
0.46778518,0.47882125
0.5390088,0.50584435
0.55887884,0.51398814
0.5690899,0.5161307
0.568638,0.5292668
0.5671545,0.5098964
0.5731983,0.49492002
0.55303603,0.47736531
0.5524581,0.48873168
0.5123862,0.50713027
0.48596045,0.50005716
0.4639576,0.47988802
0.4309353,0.4378024
0.3563366,0.37223452
0.28766227,0.30571675
0.23134868,0.255455
0.19278006,0.21601656
0.17812748,0.19161135
0.17286563,0.17542346
0.1865346,0.18488303
0.23785219,0.2244842
0.32117188,0.30326092
0.36907896,0.35842758
0.41660622,0.39583114
0.4240123,0.4225977
0.4535263,0.44951215
0.47059914,0.4595826
0.47841212,0.4583369
0.4925288,0.47306895
0.48150817,0.44814643
0.45841306,0.43665987
0.44256148,0.43015572
0.4482524,0.4303297
0.42163342,0.43272147
0.3988036,0.42892447
0.37725502,0.4031765
0.3722074,0.36934683
0.319701,0.3210696
0.26839057,0.24836168
0.22233544,0.20611535
0.17407846,0.16620561
0.15167414,0.14194176
0.1327697,0.12443281
0.15974337,0.1277228
0.20550984,0.13710898
0.27268025,0.17077827
0.34973466,0.22283219
0.40360877,0.27105308
0.43944985,0.3091494
0.4352328,0.34452426
0.45084316,0.35990536
0.45690796,0.36585355
0.4352058,0.37058818
0.4368417,0.36350438
0.4142135,0.36825085
0.40653917,0.37252307
0.3830384,0.38256872
0.36214158,0.3749467
0.34639677,0.36874688
0.33387223,0.3448896
0.32154515,0.31098983
0.25876883,0.2690198
0.19662444,0.20965129
0.16144831,0.15468326
0.1238975,0.1206203
0.10190005,0.10208386
0.08862836,0.088722266
0.09395864,0.0882868
0.11174144,0.0882353
0.13139302,0.104590945
0.17689964,0.15508354
0.23041968,0.20072466
0.2734766,0.24769682
0.3061346,0.27895853
0.32586962,0.31191495
0.34437618,0.3323101
0.3465942,0.32572868
0.35318595,0.3320899
0.36679792,0.34701717
0.37887117,0.36567515
0.38283256,0.37407064
0.37247086,0.36121687
0.34991708,0.35426864
0.3410659,0.34558678
0.3222785,0.3110576
0.26868224,0.25758064
0.21299155,0.21305576
0.15671036,0.15672311
0.14379454,0.12221808
0.10477643,0.1062251
0.09452755,0.09130471
0.08770717,0.085650325
0.09878241,0.084988
0.115584016,0.118067265
0.15968636,0.16468197
0.22515121,0.22021042
0.2927609,0.26769063
0.33683264,0.3021956
0.37274152,0.3243824
0.40935552,0.34215164
0.4403524,0.342421
0.4512422,0.35048926
0.4811577,0.3615644
0.5236085,0.3763441
0.5478996,0.39370233
0.5385011,0.40059748
0.5162918,0.38347104
0.47155273,0.369162
0.45577133,0.32581562
0.389968,0.27836034
0.30909383,0.23484713
0.2624578,0.25754368
0.23363154,0.21553144
0.20366447,0.1996437
0.19421914,0.18470934
0.2329594,0.19058014
0.25159857,0.2441251
0.32451215,0.3359137
0.41899648,0.40327132
0.47115424,0.4430993
0.5117273,0.48921862
0.5341118,0.5376425
0.5633683,0.57080215
0.59542805,0.59843737
0.6022358,0.6141784
0.61150587,0.6167074
0.5884822,0.61696017
0.5812886,0.6101592
0.5701173,0.61332434
0.53892297,0.60779774
0.48311228,0.5883825
0.47154492,0.57520753
0.44808197,0.5213638
0.37738645,0.43444026
0.31372017,0.3648285
0.25781524,0.2618692
0.2231192,0.2178284
0.20905115,0.19707543
0.19236897,0.17805283
0.20859566,0.18505387
0.26447597,0.2259495
0.3282617,0.3114089
0.40343234,0.37152493
0.45266092,0.41266167
0.47628048,0.44586632
0.49287927,0.47556344
0.5152098,0.48103848
0.52725244,0.48702985
0.5365183,0.49386013
0.54160494,0.48701012
0.51427,0.4762261
0.5118917,0.4618856
0.496435,0.46653995
0.46865895,0.4702697
0.4466495,0.4545882
0.4333886,0.44021723
0.41581464,0.3971502
0.34126693,0.33336493
0.277414,0.26872128
0.21953528,0.24118711
0.18592787,0.19803295
0.1609082,0.17914073
0.16022286,0.16399145
0.1761861,0.17145109
0.22598839,0.2179446
0.29929683,0.29600343
0.36504796,0.35109353
0.4006922,0.39369112
0.4161267,0.42841083
0.43660045,0.4680754
0.44044903,0.49037927
0.45640746,0.5086396
0.4827078,0.5255508
0.45725724,0.51753956
0.44361466,0.52411443
0.45534167,0.5256535
0.45642006,0.52215004
0.43993533,0.5110088
0.42510512,0.49496153
0.40799567,0.47852185
0.3746997,0.4380189
0.3212517,0.3703666
0.23679538,0.29520124
0.19666044,0.21868289
0.15755051,0.1800467
0.14228883,0.16155425
0.13744524,0.14972945
0.14933066,0.16150612
0.19665624,0.20435725
0.26566482,0.28404626
0.3421845,0.35126412
0.36689875,0.39281175
0.410737,0.42796037
0.45166832,0.46828687
0.46690118,0.49681476
0.48386422,0.51875305
0.51955163,0.53599876
0.5290018,0.5267856
0.54949594,0.5359763
0.5534765,0.53746855
0.5753438,0.5366644
0.56102365,0.52113
0.51178306,0.4981458
0.48396024,0.48137692
0.45538965,0.44179142
0.3622736,0.3689601
0.28287992,0.2978696
0.23242289,0.25565252
0.19243498,0.21212631
0.16000502,0.19350275
0.14504398,0.1789247
0.14468631,0.18451162
0.18699428,0.23138894
0.2477464,0.308406
0.321826,0.3686266
0.38164914,0.40938467
0.43698874,0.4528251
0.495551,0.50032735
0.52288234,0.52919835
0.5540311,0.55254036
0.5646496,0.5688772
0.5631991,0.5653445
0.572342,0.57242227
0.5739047,0.57348746
0.5682185,0.57306945
0.5469544,0.55769074
0.5184372,0.5266728
0.4762289,0.5071902
0.43840143,0.4611027
0.37406838,0.38605174
0.29537204,0.31377673
0.24000722,0.24849443
0.19105351,0.20309323
0.16616526,0.18046042
0.14499238,0.15572396
0.14289194,0.15267602
0.1495155,0.16163824
0.16055652,0.19381934
0.21192634,0.23540221
0.28891292,0.29596895
0.3573502,0.35380122
0.40859157,0.40864873
0.45786998,0.44253728
0.4777478,0.46846038
0.49287987,0.49276167
0.4911335,0.4979328
0.4936072,0.5155679
0.47425628,0.5240359
0.47262034,0.5321639
0.43303934,0.5256254
0.41189826,0.49708143
0.39226946,0.47431633
0.37970954,0.4301419
0.3282269,0.37173527
0.27626896,0.31006742
0.22730446,0.21365584
0.18895668,0.17253876
0.15394439,0.15033858
0.14230083,0.13008386
0.1317603,0.12908325
0.13536163,0.13417853
0.1471162,0.15704328
0.20840122,0.20269328
0.2606424,0.27401736
0.31267115,0.3235854
0.3332355,0.3852866
0.37722084,0.43046117
0.4048126,0.46158808
0.39895543,0.49350965
0.39841112,0.50012946
0.40590724,0.521831
0.42708373,0.5423544
0.453114,0.5483119
0.4502364,0.53511894
0.4279815,0.51348895
0.40798005,0.49203566
0.39177316,0.4487442
0.33053738,0.39369518
0.26125634,0.32787073
0.20416556,0.22090054
0.16482459,0.17955616
0.14656949,0.1623592
0.13013996,0.15039165
0.13306676,0.16026276
0.1619392,0.20889488
0.20791753,0.28498083
0.2690651,0.34655797
0.32600224,0.3926063
0.37716442,0.43033266
0.40334353,0.48301187
0.4392662,0.52085096
0.46724507,0.5512674
0.47942874,0.57325774
0.4871943,0.57472223
0.49637556,0.58246803
0.50809294,0.58970827
0.5133158,0.58903843
0.49052557,0.56432897
0.47042212,0.5428631
0.41734195,0.52887833
0.3918488,0.48746023
0.3311945,0.4050937
0.26394787,0.3332995
0.20306014,0.24949747
0.16914967,0.20509565
0.13597195,0.19001344
0.123434804,0.17335759
0.11760703,0.18435718
0.122778274,0.22749145
0.13925222,0.30150905
0.18503548,0.3590129
0.24050052,0.402852
0.31302583,0.44613665
0.3557599,0.48939586
0.4141163,0.5166948
0.44211137,0.54143184
0.4589328,0.56118566
0.46831807,0.5617329
0.49208888,0.5659773
0.51643944,0.56679165
0.53081113,0.56874484
0.52204156,0.5546102
0.4969829,0.52919894
0.45723864,0.51483643
0.42234758,0.4648607
0.36115918,0.38872984
0.3207878,0.31782496
0.2542409,0.29079396
0.21019739,0.24529701
0.1885426,0.22622111
0.1712981,0.21011837
0.18456799,0.21933514
0.23238328,0.26399797
0.30484855,0.3489161
0.4145088,0.41593546
0.49024773,0.46648934
0.5633869,0.5201044
0.64957523,0.5713841
0.7171915,0.60891706
0.75040406,0.6437481
0.78701025,0.6659284
0.8021981,0.67019874
0.8082569,0.67573273
0.81207013,0.6711769
0.79296285,0.6754381
0.7824157,0.66467845
0.7472444,0.6301115
0.7275544,0.600554
0.6622726,0.54528475
0.5668274,0.45679468
0.46262172,0.38055593
0.3849924,0.38951498
0.32999846,0.33169335
0.29176712,0.3036095
0.27752802,0.28040335
0.28843585,0.2828199
0.32192922,0.3239262
0.39115444,0.3970788
0.4837712,0.46114957
0.5585812,0.5228875
0.64538753,0.59228206
0.726419,0.6676732
0.7923129,0.7243176
0.8134162,0.7605558
0.8431456,0.80204576
0.86085343,0.79989207
0.8357635,0.8051903
0.7995354,0.80033463
0.76075673,0.78718936
0.74199635,0.76978445
0.71886885,0.7306801
0.6639829,0.69537956
0.64340115,0.6445387
0.5562077,0.5486945
0.43493032,0.46237624
0.3695537,0.39239323
0.32900167,0.33401585
0.29154626,0.30152756
0.2872512,0.27541617
0.301045,0.2764773
0.33057398,0.30912682
0.40439433,0.3704128
0.47112426,0.42809415
0.5397487,0.4926543
0.59091634,0.5579176
0.6643088,0.6276281
0.6706425,0.6749159
0.71178263,0.70817393
0.7304896,0.7435888
0.74166626,0.74268913
0.73751223,0.74531704
0.71083504,0.7388273
0.6907681,0.7300959
0.68495476,0.7155578
0.6180592,0.6691
0.5721163,0.6234458
0.54400903,0.57205826
0.46627706,0.49277943
0.38136408,0.4093144
0.3055009,0.3211545
0.26342937,0.26527733
0.23538269,0.23429894
0.19026075,0.21194206
0.193517,0.20581335
0.19834678,0.2119286
0.20657445,0.24395907
0.25104347,0.28771734
0.309928,0.35463104
0.38075194,0.41171816
0.44925883,0.46492606
0.49977645,0.50097096
0.5133836,0.5225302
0.5426167,0.5399988
0.55993867,0.5448259
0.5662903,0.54916
0.5907897,0.5577676
0.5808559,0.5577283
0.5675518,0.54329014
0.51895815,0.5011078
0.48532432,0.45477512
0.44973773,0.41137668
0.39771017,0.35802346
0.3252641,0.29351568
0.27740622,0.27844542
0.22151268,0.228901
0.20440622,0.20650074
0.17584163,0.18410066
0.1771475,0.1814621
0.17063557,0.18923758
0.18539916,0.2237528
0.22546208,0.26993895
0.27961764,0.33163533
0.33772922,0.39068025
0.38861895,0.43420568
0.40787202,0.45892352
0.40297624,0.4790439
0.39934552,0.49229878
0.40394184,0.4967869
0.40369397,0.5003824
0.4392008,0.50691336
0.4590564,0.51786774
0.45738566,0.5072844
0.4447111,0.4707278
0.42215973,0.43387908
0.4150273,0.38868824
0.33632013,0.33653286
0.3074765,0.27610314
0.24942854,0.25431308
0.21488373,0.20766872
0.2009249,0.1851512
0.21015358,0.16241215
0.21935284,0.16139624
0.2828349,0.17426626
0.35858464,0.20110789
0.43504253,0.24438697
0.49734837,0.30765948
0.5345097,0.37105155
0.5682749,0.43501657
0.6228428,0.48530295
0.6455376,0.5207007
0.6677859,0.5541475
0.6859066,0.56023514
0.676244,0.5838073
0.68600976,0.5978854
0.68332726,0.60619825
0.6583466,0.5876721
0.64738053,0.55534005
0.59912837,0.5311335
0.5533697,0.48889658
0.45476434,0.42287064
0.36001775,0.35742444
0.2882144,0.30668616
0.24022207,0.25384587
0.21782734,0.22505665
0.20795894,0.20229281
0.21775292,0.19772035
0.25876284,0.22375853
0.33007768,0.26087517
0.3884587,0.29924726
0.4536283,0.36234096
0.5070301,0.4281299
0.58266765,0.50133985
0.6273893,0.55156237
0.67095935,0.59169865
0.704817,0.6257492
0.72481245,0.633932
0.7292143,0.65769184
0.73773664,0.6700127
0.74476707,0.6668726
0.7390629,0.65186334
0.7087118,0.61933726
0.6503115,0.5929367
0.62361157,0.54023886
0.50755465,0.46225932
0.42031255,0.3943599
0.35608035,0.36575934
0.28993374,0.31538546
0.27424777,0.2844449
0.24499723,0.26825607
0.2621451,0.2718616
0.3272553,0.3198661
0.38825706,0.40176484
0.46108362,0.4677732
0.5180352,0.5273446
0.5854978,0.5867161
0.6210184,0.65353376
0.665524,0.71182615
0.6896489,0.75341874
0.72873604,0.79599977
0.7378945,0.80185604
0.7346994,0.8062314
0.7330137,0.8046877
0.7330581,0.7935764
0.71292347,0.7743813
0.682121,0.7492644
0.64984226,0.71548575
0.6155969,0.662237
0.51688534,0.5634467
0.42222333,0.48003012
0.37055528,0.38557842
0.3050418,0.3340832
0.29184994,0.30261648
0.28812316,0.28781027
0.28651544,0.2895369
0.33029193,0.33727753
0.40998808,0.41731822
0.4900671,0.48722094
0.5668898,0.5508029
0.6205521,0.6114612
0.6459181,0.68372214
0.71727794,0.74625736
0.73162025,0.79340273
0.7587667,0.8383514
0.77775276,0.8434683
0.77665573,0.85362434
0.77257615,0.8510355
0.7585585,0.8399405
0.7407265,0.8184468
0.7152825,0.79046756
0.657375,0.7510559
0.62030005,0.69765085
0.52936846,0.5965213
0.4209427,0.50771034
0.35410413,0.37871537
0.30140027,0.32480705
0.2620599,0.29576916
0.24143432,0.27600282
0.2472807,0.27998367
0.27719197,0.31918496
0.351454,0.38275808
0.4254772,0.44067502
0.483824,0.495014
0.53782654,0.5484657
0.59196174,0.60929227
0.63834393,0.65245193
0.67647386,0.68292093
0.70318705,0.70906824
0.6943635,0.7085527
0.67886174,0.70937836
0.6858267,0.70456964
0.6859888,0.69145876
0.6698203,0.66145873
0.6170858,0.62546253
0.5660593,0.59468067
0.5314671,0.5468967
0.44397834,0.46278217
0.35773367,0.38918296
0.28784412,0.29065105
0.23662435,0.23747298
0.20765227,0.21209973
0.17736953,0.18944131
0.17657617,0.18541166
0.18535535,0.18962337
0.20058824,0.2096281
0.25470722,0.25362462
0.32640734,0.32012045
0.4096934,0.38470614
0.47616708,0.43893048
0.5389566,0.48980725
0.59196174,0.5239362
0.6160026,0.54443663
0.63097626,0.5571234
0.6466292,0.5684586
0.6475576,0.58623725
0.6392147,0.58793485
0.60233784,0.56955945
0.56106085,0.52503383
0.5342714,0.49004924
0.49352798,0.44797423
0.39799282,0.38553467
0.31667694,0.32302833
0.27226737,0.2853331
0.22219561,0.23715276
0.19920616,0.21044403
0.18214831,0.1903687
0.1658538,0.18446143
0.17146555,0.19494592
0.19493149,0.21642733
0.22049607,0.24708472
0.2877865,0.31555107
0.3479631,0.37930185
0.3722116,0.43950662
0.41677424,0.48027465
0.4791557,0.5120445
0.5011003,0.53141713
0.5335327,0.5406899
0.5752093,0.5602748
0.6110846,0.5697462
0.6009641,0.5793099
0.6030832,0.5580375
0.5608592,0.53717357
0.5292556,0.5041835
0.49622554,0.4623398
0.4170299,0.40100828
0.31699082,0.34296426
0.29796636,0.32448664
0.24921249,0.27630493
0.21905757,0.25526625
0.2152324,0.24228227
0.2206173,0.2477028
0.27313274,0.29401812
0.3593198,0.37094074
0.424535,0.43463093
0.48987985,0.48919603
0.5261824,0.5498425
0.62014043,0.6097653
0.631817,0.661348
0.6900432,0.70151955
0.7267923,0.73197985
0.7397309,0.74016225
0.7225938,0.74878323
0.717662,0.7504818
0.6787453,0.7467794
0.647374,0.7244849
0.59759146,0.69500333
0.5678651,0.6679319
0.5497336,0.6139359
0.447132,0.51988876
0.3533972,0.4420055
0.30932546,0.32312772
0.26129955,0.27399585
0.23310223,0.24633095
0.23082176,0.22937316
0.233943,0.23310617
0.2897615,0.2718105
0.36848426,0.33295423
0.42921054,0.3843227
0.47717288,0.44183823
0.52412456,0.49507195
0.559698,0.5570854
0.58914655,0.603018
0.6320276,0.6391583
0.6657851,0.670018
0.6920884,0.6774579
0.66567284,0.6889523
0.67873454,0.6965473
0.6764535,0.6850482
0.65429455,0.6631324
0.60487276,0.63271093
0.5730189,0.60631865
0.5275417,0.5537555
0.4403338,0.46980307
0.3475064,0.3984173
0.29472452,0.3255094
0.25141793,0.28005368
0.21157166,0.25210524
0.2058261,0.23607075
0.22631605,0.24618483
0.27327016,0.29015222
0.34358102,0.36849892
0.4106302,0.4313205
0.4599596,0.48320553
0.512316,0.5265021
0.5562179,0.57668006
0.59273046,0.6141797
0.63614446,0.64006954
0.67247885,0.66939646
0.6822878,0.6676968
0.6896501,0.6643199
0.7034667,0.65864
0.7014623,0.6506821
0.6649863,0.6276479
0.6204849,0.611319
0.580332,0.586573
0.54571396,0.54151076
0.4516035,0.45986506
0.35279468,0.38304377
0.2971052,0.32917222
0.24654675,0.28385487
0.22229464,0.25715244
0.20556204,0.24525256
0.20716317,0.2488949
0.2532801,0.29956138
0.32863617,0.3872959
0.40597326,0.44616634
0.46075234,0.49175733
0.5278537,0.53902125
0.58073163,0.58656836
0.63433874,0.62467545
0.6728965,0.6536915
0.70721686,0.6749812
0.7095982,0.6752107
0.71651095,0.6795374
0.72982883,0.6721901
0.72368,0.66578573
0.6865235,0.6438351
0.615154,0.61663544
0.55594724,0.5879889
0.5119661,0.5333238
0.42929757,0.4505911
0.33831134,0.3785352
