true,forecasted
0.21065886,0.17861596
0.18353534,0.14690952
0.15547371,0.12136254
0.1520434,0.11466695
0.15217283,0.11197959
0.17766614,0.14657801
0.21742977,0.18497348
0.25584507,0.21679637
0.28458986,0.24606422
0.30005145,0.27647316
0.317068,0.31153807
0.3388231,0.36011362
0.36140305,0.39611152
0.39498085,0.42930666
0.41879106,0.45121163
0.44071573,0.47713393
0.45203325,0.47349465
0.45112664,0.48409215
0.43164915,0.46353802
0.40780583,0.4462344
0.3868446,0.42018655
0.35294357,0.36354637
0.29970548,0.30685636
0.23922852,0.24825427
0.19473968,0.17607492
0.15594542,0.14376622
0.13440055,0.105658665
0.120970316,0.103587955
0.12637313,0.0987739
0.16016997,0.12952067
0.19710402,0.17879555
0.23953784,0.20181502
0.26544443,0.22350925
0.27712008,0.24779117
0.2878447,0.26446158
0.30607843,0.29903096
0.3198696,0.34094846
0.33314988,0.37128165
0.35394862,0.39239928
0.3741082,0.41483164
0.38514557,0.4225596
0.39793766,0.4410077
0.39083576,0.4304908
0.3743662,0.39665425
0.36501324,0.35754654
0.33524376,0.31375533
0.28574082,0.2538486
0.2279769,0.1938549
0.18907121,0.16398847
0.1632624,0.13114345
0.1399495,0.10178168
0.13258056,0.094090685
0.14186215,0.094397165
0.16911213,0.12853363
0.20538981,0.16396996
0.23518115,0.19962396
0.24589518,0.22611892
0.25760272,0.24212758
0.27512482,0.26314673
0.288192,0.3005117
0.30597177,0.3151945
0.327613,0.35138807
0.33715045,0.35957384
0.35909542,0.37804312
0.37773076,0.38448042
0.38418362,0.40924898
0.36982805,0.4063054
0.3603975,0.398266
0.34400454,0.38529268
0.32437965,0.34454954
0.2829016,0.2927754
0.22965397,0.23310402
0.18488148,0.18898278
0.1547914,0.1519755
0.13337027,0.13714488
0.12326656,0.11256096
0.11974699,0.09708771
0.13013834,0.1180534
0.13807173,0.13792437
0.16237888,0.15117975
0.193134,0.19176817
0.2259245,0.22606714
0.25754076,0.29148382
0.28781676,0.32287008
0.31758082,0.3552818
0.3473475,0.38924184
0.38297847,0.42603335
0.41501683,0.44326866
0.45625532,0.44860575
0.48681796,0.4655731
0.49300414,0.45108488
0.4651457,0.43157738
0.4274024,0.39724955
0.39548725,0.36044037
0.34568614,0.31352454
0.28727517,0.25061685
0.23382933,0.21707824
0.19241892,0.17798725
0.1605535,0.14155035
0.14281341,0.1274268
0.13116634,0.104255095
0.12781109,0.11882866
0.13162996,0.12713332
0.15378095,0.14844489
0.19543017,0.1880818
0.24894345,0.25154358
0.30412206,0.2984219
0.36733046,0.35906833
0.42678586,0.42280927
0.48277706,0.47071585
0.519329,0.4992134
0.54724,0.5415952
0.56710726,0.5553543
0.58231986,0.5763459
0.57984877,0.55965376
0.54770017,0.5268048
0.5224922,0.49415693
0.49342346,0.44254372
0.42982063,0.3765301
0.35848808,0.30617538
0.29806963,0.3005476
0.25933713,0.2571945
0.23762475,0.21610028
0.22599033,0.20216063
0.23204559,0.20677333
0.25582248,0.23324837
0.30042288,0.27923018
0.35099238,0.3212268
0.39287856,0.38385028
0.41409478,0.42582327
0.42529678,0.46521395
0.4464882,0.51551354
0.46766138,0.5456524
0.48397592,0.58481413
0.49664462,0.6003276
0.5111601,0.6063521
0.5317067,0.6147506
0.54462844,0.618672
0.53495854,0.59618336
0.5048414,0.5726727
0.4776812,0.53186196
0.442692,0.46923855
0.37200725,0.40639216
0.2993167,0.33539018
0.24376594,0.2345505
0.1960908,0.19700374
0.1773579,0.16786854
0.16409603,0.16108888
0.16272217,0.14873329
0.18328068,0.21333696
0.22307147,0.2696123
0.2601458,0.31727383
0.2824661,0.35853523
0.3130522,0.38188475
0.34391037,0.39355895
0.37481722,0.42884228
0.40444303,0.46360025
0.43494776,0.4899436
0.4674913,0.50476503
0.48108557,0.52404696
0.50471747,0.5339554
0.52123094,0.56722397
0.51010585,0.55203086
0.48561525,0.5351602
0.45781538,0.5006028
0.42381078,0.44709408
0.3539688,0.38751763
0.28256774,0.3172134
0.22589053,0.22565234
0.19043575,0.18136542
0.16863663,0.16262051
0.158291,0.14443158
0.16520883,0.15021563
0.18808356,0.18435086
0.23107132,0.23251322
0.2581999,0.2612457
0.27749485,0.31145734
0.29951492,0.32175118
0.32274646,0.36089268
0.33947387,0.407967
0.38273114,0.42430273
0.4179681,0.46858874
0.4384271,0.5051182
0.45257482,0.5209007
0.47732264,0.51953524
0.49270657,0.52747923
0.5004995,0.5288998
0.48547238,0.5045863
0.4608505,0.47459236
0.4273882,0.4354613
0.36465496,0.38529968
0.28978038,0.32044724
0.23605615,0.23244014
0.20235361,0.19854073
0.17950296,0.16597472
0.16739754,0.15410152
0.16691601,0.14499515
0.18685235,0.18408053
0.22622046,0.22638755
0.2660701,0.2607135
0.29884547,0.29735464
0.3276331,0.3301965
0.35845667,0.35905775
0.3908774,0.40144974
0.435454,0.44295183
0.4740846,0.48219308
0.5130403,0.50579834
0.54614115,0.53104365
0.57292813,0.5408322
0.5812765,0.56449354
0.5606634,0.5485635
0.5272235,0.5142564
0.4889343,0.4777328
0.45437783,0.42350888
0.38048115,0.36442754
0.30976817,0.2940978
0.3078973,0.24726096
0.30602646,0.21177053
0.3041556,0.1810612
0.30228475,0.16639394
0.30041388,0.15278658
0.29854304,0.18389584
0.29667217,0.22675848
0.29480132,0.2494167
0.29293045,0.29303825
0.2910596,0.3209576
0.28918874,0.35577387
0.2873179,0.3975243
0.28544703,0.4291229
0.2835762,0.4602054
0.28170532,0.490528
0.27983448,0.5069797
0.2779636,0.5051821
0.27609277,0.52207136
0.2742219,0.512578
0.27235106,0.47097015
0.2704802,0.4368867
0.26860934,0.39640445
0.26673847,0.34244618
0.26486763,0.27677032
0.26299676,0.22392678
0.26112592,0.1890388
0.25925505,0.15820073
0.2573842,0.13784452
0.25551334,0.13117492
0.2536425,0.1395616
0.25177163,0.14958683
0.24990077,0.1650497
0.24802992,0.20733523
0.24615906,0.24444726
0.2442882,0.27128068
0.24241735,0.31989774
0.2405465,0.351041
0.23867564,0.3891022
0.23680478,0.4152761
0.23493393,0.43851042
0.23306307,0.4434268
0.23119222,0.46476552
0.22932136,0.46089238
0.2274505,0.43900865
0.22557965,0.41881272
0.2237088,0.37492365
0.22183794,0.32596934
0.21996708,0.26744968
0.21809623,0.15221661
0.1777603,0.12180815
0.15115121,0.09520857
0.13226444,0.08167353
0.123417385,0.062204517
0.12130344,0.08445993
0.1250439,0.115782164
0.14871502,0.13180749
0.19300698,0.1627627
0.24230659,0.19192827
0.2897307,0.22965205
0.3340152,0.25259593
0.37452048,0.28785256
0.41352156,0.3199581
0.449235,0.34867597
0.4832614,0.37502992
0.51693285,0.3901084
0.53741693,0.43166536
0.53379816,0.42548195
0.5055811,0.40502733
0.45983052,0.37814006
0.4216534,0.33927193
0.36235946,0.2924232
0.29335055,0.22249806
0.23987864,0.21716195
0.19998102,0.18323159
0.1740413,0.14827049
0.16105677,0.13714474
0.1618174,0.1367227
0.17683266,0.13905077
0.20201948,0.16920549
0.24377468,0.21629545
0.29592746,0.2565699
0.35552752,0.3111536
0.4250943,0.36976287
0.49339575,0.4237758
0.5416744,0.47930437
0.5836429,0.5344182
0.61686647,0.5766808
0.6332732,0.61436903
0.6321197,0.63379145
0.62225777,0.62416494
0.60163414,0.6172774
0.5647091,0.58572006
0.5290978,0.55270815
0.48702064,0.5003159
0.41901174,0.42188278
0.3494257,0.3408743
0.29171067,0.26223302
0.2543083,0.22983573
0.23061779,0.18777023
0.22002275,0.18843928
0.22379053,0.18196169
0.25390574,0.19606066
0.29321906,0.24724582
0.34088647,0.29844803
0.37550414,0.3287957
0.40554547,0.37887836
0.4418997,0.4232259
0.4750546,0.45058098
0.49930575,0.5031469
0.5063993,0.543201
0.50775045,0.5579326
0.5056173,0.57466364
0.502425,0.5933751
0.49480152,0.58742994
0.47682697,0.57793087
0.45845562,0.55294156
0.4438789,0.51773274
0.42276892,0.46936458
0.3703496,0.39467448
0.31054166,0.317026
0.25785965,0.23247066
0.22295548,0.19617896
0.20150363,0.17184883
0.19457486,0.16089293
0.2047549,0.16622111
0.23199919,0.1841106
0.26569816,0.21344551
0.29800597,0.23539795
0.32162505,0.27629104
0.34405935,0.30267888
0.3513635,0.3547667
0.35570747,0.38416538
0.3541184,0.3974893
0.35097438,0.42606077
0.34873846,0.44177666
0.3500347,0.44262183
0.35477272,0.43341804
0.36206403,0.43714094
0.3610845,0.4336767
0.35017267,0.4143653
0.3434771,0.38423046
0.32380083,0.34140086
0.28114206,0.30726707
0.23097664,0.2610654
0.19464701,0.19799101
0.16977212,0.16483209
0.15753165,0.15429176
0.15009955,0.1361853
0.15774807,0.13745111
0.18487522,0.17742346
0.22798537,0.21783862
0.25929022,0.24553145
0.28094122,0.27410206
0.29543203,0.26889598
0.30443835,0.30303863
0.3218691,0.3125238
0.34608516,0.29518902
0.3782888,0.3089093
0.37657344,0.32491013
0.36987653,0.32430565
0.372858,0.317355
0.38326505,0.33835718
0.3782827,0.34151387
0.3779589,0.33264503
0.38090426,0.31006375
0.3614975,0.28083223
0.31685996,0.25574923
0.2699738,0.21112184
0.2365796,0.21157819
0.21162951,0.17964181
0.19695485,0.15676191
0.19032288,0.14250389
0.19892693,0.14062671
0.22353345,0.15282062
0.25922796,0.1737442
0.29878825,0.21033676
0.32864812,0.24957499
0.3625624,0.2866058
0.39625874,0.31946364
0.41508093,0.37528795
0.43264994,0.39836535
0.44241035,0.42996392
0.46453285,0.4556712
0.4838089,0.47172773
0.49507055,0.4723289
0.49681348,0.46701798
0.4787719,0.45772302
0.4573016,0.43172964
0.44159365,0.40478954
0.41867626,0.35511082
0.37301734,0.29820722
0.3223748,0.2482785
0.27905336,0.25705078
0.24617442,0.21885803
0.22371945,0.21548608
0.20775087,0.19794583
0.20365077,0.19780703
0.2077562,0.22381814
0.21093114,0.24933036
0.23778339,0.2809409
0.282072,0.31110206
0.3287595,0.3317275
0.37704873,0.37787905
0.4324212,0.40753624
0.4902204,0.41757852
0.5246147,0.45106205
0.55612916,0.46749866
0.5796214,0.47848165
0.58907557,0.4728154
0.59151244,0.46932748
0.5893159,0.4567797
0.5606809,0.46238542
0.51600224,0.43815157
0.47708753,0.3800847
0.4230611,0.3358567
0.36614025,0.2834284
0.30779216,0.31676772
0.26744145,0.2732834
0.23363352,0.23959117
0.21155255,0.22247827
0.20041962,0.21021959
0.19240057,0.21597774
0.19403265,0.21619391
0.22540106,0.2447405
0.2904309,0.3013166
0.3654555,0.36959136
0.43649012,0.4239616
0.4986671,0.49510604
0.5527573,0.5467769
0.58961767,0.6096151
0.6085226,0.62959933
0.63042384,0.65195966
0.64875025,0.6614326
0.6574476,0.66479385
0.658401,0.6357303
0.6361986,0.6223432
0.60062176,0.5899168
0.5645177,0.5143939
0.48951527,0.4447648
0.41829,0.376614
0.35624024,0.35290182
0.31722742,0.3048513
0.28774837,0.27330062
0.27068242,0.25591886
0.2711764,0.24292292
0.2913447,0.26277378
0.331005,0.2732213
0.37898684,0.3213388
0.42811415,0.3924532
0.48826274,0.4653983
0.55106074,0.53866345
0.6106189,0.6086236
0.6508667,0.6514702
0.668171,0.7035034
0.6807042,0.72248316
0.7171843,0.7399563
0.7357581,0.74242777
0.74885666,0.7461736
0.73366475,0.7220369
0.6963411,0.7080451
0.6436853,0.66380686
0.5837359,0.5885561
0.50069577,0.51949906
0.4150267,0.44851527
0.34664378,0.3824027
0.30426756,0.35107666
0.25588372,0.30421603
0.23844174,0.29140505
0.23554,0.28908387
0.25538644,0.29318038
0.28688732,0.3275668
0.3292097,0.39741936
0.37550598,0.44731575
0.4057188,0.5156647
0.45404777,0.54329586
0.51694113,0.605348
0.56667906,0.64858466
0.6098103,0.67660105
0.6059799,0.6872905
0.6014388,0.71500915
0.6111239,0.716253
0.6200762,0.7068871
0.60197264,0.686723
0.57435477,0.65734065
0.5362908,0.6266514
0.49982566,0.56521356
0.42526475,0.4909469
0.35310617,0.42337725
0.298036,0.3017846
0.25728425,0.27180436
0.22634833,0.23985414
0.21079952,0.23187232
0.2131065,0.21848287
0.23265484,0.23210229
0.27073893,0.2511742
0.31240535,0.30863264
0.3471963,0.35279235
0.38919786,0.41651833
0.42837825,0.43809572
0.4775628,0.4854447
0.5188157,0.53385174
0.5464805,0.55738115
0.57388765,0.56849384
0.589246,0.5877696
0.60555816,0.6006818
0.61741483,0.59393215
0.61120516,0.5782963
0.5800783,0.5603646
0.5397791,0.5400795
0.49840504,0.47819296
0.42269483,0.40713674
0.34704542,0.3442989
0.28700545,0.3039334
0.24436659,0.265014
0.21584696,0.2386714
0.19617076,0.22643837
0.19507821,0.2125507
0.2173157,0.23842965
0.2501844,0.2552985
0.29303336,0.3016524
0.3293264,0.3510105
0.3636686,0.41360343
0.41412768,0.47064048
0.46237284,0.5386364
0.50949526,0.58809304
0.55243474,0.6320305
0.5903322,0.6568353
0.62079954,0.6899822
0.64615345,0.68935204
0.6559259,0.6882638
0.6389795,0.66059095
0.6058484,0.63552547
0.5557981,0.59671766
0.51116264,0.52348393
0.43565628,0.455154
0.35868084,0.39067078
0.30139652,0.3180161
0.25672495,0.2805466
0.22545364,0.24353905
0.20778392,0.22442791
0.20459747,0.2115063
0.22514199,0.21843995
0.25874624,0.22753239
0.3020709,0.26474503
0.34823647,0.31224796
0.40160528,0.3802728
0.46399766,0.4456371
0.5283679,0.52648914
0.58519787,0.57811946
0.6354935,0.6202433
0.6595344,0.6518332
0.6631636,0.681557
0.6627014,0.66082096
0.6574774,0.6656156
0.62502295,0.64442694
0.58087695,0.6016875
0.54704946,0.5509771
0.51080626,0.48001617
0.4510685,0.41756687
0.38850793,0.35678992
0.33183357,0.34262744
0.28852904,0.29291156
0.25460035,0.26727682
0.23525877,0.23595178
0.22367652,0.21838935
0.22305661,0.23092206
0.22884323,0.22798938
0.259123,0.24514602
0.31770653,0.29340327
0.37883148,0.3455512
0.44525516,0.40238592
0.5177645,0.46364856
0.5820987,0.5032566
0.6334814,0.53951085
0.6698499,0.5696322
0.6883062,0.59342194
0.6977698,0.5834398
0.67562103,0.59161013
0.60617334,0.5666056
0.5710743,0.5374737
0.53790873,0.49893704
0.5084021,0.44308805
0.45982385,0.39014018
0.40226668,0.32951215
0.3489082,0.36698404
0.30469826,0.31266734
0.27290583,0.27670112
0.25456908,0.26549777
0.24615495,0.2543726
0.24578579,0.25301272
0.24999385,0.24355485
0.278077,0.2648132
0.3327328,0.32819915
0.41174024,0.4071206
0.48895216,0.4741953
0.5513792,0.54075956
0.60386914,0.581427
0.658953,0.65242994
0.6929802,0.66179943
0.72679156,0.6840637
0.7560105,0.7027789
0.7753114,0.6995417
0.7682112,0.67458797
0.7453576,0.6684391
0.7068256,0.6246112
0.6600901,0.54702604
0.5880382,0.4814824
0.5115639,0.42042592
0.44307894,0.44775477
0.39793694,0.40518194
0.36301222,0.3648184
0.33910456,0.3481103
0.32944587,0.33607665
0.34186423,0.35207534
0.3669316,0.36935472
0.413822,0.42231098
0.46784738,0.48637426
0.5284051,0.5618185
0.59761286,0.6350741
0.664945,0.7186939
0.72598565,0.775368
0.7775219,0.81774056
0.8126924,0.8404715
0.8182294,0.8730104
0.78587735,0.84194756
0.7543496,0.83563113
0.72555095,0.8096792
0.6806693,0.7822498
0.62852263,0.7231915
0.57814366,0.646326
0.50916845,0.57268333
0.4336763,0.4990596
0.37500358,0.38728514
0.3324772,0.3410259
0.3043099,0.30891475
0.28280434,0.28831545
0.2755591,0.28221035
0.27797374,0.28539068
0.28816202,0.30312562
0.329949,0.34113836
0.3989655,0.39245132
0.47633663,0.45214474
0.5512806,0.5227512
0.61746365,0.5932743
0.67056143,0.6349503
0.71475065,0.69346064
0.739691,0.7290982
0.75136876,0.7541676
0.76381207,0.7529104
0.76846296,0.7412281
0.7533385,0.7115053
0.71443653,0.67648274
0.6625054,0.63048375
0.6065665,0.5561381
0.55938214,0.48459038
0.49395403,0.41083524
0.4218613,0.40610698
0.372315,0.35995856
0.33495578,0.31144813
0.31194907,0.29546237
0.30123013,0.2885951
0.32497475,0.30039233
0.35535672,0.31429243
0.40370607,0.36045527
0.4678966,0.4286244
0.53823143,0.5040821
0.60643154,0.5713324
0.6743509,0.644829
0.73249716,0.6939678
0.7764193,0.7431479
0.7903184,0.76569366
0.7922829,0.79061836
0.8065503,0.7860824
0.82176745,0.78626424
0.8062664,0.7562399
0.77183646,0.7342657
0.7134379,0.68426704
0.6634842,0.6007032
0.58295685,0.5277635
0.49858442,0.45945206
0.42965803,0.42507055
0.37665462,0.38134387
0.3434149,0.34254876
0.32107764,0.33206993
0.3154933,0.318853
0.33466503,0.32758537
0.36871228,0.34386978
0.42647356,0.41233242
0.48451814,0.46605906
0.57188606,0.55024475
0.62400454,0.625476
0.6809164,0.6794657
0.7134877,0.72928447
0.73132205,0.77876973
0.75605935,0.79089636
0.76210797,0.8155025
0.778723,0.82496375
0.8015933,0.8137274
0.78859776,0.786666
0.7482662,0.75984216
0.7032344,0.71464336
0.64817274,0.6436222
0.5711532,0.56799424
0.48964682,0.48977378
0.4197182,0.42860886
0.3656244,0.39041916
0.3341884,0.3393972
0.3115224,0.33037242
0.31063604,0.31737855
0.32947037,0.321676
0.36690423,0.3474695
0.40197286,0.3958108
0.48948258,0.44910526
0.56736135,0.52278674
0.63724935,0.5888068
0.70780313,0.6435155
0.75685674,0.68874
0.7846177,0.73902774
0.7934601,0.75427604
0.7919706,0.7658421
0.7905274,0.75939536
0.7939981,0.76462924
0.7513249,0.74659765
0.7012813,0.7008229
0.6594693,0.6585324
0.61561376,0.59468555
0.5493954,0.52825105
0.48892394,0.44619146
0.4276403,0.40406457
0.3772139,0.3517616
0.33511853,0.30897754
0.3108033,0.28760383
0.29471546,0.27165776
0.29678476,0.2802442
0.30282,0.29517478
0.33563083,0.3273681
0.40598655,0.3958131
0.4926862,0.45389622
0.57462096,0.5195517
0.63925177,0.5750998
0.69366235,0.6096604
0.70722955,0.6510838
0.7034527,0.6699448
0.7037099,0.67886317
0.7076356,0.67101204
0.6884073,0.6892001
0.6498475,0.6803083
0.6177128,0.65845776
0.5851891,0.6061678
0.5520484,0.5314628
0.49368638,0.477338
0.43156663,0.41021362
0.37607792,0.37149256
0.33464298,0.3309482
0.29630658,0.28743866
0.27648917,0.2710685
0.27033716,0.2566874
0.26587385,0.2698915
0.26534018,0.28392434
0.29941946,0.31846064
0.353743,0.37531704
0.4197477,0.442406
0.4852512,0.49187472
0.54493254,0.54554963
0.59729755,0.58893156
0.6418549,0.6213305
0.6538729,0.633023
0.62622905,0.6507809
0.5956478,0.6492282
0.58401763,0.6584289
0.57885003,0.627725
0.55922925,0.60752773
0.53074634,0.565541
0.49784583,0.49668512
0.43630937,0.43657663
0.36924168,0.3757393
0.31630838,0.33713916
0.27448657,0.29005924
0.25312424,0.26023677
0.24317639,0.240985
0.24389054,0.2264751
0.27130398,0.2564448
0.3079953,0.28591233
0.35306567,0.32246628
0.39133376,0.38507208
0.4233012,0.42943478
0.47367898,0.49069923
0.5343078,0.54372716
0.5770087,0.5747874
0.6250997,0.6241771
0.6520885,0.64972216
0.6779703,0.6714181
0.7048194,0.6766039
0.7136376,0.692345
0.7024619,0.68054414
0.67285424,0.653668
0.6200143,0.6066704
0.56289494,0.54548436
0.4799462,0.4850479
0.39494622,0.4090988
0.33506182,0.37371853
0.29000384,0.32838663
0.26192352,0.2932173
0.24105434,0.27932122
0.23916605,0.26891053
0.2572084,0.2963948
0.29361495,0.32142958
0.34011284,0.3696268
0.4006976,0.43261394
0.46028307,0.4890234
0.524182,0.554544
0.579713,0.6172727
0.633211,0.65941685
0.677396,0.7172629
0.70933557,0.73655
0.7399663,0.760822
0.7612771,0.762636
0.77647007,0.77201235
0.7688257,0.75154614
0.7303715,0.73554295
0.66812,0.6949041
0.6028975,0.6179674
0.51933414,0.5531864
0.43495372,0.47291294
0.3644797,0.37077022
0.3113674,0.3241238
0.27505168,0.29713726
0.25707814,0.28497115
0.25476304,0.27538902
0.27440292,0.28968462
0.3061542,0.31073388
0.35666782,0.3647726
0.42252356,0.42500865
0.49434623,0.4865219
0.5654486,0.56884795
0.631893,0.6285571
0.6850377,0.6712642
0.7270108,0.7314303
0.75972503,0.7682839
0.7888436,0.78835475
0.80506915,0.7982143
0.8172257,0.77794486
0.80458903,0.7563362
0.7776216,0.73551965
0.72219354,0.68587685
0.6576841,0.6014969
0.5680185,0.5281056
0.48097178,0.44900823
0.4132831,0.40777707
0.36183956,0.35886225
0.32974154,0.3256058
0.3070478,0.31336924
0.3056508,0.30666655
0.3256521,0.30846727
0.36081013,0.32596892
0.41516992,0.36700618
0.48149872,0.4178216
0.5528824,0.48596638
0.62929505,0.55628437
0.6994485,0.6265499
0.7674532,0.670537
0.816587,0.7361538
0.84286267,0.7630018
0.8680089,0.78869295
0.8861814,0.797051
0.876483,0.77471364
0.84252757,0.7390714
0.8101188,0.7145299
0.7714829,0.66408205
0.7240492,0.57544535
0.6394212,0.49918088
0.556379,0.4270708
0.474661,0.44956818
0.41212562,0.39135107
0.37131009,0.36920828
0.34023586,0.35044765
0.33178505,0.33679175
0.35025015,0.34452695
0.37770474,0.3518326
0.4180649,0.3887026
0.46467277,0.4510868
0.5080427,0.51205915
0.5657149,0.59534866
0.619186,0.64881676
0.6762487,0.68786526
0.73513854,0.73399794
0.7737346,0.76513803
0.7954007,0.7773838
0.8054668,0.7693094
0.77980304,0.7491933
0.7162787,0.72425866
0.67761093,0.71006423
0.6362033,0.65168226
0.5974973,0.56824785
0.5372201,0.50693476
0.47245494,0.43963277
0.41458732,0.37775803
0.3698687,0.33687052
0.3376012,0.3008577
0.31527352,0.2842633
0.3022962,0.26748386
0.30344188,0.26939544
0.3128013,0.2833492
0.3493924,0.31735817
0.40776473,0.37623692
0.47292387,0.44159156
0.5349397,0.49952662
0.59369826,0.5596762
0.6522664,0.6109528
0.71016645,0.6572398
0.75040466,0.70017177
0.7732267,0.71923614
0.77324265,0.72984284
0.7600733,0.7131243
0.7473271,0.69715905
0.70604587,0.6429982
0.67377263,0.5971807
0.6242758,0.5360669
0.548159,0.46837473
0.48265713,0.3962218
0.42923227,0.40159425
0.39047277,0.3535854
0.35650456,0.31579775
0.33337703,0.2927641
0.3216014,0.27253583
0.32397667,0.26019832
0.3254796,0.24650668
0.34846157,0.27587965
0.39737552,0.3501918
0.4515749,0.43871337
0.49413022,0.5079468
0.52639276,0.58216804
0.55233383,0.63038653
0.5784689,0.6830467
0.61664045,0.71066225
0.6581621,0.7282486
0.69926375,0.7377007
0.7255018,0.7314829
0.7327685,0.7084311
0.7079385,0.6640576
0.6647819,0.6271232
0.6125516,0.55876905
0.5338787,0.49319208
0.4543241,0.42001095
0.38850582,0.38055062
0.3389978,0.33559236
0.3057012,0.29394388
0.2861345,0.2759783
0.28153673,0.2574741
0.3037843,0.27121723
0.33669943,0.28345844
0.38598156,0.3190888
0.44781303,0.37013963
0.51009476,0.4366901
0.5708667,0.48406217
0.637656,0.54905754
0.69805086,0.603113
0.74403125,0.6464895
0.7757067,0.6666281
0.7994246,0.6910372
0.8062046,0.6945896
0.8085203,0.70153356
0.7824301,0.67361736
0.7479162,0.640249
0.7011811,0.60030425
0.65433645,0.53093153
0.5719869,0.46324596
0.48983154,0.3946168
0.4223866,0.41310477
0.3739492,0.3657715
0.3384055,0.32536852
0.31179065,0.31325722
0.30765387,0.30149078
0.32887357,0.30294365
0.36032513,0.32325482
0.40571967,0.36829355
0.45219266,0.4248543
0.5134089,0.4888239
0.5751213,0.5444079
0.6346951,0.59586406
0.68953466,0.63890195
0.7353758,0.68812203
0.76125145,0.70888126
0.7906221,0.7279841
0.8130592,0.74092853
0.8227795,0.73236465
0.8038521,0.71958584
0.7697766,0.697386
0.7146312,0.6567677
0.6508935,0.58700097
0.5684279,0.5159817
0.47966957,0.44035763
0.41362485,0.41009143
0.36893302,0.35929552
0.33379734,0.32616174
0.32173556,0.32041675
0.32632223,0.30548778
0.35141256,0.31136963
0.39149952,0.32213607
0.42707127,0.37477365
0.46578076,0.42846566
0.50797,0.5005009
0.55130816,0.5525479
0.61270857,0.6094083
0.6682974,0.6527083
0.7058555,0.7051301
0.725779,0.7122116
0.7306693,0.7315601
0.7369078,0.7478911
0.74763614,0.7232636
0.731503,0.698759
0.7076011,0.69769895
0.66850233,0.6612854
0.62056834,0.5863467
0.5451845,0.5100305
0.47076118,0.44472754
0.40741912,0.392931
0.35736838,0.34140858
0.32440054,0.31494832
0.3001174,0.3007653
0.29309306,0.28933042
0.3086941,0.30622455
0.3431783,0.32510248
0.39414054,0.37083352
0.4532776,0.42167258
0.5205343,0.47832006
0.5866041,0.54043514
0.65804785,0.5969127
0.7107108,0.62973726
0.76322675,0.6762546
0.78986686,0.70129883
0.8010119,0.71953255
0.8156182,0.726172
0.8306949,0.709546
0.80945116,0.67592156
0.7639398,0.6618476
0.7150717,0.61356485
0.6594384,0.5288989
0.5895645,0.4567488
0.5035349,0.39035007
