true,forecasted
0.4534222,0.43526882
0.4373506,0.4187921
0.42098913,0.4094968
0.41065836,0.40177226
0.41851684,0.40891093
0.42928198,0.4253422
0.44935226,0.4534787
0.47514722,0.4700489
0.48902,0.4829854
0.50122786,0.4913141
0.5149381,0.5035477
0.5260874,0.5152389
0.53830326,0.5281606
0.54271924,0.5412563
0.5485377,0.5554861
0.5526084,0.5589076
0.5612265,0.56986743
0.55706704,0.57335097
0.55588156,0.5674493
0.5430947,0.55280024
0.52969,0.54778576
0.52400017,0.5280419
0.49593097,0.49148938
0.46654597,0.45574394
0.43937176,0.42161527
0.42206597,0.40804878
0.41038153,0.40138373
0.40797392,0.39957947
0.41120598,0.40809613
0.42858294,0.42583638
0.45048615,0.45476794
0.47537094,0.472497
0.49469605,0.47980163
0.5025874,0.48488185
0.5092587,0.4961081
0.51600116,0.49976948
0.5291398,0.5141885
0.5375259,0.5273042
0.5438223,0.5394337
0.5430847,0.54622674
0.55003947,0.5594014
0.5515957,0.5643011
0.5509183,0.56170833
0.5408452,0.5476303
0.53353816,0.54336643
0.5276373,0.52386606
0.5015608,0.4883185
0.4665815,0.45343134
0.44275036,0.42718497
0.4259276,0.4113309
0.41603816,0.40232512
0.41142017,0.399021
0.41275436,0.40627134
0.4268745,0.42612845
0.45310614,0.4585964
0.4719373,0.48182935
0.48965967,0.49196538
0.4996016,0.49994513
0.51252866,0.51096624
0.5206172,0.52327645
0.53439724,0.53996706
0.54539007,0.55596423
0.55253345,0.57365197
0.55431426,0.5811516
0.5608743,0.5907511
0.56456083,0.5974859
0.5601489,0.59075326
0.5498756,0.5745437
0.53097713,0.5677208
0.51586443,0.5476636
0.48369732,0.5078707
0.4496242,0.4686139
0.42285037,0.4192762
0.4036571,0.40125442
0.3910217,0.39433756
0.38875422,0.3925412
0.38917905,0.39463055
0.39182556,0.41024774
0.39386183,0.43806487
0.40618238,0.4555503
0.4232726,0.4630501
0.44495144,0.4865285
0.4634966,0.4993171
0.47908553,0.5214184
0.4964317,0.5474725
0.5134328,0.56282246
0.5355692,0.5841273
0.55266374,0.59861624
0.5739288,0.61507857
0.5878038,0.6190616
0.590359,0.61114603
0.57535386,0.59585154
0.5526022,0.58498126
0.5311711,0.56457174
0.5022834,0.5252547
0.4640162,0.48259637
0.4323089,0.4310654
0.4143068,0.4095023
0.39903176,0.40069562
0.3903726,0.39485344
0.38595065,0.39814746
0.3855603,0.4111205
0.3894391,0.4317621
0.4000697,0.45025855
0.4214368,0.45870635
0.44246674,0.47513303
0.4604725,0.48968434
0.4810045,0.5013813
0.49642378,0.5178583
0.5004287,0.5290378
0.5044154,0.5391537
0.5036973,0.54408956
0.50749654,0.55496156
0.5166189,0.5580072
0.5172147,0.55453855
0.5134795,0.5381361
0.50997394,0.5306196
0.51022416,0.51417404
0.48978508,0.48311916
0.46351317,0.44889376
0.44553328,0.4317663
0.42978954,0.4154608
0.42348093,0.40675205
0.4220381,0.3994285
0.42527148,0.4042282
0.4454132,0.42221454
0.4722605,0.45092934
0.48944944,0.47564733
0.5142378,0.47969368
0.5176216,0.49525395
0.52819544,0.49885273
0.53137517,0.5052984
0.53560984,0.5110405
0.5410335,0.5097301
0.5404478,0.52116776
0.5378912,0.51721567
0.5404518,0.5255158
0.54319644,0.5248986
0.5388479,0.5275294
0.53018236,0.5165886
0.51948535,0.51694953
0.52133,0.5046234
0.49425456,0.4777852
0.46477753,0.446134
0.4379314,0.43817165
0.42578,0.42131028
0.41411206,0.41494617
0.41024682,0.40916407
0.4137705,0.4161234
0.43410656,0.43473038
0.45350304,0.45913982
0.47934857,0.4835202
0.4949053,0.49045902
0.5024952,0.5017806
0.5109547,0.50353736
0.5213561,0.5087542
0.5289172,0.51554465
0.53619283,0.5181269
0.5316636,0.5198067
0.5348039,0.52004397
0.5361229,0.52316386
0.5395553,0.52763516
0.5401417,0.5276254
0.53574073,0.5191652
0.53506476,0.5176367
0.5258544,0.5060539
0.5033232,0.47964093
0.46877912,0.4510694
0.44925267,0.43700817
0.43215257,0.42382205
0.42064723,0.41436815
0.4167028,0.40639576
0.42070264,0.41345638
0.43559274,0.4334036
0.46073624,0.45682126
0.483366,0.48133284
0.49503472,0.4915815
0.5066275,0.5015559
0.5120481,0.51263934
0.5230792,0.52446985
0.53576756,0.5335283
0.54238605,0.54293376
0.5479207,0.5531286
0.55029553,0.556955
0.55036116,0.565662
0.55734897,0.56741047
0.55709785,0.5724279
0.5524709,0.5567724
0.5414825,0.5502224
0.53683275,0.53220046
0.50913477,0.4974128
0.47465807,0.4640039
0.44785863,0.4345495
0.42850307,0.42235646
0.42115656,0.41451362
0.41549838,0.40949
0.4181936,0.4176333
0.43660125,0.43698204
0.45567867,0.4635086
0.48309082,0.4856013
0.501593,0.49334064
0.51224345,0.50438213
0.53073573,0.51401514
0.54185385,0.52250314
0.5628288,0.5340155
0.5842169,0.5461958
0.5959135,0.5589112
0.6029791,0.5652571
0.61576223,0.57593966
0.6153995,0.5773875
0.6094151,0.58142805
0.5957192,0.56494653
0.58386266,0.5597892
0.57283354,0.54348785
0.5377141,0.50612193
0.50279456,0.47058052
0.47390154,0.44384912
0.45239115,0.42561796
0.43612534,0.41516852
0.42793235,0.4071529
0.42764926,0.41596505
0.44648245,0.4370908
0.4602542,0.47156513
0.47984484,0.49757266
0.5034109,0.5044734
0.51981133,0.5129444
0.53542155,0.5194962
0.5465754,0.5238651
0.55792,0.5271081
0.5631748,0.53334856
0.5646038,0.5402788
0.5615808,0.5382764
0.56275344,0.5445246
0.5640874,0.54130644
0.55450547,0.5445147
0.5405518,0.53328884
0.52593577,0.53104323
0.51643836,0.5129681
0.49148625,0.48000702
0.46095338,0.44671768
0.4384304,0.4175987
0.4142249,0.40382347
0.39995155,0.39464068
0.39355418,0.3932541
0.3910808,0.3967958
0.395256,0.41302717
0.39981273,0.43529433
0.41042492,0.45324004
0.42821646,0.45686433
0.45035765,0.47253218
0.4647917,0.48389083
0.47813866,0.4918536
0.49153572,0.50671804
0.50408286,0.5173922
0.51970506,0.5286645
0.53203046,0.5403114
0.5488817,0.5507584
0.55594754,0.5537821
0.5526041,0.5509279
0.54315674,0.5392537
0.5254253,0.53289515
0.51363087,0.5170296
0.4862045,0.48518807
0.45662376,0.4500725
0.42689788,0.4183149
0.40862805,0.39961198
0.39607656,0.392084
0.39034045,0.3881756
0.38345635,0.38671607
0.38222876,0.4004005
0.3854247,0.42280728
0.3951015,0.43811446
0.41808665,0.44721374
0.4408144,0.47411004
0.46009746,0.48738962
0.48623037,0.5122449
0.5092393,0.53590095
0.53406525,0.5490997
0.55409867,0.57077837
0.57206744,0.58399934
0.59321815,0.59813225
0.60511607,0.6016546
0.6058375,0.59873366
0.595055,0.5832797
0.57447016,0.57014656
0.5559305,0.5534985
0.52808404,0.51556206
0.49276546,0.4765609
0.46080664,0.4616923
0.44146156,0.43991938
0.4281796,0.4289034
0.4239178,0.4198723
0.42819723,0.42472982
0.44093966,0.43813324
0.4617319,0.45560116
0.48203692,0.4807158
0.5111206,0.4925258
0.53607035,0.5192696
0.5595107,0.540506
0.5785794,0.5580814
0.597528,0.57673144
0.61165065,0.5915951
0.6166048,0.60087204
0.6191876,0.60624665
0.61899084,0.6212385
0.62312347,0.62057954
0.619198,0.6241141
0.606432,0.6014258
0.5962259,0.58748746
0.58509034,0.5677143
0.55644614,0.53528976
0.5186654,0.4963697
0.48416692,0.48609993
0.4657704,0.46394178
0.45566916,0.44954732
0.443375,0.4407505
0.44693854,0.4442702
0.46335164,0.45849758
0.48431733,0.4773234
0.5133743,0.5028495
0.5349058,0.5135492
0.54662234,0.5378164
0.56703997,0.5575662
0.5799982,0.57003903
0.5950891,0.5831132
0.606607,0.5920339
0.6155406,0.5943597
0.6155614,0.59530157
0.61821574,0.6020285
0.6149865,0.5973167
0.6053255,0.5995949
0.59975505,0.58066934
0.59534526,0.57054746
0.5816187,0.55150455
0.55387247,0.5235414
0.51304424,0.4872657
0.48601338,0.48104605
0.46839026,0.45670566
0.45165557,0.4423033
0.44511983,0.43407515
0.4449173,0.4365754
0.4590735,0.4536442
0.4830905,0.4757223
0.5108756,0.50010693
0.5314946,0.5138489
0.5540715,0.54353195
0.57933205,0.5679565
0.6025363,0.59642476
0.62090117,0.62234926
0.63990104,0.6393246
0.64581364,0.65674305
0.65464514,0.6676977
0.6557641,0.67663443
0.6553198,0.6793955
0.6436303,0.6725701
0.6207965,0.64882267
0.6050463,0.6288762
0.5902268,0.6089585
0.55606186,0.5699914
0.5156907,0.5236019
0.48578924,0.46837792
0.46052584,0.44784877
0.44198528,0.43457735
0.43331698,0.42550844
0.43542242,0.4311874
0.4510446,0.4520068
0.47659177,0.47963768
0.50330156,0.503412
0.51822895,0.51317954
0.53316844,0.53357047
0.546745,0.5478025
0.55599934,0.5618503
0.56851906,0.5756993
0.5800988,0.5846467
0.58568585,0.59529996
0.58053154,0.59898096
0.57921374,0.60756737
0.57451326,0.6050256
0.57006365,0.6027483
0.5651057,0.58562887
0.56006527,0.5736543
0.5565918,0.55591047
0.52710384,0.52059156
0.5011464,0.48089722
0.4730945,0.46573326
0.45354134,0.44504172
0.44498056,0.43190315
0.43670857,0.42135522
0.43703672,0.4259441
0.45310193,0.4405564
0.4741184,0.45686305
0.49623054,0.47616845
0.5127581,0.48836485
0.5312072,0.5104111
0.5506574,0.52988786
0.56170774,0.54813063
0.5789754,0.5619782
0.58541244,0.572103
0.5944602,0.58096004
0.59310746,0.5861319
0.59572756,0.59546703
0.59870785,0.5943794
0.59101194,0.5953941
0.5807784,0.57587594
0.5648808,0.5638712
0.5609785,0.5463649
0.5338955,0.5141627
0.5016347,0.4784687
0.4741651,0.46406057
0.45007223,0.44199157
0.43294385,0.4276183
0.42696714,0.41755292
0.42526093,0.41999
0.42716393,0.42878956
0.42447445,0.43376875
0.44162878,0.45005053
0.4685631,0.46991012
0.49391326,0.49874967
0.5179354,0.5284122
0.54183084,0.55499417
0.56613094,0.5788135
0.5896981,0.59944534
0.5997372,0.61103594
0.61348057,0.6228433
0.62427014,0.63373375
0.62967676,0.6371468
0.628452,0.6395224
0.6155955,0.6154758
0.5951583,0.5977909
0.57677567,0.5772346
0.546561,0.54361296
0.5130521,0.5063092
0.4830139,0.4730104
0.45479727,0.4503149
0.43450162,0.43476862
0.42081857,0.42665908
0.41376102,0.42705378
0.41439703,0.4369734
0.413369,0.44453216
0.4280701,0.46514344
0.46404606,0.4850239
0.49924448,0.515079
0.528368,0.54849726
0.5507634,0.5753589
0.57668823,0.6039623
0.5982741,0.6272574
0.61820436,0.6418718
0.6343524,0.65460515
0.6418344,0.66706944
0.64954275,0.6709847
0.6442547,0.6719057
0.6356442,0.64565456
0.61884844,0.62745315
0.60230595,0.60526717
0.56845117,0.5693908
0.5300772,0.52708036
0.49862415,0.48620412
0.48001066,0.46217513
0.46700332,0.44835985
0.45819306,0.43919677
0.4589574,0.44233942
0.47686282,0.4569443
0.4985242,0.48053586
0.5276371,0.5032055
0.5495203,0.5174158
0.5703954,0.5421679
0.59789133,0.5682056
0.623827,0.5864276
0.6472814,0.60855913
0.659783,0.62371475
0.662099,0.6348712
0.6656549,0.64018804
0.66746986,0.6495141
0.66667026,0.64830786
0.6575046,0.6459363
0.64337,0.6240878
0.6128159,0.61094236
0.59533066,0.588538
0.5627288,0.55349356
0.5154346,0.51211506
0.49053833,0.486621
0.46671394,0.46308404
0.4521704,0.44998065
0.43836528,0.44216493
0.44538078,0.44488096
0.46188515,0.4618439
0.48677784,0.4886275
0.5050407,0.5137457
0.5238842,0.5230336
0.5337415,0.5443562
0.5455145,0.5611012
0.55643785,0.57141143
0.56596464,0.5844296
0.5741444,0.5919738
0.57498175,0.60003364
0.5762055,0.6019925
0.5754355,0.60793716
0.5788914,0.6055058
0.57757986,0.6003945
0.57278025,0.5828296
0.5669652,0.5738989
0.5593267,0.55754006
0.53050506,0.5244177
0.4961819,0.48651257
0.4683849,0.4616789
0.44751617,0.440986
0.43304384,0.4279958
0.4271329,0.41978803
0.426768,0.4233466
0.44304597,0.44117942
0.4655699,0.46447968
0.49069995,0.48641545
0.5079493,0.50072324
0.52844685,0.52217853
0.54997164,0.5436792
0.5736618,0.5670198
0.5959127,0.58965886
0.6170596,0.60723454
0.63188887,0.62692547
0.64173096,0.6365211
0.65178615,0.6475515
0.65926355,0.6521856
0.6538136,0.6465965
0.6412605,0.62492174
0.61949146,0.60960436
0.6014549,0.59043264
0.5658397,0.5476237
0.5231147,0.50515205
0.4923255,0.48196724
0.46348464,0.4589923
0.44776616,0.4454778
0.4407888,0.43245718
0.4429345,0.43655953
0.4607234,0.45004648
0.4796048,0.46516067
0.50304693,0.4868561
0.52537954,0.507889
0.5519829,0.53775996
0.58121246,0.56817967
0.61611986,0.60168
0.64779,0.6312016
0.677421,0.6562455
0.6977365,0.67898613
0.7167565,0.6910862
0.7290819,0.7053688
0.72326714,0.7087068
0.70828193,0.70900023
0.6807426,0.6782077
0.6552732,0.6577551
0.6430252,0.63755256
0.60425043,0.59225243
0.5597694,0.5456921
0.5167438,0.5160142
0.49195358,0.49168393
0.48106027,0.4739598
0.46830213,0.46114692
0.46561038,0.46089897
0.47797427,0.4706057
0.5003825,0.48209268
0.5263587,0.507877
0.55062604,0.5330789
0.57214046,0.56756014
0.5984739,0.6076246
0.62459064,0.63886315
0.6554989,0.66822815
0.68679214,0.6922221
0.70424825,0.7114733
0.7199862,0.72110814
0.7342867,0.7302867
0.73828477,0.7308784
0.7277976,0.7353411
0.7069333,0.7033819
0.68260187,0.68306124
0.6618823,0.66009164
0.62042344,0.6185562
0.57869506,0.5717954
0.5391964,0.5372211
0.49251544,0.50898093
0.4702911,0.48893732
0.4580969,0.47898832
0.45036665,0.4766561
0.45065454,0.48992997
0.44162074,0.50806993
0.45478755,0.54003096
0.4809335,0.56095374
0.5122682,0.59114385
0.53766257,0.62674755
0.55294025,0.6513454
0.5673624,0.67256254
0.58198047,0.6907243
0.591569,0.7026168
0.60531104,0.70694715
0.61259633,0.70924664
0.62045,0.70473236
0.6194445,0.7070873
0.6051105,0.67919344
0.5827527,0.6632776
0.57071394,0.63955927
0.5452513,0.6019742
0.5127182,0.55738056
0.48431844,0.48427668
0.46083957,0.45704147
0.44462833,0.4411803
0.43264225,0.4326983
0.4194073,0.43342823
0.42162943,0.44936812
0.41980878,0.47029883
0.4296313,0.48893714
0.45292664,0.5034007
0.47500592,0.5309986
0.49850437,0.5591294
0.5201042,0.5844893
0.5426763,0.6118803
0.56807995,0.6281077
0.59884673,0.64506936
0.6182259,0.65409714
0.63674694,0.6616308
0.64327025,0.66298324
0.63284546,0.6569573
0.6110327,0.63526845
0.57108295,0.6173041
0.5542326,0.5966313
0.5262914,0.5586546
0.48930913,0.5134683
0.45553985,0.47484365
0.4370666,0.45133272
0.42556277,0.4380228
0.42172924,0.4286624
0.4227657,0.4281991
0.4293601,0.4399386
0.4411164,0.45241362
0.46134064,0.4719982
0.48264137,0.48724875
0.50051254,0.51768
0.52576494,0.54528934
0.54823506,0.5703419
0.56582844,0.59669054
0.58272576,0.6122068
0.6052727,0.62828875
0.6165505,0.6382623
0.62709427,0.6505266
0.63179064,0.6541013
0.62818176,0.65136206
0.60795426,0.6277913
0.5792824,0.61050344
0.56270754,0.59321356
0.5331197,0.5565005
0.5024534,0.51533234
0.47423542,0.49317572
0.44906306,0.46786177
0.42814255,0.4527466
0.41459742,0.4411456
0.41056338,0.4396502
0.41599646,0.44735935
0.4139878,0.45316154
0.42675322,0.4716503
0.45746702,0.4979964
0.49735504,0.5326955
0.54474956,0.5731278
0.587955,0.6112784
0.62137395,0.64508045
0.64050514,0.67376244
0.65208787,0.69123566
0.6660647,0.7069602
0.66988117,0.71917355
0.673596,0.72454244
0.66749173,0.72378707
0.6478819,0.69218314
0.62273633,0.66905963
0.59806514,0.6424026
0.5680798,0.6031668
0.542076,0.5575539
0.50212026,0.49095252
0.47204524,0.46733782
0.4513537,0.45101795
0.43504143,0.43799123
0.43238214,0.4358102
0.4457569,0.44122007
0.47178915,0.44395763
0.5080443,0.46179533
0.5453214,0.49190518
0.5888011,0.52851605
0.63784814,0.5765198
0.6806975,0.6173892
0.7188622,0.6615027
0.74035865,0.6951062
0.7448221,0.7224009
0.7415647,0.7398051
0.74874634,0.7522344
0.7484959,0.7610744
0.7519929,0.76416665
0.7419116,0.727288
0.7153483,0.70183516
0.6921909,0.6776836
0.6442174,0.6318884
0.59227276,0.5840942
0.5581339,0.5492122
0.5267762,0.519096
0.5105191,0.49998552
0.49185508,0.4900034
0.48652503,0.48889214
0.49969903,0.50746524
0.5176452,0.53545105
0.545545,0.5690394
0.5814632,0.5898944
0.6231774,0.6192661
0.6664442,0.65024704
0.7041902,0.676197
0.72484624,0.6996517
0.72988755,0.71728265
0.7333658,0.73147947
0.7337313,0.73526865
0.7362421,0.73546416
0.7357622,0.7305239
0.7252034,0.7296856
0.71388656,0.6975529
0.6838138,0.6832193
0.66285366,0.6590606
0.62462133,0.61791545
0.57985103,0.56992877
0.5406215,0.5365175
0.51273817,0.50767493
0.4891266,0.4873929
0.4760569,0.4770289
0.47908872,0.4771429
0.48916677,0.4954849
0.5049005,0.5247857
0.53357804,0.55389583
0.55743134,0.57585984
0.58191574,0.60663825
0.61863273,0.6414413
0.6488525,0.6720026
0.68446255,0.7036158
0.71061754,0.7233382
0.72523624,0.74291545
0.7378063,0.75092876
0.74310964,0.753978
0.7421443,0.7524286
0.73545617,0.74753064
0.709843,0.71843964
0.6756654,0.6968106
0.64899176,0.67203104
0.610878,0.62575656
0.5630295,0.5753195
0.52480155,0.5226822
0.49105996,0.49501896
0.47368816,0.47657654
0.45705733,0.46629477
0.45351574,0.4635144
0.4497697,0.48067537
0.45220494,0.5015787
0.46683368,0.52470136
0.4944561,0.5443832
0.5235492,0.573987
0.5587057,0.6019757
0.59247404,0.63098055
0.61368805,0.65350807
0.62933797,0.66789716
0.62655324,0.6825582
0.6329527,0.68978524
0.6394094,0.69037676
0.6499407,0.68749446
0.64310586,0.683716
0.62844414,0.6579454
0.6045717,0.6405755
0.59117556,0.62066436
0.56465054,0.5814012
0.52955544,0.5372916
0.4958767,0.49759784
0.47152743,0.47279444
0.45255774,0.45696422
0.44319856,0.44402856
0.43890607,0.44464886
0.43662244,0.45632032
0.4375421,0.46779656
0.44705936,0.48421657
0.46880317,0.50355524
0.48776343,0.53084147
0.51071113,0.5587211
0.53644323,0.5837528
0.5600531,0.60284483
0.5740033,0.61633235
0.5928143,0.627518
0.6040606,0.6328006
0.6173313,0.6372106
0.62434083,0.6359069
0.62519425,0.63630265
0.6116796,0.6138223
0.5919703,0.5996866
0.5748134,0.58076155
0.5460006,0.5461967
0.50672877,0.50867176
0.47428316,0.46816954
0.45450526,0.44634524
0.43810752,0.43202093
0.433715,0.42196393
0.43939418,0.42377764
0.4542857,0.43065304
0.4760892,0.43811452
0.50818306,0.45097512
0.5338252,0.47307116
0.56362665,0.49958193
0.5938358,0.5360013
0.6210505,0.5631359
0.64889693,0.5925921
0.6774416,0.6197587
0.69407254,0.63821995
0.71169686,0.6511493
0.72545797,0.6672454
0.7311854,0.6720107
0.7277038,0.6711529
0.7074088,0.64290076
0.67593277,0.6250794
0.64383316,0.60224473
0.5980557,0.5617321
0.54639596,0.52213573
0.5064057,0.50820744
0.48138693,0.48311
0.46381956,0.46716642
0.4490331,0.4561413
0.45417914,0.4567359
0.46607098,0.46736848
0.4884711,0.48267275
0.5178343,0.5074513
0.54365534,0.53274024
0.5752735,0.56157064
0.6130496,0.60126275
0.6449019,0.63008404
0.6751941,0.6614802
0.7077587,0.6911553
0.72743034,0.7117714
0.74027383,0.72298
0.75289035,0.73645014
0.7504252,0.73923105
0.7461395,0.73807627
0.7263332,0.70531356
0.69450134,0.6876199
0.6679462,0.6625897
0.6219697,0.61652017
0.57253796,0.5699998
0.53132695,0.52867377
0.5042193,0.50178254
0.48469886,0.48377815
0.47163543,0.47280976
0.47014707,0.47339633
0.48308423,0.48713166
0.50384676,0.50929123
0.5339943,0.5374221
0.55811757,0.5633453
0.58384913,0.5936829
0.6234737,0.6358687
0.66043556,0.66536206
0.6918043,0.70147115
0.7216208,0.72897005
0.7400954,0.7511509
0.7505436,0.7614521
0.75667393,0.7711784
0.7592618,0.7741694
0.7529153,0.77061635
0.7322557,0.73843974
0.70257723,0.7178441
0.67468184,0.69142073
0.6367708,0.64261943
0.59132504,0.5923023
0.5473533,0.552317
0.51810455,0.52002233
0.49911287,0.49898267
0.48961368,0.48918676
0.48469135,0.49157265
0.49931568,0.50658596
0.51679534,0.5350685
0.553671,0.5652931
0.5828254,0.59090376
0.60926366,0.6244059
0.63988644,0.6629537
0.67941666,0.6938554
0.711429,0.7333338
0.7358201,0.75474644
0.75445735,0.7745996
0.7608724,0.78097034
0.76145554,0.7894022
0.75967705,0.7887182
0.74462503,0.7847737
0.7257771,0.75381655
0.69756407,0.7281833
0.67448145,0.70403314
0.63139516,0.65516436
0.5864635,0.60275275
0.5470576,0.5474701
0.52405334,0.516895
0.50230175,0.49445164
0.49077514,0.48302934
0.48972,0.48264813
0.50056565,0.4964158
0.5194591,0.51832163
0.5477136,0.54661125
0.5751681,0.572924
0.6089073,0.6098945
0.64708424,0.6505253
0.6748102,0.683971
0.70979583,0.722131
0.7391992,0.74443215
0.7560559,0.76551795
0.77118504,0.7736846
0.7822239,0.7810884
0.78304577,0.7803844
0.7735309,0.77901447
0.75514364,0.7474896
0.7229111,0.7213634
0.68980676,0.698477
0.64367336,0.65019256
0.59515685,0.5978225
0.5513836,0.55179644
0.52023214,0.52042145
0.49522698,0.5001065
0.48093152,0.48830256
0.46719033,0.4847185
0.46333992,0.4982522
0.47048277,0.5186858
0.480944,0.544804
0.51330036,0.5672487
0.5445899,0.5983687
0.57673854,0.63055164
0.60645664,0.65778154
0.6323328,0.67784303
0.6468489,0.6945647
0.64651644,0.70396614
0.63593864,0.7084544
0.6288596,0.70689356
0.625142,0.70052576
0.6171766,0.6980912
0.6092452,0.67158985
0.5948943,0.654309
0.5844407,0.6334957
0.55776346,0.5951186
0.52631,0.55083245
0.495269,0.49551514
0.47496587,0.47125062
0.46043822,0.4535963
0.4519201,0.4411354
0.4445503,0.43760422
0.44349378,0.44244593
0.44396785,0.44287485
0.4572755,0.4565267
0.4849955,0.48208764
0.5170703,0.51710755
0.5466753,0.5580564
0.5825805,0.59216964
0.61629385,0.6237327
0.63997203,0.6454951
0.6571023,0.6653606
0.6698967,0.6786568
0.68229,0.6875598
0.687129,0.69357914
0.67495954,0.69237655
0.6575652,0.66472685
0.636379,0.64251626
0.6185373,0.6230232
0.57682216,0.58410203
0.5385649,0.54283696
0.50651217,0.50769913
0.48715037,0.48103723
0.4710644,0.46537173
0.46224007,0.4526518
0.46512324,0.45372683
0.4795902,0.46297586
0.50020003,0.47450298
0.5290664,0.49192274
0.55472547,0.5158273
0.586045,0.5451289
0.6173194,0.5807063
0.6522726,0.6088998
0.6830083,0.638237
0.70855737,0.65941566
0.71933055,0.6732878
0.7208737,0.6821892
0.71780246,0.689743
0.719925,0.6912246
0.70764166,0.6899907
0.68543124,0.66225123
0.6596059,0.6452033
0.6329305,0.62222034
0.5947034,0.5844298
0.5479769,0.54263204
0.50975907,0.5072148
0.48146966,0.48300233
0.46501052,0.46687278
0.45179114,0.45491645
0.45275295,0.45727438
0.4643456,0.46716994
0.48333806,0.4838279
0.5051765,0.50642854
0.5295151,0.5284641
0.550334,0.55553585
0.58258176,0.58929497
0.6118645,0.6111197
0.645905,0.6367646
0.6765741,0.65828866
0.6952427,0.67454034
0.707457,0.6814085
0.72115153,0.6940399
0.7206947,0.69464964
0.70630413,0.69287235
0.68870723,0.6653618
0.66294646,0.6502356
0.6410382,0.6294307
0.6050858,0.5884141
0.5614313,0.54475856
0.5227429,0.5148319
0.4995162,0.48934895
0.48284858,0.4725477
0.47440916,0.4615579
0.47463,0.46174234
0.4907672,0.4729858
0.5133431,0.49061686
0.53609234,0.51496106
0.55856407,0.5380069
0.58026886,0.5667696
0.6113784,0.60696834
0.63740367,0.63399696
0.6701588,0.6668465
0.69202834,0.69035065
0.7076764,0.7124759
0.7194553,0.7222329
0.72660273,0.73320067
0.7313691,0.7372599
0.72974056,0.733688
0.71377766,0.70408726
0.6897323,0.6847561
0.6697743,0.6627154
0.6265083,0.6163854
0.577971,0.5707119
0.5391363,0.53858864
0.5143722,0.50968176
0.49427566,0.49063286
0.48499236,0.478959
0.48297653,0.4829715
0.49943867,0.5009567
0.5235106,0.5336201
0.5496213,0.5653049
0.57799345,0.5885893
0.61029816,0.61431026
0.64751285,0.64992696
0.6843489,0.67842394
0.7212974,0.7090609
0.752669,0.73352104
0.7707477,0.7540816
0.7809382,0.76009834
0.78059953,0.76833034
0.7724954,0.7666417
0.75967026,0.76431394
0.7355798,0.73238015
0.70998496,0.71294844
0.66907775,0.68647295
0.6270747,0.6363129
0.5749434,0.58556247
