true,forecasted
0.13952951,0.1006355
0.111111425,0.08396619
0.09090337,0.072460815
0.071841955,0.068570256
0.094368115,0.083929084
0.124278046,0.13926868
0.19154513,0.2289029
0.24327207,0.2804612
0.26040474,0.30104342
0.2750844,0.3068509
0.28827107,0.32056242
0.2983562,0.32896474
0.2999854,0.33944702
0.31254146,0.3533091
0.30505183,0.35236973
0.3060376,0.35277364
0.31248796,0.356691
0.322468,0.35960698
0.30684248,0.3453872
0.2930133,0.32869375
0.27891594,0.30476627
0.24794705,0.26775032
0.19597825,0.20919396
0.15411176,0.1533288
0.11314736,0.11257768
0.09540433,0.0917705
0.07021505,0.07086687
0.07103958,0.06180732
0.0915063,0.06466197
0.12572366,0.09366346
0.17652272,0.13813202
0.23659687,0.1806384
0.2602158,0.20276447
0.26002303,0.22351101
0.2731583,0.23423305
0.28399268,0.24668492
0.2861339,0.2585925
0.30214798,0.2687864
0.29811814,0.26903886
0.29146245,0.27354473
0.29819494,0.27537405
0.2898319,0.28759816
0.27807572,0.28830492
0.2640949,0.2658456
0.2589249,0.24700762
0.23816857,0.22013068
0.19877873,0.17394824
0.15444016,0.12713793
0.11870707,0.12167092
0.09856932,0.10226545
0.08675432,0.0914912
0.083812654,0.07964899
0.0872262,0.08706562
0.11829002,0.12222739
0.17831087,0.17405528
0.23222314,0.2257222
0.25683376,0.2527282
0.2616954,0.27044266
0.2725036,0.29289398
0.2790537,0.30244157
0.28162223,0.30575457
0.29126242,0.31031042
0.286503,0.31124982
0.28208247,0.3096205
0.28495038,0.30702102
0.2809259,0.30153644
0.26433656,0.28928298
0.24296162,0.27767333
0.23395342,0.26249954
0.21827574,0.23652755
0.17559406,0.19353597
0.12847772,0.14749688
0.088655956,0.08616069
0.067342915,0.06134075
0.0534574,0.042884097
0.043567725,0.030515969
0.044385385,0.029201597
0.055874657,0.040561773
0.08103013,0.06476613
0.1153304,0.09990855
0.15289979,0.13753265
0.17362824,0.16304284
0.19065066,0.18765745
0.2061115,0.20231657
0.21306276,0.2084624
0.2258305,0.22804415
0.24199018,0.24542703
0.25998807,0.25357318
0.2839757,0.2699842
0.29188693,0.2818048
0.28812206,0.28749472
0.27465168,0.2714296
0.25507942,0.25523236
0.23862821,0.23190756
0.19384757,0.19024558
0.14568527,0.1398322
0.10428836,0.10320069
0.073090225,0.07885905
0.056673214,0.057180844
0.045178782,0.039905176
0.04001434,0.03543626
0.043826208,0.048543323
0.05551588,0.05798513
0.09594288,0.08986981
0.14336832,0.13362606
0.1778921,0.17781344
0.21484596,0.21507093
0.2542247,0.24974185
0.28531012,0.27921468
0.31218457,0.29105583
0.33538532,0.30837354
0.3492307,0.33424821
0.3751425,0.3393479
0.3960131,0.35641417
0.3897536,0.35733834
0.37500915,0.33570123
0.35736585,0.30898923
0.33488822,0.29030862
0.28544366,0.24607927
0.22885661,0.19730765
0.18836962,0.19135554
0.174482,0.16947217
0.15988065,0.150141
0.14780928,0.13721327
0.16168945,0.15148358
0.20085613,0.17915556
0.26636332,0.23436348
0.32333952,0.29272124
0.36860332,0.33130822
0.3989114,0.36362666
0.42444667,0.3910269
0.44062543,0.4126551
0.44498408,0.427153
0.4359048,0.43816426
0.43208814,0.43620148
0.41254035,0.4448755
0.39713356,0.44464976
0.39874807,0.44243994
0.37677133,0.43500352
0.35138127,0.41388798
0.32499626,0.39084512
0.2956646,0.34772947
0.24533819,0.28739196
0.19779468,0.22946668
0.15972075,0.15002616
0.12579206,0.12611093
0.11051824,0.11129514
0.104321025,0.101763785
0.11137373,0.109448716
0.15156575,0.15430926
0.20636255,0.21949115
0.25752094,0.28397834
0.28296965,0.32011113
0.29622397,0.33091313
0.31335223,0.34757876
0.32554185,0.35935268
0.32564655,0.36538178
0.33972427,0.38018808
0.34145606,0.3968147
0.35011715,0.39917007
0.36107627,0.4029935
0.3644044,0.40545657
0.35073537,0.4052422
0.3330777,0.38451704
0.31580713,0.36241117
0.29641062,0.33209392
0.24454345,0.28079817
0.19375433,0.22208679
0.15159535,0.16564076
0.12583084,0.14764054
0.11458113,0.13610399
0.10495089,0.13399708
0.11598281,0.14670637
0.14935157,0.20258889
0.20723712,0.28539687
0.2577544,0.35319763
0.2931944,0.38616645
0.3119966,0.40501457
0.31770226,0.4151665
0.3208027,0.42675298
0.31484658,0.43509576
0.318881,0.44971728
0.31132182,0.44167042
0.3117767,0.43742844
0.30536723,0.4437644
0.31300417,0.45222846
0.30042633,0.43618894
0.2889462,0.4269366
0.27618843,0.41508612
0.26306385,0.3762547
0.21607073,0.30958724
0.1796688,0.24615905
0.14042531,0.091842905
0.117567696,0.07745605
0.09721961,0.06465187
0.09856932,0.054844707
0.104295045,0.06225038
0.1425625,0.104334384
0.19481672,0.16274373
0.24424906,0.23365048
0.27386668,0.2562966
0.2921882,0.26809162
0.3012138,0.2622372
0.32441014,0.27201712
0.3306469,0.28006545
0.3511522,0.28068146
0.35385087,0.28188002
0.36523965,0.29384276
0.3731935,0.29508668
0.37044382,0.30645695
0.36382002,0.30825448
0.34130532,0.29763234
0.3262617,0.29289654
0.3068528,0.27469674
0.2500103,0.22681431
0.19919083,0.17469138
0.19690934,0.14380202
0.19462787,0.12495886
0.19234638,0.10981212
0.1900649,0.10351071
0.18778342,0.10638309
0.18550195,0.13394536
0.18322046,0.18171537
0.18093899,0.23087761
0.1786575,0.26155943
0.17637603,0.2779244
0.17409454,0.29031548
0.17181307,0.2934511
0.16953158,0.2821861
0.16725011,0.2896216
0.16496862,0.27936062
0.16268715,0.2647802
0.16040567,0.2697506
0.1581242,0.27632257
0.1558427,0.2714384
0.15356123,0.2667805
0.15127975,0.2631344
0.14899828,0.23089103
0.14671679,0.19283196
0.14443532,0.14624155
0.14215383,0.09105028
0.13987236,0.06794463
0.13759087,0.04775562
0.1353094,0.03320487
0.13302791,0.027192224
0.13074644,0.03183305
0.12846495,0.03767456
0.12618348,0.07100906
0.12390199,0.11473921
0.12162052,0.16074473
0.11933904,0.19490448
0.11705756,0.22217965
0.11477608,0.24321108
0.1124946,0.25675178
0.11021312,0.26513153
0.10793164,0.28726807
0.105650164,0.2992792
0.103368685,0.3184986
0.101087205,0.3292963
0.098805726,0.31561503
0.096524246,0.2947998
0.09424277,0.2771735
0.09196129,0.23567395
0.08967981,0.18515164
0.08739833,0.0759633
0.061558735,0.055018563
0.042859342,0.036398917
0.03030482,0.028109513
0.025853537,0.027245369
0.032003183,0.05499973
0.046724696,0.095690876
0.084274404,0.12886739
0.12134727,0.15423433
0.15341942,0.18535526
0.1778472,0.20472017
0.20346119,0.22583525
0.22406183,0.24563046
0.23543036,0.2685327
0.25764492,0.27597776
0.27890295,0.29124048
0.30497313,0.31098777
0.31686512,0.32031712
0.31385085,0.31456316
0.3046476,0.2874807
0.29014254,0.26486245
0.2710834,0.23707972
0.21927488,0.188305
0.16241865,0.13677873
0.124416746,0.11265035
0.09953886,0.08778685
0.07806363,0.069886446
0.06958289,0.05737622
0.083597355,0.056512784
0.11825946,0.08023446
0.1689244,0.120645486
0.23104861,0.15435424
0.27508706,0.1962579
0.3200834,0.22155587
0.3569922,0.26811385
0.3980496,0.29479235
0.43162563,0.31625193
0.46244857,0.34537393
0.48472235,0.3656529
0.49606413,0.37655973
0.5074185,0.38457018
0.51274383,0.39225242
0.49758884,0.38252026
0.45990273,0.35778075
0.4297076,0.33045873
0.40284133,0.2954186
0.34056866,0.24956988
0.2807891,0.18858913
0.22439061,0.1772804
0.19181678,0.15454294
0.15879744,0.14380026
0.15103693,0.13176087
0.16557409,0.14252841
0.19797693,0.19233008
0.25304177,0.2624268
0.30835667,0.30697215
0.341581,0.32273975
0.36939788,0.3321299
0.38694814,0.3519759
0.41471782,0.3703037
0.43588778,0.38684133
0.45602554,0.40748286
0.4750881,0.41782835
0.48154953,0.42616007
0.490714,0.4278329
0.49255413,0.41875264
0.46889776,0.39931017
0.43842426,0.37296954
0.414156,0.35835007
0.38953906,0.3273862
0.3256221,0.26541656
0.26068327,0.21193576
0.2094341,0.17001645
0.17440845,0.15229096
0.15169698,0.14565068
0.13674183,0.13728958
0.13816701,0.15151113
0.17377535,0.20185685
0.22929199,0.27473053
0.27661273,0.3421814
0.30810544,0.3686041
0.32290605,0.39369208
0.3553259,0.41154075
0.36786437,0.43229792
0.3801803,0.44542453
0.38803536,0.45024502
0.3849762,0.44986334
0.37395957,0.45513904
0.37017408,0.4460317
0.3765119,0.45164883
0.35127696,0.44850904
0.32563606,0.42835546
0.31700516,0.40200514
0.30157736,0.36337575
0.24120805,0.30353808
0.19773775,0.24683139
0.15646483,0.13837446
0.12431167,0.118437506
0.10911026,0.1046099
0.10142788,0.09705998
0.116554216,0.10563872
0.14411987,0.14052393
0.20932369,0.1984416
0.25547087,0.23985884
0.2906633,0.25043914
0.30685395,0.26042092
0.321973,0.26933607
0.3299511,0.2805309
0.32811233,0.28791824
0.3286509,0.30055752
0.31855124,0.29863745
0.31494954,0.30731156
0.31270403,0.31326807
0.31295392,0.31707904
0.3053789,0.31341365
0.29691955,0.30390787
0.29035115,0.29519287
0.27554175,0.26816326
0.22920793,0.21638447
0.1876813,0.17135012
0.14471707,0.14958061
0.12760982,0.1284203
0.10739031,0.11009424
0.107397,0.09857878
0.1109307,0.098134935
0.14753208,0.114623174
0.20327204,0.14260522
0.26020604,0.16903728
0.29273823,0.1859065
0.31598976,0.2116891
0.33883438,0.22931299
0.3472985,0.2465162
0.35270002,0.2526147
0.34857965,0.2631799
0.34206587,0.26157007
0.32930043,0.2711415
0.33255425,0.2825995
0.32605252,0.2902475
0.31521928,0.28605515
0.298906,0.2720467
0.28972375,0.2608783
0.27353066,0.23991024
0.23611295,0.19543377
0.1907137,0.15576869
0.1541001,0.15503354
0.12872188,0.12510936
0.110086866,0.10538194
0.10170662,0.086879075
0.09848125,0.084959604
0.113694124,0.096790366
0.13371247,0.11863204
0.1719847,0.13321906
0.2166385,0.18051805
0.2534468,0.19555731
0.28661284,0.24417913
0.30485544,0.25426796
0.32843387,0.24188149
0.3537859,0.2648574
0.3744093,0.2901763
0.39346477,0.28843772
0.4110078,0.30634022
0.4091226,0.31646937
0.39382967,0.31797966
0.37532917,0.3082402
0.3554772,0.2859548
0.33335567,0.27102387
0.28679928,0.23652217
0.23653822,0.18621852
0.18690911,0.1854934
0.15634885,0.15644349
0.1311015,0.13039738
0.11593906,0.10906415
0.11198392,0.10319287
0.11241395,0.10949491
0.12962723,0.11683307
0.17129466,0.14819792
0.22651365,0.207675
0.27737004,0.24806426
0.32914168,0.30549744
0.37093157,0.3418529
0.40168935,0.35604075
0.41842157,0.37288815
0.43098775,0.39767537
0.42890042,0.40284485
0.43151847,0.39437598
0.4497685,0.4067485
0.44493917,0.40858224
0.42364123,0.38445458
0.39897615,0.35089388
0.37365773,0.32516044
0.31562027,0.2866286
0.26292035,0.2351157
0.21433301,0.22607441
0.19076204,0.19697504
0.16977644,0.17238662
0.16054605,0.16601571
0.17184371,0.17334315
0.21085183,0.20281406
0.27472466,0.2784109
0.34799027,0.35063207
0.39362678,0.39912117
0.43043393,0.44887584
0.46089426,0.47106236
0.48923343,0.49657238
0.5262314,0.53263384
0.54673463,0.5643847
0.55015755,0.5717418
0.54968643,0.58824515
0.54592097,0.6032886
0.54307866,0.6118985
0.53250754,0.60739225
0.5020722,0.56393987
0.45843858,0.5163478
0.4134006,0.46560916
0.3552766,0.3896065
0.29938573,0.30937284
0.24747881,0.26165128
0.20982116,0.23505266
0.1900252,0.21625552
0.17284039,0.2081773
0.18495607,0.22011268
0.21997754,0.26508856
0.28004518,0.3468282
0.34467798,0.4213692
0.38433316,0.4638676
0.4076447,0.4915473
0.4319038,0.5152943
0.45763448,0.53697896
0.4789349,0.549556
0.4983125,0.56146514
0.48385885,0.5582563
0.47624296,0.5485343
0.46697742,0.5329361
0.46113858,0.5222911
0.43858302,0.5174253
0.4194404,0.48620743
0.39698628,0.4497328
0.3751303,0.4038661
0.32085866,0.33865988
0.2731455,0.27547362
0.22856411,0.20844235
0.18999901,0.18530567
0.18351753,0.16900173
0.16624331,0.15713823
0.17717054,0.1658276
0.21207814,0.20820285
0.26604542,0.271935
0.32472956,0.34026605
0.3734088,0.37740925
0.38688892,0.40775228
0.40031078,0.4362784
0.4146888,0.4641095
0.42515448,0.4781389
0.43860555,0.49808824
0.4436443,0.4974132
0.4363054,0.50000453
0.44174686,0.4968465
0.44233048,0.48978493
0.43120402,0.4713964
0.4097901,0.4454142
0.39209598,0.42488354
0.36839336,0.39079228
0.31207892,0.32764724
0.25739697,0.26556477
0.20993522,0.18691964
0.18019092,0.16298565
0.15700853,0.14029518
0.14856428,0.1251322
0.15316056,0.13000765
0.18649071,0.16298415
0.2352993,0.20802659
0.287095,0.25469676
0.3363921,0.28933272
0.36561045,0.33433294
0.41689476,0.36411554
0.4411292,0.397897
0.47168717,0.42952332
0.50047934,0.4492321
0.52402586,0.4507834
0.5197912,0.46855912
0.53333706,0.47607028
0.53843784,0.48337266
0.5170759,0.4636708
0.4778479,0.42806092
0.43078545,0.40040818
0.3981117,0.36770663
0.33463854,0.30615088
0.269023,0.24555328
0.2154548,0.21616502
0.17721792,0.18725623
0.15068695,0.1643703
0.14069697,0.14474002
0.1521274,0.14159448
0.17244378,0.16353165
0.22048819,0.19124472
0.27357325,0.2310183
0.32308295,0.2674345
0.35046732,0.31694788
0.39697328,0.3621959
0.43626833,0.4061149
0.4737722,0.44230756
0.49536493,0.46950924
0.5094363,0.48959395
0.51359,0.5154402
0.5146518,0.5199271
0.5187871,0.5270091
0.49930325,0.5116524
0.4597824,0.46543092
0.43157196,0.42979327
0.4013258,0.39983818
0.33844694,0.34168008
0.27498925,0.2824453
0.21994677,0.21463795
0.17826006,0.18453865
0.1517543,0.15747523
0.1396409,0.13928457
0.12784824,0.1341013
0.13920225,0.14773752
0.1550429,0.16689476
0.1891871,0.20181063
0.24314827,0.24469993
0.28851238,0.2981376
0.32253048,0.34110266
0.3531125,0.38358033
0.37448496,0.41852605
0.3856846,0.4406582
0.3833747,0.4550425
0.39490792,0.47739175
0.39742604,0.4815318
0.39708483,0.4953908
0.38559577,0.48842067
0.3693394,0.45055032
0.35169762,0.41459003
0.3373217,0.38697714
0.2958331,0.33078775
0.24707992,0.27285695
0.2045444,0.20070143
0.1729873,0.17120102
0.14458716,0.14520004
0.13483217,0.12851441
0.13182995,0.12061316
0.13584183,0.11385607
0.14809145,0.11457216
0.19053279,0.13351291
0.23569381,0.17757379
0.29060236,0.22764464
0.3397086,0.27185792
0.37278506,0.2991785
0.40817177,0.31951308
0.43767115,0.34351367
0.4514409,0.36399844
0.46344846,0.38418937
0.48112962,0.4083873
0.48734975,0.42084435
0.47286457,0.42025957
0.44650322,0.39818624
0.42101324,0.3729193
0.3975829,0.35005328
0.34469423,0.3030246
0.28362054,0.2518416
0.22860213,0.24918897
0.19444515,0.22493614
0.17338677,0.2148383
0.1535713,0.20394248
0.16042781,0.21572849
0.18170416,0.26144856
0.22313565,0.33179903
0.28210232,0.3970684
0.3306486,0.4436156
0.36850685,0.4922312
0.4177262,0.5412496
0.45939627,0.57029057
0.48776126,0.59294564
0.5158897,0.6167294
0.5394181,0.6258783
0.56365544,0.6283039
0.57322377,0.6273307
0.5804216,0.61557823
0.5546648,0.58740526
0.50288355,0.5460552
0.47192025,0.5043181
0.43827638,0.45370504
0.37337345,0.38562953
0.31323874,0.3158138
0.2640158,0.2594648
0.22208913,0.22700657
0.1958879,0.20768905
0.17330748,0.19277143
0.17344044,0.19567928
0.16948435,0.232824
0.189624,0.2872709
0.22128427,0.33667004
0.281299,0.3805894
0.33691996,0.4185568
0.3895914,0.46814078
0.4371519,0.49557838
0.464282,0.512694
0.48559046,0.538101
0.49530572,0.5552145
0.51435125,0.55912864
0.53682834,0.55828726
0.56598306,0.5479977
0.55803937,0.5313457
0.53707707,0.49356055
0.48509067,0.4491979
0.44808125,0.41469258
0.39890108,0.35491836
0.3355288,0.29090008
0.2778266,0.26495057
0.23885383,0.23076724
0.2174833,0.20596525
0.19885707,0.18755576
0.19976242,0.18518823
0.2293474,0.2122268
0.290896,0.2401986
0.37954965,0.29171562
0.45480916,0.33836994
0.5137747,0.3988275
0.56967455,0.45219997
0.60797125,0.5009651
0.64321893,0.5462048
0.68129474,0.5781343
0.69261897,0.5909891
0.70527244,0.60960877
0.71694624,0.6081624
0.7349464,0.6113208
0.72666246,0.6023699
0.68687415,0.5535163
0.63542306,0.51237917
0.5924969,0.4702606
0.51131505,0.405718
0.42206913,0.3381509
0.34659088,0.3460592
0.3022158,0.31479254
0.2664982,0.29116106
0.24378635,0.2773991
0.24159853,0.28697473
0.26540658,0.32780504
0.33488497,0.404374
0.40789095,0.48945487
0.478477,0.5512666
0.54722387,0.606573
0.61044276,0.6576064
0.6626091,0.6992749
0.6933193,0.7311403
0.712866,0.764184
0.7130815,0.77390844
0.71565235,0.7798424
0.7159315,0.7789846
0.72207993,0.7782212
0.70593077,0.7529132
0.66524667,0.70399624
0.62411624,0.6551709
0.57326233,0.59932846
0.49018732,0.51809126
0.42064014,0.43170968
0.35782608,0.33640552
0.30698997,0.30570763
0.2743059,0.28310123
0.25839287,0.26483452
0.26118493,0.26997095
0.2751102,0.30793312
0.3443752,0.36284757
0.40567467,0.42557544
0.46415284,0.47227445
0.52257293,0.52840173
0.594025,0.57704425
0.64708066,0.63184166
0.67786,0.66450113
0.69206,0.69139886
0.6833181,0.6987773
0.65887463,0.71120787
0.63335234,0.70055753
0.6126909,0.6979608
0.5858608,0.67468303
0.542901,0.6235345
0.5043288,0.5812306
0.48088777,0.5398483
0.41664773,0.4620395
0.34576672,0.39405847
0.28868487,0.30839086
0.25232077,0.2788393
0.2270184,0.24825928
0.20359701,0.23127612
0.1957553,0.23311438
0.20083684,0.25008675
0.21583365,0.2844177
0.27556887,0.33680928
0.3391223,0.3860218
0.3902612,0.44984442
0.45150414,0.4989605
0.4913112,0.54886985
0.5314054,0.575279
0.5536373,0.5946727
0.56873405,0.6050155
0.57578164,0.61534286
0.59598756,0.60076094
0.6119923,0.6021891
0.59921443,0.58723664
0.5543083,0.54153246
0.5159671,0.49437675
0.47827488,0.4525403
0.41159162,0.38625607
0.35070917,0.32808632
0.29834893,0.30933207
0.25570565,0.27133656
0.22281757,0.24135122
0.2052906,0.21867642
0.19668263,0.20751977
0.19748883,0.22370125
0.2078561,0.24520196
0.24447735,0.2786532
0.29730222,0.33237842
0.33672526,0.3983389
0.37561592,0.45705813
0.40649843,0.51457
0.42103407,0.5603137
0.407945,0.58934903
0.3863028,0.60007054
0.36454523,0.6223073
0.35856217,0.61267066
0.34882456,0.6339281
0.33893296,0.63248265
0.32451978,0.57372993
0.31681868,0.5194188
0.30078644,0.48485765
0.25991833,0.4205157
0.2217187,0.35004172
0.18853621,0.21385469
0.17314662,0.18570265
0.16261867,0.16272831
0.15087627,0.15142484
0.16622192,0.15441132
0.18682943,0.18001549
0.26543373,0.22710347
0.32439923,0.27239677
0.36948612,0.3175229
0.3791271,0.3692025
0.41592598,0.4111509
0.45510834,0.44803056
0.47998604,0.47558257
0.51839066,0.5077399
0.53630656,0.51755756
0.56072026,0.53366053
0.5799221,0.552073
0.5947158,0.5594896
0.5747169,0.54561275
0.5362713,0.5021393
0.4887369,0.46230698
0.44930774,0.42452165
0.38000223,0.3584158
0.3147694,0.29214093
0.25135067,0.26280856
0.21102683,0.234147
0.17321636,0.21028826
0.1652711,0.20156845
0.16639787,0.20864107
0.19380477,0.23310517
0.2578205,0.2846042
0.32405555,0.33889017
0.366448,0.38278437
0.40697375,0.4420808
0.4446186,0.49370006
0.48343703,0.5406065
0.5264012,0.5793258
0.563596,0.62427133
0.59038335,0.6336731
0.6123066,0.6526936
0.63483864,0.66634953
0.6471647,0.663609
0.6396787,0.639122
0.6026219,0.6020627
0.5531523,0.56589854
0.50752187,0.5124569
0.43139064,0.4328716
0.35637644,0.36048806
0.2906486,0.30930644
0.25453132,0.27519172
0.22639216,0.24710858
0.20990695,0.23000917
0.2088478,0.23533276
0.23502095,0.259548
0.29395458,0.30917418
0.36449325,0.36925533
0.4292055,0.4257547
0.46783862,0.49238104
0.5235486,0.555334
0.576003,0.6051692
0.6163219,0.64563876
0.65288967,0.6867008
0.670686,0.7037128
0.6793354,0.7194054
0.6804628,0.7240356
0.67022234,0.7164212
0.64470655,0.6864201
0.60927033,0.63387233
0.5701474,0.58417904
0.53209466,0.53555185
0.45451516,0.45665237
0.38994274,0.3798094
0.33656767,0.3306948
0.29459476,0.2945153
0.260885,0.2602204
0.24329078,0.2475988
0.24683978,0.25068426
0.27869642,0.28234005
0.3367868,0.34851688
0.40355486,0.41958383
0.45630884,0.47860435
0.4937321,0.536675
0.5483132,0.5812868
0.6025611,0.6245489
0.65351033,0.66477805
0.6986794,0.70209885
0.719499,0.71155125
0.72329,0.7249558
0.73577136,0.73643094
0.749702,0.7465438
0.73993075,0.7275739
0.7061245,0.6730791
0.6594231,0.62068856
0.620385,0.56999266
0.5488279,0.48915225
0.47416633,0.4063005
0.413934,0.40502548
0.36687344,0.3638113
0.33030224,0.3355803
0.29487255,0.31429926
0.29766807,0.3067905
0.32045385,0.3267534
0.35789445,0.36321604
0.42076814,0.42618495
0.480094,0.482233
0.5140454,0.55518514
0.55968076,0.607732
0.6125175,0.65548325
0.6395576,0.6887431
0.6762747,0.7176061
0.69992363,0.7331203
0.7033418,0.7442584
0.6933103,0.7401027
0.6716966,0.7316274
0.645278,0.70797896
0.59578085,0.64324546
0.5485335,0.59361583
0.5067308,0.5509941
0.4356022,0.47818744
0.36849195,0.40527043
0.3070377,0.3028006
0.25909284,0.26501134
0.23308456,0.23382297
0.21427627,0.21432015
0.19684367,0.20940927
0.20482656,0.22857076
0.22237015,0.2602854
0.2681448,0.297851
0.33272544,0.35100472
0.39859807,0.39606863
0.45733055,0.44502175
0.5160678,0.47930217
0.5602153,0.5006856
0.59816736,0.52350354
0.6121031,0.53508675
0.6264861,0.541443
0.6474941,0.5405935
0.6397404,0.54798305
0.6290629,0.5415046
0.5846265,0.50298256
0.54881907,0.46342352
0.5085126,0.42993265
0.4552159,0.37363267
0.39006788,0.31065598
0.32812208,0.33149767
0.28457192,0.29478014
0.26293564,0.2681997
0.23394367,0.25192666
0.22381423,0.2424862
0.22969738,0.23930939
0.23039927,0.24258308
0.2621262,0.26836467
0.30640996,0.32141203
0.3402267,0.3920545
0.38067088,0.4506423
0.4066377,0.49962142
0.44171438,0.52442473
0.45133412,0.552768
0.45706615,0.56111884
0.48020744,0.5740495
0.5103514,0.5856245
0.53819543,0.596342
0.5483623,0.5901525
0.52970535,0.5523111
0.49414474,0.52127224
0.46384338,0.47672963
0.39040506,0.41944078
0.34150708,0.36067647
0.2876884,0.31288964
0.25199446,0.27952012
0.23034272,0.25235802
0.2162782,0.23832649
0.22676755,0.24293375
0.25496843,0.2760018
0.31480148,0.3342354
0.37367454,0.39837676
0.43959305,0.4503058
0.4722901,0.50276816
0.5242578,0.54601216
0.5693773,0.5846472
0.610506,0.62456065
0.6485603,0.65631855
0.6710381,0.6676023
0.6790685,0.6841351
0.68300056,0.6942611
0.6935639,0.7030115
0.67179555,0.68871325
0.6268585,0.6460158
0.5714108,0.6022784
0.5255108,0.55827487
0.44762617,0.4785107
0.37914598,0.39993593
0.32170555,0.32149285
0.2781617,0.29415712
0.2546452,0.2724625
0.22940184,0.26372233
0.22730725,0.27123916
0.26042038,0.3080145
0.32421872,0.37511468
0.3938908,0.44540846
0.44243824,0.49596015
0.47922513,0.54995775
0.51789874,0.5936211
0.5483359,0.63236785
0.58006877,0.6522992
0.6170706,0.67714167
0.63850343,0.6753659
0.6405942,0.68116856
0.6559951,0.6725205
0.66162026,0.6670203
0.6402249,0.6459725
0.60099477,0.6107364
0.5558945,0.56552744
0.508957,0.5179791
0.4367274,0.44382676
0.35853657,0.37264785
0.31130865,0.33719856
0.27138945,0.30190352
0.24422039,0.2775643
0.23279876,0.2653241
0.2319236,0.267914
0.26872423,0.2956076
0.32504687,0.35105053
0.37590554,0.40580797
0.4164185,0.44979563
0.43538037,0.499833
0.46411407,0.5373852
0.49833658,0.5750133
0.5282169,0.60034174
0.5602648,0.6284924
0.58005923,0.635208
0.59394765,0.64781404
0.61235684,0.6550868
0.62508845,0.6532882
0.60427326,0.6388739
0.5709381,0.59431636
0.5391672,0.5585465
0.49579287,0.5158314
0.42974445,0.44199997
0.36993393,0.3710396
0.3133893,0.3281085
0.27639514,0.29763615
0.23703931,0.27115238
0.22816865,0.2584694
0.23318791,0.26209146
0.25339577,0.28348485
0.30991176,0.3336061
0.37569022,0.39048982
0.43157884,0.4361894
0.47448498,0.50022775
0.5256197,0.5456248
0.57546675,0.58460176
0.60203004,0.6163898
0.6285056,0.6449921
0.6351852,0.6474475
0.6371497,0.6571517
0.64699966,0.65919167
0.65170556,0.65622777
0.62847084,0.6346928
0.6021063,0.588067
0.5671811,0.54040945
0.5256,0.4883971
0.45726866,0.41699314
0.3956289,0.34805277
0.39275977,0.30588794
0.3898906,0.2719402
0.38702148,0.24340999
0.38415232,0.22606638
0.38128316,0.228683
0.37841403,0.24825118
0.37554488,0.2856916
0.37267575,0.34129965
0.3698066,0.39089537
0.36693743,0.45284373
0.3640683,0.5085613
0.36119914,0.55682933
0.35833,0.5894028
0.35546085,0.6206708
0.3525917,0.6404502
0.34972256,0.6615002
0.3468534,0.66203916
0.34398428,0.65923357
0.34111512,0.64337647
0.33824596,0.5907337
0.33537683,0.54380035
0.33250767,0.50097185
0.3296385,0.43124223
0.32676938,0.3671336
0.32390022,0.24707063
0.3210311,0.22053705
0.31816193,0.194549
0.31529278,0.17610344
0.31242365,0.1642457
0.3095545,0.18232656
0.30668536,0.19846135
0.3038162,0.22533143
0.30094704,0.2478436
0.2980779,0.29114005
0.29520875,0.31359798
0.29233962,0.34696326
0.28947046,0.36988828
0.2866013,0.37931553
0.28373218,0.38056046
0.28086302,0.4032051
0.2779939,0.4014392
0.27512473,0.41475853
0.27225557,0.40322888
0.26938644,0.36806282
0.26651728,0.34892222
0.26364815,0.32817295
0.260779,0.2832944
0.25790983,0.23591986
0.2550407,0.19658317
0.25217155,0.17334741
0.2493024,0.15189746
0.24643326,0.13754119
0.24356411,0.13078612
0.24069495,0.14451413
0.23782581,0.16587192
0.23495667,0.20330158
0.23208752,0.22272746
0.22921838,0.2637068
0.22634922,0.28894624
0.22348008,0.3153589
0.22061093,0.3436992
0.21774179,0.36389238
0.21487264,0.37918434
0.21200348,0.4016185
0.20913434,0.41054493
0.2062652,0.4157016
0.20339605,0.40117833
0.20052691,0.37044364
0.19765775,0.35237554
0.1947886,0.32159573
0.19191946,0.2737726
0.18905032,0.22541663
0.18618117,0.13387555
0.18331201,0.105707064
0.18044287,0.08551084
0.17757373,0.07542266
0.17470458,0.081714675
0.17183542,0.11337865
0.16896628,0.16654226
0.16609713,0.19249082
0.16322799,0.23116077
0.16035885,0.24729276
0.15748969,0.2798183
0.15462054,0.29444453
0.1517514,0.29955038
0.14888225,0.31908756
0.14601311,0.33888814
0.14314395,0.3449547
0.14027481,0.36111093
0.13740566,0.3712586
0.13453652,0.3693672
0.13166738,0.34666058
0.12879822,0.31569442
0.12592907,0.29170695
0.12305993,0.24061845
0.12019078,0.1878454
0.11732163,0.09347336
0.09067565,0.07513681
0.06880267,0.05984834
0.058898665,0.049828105
0.051376764,0.054004658
0.055215754,0.0984872
0.07844609,0.15282646
0.1040977,0.19600552
0.15027754,0.21887681
0.18047175,0.23086454
0.20878305,0.24136251
0.23080333,0.2590662
0.25786462,0.2811733
0.2864896,0.2933185
0.31850618,0.31598493
0.34385306,0.33662108
0.38471335,0.3500842
0.3993462,0.36841336
0.39366767,0.36645728
0.36020684,0.33938497
0.34213847,0.31987205
0.29684773,0.29645738
0.24998815,0.24691671
0.20973864,0.19071895
0.15536748,0.12763958
0.12936932,0.097918734
0.101977706,0.080973536
0.08962167,0.06987186
0.08256248,0.080731176
0.08531616,0.107594155
0.09821131,0.16259886
0.12794548,0.22042653
0.18236001,0.2758613
0.2418169,0.31419736
0.30684954,0.3614027
0.36726815,0.39541364
0.40946436,0.42054543
0.44719365,0.45935482
0.48036507,0.48538652
0.49962726,0.503976
0.53394127,0.5276022
0.5505937,0.5338918
0.5305035,0.5287192
0.48681083,0.50311583
0.4562336,0.46736076
0.40501845,0.42927322
0.33967707,0.3590978
0.27875528,0.28452265
0.22455968,0.21815218
0.18793252,0.18746091
0.16453023,0.16740268
0.14492893,0.15358093
0.14715764,0.16093145
0.1505836,0.17835234
0.17307556,0.22752474
0.20494252,0.30147994
0.2577141,0.3574809
0.33902198,0.39721936
0.42056698,0.44663817
0.4776196,0.48403695
0.53817654,0.5054721
0.58034885,0.55057883
0.6114259,0.57836694
0.6357377,0.5966898
0.6631282,0.6165776
0.6700903,0.6119439
0.65772206,0.60036826
0.6173799,0.57406265
0.583131,0.55133855
0.52365065,0.51041484
0.4480778,0.43936706
0.36420706,0.36287057
0.32713726,0.27126384
0.27039316,0.23498987
0.2500214,0.21416381
0.2372659,0.19675294
0.2462464,0.20233004
0.28269246,0.22015311
0.35889477,0.2620319
0.41637474,0.31846407
0.4658709,0.38458067
0.52295023,0.448919
0.5839372,0.5243026
0.6424419,0.5755677
0.6973071,0.609754
0.73831356,0.65448225
0.75714,0.6859585
0.7609557,0.70016754
0.7729235,0.7097661
0.7736344,0.6966929
0.7511709,0.6744486
0.7202723,0.6294536
0.6913911,0.58496046
0.61338174,0.53990906
0.52566534,0.4595229
0.43650448,0.3837349
0.37517956,0.35322708
0.33611795,0.31830576
0.30824015,0.29597065
0.2848566,0.27646792
0.28166944,0.2791033
0.31024933,0.30316702
0.38081762,0.3538479
0.43195575,0.42000607
0.48492658,0.48058796
0.534988,0.53678757
0.613483,0.59682626
0.67451006,0.63922155
0.7073103,0.66344637
0.74423873,0.700047
0.769382,0.7167451
0.7789186,0.7290007
0.78243667,0.7302536
0.790248,0.7279094
0.76933557,0.70681167
0.7360782,0.6614604
0.69423807,0.6194278
0.6189149,0.573168
0.5253513,0.50277543
0.43789068,0.42260584
0.38013864,0.3362698
0.33685786,0.30194002
0.30370307,0.28210458
0.29222125,0.26409444
0.28536075,0.2678507
0.32535675,0.29790786
0.3976192,0.34589958
0.44935223,0.42770338
0.49512497,0.4900822
0.5497128,0.5565262
0.61308545,0.6144797
0.68424135,0.6631894
0.74460226,0.7075608
0.7709267,0.73259723
0.7674666,0.7494378
0.72080666,0.76838005
0.6465967,0.75696063
0.59951955,0.75660485
0.5429585,0.7404595
0.51103055,0.692417
0.48751137,0.6436843
0.44589344,0.5932225
0.3774436,0.5202172
0.32409433,0.445868
0.2787333,0.2817191
0.24503176,0.24542208
0.22474155,0.21634525
0.21181908,0.19618288
0.22174525,0.19606587
0.2546083,0.2155414
0.32129347,0.25828826
0.36823577,0.30774856
0.4052263,0.37392434
0.4325711,0.41393697
0.47816274,0.4664774
0.5258083,0.503273
0.56537324,0.52542865
0.60461426,0.5454446
0.6239433,0.56204957
0.6478687,0.5717623
0.6543471,0.5624595
0.64725906,0.57559854
0.59952354,0.5767265
0.55479354,0.54029423
0.51253754,0.49624088
0.46366093,0.46255347
0.39206865,0.406268
0.32722476,0.33778468
0.26237416,0.24751766
0.22233309,0.21732911
0.20148389,0.19127443
0.18450274,0.17199105
0.17748462,0.16890685
0.18535554,0.17759477
0.2084619,0.19517048
0.24067962,0.22347954
0.2854788,0.2699062
0.3274244,0.32645375
0.36701578,0.37782216
0.40419924,0.42215446
0.44623634,0.4519097
0.4830087,0.469279
0.5199817,0.4856358
0.55219597,0.5038481
0.5633039,0.49746597
0.53999674,0.5079261
0.47489744,0.50457525
0.43536833,0.46369892
0.39709535,0.42087522
0.35057276,0.3876458
0.30282658,0.33239517
0.24151447,0.28242102
0.2037403,0.19813167
0.17221567,0.16896959
0.14918077,0.1450676
0.13596715,0.13158762
0.13345896,0.1227469
0.14654018,0.11587731
0.16055237,0.12377361
0.1838297,0.13856488
0.2293833,0.18132663
0.2649242,0.2304119
0.29416263,0.27504775
0.31735477,0.2975951
0.34216022,0.31544283
0.3673524,0.33210427
0.38205117,0.34436247
0.40379977,0.35997424
0.4157596,0.3748495
0.4175275,0.38795653
0.4057528,0.3992248
0.39275008,0.3724751
0.38019863,0.33425888
0.33443373,0.30752808
0.29095885,0.26570284
0.24028933,0.21668392
0.20432316,0.21329714
0.18107754,0.19205108
0.17098594,0.17854652
0.16522907,0.17268403
0.17929168,0.18443641
0.2291212,0.22569005
0.3073088,0.2978189
0.36478937,0.34899148
0.39614663,0.3798518
0.4183297,0.4073853
0.43892306,0.44339365
0.48114738,0.4696845
0.50988525,0.48423117
0.5340009,0.50775063
0.54066694,0.51163805
0.52170926,0.5197967
0.51663476,0.5236247
0.5269186,0.5285327
0.51125467,0.52407706
0.490885,0.4980783
0.4646102,0.46063268
0.40949646,0.41920707
0.34070393,0.3570259
0.27859402,0.29532894
0.2764371,0.25088733
0.2742802,0.22071283
0.27212328,0.19773689
0.26996636,0.18222025
0.26780945,0.18591934
0.2656525,0.22139886
0.2634956,0.2713571
0.26133868,0.3177473
0.25918177,0.35559347
0.25702485,0.4031098
0.25486794,0.44886422
0.252711,0.49067414
0.25055408,0.5271764
0.24839717,0.55757236
0.24624026,0.569602
0.24408333,0.5874665
0.24192642,0.5909266
0.2397695,0.58861655
0.23761258,0.5626838
0.23545566,0.5171123
0.23329875,0.47929767
0.23114182,0.439101
0.2289849,0.36910897
0.22682798,0.30471712
0.22467107,0.18688451
0.22251415,0.16307192
0.22035722,0.14196736
0.21820031,0.13128553
0.2160434,0.13269451
0.21388647,0.1718693
0.21172956,0.2272627
0.20957264,0.26030248
0.20741571,0.2898462
0.2052588,0.32232684
0.20310189,0.35077542
0.20094496,0.37835538
0.19878805,0.40343723
0.19663112,0.42461565
0.1944742,0.43122384
0.19231729,0.44340274
0.19016036,0.4529928
0.18800345,0.46005026
0.18584654,0.43873632
0.18368961,0.4040979
0.1815327,0.37626985
0.17937578,0.34468022
0.17721885,0.28264326
0.17506194,0.22204463
0.17290503,0.13610928
0.1707481,0.11405444
0.16859119,0.09852994
0.16643427,0.09276563
0.16427734,0.10424551
0.16212043,0.14039262
0.1599635,0.20997357
0.15780659,0.25692943
0.15564968,0.27996832
0.15349275,0.30073974
0.15133584,0.32202274
0.14917892,0.3354768
0.147022,0.35887742
0.14486508,0.3830326
0.14270817,0.4013575
0.14055124,0.41656798
0.13839433,0.43386894
0.13623741,0.4291639
0.13408048,0.41615617
0.13192357,0.38875547
0.12976664,0.36188355
0.12760973,0.32139298
0.12545282,0.2560501
0.123295896,0.19777456
0.121138975,0.10460003
0.118982054,0.084969416
0.11682514,0.07413059
0.11466822,0.068234414
0.1125113,0.077644855
0.110354386,0.12212514
0.108197466,0.18463601
0.106040545,0.22833541
0.103883624,0.24524856
0.10172671,0.25353795
0.09956979,0.2692652
0.09741287,0.280508
0.095255956,0.29286525
0.093099035,0.30779174
0.090942115,0.32453313
0.088785194,0.3354964
0.08662828,0.34032702
0.08447136,0.34814733
0.08231444,0.34500954
0.080157526,0.32562625
0.078000605,0.307961
0.075843684,0.27485198
0.07368676,0.22447272
0.07152985,0.17506766
0.06937293,0.08701055
0.052817985,0.067747235
0.03491753,0.044734932
0.030001443,0.032180846
0.027301827,0.038079977
0.03648083,0.06951349
0.05625808,0.10950285
0.08279077,0.1566369
0.113910004,0.17975989
0.15411252,0.202092
0.17237157,0.21712792
0.19319706,0.24406394
0.2124608,0.2697949
0.21552701,0.27816695
0.2141072,0.2901244
0.21982604,0.31407624
0.23633762,0.312113
0.2464128,0.33179697
0.24708144,0.3393385
0.25215742,0.31190538
0.23435575,0.28883728
0.19547868,0.26324025
0.16141702,0.21290211
0.13288888,0.16886987
0.10879543,0.118688464
0.09813909,0.09824095
0.09218508,0.0887042
0.08913758,0.07924029
0.10554828,0.08937197
0.14888313,0.11471486
0.2254891,0.16679895
0.2750987,0.21917129
0.29667005,0.2596649
0.31092218,0.2725772
0.32808176,0.30589628
0.32886696,0.31406915
0.34122872,0.3029237
0.34256104,0.31520024
0.3375418,0.33460277
0.33819574,0.33736113
0.34195945,0.34270728
0.34656757,0.34563407
0.3364177,0.34967813
0.33838218,0.34370902
0.3127923,0.32516825
0.27230474,0.30002663
0.21345861,0.2559713
0.17249173,0.20542698
0.13440767,0.158087
0.120094225,0.1372409
0.10622724,0.12764454
0.10221097,0.11683822
0.11545267,0.12550472
0.15774442,0.15897717
0.22751454,0.21921866
0.27177,0.27517533
0.2880997,0.3002479
0.2828002,0.30519736
0.29807612,0.32614347
0.29709855,0.33266133
0.31993994,0.33150306
0.31747952,0.3437227
0.31495374,0.35393593
0.3165369,0.35776588
0.3236622,0.35557556
0.32940838,0.34984618
0.3184244,0.34248278
0.32834312,0.3371576
0.31048277,0.329761
0.2654358,0.30247375
0.20404443,0.2536763
0.16403314,0.20437539
0.12553377,0.101158544
0.11101667,0.08711293
0.09944544,0.0749222
0.09726011,0.069809094
0.10760924,0.081861556
0.15348342,0.12721819
0.23196314,0.19530421
0.2677228,0.24430043
0.28345165,0.26102385
0.28622732,0.2789721
0.29022944,0.2984362
0.2986926,0.31187707
0.31039318,0.33071604
0.3229624,0.34914872
0.32635933,0.36395708
0.32670704,0.37736288
0.33865157,0.38962168
0.34703353,0.39642924
0.33436343,0.38669443
0.34004864,0.36213842
0.31481352,0.335575
0.26832455,0.2996107
0.21175183,0.24379003
0.16935845,0.18844321
0.14029904,0.10462101
0.11556175,0.086753786
0.0996254,0.08136181
0.09703945,0.07586895
0.10245206,0.090591624
0.14904284,0.14704937
0.22388339,0.22356188
0.2711264,0.2751813
0.28655818,0.29826856
0.28877008,0.29306325
0.29272333,0.3092402
0.29654664,0.31466123
0.30099505,0.31843838
0.3059845,0.32600337
0.31678316,0.34081158
0.3233422,0.34390852
0.336821,0.33765697
0.33720842,0.34847102
0.32628274,0.35141754
0.33004567,0.33795142
0.308316,0.3148603
0.26328066,0.28011563
0.20971456,0.23325284
0.1691995,0.18211162
0.13207887,0.10830659
0.113976106,0.0941806
0.1029566,0.07985494
0.0962835,0.07344818
0.109113894,0.0816554
0.14382146,0.112121195
0.21719481,0.16192427
0.2509508,0.19871163
0.25984746,0.2117495
0.27001795,0.22325869
0.28467643,0.23437366
0.28770158,0.23867832
0.28949985,0.24277292
0.29667997,0.2440168
0.2908169,0.23490484
0.28085196,0.23922813
0.28333837,0.24048859
0.27686396,0.25241938
0.26396096,0.25694937
0.27079415,0.2533293
0.25204015,0.23659904
0.22057435,0.20646735
0.17308548,0.16730416
0.13682435,0.12917846
0.10089297,0.094225496
0.0789002,0.07371446
0.06655449,0.05882635
0.057536535,0.054379553
0.05715235,0.05847449
0.06827444,0.07529064
0.09734646,0.10509814
0.13000816,0.14014116
0.16655013,0.16328791
0.19462472,0.1875897
0.21819167,0.19473723
0.2248812,0.19813378
0.22470698,0.19908623
0.2219361,0.18825796
0.21560611,0.17312892
0.21501368,0.17235915
0.21825185,0.17314008
0.22368814,0.18315086
0.2253953,0.18881905
0.22748893,0.20314257
0.20253253,0.19621246
0.17952895,0.17106543
0.14233726,0.13237382
0.109996885,0.09732718
0.07991253,0.09697728
0.06398956,0.07508558
0.055029295,0.05205456
0.046215378,0.043142214
0.04599721,0.042819817
0.055305354,0.04327793
0.07865872,0.058462247
0.110021725,0.08801211
0.1539081,0.12405078
0.18634285,0.16367692
0.20943545,0.18419626
0.22822483,0.19318822
0.23472771,0.19772749
0.231962,0.20356804
0.23210356,0.2024392
0.23061743,0.20526591
0.23715031,0.2238193
0.2447706,0.23240383
0.24949928,0.24287789
0.25614965,0.2384069
0.2363361,0.21741103
0.19888477,0.19633284
0.16185431,0.15390916
0.13116321,0.11367366
0.09735143,0.08294286
0.0821078,0.06835264
0.07477904,0.058776215
0.07503103,0.055288404
0.09664515,0.06754516
0.13756159,0.10028255
0.22684722,0.15181914
0.27528194,0.1901936
0.29974258,0.214299
0.30992743,0.23592336
0.3144614,0.25145903
0.3212923,0.25946087
0.32146657,0.2534133
0.32115248,0.24910086
0.31140152,0.2363715
0.29598802,0.23304418
0.299171,0.23003769
0.3101714,0.23091611
0.30748132,0.22845854
0.31131476,0.23565741
0.28552142,0.2238984
0.24498896,0.1908921
0.19640619,0.14602883
0.15877338,0.10777317
0.12877461,0.12633957
0.10552975,0.10771595
0.095490485,0.099137284
0.089452796,0.095163286
0.104818694,0.11327312
0.15145284,0.16058342
0.23415802,0.24063578
0.2801709,0.2928097
0.29488248,0.31571206
0.2960908,0.32076907
0.31228793,0.33398739
0.31637546,0.3371308
0.30705643,0.3304586
0.3050228,0.3344835
0.29677284,0.33001184
0.2845494,0.325615
0.2879744,0.32332557
0.28885528,0.32554626
0.29433036,0.3258193
0.30451596,0.32611567
0.28695747,0.307555
0.24479945,0.26974484
0.20018691,0.21883476
0.15541103,0.16983786
0.13390562,0.14267468
0.11011686,0.12534772
0.105378635,0.119943194
0.10239208,0.120153695
0.10910453,0.1398885
0.15740456,0.20537654
0.24457459,0.30816707
0.287936,0.3707232
0.29111704,0.37930477
0.29188883,0.36766714
0.2927193,0.35651052
0.2771509,0.3470208
0.26719874,0.3454559
0.2707886,0.34039003
0.26069835,0.32975402
0.26306918,0.3264009
0.26519185,0.3196352
0.2741376,0.33528516
0.27890602,0.34719664
0.2947835,0.33811235
0.27769843,0.3155804
0.23321657,0.28434014
0.19115826,0.23479241
0.15110877,0.1901286
0.124773994,0.10232063
0.10108573,0.09084554
0.093777984,0.077942155
0.0923146,0.07925895
0.1016835,0.096809715
0.14320517,0.14316328
0.22981602,0.22535679
0.2798895,0.27460796
0.2875946,0.2846988
0.2861335,0.2980488
0.28900334,0.29714555
0.29309106,0.2994262
0.29745352,0.30335173
0.29766232,0.3040078
0.2898617,0.28383014
0.281508,0.28193545
0.28380662,0.2847584
0.29087058,0.2928371
0.2962345,0.28876507
0.3081574,0.28514153
0.2887527,0.2659853
0.24628538,0.22828259
0.19400689,0.1731987
0.16234529,0.12917274
0.15953992,0.11593719
0.15673457,0.100681454
0.1539292,0.08816796
0.15112385,0.08341353
0.14831848,0.093699045
0.14551312,0.12605132
0.14270777,0.18120013
0.1399024,0.21653742
0.13709703,0.23799
0.13429168,0.2566194
0.13148631,0.27646285
0.12868094,0.27569842
0.12587559,0.26827827
0.123070225,0.26594588
0.120264865,0.25661746
0.117459506,0.24815461
0.114654146,0.24735634
0.11184878,0.25187287
0.10904342,0.25612682
0.10623806,0.2512262
0.10343269,0.22257446
0.10062733,0.19090034
0.09782197,0.15271649
0.09501661,0.11326459
0.09221125,0.08649433
0.07313875,0.063592464
0.060656443,0.04290723
0.055211168,0.034602858
0.05606398,0.03271813
0.06955862,0.04283108
0.096520774,0.06752958
0.13272096,0.09542203
0.16143307,0.12625113
0.18488692,0.15991782
0.20654002,0.17728892
0.20906636,0.187951
0.20435488,0.19670068
0.20541306,0.20411861
0.20886996,0.20379423
0.20762208,0.21019238
0.2240219,0.22768526
0.2274341,0.24456845
0.23471586,0.25626794
0.24124683,0.24753703
0.22458433,0.22475703
0.19005556,0.20676236
0.15279453,0.16599011
0.11012871,0.12525904
0.08041535,0.1002578
0.06046158,0.081281886
0.044058323,0.068047434
0.034894414,0.06331539
0.03245137,0.07910525
0.042350404,0.1339307
0.06809142,0.21226658
0.08896755,0.24581707
0.13062944,0.27550137
0.15228635,0.28321612
0.1738166,0.3176355
0.19102453,0.3323598
0.20525584,0.34351626
0.21908194,0.36722058
0.23644842,0.38065633
0.25376466,0.38743195
0.28141227,0.3964455
0.3050291,0.40895772
0.30506673,0.40100798
0.31014025,0.37975633
0.27835944,0.3431559
0.22618908,0.30151558
0.18806605,0.24898511
0.14759646,0.18892863
0.098792456,0.098024786
0.09373615,0.0800152
0.0762067,0.06753459
0.06936758,0.06267345
0.08205602,0.07482602
0.13767564,0.11398308
0.22105023,0.18587637
0.26737222,0.23745036
0.2917341,0.27597496
0.30267927,0.29768193
0.32472536,0.3303739
0.34229243,0.34625483
0.35715532,0.36098358
0.37553567,0.38053375
0.38810816,0.39200923
0.39257777,0.39798075
0.40227124,0.4073828
0.40730006,0.4094344
0.39438772,0.39952886
0.39173394,0.37952352
0.3598878,0.34467387
0.302199,0.30204907
0.24208646,0.24908942
0.19205081,0.18996714
0.15324977,0.16384827
0.12680115,0.14001723
0.115236215,0.123905994
0.0949762,0.118910715
0.11528264,0.12944339
0.15385671,0.18669765
0.23890217,0.2709385
0.27029288,0.3308199
0.29344028,0.35917118
0.30704248,0.37957203
0.3334554,0.3934385
0.34060916,0.41861835
0.36862606,0.4471176
0.40017438,0.46727937
0.41434073,0.4708851
0.4314942,0.48152253
0.4509574,0.48008472
0.45410594,0.48556468
0.44146642,0.47375345
0.43368432,0.4404113
0.38996297,0.40945008
0.33408278,0.37098137
0.27450535,0.29916668
0.22218464,0.23379697
0.17996071,0.16584164
0.1548402,0.14114234
0.12370053,0.12243926
0.11705513,0.115100175
0.12733378,0.12644891
0.17429249,0.17530105
0.25285742,0.25489065
0.29006687,0.3151366
0.31446773,0.35580412
0.33757198,0.38274103
0.35623392,0.4059841
0.3812872,0.4301952
0.41177905,0.46261415
0.44030106,0.48305714
0.4599629,0.4934995
0.4709274,0.51106846
0.48469445,0.52066636
0.4836271,0.5300884
0.455555,0.5268912
0.44108605,0.49588367
0.39786774,0.45384103
0.33497438,0.41416994
0.2766005,0.3453998
0.21666697,0.27362308
0.17038167,0.16053738
0.14077626,0.1313088
0.11263231,0.116245724
0.109913595,0.102826774
0.112005696,0.10860929
0.15170233,0.14991955
0.23156062,0.21139963
0.27628186,0.26549026
0.2893583,0.30444247
0.3068566,0.31275678
0.33245856,0.33352226
0.3443081,0.34643713
0.35557082,0.35185584
0.37500858,0.36606413
0.37998754,0.3814784
0.38512084,0.3820534
0.39411318,0.37766242
0.38977233,0.3800201
0.38318482,0.38324845
0.39082268,0.3563166
0.36650205,0.3293632
0.3186076,0.2993081
0.26480022,0.25117028
0.21823236,0.1951836
0.21505184,0.1718218
0.21187133,0.14334129
0.20869079,0.11467899
0.20551027,0.09953271
0.20232975,0.09963962
0.19914922,0.12003253
0.1959687,0.15503964
0.19278818,0.17903349
0.18960765,0.22168218
0.18642713,0.24429066
0.18324661,0.27583817
0.18006608,0.29130468
0.17688556,0.3005359
0.17370504,0.3131259
0.17052451,0.31698343
0.16734399,0.32247376
0.16416347,0.33370328
0.16098294,0.35799748
0.15780242,0.36699557
0.1546219,0.34779716
0.15144137,0.3136304
0.14826085,0.29138935
0.14508033,0.24795714
0.1418998,0.19444533
0.13871928,0.11522736
0.13553876,0.100082316
0.13235822,0.08532875
0.1291777,0.07886121
0.12599719,0.07407795
0.12281666,0.075892515
0.11963613,0.082004465
0.116455615,0.12030824
0.11327509,0.1366643
0.11009456,0.18772224
0.10691404,0.18404734
0.10373352,0.19471887
0.10055299,0.20306791
0.09737247,0.19525278
0.094191946,0.17370403
0.09101142,0.18156421
0.0878309,0.19120581
0.084650375,0.19541658
0.08146985,0.19995593
0.07828933,0.20620447
0.075108804,0.21313103
0.071928285,0.19077976
0.06874776,0.1493093
0.06556723,0.11960921
0.06238671,0.059482038
0.043559704,0.041052267
0.037238885,0.03394123
0.029102208,0.020879984
0.02788145,0.03345958
0.04176295,0.07677246
0.062073976,0.13484879
0.09660827,0.17547739
0.13722861,0.20254387
0.15886144,0.20533971
0.17349184,0.222078
0.17915337,0.22782958
0.17855312,0.22601368
0.17845339,0.22931886
0.17840773,0.2437099
0.16985822,0.24415368
0.18872382,0.2418194
0.20358345,0.26453683
0.21894974,0.27137494
0.23420215,0.24997751
0.2195964,0.2298143
0.18377048,0.21248905
0.14570858,0.17342651
0.12411509,0.13009198
0.10585949,0.09272176
0.08775405,0.07966253
0.07404028,0.07481741
0.075786024,0.0728247
0.11084932,0.095022246
0.16069393,0.14751266
0.23953184,0.23140138
0.29816133,0.28240648
0.31485096,0.30447733
0.32468006,0.29048422
0.3109191,0.29668882
0.30871698,0.28916967
0.29205352,0.2751525
0.29376832,0.27599788
0.29280624,0.28271192
0.28061125,0.27473536
0.2796224,0.27499297
0.3000765,0.2924063
0.31342694,0.3017195
0.32500753,0.29565147
0.29955995,0.2773244
0.2540178,0.24748899
0.21022694,0.20467278
0.1761475,0.15736747
0.1418864,0.15581436
0.1288898,0.14069375
0.12274398,0.13740772
0.11980155,0.13415694
0.13466023,0.1549148
0.19235973,0.2161523
0.27707124,0.31529868
0.3274286,0.38264322
0.34071845,0.3959604
0.32916632,0.37879038
0.32123595,0.36687136
0.29998693,0.35892066
0.28848714,0.35197344
0.28935143,0.35176823
0.27230626,0.3583924
0.26523465,0.3567761
0.26952374,0.350936
0.28313568,0.36412564
0.29703724,0.37261766
0.3149929,0.35969996
0.296381,0.34669575
0.25331917,0.32124916
0.20063108,0.26851344
0.16177617,0.21998918
0.12962703,0.173676
0.11838497,0.15568815
0.09827512,0.14821854
0.10727091,0.14111102
0.12185258,0.1526213
0.17672122,0.19235432
0.26702568,0.26347643
0.30923605,0.32742336
0.31639344,0.34810835
0.30848792,0.353298
0.29933318,0.36080548
0.27901566,0.35817587
0.26062518,0.35500893
0.2709046,0.3582951
0.26405746,0.37346977
0.25586748,0.37005147
0.26656145,0.36143488
0.2797932,0.3680612
0.28588,0.37087715
0.2999854,0.34134433
0.27894193,0.31158713
0.241145,0.28020397
0.19113801,0.23602733
0.14539775,0.18473276
0.12176145,0.12331405
0.10761154,0.11124697
0.10104618,0.107357554
0.10246028,0.103759825
0.114349015,0.11445048
0.16609201,0.1469366
0.25123775,0.20430353
0.30352676,0.27173334
0.31758994,0.28652564
0.30627242,0.30311638
0.29624996,0.30562717
0.28602558,0.30904704
0.27811298,0.30802092
0.28002647,0.3066272
0.26679736,0.30824015
0.26493394,0.3069327
0.2657648,0.29675692
0.27592096,0.29468876
0.28940624,0.29484478
0.29860303,0.2803857
0.27190202,0.2635818
0.2388653,0.23206967
0.18642348,0.18781766
0.15871854,0.14579846
0.12146285,0.11719148
0.103916205,0.102201104
0.102065586,0.09063076
0.09947238,0.085754216
0.10841334,0.09344609
0.15649979,0.12839912
0.23646657,0.19150999
0.2863427,0.23829097
0.2941265,0.25196403
0.27330044,0.26044005
0.26591837,0.25767258
0.25793454,0.25411734
0.24459255,0.2538476
0.2394472,0.2464543
0.23113687,0.2373525
0.22894067,0.23847854
0.23121578,0.23744981
0.24365893,0.25510058
0.2505305,0.2638993
0.25077373,0.2583621
0.23420615,0.24327911
0.20047367,0.22015171
0.16773592,0.18066707
0.13066077,0.14288291
0.09707327,0.08169387
0.07900107,0.06702184
0.06730203,0.05489412
0.062310293,0.04966581
0.06703591,0.047035057
0.08113539,0.060650337
0.11537606,0.08315263
0.15091085,0.12245654
0.19187047,0.13899042
0.22705431,0.17600138
0.24720009,0.17620295
0.25836897,0.19033737
0.2623161,0.20098267
0.26049337,0.19773096
0.24932083,0.17765425
0.24701764,0.18481232
0.24858838,0.18833427
0.25895682,0.1966963
0.26454574,0.20340706
0.2524524,0.21145357
0.23247284,0.21856895
0.20493373,0.19532923
0.1693252,0.15540373
0.13740627,0.123765886
0.1013528,0.11622663
0.08572996,0.100279965
0.07670761,0.08811932
0.06995656,0.07789667
0.07322415,0.084368
0.081540786,0.10522091
0.11385173,0.1343838
0.14314212,0.15075314
0.17152296,0.17288733
0.18074226,0.19341674
0.18695189,0.2171568
0.19539213,0.22696447
0.19490708,0.22870456
0.18349594,0.23334092
0.17429765,0.23125093
0.16558518,0.23652774
0.18652377,0.24130015
0.20768303,0.26613322
0.23937863,0.2755844
0.24714659,0.27224612
0.22960377,0.25851715
0.20141302,0.23439974
0.1633796,0.19996214
0.12766065,0.16567758
0.10566157,0.10665636
0.09729201,0.10267593
0.100012265,0.10005552
0.10131479,0.1078358
0.12263146,0.13351879
0.17855942,0.19285028
0.26395965,0.27930555
0.3186374,0.32251057
0.32555753,0.32556975
0.32283613,0.3160833
0.3067645,0.31480345
0.30117348,0.30719453
0.303086,0.29964808
0.29923135,0.2998079
0.28410542,0.28576127
0.27383003,0.2736061
0.27596682,0.27382395
0.29516637,0.2793754
0.31330332,0.27526447
0.32217628,0.27499574
0.2890379,0.2627493
0.24908395,0.22034223
0.20401636,0.17344606
0.17446615,0.133395
0.13524884,0.13416263
0.12464103,0.12130792
0.11185802,0.10980589
0.11857888,0.10722214
0.13037,0.12464328
0.17932741,0.17176117
0.26606607,0.24902835
0.30940682,0.28610387
0.31434375,0.28516126
0.3076607,0.29486626
0.29930395,0.29660046
0.30066207,0.29941577
0.28446323,0.30819187
0.29379487,0.31281585
0.2815653,0.2966064
0.271147,0.29811227
0.27570358,0.29894823
0.28808862,0.3104317
0.3036261,0.30275282
0.3137131,0.29237235
0.29429007,0.27670237
0.25081632,0.2386643
0.20803893,0.18612081
0.17396466,0.14630023
0.144514,0.120870605
0.124108784,0.1080833
0.11864441,0.103348024
0.12072581,0.10688241
0.13538887,0.12430045
0.1749023,0.17490184
0.27021512,0.25580817
0.3209729,0.29994687
0.32767448,0.30709568
0.30876607,0.30268133
0.29743078,0.29309043
0.29075348,0.28103077
0.2871233,0.27399743
0.28545532,0.26625067
0.2802278,0.2476301
0.26492572,0.23994961
0.27167678,0.23858409
0.28027138,0.25503263
0.3039371,0.26802245
0.31004626,0.26989853
0.28563145,0.25599462
0.24936803,0.22500014
0.20893568,0.18282513
0.17475787,0.14780162
0.14254951,0.14595209
0.13372031,0.13762276
0.12793268,0.12718067
0.13145818,0.13483694
0.15027793,0.15613392
0.20123287,0.21408153
0.29981518,0.30199122
0.34914818,0.35115194
0.3498088,0.3482925
0.3255369,0.34636748
0.31388468,0.33360383
0.30034742,0.33121702
0.28419653,0.33731127
0.2875864,0.34064162
0.2799812,0.31998888
0.2673892,0.31465027
0.27023575,0.31258696
0.28618318,0.32044727
0.3022009,0.3139447
0.3087865,0.30562925
0.28812855,0.29125097
0.25177783,0.24690157
0.20269185,0.19049689
0.16151579,0.14617102
0.1291884,0.13833465
0.11316246,0.12567918
0.10569863,0.11347643
0.10372612,0.11128864
0.11773524,0.13016497
0.15805525,0.17614113
0.23569572,0.25123012
0.2857524,0.29968843
0.30050293,0.3089641
0.2939097,0.31434488
0.29447153,0.3186642
0.28769737,0.3164666
0.27836,0.30990988
0.27479956,0.30632526
0.2621243,0.28357682
0.25747854,0.27477115
0.2594174,0.26726985
0.26266763,0.26850614
0.26991022,0.27151927
0.261879,0.276522
0.24327092,0.25519076
0.21090704,0.22082107
0.16531676,0.1760146
0.13110551,0.13841185
0.09242273,0.09915857
0.07288486,0.08106561
0.063384525,0.066027455
0.055658974,0.05754301
0.060081407,0.063314915
0.07153266,0.08607373
0.106467955,0.12556756
0.14168142,0.16607377
0.18003751,0.18506579
0.19669658,0.20604926
0.20110697,0.20994088
0.20398979,0.21479912
0.19278747,0.21653576
0.19314988,0.2105675
0.190814,0.19531561
0.18374182,0.19948845
0.19001506,0.19789428
0.20426834,0.20153116
0.21762237,0.21027698
0.21807685,0.21337067
0.20222418,0.2091827
0.18074188,0.18660879
0.15080081,0.14887688
0.11875808,0.11832763
0.08596952,0.09577434
0.07458513,0.077581085
0.06277892,0.06419114
0.061562557,0.053289667
0.064633176,0.055956904
0.07520392,0.07727989
0.10107045,0.106898196
0.14214316,0.13124827
0.17173825,0.15450972
0.18668616,0.17004928
0.19382368,0.18066072
0.19993627,0.18571869
0.18921708,0.18687963
0.1754739,0.18509269
0.16826588,0.18249458
0.17452385,0.18669704
0.1903001,0.18989183
0.22581789,0.22098307
0.2585623,0.2360865
0.26941103,0.23019446
0.24971801,0.21798201
0.21985279,0.20231174
0.1787902,0.17117268
0.14604272,0.13673207
0.122816384,0.09266387
0.10635104,0.07937798
0.10523058,0.07575294
0.10980947,0.080409914
0.13215968,0.10621398
0.18141034,0.15899546
0.27998158,0.25249714
0.33516943,0.2999348
0.34238508,0.31652132
0.32518157,0.30874676
0.3124618,0.30703017
0.29595822,0.29195786
0.28647816,0.27622724
0.27547622,0.2777173
0.2600939,0.2758467
0.25121617,0.26384836
0.26395714,0.27198517
0.28202018,0.28356194
0.31083295,0.29981545
0.3157863,0.29677075
0.3012719,0.2736193
0.2674813,0.24400398
0.22469589,0.19634986
0.18990809,0.1547936
0.17036007,0.14960928
0.16046084,0.137678
0.15449652,0.13400742
0.1585065,0.13915743
0.17994276,0.15746129
0.24008797,0.21300642
0.33409482,0.30209923
0.38350576,0.35060984
0.38914895,0.35728633
0.35481334,0.3380788
0.32775682,0.31946567
0.3065366,0.3079522
0.2810258,0.30405748
0.27937254,0.30445868
0.26716608,0.2948068
0.25816074,0.28983414
0.2722931,0.29185614
0.2843983,0.315389
0.31138048,0.3297571
0.31416205,0.3210981
0.2926173,0.30556074
0.2504564,0.27124834
0.20436805,0.22224091
0.16712688,0.17304337
0.13725802,0.12862562
0.117603995,0.11549397
0.113891475,0.10972247
0.11268581,0.110930964
0.13456528,0.130012
0.18385491,0.1948037
0.27478123,0.29190415
0.32622218,0.34555072
0.32688698,0.35645294
0.32215068,0.33740646
0.31236628,0.32016844
0.2939009,0.31028917
0.28199765,0.30975646
0.27585506,0.30867183
0.2707252,0.3030618
0.2775922,0.30292714
0.28033862,0.29975772
0.2807486,0.32812616
0.30366468,0.33618173
0.3024592,0.32800415
0.27604076,0.3099543
0.23666334,0.28027108
0.18521379,0.22573006
0.15355238,0.17135671
0.12100015,0.08879076
0.10370377,0.07441116
0.0980879,0.06784146
0.09268732,0.07265532
0.112849526,0.09112869
0.16005412,0.13214852
0.24554966,0.20624337
0.29608527,0.2558169
0.3033936,0.27326027
0.29556888,0.28210413
0.28511775,0.28603753
0.27965736,0.27652776
0.27698776,0.28217506
0.28892502,0.28557843
0.29496902,0.2819446
0.2933251,0.27846843
0.29190183,0.28218293
0.2936384,0.28803936
0.30288866,0.29474634
0.2987935,0.2926228
0.27071947,0.26634124
0.23477165,0.22735308
0.18941157,0.17729364
0.14690049,0.13062374
0.11403896,0.088602975
0.09211726,0.07257889
0.07760303,0.06330739
0.08051718,0.059734613
0.09542668,0.07096633
0.13863295,0.11289639
0.21421361,0.18213063
0.2676135,0.24231762
0.28158575,0.26570314
0.28199476,0.2755738
0.28689674,0.2781034
0.28963664,0.28083816
0.28425232,0.27789575
0.27681333,0.28124097
0.26364785,0.27323845
0.2630726,0.2686449
0.2740094,0.26644242
0.27360782,0.2711641
0.27495164,0.27710566
0.25803503,0.27329326
0.23819111,0.2519346
0.2059984,0.22847418
0.1733753,0.18042171
0.13220382,0.1317375
0.09395394,0.07945122
0.07228365,0.057809476
0.057577606,0.037887923
0.046166472,0.029643506
0.051107395,0.029554995
0.0674669,0.035679623
0.09067642,0.054347917
0.125755,0.09961249
0.1580841,0.12764324
0.17819797,0.1702317
0.20050403,0.1808278
0.21026553,0.19447175
0.21494262,0.21704806
0.2283104,0.22160017
0.23098768,0.22359629
0.23065048,0.24054393
0.24340618,0.2575673
0.24284929,0.24690826
0.253924,0.24975424
0.23938169,0.24774872
0.21300851,0.23293431
0.18055676,0.21573864
0.14676484,0.16339031
0.11190062,0.120960295
0.07581487,0.09260777
0.05262159,0.075107425
0.029977564,0.05955129
0.029848037,0.054458827
0.026826324,0.051111486
0.035405643,0.047021538
0.05670359,0.053716227
0.09042309,0.09497728
0.12850256,0.11888468
0.16111536,0.17666252
0.17970777,0.18102212
0.19656762,0.19879952
0.20519145,0.21584363
0.20413442,0.206716
0.19712088,0.185349
0.20574586,0.20165014
0.22111061,0.20594607
0.24172902,0.21357146
0.25543895,0.21905108
0.23950624,0.23009326
0.22118893,0.22464573
0.19035016,0.19837229
0.15275154,0.15269053
0.12586829,0.11729443
0.099770784,0.0904053
0.08531883,0.0751331
0.08160364,0.065078065
0.07729946,0.061587036
0.10062111,0.075581
0.14445764,0.10630438
0.23228887,0.1656278
0.2914103,0.22407731
0.3063467,0.24217135
0.30723125,0.2489136
0.32105696,0.24378419
0.32282794,0.24278632
0.32916996,0.24064882
0.32641742,0.24315402
0.30958965,0.23218463
0.30194092,0.23489493
0.31031772,0.23624758
0.32419044,0.23828371
0.33198094,0.25678378
0.32784623,0.25969943
0.30887613,0.25599605
0.26695767,0.22664276
0.22471462,0.18384314
0.16882831,0.1482783
0.16330738,0.13937259
0.1490205,0.1215171
0.1280028,0.11121068
0.14499886,0.11087771
0.16458888,0.12778503
0.22121969,0.17362268
0.30424622,0.2504624
0.3671663,0.29016253
0.37553528,0.30712795
0.35747856,0.30974472
0.33529818,0.30831107
0.31786045,0.30658993
0.30446324,0.30160868
0.29262817,0.29911804
0.2829897,0.2834482
0.2801944,0.28465554
0.29097947,0.2892475
0.3100852,0.3097081
0.32290435,0.32037205
0.32530478,0.32769328
0.32238567,0.32160744
0.3012803,0.296409
0.25128686,0.2514869
0.21881868,0.21419951
0.19491263,0.18450862
0.1806414,0.16978465
0.16428494,0.15831834
0.18103208,0.16516824
0.20394337,0.18104175
0.26042458,0.23777209
0.34296623,0.33060676
0.41355154,0.39246124
0.4156526,0.40166757
0.38760898,0.39345276
0.37339428,0.35899702
0.3669443,0.34480992
0.35867393,0.34187207
0.3556121,0.33620298
0.3416836,0.31672624
0.32951304,0.3203338
0.33598843,0.3270957
0.36997348,0.3527061
0.41196895,0.38077748
0.41628,0.38665798
0.39483818,0.38950935
0.3675524,0.3677368
0.31731713,0.3185209
0.29334402,0.2809743
0.25968832,0.2359633
0.26119965,0.22626206
0.2632778,0.22427726
0.2681681,0.23108992
0.2838882,0.24380182
0.35437128,0.2844163
0.45113906,0.35203734
0.5141925,0.4110726
0.51191604,0.42726138
0.46164733,0.4122483
0.41615945,0.3878806
0.3851044,0.3615671
0.36179057,0.33207333
0.34225804,0.31483543
0.32646537,0.30062652
0.31755382,0.286502
0.32388496,0.28290635
0.3544794,0.29996526
0.39795408,0.3249135
0.40758586,0.335459
0.39716336,0.3304833
0.36378908,0.30452535
0.3215403,0.27470416
0.29350412,0.23790681
0.26631978,0.24425359
0.26083857,0.2313259
0.24944521,0.22052068
0.26246703,0.22726491
0.2728492,0.24036458
0.34060916,0.28049108
0.43415865,0.35994217
0.48586518,0.40695086
0.4918954,0.42067632
0.4424369,0.38846028
0.39707834,0.35770515
0.35655278,0.32061556
0.32784888,0.28904086
0.30712768,0.27555943
0.28317216,0.26199728
0.27357554,0.24839124
0.28407237,0.25322536
0.29607916,0.2868689
0.32903755,0.32334936
0.32578486,0.32988563
0.31241593,0.3174964
0.28815472,0.28891852
0.24771953,0.26110274
0.20591952,0.21635157
0.177259,0.20795368
0.16209082,0.19183792
0.1533306,0.17845312
0.1598069,0.17969629
0.16988802,0.18431973
0.20126401,0.19562702
0.23544316,0.23427805
0.27872127,0.26146498
0.31414965,0.28115788
0.3207385,0.2827422
0.30836394,0.27590948
0.29912952,0.2526097
0.26804602,0.22858213
0.23757443,0.21234217
0.2199611,0.19038065
0.21605314,0.1763075
0.22828099,0.17787893
0.24830565,0.2006747
0.2658519,0.22458814
0.26425096,0.23339678
0.24274594,0.22313674
0.21861234,0.19533165
0.18248628,0.17426229
0.15146679,0.1440298
0.122952215,0.152145
0.10572595,0.13425109
0.089174636,0.13356587
0.09324765,0.12722585
0.09259181,0.13415132
0.10771126,0.16124104
0.12724645,0.20194964
0.16999958,0.22103024
0.20685983,0.24664797
0.22082882,0.22157158
0.21149641,0.22382054
0.19332048,0.19938852
0.18829167,0.17541118
0.18137959,0.16425931
0.17812021,0.17221563
0.17540035,0.16556999
0.19292578,0.16255501
0.22454898,0.1959667
0.26283514,0.22971644
0.25902063,0.2359684
0.24601352,0.21995316
0.23891133,0.20822947
0.20871599,0.18777263
0.17399293,0.15084721
0.14862522,0.12588228
0.14076842,0.12416728
0.13638477,0.12600219
0.13619755,0.13695806
0.15063116,0.16370419
0.17836073,0.22070426
0.24071343,0.30829707
0.3409813,0.3768324
0.37977567,0.3888885
0.37905428,0.39010406
0.347399,0.38526368
0.3287957,0.37833166
0.31341854,0.3658743
0.30752775,0.3544575
0.29824042,0.3346215
0.28706464,0.3191497
0.29221323,0.30980772
0.3211412,0.31472912
0.36258972,0.31842178
0.3536432,0.31744468
0.33785853,0.2965765
0.30853263,0.24952602
0.26408648,0.20777361
0.22013687,0.16486305
0.18402915,0.18302973
0.15824781,0.16370411
0.14574717,0.15390697
0.13343413,0.14950964
0.1259149,0.16606139
0.1543668,0.22496428
0.20221712,0.31408533
0.2881662,0.3671674
0.3285699,0.38387248
0.328806,0.38743395
0.3181596,0.39507765
0.3062619,0.39391282
0.30043855,0.38376784
0.29287443,0.3854885
0.28528985,0.36840722
0.2804735,0.3568835
0.27989274,0.34466773
0.29492182,0.35895965
0.32716992,0.36266196
0.32849023,0.35005543
0.308571,0.31891093
0.2788275,0.28267822
0.23716865,0.23468247
0.19684024,0.18554184
0.1625778,0.12384665
0.14322446,0.10477479
0.12931946,0.09631743
0.1140359,0.10329844
0.1299753,0.12212036
0.14427672,0.15109019
0.20255718,0.22421275
0.29637107,0.29376808
0.34496683,0.3355975
0.3334017,0.3486982
0.31883076,0.34536836
0.30893552,0.33184922
0.29857683,0.31465775
0.29750127,0.30926615
0.29403827,0.29521373
0.2874064,0.28886035
0.29828933,0.29712635
0.32618186,0.32271776
0.37192994,0.36277246
0.3658548,0.3804025
0.3649311,0.3640888
0.34412912,0.33706334
0.3112179,0.30068344
0.26270753,0.2606114
0.2249775,0.21190576
0.22271898,0.19512044
0.22046049,0.18227771
0.218202,0.17972222
0.21594349,0.19301173
0.21368499,0.23072007
0.2114265,0.31179875
0.20916799,0.3692987
0.2069095,0.39197603
0.204651,0.37354225
0.20239249,0.36438474
0.200134,0.34796944
0.1978755,0.32716087
0.19561699,0.33257604
0.1933585,0.33043548
0.1911,0.3202656
0.18884149,0.32204044
0.186583,0.3444993
0.18432449,0.36472273
0.182066,0.36386895
0.1798075,0.34603354
0.17754899,0.31724218
0.1752905,0.27148467
0.173032,0.21552715
0.17077349,0.15072043
0.168515,0.13508092
0.14883861,0.12614474
0.13657582,0.118890375
0.14303266,0.1148552
0.16510738,0.13615175
0.20374355,0.16681841
0.27821788,0.21036974
0.33310923,0.2383354
0.35698548,0.27318978
0.36484325,0.28184032
0.36124763,0.29834786
0.35642803,0.3036226
0.34822717,0.2948527
0.34368286,0.29030433
0.32332748,0.30129048
0.29813096,0.29611003
0.32428253,0.32656786
0.36618894,0.35051128
0.35929957,0.34515756
0.3394973,0.33808845
0.32894814,0.31743008
0.2995334,0.292298
0.26153913,0.2571737
0.220714,0.23477362
0.19324483,0.21038026
0.17798764,0.19905078
0.17046955,0.18483987
0.17299742,0.18604003
0.1925695,0.2099055
0.21875602,0.24847098
0.2553845,0.30115443
0.29482096,0.34689742
0.29388618,0.33319676
0.28170323,0.33422798
0.25535318,0.3199767
0.24273467,0.2888144
0.24049565,0.27352437
0.23935455,0.28253326
0.23569839,0.2740485
0.252337,0.26234788
0.27714002,0.29006833
0.3087122,0.32346177
0.3009299,0.31353146
0.29000098,0.30184543
0.27791697,0.2918809
0.25381854,0.27352858
0.22234875,0.22929992
0.20416862,0.22289918
0.1851924,0.20153788
0.17801227,0.18701461
0.17669046,0.18437168
0.18346576,0.18848437
0.19969077,0.21258123
0.22505505,0.24696133
0.26402056,0.29463133
0.29764992,0.3347595
0.30839622,0.3414821
0.29760998,0.3290877
0.29409155,0.33103502
0.2861868,0.32758078
0.2715801,0.32358944
0.26136413,0.31003085
0.25864294,0.31527907
0.26439178,0.32160473
0.31090727,0.36149356
0.37232885,0.40352592
0.3771922,0.41475016
0.37045872,0.42182478
0.3554025,0.41212246
0.3331396,0.3814995
0.3000706,0.34197006
0.2714756,0.28719193
0.25951046,0.2680637
0.2686824,0.27092886
0.27000517,0.26494017
0.29037598,0.27654344
0.3193307,0.31155905
0.3822873,0.3758194
0.47277135,0.4546935
0.5238249,0.4961113
0.49601027,0.47208536
0.4519592,0.4550888
0.4157829,0.42154256
0.39113158,0.37861505
0.36449438,0.35686535
0.35817128,0.3647495
0.3530307,0.3474421
0.34924617,0.33865333
0.3811143,0.3654451
0.42782944,0.40501624
0.4285061,0.40175626
0.42225483,0.39185268
0.39973402,0.37643892
0.36661476,0.35116538
0.3221245,0.30389285
0.28597665,0.31874764
0.26371625,0.29444394
0.25800142,0.27969208
0.25567088,0.27014217
0.23953184,0.27558655
0.26633543,0.3120526
0.3123659,0.38040787
0.40246746,0.46465182
0.42589304,0.51250875
0.40157318,0.49319255
0.3791949,0.47118193
0.36015832,0.44428173
0.34071425,0.40786275
0.32914415,0.39097768
0.32381237,0.3934219
0.31852108,0.37711653
0.3231527,0.36708766
0.3493778,0.40636048
0.40179384,0.46331853
0.4065447,0.44729745
0.39640722,0.42490688
0.38083595,0.40874094
0.35103777,0.38704962
0.31715205,0.33633837
0.28589374,0.25844955
0.26755294,0.23103347
0.26139852,0.21989879
0.26681724,0.21139032
0.26495975,0.21115714
0.2976249,0.22987272
0.36387026,0.2746877
0.46147883,0.36506307
0.49770367,0.42598304
0.47821793,0.4222477
0.42828202,0.4024787
0.3914237,0.38561764
0.35972846,0.36466154
0.34120062,0.3461964
0.33818427,0.35796428
0.33270633,0.3525958
0.33316463,0.34765786
0.36262295,0.39100745
0.39837953,0.44561905
0.39904895,0.4331345
0.38255054,0.41199222
0.35571256,0.402709
0.32310265,0.3719225
0.27378494,0.31116602
0.24092034,0.29289144
0.21786328,0.25569633
0.21792765,0.23247147
0.21520358,0.22618648
0.22291768,0.22493887
0.25475943,0.23712915
0.3194392,0.29586855
0.40947545,0.34759852
0.45570707,0.4154751
0.42565042,0.3989426
0.36772874,0.40131497
0.34049472,0.37320307
0.3194866,0.34328634
0.30082425,0.3436492
0.30149788,0.35213104
0.28909045,0.33397692
0.28811824,0.34259892
0.30494064,0.38219333
0.35003614,0.4276808
0.34502605,0.41011298
0.34151778,0.379027
0.32383126,0.35414973
0.2927128,0.33149666
0.2518594,0.2695922
0.22190171,0.24444641
0.20465443,0.22174866
0.18814935,0.21227077
0.17194344,0.20263937
0.19247703,0.21107444
0.20828633,0.24301569
0.2659352,0.29829195
0.33354747,0.34389436
0.38653472,0.37490907
0.37938383,0.35533828
0.3566206,0.35044503
0.32870054,0.33463117
0.31452006,0.3121798
0.29974315,0.2974379
0.29090098,0.2991313
0.28620362,0.294129
0.2765734,0.2813076
0.29671592,0.31834742
0.3201988,0.3506803
0.30494237,0.33546162
0.27801573,0.30459812
0.2569138,0.28294972
0.22678685,0.2563498
0.1889737,0.21137452
0.14603488,0.1375451
0.10679101,0.113415465
0.096121885,0.09878085
0.08093441,0.08570762
0.07758258,0.079261005
0.08134,0.092919596
0.10974567,0.11256977
0.15615533,0.15073371
0.19652502,0.19150172
0.23360457,0.22021167
0.24571301,0.22371846
0.2293875,0.23162767
0.22289513,0.23010932
0.21191747,0.21910352
0.21077083,0.21871029
0.20880692,0.22631791
0.21919905,0.22441967
0.26230866,0.2582704
0.31224477,0.29682672
0.30620858,0.29033947
0.30174088,0.28677392
0.29484406,0.2814065
0.28131887,0.2594238
0.2570779,0.22877258
0.22062096,0.20923783
0.20488368,0.18960707
0.19473208,0.17935947
0.18890053,0.17005041
0.18530874,0.1589933
0.19875085,0.15571085
0.21842092,0.14340155
0.2588269,0.17007595
0.29396605,0.21628334
0.3011607,0.24837045
0.2843765,0.2702861
0.2604695,0.27436915
0.2411406,0.26639074
0.23263274,0.26036215
0.22251171,0.26793733
0.21925616,0.2685164
0.23106351,0.27154952
0.272474,0.3056952
0.32379305,0.34648076
0.31886286,0.3419058
0.3196379,0.32229146
0.30417016,0.3089762
0.27652124,0.29239112
0.24105693,0.2578078
0.22246261,0.22638024
0.20628479,0.21060999
0.20406373,0.20227548
0.21474949,0.2054101
0.22397299,0.21628684
0.25518584,0.24256591
0.31926575,0.29407525
0.41783583,0.3392415
0.47414282,0.37158838
0.4534633,0.37385714
0.41690528,0.37300086
0.3993613,0.3660306
0.3764225,0.35545292
0.36478937,0.35151646
0.36563683,0.34627366
0.36726204,0.34299025
0.37198612,0.34840256
0.4099376,0.37984762
0.46022692,0.41132277
0.45412067,0.41756183
0.44656113,0.4071259
0.4241473,0.3856103
0.38908952,0.35239077
0.35005295,0.31013614
0.31558493,0.3228938
0.28528816,0.30449325
0.27763575,0.29497826
0.27196908,0.29182193
0.28128695,0.3009904
0.31055593,0.33259046
0.36134908,0.4016584
0.44550142,0.4754152
0.49475205,0.50634843
0.5008377,0.50567305
0.49931777,0.49253803
0.5108774,0.48376057
0.5009212,0.47212467
0.50384796,0.45323217
0.5031275,0.44343635
0.49681264,0.4392796
0.48724106,0.43054563
0.49632913,0.46058634
0.50429404,0.48743266
0.49101472,0.4781162
0.4656468,0.45359847
0.42430928,0.41989535
0.38057917,0.3777252
0.32820806,0.31914437
0.2825677,0.31217444
0.2432734,0.2789449
0.2192319,0.25548017
0.20746809,0.24612579
0.20580241,0.24583301
0.21440732,0.2704169
0.25560784,0.33513924
0.33140323,0.3944768
0.37655833,0.42620525
0.38825488,0.43366224
0.37702638,0.42054266
0.37250385,0.4031246
0.36879495,0.3883051
0.367348,0.3732404
0.36619142,0.3621618
0.3580771,0.35289916
0.35256937,0.35035682
0.36398432,0.37062058
0.38799658,0.3948797
0.369084,0.38480163
0.35312223,0.36950085
0.32372773,0.34665367
0.29062605,0.3119695
0.24198884,0.26911598
0.19999588,0.23996209
0.1619122,0.2100173
0.13850686,0.18974823
0.1335029,0.18210372
0.12451991,0.18293005
0.13688721,0.2053414
0.15508702,0.2554594
0.18452987,0.30987
0.22542052,0.34471363
0.25926802,0.3512355
0.28743488,0.33889082
0.29606962,0.32937065
0.2853,0.32273892
0.25203076,0.31409377
0.21609613,0.30489615
0.1939555,0.30475637
0.17930505,0.30888218
0.19679381,0.34082702
0.22003657,0.3803176
0.21902634,0.38170546
0.21405065,0.3769863
0.21724391,0.3621783
0.20310928,0.32985842
0.17522554,0.2882304
0.14828688,0.18692656
0.1263222,0.16795939
0.116330504,0.15742767
0.10853045,0.15424073
0.10826337,0.15463962
0.12087368,0.17619622
0.15665855,0.21046722
0.20385778,0.24122113
0.23938034,0.28039306
0.2675661,0.28439075
0.2690402,0.286684
0.2607016,0.2757048
0.24262615,0.25228727
0.23375893,0.24728552
0.22975641,0.24984409
0.23151074,0.24781129
0.2438087,0.25557303
0.2865859,0.28775343
0.34074444,0.32881886
0.3422886,0.33546823
0.34385267,0.32853004
0.34234917,0.31663024
0.32738006,0.30202472
0.29579526,0.2733058
0.26756802,0.2892002
0.24247657,0.27759382
0.234103,0.27818912
0.23002979,0.2780472
0.23388216,0.28872097
0.25429693,0.31047902
0.2756877,0.35252854
0.31941265,0.4173601
0.35366976,0.45600703
0.36897203,0.47203237
0.3624814,0.46191445
0.3392503,0.4537181
0.3232467,0.44099408
0.29309756,0.428191
0.2758247,0.4166603
0.27096304,0.41623554
0.28327075,0.42184043
0.33267826,0.4608079
0.3919011,0.509398
0.4011317,0.5096105
0.3952371,0.4989445
0.3893996,0.48037556
0.37198457,0.44654793
0.33765757,0.40569368
0.30907154,0.30046803
0.27894878,0.28250074
0.26579344,0.27640462
0.25577977,0.27732235
0.25565216,0.2874452
0.26685372,0.31482518
0.2777861,0.3705138
0.3111709,0.4361171
0.34457195,0.47175217
0.35920176,0.48620307
0.35078847,0.48120344
0.33576435,0.4825235
0.32270184,0.47633177
0.31528252,0.4696138
0.3204571,0.45011652
0.32487705,0.44992575
0.32937437,0.4435343
0.36595434,0.47153503
0.39199242,0.49410248
0.38333097,0.49502346
0.35754505,0.47625893
0.34477407,0.43809098
0.3090345,0.3886915
0.2679419,0.33072537
0.23019542,0.25613338
0.23379868,0.23830421
0.23740195,0.22396797
0.24100521,0.22813511
0.24460846,0.24100867
0.24821173,0.2732395
0.251815,0.34960073
0.25541824,0.45470077
0.25902152,0.5084852
0.26262477,0.52122533
0.26622802,0.4992128
0.2698313,0.47872698
0.27343455,0.45117915
0.2770378,0.4325721
0.28064108,0.4169948
0.28424433,0.4049935
0.28784758,0.40156734
0.29145086,0.4268699
0.2950541,0.4746474
0.2986574,0.48146906
0.30226064,0.46450555
0.3058639,0.44347042
0.30946717,0.4136619
0.31307042,0.36968622
0.31667367,0.2818225
0.32027695,0.26809213
0.3043511,0.2583373
0.30263382,0.2581327
0.30586585,0.2674302
0.3314441,0.28613693
0.38600785,0.34833467
0.48196313,0.43140775
0.52626485,0.46860835
0.5225518,0.47144032
0.5019964,0.44454622
0.5040745,0.42085093
0.4844037,0.39145824
0.4889268,0.37699407
0.49268556,0.37003452
0.484811,0.36421826
0.5030872,0.36897975
0.5547177,0.3924423
0.60998654,0.44684398
0.6106128,0.44697043
0.6005772,0.44473174
0.5819846,0.42931417
0.54175895,0.4063086
0.48907927,0.37140274
0.44555834,0.478719
0.4207733,0.44844824
0.40566167,0.43045086
0.40813738,0.4097442
0.41203427,0.40269834
0.44145226,0.4277114
0.49862352,0.4651237
0.58648723,0.498895
0.6348667,0.55619556
0.6190691,0.5572189
0.59354264,0.5579324
0.57062215,0.5446222
0.5368417,0.52237576
0.5220778,0.5034616
0.5183954,0.5051904
0.5245137,0.50231624
0.5358005,0.49718493
0.57192564,0.56155723
0.60815483,0.6096474
0.6043438,0.56740034
0.58169913,0.5311198
0.5573497,0.524883
0.50829655,0.5009244
0.44162574,0.44365263
