true,forecasted
0.16932602,0.16253053
0.1444091,0.12629226
0.12495,0.11071534
0.11789411,0.10087092
0.12569965,0.09924099
0.15032482,0.11977135
0.19248603,0.15247786
0.23896408,0.18852538
0.27401835,0.21938388
0.2919761,0.25394046
0.320542,0.27166024
0.33456197,0.29647717
0.34645525,0.3121318
0.35713905,0.33177397
0.35798502,0.33967143
0.35418522,0.3473243
0.3649566,0.3516947
0.3667023,0.3516925
0.35086948,0.344832
0.3239008,0.33878937
0.30162895,0.32371294
0.30398405,0.30011597
0.24580817,0.25633064
0.20290859,0.20034778
0.15921755,0.14174151
0.12475482,0.11559164
0.10985103,0.100656405
0.110234715,0.09379798
0.11217398,0.09420886
0.1377613,0.11912355
0.18438588,0.15599772
0.22690314,0.19140673
0.26404062,0.2221319
0.28273344,0.25448152
0.30266574,0.27219743
0.31103256,0.28975266
0.32138634,0.3040369
0.32865387,0.32338136
0.325853,0.3313923
0.32475832,0.3332095
0.33753666,0.34399253
0.32647407,0.33805555
0.31187227,0.33126426
0.29024494,0.32437116
0.29538444,0.30281943
0.30199343,0.28185228
0.25626,0.23511463
0.19681023,0.17863235
0.14876924,0.12112433
0.12403989,0.098994866
0.11715685,0.08850002
0.09429129,0.0823466
0.11975438,0.08963174
0.14080706,0.12805842
0.18208787,0.17549577
0.22993721,0.22585282
0.26876894,0.25574118
0.30547372,0.28117448
0.3217691,0.3002129
0.33181366,0.3119458
0.3465811,0.32132146
0.36389637,0.3364777
0.3653908,0.3380385
0.36396912,0.3349914
0.3639247,0.33916086
0.36840948,0.33496705
0.36226192,0.33318517
0.33530402,0.3263486
0.30410773,0.3052491
0.29054838,0.2823491
0.24922782,0.23312974
0.18992174,0.17921674
0.14420453,0.12019116
0.11882888,0.09477594
0.086344235,0.079153776
0.07849987,0.070064925
0.07784364,0.071179435
0.08086055,0.08588612
0.08859091,0.10427569
0.119494505,0.13215797
0.15457042,0.16563286
0.19335108,0.20360419
0.22884363,0.23127292
0.2555346,0.24800418
0.28164968,0.26515853
0.30269298,0.28750584
0.32277384,0.3003239
0.35655624,0.3097682
0.3871791,0.31976694
0.39713463,0.3243425
0.39589438,0.31737453
0.3687267,0.31050757
0.33692428,0.29007733
0.3074315,0.27306744
0.25392017,0.227597
0.19935723,0.17271227
0.15317011,0.16109994
0.11524714,0.12626289
0.0955287,0.09922155
0.083748065,0.08709471
0.07170046,0.08153583
0.07160662,0.090153396
0.07204261,0.09257485
0.09516763,0.12308867
0.12962872,0.17730603
0.17447968,0.2355847
0.22224757,0.2964255
0.2705096,0.35074562
0.30840725,0.39901146
0.34114277,0.44276878
0.32842588,0.47879636
0.3224776,0.50137734
0.30785263,0.5225849
0.2952323,0.5351584
0.28292045,0.5289918
0.27586457,0.5054479
0.24956806,0.46139753
0.24288811,0.4364516
0.20580252,0.37263277
0.16734685,0.3024142
0.1478003,0.13797638
0.1412598,0.112593494
0.119180284,0.09442332
0.11057686,0.08846778
0.10958612,0.09265909
0.1634927,0.119717345
0.21059237,0.15531723
0.25805,0.19453233
0.29385895,0.22720608
0.30498078,0.26594427
0.3266397,0.3015589
0.32447338,0.3212589
0.3416745,0.34692192
0.35047585,0.363334
0.3280862,0.36699504
0.3361621,0.36533254
0.3031182,0.3687871
0.29392597,0.37031576
0.2911853,0.3667674
0.2742334,0.36061174
0.27212295,0.3308403
0.27136686,0.30604705
0.23478197,0.25484997
0.20462449,0.20101932
0.16422288,0.14275102
0.14063817,0.11673876
0.12769014,0.100274906
0.12072197,0.09696002
0.13133357,0.10546111
0.16412196,0.13659202
0.19870618,0.17816101
0.24230188,0.22058597
0.2741566,0.25060627
0.28935552,0.2822127
0.3041163,0.3125382
0.3024719,0.32779312
0.31246585,0.34514126
0.33030495,0.36059773
0.31532544,0.36362255
0.2870816,0.36487532
0.2786366,0.3729214
0.28619888,0.36827314
0.2770031,0.35614347
0.26112083,0.3474543
0.26593766,0.32832497
0.27461177,0.30418915
0.23095356,0.24742672
0.20767981,0.191253
0.1779402,0.15215668
0.16167112,0.119315445
0.14824104,0.10341552
0.14391823,0.09939639
0.1501404,0.11047647
0.16577914,0.14179882
0.21711883,0.18352436
0.2353487,0.23023331
0.26992545,0.26190108
0.30230984,0.29396173
0.31405124,0.328442
0.32374483,0.3480875
0.3345929,0.37189576
0.33516973,0.3873862
0.32694358,0.38750494
0.33056864,0.3869528
0.32567418,0.39725095
0.32960227,0.39263815
0.32778928,0.38401142
0.31277406,0.3739382
0.29823804,0.35281384
0.29372412,0.32498446
0.2507901,0.27085772
0.22319037,0.21376458
0.17937838,0.17723137
0.15814003,0.14592662
0.13947132,0.12721702
0.13100123,0.12320121
0.14305769,0.13292937
0.17244942,0.16722067
0.19477277,0.21466161
0.24141833,0.26143697
0.2685841,0.30002168
0.29716516,0.3317019
0.3361967,0.37009707
0.33600464,0.39593375
0.3645281,0.42173168
0.38603732,0.44171855
0.39306474,0.4464255
0.37993652,0.4488746
0.39576185,0.45686874
0.40054423,0.45202658
0.36634707,0.4387366
0.36159155,0.42143553
0.33053854,0.3978578
0.30664667,0.36735004
0.25886777,0.30140364
0.21024641,0.24061748
0.20849527,0.17917207
0.20674413,0.14337102
0.204993,0.12741047
0.20324185,0.12198256
0.20149072,0.13041258
0.19973956,0.16357088
0.19798842,0.21228532
0.19623728,0.25862348
0.19448614,0.289175
0.192735,0.32036862
0.19098386,0.35064557
0.1892327,0.37264764
0.18748157,0.39480135
0.18573043,0.41023442
0.18397929,0.40919387
0.18222815,0.41036192
0.18047701,0.41438803
0.17872587,0.40831903
0.17697471,0.39319494
0.17522357,0.37990433
0.17347243,0.36534154
0.1717213,0.33156058
0.16997015,0.27511308
0.16821902,0.21615314
0.16646786,0.11103231
0.16471672,0.085371226
0.16296558,0.069776244
0.16121444,0.06416808
0.1594633,0.069201335
0.15771216,0.08307879
0.15596102,0.10735519
0.15420987,0.13312103
0.15245873,0.16675837
0.15070759,0.19913742
0.14895645,0.22711086
0.14720531,0.24676065
0.14545417,0.2650469
0.14370303,0.28556997
0.14195187,0.2956534
0.14020073,0.30126637
0.1384496,0.30950356
0.13669845,0.31511173
0.13494731,0.30775607
0.13319618,0.3006178
0.13144502,0.28360885
0.12969388,0.26395273
0.12794274,0.21663222
0.1261916,0.16906674
0.12444046,0.080792695
0.09107621,0.06088757
0.073231526,0.046706475
0.051134158,0.04254035
0.043537416,0.05360039
0.04877784,0.07016984
0.048146266,0.09472874
0.067902975,0.12897885
0.1130811,0.1654791
0.15825717,0.1997301
0.19193114,0.23866796
0.21299623,0.2609282
0.24629115,0.2835128
0.2884397,0.30543
0.3121098,0.32044214
0.33478904,0.3267237
0.37720126,0.3409359
0.38444048,0.3494421
0.3821998,0.34043252
0.35808048,0.333448
0.32864177,0.3122124
0.3148961,0.29322436
0.27409068,0.23512104
0.21415913,0.18647209
0.17290217,0.18627211
0.1338483,0.15244128
0.11006569,0.13002612
0.11025651,0.12627953
0.122898094,0.1382181
0.15100093,0.17906427
0.19010276,0.23056145
0.22665633,0.29440486
0.2834386,0.3490953
0.33535182,0.39261445
0.38053906,0.45381874
0.41580445,0.50243735
0.45614013,0.5448774
0.50921,0.57824165
0.5317555,0.5940199
0.55083174,0.6048703
0.5574173,0.6197154
0.5562299,0.6168194
0.5285287,0.6121891
0.4941929,0.5818226
0.46770215,0.5373958
0.4561186,0.5001072
0.4008214,0.4180463
0.33656228,0.33994707
0.27500406,0.26971895
0.22673343,0.22272566
0.20906144,0.19505353
0.19312811,0.18255554
0.19337381,0.18718997
0.22310838,0.22107646
0.26241177,0.28004333
0.32210317,0.34204516
0.3814455,0.3922501
0.44419482,0.43905273
0.49401897,0.48744816
0.5394721,0.54388726
0.5798387,0.5865337
0.62824184,0.6136251
0.6465993,0.6182411
0.6572853,0.6325953
0.65090364,0.6370928
0.6541359,0.63090694
0.62931526,0.61815745
0.58951974,0.590183
0.5480313,0.55625397
0.5183239,0.5083108
0.45364174,0.43058884
0.38762683,0.35142893
0.3176025,0.33118325
0.27684906,0.28115287
0.2308149,0.25119665
0.20268562,0.23889117
0.19808018,0.2327697
0.22066025,0.25695002
0.25992757,0.3093719
0.3225084,0.37022707
0.38564777,0.4281268
0.44229054,0.4726904
0.4967023,0.5246054
0.54581696,0.56896174
0.58387494,0.60564864
0.6371411,0.62575036
0.6539231,0.6269717
0.66877556,0.63357717
0.69095916,0.6348817
0.6744531,0.62780404
0.64858365,0.6265368
0.6082687,0.59771043
0.56117827,0.558837
0.52151585,0.51281977
0.45442274,0.44571117
0.3686078,0.36929008
0.29570875,0.30900306
0.25111657,0.2600875
0.22068831,0.2262069
0.20240451,0.21357018
0.20443366,0.20502567
0.22239059,0.21994126
0.25146618,0.25630236
0.28814495,0.30679265
0.33786258,0.35999694
0.37142053,0.41512427
0.39541152,0.46887153
0.40976286,0.52064174
0.43401825,0.5637452
0.4532014,0.58743995
0.4794343,0.6001272
0.486228,0.60532826
0.48138678,0.6187699
0.4722308,0.6163373
0.44814947,0.6117525
0.4193325,0.5750847
0.3952948,0.537898
0.39162195,0.491951
0.35286212,0.42416912
0.28851447,0.35043085
0.23999992,0.21387093
0.20521016,0.17534906
0.17974639,0.14740762
0.17931026,0.13069314
0.17827457,0.13035016
0.19740748,0.14267267
0.2510945,0.16021492
0.29489002,0.1936495
0.32983968,0.23608775
0.35258958,0.28811884
0.38568634,0.32988113
0.39406,0.36464506
0.42275244,0.400195
0.4319402,0.4266841
0.43050665,0.44236082
0.4199055,0.4511903
0.41634816,0.46054077
0.41538915,0.4715938
0.3981842,0.45956588
0.3748515,0.43140924
0.35982892,0.40616524
0.33463186,0.37005588
0.2865469,0.31714046
0.24158587,0.25765684
0.2008635,0.17074522
0.16550756,0.1366167
0.13560246,0.11222687
0.13323662,0.09888874
0.13175404,0.09929307
0.13516253,0.10634953
0.14538513,0.11453894
0.18239854,0.13487145
0.22436185,0.17770502
0.2481145,0.22016639
0.2975355,0.26229745
0.32303426,0.28581935
0.3262966,0.31432924
0.3438411,0.33827415
0.36900073,0.35560971
0.39109838,0.36482394
0.42602664,0.37346157
0.45827878,0.3853364
0.46013784,0.37164152
0.45438814,0.35359663
0.40955406,0.3319626
0.39568204,0.3090068
0.3479242,0.26114693
0.2823258,0.21038073
0.23033424,0.21569502
0.17851089,0.17399266
0.14351384,0.14538035
0.1315842,0.12865916
0.119552664,0.121628486
0.11677861,0.12939759
0.11954,0.14132804
0.15116684,0.16658755
0.2079439,0.21824598
0.28750166,0.27414554
0.3701026,0.32524365
0.4295896,0.37191612
0.47744575,0.41445133
0.53494877,0.44939268
0.57067466,0.4709463
0.59150875,0.48759264
0.6170787,0.49710208
0.63661957,0.50663054
0.60899985,0.5025752
0.5679003,0.47842252
0.5174675,0.43914038
0.46162218,0.406749
0.4009907,0.35455817
0.33136895,0.28772044
0.2766494,0.26869142
0.2423595,0.22200096
0.21331903,0.1944724
0.2025181,0.1758023
0.2130834,0.17593902
0.2467447,0.20399098
0.2892008,0.24487507
0.34446016,0.29497004
0.38601378,0.35596082
0.42619225,0.4113778
0.4585034,0.4670302
0.4862254,0.5261568
0.5238628,0.5731353
0.53110427,0.6114867
0.5361886,0.6289141
0.5192009,0.6453756
0.49627858,0.6599865
0.48938614,0.65496844
0.47392392,0.6488456
0.43885633,0.6128896
0.39590132,0.56097734
0.3876907,0.52157235
0.34135854,0.44938236
0.29962772,0.36647284
0.25485194,0.22624207
0.21571144,0.18792382
0.20242208,0.16740812
0.19850595,0.15097554
0.19640571,0.1526505
0.21905537,0.1829499
0.26412085,0.23298572
0.30200297,0.27730158
0.32343608,0.3119904
0.3475457,0.35838753
0.36205286,0.38778087
0.37310088,0.41893536
0.37924826,0.44331414
0.3844729,0.4639005
0.37968194,0.46751398
0.36746314,0.47102228
0.35697603,0.47020394
0.35172373,0.46632662
0.34465152,0.4573868
0.33288094,0.44069535
0.32684824,0.40873933
0.32234985,0.37290132
0.27891228,0.32123122
0.22671749,0.2545444
0.20676124,0.17941277
0.19659352,0.14618891
0.17339346,0.12416767
0.16925655,0.11450176
0.1691826,0.11555439
0.20692265,0.13966216
0.23725583,0.16818048
0.2778033,0.20365068
0.3185337,0.24242434
0.35527512,0.29136458
0.37828654,0.33421266
0.39939684,0.36600536
0.42935315,0.39820012
0.45925045,0.42801803
0.4787311,0.4464602
0.49057248,0.45466644
0.49600276,0.4701607
0.49183017,0.47070366
0.47243875,0.45769876
0.45450065,0.43436965
0.41517192,0.40194476
0.38502753,0.37118992
0.33285412,0.316247
0.28043312,0.2502608
0.2323777,0.21876803
0.19549654,0.17942277
0.18293233,0.15285324
0.16425054,0.14154203
0.17400296,0.14494137
0.19179453,0.17076439
0.23343477,0.20239082
0.2709621,0.24677172
0.31088328,0.29748955
0.34803617,0.35135424
0.38547686,0.40719634
0.41925517,0.45267856
0.45529118,0.49623233
0.5187422,0.5339271
0.58147395,0.55449784
0.61602414,0.5692047
0.6477193,0.5857272
0.6626495,0.5880135
0.6572292,0.57330674
0.62021387,0.5374401
0.57997257,0.49921566
0.53954494,0.46143764
0.47744057,0.3917637
0.41141585,0.31585106
0.3393363,0.32338262
0.28313008,0.2724435
0.25511387,0.23899095
0.233009,0.2222649
0.22644985,0.22700275
0.25007814,0.261036
0.29358926,0.31184423
0.35461792,0.369365
0.42521256,0.43178594
0.46856636,0.48658085
0.5125573,0.5481711
0.55258316,0.6076219
0.61143214,0.6593679
0.66303647,0.69879025
0.699089,0.71388274
0.7322526,0.72636974
0.7528865,0.7382823
0.7429624,0.7306777
0.719105,0.71294004
0.6686188,0.66743433
0.6160748,0.6188189
0.58997005,0.569579
0.51828986,0.48643917
0.4419931,0.39874488
0.37028077,0.33141428
0.31472695,0.27740067
0.26996276,0.24304987
0.25364763,0.22027497
0.2153708,0.21566337
0.22126392,0.23291454
0.21692896,0.26756656
0.24340282,0.3092421
0.30616874,0.36309335
0.385924,0.4308325
0.4694649,0.48618698
0.50366884,0.5505489
0.51804173,0.6023008
0.52348655,0.6431466
0.50741565,0.66250145
0.50061774,0.6779711
0.49321482,0.68885493
0.5029892,0.6872735
0.49506092,0.66595364
0.48314026,0.6234929
0.451903,0.5792287
0.42922702,0.5320049
0.39566064,0.45698148
0.33963895,0.37236622
0.2867968,0.2548148
0.2468233,0.20799157
0.21489817,0.17906882
0.19477521,0.15667841
0.19043073,0.14996402
0.17333993,0.16019699
0.17957695,0.17285343
0.19638036,0.20326193
0.23112367,0.25670213
0.27234548,0.32835454
0.30929068,0.3884781
0.33154467,0.4495814
0.34225774,0.50247693
0.35448375,0.5530464
0.39641574,0.5862908
0.45248306,0.60682577
0.5014562,0.6270222
0.5218516,0.6333433
0.5162276,0.61448103
0.49587187,0.5723427
0.4434134,0.5253408
0.4013756,0.48605213
0.35038418,0.41973072
0.2924058,0.33939174
0.23281914,0.24256031
0.19812186,0.20359907
0.1590116,0.17747752
0.1563754,0.16458808
0.15610108,0.1737006
0.15781152,0.21259734
0.18615668,0.25702983
0.23128875,0.31248423
0.27816492,0.37207425
0.3268846,0.42221949
0.37213382,0.48999906
0.4125873,0.53504175
0.4719246,0.58068687
0.49620408,0.61996645
0.52164835,0.63506955
0.5493327,0.6467912
0.57345974,0.6568163
0.59080946,0.65842205
0.5706651,0.6435093
0.546202,0.6021346
0.4876193,0.5535425
0.44367996,0.51073515
0.38263348,0.43203354
0.3310087,0.35281903
0.26882628,0.29174647
0.22268015,0.24467212
0.18368486,0.2124942
0.15733616,0.20247443
0.15173413,0.2027656
0.14758427,0.23785841
0.13768841,0.27989078
0.16728364,0.32342955
0.23196623,0.38088125
0.2983541,0.43034786
0.38546935,0.49580705
0.4627911,0.54409057
0.5241864,0.5906666
0.55560035,0.6253884
0.5872223,0.63448286
0.63905936,0.6497258
0.6511805,0.6601164
0.665198,0.65363306
0.65484524,0.6388629
0.6174715,0.6005471
0.560318,0.5545309
0.5009677,0.50662696
0.42589003,0.43337643
0.3711258,0.35228312
0.29887137,0.33692127
0.24236168,0.28228256
0.20190996,0.2479757
0.17945302,0.23188983
0.16981512,0.22430097
0.20161289,0.2528782
0.251084,0.2892775
0.32657897,0.32689384
0.42314008,0.3868567
0.5060269,0.45072567
0.6100786,0.5220961
0.68572265,0.58742416
0.75486344,0.6450072
0.82176054,0.6896059
0.83703905,0.70464766
0.8403428,0.726017
0.8462814,0.73774606
0.84252465,0.7296381
0.8488544,0.7129757
0.8291285,0.67059624
0.77200764,0.61393625
0.72288984,0.562379
0.628256,0.48484352
0.5235641,0.39319265
0.4428776,0.4244582
0.3733376,0.35791737
0.32803088,0.31764734
0.29663274,0.2951091
0.29531592,0.28438747
0.31721348,0.31071067
0.35755092,0.3511973
0.43062937,0.40762013
0.5209818,0.48188218
0.5999398,0.56245303
0.70202595,0.6488227
0.7657427,0.73910844
0.8157628,0.8121173
0.8359302,0.8679749
0.81775373,0.89662147
0.7977617,0.916631
0.77850044,0.9371393
0.7619635,0.9269232
0.73351014,0.9096297
0.6871238,0.84447944
0.6402622,0.77277774
0.60743564,0.7131685
0.53157735,0.6169761
0.45233282,0.50855976
0.37438866,0.36465347
0.33359888,0.3103756
0.29838553,0.27795953
0.2813661,0.2522527
0.28223795,0.24559137
0.28847948,0.27174377
0.32745692,0.31257764
0.3746089,0.36043167
0.42562088,0.41875014
0.46216768,0.4859941
0.5152637,0.5498213
0.5535961,0.60753334
0.59431493,0.65491766
0.6452208,0.69620067
0.6732791,0.71713257
0.685079,0.72839427
0.6870682,0.73378253
0.68862486,0.7307321
0.66300815,0.70762664
0.61073124,0.65838224
0.54099756,0.60320985
0.48885903,0.5577688
0.41981494,0.47587597
0.33006003,0.39058214
0.2611674,0.2920997
0.21868722,0.24920866
0.18048012,0.21651736
0.16450115,0.19582753
0.15523101,0.18974423
0.14691252,0.21247596
0.14402719,0.23440288
0.17745546,0.26464233
0.22920893,0.31539306
0.28488505,0.37475365
0.33604386,0.43668097
0.38595328,0.47713864
0.40571994,0.5123107
0.43097463,0.5458127
0.42894793,0.56026036
0.4180744,0.5718253
0.42415372,0.5759944
0.43544728,0.5816219
0.43816155,0.5651172
0.42088974,0.527529
0.3766834,0.4785235
0.3647753,0.44247854
0.33166587,0.3733283
0.2827761,0.3062515
0.22310483,0.19718869
0.19259024,0.16216671
0.1614653,0.1366703
0.13308297,0.12013665
0.12414748,0.1126474
0.11991878,0.12562731
0.1200084,0.12923804
0.14425832,0.14319924
0.19138102,0.18881059
0.23132472,0.23838806
0.26470858,0.2938045
0.3163072,0.3241971
0.3587453,0.35524738
0.3964577,0.38111997
0.4265288,0.3985265
0.43695247,0.4125408
0.45944878,0.4220164
0.46286884,0.43265063
0.46008307,0.4272827
0.44093344,0.40858185
0.404988,0.3661378
0.38604262,0.34100345
0.336591,0.2919245
0.27621558,0.23740473
0.21844245,0.20609006
0.17969164,0.16317338
0.15684094,0.13644053
0.14644901,0.12303032
0.14649206,0.12255936
0.17887156,0.13629629
0.22322905,0.1458523
0.28768936,0.1704382
0.35350227,0.22584902
0.41054466,0.28168076
0.46239594,0.34336284
0.51087075,0.39123905
0.56833863,0.44103572
0.61165404,0.482396
0.6514998,0.508422
0.66790086,0.53299296
0.6940035,0.55966145
0.70190674,0.56249714
0.6877187,0.54670507
0.64591014,0.51138127
0.5746786,0.46966827
0.525053,0.4364452
0.45102352,0.37064475
0.37207744,0.30087924
0.29400593,0.29890072
0.2451115,0.2398271
0.22258916,0.20834576
0.20717749,0.1848875
0.20431885,0.17581636
0.2271746,0.18555363
0.2684502,0.20231847
0.3277251,0.23623754
0.38863719,0.30242392
0.44810507,0.37991226
0.5177696,0.45090196
0.5783402,0.53508466
0.63996905,0.6038733
0.69173,0.6643434
0.7139527,0.7042055
0.7310751,0.7382617
0.750156,0.76662225
0.75499815,0.76655877
0.7288035,0.7458239
0.67859733,0.69671005
0.63004667,0.6380942
0.583757,0.5948826
0.5128205,0.5133869
0.42582235,0.41892374
0.35503444,0.34578657
0.29685217,0.28790745
0.2619871,0.25737888
0.24443129,0.23133291
0.24001285,0.22438923
0.26839355,0.2514395
0.30654672,0.29522824
0.36586043,0.34782222
0.41651884,0.41309467
0.45028228,0.4900623
0.49647173,0.5590821
0.54528373,0.6456039
0.58491784,0.7109898
0.64002424,0.77311784
0.6752359,0.8073876
0.6750845,0.8348593
0.6835081,0.8522612
0.671957,0.8470694
0.6498648,0.8210127
0.5959116,0.7673228
0.5611129,0.70509833
0.53176063,0.65116215
0.46401608,0.5606159
0.39453232,0.45597744
0.33438313,0.3010788
0.29253167,0.25729957
0.2595887,0.2283382
0.25742266,0.20641112
0.24828354,0.2030278
0.27638066,0.23520242
0.33000353,0.27837256
0.3887599,0.3259715
0.4351388,0.38189155
0.4749136,0.45223612
0.5078751,0.51630694
0.5293327,0.5783861
0.5542945,0.63133013
0.58677703,0.6863355
0.6037846,0.714824
0.6156068,0.7320622
0.62802374,0.74442196
0.64114344,0.7413945
0.63784605,0.7122015
0.6042917,0.66350895
0.54444975,0.6065705
0.5108891,0.5579246
0.4397576,0.4749967
0.3630285,0.3805263
0.29814145,0.2853917
0.25719368,0.24523059
0.22277413,0.21752408
0.20396186,0.19909398
0.19923846,0.20168342
0.22689702,0.23688447
0.26033658,0.2815774
0.31609458,0.32546112
0.38516957,0.37430805
0.4371768,0.42769927
0.50277156,0.4830835
0.5681636,0.51953304
0.6200872,0.55441016
0.6727189,0.5893522
0.7098373,0.5982548
0.7406117,0.6045741
0.7671881,0.6061603
0.7558727,0.6038397
0.7301436,0.5793492
0.7053305,0.54216313
0.62521863,0.49609238
0.5917701,0.45523456
0.4933351,0.38226396
0.41007832,0.3076485
0.34017873,0.31242928
0.29034954,0.26090905
0.25675592,0.22689629
0.23808108,0.2031846
0.21530855,0.19903913
0.22444454,0.21573044
0.2185096,0.23493162
0.24677876,0.26249602
0.314837,0.31986812
0.37411246,0.38866675
0.4146926,0.45687503
0.46624872,0.51198804
0.48656443,0.5623136
0.49838945,0.60648125
0.51091266,0.6279844
0.49945676,0.64831203
0.47564882,0.65974724
0.46571726,0.66435075
0.42966735,0.6400499
0.40970513,0.5951214
0.37227494,0.54346776
0.36743876,0.5028211
0.34113067,0.42722014
0.28570774,0.34818166
0.23817247,0.21320434
0.19657622,0.16826656
0.1783755,0.14003262
0.16461188,0.120491564
0.14838965,0.11108461
0.15009886,0.11450294
0.13807783,0.10969992
0.16371007,0.12450052
0.2029376,0.16931911
0.25479856,0.23033541
0.31056893,0.28638107
0.3704017,0.33307827
0.44060028,0.37364927
0.49939248,0.40918198
0.5379843,0.43686074
0.55538255,0.46097612
0.5758385,0.47845805
0.58377117,0.49063525
0.56758106,0.47251502
0.53305393,0.44791096
0.4870068,0.4112211
0.46729505,0.38459614
0.39927468,0.3285821
0.33356103,0.2676055
0.27937755,0.27639654
0.24353234,0.2282364
0.21058816,0.19670455
0.19351001,0.1825412
0.21663503,0.17873305
0.24840434,0.20610103
0.2965841,0.23312253
0.3465085,0.27124605
0.41463023,0.33269915
0.46315992,0.39819235
0.5214889,0.47118118
0.5684375,0.53503203
0.6303869,0.5945119
0.6871825,0.6461124
0.7182943,0.6724328
0.7339855,0.6958203
0.7284039,0.71774113
0.714985,0.7162986
0.7095844,0.6994835
0.6508121,0.65032417
0.5865731,0.5931919
0.54110557,0.546748
0.46696967,0.46883434
0.39021006,0.38059688
0.32304108,0.32589054
0.27202788,0.27097207
0.24551043,0.2405961
0.22636487,0.22046475
0.21944478,0.21918881
0.24706587,0.2468737
0.28578565,0.2908305
0.3378784,0.33666572
0.38749292,0.3984374
0.4375598,0.46729755
0.49615246,0.5381307
0.54201066,0.6105216
0.58019716,0.6721844
0.62646425,0.7252782
0.66512954,0.7517552
0.68298686,0.7749592
0.6853624,0.79115105
0.6805863,0.78669894
0.6568823,0.75742966
0.6040987,0.7069613
0.55416554,0.65180427
0.5044438,0.5980146
0.43374637,0.51041377
0.35871533,0.41551772
0.29262674,0.3007415
0.23606527,0.24925554
0.21869512,0.22134976
0.20341024,0.19980927
0.18527843,0.19880152
0.21757239,0.22357371
0.25473195,0.26529562
0.315925,0.30963567
0.36348206,0.36039135
0.4205638,0.42032993
0.47758466,0.47079575
0.5300478,0.52725315
0.585669,0.5727946
0.6379045,0.6150175
0.6693882,0.63317233
0.6903824,0.65096486
0.7220703,0.6612963
0.72752553,0.656829
0.7093184,0.6308902
0.66723675,0.5906397
0.5927032,0.5477737
0.54609036,0.5040814
0.46913433,0.42952603
0.38485304,0.34829345
0.3054244,0.3184771
0.25902453,0.26916873
0.22723289,0.23876153
0.21986605,0.22019579
0.21808793,0.21944141
0.23899855,0.2525198
0.27555498,0.29934952
0.34088957,0.3498099
0.4027827,0.40558046
0.4793037,0.46983227
0.55186933,0.53528714
0.62778556,0.59487784
0.6834573,0.6457004
0.7555709,0.6894149
0.7913872,0.7057845
0.815554,0.719377
0.8249987,0.7324507
0.81083244,0.72763395
0.72544664,0.70539016
0.62830395,0.65659344
0.54630935,0.60365236
0.49023524,0.5518707
0.42614216,0.4689647
0.3601339,0.3816399
