true,forecasted
0.12474819,0.12558855
0.08558912,0.09460844
0.06061235,0.07304281
0.04635461,0.06156203
0.049339414,0.06187206
0.07383125,0.089351386
0.117402695,0.13456245
0.15498608,0.17146572
0.17415959,0.20212673
0.18474919,0.2211705
0.19525528,0.24499205
0.21254672,0.26009026
0.23188795,0.2893009
0.2534762,0.31260726
0.28153026,0.33001673
0.3106645,0.35032505
0.3405231,0.359042
0.36111933,0.3840125
0.35520396,0.38132706
0.3331354,0.37673795
0.31973055,0.35191822
0.29253814,0.30858305
0.22688706,0.25978452
0.15879102,0.19659431
0.10675495,0.11856668
0.06958175,0.085914284
0.048550878,0.065749966
0.03768236,0.05546645
0.040245205,0.05842676
0.067617334,0.08349889
0.1097642,0.13012284
0.14954132,0.16723031
0.16577548,0.19176038
0.1721984,0.20839769
0.1796221,0.22660777
0.19173963,0.23869649
0.20604122,0.25916016
0.22887062,0.28209844
0.26168197,0.28901857
0.28523853,0.307941
0.30407798,0.31768212
0.31150907,0.34184352
0.29926836,0.3397397
0.28484914,0.3416109
0.2814246,0.31797907
0.26219875,0.27628583
0.20615263,0.23308377
0.14242744,0.17435755
0.09388464,0.103704765
0.062104292,0.07507922
0.038670678,0.0539755
0.026543453,0.043199874
0.0320272,0.047720354
0.056677528,0.07669331
0.0994233,0.1137581
0.13816848,0.14779955
0.16009125,0.17499737
0.1677768,0.19398017
0.17902829,0.22113544
0.19991635,0.24460709
0.2267498,0.26821992
0.23778027,0.29370433
0.23624796,0.30327302
0.24946016,0.32656828
0.26262668,0.33842942
0.27219638,0.36045197
0.26926926,0.3581122
0.25402826,0.35559613
0.24298371,0.3302165
0.2252936,0.29020077
0.18418166,0.24167655
0.12947202,0.18212378
0.0843964,0.11308424
0.05276093,0.081520826
0.033267215,0.06335312
0.019725569,0.046494678
0.018312067,0.051282488
0.021825403,0.07954242
0.030297179,0.11732671
0.057316106,0.14429541
0.089065544,0.18486083
0.1183511,0.22198308
0.14520347,0.2578828
0.17030388,0.29854035
0.1942845,0.3493878
0.22392763,0.36942682
0.26383117,0.40552175
0.3054795,0.43259966
0.35170493,0.44807795
0.38153425,0.47137076
0.38921148,0.47028774
0.36829942,0.43346056
0.33964092,0.40720558
0.31719792,0.372068
0.26631144,0.30410165
0.20882784,0.23733574
0.1540093,0.120988175
0.11489844,0.09048398
0.08810629,0.075211555
0.0673398,0.051389195
0.05939933,0.054841336
0.05519966,0.08698563
0.055625536,0.12736662
0.08548946,0.16023557
0.13492692,0.20027655
0.1873328,0.23623775
0.24166664,0.2831287
0.29346186,0.33280906
0.3442842,0.38461867
0.39280602,0.41170502
0.44543752,0.45866668
0.46984586,0.48905158
0.50041735,0.5150434
0.5261997,0.5333411
0.51263475,0.535711
0.4880179,0.48744658
0.46776494,0.46739835
0.44461763,0.42456222
0.38096026,0.3488825
0.30676287,0.2776198
0.24510753,0.18713638
0.20348944,0.14582975
0.17383753,0.12224908
0.16213918,0.108884774
0.16753341,0.10307229
0.19571806,0.1273719
0.24238159,0.17242984
0.29709816,0.2185353
0.3471299,0.25446352
0.37859488,0.2877115
0.40798473,0.3106912
0.41857457,0.33935317
0.41950682,0.37599537
0.4301151,0.39269015
0.44063205,0.40210724
0.43609485,0.4229638
0.43384692,0.42935702
0.43143147,0.4519971
0.43265674,0.43625945
0.38585317,0.4304304
0.35369885,0.38979846
0.32852808,0.34811798
0.2592181,0.2949581
0.1885885,0.22378922
0.13042757,0.14878847
0.09223191,0.11826331
0.06878122,0.09731715
0.057687763,0.086406894
0.062562004,0.07962404
0.08392023,0.102382295
0.1255411,0.1562301
0.17156605,0.1955967
0.19730413,0.22577451
0.20303933,0.24776445
0.2246375,0.27172485
0.2387702,0.2911302
0.25532526,0.31781834
0.28817075,0.3352087
0.31563056,0.3563938
0.35360312,0.37797785
0.38840336,0.3936978
0.40918505,0.41465375
0.4088051,0.40732673
0.37915155,0.40229458
0.36511576,0.37391126
0.3473952,0.32841915
0.28010523,0.2753423
0.20518716,0.21152149
0.14683267,0.121384814
0.106593,0.09210975
0.08200173,0.07061824
0.06935012,0.060544856
0.07283139,0.059819087
0.09624263,0.086248994
0.14056224,0.13090254
0.18564315,0.16337374
0.21476561,0.19219938
0.23571758,0.21936826
0.25657797,0.24455938
0.2490712,0.26714477
0.22553793,0.2967338
0.24723552,0.31858382
0.285514,0.33655798
0.30430385,0.36117622
0.3335615,0.37506428
0.36563253,0.39688808
0.36917356,0.3923826
0.35174736,0.38724446
0.3250535,0.35981718
0.30319673,0.31728578
0.23926713,0.2654068
0.1663197,0.20484067
0.115832314,0.11888048
0.07791949,0.09093154
0.0557951,0.07016324
0.04290818,0.057303704
0.048447754,0.05826508
0.070541695,0.084313594
0.102438316,0.1274954
0.14610988,0.15908241
0.174041,0.19295292
0.1924352,0.2207723
0.21106033,0.25195035
0.23490736,0.2809733
0.26825392,0.317824
0.30000222,0.3407123
0.33666304,0.37371963
0.37356517,0.3991161
0.40637952,0.4146204
0.43033242,0.44023702
0.4179752,0.4378697
0.38317776,0.41516203
0.35400084,0.3926217
0.32653484,0.3505897
0.2597104,0.28925925
0.18960959,0.22531566
0.18867248,0.12463623
0.18773538,0.09397343
0.18679827,0.07236078
0.18586116,0.06254413
0.18492405,0.06085219
0.18398695,0.08685091
0.18304984,0.12913884
0.18211274,0.16263312
0.18117563,0.1937882
0.18023853,0.22067408
0.17930143,0.24570003
0.17836432,0.26763928
0.17742722,0.29954705
0.17649011,0.32241035
0.17555301,0.34043723
0.1746159,0.36333644
0.1736788,0.37455902
0.1727417,0.39786586
0.17180459,0.39326292
0.17086749,0.385916
0.16993038,0.35712257
0.16899328,0.3155197
0.16805618,0.26614904
0.16711907,0.20304956
0.16618197,0.086762324
0.16524486,0.06544544
0.16430776,0.044950783
0.16337065,0.03237035
0.16243355,0.0387659
0.16149645,0.06845625
0.16055934,0.096310034
0.15962224,0.11887476
0.15868513,0.15385596
0.15774803,0.18324533
0.15681092,0.22060058
0.15587382,0.25613618
0.15493672,0.2907379
0.15399961,0.3134825
0.15306251,0.35407102
0.15212539,0.37599027
0.15118828,0.3984933
0.15025118,0.41817704
0.14931408,0.42448768
0.14837697,0.39584997
0.14743987,0.37313715
0.14650276,0.3378162
0.14556566,0.27945024
0.14462855,0.22030294
0.14369145,0.0878322
0.09807208,0.06264122
0.06835927,0.043132745
0.048092477,0.030219823
0.04066577,0.036404148
0.03221476,0.06481921
0.033802208,0.095478006
0.05757841,0.11516623
0.09975228,0.15343162
0.14358926,0.18386924
0.18571374,0.22395557
0.22624964,0.26423332
0.26315498,0.3013748
0.29845652,0.32440883
0.33806846,0.36961377
0.3801159,0.39146683
0.42264366,0.4163142
0.44476226,0.43696612
0.44562486,0.443131
0.41824812,0.40600798
0.38193265,0.38643318
0.35283926,0.3510542
0.29016608,0.28799856
0.21806623,0.22912133
0.15707622,0.15235947
0.11465136,0.11807642
0.08333126,0.1007445
0.072647065,0.076717526
0.074208446,0.07747684
0.086866505,0.10576493
0.11296817,0.14980109
0.15271206,0.1888223
0.20271058,0.22782719
0.25472313,0.27029133
0.31159514,0.317175
0.36657286,0.36825648
0.4226282,0.42213073
0.46621647,0.4549162
0.49829075,0.49581712
0.541302,0.53078604
0.58652645,0.5505802
0.60275644,0.5738493
0.58483195,0.5708946
0.5433735,0.5244774
0.51125586,0.50106156
0.4815998,0.45122656
0.41062763,0.37935
0.33291253,0.30744803
0.26579952,0.21963294
0.22059402,0.17676735
0.18702851,0.15272675
0.16819713,0.13667291
0.17347832,0.12929234
0.20163691,0.15209733
0.24066979,0.1984712
0.2847084,0.24748695
0.31262153,0.2877551
0.33965635,0.32491222
0.35375792,0.35632175
0.37202224,0.39276886
0.40782923,0.43108335
0.42386636,0.4494207
0.4220976,0.46321487
0.4278773,0.48343176
0.43117934,0.49660864
0.4240913,0.51356673
0.4112579,0.4956005
0.39132884,0.48261783
0.38195643,0.43943295
0.3637145,0.3945114
0.30662817,0.33769625
0.23775004,0.26302263
0.18498935,0.15795423
0.14443523,0.12060467
0.114999026,0.10642477
0.099980205,0.08976916
0.10348178,0.08663863
0.1284417,0.11343639
0.1626068,0.16183946
0.20090859,0.19632575
0.22649072,0.21803571
0.24206737,0.2372905
0.25049484,0.2426643
0.25805214,0.2560924
0.25471458,0.26410785
0.25432655,0.26857612
0.24749598,0.25478357
0.24916187,0.26878297
0.25525928,0.2815884
0.2654537,0.2931124
0.2573222,0.28482565
0.24596943,0.30746537
0.2416002,0.27590337
0.22090177,0.23117407
0.17412314,0.19775997
0.124452434,0.14512898
0.086864665,0.08607645
0.05939287,0.05465375
0.047700517,0.03984417
0.040013123,0.025326364
0.05229722,0.03221895
0.080156125,0.060074907
0.12305623,0.099171
0.16575263,0.124099776
0.18948086,0.14556593
0.20806907,0.15930894
0.2179818,0.17236008
0.22686999,0.18856123
0.22865008,0.19377771
0.23371233,0.21163973
0.23201598,0.20030917
0.23178644,0.21741271
0.23757656,0.23470645
0.2513219,0.24629442
0.24819316,0.25249484
0.24515045,0.26239896
0.24612331,0.24622102
0.2333958,0.21084793
0.19082744,0.17206562
0.14503759,0.12365121
0.10488859,0.08906923
0.077885576,0.061336447
0.061441027,0.042419113
0.05777497,0.030052274
0.06323611,0.039585125
0.08889528,0.06788662
0.13228956,0.098475754
0.17844461,0.1249232
0.2185168,0.15650395
0.24250339,0.18056028
0.26214337,0.20799202
0.26982823,0.23618656
0.28699142,0.26476553
0.2999946,0.28708175
0.31763417,0.30199784
0.329112,0.32446927
0.3333691,0.33778873
0.33324727,0.36087173
0.3217342,0.36006495
0.31127816,0.34813717
0.30961272,0.32345068
0.30567443,0.28890252
0.26942474,0.23943537
0.22038777,0.18212935
0.18060581,0.13812737
0.14501268,0.1041318
0.12200678,0.086129725
0.10962579,0.06593578
0.10441796,0.06630121
0.113182954,0.09380378
0.12271157,0.1355323
0.15573978,0.17014077
0.2014978,0.21063662
0.2424042,0.24774127
0.28761706,0.28738526
0.33100396,0.32983014
0.37284562,0.38035333
0.3895338,0.40785375
0.40386233,0.44476688
0.4160108,0.4744265
0.43619707,0.48960873
0.45320567,0.5145462
0.46847504,0.5114429
0.454493,0.47335
0.42969063,0.44761986
0.41024905,0.40367788
0.35998568,0.33601916
0.303256,0.26552066
0.24407147,0.20991696
0.19086759,0.16540568
0.15742135,0.14204589
0.12810281,0.12071367
0.11399433,0.116073884
0.10550271,0.14190254
0.107862085,0.18599518
0.14967304,0.23197633
0.20193544,0.27805337
0.26752284,0.33131522
0.34286726,0.38468787
0.39979625,0.44372895
0.44702798,0.4996057
0.485091,0.536246
0.5019995,0.57246083
0.53497833,0.60350275
0.5589232,0.6244519
0.5947691,0.6426642
0.58734614,0.63254225
0.5776205,0.58671784
0.5381477,0.5516336
0.5062028,0.49983615
0.43805027,0.42503595
0.3591261,0.34535378
0.2984284,0.27246344
0.24827528,0.22130005
0.21522032,0.19353852
0.19965519,0.1732299
0.20178433,0.16543026
0.22559445,0.18771741
0.26445198,0.22924483
0.32168734,0.28097498
0.3682385,0.3314952
0.43205047,0.39485514
0.4894743,0.44809332
0.5598792,0.514667
0.61332184,0.5666896
0.6285732,0.59789497
0.63008547,0.61863244
0.64154476,0.6470469
0.686302,0.6688433
0.7253063,0.6818325
0.6903358,0.65548235
0.61742485,0.6216221
0.5651064,0.57125336
0.51594025,0.5201159
0.43850154,0.44692814
0.36018616,0.36248645
0.28982487,0.27368453
0.23689207,0.23350665
0.19943003,0.20778155
0.17463206,0.18271762
0.17130028,0.18031423
0.19136268,0.19911984
0.2333739,0.24693847
0.27606267,0.29973525
0.3078061,0.34462848
0.35051888,0.37674612
0.39486432,0.40006503
0.45608804,0.43362454
0.51654816,0.4629171
0.548768,0.4739395
0.5796592,0.48017913
0.54138416,0.4942429
0.47591096,0.5041396
0.45508704,0.51790965
0.4706113,0.49910453
0.47230282,0.490614
0.44756296,0.44390702
0.4152769,0.40013775
0.34526747,0.34159
0.27257425,0.27034175
0.21236055,0.20102794
0.17179099,0.16648577
0.14251488,0.1434859
0.12908398,0.1246152
0.12851852,0.12027782
0.14995012,0.1409778
0.18687601,0.18955088
0.24439721,0.2307851
0.2842816,0.2685785
0.31846377,0.299922
0.3534617,0.3322378
0.3802972,0.36942407
0.39319798,0.40774798
0.40459412,0.42390618
0.4257798,0.44551492
0.45820978,0.46832967
0.4710065,0.48153847
0.48178276,0.50000185
0.47177866,0.48790047
0.44589016,0.47029948
0.4273361,0.4311614
0.3984522,0.38658464
0.33146396,0.3257082
0.2543268,0.25921538
0.18931106,0.18157357
0.14021526,0.14882965
0.11184535,0.12767915
0.09686806,0.105515204
0.09970429,0.10368111
0.12055429,0.12710485
0.15551277,0.1700803
0.19927476,0.20813078
0.23151721,0.24655825
0.2586785,0.28469408
0.29164118,0.3259062
0.3294119,0.3729125
0.374075,0.42069396
0.417562,0.44639745
0.45951325,0.4806388
0.5032321,0.5115808
0.54613936,0.5278376
0.56773174,0.5500864
0.5554507,0.54232764
0.5202827,0.5057232
0.4723494,0.47551844
0.43750882,0.4278589
0.3609424,0.35956103
0.28181404,0.29057685
0.21506067,0.21188201
0.17114595,0.1743798
0.1391695,0.15187773
0.12317528,0.13102198
0.124711506,0.1274084
0.14419161,0.14938185
0.17914087,0.19018266
0.22835293,0.2257857
0.27715182,0.2700166
0.3255721,0.30997077
0.3755367,0.3485649
0.4269093,0.3919585
0.47656408,0.43894142
0.5210327,0.4599723
0.54397124,0.48900318
0.5600231,0.5127133
0.5608809,0.5276206
0.5137839,0.5471375
0.4466418,0.53199106
0.40744305,0.500201
0.39054656,0.4640023
0.37355617,0.41916144
0.32609487,0.35613817
0.2715693,0.28400725
0.22355251,0.22278859
0.18378393,0.18452406
0.15987277,0.16093934
0.14183454,0.13938624
0.13465607,0.13625908
0.13836482,0.15822113
0.14491832,0.19479735
0.17433976,0.23029265
0.22018199,0.27527034
0.2734689,0.32285595
0.31929985,0.36523536
0.36337537,0.41554654
0.41310513,0.46572927
0.43244842,0.48858806
0.44392022,0.51782876
0.47254804,0.5434463
0.4918466,0.55837077
0.5100087,0.57650393
0.49634248,0.5602061
0.4755257,0.5251221
0.45372868,0.484529
0.42651203,0.43795845
0.3788512,0.37555212
0.3207152,0.30337772
0.2717089,0.24128385
0.23001374,0.20046279
0.20367053,0.17484286
0.18599728,0.14671677
0.17843585,0.14459327
0.17576341,0.1706479
0.17687008,0.20251448
0.20636211,0.24315709
0.25734872,0.29096177
0.31375173,0.35208803
0.3707527,0.41189298
0.4481575,0.48704818
0.5078888,0.54619443
0.5629076,0.58194697
0.5839971,0.616862
0.5772922,0.65155935
0.6108649,0.66924495
0.65709585,0.687119
0.6438183,0.6715635
0.601492,0.6227769
0.56359786,0.5794552
0.5264673,0.5258215
0.46185303,0.44879144
0.38978338,0.37153807
0.32270497,0.3174915
0.2748787,0.26512697
0.24860658,0.23553725
0.23470065,0.21081942
0.2390092,0.20682605
0.24838625,0.22631925
0.27731514,0.26378947
0.33486056,0.31020728
0.3808117,0.36819696
0.42352676,0.43153533
0.4663602,0.4885424
0.5154458,0.5559287
0.564657,0.6113143
0.6153686,0.6396927
0.6760153,0.6582253
0.70562893,0.68332833
0.74675936,0.69902784
0.76736367,0.7143192
0.74521667,0.6791213
0.6715038,0.6443231
0.5999428,0.58853084
0.55716866,0.536831
0.48813,0.46324557
0.4132486,0.37896258
0.34956056,0.34455854
0.29259098,0.2938286
0.25200477,0.2652769
0.22552063,0.23066804
0.21264847,0.22703378
0.21150628,0.24835238
0.21812806,0.2851804
0.25986704,0.34043494
0.32485417,0.40161058
0.40221122,0.47019178
0.47954473,0.5371413
0.5471392,0.6190372
0.5821039,0.674788
0.60991275,0.7100326
0.6283748,0.7394265
0.66570854,0.7668481
0.69516486,0.7907329
0.6730587,0.8003568
0.6512824,0.77345467
0.62006634,0.72161144
0.5754994,0.66881275
0.5355119,0.61048037
0.4880825,0.52774346
0.42444104,0.44055292
0.3555168,0.335611
0.29411337,0.2861286
0.25409794,0.2566375
0.23028712,0.22343898
0.2307446,0.2204476
0.25274786,0.24077871
0.29993415,0.27510837
0.36507055,0.3249042
0.4328233,0.38585645
0.50655395,0.45559916
0.5828597,0.5266453
0.64655465,0.6131722
0.7013732,0.67358744
0.73063457,0.7099989
0.7354184,0.7370714
0.7223363,0.76720655
0.7016021,0.7881164
0.7390833,0.80078715
0.7595953,0.7655641
0.7377002,0.71921515
0.6869542,0.65995175
0.64675194,0.6022465
0.5560461,0.52048135
0.46353573,0.43363357
0.38874364,0.3774842
0.32664764,0.3236931
0.28527293,0.28979272
0.26434863,0.26080167
0.26190713,0.25489324
0.2820422,0.27453172
0.3194401,0.3055737
0.3997711,0.35595056
0.48230183,0.41964293
0.5548292,0.48205045
0.62820774,0.54357934
0.68236005,0.6201917
0.7190084,0.67085737
0.721138,0.6978877
0.7249139,0.70942473
0.69132876,0.7304085
0.7257204,0.74344105
0.7769968,0.7510831
0.78305125,0.7114826
0.74691206,0.67907643
0.69471776,0.6147116
0.64481753,0.55952644
0.5654889,0.4861673
0.47138485,0.40030918
0.39221427,0.37487158
0.33238745,0.32355076
0.29180428,0.2892598
0.2683838,0.26087022
0.261547,0.25178283
0.27952087,0.26956615
0.3163757,0.29899246
0.38752,0.34646332
0.46493793,0.4097097
0.5414144,0.47140503
0.6220887,0.52988243
0.6867362,0.6046015
0.67963433,0.651375
0.6381053,0.671589
0.6143411,0.68491393
0.6596732,0.7022536
0.7095721,0.72135574
0.7474256,0.72453684
0.732622,0.68371624
0.67051107,0.65623754
0.62311065,0.58817875
0.5889982,0.53784984
0.52511287,0.46668947
0.4524363,0.381503
