true,forecasted
0.2160067,0.21104431
0.19310236,0.1911088
0.17974328,0.17770149
0.17238028,0.17298886
0.17398848,0.1832159
0.1951441,0.19640991
0.22805062,0.21566805
0.24923533,0.2592598
0.2644647,0.27152082
0.26700622,0.2795751
0.27630082,0.29232934
0.28673992,0.30563614
0.29906592,0.3152351
0.3132069,0.32317695
0.3278422,0.33388034
0.34781227,0.3499432
0.36819354,0.36207908
0.38230696,0.3786305
0.37938777,0.38223642
0.36339936,0.37634584
0.35195342,0.3603469
0.32510042,0.33191156
0.280703,0.2972327
0.2356357,0.2589828
0.20098382,0.20741309
0.17930323,0.19196385
0.16945899,0.17788807
0.16521654,0.17612387
0.17057675,0.18589029
0.19063175,0.20087513
0.22328994,0.22324368
0.24784456,0.26150277
0.26031968,0.26724955
0.2667361,0.2679811
0.27241293,0.27475035
0.27980658,0.27970514
0.29811883,0.28649288
0.30996272,0.291744
0.31052408,0.30367768
0.30795217,0.31885716
0.31563985,0.32907248
0.32810405,0.33854094
0.33303332,0.3386802
0.3259732,0.3350884
0.32516456,0.32053283
0.30672035,0.29312325
0.26829648,0.25727147
0.22718456,0.21916455
0.19610886,0.19115472
0.18018253,0.17513996
0.16738868,0.16059169
0.16120034,0.15709276
0.16727854,0.16713148
0.18662387,0.17963386
0.22058088,0.20402348
0.24282047,0.24246174
0.2543298,0.2515281
0.2598851,0.25785506
0.26414052,0.26601702
0.27416503,0.27457586
0.2866529,0.2807509
0.30003613,0.28300136
0.31094256,0.2916939
0.32967484,0.30644885
0.33972403,0.3160647
0.35074213,0.33172658
0.3468018,0.33843124
0.33263534,0.33754733
0.3241024,0.3285296
0.3045742,0.29932377
0.27134323,0.26375407
0.23178004,0.22748399
0.1981363,0.20246041
0.17668197,0.18636933
0.16385823,0.17123221
0.15559414,0.1648151
0.15631212,0.17539379
0.16118035,0.19100235
0.17084041,0.21268788
0.18861002,0.24713296
0.20810056,0.2536391
0.2434447,0.25774345
0.24712813,0.2642593
0.2601955,0.2767646
0.27604857,0.28319675
0.29578564,0.29264063
0.32130474,0.2982803
0.35459104,0.3167889
0.3882579,0.32994705
0.41232234,0.34115052
0.41765603,0.3383656
0.39797822,0.33363155
0.3704254,0.3254677
0.34764004,0.2920749
0.30754304,0.25227875
0.26430002,0.20676476
0.22593147,0.2092188
0.20013674,0.18882564
0.18346438,0.1685764
0.17519508,0.16227752
0.17110096,0.17103383
0.16959485,0.18136781
0.17509533,0.20319742
0.2038407,0.24677336
0.24691512,0.26120064
0.28857437,0.27266002
0.32807964,0.28687117
0.3609568,0.30693623
0.39204368,0.32374766
0.4198669,0.33994293
0.4477418,0.358767
0.46956787,0.3792757
0.49286392,0.39093745
0.5122999,0.39955443
0.5033155,0.3890596
0.47372615,0.37413302
0.44924062,0.35887563
0.4212714,0.3200438
0.3705519,0.28042266
0.31738156,0.23655933
0.27908182,0.26119047
0.25132513,0.23915921
0.23445377,0.21682246
0.22633255,0.20529272
0.23113088,0.21061724
0.2519844,0.22034839
0.28864476,0.23643634
0.32106915,0.29012045
0.34518918,0.33115193
0.38066918,0.35676867
0.41620606,0.38057414
0.44502676,0.41475844
0.46430454,0.4375569
0.4775935,0.45867532
0.4558334,0.47335258
0.44295305,0.49760786
0.44224754,0.5002842
0.44097626,0.50989294
0.44684276,0.508295
0.4380259,0.48109224
0.42146313,0.4557711
0.38515112,0.41608778
0.33007434,0.38181573
0.27556595,0.33988076
0.23625861,0.25792304
0.21015918,0.23659338
0.19386242,0.21820289
0.18653944,0.21221584
0.18796684,0.21993694
0.20210315,0.23153037
0.23278843,0.2513704
0.26346305,0.29643866
0.28071105,0.31970817
0.29792687,0.33001655
0.30793267,0.34551826
0.32212612,0.36425462
0.3402807,0.37441
0.36020452,0.38732183
0.37452525,0.39453545
0.40218922,0.411882
0.42214942,0.42291737
0.43718684,0.43587965
0.4357062,0.43854928
0.41422665,0.423283
0.3917613,0.40779072
0.36848396,0.36790904
0.31661785,0.33245543
0.26668206,0.28521764
0.22997235,0.21862853
0.20623027,0.19583413
0.19303067,0.17514482
0.18606201,0.17037922
0.19065279,0.17663564
0.2083759,0.18785831
0.24120528,0.20725942
0.2779459,0.2448444
0.3030299,0.26406044
0.3270081,0.28605965
0.34570974,0.3184248
0.35942835,0.3357986
0.36390564,0.34785864
0.35641718,0.36056316
0.36632946,0.36919114
0.38180876,0.38153598
0.39502263,0.39772773
0.41418898,0.3953819
0.41718665,0.39060724
0.40171412,0.3808973
0.37831986,0.37063998
0.35629848,0.3374594
0.30785292,0.29340154
0.25781035,0.2544998
0.2193631,0.24174866
0.19572285,0.22429681
0.18267573,0.20545205
0.17478517,0.19583206
0.17760126,0.20477739
0.19350187,0.21835855
0.2199629,0.23728895
0.24775259,0.27946743
0.27218565,0.2965671
0.28613648,0.3111934
0.30076712,0.32292095
0.3164768,0.3422613
0.33660713,0.3541137
0.3588457,0.3658089
0.38530543,0.37626383
0.41445577,0.39527923
0.43863815,0.4061647
0.4562563,0.41918942
0.45389375,0.41484994
0.42818892,0.4016365
0.40227547,0.38609156
0.37402755,0.3537216
0.32235315,0.30953246
0.27032784,0.26594716
0.26933408,0.23621182
0.26834032,0.21368559
0.26734656,0.19679967
0.2663528,0.18692465
0.26535904,0.1946424
0.2643653,0.20770124
0.26337153,0.2156919
0.26237777,0.2647723
0.261384,0.28061855
0.26039025,0.31216365
0.2593965,0.3438831
0.25840273,0.3696834
0.25740898,0.38381988
0.25641522,0.39514333
0.25542146,0.40337747
0.2544277,0.4164053
0.25343394,0.42852932
0.25244018,0.43480134
0.25144643,0.42471325
0.25045267,0.41190234
0.24945891,0.3935632
0.24846515,0.35411376
0.24747139,0.31854147
0.24647763,0.2727748
0.24548388,0.1745683
0.24449012,0.15908974
0.24349636,0.14366063
0.2425026,0.13827845
0.24150884,0.14595622
0.24051508,0.16049278
0.23952132,0.18046317
0.23852757,0.21588343
0.23753381,0.21795571
0.23654005,0.22734576
0.23554629,0.23483917
0.23455255,0.24308524
0.23355879,0.25439867
0.23256503,0.26394063
0.23157127,0.27511033
0.23057751,0.29207858
0.22958376,0.30112588
0.22859,0.31325245
0.22759624,0.30731046
0.22660248,0.3078945
0.22560872,0.293713
0.22461496,0.2669673
0.2236212,0.22804187
0.22262745,0.19229701
0.22163369,0.17056456
0.19446689,0.15381962
0.17650351,0.13733518
0.16624755,0.13281244
0.16246694,0.13878177
0.16004829,0.15472403
0.16601661,0.17072004
0.19034159,0.2024683
0.22610474,0.20802099
0.25667468,0.22184019
0.28545824,0.23633388
0.31094983,0.25620773
0.33307618,0.26897064
0.35590622,0.28208256
0.38222256,0.28878105
0.41419965,0.30799332
0.45169798,0.31733787
0.47248006,0.33001226
0.4687478,0.3180704
0.4406617,0.31885403
0.4089719,0.30066088
0.37866458,0.2686196
0.3321366,0.22920962
0.27548593,0.18655746
0.23563232,0.26829207
0.20952457,0.24038902
0.19247738,0.22154647
0.18543623,0.21415576
0.18690649,0.22184765
0.20093656,0.231101
0.22575587,0.2498565
0.26032254,0.30258933
0.3000125,0.32630393
0.34395012,0.348141
0.38402504,0.3716287
0.42379034,0.40113083
0.4601117,0.42674968
0.49090013,0.44327837
0.519779,0.46287748
0.52941,0.48775393
0.5446565,0.5010483
0.55791795,0.51336336
0.53824896,0.5077367
0.505006,0.47823614
0.4742532,0.44884107
0.44979653,0.41417328
0.3949034,0.373044
0.33754462,0.32245433
0.29045814,0.3138402
0.262197,0.29289377
0.24347638,0.26983935
0.23470236,0.25982636
0.23717168,0.26479673
0.25582552,0.27511695
0.28898168,0.2954714
0.31901053,0.34989074
0.33930504,0.3849452
0.35681072,0.41225865
0.3731111,0.43765736
0.38348526,0.46550658
0.39819226,0.4870986
0.41070375,0.50258714
0.41484073,0.51689196
0.4238714,0.53804266
0.43577763,0.54539716
0.43898153,0.5664127
0.43116137,0.56857324
0.417382,0.54055303
0.4078422,0.515094
0.3893933,0.47526404
0.3457391,0.43185353
0.29667273,0.38089257
0.2594235,0.23273516
0.23476237,0.21444619
0.22035202,0.19788045
0.21098964,0.19122419
0.21159826,0.20014593
0.23004559,0.20994247
0.25854003,0.2298505
0.28343052,0.2780233
0.30348137,0.30003533
0.3184479,0.31908643
0.3273806,0.33621603
0.3283716,0.35138705
0.32741904,0.3613778
0.32934833,0.36771113
0.32113227,0.37996188
0.31881052,0.39245304
0.32033792,0.39744073
0.32652158,0.4067039
0.3239977,0.41323793
0.31541124,0.40379223
0.31200808,0.38390797
0.2952313,0.35491776
0.2642504,0.32420313
0.2290603,0.29021648
0.20351651,0.19641584
0.18651971,0.18271837
0.17890762,0.16899523
0.1749179,0.16416141
0.1811013,0.17231965
0.20025805,0.18725091
0.22964816,0.2087594
0.25740618,0.24731222
0.27473938,0.2536605
0.29613373,0.26388365
0.29898098,0.27385616
0.3046259,0.28019312
0.30803293,0.2834617
0.31179976,0.2858085
0.31019753,0.29159254
0.31127194,0.3030546
0.3160861,0.30938888
0.3226893,0.32092422
0.32367224,0.32414305
0.32002074,0.32616523
0.3195173,0.31174317
0.3098378,0.28424692
0.27731752,0.25046274
0.24297348,0.21527724
0.21510921,0.195331
0.1985062,0.18183863
0.18828298,0.16563825
0.1849432,0.15846857
0.19022341,0.16534702
0.2099376,0.17920268
0.24148789,0.19674313
0.27453753,0.23700285
0.3017955,0.24773899
0.3287332,0.26757672
0.35492378,0.2830564
0.3667012,0.29958814
0.38718507,0.3093129
0.407604,0.31656075
0.4178462,0.32401145
0.41374013,0.33791897
0.41024423,0.34300542
0.41237584,0.35328496
0.40240043,0.3489343
0.39107502,0.34512806
0.3852571,0.32762825
0.37284356,0.29421163
0.34074074,0.25676334
0.30255842,0.21627355
0.26803228,0.24508777
0.24485105,0.2215268
0.22785345,0.19890884
0.21917166,0.19059518
0.21766035,0.1942566
0.22534882,0.2035974
0.23267673,0.21933556
0.26064178,0.26203156
0.2998595,0.28864935
0.3366214,0.31656107
0.36781868,0.3421059
0.3909833,0.37222037
0.4051617,0.39087042
0.42973268,0.40679917
0.45049164,0.41663927
0.47484624,0.43396285
0.49020526,0.4423148
0.51299584,0.4515807
0.51429594,0.4436038
0.48736578,0.42678598
0.4622015,0.401882
0.4371453,0.36461875
0.39388824,0.3204571
0.3437475,0.2725134
0.2996883,0.28969008
0.26831543,0.26224685
0.24616441,0.23673981
0.23029497,0.22514576
0.22182332,0.2330806
0.21788868,0.2362464
0.22794463,0.25057963
0.2674595,0.30725458
0.32002932,0.34779045
0.37031606,0.3767667
0.42144522,0.40530732
0.46229708,0.44415537
0.492161,0.468699
0.5176596,0.49026534
0.5412336,0.5139931
0.56188375,0.53670466
0.5622147,0.54449546
0.5627875,0.5481092
0.5538711,0.5379471
0.5396124,0.5088126
0.50346094,0.47853738
0.469778,0.4355543
0.41635153,0.40297455
0.35785678,0.35226724
0.30895615,0.3208701
0.27904496,0.29464084
0.26002717,0.26779556
0.25044036,0.2520302
0.25383678,0.25685576
0.27551296,0.26600212
0.31122673,0.28271374
0.3537442,0.33609962
0.3994508,0.37657738
0.43716788,0.40666658
0.46889767,0.43233386
0.5206819,0.46824273
0.56923085,0.4935231
0.5960828,0.51913536
0.5992992,0.5334282
0.594032,0.55886745
0.59758556,0.5664843
0.61162496,0.57671815
0.60515714,0.57413805
0.58200526,0.5444958
0.5435754,0.5150848
0.5034888,0.48140582
0.43173417,0.4324516
0.37000823,0.38537082
0.3166072,0.35436612
0.27799422,0.32675156
0.25400692,0.30168575
0.23983373,0.29224482
0.24237083,0.29812253
0.2583156,0.30085647
0.284913,0.31986207
0.32740086,0.3845399
0.34858975,0.42654574
0.37567678,0.46099815
0.40951455,0.48995194
0.4235693,0.5222128
0.45950568,0.5474869
0.49884576,0.5614919
0.53985584,0.5870094
0.5632706,0.60544777
0.56529933,0.61025363
0.5592817,0.62024444
0.52109027,0.61878616
0.47478208,0.5904647
0.44092432,0.55363804
0.40983537,0.51340115
0.36229068,0.47647262
0.31188524,0.42242616
0.2742809,0.28506422
0.24987279,0.25926334
0.2334394,0.23843516
0.22482878,0.22998735
0.2258247,0.23388654
0.24299088,0.24019295
0.2739328,0.25265935
0.31653836,0.30839655
0.34992337,0.3346598
0.37930125,0.35995835
0.40752685,0.3841947
0.42860764,0.40915155
0.45416418,0.42955008
0.483906,0.44425738
0.50276715,0.4593797
0.5167756,0.47616723
0.52948844,0.48594576
0.53912514,0.49370423
0.5328454,0.4862699
0.5060526,0.46326208
0.47387785,0.44140047
0.44280785,0.401395
0.38629693,0.3602143
0.327417,0.3107214
0.28060198,0.29574132
0.24934599,0.27176684
0.22869326,0.24813157
0.21750787,0.2372604
0.21729124,0.24316797
0.23186497,0.25037187
0.2606623,0.2633154
0.2981435,0.31576818
0.32683873,0.3516941
0.35506302,0.37774107
0.38499293,0.3996462
0.41590837,0.42824027
0.4479522,0.45164636
0.48207936,0.47084135
0.5111546,0.48531783
0.536334,0.50492823
0.5613042,0.51285547
0.5679749,0.52856696
0.5584967,0.5251932
0.52417344,0.49574462
0.48702055,0.4762838
0.4521853,0.43513766
0.3956853,0.3887607
0.3387221,0.33993658
0.28861383,0.31090218
0.25892866,0.28399593
0.2365085,0.26025563
0.22391467,0.24993905
0.22555508,0.255345
0.2394833,0.26312974
0.26707584,0.2765599
0.30466902,0.33710343
0.3441748,0.36962333
0.38233685,0.39696497
0.4200134,0.42287353
0.46289584,0.45364422
0.5056775,0.47831997
0.5322027,0.49911296
0.55530787,0.51705855
0.56779987,0.53896666
0.579778,0.54874754
0.58676046,0.5602586
0.5483272,0.55416006
0.49807918,0.5210561
0.46974295,0.4920218
0.44566628,0.4504526
0.40277943,0.4065525
0.3526436,0.35497984
0.30762175,0.29869467
0.2727153,0.27388123
0.2532323,0.24820207
0.23987243,0.23801954
0.23420803,0.24420235
0.2365976,0.24810672
0.24650678,0.26288864
0.27916053,0.3187157
0.33031023,0.35364705
0.36742723,0.38393003
0.39793745,0.41477403
0.41285172,0.44518518
0.4266402,0.47238082
0.4533202,0.49278945
0.48149696,0.5157581
0.5143858,0.53719854
0.5406889,0.54309714
0.5465551,0.5525744
0.5374707,0.54633945
0.50590765,0.51289505
0.47988746,0.48266068
0.4578554,0.44502887
0.41363752,0.39999098
0.3735732,0.35311967
0.3332954,0.29565984
0.3009201,0.27012116
0.27743313,0.24182291
0.26678622,0.23038678
0.26023525,0.230679
0.26039216,0.23473197
0.2656326,0.2460787
0.3042004,0.30026263
0.36901516,0.3361808
0.43256176,0.37462234
0.4852734,0.41434798
0.5338527,0.44814363
0.57950217,0.47847065
0.6171605,0.5017315
0.64093715,0.5223717
0.6522218,0.54569054
0.67119485,0.5523022
0.6859206,0.5598623
0.68204206,0.5468496
0.65690273,0.51554257
0.61771536,0.48938572
0.57638836,0.4456481
0.5161826,0.39686513
0.4517494,0.34418172
0.3973148,0.40012985
0.35779652,0.3692828
0.33851248,0.3349586
0.32636338,0.32370004
0.32479855,0.325637
0.33651543,0.3329595
0.36326712,0.3564418
0.41875172,0.41590652
0.47523823,0.47370887
0.51642394,0.51613456
0.5735746,0.5589725
0.610655,0.60585666
0.64108133,0.63623536
0.66742724,0.6626107
0.6921528,0.67762583
0.71670926,0.69828486
0.7554113,0.7105298
0.7660564,0.7211391
0.750042,0.71634054
0.6906789,0.6798967
0.61281157,0.6531171
0.5497276,0.6067858
0.49128196,0.5446876
0.43338937,0.47927427
0.38614368,0.41365683
0.34943345,0.38730696
0.32172945,0.35472697
0.30241868,0.3475358
0.29305658,0.3501407
0.292975,0.35614192
0.30692375,0.3837733
0.3494784,0.44853717
0.40682316,0.49833477
0.47018117,0.533874
0.52938634,0.57464623
0.57221293,0.6157891
0.6035593,0.64527404
0.6270676,0.6637167
0.6413377,0.6793986
0.65662163,0.6981962
0.67680365,0.7015151
0.7008837,0.7107162
0.6937579,0.71184504
0.64872825,0.6719017
0.60168123,0.632085
0.5547709,0.5865128
0.51778144,0.5274445
0.4608089,0.465514
0.40505883,0.39129287
0.35906753,0.36126027
0.33333802,0.3286328
0.31522083,0.31400415
0.31260866,0.31668094
0.32487157,0.31903017
0.36129344,0.33799532
0.4159125,0.39755344
0.47919703,0.45733047
0.5405201,0.4949634
0.59592384,0.53839505
0.6449923,0.5891556
0.6761342,0.62333304
0.6967415,0.6532339
0.71347857,0.66725695
0.7252682,0.6905391
0.72995716,0.6917494
0.7308596,0.6915452
0.72373766,0.6832864
0.6996098,0.63561416
0.65158564,0.60177815
0.6138714,0.55339754
0.54394895,0.50372213
0.47083473,0.44105226
0.41370246,0.41923738
0.37069815,0.3866854
0.3431168,0.35305542
0.3245058,0.34249085
0.31833124,0.3477439
0.3320631,0.35253248
0.36591488,0.3679623
0.42188993,0.43847448
0.47662017,0.49410844
0.5393264,0.5369033
0.5948261,0.5788011
0.6461007,0.63062173
0.6717427,0.6624834
0.697959,0.687796
0.7204898,0.70476884
0.72780603,0.72406685
0.7230321,0.73270196
0.71124613,0.73469543
0.6966002,0.72559255
0.6615878,0.68458104
0.6258743,0.65179324
0.5935626,0.5981935
0.5324671,0.5386411
0.46665204,0.47315097
0.41440096,0.41201055
0.3752022,0.38381472
0.3497761,0.3500442
0.33426017,0.33697537
0.32744917,0.34216326
0.3407641,0.34769776
0.37019008,0.36342296
0.41594967,0.43689504
0.46683282,0.4870823
0.51807755,0.5330568
0.5738536,0.5751462
0.6219724,0.6245047
0.6624785,0.6523139
0.687634,0.6761315
0.70050234,0.6963435
0.69272196,0.7156794
0.67366886,0.7201931
0.6604625,0.7207231
0.64476115,0.7113935
0.604749,0.67846584
0.5820881,0.63565856
0.5501567,0.5845562
0.4991437,0.5324533
0.44056246,0.4689027
0.38889042,0.3750633
0.351031,0.34825617
0.32522458,0.3118956
0.30744094,0.29740366
0.29725772,0.30633488
0.29856613,0.30489329
0.30656683,0.31654206
0.34963322,0.38142616
0.4183379,0.43837184
0.4877271,0.48308963
0.5424581,0.52898616
0.584839,0.5778176
0.61737454,0.6067348
0.6456191,0.6323056
0.67048985,0.6586055
0.6482027,0.6795021
0.62386215,0.6800116
0.6009617,0.673717
0.5885949,0.66591275
0.5616715,0.6296991
0.53465307,0.5898402
0.5104197,0.54304194
0.46580234,0.4982639
0.41531065,0.44554728
0.36983472,0.37360653
0.3348119,0.34235466
0.312139,0.31439614
0.29854095,0.30285206
0.29407197,0.30627644
0.2943837,0.31094053
0.30008706,0.32642367
0.33314344,0.39040875
0.38074085,0.44078565
0.43265477,0.4804675
0.46842334,0.5233639
0.50388175,0.56785613
0.53544843,0.5972637
0.56183463,0.62295634
0.58799434,0.6435528
0.614931,0.6615356
0.6030863,0.6642528
0.5600719,0.6647367
0.5163992,0.6611254
0.46698064,0.62338763
0.4381729,0.57747024
0.42201018,0.54244924
0.38021225,0.4994895
0.33314422,0.44595486
0.29338568,0.3163094
0.26974335,0.29135072
0.25384143,0.26598406
0.24616623,0.25334293
0.24875346,0.25283453
0.26577574,0.25911587
0.29737046,0.26696557
0.33551872,0.32202247
0.36487195,0.35513908
0.4005369,0.39262906
0.4342014,0.4284946
0.46125102,0.45762244
0.48100886,0.48240668
0.51703125,0.5036743
0.5452719,0.51971036
0.58375967,0.540699
0.61207694,0.5506646
0.63801116,0.56769496
0.64663243,0.5594193
0.61961085,0.5307972
0.57011145,0.50538796
0.5237074,0.46753445
0.4582874,0.41886818
0.38901225,0.36477107
0.33745265,0.36526096
0.30101752,0.34184587
0.2796071,0.30936417
0.2645411,0.29913133
0.26338124,0.3043615
0.27165133,0.31185016
0.30489084,0.32824647
0.3555906,0.38306665
0.40096524,0.42788845
0.4478405,0.4680888
0.4863418,0.5135981
0.5204279,0.5543199
0.5519756,0.58358747
0.58185667,0.61190695
0.6176624,0.632677
0.6492805,0.6544229
0.6762524,0.66610724
0.6977473,0.6741686
0.69337577,0.6630392
0.6585465,0.6233106
0.59952104,0.58943844
0.549273,0.5458311
0.47762883,0.4869641
0.4066951,0.42498052
0.34951475,0.3811946
0.31032482,0.35823807
0.28824314,0.32434797
0.27466378,0.31584507
0.27216408,0.3211369
0.2874423,0.327145
0.31710723,0.34585094
0.37166786,0.40483397
0.42215618,0.45334855
0.47553357,0.49425936
0.52997524,0.5398878
0.58048123,0.58405715
0.61969763,0.61581725
0.65751624,0.6451492
0.6893523,0.6693458
0.708388,0.689734
0.7188837,0.6996363
0.7333598,0.70778394
0.729746,0.696604
0.6960679,0.6532849
0.6371464,0.62020695
0.59418267,0.57280177
0.5246859,0.51132417
0.45313942,0.44771323
0.39623028,0.4103328
0.35653278,0.38262314
0.33177814,0.34914342
0.3160048,0.33964282
0.31433764,0.34497926
0.32968056,0.35226834
0.36670846,0.3713011
0.42335603,0.4360155
0.48046413,0.4848342
0.5423672,0.52826804
0.6020436,0.5755375
0.651762,0.6253341
0.6890554,0.6564142
0.7173036,0.68372536
0.74344355,0.7043856
0.75351036,0.7250409
0.7719585,0.73459214
0.782382,0.73781765
0.7804881,0.72592247
0.75113356,0.6838709
0.6999231,0.64458114
0.6645932,0.592005
0.60355675,0.5293997
0.54596156,0.45990786
0.49332136,0.4470873
0.45399067,0.4140698
0.42598483,0.37915415
0.40597346,0.36904684
0.39463168,0.37273344
0.40294254,0.3778835
0.42046225,0.40110785
0.4528495,0.47209132
0.50103164,0.5329255
0.539614,0.582672
0.5732681,0.6301535
0.600318,0.6840667
0.64036024,0.7129794
0.65620834,0.73713386
0.689571,0.7510245
0.71441996,0.76937747
0.7286547,0.77453643
0.72655475,0.7775772
0.7014931,0.772984
0.65690035,0.7330018
0.63307023,0.69144
0.60223013,0.64027905
0.5481797,0.5772297
0.48888695,0.51174515
0.43406865,0.40837622
0.39259437,0.37491927
0.3633775,0.3427079
0.34326252,0.3317066
0.32973224,0.3351983
0.32601762,0.33875293
0.33603618,0.35790706
0.38738742,0.42545003
0.45959166,0.48151267
0.52043104,0.5250949
0.5921898,0.5674652
0.64042306,0.61702543
0.67486817,0.64753294
0.7008289,0.67628765
0.6989968,0.69536895
0.7166368,0.71421444
0.7102479,0.71997803
0.7082859,0.7183493
0.7084093,0.711499
0.67059326,0.67273295
0.63227457,0.6307531
0.6040817,0.5824995
0.55057883,0.53045064
0.4996879,0.46657717
0.45479357,0.40715033
0.42150807,0.37547657
0.39683136,0.34297132
0.36865252,0.32638267
0.35084787,0.3320392
0.3471613,0.33772057
0.34882897,0.35180044
0.36820576,0.41946483
0.40459645,0.47410548
0.43493548,0.52885365
0.4644274,0.5789386
0.48848018,0.6286799
0.50787175,0.6559281
0.52166694,0.6792946
0.4954457,0.6937048
0.47744906,0.71031237
0.4752042,0.71616083
0.48246562,0.7139902
0.4953857,0.7055837
0.5059799,0.67080283
0.4921901,0.6332479
0.47277725,0.58623004
0.42729038,0.53073734
0.37618333,0.47070456
0.33446565,0.31490916
0.30887586,0.28657132
0.29137564,0.25820196
0.2831614,0.24770588
0.28523692,0.24946994
0.30399856,0.25092846
0.33678222,0.26021782
0.3825909,0.31744173
0.4320238,0.35871637
0.48255938,0.39580163
0.53475356,0.43257305
0.5835594,0.46983594
0.62539244,0.5018329
0.66326845,0.5273836
0.69001496,0.5496456
0.7080435,0.5708306
0.7114046,0.57902783
0.73317224,0.58683306
0.7062107,0.5768766
0.670712,0.53981644
0.6342127,0.5094788
0.59556305,0.46676287
0.5271399,0.4191141
0.45714054,0.36490583
0.4009429,0.42693394
0.36417317,0.39855722
0.3350909,0.36645567
0.31901753,0.35648933
0.31599182,0.35889405
0.33285147,0.3673004
0.36471477,0.3857708
0.4061306,0.453542
0.44692588,0.5014
0.49863586,0.5469399
0.5554252,0.59096545
0.6023792,0.63750356
0.6396594,0.6648637
0.6670213,0.68881047
0.68683547,0.70754606
0.7060756,0.72650206
0.7253274,0.7366042
0.7362788,0.742945
0.73345613,0.73035336
0.67942107,0.69544506
0.6291156,0.658069
0.5800687,0.6091932
0.50694907,0.5457384
0.43688473,0.48218876
0.37948674,0.42909396
0.3403994,0.40470272
0.31558192,0.3765036
0.30535322,0.36669487
0.3078537,0.37055954
0.32754973,0.3765443
0.35943276,0.40223685
0.3940506,0.4673929
0.42508632,0.51421666
0.4341224,0.56200886
0.4378547,0.6041826
0.45639345,0.6418484
0.47508836,0.6641004
0.5001851,0.6807369
0.51820797,0.69771034
0.5311008,0.7124944
0.55812967,0.7201541
0.58453923,0.7317973
0.5904927,0.73110676
0.5710601,0.69898427
0.5488727,0.6617718
0.51776946,0.62028074
0.45798323,0.55696905
0.3981042,0.4954164
0.35083643,0.32172024
0.31680307,0.29807973
0.29572797,0.26849526
0.2856315,0.2532302
0.28459296,0.25717732
0.30121002,0.26011086
0.33070013,0.2663504
0.37654206,0.32459846
0.4274187,0.36606294
0.48149905,0.40793854
0.52365416,0.45175108
0.56582904,0.49071202
0.5975939,0.51921093
0.6292255,0.5474882
0.6439117,0.56948787
0.6432724,0.59205735
0.644371,0.59772503
0.6586114,0.6043926
0.6556519,0.5964214
0.6298894,0.5613454
0.59102577,0.52940726
0.55643445,0.49395433
0.4941721,0.44690013
0.43368056,0.39690572
0.4316436,0.38387337
0.42960668,0.35865852
0.42756972,0.32701814
0.4255328,0.31612834
0.42349583,0.32190558
0.4214589,0.3274485
0.41942194,0.3413016
0.41738498,0.4040837
0.41534805,0.45044377
0.4133111,0.48724425
0.41127416,0.52145714
0.4092372,0.5552957
0.40720028,0.58129305
0.40516332,0.60502815
0.40312636,0.62647986
0.40108943,0.6446761
0.39905247,0.6544542
0.39701554,0.66226214
0.39497858,0.654513
0.39294162,0.617462
0.3909047,0.58914346
0.38886774,0.5402099
0.3868308,0.4881509
0.38479385,0.43004113
0.38275692,0.2505235
0.38071996,0.2275058
0.378683,0.20523295
0.37664607,0.19337268
0.3746091,0.19912413
0.37257218,0.20359668
0.37053522,0.21246928
0.3684983,0.26125556
0.36646134,0.2829696
0.36442438,0.31946516
0.36238745,0.35195896
0.3603505,0.3778239
0.35831356,0.4063676
0.3562766,0.4270954
0.35423967,0.45061022
0.3522027,0.47377825
0.35016575,0.48235565
0.34812883,0.49765563
0.34609187,0.48483878
0.34405494,0.46030125
0.34201798,0.42680517
0.33998102,0.39759907
0.3379441,0.35034603
0.33590713,0.3035413
0.3338702,0.2089859
0.33183324,0.18830375
0.3297963,0.16615279
0.32775936,0.15305229
0.3257224,0.16190611
0.32368547,0.16898702
0.3216485,0.16953054
0.31961158,0.21572474
0.31757462,0.23251274
0.3155377,0.26091766
0.31350073,0.2899767
0.31146377,0.32220656
0.30942684,0.3479389
0.3073899,0.37345222
0.30535296,0.39240238
0.303316,0.41525242
0.30127907,0.42392653
0.2992421,0.4378018
0.29720515,0.41734117
0.29516822,0.39579543
0.29313126,0.37200534
0.29109433,0.33760548
0.28905737,0.29588652
0.28702044,0.24911883
0.2849835,0.21383604
0.28294653,0.19459495
0.2809096,0.17272559
0.27887264,0.1596159
0.2768357,0.16568765
0.27479875,0.16998616
0.2727618,0.17152655
0.27072486,0.22157025
0.2686879,0.2361036
0.26665097,0.27023906
0.26461402,0.30129394
0.2625771,0.32948452
0.26054013,0.35518375
0.25850317,0.38170844
0.25646624,0.40373567
0.25442928,0.42727292
0.25239235,0.43547988
0.2503554,0.46448994
0.24831845,0.44188797
0.2462815,0.42404118
0.24424456,0.394374
0.24220762,0.36466825
0.24017067,0.32407632
0.23813371,0.2756875
0.23609677,0.23893113
0.20973654,0.22063692
0.19361877,0.20461144
0.17853017,0.19484195
0.18090986,0.20401743
0.18535233,0.20580778
0.19274259,0.1999085
0.20921338,0.25758854
0.2381502,0.26866573
0.2658968,0.28473115
0.28965992,0.29161212
0.309511,0.31062546
0.33727577,0.32300285
0.36466464,0.35413373
0.3916826,0.3683072
0.41922033,0.3916402
0.4835356,0.40527284
0.48809493,0.4559533
0.48086494,0.43720573
0.44374144,0.4269212
0.41424873,0.4067884
0.37488398,0.38293797
0.33395624,0.3505059
0.2914733,0.29165328
0.2542181,0.25761938
0.23210135,0.23903996
0.21467178,0.21606648
0.20440958,0.20616996
0.19955306,0.21122766
0.20177428,0.22050023
0.20757844,0.23016533
0.22818023,0.2775821
0.27235344,0.29846007
0.3177499,0.3268995
0.3971522,0.3494819
0.4412672,0.37515858
0.45434836,0.4059882
0.49210516,0.43030956
0.52926373,0.45353752
0.56508714,0.48054752
0.59878385,0.49480033
0.6255023,0.51729596
0.6388866,0.49926913
0.58096,0.4680063
0.5475017,0.4422478
0.5013132,0.4048651
0.4465635,0.35353702
0.38479915,0.2993529
0.34333214,0.33424833
0.30653048,0.31508955
0.28236705,0.2822044
0.26631525,0.26804635
0.26210216,0.27469993
0.26696104,0.28531396
0.27861607,0.30585125
0.30241972,0.35533875
0.36194962,0.39515212
0.43337637,0.44262135
0.49597096,0.4943889
0.54782534,0.5439403
0.6026213,0.5818734
0.6399108,0.61550665
0.6675587,0.64027506
0.7121397,0.6692827
0.74650615,0.6800937
0.7614365,0.6931367
0.7420691,0.6729712
0.69349134,0.62344
0.64202034,0.5789181
0.57157004,0.53449047
0.5052642,0.47055048
0.43414372,0.39783198
0.38732767,0.3742432
0.35300675,0.34502545
0.33020553,0.30863792
0.3172122,0.29632324
0.31757143,0.3016779
0.3404854,0.30683446
0.3842726,0.33005083
0.41042137,0.39063638
0.44247252,0.44478935
0.4846788,0.49246213
0.55084616,0.5412834
0.5858825,0.5927184
0.66729736,0.6283633
0.6952549,0.65870756
0.7263415,0.6833945
0.7526043,0.70475006
0.76574135,0.71157295
0.77353966,0.7179175
0.7627779,0.70873654
0.7222131,0.66577655
0.67899764,0.62371534
0.6003102,0.5763887
0.53512084,0.51746935
0.46722558,0.45105183
0.4137996,0.3817817
0.37603214,0.34914756
0.34849182,0.31483185
0.33285615,0.30273324
0.3307344,0.3039858
0.34985167,0.30887693
0.39196885,0.32241422
0.41948763,0.38829374
0.4658452,0.44029212
0.5254437,0.48526046
0.5863726,0.53113353
0.6482643,0.5843332
0.70902026,0.6206805
0.7308087,0.65022063
0.7612292,0.6669206
0.7798787,0.6901274
0.78730035,0.697218
0.7961793,0.69933814
0.79450303,0.68544716
0.74066615,0.64322644
0.67790896,0.60532874
0.61852115,0.55340314
0.53973347,0.49531847
0.46948916,0.43010753
0.41630295,0.393672
0.37749487,0.361836
0.34975114,0.326258
0.33277094,0.31609085
0.3319101,0.32138792
0.35265657,0.32664526
0.39177662,0.3482865
0.42148468,0.41186678
0.4690678,0.46703652
0.5315338,0.49979973
0.5945736,0.538419
0.68652165,0.5847483
0.73064524,0.6155328
0.76226026,0.6462909
0.7837416,0.6680059
0.79683965,0.6893611
0.80779904,0.7003453
0.79442775,0.7036255
0.758104,0.69553375
0.7184255,0.6526024
0.6683497,0.6216046
0.60550624,0.56973994
0.535829,0.5143841
0.47045884,0.45092636
0.41825116,0.4111257
0.38199785,0.3792034
0.35580802,0.34537292
0.33872265,0.335199
0.33596915,0.3417444
0.35405776,0.3460463
0.3942935,0.36929595
0.4158972,0.43865854
0.45121172,0.48982686
0.50311446,0.52537555
0.5621313,0.5610529
0.6257267,0.6066769
0.6882023,0.63696355
0.7286799,0.65811014
0.7333517,0.68458223
0.7266067,0.70605075
0.6995618,0.71293265
0.7005206,0.71673197
0.6806988,0.70922375
0.641624,0.67190516
0.5969798,0.63156986
0.550463,0.5865899
0.4881313,0.5334361
0.42877313,0.4732745
0.38020366,0.3751006
0.34275833,0.34947586
0.31797174,0.3181937
0.29969066,0.30692393
0.2910304,0.31321496
0.2915959,0.31573924
0.29661793,0.32754102
0.31696126,0.39390713
0.36008322,0.44371325
0.42501384,0.4788777
0.45936748,0.51330584
0.5051694,0.5493292
0.5514714,0.57646126
0.585325,0.5998103
0.6075838,0.6255312
0.61892223,0.6457125
0.6281158,0.64898807
0.59116864,0.65040565
0.5460865,0.6464492
0.5071036,0.6154902
0.46719518,0.5802387
0.42598793,0.53324795
0.38492876,0.49263918
0.3444569,0.43952584
0.3101822,0.2924211
0.2863378,0.26477993
0.26879054,0.2423089
0.25404277,0.23167565
0.25108692,0.23041001
0.25361702,0.23524624
0.26395532,0.24464172
0.27943304,0.30173022
0.31351185,0.3344573
0.35225838,0.36715254
0.38401777,0.3949534
0.39192808,0.419888
0.40512717,0.44511458
0.43370628,0.4619657
0.47298634,0.4822333
0.51742816,0.5009495
0.5406746,0.50491804
0.5404416,0.5208251
0.5317798,0.51908654
0.5131852,0.49550804
0.49189267,0.46668506
0.44218805,0.4343873
0.3891094,0.39700484
0.33704147,0.35163486
0.2995743,0.29708534
0.27530047,0.27383962
0.26163355,0.25035006
0.25454202,0.23927143
0.25927126,0.24312273
0.28599283,0.24806431
0.32712215,0.25475922
0.35713282,0.30984998
0.38432118,0.3395501
0.40361246,0.37610084
0.4399089,0.4117615
0.46583584,0.44138795
0.4955639,0.47015598
0.5143718,0.4908596
0.53009397,0.5146562
0.5766765,0.5350609
0.56031036,0.53904146
0.55191845,0.5550126
0.5319736,0.54562473
0.5166987,0.51438105
0.48602593,0.47814506
0.43595245,0.44765535
0.38111207,0.40235215
0.33137965,0.35300958
0.32994208,0.29583132
0.32850447,0.27453372
0.32706687,0.24931595
0.3256293,0.23825803
0.3241917,0.2434066
0.3227541,0.24985486
0.3213165,0.26001558
0.3198789,0.31424886
0.31844133,0.34564117
0.31700373,0.3772733
0.31556615,0.41150767
0.31412855,0.44078982
0.31269094,0.46851125
0.31125337,0.49134094
0.30981576,0.5133831
0.3083782,0.53627837
0.3069406,0.5456303
0.30550298,0.5638562
0.3040654,0.5572192
0.3026278,0.5227491
0.30119023,0.4921326
0.29975262,0.45576695
0.29831502,0.4092784
0.29687744,0.35809788
0.29543984,0.21491387
0.29400223,0.19192342
0.29256466,0.1731514
0.29112706,0.16230384
0.28968948,0.1676063
0.28825188,0.16931027
0.28681427,0.16904002
0.2853767,0.21968648
0.2839391,0.23502558
0.28250152,0.26619694
0.2810639,0.29173324
0.2796263,0.31457594
0.27818874,0.3397483
0.27675113,0.36196923
0.27531356,0.38310733
0.27387595,0.4036574
0.27243835,0.41348654
0.27100077,0.4440408
0.26956317,0.4280494
0.2681256,0.41496512
0.266688,0.38821673
0.26525038,0.36358994
0.2638128,0.32421958
0.2623752,0.27570045
0.26093763,0.19565886
0.25950003,0.178209
0.25806242,0.16047528
0.25662485,0.15010825
0.25518724,0.15754282
0.25374964,0.16637933
0.25231206,0.17003722
0.25087446,0.21991879
0.24943687,0.2326819
0.24799928,0.25174695
0.24656169,0.26472762
0.2451241,0.2850475
0.2436865,0.302576
0.24224891,0.32297048
0.24081132,0.3386038
0.23937373,0.35972777
0.23793614,0.36819392
0.23649853,0.4019507
0.23506095,0.39200473
0.23362336,0.3837997
0.23218577,0.3633375
0.23074818,0.3365182
0.22931057,0.30373937
0.22787298,0.26327625
0.2264354,0.20845881
0.2249978,0.19296607
0.2235602,0.17897046
0.22212261,0.17245926
0.22068502,0.1848217
0.21924743,0.19698253
0.21780984,0.20537135
0.21637224,0.2473954
0.21493465,0.25365347
0.21349706,0.26020446
0.21205947,0.2623547
0.21062188,0.27138972
0.20918427,0.2800494
0.20774668,0.29407686
0.2063091,0.30601743
0.2048715,0.3276536
0.2034339,0.3409732
0.20199631,0.37661222
0.20055872,0.37241036
0.19912113,0.3706918
0.19768354,0.35190818
0.19624594,0.32773417
0.19480835,0.29418945
0.19337076,0.25138485
0.19193317,0.1937899
0.17277046,0.17876323
0.16009142,0.16316757
0.15309133,0.15915212
0.15212293,0.1722579
0.15665527,0.17849424
0.16599713,0.18454432
0.18237908,0.23248541
0.20808575,0.24139524
0.23687944,0.25129145
0.26058203,0.25310203
0.28617933,0.2683685
0.31999528,0.28052753
0.34687582,0.30045575
0.37559184,0.3218432
0.37168917,0.34409297
0.3821958,0.35278314
0.388926,0.37676865
0.38860676,0.3592856
0.38790148,0.35611466
0.36979342,0.33172137
0.3333614,0.30271512
0.2917445,0.2765593
0.25482413,0.23482284
0.22540571,0.22596762
0.2088783,0.20947208
0.19707388,0.19072269
0.19159417,0.18371242
0.19542517,0.1909965
0.22082193,0.20425749
0.26599938,0.22130102
0.29022542,0.2647851
0.30442587,0.28156716
0.30972037,0.30652764
0.32689148,0.32638994
0.33439136,0.34081513
0.3321257,0.35701045
0.3310321,0.36790198
0.34280428,0.38403895
0.33241975,0.40227363
0.3473291,0.4124784
0.3731137,0.43271577
0.38024315,0.42911386
0.37584928,0.41588414
0.35538593,0.39419147
0.31775898,0.36412486
0.27290466,0.32210818
0.23159924,0.2838802
0.20310818,0.20853385
0.18519466,0.1915812
0.17506,0.17493726
0.17054299,0.17051852
0.17391367,0.17905587
0.19916368,0.19346538
0.24019219,0.21228117
0.25537145,0.25404724
0.2554138,0.26378036
0.27294365,0.27711964
0.27119413,0.28949943
0.28200623,0.30083555
0.2981027,0.3116006
0.31488472,0.31988114
0.32960004,0.33496425
0.34782735,0.35177067
0.36922142,0.36456835
0.38857844,0.38236448
0.3851298,0.37997144
0.3775429,0.37532628
0.3533525,0.35675517
0.30985725,0.32932955
0.26296848,0.2908572
0.22224206,0.2541019
0.19307405,0.18762945
0.17702433,0.17440416
0.16732036,0.15797403
0.16435413,0.15316595
0.17070845,0.16221324
0.19604677,0.17953438
0.2365963,0.20071176
0.2522626,0.23566577
0.25432876,0.24319562
0.2602698,0.24710003
0.2703247,0.2498782
0.28174725,0.2586496
0.30022317,0.26366046
0.3242411,0.26991743
0.34296274,0.27744266
0.36379445,0.29257652
0.38574365,0.30425668
0.39918196,0.3179978
0.4020648,0.31755286
0.39046744,0.3180317
0.3652177,0.3109783
0.32513365,0.28052226
0.27819994,0.24368908
0.23688073,0.20551223
0.21082054,0.20328906
0.19174483,0.18958627
0.18024409,0.1738513
0.17542782,0.16830401
0.18145901,0.17984149
0.2055754,0.19582619
0.24779235,0.22344422
0.26310694,0.2617667
0.2772723,0.26907417
0.27974188,0.27001148
0.29339346,0.27623895
0.3199171,0.2824617
0.33051464,0.28953862
0.3571684,0.29704365
0.38143313,0.3091329
0.40185,0.3253158
0.42011887,0.33670837
0.42938253,0.34823188
0.41819844,0.35099065
0.40720397,0.3462356
0.38371384,0.33484426
0.32964548,0.3079645
0.283629,0.272169
0.24060756,0.23827094
0.20650586,0.20583005
0.18559001,0.19167355
0.17712277,0.17663181
0.17199402,0.17173049
0.17651805,0.18173915
0.1992029,0.19717129
0.24061301,0.21763703
0.25955597,0.26058096
0.26863495,0.27208737
0.2785953,0.27851713
0.28189066,0.2882842
0.28759453,0.30020127
0.3073077,0.3076331
0.30803397,0.31505862
0.3243328,0.3245683
0.31563804,0.33987167
0.31775665,0.34611362
0.31916586,0.35422048
0.3193799,0.35596055
0.3217887,0.35039273
0.30486488,0.33537123
0.280896,0.30366063
0.2511994,0.27265593
0.22236753,0.23690262
0.19806124,0.17800015
0.18066621,0.1651087
0.17102276,0.15251963
0.16583945,0.14745457
0.1650386,0.15813813
0.17032374,0.17252354
0.18206191,0.19832693
0.20112436,0.23405054
0.22896472,0.24082014
0.25685182,0.25187755
0.27830306,0.2589308
0.28804964,0.25985837
0.2950435,0.26105788
0.29043764,0.26116627
0.2914268,0.26896164
0.28732878,0.2778245
0.29443228,0.2851969
0.29895395,0.293776
0.30147105,0.30036283
0.30465162,0.30718246
0.2924477,0.29273528
0.27278855,0.26726267
0.24708761,0.2384307
0.22114117,0.20621696
0.19931148,0.18167868
0.1844829,0.16723901
0.17654689,0.14938328
0.17026556,0.14562696
0.1689587,0.1510075
0.17134435,0.16401231
0.18631606,0.18458514
0.2035999,0.22253186
0.23509122,0.23323303
0.2653827,0.2500801
0.2838485,0.2689047
0.29287213,0.28252083
0.30157888,0.2896986
0.3014651,0.29527718
0.3001686,0.30408266
0.2986833,0.31564865
0.30721962,0.32114983
0.31749377,0.32647648
0.31994256,0.32283074
0.33127317,0.32462683
0.31650874,0.31056523
0.287694,0.2777531
0.2554299,0.2447545
0.22221166,0.20884757
0.19761834,0.19471964
0.18143952,0.17811322
0.17307983,0.1618162
0.17064923,0.15470427
0.17591202,0.16329724
0.20025389,0.1771929
0.24656938,0.19971278
0.26999584,0.24008086
0.2826915,0.25788146
0.2945354,0.27568865
0.30442068,0.28995577
0.30530387,0.30283454
0.32028154,0.30798903
0.31086954,0.3139137
0.3219757,0.32448623
0.31011882,0.3365531
0.31344613,0.34399801
0.3201566,0.35128972
0.3288963,0.35423595
0.33703497,0.35528138
0.31754807,0.338303
0.2892617,0.31344748
0.25464463,0.28273553
0.21958572,0.25174883
0.19503734,0.21118739
0.1785468,0.1991403
0.17250887,0.18484433
0.16993982,0.18095356
0.17404953,0.18863776
0.1986322,0.20426169
0.24431749,0.22870916
0.26605967,0.26779702
0.27945277,0.27987045
0.28338093,0.2896847
0.29085404,0.29893678
0.28726307,0.3064115
0.28359783,0.30657995
0.29206583,0.3086146
0.28378692,0.31331876
0.28578475,0.32431006
0.28750542,0.3301977
0.30229762,0.3415681
0.31365967,0.34982663
0.31931496,0.3509111
0.3043056,0.33407664
0.2740476,0.3113805
0.24071562,0.2782792
0.2075205,0.24728948
0.1836657,0.19935828
0.16929664,0.18714042
0.1640406,0.17568216
0.16147205,0.17099851
0.16664445,0.18097886
0.19298364,0.19728765
0.23936823,0.22533798
0.25856003,0.2658517
0.26492113,0.26928136
0.26054567,0.2687586
0.25078326,0.26649287
0.27144843,0.26646265
0.25309175,0.2655672
0.2518345,0.26250044
0.2533266,0.26818034
0.26192242,0.27971247
0.27531892,0.2872909
0.2927542,0.30917388
0.30140328,0.32412267
0.32092732,0.32991967
0.30625772,0.31890607
0.27516901,0.29666466
0.2398223,0.26759142
0.2049504,0.23660451
0.18173097,0.19789284
0.16829629,0.18844235
0.16119646,0.1753237
0.15950176,0.17138195
0.16519004,0.17992443
0.19407777,0.19651005
0.24156946,0.21929169
0.25985107,0.25643528
0.26940334,0.26220584
0.27700478,0.26895154
0.28540498,0.27483264
0.2829066,0.27809393
0.2650445,0.27809557
0.28707525,0.2775113
0.28711838,0.28165916
0.28917804,0.2914796
0.29619426,0.29671484
0.3076825,0.31060287
0.3180603,0.31836566
0.32562098,0.32437804
0.31057757,0.3133641
0.284541,0.28733164
0.24990629,0.25457346
0.21803701,0.2208769
0.21724787,0.19681378
0.21645874,0.18308401
0.21566959,0.16965567
0.21488045,0.16505945
0.21409132,0.17244068
0.21330218,0.18583521
0.21251303,0.2086302
0.2117239,0.24923271
0.21093476,0.25845632
0.21014562,0.26998883
0.20935647,0.28007615
0.20856734,0.28905606
0.2077782,0.29420668
0.20698906,0.29531235
0.20619993,0.30149096
0.20541078,0.31316796
0.20462164,0.31920028
0.2038325,0.3295848
0.20304337,0.33388376
0.20225422,0.335809
0.20146509,0.3228612
0.20067595,0.29365054
0.19988681,0.26349235
0.19909766,0.22781825
0.19830853,0.1605475
0.18085453,0.14997163
0.17064378,0.13569836
0.16373849,0.13242435
0.16398293,0.14039361
0.16931015,0.15673158
0.18597135,0.18244395
0.2063791,0.21249932
0.22910239,0.2120859
0.24854462,0.21953018
0.2574615,0.22706121
0.26454732,0.23180044
0.26189825,0.23215641
0.2606249,0.23184407
0.26641113,0.23532593
0.26472914,0.24645771
0.27081358,0.2527036
0.27621326,0.2661074
0.2829832,0.26991266
0.29243624,0.2816647
0.28152725,0.27088457
0.26018536,0.2457172
0.23600924,0.21107297
0.20766623,0.17868409
0.18460058,0.19015732
0.1688979,0.17480122
0.15866661,0.15892121
0.15211825,0.15345916
0.15148027,0.16254696
0.15666878,0.17886434
0.16940263,0.2045399
0.18490762,0.23663047
0.20753193,0.24684134
0.22167136,0.24753438
0.23358148,0.2529597
0.24394369,0.26420042
0.26042488,0.2704951
0.27719387,0.27941173
0.2934748,0.28475636
0.3137745,0.3030703
0.33703938,0.31287917
0.36643183,0.3252912
0.3628494,0.32785606
0.36202806,0.32642356
0.33589694,0.31637734
0.29701614,0.28450012
0.2570755,0.24871588
0.21917036,0.20823082
0.19247738,0.20251667
0.17483895,0.18628824
0.16575192,0.16721016
0.16331898,0.15984198
0.16773807,0.16946721
0.19573271,0.1860781
0.24480455,0.20588177
0.265131,0.24923715
0.27215394,0.25952592
0.27961564,0.2696109
0.2914003,0.28239557
0.30729133,0.30104545
0.32930544,0.31454906
0.35164508,0.325648
0.3746315,0.339284
0.39655265,0.35778862
0.4165497,0.3654651
0.4292059,0.37966216
0.42060876,0.37773252
0.41389778,0.37026337
0.38190147,0.3549218
0.33952922,0.31979138
0.29026073,0.28296077
0.24602751,0.2435742
0.21572356,0.23185678
0.19391048,0.21170145
0.18124652,0.19654131
0.17547224,0.19282159
0.17834835,0.20084032
0.20432879,0.21540493
0.24829109,0.23987219
0.266634,0.2863405
0.273339,0.29312286
0.27874258,0.29733685
0.2900158,0.30563748
0.30795994,0.31740776
0.33352426,0.32867384
0.3624481,0.3357261
0.38660812,0.35065326
0.4108469,0.36779204
0.4304686,0.38055295
0.4433674,0.39537564
0.43046886,0.39423603
0.42004484,0.38321987
0.38449627,0.3638832
0.33982405,0.3309734
0.29283187,0.2933063
0.24779935,0.24963641
0.21526586,0.21783403
0.19597715,0.20173435
0.18407741,0.18399805
0.17801064,0.17912021
0.18136913,0.18760496
0.2067459,0.20052257
0.25372973,0.22621724
0.26985374,0.26791987
0.27332756,0.28165203
0.28432047,0.28431976
0.29926413,0.29320642
0.3199436,0.30635932
0.34274715,0.31967935
0.36538965,0.32818702
0.39048898,0.34054482
0.41543794,0.35901585
0.44294113,0.36457503
0.44304943,0.38111836
0.42442182,0.38594455
0.41067934,0.375245
0.3755604,0.35986045
0.32085666,0.32569402
0.28345573,0.2880145
0.23618847,0.24840698
0.20461921,0.21622099
0.18520634,0.19931298
0.17426486,0.183817
0.17115992,0.1807402
0.17415369,0.19096172
0.19990243,0.20710257
0.24517186,0.23260382
0.26158264,0.27178445
0.2717708,0.2815965
0.2815158,0.27971485
0.29347193,0.28832692
0.31292272,0.299731
0.33675,0.30758712
0.3599936,0.31716448
0.38172483,0.32701895
0.41201165,0.34393433
0.4077383,0.3521768
0.4128195,0.363772
0.40977198,0.36724174
0.40687457,0.36038816
0.38163134,0.3432566
0.34667605,0.3115492
0.3023696,0.2772529
0.26328382,0.23653871
0.26124385,0.20408544
0.25920385,0.18643254
0.25716385,0.16814771
0.25512388,0.16247018
0.25308388,0.16872862
0.25104392,0.17950907
0.24900392,0.2018137
0.24696393,0.24419528
0.24492393,0.26104742
0.24288395,0.2762251
0.24084397,0.2931209
0.23880398,0.31518462
0.23676398,0.33029968
0.234724,0.34065711
0.23268402,0.35220727
0.23064402,0.3697138
0.22860403,0.37383622
0.22656405,0.3805388
0.22452407,0.37554377
0.22248407,0.3646557
0.22044408,0.34373888
0.2184041,0.3060068
0.21636412,0.2719558
0.21432412,0.2293694
0.21228413,0.13367505
0.21024415,0.11686143
0.20820417,0.10082589
0.20616417,0.09303336
0.20412418,0.10156202
0.2020842,0.1171001
0.20004421,0.13249132
0.19800422,0.17214993
0.19596423,0.18032368
0.19392425,0.20294899
0.19188425,0.22636932
0.18984427,0.24401575
0.18780428,0.25089112
0.1857643,0.25724143
0.1837243,0.2631941
0.18168432,0.27291927
0.17964433,0.2798949
0.17760435,0.28435397
0.17556435,0.2822289
0.17352436,0.29206273
0.17148438,0.28279048
0.1694444,0.2536415
0.1674044,0.22808588
0.16536441,0.20137048
0.16332443,0.16738436
0.14921488,0.15981081
0.14003356,0.15192181
0.13753854,0.15193944
0.13859837,0.16561908
0.14600758,0.1844373
0.16277243,0.20890173
0.18456577,0.24152234
0.20126957,0.23662978
0.20183638,0.2294774
0.19859582,0.22229967
0.20622793,0.21622455
0.20666198,0.20867217
0.21109016,0.20341522
0.21223001,0.20692883
0.21828456,0.21704468
0.23563361,0.22676726
0.25385755,0.2484774
0.26955763,0.2617718
0.2850473,0.277616
0.2708328,0.2711473
0.24489859,0.25461128
0.21461515,0.22605129
0.18797906,0.20002958
0.17033724,0.19360115
0.16021143,0.18649398
0.15694647,0.17668685
0.15866974,0.17662726
0.17001046,0.18801746
0.20151712,0.21055093
0.2514176,0.23729941
0.27886286,0.2720147
0.27310884,0.268702
0.26611108,0.26038778
0.25241637,0.25331798
0.24060106,0.24673992
0.2400392,0.2383549
0.23150156,0.23178272
0.23352408,0.23398288
0.24115774,0.24660736
0.25734305,0.25792867
0.28754595,0.28035966
0.31170234,0.2939276
0.31695476,0.30515122
0.29850146,0.29771453
0.26846948,0.27514023
0.23276973,0.24508594
0.20133528,0.21400918
0.17837873,0.19863546
0.16769701,0.19087133
0.16248176,0.17946509
0.16295245,0.1768337
0.17341025,0.1875405
0.20273618,0.20827264
0.25299227,0.23507345
0.2745648,0.2738013
0.26864117,0.2719176
0.2553865,0.26586172
0.24351561,0.25776067
0.23127764,0.2510224
0.22912993,0.24585874
0.23408933,0.24216916
0.23421687,0.24790902
0.24781287,0.25991023
0.27038732,0.27072406
0.28696123,0.29524624
0.3012004,0.3104322
0.3127479,0.3206716
0.29335165,0.31679103
0.2637514,0.29397422
0.22975336,0.26336837
0.19761133,0.23360991
0.17972508,0.19689405
0.16818511,0.1859215
0.16309583,0.17541997
0.16376369,0.1778626
0.17142202,0.18852636
0.20240551,0.20736592
0.2525377,0.23593384
0.27184328,0.2703997
0.26168993,0.27101737
0.2492078,0.25539458
0.23985113,0.24859762
0.23341393,0.24250641
0.23355708,0.237784
0.23821618,0.23402195
0.2443136,0.2384768
0.25996536,0.25037846
0.27788538,0.26168743
0.29371843,0.2816928
0.30805632,0.29712182
0.31388643,0.30451941
0.29566172,0.29864654
0.26780578,0.27630597
0.23084566,0.24416797
0.19932602,0.2120558
0.1783847,0.18473296
0.16575243,0.17526466
0.16151492,0.16370946
0.15903133,0.16506541
0.16725126,0.17664674
0.19714141,0.19670483
0.2471367,0.2233268
0.26835388,0.2571561
0.2638166,0.2537153
0.24912804,0.24034943
0.24264826,0.23532358
0.23857959,0.23190773
0.23958384,0.22693609
0.24327143,0.22480778
0.25231716,0.23046528
0.26385763,0.24113613
0.28489274,0.25107747
0.30273688,0.26797113
0.30979285,0.27758193
0.3152289,0.28666157
0.29403612,0.27991316
0.2652027,0.25617227
0.23214708,0.22253563
0.20289439,0.1899404
0.17744955,0.17603506
0.16454895,0.1656284
0.15807669,0.1544879
0.15858765,0.155166
0.1633691,0.16465676
0.18950386,0.18213189
0.23220707,0.2116892
0.25321385,0.24641132
0.25226027,0.24616626
0.24219342,0.23797558
0.23534554,0.23667938
0.22956711,0.23248684
0.22851662,0.22665872
0.23108542,0.21810837
0.23685735,0.2216869
0.2491283,0.23087752
0.2647359,0.23776378
0.28289047,0.25839174
0.2899537,0.27671516
0.29011735,0.29174563
0.2724532,0.28703633
0.25220338,0.26467755
0.2285834,0.23509075
0.20286503,0.20627628
0.18166162,0.1757733
0.17052428,0.16655794
0.1635764,0.15899208
0.15955682,0.15282914
0.16442218,0.16598865
0.17160022,0.18797958
0.19191186,0.21442518
0.21449722,0.24565578
0.23861283,0.24674264
0.2591336,0.24659985
0.26912123,0.24608037
0.26718003,0.24238169
0.2718152,0.23024172
0.27543008,0.2257099
0.2704977,0.2205155
0.26990208,0.2262766
0.27320027,0.23424807
0.2808129,0.24533021
0.28912714,0.26446247
0.2836908,0.28246292
0.26879027,0.2750573
0.24787469,0.26175642
0.22548519,0.23522222
0.20005518,0.20871076
0.18031475,0.19581988
0.16660549,0.18854943
0.15842062,0.17750674
0.15494135,0.17634891
0.15749301,0.18545896
0.16372992,0.2078015
0.18168421,0.23545048
0.20320272,0.27118075
0.22259429,0.27187634
0.21507856,0.26071954
0.2079395,0.2534399
0.20598038,0.2465111
0.20990252,0.23457973
0.21965872,0.2285154
0.22345671,0.22640671
0.2300726,0.2351051
0.24641222,0.24608336
0.26368076,0.26235178
0.28380355,0.2812093
0.28998953,0.29455417
0.28047755,0.2946656
0.25484726,0.27580976
0.2263089,0.245964
0.20128697,0.21940342
0.18222426,0.2077198
0.17459685,0.19670957
0.17224807,0.1872514
0.17562291,0.18748719
0.18740004,0.20179713
0.22423209,0.22323534
0.2769362,0.25287715
0.30237296,0.28563175
0.28879464,0.2871694
0.26966178,0.2700967
0.25735864,0.25903547
0.24980369,0.24519777
0.2443006,0.23215474
0.24876904,0.2272435
0.25504595,0.22811568
0.25898293,0.23654234
0.27231318,0.2507565
0.29452318,0.26614574
0.31716076,0.287755
0.32376835,0.29976085
0.30447003,0.2982312
0.27790615,0.27708703
0.24643534,0.24990396
0.21656363,0.21849588
0.1964133,0.20067306
0.18492243,0.189731
0.1801168,0.17815451
0.18119508,0.17347838
0.1900156,0.18458477
0.21994263,0.20296937
0.2734998,0.22669047
0.29217935,0.26410717
0.27830306,0.27070397
0.2601755,0.26858133
0.25035673,0.2680737
0.24869788,0.26682547
0.26101556,0.2616644
0.2559484,0.25989637
0.26418027,0.26079592
0.26459536,0.2700702
0.26961607,0.2787639
0.28707188,0.29254428
0.3103025,0.30656272
0.31717762,0.31440994
0.3003915,0.3092945
0.2738832,0.28550398
0.24344131,0.25689092
0.21416472,0.22614923
0.1933707,0.2014507
0.18394051,0.1899229
0.18068777,0.17979982
0.1825487,0.17796533
0.19207214,0.18754172
0.22592472,0.2070786
0.27895898,0.23355058
0.30173734,0.27363077
0.28631493,0.27309042
0.26235908,0.26306975
0.24608752,0.25526837
0.23518059,0.24541125
0.23442441,0.23812066
0.23646408,0.23281768
0.23700725,0.23460147
0.24247369,0.24301347
0.2582647,0.2525636
0.27980423,0.27280036
0.3048833,0.29415512
0.3128048,0.30740926
0.29897475,0.30339834
0.2749877,0.28137988
0.24353638,0.25561202
0.21362494,0.22549945
0.19495422,0.20103347
0.18771774,0.19190831
0.18580562,0.18159045
0.18988077,0.17888287
0.2027627,0.19202632
0.23830943,0.21264732
0.29383403,0.24129581
0.31645834,0.2773543
0.29903838,0.27607518
0.2717438,0.26014036
0.25229716,0.2486699
0.24007504,0.2394822
0.23581493,0.22940333
0.23668124,0.22641651
0.23924978,0.2284782
0.24439801,0.23926765
0.25688118,0.25152987
0.28074327,0.26655695
0.30423078,0.28362355
0.30813867,0.2929241
0.29355687,0.2898847
0.26905134,0.2671981
0.2357674,0.23966847
0.2046496,0.20759833
0.18068075,0.18545061
0.16821343,0.17716223
0.1608837,0.16260013
0.16047534,0.1583284
0.16650678,0.16783851
0.1919342,0.18513912
0.23785017,0.21216011
0.26386854,0.2501487
0.27086058,0.2500598
0.26996598,0.25051025
0.26552844,0.25314367
0.27006364,0.2555018
0.26228893,0.25262785
0.24945144,0.25081617
0.25110278,0.2571437
0.24845473,0.2666608
0.26635268,0.27085632
0.2811402,0.2811568
0.29491726,0.28737113
0.2922191,0.296737
0.27881065,0.2833389
0.25741318,0.25952777
0.23158781,0.22927795
0.2047361,0.1988709
0.18097143,0.18110481
0.16452375,0.16990082
0.15542737,0.15538663
0.15042719,0.15074295
0.15279442,0.16100454
0.15933785,0.17745355
0.17924765,0.20506331
0.200689,0.2415931
0.22219503,0.24627715
0.22207971,0.2467259
0.21490063,0.24793255
0.21998964,0.24756601
0.22005615,0.24374707
0.2214703,0.2414229
0.2205393,0.24897584
0.2230759,0.25879312
0.22763889,0.26550502
0.24312726,0.28007323
0.26139173,0.2930953
0.26431715,0.30537087
0.2515584,0.2973809
0.23625991,0.278024
0.21477386,0.24772204
0.1935902,0.22189766
0.17366403,0.18334858
0.163127,0.17384455
0.1573982,0.16443372
0.15688048,0.1632235
0.15989971,0.1755327
0.16938548,0.19772488
0.18879575,0.22404501
0.2102545,0.25935754
0.2270269,0.25756016
0.22346346,0.248127
0.21255939,0.24296893
0.20936015,0.23499969
0.20716852,0.22314617
0.19925068,0.21822795
0.19683698,0.21925333
0.20366406,0.22628726
0.22607511,0.23688494
0.25651935,0.25188023
0.28355262,0.26943064
0.29237157,0.28570414
0.2776947,0.2807206
0.25698978,0.26228416
0.22956218,0.23637165
0.20365602,0.21000282
0.18577679,0.1927818
0.17567226,0.18405202
0.17410797,0.17720109
0.1785242,0.17448443
0.19033822,0.18829621
0.22729081,0.20898098
0.28456828,0.23573092
0.3137555,0.2715177
0.30016783,0.26967195
0.27764717,0.25571865
0.25825065,0.24398714
0.2436234,0.2332933
0.23421662,0.22060288
0.22724925,0.21511352
0.22695078,0.21218017
0.23167352,0.21930522
0.25166386,0.22920974
0.285332,0.2557127
0.31544346,0.2779523
0.3214245,0.29359448
0.3081423,0.29362154
0.2864152,0.27281868
0.25767088,0.2473067
0.23178522,0.21825173
0.21681586,0.21646863
0.20977421,0.20785409
0.21121615,0.20039025
0.21638206,0.19762592
0.22998923,0.21199754
0.26768368,0.23272479
0.32822847,0.26440233
0.35273737,0.29918078
0.3279082,0.29438516
0.29182997,0.2753999
0.26513958,0.26038474
0.24540901,0.24660161
0.23479822,0.23685563
0.23094827,0.2289594
0.23169976,0.23034748
0.23995322,0.24264398
0.26122364,0.25423592
0.28940403,0.27795264
0.31293648,0.30044568
0.31833383,0.3103093
0.30060372,0.30581537
0.27499264,0.28911582
0.24376914,0.25794703
0.21392289,0.22558281
0.19566077,0.20192349
0.1860911,0.19469656
0.18316954,0.18388832
0.18378519,0.18112881
0.19405933,0.1906434
0.22736977,0.20927334
0.28054118,0.23830009
0.30276287,0.2748791
0.29147565,0.2682842
0.2680863,0.2550932
0.2503466,0.2434149
0.2387357,0.23313773
0.23499954,0.2279215
0.23533255,0.22173493
0.23887962,0.2251628
0.24931923,0.239045
0.27224356,0.25061435
0.2932828,0.27238426
0.31437272,0.2860716
0.31559232,0.29540253
0.29701898,0.29754075
0.2672317,0.27212295
0.23468989,0.23888995
0.20089343,0.20421264
0.17842574,0.18626373
0.16593817,0.17923036
0.15965891,0.16691718
0.15809566,0.16253428
0.16729283,0.17203805
0.19683905,0.19139446
0.24672784,0.2195929
0.2695514,0.2543414
0.2625321,0.2521667
0.24768636,0.23862179
0.24173935,0.22768323
0.23956227,0.22354797
0.2451321,0.2220781
0.25652298,0.21930364
0.26567727,0.22450358
0.28307933,0.23729557
0.3050802,0.24346583
0.31580582,0.26885825
0.32827315,0.28126222
0.32385406,0.28912124
0.30383518,0.2881719
0.27568933,0.26176277
0.24075328,0.23088716
0.20639573,0.1975165
0.18120599,0.18455274
0.1676352,0.17619707
0.16047561,0.16249664
0.15778524,0.15839534
0.16387461,0.1668075
0.18386208,0.1834043
0.23949395,0.20783037
0.26217464,0.24346691
0.26487955,0.24222526
0.2589497,0.24121521
0.2600911,0.24608588
0.26770732,0.25394514
0.27934834,0.25491387
0.2962688,0.25494936
0.305008,0.257302
0.31050146,0.27082613
0.3226363,0.27351326
0.32377303,0.2889847
0.3279365,0.29452676
0.31938252,0.3006598
0.3007349,0.28788882
0.27110088,0.261429
0.24933715,0.22676718
0.21829522,0.19187587
0.19160976,0.17583843
0.17465737,0.16211689
0.16501185,0.14626761
0.15921888,0.14612465
0.15818788,0.1549833
0.1660613,0.16731907
0.1806475,0.19243982
0.2006425,0.233031
0.21823496,0.23504013
0.22946943,0.2316184
0.24124631,0.23330986
0.25163293,0.24337783
0.26773953,0.25003526
0.28320065,0.25054184
0.30393025,0.26093516
0.32242745,0.275533
0.34222397,0.28048906
0.35071123,0.2967368
0.34637317,0.30074686
0.33161268,0.29864356
0.30766824,0.28673527
0.282199,0.25152755
0.25539118,0.21765502
0.22711624,0.17860737
0.19941773,0.1724408
0.17864862,0.15892172
0.16533214,0.1439512
0.1571031,0.1389709
0.15383866,0.1491452
0.15692101,0.16513085
0.16727959,0.19177915
0.18593445,0.22820297
0.21010618,0.24085322
0.23061967,0.2514956
0.23591727,0.2611375
0.25165683,0.26636812
0.26334566,0.26791143
0.27548906,0.27272674
0.28633285,0.28245577
0.29397404,0.29256573
0.3078693,0.29872876
0.31928718,0.3068693
0.32897684,0.31613433
0.31918716,0.3224288
0.29881394,0.30662003
0.2658534,0.28796586
0.2332043,0.25463238
0.19892806,0.23189849
0.17433059,0.19386548
0.15831749,0.18755288
0.14996637,0.1744974
0.14963959,0.16860591
0.15720545,0.17923212
0.18295914,0.198439
0.23153767,0.22963831
0.25772855,0.2646981
0.26247728,0.26898932
0.26349112,0.2614577
0.2673629,0.25989518
0.27068213,0.25739455
0.2823312,0.25374338
0.29635996,0.253709
0.31679294,0.26003
0.32707122,0.27472243
0.33579043,0.27650344
0.3438366,0.29635775
0.3447863,0.31389463
0.32780844,0.32177833
0.30042785,0.3121164
0.26783177,0.29841357
0.22976038,0.26671064
0.19790642,0.24440861
0.17363547,0.19988611
0.1601244,0.19384678
0.15466782,0.1857508
0.15405634,0.1841422
0.16244487,0.19390583
0.19222644,0.21392071
0.24404448,0.24405223
0.274457,0.28277847
0.280017,0.28919864
0.27386656,0.2798713
0.26872328,0.27000767
0.26273468,0.2572864
0.26546064,0.24410175
0.2697823,0.23428155
0.27567557,0.23212172
0.2833609,0.23971072
0.29724628,0.24769917
0.3092276,0.2733034
0.3145439,0.301377
0.31072903,0.31546885
0.30957282,0.31583363
0.29572043,0.29879773
0.26191488,0.27400213
0.23173873,0.2519434
0.2144232,0.22304991
0.20367472,0.21543978
0.20182261,0.2084012
0.20400955,0.20818749
0.21826509,0.217359
0.25147837,0.2405738
0.31208915,0.27064857
0.3458817,0.31236142
0.33575433,0.31454614
0.30998662,0.29804227
0.29444188,0.2817627
0.2890679,0.2635537
0.27718946,0.2445863
0.27179262,0.22903095
0.27013507,0.22485584
0.2755745,0.23093008
0.2991737,0.2429447
0.34435767,0.2712697
0.38866806,0.30585057
0.3955424,0.32538936
0.38816878,0.32764298
0.3688541,0.31244195
0.3361658,0.2918207
0.30708352,0.26887378
0.29156604,0.28503534
0.28464466,0.27773905
0.28525093,0.27271816
0.29241678,0.27383038
0.31058797,0.28560707
0.34938097,0.31004554
0.41495997,0.33613446
0.44461554,0.38094604
0.42649135,0.38723436
0.3742759,0.35768977
0.33183008,0.33157215
0.3006193,0.30649278
0.2840446,0.2823908
0.26748496,0.26842645
0.25997677,0.25932837
0.26650488,0.2649569
0.2897368,0.280599
0.3320335,0.3127316
0.38258234,0.35408312
0.3894058,0.36662105
0.38357982,0.3672166
0.36672744,0.35154113
0.34269753,0.3302511
0.33332086,0.30037045
0.3103812,0.27217856
0.30296108,0.26365086
0.30718794,0.2582572
0.31697735,0.2582577
0.3314376,0.268768
0.3699129,0.29179156
0.42840245,0.31728432
0.47262788,0.3620814
0.45108208,0.36478418
0.3773546,0.33413643
0.33292708,0.30780122
0.2890523,0.28318933
0.2509482,0.26317522
0.26461276,0.25116432
0.26095116,0.24431808
0.24977356,0.2518997
0.2675281,0.2652831
0.29180607,0.2952333
0.29778737,0.3330453
0.3160817,0.3452457
0.31694722,0.34498796
0.30409518,0.33028117
0.29859263,0.3077644
0.27977464,0.2783619
0.26229542,0.25707507
0.25482282,0.24601665
0.25290188,0.23840916
0.2557255,0.23531596
0.26461953,0.24499801
0.2838225,0.26347637
0.30763134,0.28646463
0.3361697,0.33118847
0.3424835,0.3304143
0.3133508,0.31131956
0.2763725,0.29376277
0.25170696,0.26998422
0.22936527,0.25162503
0.22065204,0.23941742
0.22088479,0.23808563
0.2286847,0.24204183
0.24678758,0.26030976
0.2649515,0.28238443
0.28691602,0.30850834
0.2830996,0.3233155
0.27295506,0.32563654
0.25903904,0.31520712
0.23820138,0.28929216
0.2192075,0.25977853
0.2037981,0.2318783
0.1977529,0.22083308
0.19656993,0.21396928
0.20040819,0.21354066
0.2078291,0.22439504
0.21969248,0.24417841
0.23959526,0.2715823
0.26807958,0.31005937
0.2856455,0.30701518
0.27700683,0.2761389
0.25359803,0.24873957
0.2259855,0.22373381
0.21462008,0.20692323
0.20904194,0.19714849
0.21069014,0.19534226
0.21811572,0.20391321
0.2390108,0.21940957
0.26797384,0.24685952
0.3003889,0.27902263
0.29742578,0.29622543
0.28523147,0.30049306
0.27347797,0.28772408
0.2497642,0.26465136
0.22411521,0.23470178
0.20189378,0.22186264
0.18841209,0.2170051
0.18492424,0.20728207
0.18541051,0.20540373
0.19256803,0.21691719
0.20796262,0.23682952
0.24679251,0.2628432
0.30505475,0.30218503
0.3156988,0.30034977
0.28933364,0.2811546
0.26806426,0.2638612
0.2508973,0.24517462
0.24379745,0.23054217
0.23712388,0.21997757
0.24015324,0.21821539
0.24555968,0.22533084
0.26635084,0.23152949
0.2905205,0.2548603
0.32981354,0.2840714
0.33106536,0.29498824
0.31554502,0.2934088
0.30171812,0.27643824
0.27411076,0.25183964
0.2430244,0.22424302
0.21312438,0.2197702
0.19506226,0.20847616
0.18510763,0.19758837
0.17935726,0.19123907
0.18034202,0.19374639
0.19199733,0.21180558
0.22241245,0.23152551
0.2708902,0.27303973
0.27865088,0.27724257
0.26872534,0.27746615
0.2601859,0.28077754
0.25889513,0.27889743
0.25365052,0.272859
0.25674638,0.2736458
0.2593827,0.2657739
0.26169667,0.27459744
0.265989,0.28220332
0.28364173,0.29558888
0.32025895,0.30758047
0.32312128,0.31621468
0.3114083,0.30636603
0.2930155,0.28670985
0.26441848,0.25905392
0.23323289,0.22725517
0.2032339,0.20988445
0.18528557,0.19980791
0.17518754,0.19196264
0.1742867,0.18688986
0.17788544,0.19728607
0.19302522,0.21476158
0.22964425,0.24054217
0.28542447,0.28589797
0.2964844,0.28977543
0.27015847,0.27935645
0.24952392,0.2649569
0.23674177,0.24812019
0.2298796,0.23407039
0.22711651,0.22449236
0.22805451,0.2244844
0.2349668,0.23072225
0.2544111,0.23915367
0.28233847,0.2662576
0.32532692,0.29829538
0.3324083,0.31302965
0.32874593,0.31402844
0.31750053,0.30257446
0.29720315,0.28342658
0.26870275,0.26511008
0.24008128,0.25448406
0.23771141,0.2430543
0.23534156,0.23124386
0.2329717,0.22894868
0.23060185,0.23742855
0.22823198,0.2540146
0.22586212,0.27455696
0.22349226,0.3149516
0.2211224,0.3196641
0.21875255,0.30674577
0.21638268,0.29670125
0.21401283,0.28883854
0.21164297,0.2798186
0.2092731,0.27610302
0.20690325,0.27509478
0.20453338,0.2851269
0.20216353,0.29809195
0.19979367,0.31536153
0.1974238,0.33177322
0.19505395,0.33562505
0.19268408,0.33258307
0.19031423,0.31198606
0.18794437,0.2793796
0.18557452,0.24254727
0.18320465,0.16294667
0.18083479,0.15319504
0.16854046,0.14555854
0.1629088,0.14390099
0.16436218,0.15407145
0.17351025,0.17385343
0.19974217,0.20114076
0.24178948,0.23580265
0.26831153,0.23658931
0.28821197,0.23456465
0.30212334,0.23710027
0.31049964,0.22932225
0.31915495,0.21445875
0.32248226,0.20424171
0.32710993,0.20065822
0.33076894,0.20425919
0.3318636,0.21345924
0.34722105,0.2264333
0.36841172,0.24960686
0.36628506,0.27216718
0.3547269,0.27082208
0.34718832,0.25980455
0.33137733,0.23833288
0.30949074,0.22128737
0.28706047,0.30404413
0.27030158,0.29280493
0.26234114,0.28411353
0.26031628,0.28310657
0.26162422,0.29178572
0.27014807,0.30898666
0.2855229,0.33588618
0.30610317,0.38312563
0.32795703,0.39632666
0.32926935,0.37253496
0.3161004,0.35067105
0.2911642,0.3303515
0.26364645,0.31323007
0.23712283,0.3022805
0.22507554,0.29795066
0.22653984,0.30894703
0.24051638,0.3248964
0.2753901,0.35397193
0.3151159,0.39204067
0.3202374,0.3972126
0.31896454,0.39701694
0.31472963,0.38405922
0.30623877,0.35604542
0.2882855,0.32639873
0.27256957,0.24504434
0.26034564,0.23720352
0.25349128,0.23170272
0.24915844,0.23051628
0.2487927,0.24380669
0.2562788,0.26695174
0.26635215,0.29943234
0.28836784,0.3405288
0.30750355,0.34490067
0.3103833,0.3167252
0.29593006,0.29021218
0.28032297,0.26326206
0.27616912,0.2382194
0.26819178,0.2213902
0.24973562,0.21606034
0.2483498,0.22244507
0.26905861,0.23541608
0.31422076,0.26450574
0.36544523,0.30858952
0.37522507,0.32749367
0.3763249,0.33234185
0.37149823,0.3240198
0.3569193,0.30658922
0.33082324,0.28699312
0.31129298,0.31077015
0.3006897,0.30171937
0.3003824,0.29674077
0.30549583,0.2994599
0.3168854,0.30928582
0.33990172,0.3301223
0.38801345,0.3536216
0.4517185,0.40374863
0.45479593,0.40856797
0.4007439,0.3745428
0.3469057,0.34445512
0.31256086,0.31218213
0.28998488,0.2874148
0.27347538,0.26798794
0.2662368,0.26079574
0.26974803,0.26507473
0.28826886,0.28161365
0.32990706,0.31589133
0.38341537,0.35956514
0.39510238,0.37234947
0.394407,0.37631685
0.3849563,0.36244652
0.3645114,0.3421111
0.33540678,0.31235307
0.30716196,0.30875778
0.29262015,0.29383838
0.28519094,0.2845614
0.28535017,0.2827226
0.29154605,0.29195857
0.31069994,0.3077323
0.3464158,0.32767904
0.39971784,0.3801892
0.39507744,0.39258543
0.34330642,0.36862975
0.30438146,0.3556927
0.28099915,0.33896086
0.26429692,0.32153878
0.25377807,0.31253073
0.24922286,0.30606875
0.25657544,0.3133941
0.27548048,0.33057737
0.31543255,0.35053954
0.3653538,0.38469672
0.37716705,0.3900577
0.3777505,0.3916095
0.37062284,0.37657982
0.35243216,0.35687023
0.3272071,0.32607466
0.3041443,0.28468892
0.29352596,0.27445608
0.29275185,0.26876277
0.29671404,0.2691633
0.30481085,0.28120852
0.32571656,0.2994009
0.3683081,0.32473895
0.4271431,0.37080863
0.43859893,0.37341338
0.40364444,0.34367484
0.35407072,0.31710863
0.3129269,0.2888823
0.29176632,0.26430288
0.28317675,0.2494609
0.281062,0.24315728
0.28659445,0.24803503
0.30241895,0.26310742
0.33532962,0.29017392
0.3774312,0.33024812
0.3793384,0.344842
0.37355193,0.34243524
0.35830098,0.33035392
0.33322528,0.31073606
0.29960442,0.28107747
0.26766863,0.29863465
0.25117135,0.2830832
0.2418126,0.2734654
0.24019428,0.26772955
0.2469928,0.27434042
0.26391557,0.2925813
0.3055574,0.31149653
0.36270395,0.36554915
0.37321267,0.3706314
0.33086324,0.34845087
0.29080546,0.32189283
0.26720494,0.29591176
0.24948236,0.28043434
0.24060963,0.27138904
0.24139489,0.26965177
0.24750063,0.27619943
0.26358387,0.29440606
0.2890697,0.32327256
0.3282695,0.35949135
0.33453527,0.37240157
0.33026215,0.37449402
0.32087174,0.35945868
0.30057046,0.34050357
0.27258024,0.30744627
0.24535784,0.25272605
0.22927462,0.24532187
0.22114015,0.23451026
0.22034448,0.23430471
0.2253774,0.2466498
0.23725843,0.26403123
0.26971895,0.28800178
0.32165778,0.3299626
0.32857966,0.33405393
0.29656935,0.30429882
0.2723168,0.2784343
0.256072,0.25854966
0.24700007,0.24365492
0.24675329,0.23846479
0.2503988,0.23937866
0.25349647,0.2488151
0.26350176,0.26162952
0.28050897,0.28512546
0.3091785,0.3108678
0.3025205,0.31756532
0.29057428,0.31767762
0.27557608,0.2996689
0.25789323,0.2739988
0.23380515,0.24218225
0.2089505,0.20253533
0.18799126,0.18889369
0.17509897,0.17918676
0.16840436,0.17109728
0.16619533,0.18241884
0.17068195,0.19400421
0.18320124,0.21381903
0.20601337,0.2577523
0.22523166,0.26429924
0.24179909,0.26414824
0.2514176,0.25915372
0.24529213,0.24644855
0.2190184,0.23403884
0.21021867,0.22737657
0.20801744,0.22980823
0.21570227,0.23112655
0.23592274,0.24013211
0.27359045,0.25870535
0.31864062,0.2850265
0.32000646,0.30368793
0.31523538,0.3075219
0.31363732,0.30158916
0.30519503,0.28325993
0.29219157,0.2653201
0.2761938,0.27343738
0.26863468,0.26298398
0.26759484,0.2585369
0.2693202,0.25614703
0.2771331,0.26396754
0.2891461,0.28394336
0.30615512,0.30685288
0.33531612,0.3471099
0.35045353,0.35691935
0.3279321,0.32938436
0.2916432,0.30845782
0.26296458,0.28734386
0.24477935,0.26719967
0.23309885,0.2576714
0.22889173,0.2447978
0.23270895,0.25194353
0.25038555,0.26673132
0.2894287,0.2959993
0.3341108,0.3343252
0.34253103,0.34639958
0.3428134,0.35097462
0.3378249,0.34103972
0.32261682,0.31954902
0.30404714,0.28822258
0.28408903,0.2607853
0.2723758,0.253916
0.26996207,0.24898523
0.26962307,0.24688596
0.2747791,0.26085633
0.29329216,0.2812691
0.3355582,0.30760226
0.38934526,0.3525158
0.40669665,0.35796353
0.37125614,0.3321296
0.33725706,0.3059714
0.31620014,0.27661863
0.29504454,0.25143677
0.286603,0.23560825
0.2927207,0.22999877
0.30411285,0.23362361
0.32256928,0.2471199
0.36294997,0.27660334
0.4096569,0.31947273
0.41377026,0.33641726
0.40875864,0.34011662
0.39448518,0.3281988
0.37241495,0.31284654
0.34339577,0.2896614
0.3173922,0.3325644
0.3022054,0.32558405
0.295955,0.31602693
0.29378963,0.31725273
0.29546925,0.32486853
0.3061811,0.3413673
0.33345672,0.36066806
0.3738844,0.40951988
0.38790148,0.42694765
0.38606238,0.40649566
0.38028836,0.38617155
0.3771881,0.36376828
0.37443486,0.34193125
0.37530583,0.33042762
0.37408885,0.3222222
0.3723282,0.325251
0.37317863,0.3371398
0.38700607,0.36138463
0.3979933,0.39567894
0.38570806,0.40089267
0.37191775,0.3956651
0.34848505,0.38071945
0.31896663,0.35483664
0.2854029,0.32364735
0.25180697,0.27694368
0.22602758,0.25786734
0.20863177,0.24510108
0.19806202,0.23774375
0.19323198,0.24238935
0.19960709,0.25176978
0.22138225,0.26784655
0.2593661,0.32232404
0.28480104,0.3432911
0.30167627,0.34392163
0.30846986,0.33964434
0.31350094,0.32968864
0.30428404,0.32200673
0.2950739,0.31686634
0.2825037,0.31934318
0.28853175,0.32199076
0.29551756,0.3351485
0.31727374,0.35394457
0.34993714,0.37754995
0.34746498,0.38240123
0.3405602,0.38276312
0.33105728,0.36177596
0.31476495,0.343324
0.29018983,0.3109264
0.26408052,0.27202272
0.24287632,0.25762147
0.23294143,0.2475025
0.22780773,0.24643928
0.22864209,0.25278085
0.2377629,0.26325414
0.2560128,0.285943
0.27795005,0.3348598
0.30044785,0.3521393
0.3022893,0.3392199
0.29784453,0.33053514
0.29637372,0.3143371
0.291359,0.30177787
0.2835812,0.288102
0.27133363,0.2864227
0.26429793,0.29051536
0.26337707,0.29718432
0.27308288,0.32173964
0.28934714,0.35842836
0.28948247,0.36693224
0.29386288,0.36415052
0.3015095,0.3515395
0.3000759,0.33262038
0.29174554,0.30838075
0.27630055,0.27637613
0.2662976,0.2650311
0.26161304,0.25737086
0.2621575,0.25318533
0.27006105,0.2634175
0.28741398,0.2810347
0.31485274,0.30223963
0.34949216,0.34804815
0.36552575,0.36045513
0.35451207,0.33703268
0.329706,0.3169692
0.30076113,0.29350975
0.2740053,0.27274647
0.26530764,0.26052928
0.2760148,0.2531899
0.28347182,0.2568221
0.29851627,0.27138346
0.32781076,0.30072525
0.36473504,0.3456059
0.36619544,0.36091885
0.36539668,0.37092727
0.36183324,0.36391544
0.35351172,0.3449238
0.33680898,0.32248083
0.32166088,0.31399223
0.3127539,0.3068275
0.30999598,0.30415475
0.31437117,0.30479157
0.3209307,0.3183059
0.33420873,0.33825552
0.355149,0.36429894
0.3819794,0.41385296
0.40322465,0.42015314
0.40615088,0.38469663
0.3934864,0.35129023
0.37215596,0.3139064
0.33207634,0.28151605
0.30819398,0.25872168
0.29813287,0.24769402
0.30349255,0.24986699
0.3254942,0.2654829
0.37041244,0.30087993
0.4124644,0.3567921
0.41797608,0.37552586
0.4199456,0.38000715
0.41776124,0.37590182
0.4092309,0.36118484
0.38830543,0.3398323
0.36609647,0.36061215
0.3493802,0.3539963
0.33760306,0.34387094
0.32920286,0.34216848
0.32196012,0.34966233
0.32160684,0.36973456
0.3279874,0.38924396
0.34372047,0.43794316
0.35454246,0.4572054
0.35915846,0.43078268
0.35545242,0.40196487
0.3542375,0.37312257
0.34926927,0.3479719
0.349355,0.33545446
0.35134816,0.3228717
0.35404035,0.32956553
0.35868752,0.3442853
0.38070527,0.3698635
0.39712593,0.41085565
0.39008453,0.4197433
0.3726477,0.4178521
0.36054143,0.40650323
0.33710405,0.38122028
0.30266416,0.35363978
0.27361304,0.29422176
0.27683368,0.2801621
0.28005433,0.27096784
0.28327498,0.27100855
0.28649563,0.2804119
0.28971627,0.29542488
0.29293692,0.31634104
0.29615757,0.3730622
0.29937822,0.39004913
0.30259886,0.36576748
0.3058195,0.34284863
0.30904016,0.31549722
0.31226078,0.29412636
0.31548142,0.27894485
0.31870207,0.27472356
0.32192272,0.27773133
0.32514337,0.29426533
0.328364,0.3181148
0.33158466,0.366448
0.3348053,0.38061327
0.33802596,0.38640112
0.3412466,0.37561548
0.34446725,0.3627476
0.3476879,0.34271732
0.35090855,0.33038998
0.3541292,0.32247978
0.35061666,0.31678715
0.3559109,0.31302947
0.36642012,0.323792
0.3856065,0.3421693
0.42469147,0.35946515
0.47846475,0.4142683
0.4873611,0.42907965
0.46187446,0.40235567
0.42070228,0.37883785
0.3980868,0.34855792
0.39745244,0.3177631
0.3984006,0.29835683
0.3980603,0.28441754
0.4103219,0.2845399
0.43489704,0.2998262
0.48845991,0.32958755
0.55153114,0.38094413
0.5623443,0.39787266
0.56385714,0.40549487
0.5526177,0.40356055
0.52671987,0.39008045
0.49007174,0.3728484
0.46232697,0.4485197
0.44719344,0.4362331
0.44227767,0.43026328
0.44237274,0.4341378
0.4500737,0.44118384
0.46925563,0.45732057
0.50940514,0.47708493
0.5710892,0.5375086
0.5858445,0.5606541
0.5348676,0.52930975
0.4765773,0.49321496
0.43924728,0.4517105
0.40607607,0.41871145
0.3870009,0.39249647
0.3790311,0.37927178
0.3860016,0.37752417
0.4143051,0.3960111
0.47520497,0.43094832
0.53439564,0.4901005
0.5436107,0.506389
0.5397262,0.50637543
0.52797765,0.4980368
0.49777085,0.4789226
0.4550736,0.4519176
