true,forecasted
0.16203777,0.18986863
0.1364318,0.16047528
0.11851691,0.16562355
0.10719576,0.13207978
0.10806482,0.11945671
0.12043362,0.13961789
0.1461844,0.15464246
0.1750995,0.17561322
0.183571,0.20451185
0.18588465,0.2000092
0.18541075,0.22076446
0.20072497,0.21751499
0.22998689,0.24284956
0.26508585,0.28471875
0.2639585,0.2797355
0.2638245,0.3179291
0.27196524,0.35996696
0.27861646,0.36774516
0.27917385,0.3291258
0.2752779,0.339864
0.27199712,0.33899412
0.25182864,0.2869923
0.21305278,0.2662716
0.17114158,0.20947084
0.13698702,0.17345944
0.113797665,0.16005844
0.10041949,0.14540033
0.09442117,0.1333422
0.096049376,0.14924222
0.11077814,0.15293655
0.13406149,0.19559905
0.1648316,0.2266885
0.17377548,0.24933901
0.17329572,0.24286196
0.16780317,0.25587052
0.16820079,0.26884815
0.18174228,0.27971864
0.19811505,0.2965322
0.22479197,0.31018218
0.2617386,0.33085778
0.2825808,0.34774595
0.2887517,0.3666343
0.27998886,0.3641884
0.2761444,0.3508625
0.27805918,0.3346414
0.26364005,0.31504235
0.22569686,0.29350224
0.18420537,0.23124817
0.15233393,0.15690798
0.13200487,0.12983963
0.113442004,0.12708667
0.106022924,0.11828777
0.10883663,0.11959206
0.11841992,0.14417745
0.14133711,0.17132962
0.16665962,0.20442888
0.17670102,0.23226273
0.17253332,0.22073448
0.17808758,0.22678515
0.2018959,0.2042034
0.22410163,0.22781205
0.23532593,0.23800173
0.2309163,0.24117637
0.2523618,0.2657309
0.28135565,0.28392214
0.29723558,0.2962173
0.29021057,0.29076275
0.28025502,0.30176258
0.28103662,0.29476824
0.26516607,0.25838727
0.2324779,0.23321584
0.19558127,0.19915703
0.15718381,0.17002007
0.13073587,0.1506449
0.11165579,0.13468942
0.099438325,0.108519085
0.09481606,0.11641802
0.08833621,0.1145505
0.08902969,0.1486146
0.09318227,0.16898268
0.09744655,0.18734041
0.10332692,0.20988351
0.11099867,0.21533775
0.12821598,0.2362153
0.15532662,0.28663248
0.16770373,0.30523562
0.19201088,0.34514064
0.23513223,0.35900185
0.26511365,0.41026595
0.30113438,0.4259853
0.31531745,0.4463416
0.30033344,0.42570862
0.29671183,0.4156197
0.2888867,0.3702632
0.26137027,0.34028205
0.2292802,0.2687697
0.1945264,0.20785844
0.16538832,0.19087979
0.14370048,0.16913286
0.1291894,0.1464688
0.11977052,0.14752707
0.10876471,0.14740291
0.10105631,0.1478998
0.10503249,0.1582202
0.11599117,0.17934936
0.14109628,0.20803759
0.17544046,0.23710313
0.2253713,0.26461565
0.27297816,0.3183866
0.30548775,0.35063028
0.35006675,0.40397128
0.36923265,0.4226739
0.38544253,0.4595865
0.4071576,0.4616719
0.41644868,0.47438782
0.40812173,0.45364878
0.4037215,0.466386
0.3915934,0.41318136
0.3472611,0.39075223
0.30265838,0.32745266
0.25179842,0.28621987
0.21986282,0.23903728
0.19857125,0.20877284
0.18815853,0.20757344
0.19046374,0.19173867
0.20982715,0.18910724
0.24174026,0.2136465
0.2833191,0.24998346
0.31079942,0.2873537
0.32543555,0.31589445
0.34906283,0.36717966
0.36907968,0.3863559
0.38161522,0.41752055
0.4016803,0.46737644
0.43561813,0.48137513
0.47291866,0.45270565
0.49520487,0.49100712
0.47131634,0.485886
0.44089562,0.5108194
0.41892526,0.4716088
0.40131578,0.41841236
0.3808419,0.44783285
0.3463141,0.40362403
0.2882684,0.27768558
0.2413936,0.24157938
0.2052448,0.21435061
0.17976373,0.20092708
0.16497461,0.17956033
0.16240543,0.18879494
0.172021,0.18217105
0.1997675,0.21207663
0.2248451,0.24535811
0.22970316,0.27053627
0.23722793,0.26651683
0.24881674,0.28584635
0.2688043,0.29444936
0.2757059,0.31023017
0.28572208,0.33678028
0.3105534,0.34992555
0.3520761,0.397499
0.39902568,0.41532966
0.42518744,0.4422402
0.4248624,0.43852815
0.40751967,0.41661122
0.3884713,0.3795605
0.36803544,0.35456035
0.31865492,0.31588277
0.2565385,0.27022654
0.20888384,0.24946004
0.17484738,0.22048146
0.15429655,0.19876075
0.14160573,0.17462754
0.14158952,0.18713993
0.14941998,0.18764554
0.17967872,0.22169524
0.21573408,0.26880196
0.2409329,0.28463104
0.27151096,0.2974831
0.294894,0.32283196
0.32786047,0.36448404
0.35918295,0.34353495
0.34505913,0.37049064
0.28602067,0.35244054
0.26971862,0.36241555
0.3032102,0.38308734
0.31537795,0.425253
0.3268176,0.4534225
0.32252622,0.38983712
0.30864745,0.38150823
0.29735163,0.3526363
0.25837022,0.30529532
0.2125613,0.27327535
0.17509107,0.19846731
0.14825518,0.17526549
0.13095437,0.15995173
0.121875346,0.15066314
0.12338246,0.15481196
0.13334757,0.15353706
0.15880929,0.207005
0.19035776,0.23381934
0.20010287,0.24187699
0.20627828,0.25059435
0.22172491,0.25792697
0.24519923,0.27670777
0.26036128,0.2846948
0.28578842,0.28814226
0.30589804,0.31438
0.33251393,0.34542567
0.36279327,0.36665764
0.389905,0.38956457
0.39425835,0.3966783
0.386183,0.39929998
0.37763223,0.3758649
0.36100024,0.3494747
0.3131064,0.2983225
0.26361006,0.2536478
0.26165292,0.24959609
0.25969577,0.216378
0.25773862,0.19897881
0.25578144,0.17537376
0.2538243,0.17768203
0.25186715,0.18104243
0.24991,0.20754632
0.24795283,0.24638253
0.24599569,0.2861723
0.24403852,0.2959637
0.24208137,0.3300043
0.24012421,0.3689374
0.23816706,0.35843763
0.2362099,0.39220235
0.23425275,0.41192695
0.23229559,0.38931945
0.23033844,0.42154983
0.22838128,0.40952063
0.22642413,0.4409857
0.22446696,0.4071301
0.22250982,0.37042814
0.22055265,0.37364998
0.2185955,0.34629443
0.21663834,0.2646071
0.2146812,0.18437645
0.21272403,0.16537714
0.21076688,0.14273137
0.20880972,0.12972906
0.20685257,0.12687582
0.2048954,0.12710947
0.20293826,0.12788622
0.2009811,0.13690996
0.19902395,0.13469997
0.19706678,0.14051375
0.19510964,0.15665865
0.19315247,0.16522881
0.19119532,0.17627016
0.18923816,0.1975289
0.18728101,0.2280353
0.18532385,0.24558848
0.1833667,0.2781879
0.18140954,0.30668557
0.17945239,0.31087488
0.17749523,0.34323055
0.17553808,0.33174202
0.17358091,0.30410194
0.17162377,0.27133682
0.16966662,0.24798226
0.16770945,0.18908179
0.13939656,0.16784301
0.1204467,0.14740685
0.1058231,0.13286325
0.099662125,0.14331028
0.08866177,0.12952594
0.08143149,0.15363866
0.08217878,0.18456262
0.08784732,0.1827644
0.09688902,0.21490616
0.11637353,0.23071635
0.1434053,0.23617092
0.18360342,0.2785626
0.21668692,0.30453914
0.23950644,0.31717482
0.27718127,0.36046317
0.31641293,0.37439558
0.33229163,0.37870303
0.3481841,0.39705932
0.3407213,0.38207817
0.3422299,0.3628135
0.33758068,0.34914193
0.30341685,0.31385624
0.25591093,0.24478725
0.21656309,0.21746701
0.1824626,0.18847936
0.15977588,0.15991351
0.14897467,0.15068272
0.14715277,0.14887655
0.15477768,0.15968695
0.176423,0.19987386
0.209549,0.23492667
0.2299083,0.24845752
0.24836233,0.29115543
0.2724822,0.31609485
0.30418417,0.33384037
0.33588,0.38343427
0.37868887,0.39807573
0.41934645,0.44667727
0.45631853,0.5440448
0.48526075,0.5486956
0.5018101,0.5426079
0.47972023,0.49984875
0.45227697,0.49614793
0.43463793,0.49183834
0.4079542,0.43733498
0.3583564,0.41148937
0.2989895,0.33158323
0.24718282,0.25707754
0.21314377,0.21558219
0.18932563,0.19711757
0.17576875,0.18113524
0.1748317,0.17410979
0.18659367,0.18782002
0.21365023,0.20976824
0.2508675,0.25944355
0.27165097,0.2874432
0.28614396,0.3017435
0.2916564,0.32580987
0.29234743,0.33415523
0.30454662,0.3370632
0.3233303,0.35689482
0.35882622,0.34810245
0.38598737,0.38733685
0.4100616,0.40607223
0.42302704,0.4288738
0.4113776,0.43774626
0.3902161,0.4104368
0.37764028,0.41115472
0.35879326,0.35458297
0.3116404,0.32089546
0.2590596,0.2536399
0.21478137,0.22576743
0.18239,0.19771013
0.15962306,0.18631566
0.14668527,0.16127574
0.14677899,0.16133861
0.15541762,0.1713942
0.17883663,0.20730802
0.20722036,0.24692118
0.21999441,0.27337754
0.23071742,0.2769945
0.24405241,0.2906375
0.26734337,0.290377
0.27255055,0.28258723
0.27558738,0.30341727
0.27085492,0.3060066
0.27684194,0.30738944
0.29642835,0.30688426
0.30752257,0.337863
0.30147806,0.34333986
0.29592693,0.3307216
0.29707062,0.31595823
0.28551722,0.2970675
0.25219303,0.25335366
0.20982279,0.23141289
0.1731952,0.19817322
0.14888042,0.17019847
0.13433242,0.14554587
0.12534548,0.14224547
0.12716834,0.16026911
0.13988368,0.15860808
0.16794226,0.20454243
0.2037614,0.24343926
0.22511645,0.26739585
0.24252038,0.26462215
0.24611515,0.2579135
0.2573565,0.2727957
0.25798443,0.2702379
0.25898606,0.28902966
0.25823128,0.29739326
0.25912103,0.2987813
0.26228672,0.3336229
0.27370894,0.34333363
0.28150657,0.3802282
0.2853359,0.3629759
0.29315615,0.33331254
0.29092163,0.33750048
0.26307705,0.2969192
0.2281105,0.2323811
0.19317596,0.19413269
0.16899562,0.16187716
0.15124965,0.14815387
0.142204,0.13060862
0.14341715,0.13901964
0.15660094,0.16198918
0.18303308,0.18711793
0.22314334,0.22333449
0.26040828,0.24125296
0.2802474,0.23951015
0.29901308,0.2571654
0.30295467,0.2824568
0.3055473,0.26601925
0.3039586,0.26882446
0.30841997,0.2706173
0.31348684,0.29300222
0.32269105,0.29260498
0.3175039,0.30809876
0.3058114,0.330607
0.3049249,0.33602157
0.31126377,0.319343
0.30923033,0.32495272
0.28176293,0.2703615
0.24994408,0.22796622
0.22163759,0.22970006
0.1892311,0.20033428
0.17033382,0.1766468
0.16134852,0.16168258
0.15641241,0.15813449
0.15902874,0.16659442
0.16342147,0.18711036
0.18337853,0.2221787
0.21023838,0.21990556
0.23043954,0.24406186
0.25265986,0.27844477
0.2744425,0.30160186
0.30177855,0.30885154
0.33974352,0.30575693
0.3433394,0.31840888
0.32563415,0.3790135
0.37287185,0.380754
0.42327878,0.372486
0.4408509,0.43324682
0.43671632,0.4094747
0.42457473,0.41438815
0.40989432,0.39498743
0.37716594,0.34439826
0.3428663,0.27929625
0.29363754,0.33532754
0.257712,0.29342112
0.22839533,0.26457763
0.20578218,0.24259594
0.19128893,0.24486548
0.17462356,0.2415581
0.17284717,0.23530436
0.19194523,0.27325538
0.22072303,0.29654565
0.26155075,0.32050225
0.3234228,0.35477212
0.38929802,0.41007355
0.44024068,0.42396462
0.47242433,0.47649333
0.4263235,0.5061603
0.40079936,0.5068301
0.4344133,0.53224504
0.45033437,0.5221201
0.45168087,0.562645
0.43777788,0.5411491
0.42356154,0.50208163
0.4096798,0.46613348
0.36930582,0.45217445
0.32049114,0.38581255
0.2767056,0.30464655
0.24004272,0.26525724
0.2175282,0.25015315
0.20766456,0.22504646
0.20958032,0.21273953
0.22037867,0.23048875
0.25543907,0.26702562
0.29638627,0.30576825
0.33928627,0.32504782
0.39055258,0.3602904
0.4111609,0.39662924
0.40718457,0.40467283
0.44124636,0.45771065
0.45773125,0.4874292
0.4764554,0.47544953
0.539254,0.54571307
0.5276635,0.5478818
0.51051176,0.5648792
0.4765344,0.5524627
0.45134607,0.53138196
0.43474552,0.51818866
0.4156397,0.43133387
0.3711149,0.41410843
0.3121989,0.37856987
0.2648491,0.26705006
0.22817084,0.2254301
0.20900698,0.21104544
0.19402908,0.18773735
0.19385281,0.18145749
0.20328122,0.18454513
0.23284896,0.23305425
0.2756676,0.26766235
0.3148704,0.28962168
0.34158698,0.30190995
0.35858837,0.3253312
0.3575782,0.34415558
0.3496573,0.35198262
0.3647052,0.37442467
0.39417267,0.37955415
0.42292228,0.4221238
0.46335864,0.42283213
0.49631247,0.4130274
0.46808034,0.4276084
0.43165898,0.43889162
0.40469766,0.40873227
0.37730053,0.37359276
0.3414558,0.32692558
0.286149,0.2611707
0.24397995,0.2513858
0.21056408,0.21314389
0.18829365,0.20179072
0.17722096,0.17186852
0.17744163,0.1629985
0.1906979,0.17620555
0.21477579,0.21088374
0.25337103,0.24831834
0.27780324,0.25054708
0.29646528,0.2792691
0.3300251,0.30468604
0.3694675,0.3201323
0.40753463,0.35038927
0.4373109,0.35389194
0.46962956,0.37600017
0.47962108,0.43159842
0.49793372,0.45366535
0.51976293,0.45640266
0.50675553,0.4753078
0.4862546,0.470719
0.47070512,0.43352574
0.4473564,0.41292253
0.4027334,0.36143905
0.33539724,0.30269596
0.27978778,0.3274381
0.233487,0.28641742
0.20192464,0.2604645
0.18179895,0.23134509
0.17657857,0.24148443
0.18563415,0.24171755
0.20811094,0.28520867
0.2480098,0.3527572
0.2760328,0.38508508
0.29630005,0.42114714
0.32476822,0.44561043
0.3614089,0.49808702
0.39579734,0.5331534
0.42868808,0.55718786
0.46319994,0.6271658
0.5014138,0.64128166
0.5344804,0.6416978
0.5557165,0.68255687
0.5507608,0.6748327
0.52629745,0.6252042
0.50263864,0.58181965
0.47086993,0.5560159
0.41906828,0.48347774
0.36349165,0.41532722
0.30142277,0.32432768
0.2621561,0.28437808
0.2299809,0.26728392
0.21138425,0.23506853
0.20563343,0.24868882
0.21010095,0.23118657
0.22925758,0.2771968
0.2619681,0.32139805
0.29821402,0.36789522
0.3306592,0.41065267
0.37081647,0.4205087
0.4156536,0.44813088
0.45065162,0.5324657
0.47832456,0.55337304
0.5100297,0.6022711
0.54244804,0.6225725
0.5587908,0.62693524
0.57384527,0.6368943
0.5595723,0.614589
0.521341,0.60827863
0.49097684,0.54215795
0.45523956,0.5259915
0.40789506,0.45918968
0.34895632,0.3938364
0.29819238,0.31803396
0.2519913,0.2786304
0.22074291,0.24256757
0.19870311,0.21546641
0.1857103,0.2319768
0.17391741,0.21640712
0.17108683,0.21505716
0.18783882,0.21893334
0.21636327,0.24898961
0.23386799,0.28270718
0.27642936,0.30604285
0.31116897,0.3546792
0.32736397,0.3827516
0.36665475,0.4259577
0.39545122,0.45637318
0.427254,0.5029855
0.4558945,0.50841916
0.46418616,0.53653187
0.44608957,0.5250774
0.4227335,0.5012599
0.40693066,0.4897386
0.39279607,0.4601926
0.36743677,0.4143928
0.33294004,0.35795185
0.30372116,0.31727862
0.27143207,0.27850673
0.24786772,0.2503582
0.23325093,0.23347089
0.22361356,0.23557451
0.2204149,0.22788703
0.21054502,0.23842001
0.21788031,0.26538494
0.24072804,0.2720924
0.28242263,0.3082623
0.31582868,0.34317097
0.34878957,0.35106418
0.4100398,0.40031126
0.4734778,0.41431704
0.5202516,0.44337687
0.5432059,0.48795578
0.566653,0.49475628
0.59244454,0.513378
0.5940305,0.5488079
0.5803667,0.5311594
0.57119507,0.48308417
0.5500586,0.46282348
0.5024029,0.42687047
0.45047987,0.36252543
0.38635123,0.42091832
0.33744407,0.36688456
0.31047454,0.3339625
0.290076,0.31623074
0.2841767,0.30380446
0.2888288,0.32633707
0.30387372,0.3598546
0.33951005,0.43140253
0.36508894,0.4568367
0.4153489,0.52163595
0.4567934,0.5629515
0.4891055,0.61936164
0.5414501,0.65286255
0.59103864,0.7055757
0.64117897,0.6978055
0.65721,0.76089704
0.6918906,0.7814863
0.7152388,0.80119216
0.71713954,0.7623384
0.6948428,0.69310486
0.6552261,0.67632896
0.6224303,0.61923087
0.5554997,0.544267
0.4889299,0.48303595
0.426407,0.4172208
0.3784419,0.38398764
0.34370923,0.34190327
0.31888607,0.30137402
0.3074035,0.3195607
0.2989748,0.31034023
0.29302457,0.3519675
0.30341834,0.40267187
0.32901493,0.44119105
0.36564744,0.46992072
0.39767495,0.54357445
0.4239491,0.57978225
0.45760006,0.62253326
0.5064773,0.6689321
0.51629156,0.6879405
0.49469298,0.72174066
0.47974083,0.7473484
0.5018196,0.74861646
0.4988908,0.7211224
0.49647442,0.7148999
0.47928205,0.6321629
0.46510932,0.5992475
0.4348782,0.52141035
0.39245853,0.47364625
0.34667194,0.34187797
0.3092682,0.29913017
0.2817651,0.2922024
0.26542613,0.2532864
0.26465446,0.2604182
0.27369642,0.26221484
0.30725968,0.29564917
0.36505666,0.32339832
0.41166,0.35888144
0.46202508,0.38618743
0.5144555,0.41222173
0.57044053,0.46118656
0.6235665,0.50789136
0.66985804,0.52693594
0.7122344,0.55888426
0.7575257,0.62152606
0.7886058,0.632685
0.8005634,0.63671637
0.78315645,0.648491
0.75972176,0.6261816
0.7214638,0.5971404
0.6875096,0.55766445
0.62123007,0.5120369
0.5475443,0.43410334
0.48178327,0.45716375
0.42881027,0.43228993
0.39157066,0.3799352
0.3628622,0.34766427
0.3491492,0.33836722
0.35083407,0.35657012
0.3769348,0.38738745
0.43574372,0.4583381
0.49275133,0.48174408
0.549397,0.54278576
0.6074171,0.61114913
0.6488534,0.6706588
0.6823604,0.702972
0.71762204,0.75462085
0.74505687,0.7872765
0.77332646,0.81684947
0.80275226,0.82904255
0.8178254,0.8360828
0.81224716,0.7892642
0.78077275,0.7384175
0.7335427,0.719333
0.68571264,0.65779865
0.6167172,0.5785923
0.5379149,0.534817
0.47534686,0.46118483
0.42448947,0.4220647
0.38788652,0.37387288
0.36369488,0.34320846
0.35698184,0.34589484
0.36826894,0.33973163
0.39156398,0.3636934
0.43313545,0.39099517
0.46826178,0.42530033
0.49527094,0.46761426
0.52066797,0.5130191
0.55349946,0.5414158
0.6025807,0.5673436
0.64774054,0.6169293
0.6998833,0.65268266
0.74680793,0.64232516
0.7538464,0.6751338
0.7186584,0.6376706
0.68321234,0.6273792
0.6644313,0.6299188
0.6389989,0.5481176
0.607362,0.54248595
0.5549327,0.4744343
0.4930972,0.42011192
0.44130522,0.45657834
0.4061921,0.40138492
0.36417547,0.3734142
0.34047613,0.33890533
0.33097455,0.30729145
0.32610643,0.31624988
0.3234965,0.3099576
0.34370828,0.33060354
0.3854721,0.36216563
0.43275404,0.40664896
0.4970859,0.45222744
0.5379857,0.50528395
0.5841988,0.5519859
0.60682267,0.58145547
0.60970134,0.6098857
0.5945551,0.6380682
0.600603,0.6463845
0.57319945,0.6402136
0.55532503,0.6329243
0.5336349,0.5963954
0.5261594,0.58337104
0.5142252,0.53487813
0.47707626,0.5034278
0.4358444,0.44045562
0.39469454,0.39789385
0.36283046,0.36503014
0.32485023,0.3291505
0.30554196,0.2956429
0.2943814,0.2996248
0.28667548,0.32228646
0.279789,0.29918024
0.29941437,0.34370366
0.32559684,0.3691431
0.36320207,0.38705042
0.4127504,0.42386618
0.44829357,0.47769907
0.48097292,0.4775338
0.48679182,0.51949316
0.4946491,0.5359617
0.5051046,0.54743904
0.51457345,0.5336291
0.5129574,0.55352044
0.49424577,0.53791904
0.4692905,0.5247939
0.45192933,0.5018073
0.43423894,0.49074623
0.40340877,0.46916902
0.36560723,0.39556894
0.3336526,0.33342975
0.29601166,0.30858582
0.27373743,0.27390647
0.26148835,0.2647996
0.2620975,0.2554914
0.2793023,0.26889217
0.30481213,0.2800462
0.3424304,0.3219982
0.37408608,0.3515834
0.41918558,0.35377094
0.44179532,0.38679507
0.4469863,0.4291224
0.46447617,0.4394497
0.47244978,0.46273974
0.5220066,0.48988295
0.5642452,0.5379261
0.6181741,0.52381474
0.6509102,0.56217545
0.6637695,0.5635814
0.6360094,0.51948506
0.5937148,0.52056336
0.5480023,0.4853166
0.4810432,0.41614953
0.40695068,0.36740032
0.3386279,0.36220795
0.29157996,0.3263702
0.25783148,0.2925117
0.23335445,0.2780022
0.2253036,0.28270566
0.2257801,0.28364632
0.25234872,0.30465153
0.29560247,0.34362552
0.329283,0.3620852
0.3611742,0.40479258
0.39837173,0.43081388
0.4461009,0.48902276
0.49881953,0.54990184
0.55110216,0.57976186
0.6014023,0.612543
0.646486,0.67901105
0.6877489,0.6951871
0.7196514,0.7193005
0.7226271,0.684522
0.7013893,0.67304265
0.6587754,0.612926
0.6134028,0.58049643
0.54195535,0.5266098
0.4677748,0.4412555
0.40142488,0.40901807
0.35011703,0.3873314
0.31817082,0.3481207
0.2923804,0.318989
0.28195038,0.3298105
0.28471354,0.3307748
0.31150243,0.36071247
0.36197418,0.4040807
0.4088047,0.42271087
0.45142478,0.46407458
0.50401825,0.520845
0.5594469,0.54047656
0.6090164,0.6058914
0.65613306,0.65232825
0.69649976,0.67940116
0.7292098,0.7289189
0.768391,0.7633681
0.7856327,0.78159183
0.7558661,0.75116163
0.7319303,0.7578336
0.7052312,0.7046302
0.66363204,0.6300658
0.59064466,0.5737182
0.518092,0.53703785
0.4482188,0.45276514
0.3971406,0.4093642
0.36077303,0.37953487
0.33646098,0.33208594
0.32321712,0.35066646
0.33116007,0.3461384
0.35719693,0.37681577
0.40841433,0.41697392
0.4671459,0.44855168
0.51437473,0.49128595
0.54797924,0.53924704
0.62258327,0.57918596
0.65095025,0.65722716
0.6911176,0.6891308
0.7428179,0.7550264
0.77002007,0.79776084
0.8044205,0.8090813
0.8165689,0.8327978
0.81977886,0.81233037
0.80682594,0.8071028
0.77416885,0.7819275
0.73652095,0.69925153
0.66796786,0.63364124
0.6030234,0.5755681
0.53652227,0.52966815
0.4852342,0.47145876
0.4338961,0.44366893
0.39919338,0.414108
0.37902218,0.40752894
0.38240337,0.42961922
0.3997471,0.436834
0.42678472,0.50806016
0.43579713,0.5559563
0.4965428,0.59273994
0.5407325,0.66826254
0.5652626,0.7238296
0.61388826,0.7723726
0.6714898,0.80963135
0.7108164,0.8064233
0.722034,0.82504106
0.7424318,0.8550181
0.7326923,0.85552406
0.6910631,0.9204263
0.6691881,0.77848166
0.6496675,0.78311026
0.59992146,0.724911
0.5332536,0.64953226
0.45650175,0.5952609
0.40484285,0.41223207
0.36379582,0.36420363
0.3256422,0.3364655
0.30394536,0.29606104
0.29038972,0.29089135
0.28335178,0.30783576
0.28264984,0.29363042
0.3063771,0.31800735
0.3476681,0.33603474
0.38003388,0.37174103
0.43597475,0.4116056
0.50321907,0.44362888
0.5683632,0.49476832
0.6174968,0.5360672
0.6629421,0.53964895
0.68661517,0.58110046
0.6827895,0.59938735
0.64787143,0.61746603
0.60555446,0.6213344
0.5751158,0.60292935
0.556571,0.58987737
0.5398068,0.52135533
0.50357336,0.45707485
0.46890527,0.43297774
0.44051978,0.42473337
0.40661162,0.36459973
0.38444704,0.32987356
0.37011087,0.31058776
0.35908175,0.3254138
0.35486883,0.2924719
0.34568644,0.30105138
0.3495148,0.32088223
0.37069565,0.35533437
0.39653605,0.37976065
0.42839018,0.4115953
0.45264694,0.434849
0.44017884,0.46189308
0.4352099,0.49148706
0.46900117,0.4985353
0.47307733,0.5399428
0.47755086,0.5432428
0.48429102,0.5390524
0.48392746,0.58200073
0.48182344,0.52217895
0.4881833,0.5112829
0.488506,0.51499265
0.44973078,0.47257838
0.40274265,0.40405318
0.35720563,0.36277035
0.31991753,0.3236433
0.29909536,0.28997397
0.28929138,0.27928755
0.29233164,0.29525742
0.30932254,0.29832605
0.3374134,0.35732135
0.3825403,0.3929601
0.42618388,0.42583737
0.46476865,0.45714745
0.5094269,0.5063925
0.5599209,0.5176672
0.6073448,0.5643688
0.6511408,0.6241315
0.6913408,0.65453136
0.7273183,0.66421044
0.75408304,0.6780298
0.76618636,0.68911535
0.7446941,0.6759223
0.7201163,0.6513854
0.69291645,0.60553133
0.6579033,0.5737911
0.58977836,0.49455878
0.5186822,0.4499584
0.45291772,0.44555154
0.40051958,0.4060332
0.36918935,0.3689859
0.34147418,0.33745977
0.33244312,0.3475492
0.3402113,0.35264218
0.3657628,0.3969589
0.40900838,0.4476154
0.45108017,0.52742857
0.49802703,0.5334208
0.56363106,0.6083071
0.592335,0.63851917
0.5521459,0.67338645
0.56823,0.7128376
0.61936367,0.7583095
0.63745517,0.77317774
0.6584508,0.77569187
0.6816443,0.81096405
0.6798009,0.805022
0.65902996,0.74957067
0.6310719,0.74701846
0.5961168,0.66717947
0.5314598,0.5902184
0.460494,0.5450762
0.39244872,0.41850796
0.3452102,0.3871205
0.31000268,0.34693038
0.29223368,0.32452917
0.2820046,0.33454487
0.29532146,0.35790342
0.32585564,0.3762941
0.36577684,0.42453828
0.39141852,0.4628887
0.42144924,0.46263352
0.44240314,0.50668883
0.45259815,0.53494304
0.44881567,0.5560897
0.44552374,0.5894176
0.47367725,0.6297766
0.49673134,0.63336533
0.54515696,0.6514888
0.58789593,0.6742234
0.59775805,0.67892194
0.5828969,0.59888935
0.56801134,0.6139878
0.53815365,0.5583716
0.48243287,0.4962947
0.41626275,0.4552206
0.36461627,0.38639864
0.3215739,0.3374869
0.2991049,0.31327602
0.27909157,0.30582002
0.2730359,0.3061859
0.2775797,0.31464353
0.3062812,0.34956935
0.35093036,0.40562108
0.38886973,0.43806708
0.42622542,0.4444772
0.46883404,0.47917232
0.51445526,0.5098065
0.5412499,0.53472763
0.58850527,0.5604202
0.632708,0.5836769
0.6447582,0.5863329
0.65988827,0.60850424
0.6541038,0.6034444
0.6340842,0.6331379
0.6104376,0.5874034
0.5800629,0.54885983
0.54473454,0.5032434
0.4893933,0.4733774
0.42825273,0.3973241
