true,forecasted
0.12474819,0.109613985
0.08558912,0.08027621
0.06061235,0.052335627
0.04635461,0.0429894
0.049339414,0.054609247
0.07383125,0.0764104
0.117402695,0.11789645
0.15498608,0.15840966
0.17415959,0.17894354
0.18474919,0.20427841
0.19525528,0.22681484
0.21254672,0.24648826
0.23188795,0.28079045
0.2534762,0.30866408
0.28153026,0.32805866
0.3106645,0.363027
0.3405231,0.38011262
0.36111933,0.4069125
0.35520396,0.39556
0.3331354,0.3854558
0.31973055,0.3543535
0.29253814,0.3131843
0.22688706,0.264686
0.15879102,0.19679458
0.10675495,0.102406114
0.06958175,0.07258402
0.048550878,0.047103472
0.03768236,0.039666425
0.040245205,0.049913175
0.067617334,0.07146307
0.1097642,0.11966781
0.14954132,0.15589863
0.16577548,0.1739726
0.1721984,0.19708595
0.1796221,0.21376342
0.19173963,0.22824211
0.20604122,0.25234243
0.22887062,0.2756498
0.26168197,0.29371938
0.28523853,0.32053083
0.30407798,0.34234443
0.31150907,0.36789298
0.29926836,0.35411888
0.28484914,0.34284294
0.2814246,0.31718814
0.26219875,0.28189477
0.20615263,0.23232366
0.14242744,0.1699814
0.09388464,0.09527978
0.062104292,0.067871094
0.038670678,0.042133376
0.026543453,0.037982684
0.0320272,0.04531256
0.056677528,0.067500405
0.0994233,0.10629423
0.13816848,0.14445806
0.16009125,0.15617734
0.1677768,0.19566932
0.17902829,0.21759024
0.19991635,0.24108016
0.2267498,0.2746239
0.23778027,0.3060794
0.23624796,0.32043806
0.24946016,0.36127517
0.26262668,0.380597
0.27219638,0.40473804
0.26926926,0.38957307
0.25402826,0.3805236
0.24298371,0.34568715
0.2252936,0.30460042
0.18418166,0.2581724
0.12947202,0.19430822
0.0843964,0.1367015
0.05276093,0.10948936
0.033267215,0.086689755
0.019725569,0.07320225
0.018312067,0.07979012
0.021825403,0.10152411
0.030297179,0.13361542
0.057316106,0.18757097
0.089065544,0.20359623
0.1183511,0.24919683
0.14520347,0.28407884
0.17030388,0.32917994
0.1942845,0.3899322
0.22392763,0.41646355
0.26383117,0.43649617
0.3054795,0.4838057
0.35170493,0.49344692
0.38153425,0.5167748
0.38921148,0.5049458
0.36829942,0.48360318
0.33964092,0.44989908
0.31719792,0.389669
0.26631144,0.33444333
0.20882784,0.26485842
0.1540093,0.11267099
0.11489844,0.08524958
0.08810629,0.060609672
0.0673398,0.04663525
0.05939933,0.053494636
0.05519966,0.07344329
0.055625536,0.10372263
0.08548946,0.1534209
0.13492692,0.17965257
0.1873328,0.2303532
0.24166664,0.2766402
0.29346186,0.32871497
0.3442842,0.3915617
0.39280602,0.44045764
0.44543752,0.47630396
0.46984586,0.5337954
0.50041735,0.5608655
0.5261997,0.5885149
0.51263475,0.5832783
0.4880179,0.5539569
0.46776494,0.5135968
0.44461763,0.4518887
0.38096026,0.38406163
0.30676287,0.30722067
0.24510753,0.19501495
0.20348944,0.1570817
0.17383753,0.12885925
0.16213918,0.11812338
0.16753341,0.123801224
0.19571806,0.14819397
0.24238159,0.18887664
0.29709816,0.24590185
0.3471299,0.2672473
0.37859488,0.29881525
0.40798473,0.31445828
0.41857457,0.34363303
0.41950682,0.38679984
0.4301151,0.38807273
0.44063205,0.40286654
0.43609485,0.42265406
0.43384692,0.41472805
0.43143147,0.4408778
0.43265674,0.4171803
0.38585317,0.39730957
0.35369885,0.36923134
0.32852808,0.3208704
0.2592181,0.27052057
0.1885885,0.20170632
0.13042757,0.13098237
0.09223191,0.09804795
0.06878122,0.06991583
0.057687763,0.053989317
0.062562004,0.069865614
0.08392023,0.09049056
0.1255411,0.1404045
0.17156605,0.18459952
0.19730413,0.21084598
0.20303933,0.23351538
0.2246375,0.2522838
0.2387702,0.27402803
0.25532526,0.30938995
0.28817075,0.3349343
0.31563056,0.36442697
0.35360312,0.39740962
0.38840336,0.411474
0.40918505,0.44605267
0.4088051,0.4343863
0.37915155,0.4081738
0.36511576,0.38076514
0.3473952,0.3363557
0.28010523,0.2786839
0.20518716,0.20728044
0.14683267,0.11365712
0.106593,0.08483196
0.08200173,0.057008475
0.06935012,0.04504114
0.07283139,0.058812015
0.09624263,0.07983803
0.14056224,0.121972576
0.18564315,0.16341165
0.21476561,0.18263721
0.23571758,0.21484676
0.25657797,0.23486283
0.2490712,0.2601159
0.22553793,0.29703838
0.24723552,0.32553625
0.285514,0.34876388
0.30430385,0.38757718
0.3335615,0.40480205
0.36563253,0.4346089
0.36917356,0.4214354
0.35174736,0.40334678
0.3250535,0.37197316
0.30319673,0.32875016
0.23926713,0.27531326
0.1663197,0.20714085
0.115832314,0.10480872
0.07791949,0.07473871
0.0557951,0.048564006
0.04290818,0.036586467
0.048447754,0.049213335
0.070541695,0.06948371
0.102438316,0.10770193
0.14610988,0.14895344
0.174041,0.16845345
0.1924352,0.2068905
0.21106033,0.23376924
0.23490736,0.26508164
0.26825392,0.30889562
0.30000222,0.34609032
0.33666304,0.37175754
0.37356517,0.4215098
0.40637952,0.44194368
0.43033242,0.4741042
0.4179752,0.46055344
0.38317776,0.43906856
0.35400084,0.40668646
0.32653484,0.35969415
0.2597104,0.304874
0.18960959,0.2327809
0.18867248,0.11977479
0.18773538,0.09283082
0.18679827,0.06300732
0.18586116,0.054088127
0.18492405,0.06466609
0.18398695,0.08470407
0.18304984,0.12365641
0.18211274,0.1684841
0.18117563,0.18358663
0.18023853,0.21623111
0.17930143,0.2377879
0.17836432,0.26236528
0.17742722,0.3033827
0.17649011,0.3282596
0.17555301,0.3474168
0.1746159,0.3835562
0.1736788,0.39698622
0.1727417,0.42185104
0.17180459,0.40910503
0.17086749,0.39538264
0.16993038,0.3605955
0.16899328,0.31934798
0.16805618,0.269616
0.16711907,0.20290384
0.16618197,0.08471781
0.16524486,0.060446836
0.16430776,0.03310538
0.16337065,0.028239768
0.16243355,0.039688937
0.16149645,0.057665467
0.16055934,0.08353863
0.15962224,0.124384746
0.15868513,0.13712153
0.15774803,0.18623058
0.15681092,0.21643963
0.15587382,0.2524848
0.15493672,0.297246
0.15399961,0.33765417
0.15306251,0.36241302
0.15212539,0.4163182
0.15118828,0.442955
0.15025118,0.46907294
0.14931408,0.45896205
0.14837697,0.43994373
0.14743987,0.39927316
0.14650276,0.36037293
0.14556566,0.30878294
0.14462855,0.24188778
0.14369145,0.08758834
0.09807208,0.062076278
0.06835927,0.03532462
0.048092477,0.029552143
0.04066577,0.04067801
0.03221476,0.05865985
0.033802208,0.08193554
0.05757841,0.12648651
0.09975228,0.13927115
0.14358926,0.19210532
0.18571374,0.22561154
0.22624964,0.26484418
0.26315498,0.31585658
0.29845652,0.3600123
0.33806846,0.38443685
0.3801159,0.44152582
0.42264366,0.46767697
0.44476226,0.49496293
0.44562486,0.48795182
0.41824812,0.46704876
0.38193265,0.42608967
0.35283926,0.38168928
0.29016608,0.3275957
0.21806623,0.25842634
0.15707622,0.14018232
0.11465136,0.10703636
0.08333126,0.086030245
0.072647065,0.06825502
0.074208446,0.07356344
0.086866505,0.09211535
0.11296817,0.12691253
0.15271206,0.17569603
0.20271058,0.21073028
0.25472313,0.25698942
0.31159514,0.30814135
0.36657286,0.36148196
0.4226282,0.4233184
0.46621647,0.46977696
0.49829075,0.50957465
0.541302,0.56423
0.58652645,0.5923593
0.60275644,0.6211411
0.58483195,0.6076006
0.5433735,0.57326776
0.51125586,0.5396007
0.4815998,0.47213843
0.41062763,0.4025647
0.33291253,0.32722458
0.26579952,0.20864022
0.22059402,0.16981839
0.18702851,0.1432207
0.16819713,0.12928781
0.17347832,0.13224587
0.20163691,0.15386389
0.24066979,0.19457941
0.2847084,0.25064123
0.31262153,0.28373352
0.33965635,0.31832513
0.35375792,0.34585658
0.37202224,0.38380653
0.40782923,0.43169865
0.42386636,0.44187102
0.4220976,0.46916464
0.4278773,0.49260774
0.43117934,0.49393854
0.4240913,0.51939327
0.4112579,0.49245128
0.39132884,0.46477968
0.38195643,0.4357819
0.3637145,0.38138786
0.30662817,0.32225633
0.23775004,0.25101188
0.18498935,0.16021065
0.14443523,0.13094792
0.114999026,0.102569476
0.099980205,0.08848612
0.10348178,0.09881631
0.1284417,0.12298951
0.1626068,0.1781634
0.20090859,0.21725956
0.22649072,0.23551768
0.24206737,0.24687606
0.25049484,0.2451379
0.25805214,0.25503054
0.25471458,0.27315536
0.25432655,0.26834536
0.24749598,0.27376807
0.24916187,0.278496
0.25525928,0.27650875
0.2654537,0.296261
0.2573222,0.28956053
0.24596943,0.27814016
0.2416002,0.2580154
0.22090177,0.2252735
0.17412314,0.17556484
0.124452434,0.12223808
0.086864665,0.08855116
0.05939287,0.06383668
0.047700517,0.041369356
0.040013123,0.034332287
0.05229722,0.04125899
0.080156125,0.06462735
0.12305623,0.1118809
0.16575263,0.14075302
0.18948086,0.14774635
0.20806907,0.1759384
0.2179818,0.18099025
0.22686999,0.19571967
0.22865008,0.20671764
0.23371233,0.22050345
0.23201598,0.22082397
0.23178644,0.24175403
0.23757656,0.26308575
0.2513219,0.28154308
0.24819316,0.26595277
0.24515045,0.26594877
0.24612331,0.24470934
0.2333958,0.21589778
0.19082744,0.16939451
0.14503759,0.11967835
0.10488859,0.09117341
0.077885576,0.06746922
0.061441027,0.04214364
0.05777497,0.03635099
0.06323611,0.04506872
0.08889528,0.06473024
0.13228956,0.099542275
0.17844461,0.13974388
0.2185168,0.14545178
0.24250339,0.18951362
0.26214337,0.2109456
0.26982823,0.23684685
0.28699142,0.2758034
0.2999946,0.3051043
0.31763417,0.3133724
0.329112,0.3573461
0.3333691,0.37277144
0.33324727,0.3963321
0.3217342,0.37954044
0.31127816,0.3743418
0.30961272,0.33784807
0.30567443,0.29722476
0.26942474,0.25299746
0.22038777,0.19275784
0.18060581,0.13713777
0.14501268,0.10737356
0.12200678,0.08344565
0.10962579,0.06921142
0.10441796,0.075809866
0.113182954,0.09576248
0.12271157,0.12525906
0.15573978,0.1763192
0.2014978,0.20072344
0.2424042,0.24599731
0.28761706,0.28913578
0.33100396,0.33464718
0.37284562,0.39476618
0.3895338,0.43320978
0.40386233,0.4601964
0.4160108,0.5104038
0.43619707,0.52740204
0.45320567,0.55204606
0.46847504,0.54368263
0.454493,0.51794326
0.42969063,0.48109832
0.41024905,0.41844985
0.35998568,0.360897
0.303256,0.28941566
0.24407147,0.19643372
0.19086759,0.15885954
0.15742135,0.13256006
0.12810281,0.11674431
0.11399433,0.1149146
0.10550271,0.13141102
0.107862085,0.16418025
0.14967304,0.2215181
0.20193544,0.2670732
0.26752284,0.32217237
0.34286726,0.38017246
0.39979625,0.44291204
0.44702798,0.5076844
0.485091,0.5494162
0.5019995,0.5925369
0.53497833,0.63812083
0.5589232,0.6669568
0.5947691,0.6900166
0.58734614,0.66825765
0.5776205,0.6295575
0.5381477,0.5912161
0.5062028,0.5216519
0.43805027,0.44621855
0.3591261,0.36655435
0.2984284,0.26656628
0.24827528,0.22420003
0.21522032,0.1915705
0.19965519,0.17518845
0.20178433,0.17198953
0.22559445,0.18666722
0.26445198,0.21934944
0.32168734,0.28194487
0.3682385,0.33639845
0.43205047,0.40145501
0.4894743,0.45537212
0.5598792,0.51992595
0.61332184,0.5839947
0.6285732,0.6128242
0.63008547,0.6536566
0.64154476,0.6821392
0.686302,0.701898
0.7253063,0.7248605
0.6903358,0.6867697
0.61742485,0.64715964
0.5651064,0.60153884
0.51594025,0.5407751
0.43850154,0.46078855
0.36018616,0.3809363
0.28982487,0.24833286
0.23689207,0.20599891
0.19943003,0.17941496
0.17463206,0.16075574
0.17130028,0.16912259
0.19136268,0.1896233
0.2333739,0.2416998
0.27606267,0.29420835
0.3078061,0.3315704
0.35051888,0.35894853
0.39486432,0.3766552
0.45608804,0.4085822
0.51654816,0.44813973
0.548768,0.45078343
0.5796592,0.4742551
0.54138416,0.49172702
0.47591096,0.484906
0.45508704,0.5161998
0.4706113,0.4764197
0.47230282,0.44814432
0.44756296,0.4244123
0.4152769,0.3714522
0.34526747,0.31021196
0.27257425,0.23984425
0.21236055,0.18723185
0.17179099,0.15184687
0.14251488,0.1269209
0.12908398,0.10625006
0.12851852,0.11326359
0.14995012,0.13261986
0.18687601,0.17671715
0.24439721,0.22743726
0.2842816,0.25920108
0.31846377,0.29181784
0.3534617,0.3179101
0.3802972,0.3546878
0.39319798,0.40416738
0.40459412,0.4220611
0.4257798,0.45387968
0.45820978,0.4884899
0.4710065,0.49443856
0.48178276,0.52339876
0.47177866,0.5014332
0.44589016,0.46462798
0.4273361,0.4385009
0.3984522,0.384615
0.33146396,0.32574886
0.2543268,0.2549662
0.18931106,0.15517867
0.14021526,0.1244427
0.11184535,0.09806615
0.09686806,0.077712834
0.09970429,0.08352786
0.12055429,0.10216141
0.15551277,0.13444568
0.19927476,0.18004626
0.23151721,0.21505168
0.2586785,0.26047
0.29164118,0.29878932
0.3294119,0.34475923
0.374075,0.4022242
0.417562,0.44189876
0.45951325,0.48061827
0.5032321,0.5307785
0.54613936,0.55461824
0.56773174,0.5844708
0.5554507,0.5665709
0.5202827,0.52760994
0.4723494,0.49489635
0.43750882,0.43991992
0.3609424,0.37313282
0.28181404,0.29620558
0.21506067,0.18797928
0.17114595,0.15425168
0.1391695,0.127727
0.12317528,0.11050598
0.124711506,0.11280551
0.14419161,0.13228507
0.17914087,0.16257332
0.22835293,0.21263589
0.27715182,0.24508119
0.3255721,0.29043856
0.3755367,0.3265122
0.4269093,0.37282142
0.47656408,0.4295365
0.5210327,0.45686516
0.54397124,0.48831585
0.5600231,0.5296342
0.5608809,0.5459306
0.5137839,0.5704389
0.4466418,0.54617655
0.40744305,0.5095553
0.39054656,0.47868657
0.37355617,0.42180124
0.32609487,0.36063737
0.2715693,0.2865949
0.22355251,0.1992752
0.18378393,0.1648607
0.15987277,0.13788985
0.14183454,0.12155379
0.13465607,0.12238183
0.13836482,0.14010653
0.14491832,0.16507736
0.17433976,0.21592017
0.22018199,0.2508823
0.2734689,0.30340505
0.31929985,0.34438196
0.36337537,0.39539874
0.41310513,0.45538118
0.43244842,0.4851352
0.44392022,0.5175886
0.47254804,0.55937433
0.4918466,0.57804906
0.5100087,0.6007914
0.49634248,0.5739498
0.4755257,0.5365099
0.45372868,0.50185406
0.42651203,0.44335726
0.3788512,0.38203192
0.3207152,0.30858
0.2717089,0.22049195
0.23001374,0.1860706
0.20367053,0.1564776
0.18599728,0.13931361
0.17843585,0.1341627
0.17576341,0.14771216
0.17687008,0.16497454
0.20636211,0.21747106
0.25734872,0.2691661
0.31375173,0.34023055
0.3707527,0.4037908
0.4481575,0.475831
0.5078888,0.54767257
0.5629076,0.5936223
0.5839971,0.63997245
0.5772922,0.6871997
0.6108649,0.72072685
0.65709585,0.7412517
0.6438183,0.711487
0.601492,0.67192215
0.56359786,0.6235809
0.5264673,0.55660766
0.46185303,0.47816157
0.38978338,0.4014386
0.32270497,0.31450385
0.2748787,0.27121904
0.24860658,0.23616979
0.23470065,0.21786143
0.2390092,0.22106498
0.24838625,0.23535293
0.27731514,0.26532954
0.33486056,0.3256242
0.3808117,0.37904915
0.42352676,0.44314715
0.4663602,0.4957064
0.5154458,0.5600184
0.564657,0.6265369
0.6153686,0.6531767
0.6760153,0.6824305
0.70562893,0.7063089
0.74675936,0.7151681
0.76736367,0.73955303
0.74521667,0.69245493
0.6715038,0.65627086
0.5999428,0.60927886
0.55716866,0.5472017
0.48813,0.46923465
0.4132486,0.39129087
0.34956056,0.31244403
0.29259098,0.26727393
0.25200477,0.2319994
0.22552063,0.20824076
0.21264847,0.20754606
0.21150628,0.21891397
0.21812806,0.25646412
0.25986704,0.31801653
0.32485417,0.38088688
0.40221122,0.4550679
0.47954473,0.52268463
0.5471392,0.5968068
0.5821039,0.66714793
0.60991275,0.71358407
0.6283748,0.75869477
0.66570854,0.7978089
0.69516486,0.8270198
0.6730587,0.85033315
0.6512824,0.8088133
0.62006634,0.75404525
0.5754994,0.7053657
0.5355119,0.63620317
0.4880825,0.54780304
0.42444104,0.46284536
0.3555168,0.32464784
0.29411337,0.28277323
0.25409794,0.24495983
0.23028712,0.22252594
0.2307446,0.22369996
0.25274786,0.23432252
0.29993415,0.2624452
0.36507055,0.32560396
0.4328233,0.38482094
0.50655395,0.46233517
0.5828597,0.52719086
0.64655465,0.60426635
0.7013732,0.67914873
0.73063457,0.71937084
0.7354184,0.7566531
0.7223363,0.79107517
0.7016021,0.81050944
0.7390833,0.8329459
0.7595953,0.7837275
0.7377002,0.73831046
0.6869542,0.68121415
0.64675194,0.6165878
0.5560461,0.5308615
0.46353573,0.44952175
0.38874364,0.35895965
0.32664764,0.31461966
0.28527293,0.275223
0.26434863,0.25508466
0.26190713,0.2564699
0.2820422,0.27557087
0.3194401,0.30038494
0.3997711,0.3648229
0.48230183,0.41649267
0.5548292,0.4850365
0.62820774,0.5350968
0.68236005,0.60200834
0.7190084,0.6679961
0.721138,0.69070005
0.7249139,0.7121676
0.69132876,0.73270476
0.7257204,0.7331312
0.7769968,0.75382483
0.78305125,0.701101
0.74691206,0.6640602
0.69471776,0.6144803
0.64481753,0.55224764
0.5654889,0.4765151
0.47138485,0.39893124
0.39221427,0.35456902
0.33238745,0.3128069
0.29180428,0.27260977
0.2683838,0.25507808
0.261547,0.25350222
0.27952087,0.2729325
0.3163757,0.29629695
0.38752,0.3590428
0.46493793,0.4055672
0.5414144,0.47703338
0.6220887,0.52476996
0.6867362,0.58806527
0.67963433,0.64958507
0.6381053,0.67187667
0.6143411,0.6898507
0.6596732,0.71030813
0.7095721,0.71455026
0.7474256,0.73014665
0.732622,0.67709875
0.67051107,0.6439581
0.62311065,0.59344035
0.5889982,0.5317451
0.52511287,0.45845807
0.4524363,0.38324574
0.39096066,0.32770377
0.33956385,0.29048857
0.30003288,0.25081322
0.27175134,0.2298749
0.25706705,0.23062739
0.25390115,0.24838781
0.25948316,0.26937696
0.2969964,0.32700205
0.36139917,0.3782294
0.4419865,0.44718626
0.51643604,0.49770448
0.5883935,0.5610001
0.63914204,0.6234542
0.66321725,0.65599203
0.6843886,0.68292534
0.7112073,0.71199995
0.72333425,0.72787595
0.7165962,0.74767506
0.68662065,0.6980138
0.64649236,0.6586312
0.6092668,0.6136262
0.57505906,0.552267
0.5043706,0.4733864
0.42930996,0.39297122
0.36325377,0.29936105
0.30739847,0.26559854
0.27049956,0.22741473
0.24510777,0.21161926
0.23450063,0.212807
0.22954704,0.23339951
0.23074529,0.25334796
0.26029247,0.30722415
0.31776083,0.3416673
0.3860629,0.4020351
0.45167127,0.43464538
0.504456,0.4857313
0.55085075,0.5369925
0.58916014,0.55705994
0.60220623,0.57351685
0.5365134,0.59843624
0.4732757,0.60737836
0.4531413,0.62415206
0.44114858,0.57479966
0.43054214,0.5482192
0.41407937,0.50830597
0.39853707,0.45381233
0.339284,0.38741893
0.27449992,0.3152603
0.21600331,0.21197751
0.1776127,0.18496539
0.14892189,0.15307824
0.13662188,0.13307531
0.1410038,0.12834892
0.16639559,0.14759374
0.21170214,0.15901694
0.26553074,0.2040678
0.29868606,0.24472985
0.32020372,0.3143686
0.34706762,0.3644587
0.38860637,0.42355466
0.44883227,0.4853162
0.5032591,0.53196514
0.5508062,0.5704764
0.5978956,0.6224623
0.6446371,0.66139853
0.6756536,0.67862034
0.67041254,0.6483118
0.640607,0.6057154
0.5825093,0.56849974
0.52550274,0.509173
0.43688017,0.43621093
0.3406207,0.36034918
0.26708406,0.24965125
0.21314724,0.21614406
0.17904004,0.18366724
0.16025527,0.16397376
0.15924296,0.15834281
0.17736746,0.17554444
0.22127458,0.18881366
0.2866689,0.2384229
0.34336233,0.29000524
0.39792505,0.3604212
0.4476285,0.4214556
0.49655148,0.4882412
0.5468379,0.554061
0.59180117,0.6036973
0.63313717,0.6448393
0.6716521,0.69231933
0.70922536,0.73219025
0.73955643,0.748762
0.7343645,0.7122815
0.6957395,0.6706436
0.6298753,0.6289288
0.5715298,0.5641915
0.4816568,0.483684
0.38478482,0.4040981
0.30779642,0.3084111
0.25038782,0.2671313
0.21434966,0.2295666
0.19375457,0.20783885
0.18934242,0.2042318
0.20806284,0.21999568
0.24390097,0.24415207
0.3106075,0.30134952
0.37004584,0.35893333
0.43770906,0.43404272
0.50690347,0.50075895
0.56443805,0.5727798
0.61394036,0.6388002
0.6566526,0.6907822
0.702177,0.7313421
0.73518515,0.7727153
0.76962453,0.81068647
0.79639935,0.82604223
0.7890045,0.7862992
0.7493598,0.7363374
0.6993276,0.6910801
0.6468652,0.6231696
0.5511142,0.53715336
0.45503074,0.4535492
0.3737241,0.368978
0.3123057,0.32431
0.2695276,0.28085083
0.24404216,0.2557253
0.2420669,0.2543473
0.26390755,0.26759732
0.30281606,0.29512507
0.37451497,0.35963225
0.43238637,0.4248616
0.49089402,0.5150356
0.5591753,0.59131294
0.6356827,0.6739823
0.700351,0.74663013
0.75971246,0.8047754
0.79527885,0.843531
0.82932353,0.8835855
0.8712171,0.91948056
0.89487195,0.9343853
0.87532884,0.8887663
0.839099,0.8325791
0.79866856,0.7758799
0.7604272,0.7039494
0.67855626,0.6107711
0.5984765,0.5228773
0.51690966,0.3999858
0.4506871,0.35015208
0.39309072,0.3077493
0.34949875,0.2830945
0.3293683,0.2915029
0.3348465,0.3108728
0.355233,0.35324332
0.40225598,0.4159336
0.45368114,0.47012815
0.5162863,0.5293786
0.56570065,0.57377297
0.63724774,0.62945527
0.6903289,0.6833344
0.7447534,0.7056753
0.782529,0.7261485
0.8167935,0.73899883
0.8251767,0.74484825
0.79457706,0.76653194
0.7199245,0.71191347
0.63429385,0.6683446
0.59422725,0.6268577
0.5554908,0.5674037
0.48232606,0.48779118
0.40682083,0.40395325
0.33835405,0.30729508
0.2829417,0.27203438
0.24620406,0.23483764
0.22319193,0.2109491
0.21145806,0.2121118
0.21127234,0.231897
0.21901742,0.26069766
0.2712858,0.313616
0.3539397,0.36406103
0.44339398,0.42717054
0.5354231,0.47409633
0.60802126,0.53332686
0.64759123,0.5893052
0.68116343,0.6248076
0.70839965,0.65880334
0.746258,0.6928963
0.77998734,0.71599126
0.80050904,0.73542476
0.77896255,0.6920912
0.7343788,0.64768255
0.71215755,0.6106143
0.6864755,0.5477209
0.62055546,0.46715772
0.5327592,0.38845876
0.43963727,0.33422118
0.37332892,0.29706228
0.32631496,0.2574511
0.2938561,0.23663254
0.27427545,0.23635206
0.26951033,0.2560689
0.26987875,0.27829897
0.2928849,0.3379035
0.33620462,0.38430485
0.3827055,0.45457056
0.42781872,0.50203806
0.4670057,0.5647113
0.47279397,0.6233559
0.49048546,0.6526077
0.5183411,0.67716
0.5340449,0.7047995
0.5820225,0.7210263
0.646195,0.7363102
0.6719075,0.6867709
0.6498186,0.6498197
0.62077487,0.603851
0.58253837,0.54185474
0.5173955,0.46558636
0.45512232,0.3881307
0.388431,0.30280817
0.33584705,0.26706925
0.2977093,0.2296011
0.27505797,0.20876776
0.2756285,0.20615256
0.3015267,0.22278714
0.33752608,0.23763782
0.3748933,0.2927686
0.41885164,0.34595603
0.45683783,0.42014882
0.51184666,0.47980484
0.57352185,0.5495341
0.63000214,0.6179449
0.68027335,0.660624
0.72066,0.6947094
0.75035,0.73289245
0.77294797,0.76153183
0.7858836,0.77845407
0.7669521,0.7338861
0.7210873,0.6930272
0.67606145,0.64517003
0.6275058,0.5819897
0.53434366,0.5010367
0.43826714,0.42026308
0.36717984,0.34430742
0.31103408,0.304722
0.27639166,0.26262242
0.25256076,0.23975562
0.25089443,0.23890647
0.26946026,0.25698492
0.2997399,0.27697408
0.36093456,0.33667612
0.41654715,0.3929526
0.47084293,0.4703281
0.52203625,0.53297347
0.5728699,0.60191685
0.6201995,0.66703075
0.66487277,0.71498054
0.70034707,0.7453619
0.7381588,0.7811457
0.7680659,0.80999064
0.785544,0.82581425
0.7639828,0.7791449
0.7148929,0.7349316
0.6623468,0.6849329
0.60587347,0.6198049
0.5143094,0.53543717
0.42073253,0.45084807
0.34796134,0.32717186
0.295878,0.29024217
0.26394168,0.2497006
0.2502976,0.22855036
0.24527295,0.22778636
0.27089268,0.24962911
0.31634134,0.26867375
0.358437,0.3231598
0.3812853,0.37336972
0.3986515,0.4433873
0.42939672,0.49499157
0.4679428,0.55654603
0.52342486,0.61375225
0.591015,0.6540451
0.64582795,0.681682
0.69040644,0.7141257
0.7323325,0.7386521
0.7487415,0.754066
0.7217067,0.7102618
0.68031514,0.6714839
0.6403052,0.62825924
0.59957623,0.5648348
0.51626736,0.48593104
0.42539635,0.40532836
0.34649548,0.3182414
0.29006872,0.28219074
0.25298664,0.24369004
0.22863623,0.22087486
0.22557437,0.22097519
0.24710424,0.23977458
0.28434667,0.25669566
0.34448445,0.31325734
0.4028913,0.36446202
0.46282148,0.43805867
0.52746624,0.49645075
0.58994913,0.56268215
0.6401719,0.62564725
0.6832086,0.6726278
0.71577007,0.7021189
0.71948,0.73992103
0.7346596,0.76854014
0.7555606,0.78512895
0.7456393,0.73999584
0.7031397,0.69821334
0.65579194,0.65291744
0.60787106,0.58753365
0.5293919,0.50584817
0.44549567,0.42571142
