true,forecasted
0.18126675,0.21146312
0.15431611,0.1787598
0.13813336,0.15934893
0.13277349,0.14401507
0.1381577,0.15028302
0.17369999,0.19955336
0.22170196,0.2700452
0.26566324,0.30429035
0.285213,0.337896
0.29453284,0.34031358
0.3131005,0.3552573
0.32594442,0.36774787
0.34643638,0.37783438
0.36187637,0.37254682
0.36266485,0.38318533
0.35899284,0.3856891
0.38100293,0.38240707
0.38609526,0.41885564
0.38421378,0.42306352
0.35721108,0.40145528
0.3433262,0.3648
0.3193938,0.34776708
0.2707191,0.29906967
0.2060611,0.24234848
0.173377,0.19031349
0.1493264,0.16534775
0.13154237,0.14554176
0.12586388,0.14517713
0.13755259,0.15975547
0.1738396,0.17669842
0.22920647,0.24764721
0.2701101,0.3004273
0.2862953,0.30305028
0.29648727,0.3251879
0.311685,0.32362992
0.32546094,0.34518582
0.33739042,0.37012175
0.35013318,0.35246217
0.35141686,0.39207095
0.3484706,0.40241706
0.35824668,0.40593177
0.35192856,0.3980361
0.3372547,0.42410076
0.32668284,0.3768163
0.31942347,0.3500798
0.29943934,0.33058435
0.2541667,0.26976034
0.1982414,0.21687062
0.16039783,0.14690556
0.13913685,0.12004422
0.12191852,0.11773694
0.116117954,0.103826575
0.12467313,0.12856446
0.16155648,0.15299743
0.20986734,0.19836321
0.2493268,0.23217642
0.27538,0.26161006
0.28712657,0.2788472
0.3020996,0.2958903
0.3091877,0.3215334
0.31859022,0.32640612
0.3256842,0.31624568
0.31457677,0.35181344
0.31656185,0.3485635
0.3265072,0.36791247
0.33270228,0.36357716
0.30382442,0.35742408
0.28306058,0.35014656
0.27054885,0.3325958
0.25043973,0.28722665
0.20426086,0.23632535
0.15069471,0.19610678
0.119220346,0.14189707
0.084089555,0.10852079
0.06647917,0.09203228
0.06557929,0.07300497
0.060169313,0.0821484
0.08196244,0.09843356
0.091070674,0.15344454
0.12186112,0.17505315
0.1528267,0.21344447
0.18235391,0.21767569
0.18780863,0.24761131
0.21080224,0.25812703
0.22151907,0.2597198
0.24009258,0.27815762
0.2616381,0.312541
0.29134288,0.3161049
0.31929848,0.33750492
0.33025753,0.33503184
0.33286622,0.35424834
0.31167576,0.31577662
0.28949788,0.3029876
0.2629495,0.29127157
0.21299066,0.23597789
0.15951936,0.18090023
0.10976529,0.1168305
0.07656267,0.09701128
0.058972716,0.06588349
0.04557863,0.044418886
0.043421835,0.0467409
0.042589083,0.06700538
0.051947337,0.0973701
0.089393005,0.12257373
0.14182141,0.17391145
0.18829359,0.20629117
0.23086031,0.24352443
0.27678868,0.29473266
0.3202543,0.33492184
0.36368632,0.3455479
0.3942399,0.36701646
0.41907024,0.4007823
0.4426811,0.40709326
0.46798718,0.436628
0.4610868,0.42778164
0.4354062,0.40016022
0.4233702,0.38134933
0.39351708,0.3641779
0.34705997,0.29173002
0.29075918,0.23991242
0.24888317,0.21919918
0.21388032,0.20666254
0.20462956,0.18554321
0.1966255,0.16821328
0.2098761,0.20049013
0.24806988,0.2332376
0.30311036,0.29061142
0.35362762,0.3557894
0.39689577,0.39548612
0.4276536,0.4274978
0.46236414,0.46133953
0.48227093,0.5241203
0.4889242,0.565245
0.4863403,0.5620516
0.47431841,0.57828295
0.46612564,0.59062845
0.4536752,0.5909299
0.45461252,0.60949445
0.43339047,0.5866786
0.40816322,0.5772759
0.38412136,0.56042683
0.34992403,0.48783708
0.28820983,0.4151562
0.23544092,0.35109675
0.19616972,0.20747983
0.17311288,0.177734
0.15000641,0.1657575
0.14803398,0.152529
0.15186407,0.1529501
0.1775286,0.20606886
0.23930019,0.2658196
0.27946398,0.31829205
0.30439502,0.32433444
0.32657045,0.34143448
0.34086055,0.35163972
0.3570428,0.36716208
0.3665319,0.3970297
0.38570952,0.3915748
0.38660747,0.39873976
0.4008922,0.417548
0.42390576,0.405472
0.4370834,0.4237601
0.41835034,0.4259231
0.40139368,0.39371994
0.386534,0.37090963
0.36519814,0.35381517
0.29616135,0.29663688
0.24018402,0.24646686
0.19592068,0.20701352
0.16633363,0.18759315
0.1499607,0.17053321
0.1451962,0.15357932
0.15334083,0.1581622
0.19043384,0.2154806
0.24498354,0.27417865
0.28814855,0.32408294
0.31564108,0.34003338
0.33353308,0.3784382
0.35088518,0.3621469
0.34106386,0.39788896
0.34731,0.4414726
0.35113278,0.43280363
0.35081708,0.41999283
0.35081562,0.43514025
0.35711187,0.43158373
0.35822868,0.48141143
0.35372347,0.4415381
0.34787765,0.42118683
0.33543548,0.4210053
0.3171052,0.36897954
0.26979297,0.30557337
0.21330488,0.25857732
0.17462322,0.19454041
0.14430897,0.16828693
0.130409,0.13463876
0.12022724,0.1274691
0.13335574,0.13892493
0.17240173,0.18796499
0.2113626,0.28622535
0.25942928,0.32631633
0.29070273,0.34052208
0.310932,0.3592061
0.32811922,0.33400938
0.3458843,0.36043662
0.36778346,0.3929382
0.38095865,0.39994478
0.3945327,0.4015289
0.41125685,0.41221568
0.4247244,0.42610255
0.43657118,0.45620722
0.42571378,0.44725275
0.40479574,0.4075267
0.3838305,0.3945909
0.3533849,0.36958992
0.29855406,0.29338494
0.23771593,0.23221944
0.23498298,0.20160589
0.23225003,0.1785011
0.2295171,0.15579736
0.22678415,0.15214235
0.2240512,0.15744066
0.22131827,0.1808624
0.21858533,0.23443477
0.21585238,0.28285494
0.21311945,0.297747
0.2103865,0.3318408
0.20765357,0.33220446
0.20492062,0.33743274
0.20218767,0.36538842
0.19945474,0.38944256
0.19672179,0.36307362
0.19398884,0.3589271
0.19125591,0.38218617
0.18852296,0.39960364
0.18579003,0.37830162
0.18305708,0.36028332
0.18032414,0.36618966
0.1775912,0.31559557
0.17485826,0.26045114
0.17212531,0.20584683
0.16939238,0.1661477
0.16665943,0.12523611
0.1639265,0.077722006
0.16119355,0.062995575
0.1584606,0.066807576
0.15572767,0.08286264
0.15299472,0.12764663
0.15026177,0.12393947
0.14752884,0.19109285
0.1447959,0.21690008
0.14206296,0.2516996
0.13933001,0.27004573
0.13659707,0.28477737
0.13386413,0.3283713
0.13113119,0.32660532
0.12839824,0.3376179
0.1256653,0.37971315
0.12293236,0.404558
0.12019942,0.39608663
0.11746648,0.3741771
0.11473354,0.35113952
0.11200059,0.3313977
0.10926765,0.2737169
0.10653471,0.20696667
0.10380177,0.094484404
0.0734058,0.07876896
0.04999679,0.05219484
0.043919932,0.04258477
0.041483447,0.054170925
0.03972017,0.04809749
0.050862134,0.09099508
0.08827278,0.12143242
0.12907329,0.16338682
0.16603838,0.19357762
0.19628452,0.22288546
0.22362868,0.25280905
0.2466578,0.2823592
0.27020058,0.30821174
0.29744017,0.31645828
0.33210203,0.33286557
0.3680184,0.36638406
0.38600284,0.36529514
0.38499546,0.36864394
0.37179157,0.3469029
0.3492309,0.35003775
0.32697663,0.3205443
0.27211076,0.24841759
0.21789718,0.19403167
0.1630999,0.18623775
0.13541427,0.14914298
0.121291526,0.11540761
0.114917465,0.11380834
0.12590134,0.13036482
0.1514511,0.16706392
0.2085005,0.26013687
0.26373652,0.28329042
0.31858635,0.3253061
0.3592716,0.33673415
0.405897,0.36202362
0.45811915,0.3880264
0.4975528,0.43030614
0.5374715,0.45298517
0.5657875,0.46341968
0.5817304,0.4622929
0.5948156,0.48686948
0.6073142,0.5105532
0.58822995,0.49485326
0.549487,0.48256096
0.5206165,0.45330927
0.48741287,0.40326604
0.40680173,0.32799006
0.33989403,0.25231746
0.2833529,0.24579754
0.24562512,0.21464016
0.22610019,0.18857235
0.2087943,0.17121807
0.21514939,0.19858722
0.2512603,0.23699553
0.30680424,0.32610163
0.3526013,0.3712975
0.38118678,0.40632817
0.40073946,0.42349437
0.43312344,0.42432058
0.45379147,0.4535455
0.47775403,0.4960213
0.5086938,0.51946336
0.5170043,0.5340213
0.5312039,0.530831
0.5481406,0.5674977
0.54848886,0.5509557
0.5215431,0.5278558
0.48788178,0.49874207
0.47033173,0.5031663
0.4398628,0.46331838
0.37679246,0.37900272
0.30413333,0.3000446
0.24905537,0.24086502
0.21638198,0.21485628
0.19476737,0.218254
0.17628434,0.18675366
0.18916477,0.19889376
0.21723127,0.2550255
0.26281816,0.29037878
0.30138698,0.3539999
0.3293372,0.3760161
0.33777955,0.38919201
0.3581105,0.41822457
0.37317201,0.45499703
0.38485733,0.4697021
0.3927855,0.46475184
0.3810501,0.47420973
0.3723777,0.48220244
0.36996067,0.4673756
0.37073556,0.47184315
0.3580993,0.4539373
0.34737518,0.44348335
0.3420683,0.4464094
0.32380953,0.39951062
0.27269933,0.3554428
0.21943475,0.29859042
0.18993284,0.1851061
0.16218057,0.15432957
0.15318178,0.14549163
0.14848976,0.13559923
0.15446398,0.15031059
0.19297199,0.20723425
0.24623121,0.27830622
0.28356498,0.32251918
0.31514832,0.32224724
0.3289442,0.33595768
0.34283102,0.3265832
0.35097274,0.34236413
0.3496555,0.35639125
0.34661976,0.35264024
0.33049637,0.3578679
0.3290167,0.36074165
0.32610837,0.37004152
0.33819494,0.37694293
0.33491307,0.36402154
0.32996812,0.339286
0.32505038,0.33521926
0.31685615,0.3002098
0.26860318,0.24738333
0.23021142,0.19420774
0.18853584,0.18897805
0.176028,0.16377768
0.15701623,0.14873734
0.15707363,0.14408296
0.1639813,0.15357594
0.19382712,0.1494238
0.24581094,0.1947053
0.28771514,0.25627044
0.3182001,0.25421187
0.3376346,0.29081705
0.35943744,0.2981922
0.36891827,0.2994061
0.37020728,0.32052824
0.36973596,0.34031916
0.35972396,0.3366493
0.35010934,0.3435975
0.34779495,0.37518486
0.34901586,0.33636725
0.3384299,0.34166107
0.329399,0.3128003
0.32087836,0.3245641
0.3070679,0.30329552
0.26532227,0.2387281
0.21531282,0.17958741
0.17772804,0.17195256
0.14774603,0.13027397
0.13382319,0.10861469
0.108754024,0.08406366
0.11382204,0.094925225
0.1232017,0.08237404
0.14952584,0.09447706
0.18438618,0.12412307
0.23106314,0.18542778
0.2688785,0.21565875
0.31167722,0.24601325
0.34357235,0.26131758
0.37052834,0.25571606
0.3934592,0.31399482
0.41156185,0.29755014
0.43771815,0.28735745
0.4352384,0.34139645
0.4395651,0.32635427
0.43572676,0.31421053
0.41861933,0.32226613
0.39838567,0.33059126
0.3708022,0.29155347
0.3158225,0.22335431
0.25619847,0.17628293
0.20465194,0.21058723
0.16768539,0.18436396
0.14022547,0.14765245
0.11947475,0.13437864
0.1163957,0.123121634
0.11550749,0.13376716
0.12769331,0.13511933
0.18719283,0.17572841
0.24944888,0.21862227
0.3038789,0.28954187
0.35914025,0.31955853
0.40611878,0.38056496
0.44377217,0.4425365
0.47043386,0.4425252
0.47956887,0.45328256
0.49058387,0.48246995
0.50687116,0.46976346
0.53098744,0.5197312
0.52538925,0.5025551
0.50755215,0.4800174
0.47131088,0.43989038
0.44243646,0.38964552
0.3835187,0.33511198
0.31729004,0.28698763
0.26377106,0.26928547
0.23082042,0.23735464
0.21335839,0.21746823
0.20413925,0.20230952
0.21425875,0.20486844
0.25291124,0.2548232
0.3128772,0.3213564
0.372116,0.37762
0.42227575,0.40062776
0.45641765,0.4516654
0.5133897,0.446065
0.56063384,0.50001884
0.6046661,0.5563991
0.63858134,0.55668145
0.6346827,0.56307244
0.63319665,0.5869576
0.645275,0.57447666
0.6439524,0.6139022
0.6298122,0.5875439
0.5970517,0.55986613
0.5346682,0.5304282
0.4814338,0.4709283
0.39070702,0.3948967
0.32395837,0.33812702
0.2793842,0.30803388
0.23333716,0.27125317
0.2149879,0.25007784
0.20544237,0.23470736
0.20992766,0.23776177
0.24066363,0.31133816
0.29410282,0.36655828
0.3404529,0.4282606
0.37205568,0.45311186
0.4070819,0.49530163
0.4480079,0.4808653
0.4721485,0.53585804
0.51730883,0.5850276
0.5543994,0.5904817
0.54551977,0.57952636
0.51996756,0.5846322
0.5001678,0.5771685
0.50150985,0.6144685
0.49858502,0.57642126
0.47774333,0.5605813
0.45321164,0.54290265
0.42450306,0.4681489
0.36885017,0.40334818
0.2966682,0.3447059
0.2494484,0.2553948
0.21885008,0.21947466
0.1978002,0.20248559
0.18857037,0.18678436
0.19612838,0.19228142
0.22469054,0.2338976
0.2746353,0.28563187
0.3249648,0.34500837
0.36389014,0.36057958
0.3891962,0.4058638
0.4130994,0.3943979
0.4172734,0.4337749
0.44445607,0.47359252
0.4607322,0.48771292
0.46030706,0.47827595
0.46321392,0.49160025
0.45822325,0.5008922
0.47000825,0.5162343
0.46602252,0.48737943
0.43810096,0.4641859
0.41782743,0.4571675
0.39173093,0.40321815
0.32915044,0.3271751
0.26732436,0.27607858
0.22094704,0.24553943
0.19006807,0.21526308
0.17115407,0.20588118
0.16568571,0.17945126
0.16399102,0.18548182
0.19260572,0.22809085
0.24152897,0.27926445
0.28986853,0.3354372
0.31789806,0.35360345
0.34572184,0.39235255
0.37921727,0.41238382
0.41679573,0.4516256
0.44746652,0.49810076
0.48999724,0.50925976
0.5126479,0.5266286
0.5311193,0.55347216
0.5616383,0.55438673
0.57467,0.5544801
0.56790197,0.52765423
0.5336895,0.48772773
0.509869,0.48327458
0.46700606,0.44245386
0.38951725,0.3713266
0.31232658,0.3078975
0.25804248,0.27862135
0.20964846,0.23567237
0.18801196,0.2229572
0.17274417,0.19636273
0.17900392,0.19903211
0.20060784,0.23816481
0.2384587,0.2689962
0.29620126,0.32334438
0.34146127,0.3588297
0.37853143,0.40140146
0.42759913,0.4272033
0.47841603,0.4831599
0.5265289,0.5116898
0.54503965,0.517005
0.55120456,0.5445679
0.55239046,0.5654088
0.5524834,0.5581103
0.5549024,0.5780821
0.5314291,0.55987215
0.49752024,0.5261892
0.46379372,0.49027705
0.4297866,0.44436783
0.36144635,0.37876052
0.2910622,0.33030254
0.22888057,0.24312833
0.18336761,0.20625633
0.16156963,0.18620726
0.13925895,0.16405168
0.1352231,0.16396202
0.13761435,0.16984496
0.15125604,0.18480088
0.18304025,0.2355526
0.23569581,0.27275187
0.28331983,0.32545903
0.31792822,0.364508
0.3556847,0.41258043
0.37563136,0.4484764
0.386284,0.45916122
0.389364,0.49080122
0.40452528,0.5135907
0.40912,0.5153507
0.41893598,0.5178536
0.4050837,0.51012105
0.38779676,0.47331396
0.3726686,0.44395953
0.34739414,0.4087002
0.30642194,0.3459474
0.2549756,0.2911426
0.20630966,0.19611028
0.17234044,0.16048054
0.14971797,0.13579309
0.13853662,0.11127778
0.13156328,0.10725285
0.13691051,0.12525861
0.15279701,0.1492744
0.18217295,0.18203129
0.2475752,0.22851238
0.293774,0.27808952
0.33384585,0.31188247
0.379979,0.34717458
0.42083204,0.3808179
0.45932207,0.41920397
0.48665553,0.42245597
0.5103807,0.44055346
0.5482758,0.46779105
0.5614695,0.48304746
0.55307,0.45506504
0.52325386,0.42652833
0.48827335,0.41837618
0.45549586,0.3813156
0.38732105,0.31139225
0.32166004,0.25536236
0.26148245,0.28514147
0.20968105,0.25004038
0.1928966,0.23713699
0.17540976,0.21900883
0.17343003,0.2367698
0.1883009,0.2820419
0.22617023,0.36521068
0.27552396,0.4190534
0.32658213,0.46149102
0.36844158,0.5000247
0.41307753,0.53322977
0.44906977,0.5833737
0.48343882,0.6409215
0.5191514,0.65975326
0.5594431,0.69827217
0.58792645,0.70224917
0.6268124,0.71507454
0.6321343,0.72234565
0.588319,0.6855518
0.5519848,0.64739233
0.5072905,0.62131566
0.46534932,0.5463815
0.41048393,0.45889887
0.34157023,0.38617885
0.28784648,0.29726368
0.2405965,0.258545
0.21406175,0.24026161
0.18906116,0.22222674
0.17639817,0.22810337
0.1802409,0.26415133
0.18629587,0.32339522
0.22625974,0.39042577
0.2927788,0.41050288
0.35857356,0.46048597
0.42163855,0.48197022
0.47532678,0.5370728
0.50577384,0.5948451
0.52624196,0.59707683
0.54802483,0.6349264
0.5700762,0.6560474
0.59870505,0.655938
0.6111657,0.6587418
0.60850596,0.64355993
0.5874434,0.5934179
0.53562987,0.5552673
0.48124945,0.5180082
0.42648718,0.43367872
0.35949534,0.3677998
0.29773104,0.3162358
0.24882723,0.2736286
0.2191609,0.23661625
0.1988392,0.21757087
0.20683013,0.22741972
0.23718037,0.24785623
0.3028623,0.3099012
0.3993595,0.37797508
0.4773386,0.41784337
0.54290867,0.46327767
0.6074543,0.5015757
0.66053015,0.5552374
0.70753497,0.624493
0.75297934,0.6556948
0.7734178,0.6731847
0.7890776,0.6903794
0.8104879,0.6962454
0.82429695,0.6993845
0.8216649,0.6905049
0.7989228,0.6419878
0.7335828,0.6123809
0.6729091,0.5627148
0.5868354,0.4710764
0.48962757,0.38781273
0.41281876,0.41177455
0.35870537,0.36412355
0.3221805,0.3302563
0.29752576,0.3075313
0.2974893,0.31233287
0.317524,0.34514296
0.3714968,0.40269384
0.44735512,0.48099044
0.5239864,0.52811366
0.5943516,0.5992032
0.6671946,0.607291
0.7278148,0.67825615
0.7487022,0.7506437
0.76430416,0.77809864
0.7697414,0.7825144
0.78043,0.7982724
0.7989534,0.80462223
0.8112317,0.8309097
0.7971877,0.78528345
0.75669026,0.7468285
0.7051612,0.7126687
0.6554879,0.6359065
0.57218003,0.5372792
0.48209193,0.46605006
0.41191837,0.41684708
0.35803655,0.36225605
0.3300795,0.33694535
0.31241122,0.31144232
0.3020529,0.30387014
0.32658944,0.34485868
0.37242052,0.39644763
0.43867397,0.47587758
0.5007856,0.50172526
0.5715574,0.5633458
0.6366401,0.57121295
0.688977,0.6294371
0.7264733,0.67884266
0.74129844,0.7012926
0.705473,0.72345006
0.67017347,0.7350259
0.6803844,0.7293375
0.68173665,0.7453663
0.6542524,0.7199439
0.6228486,0.6595772
0.58303404,0.6197714
0.55041075,0.5707454
0.47915784,0.48943838
0.40723854,0.41953772
0.33253932,0.33512112
0.2876417,0.29125497
0.255678,0.26362318
0.23135257,0.24722901
0.22853813,0.24621072
0.2256629,0.24924725
0.24299894,0.26754448
0.29577562,0.345751
0.36832437,0.36757138
0.4356572,0.44137135
0.49454576,0.4550801
0.55658734,0.50635695
0.5903075,0.5546123
0.62334716,0.57591206
0.633937,0.5870407
0.6565133,0.5981623
0.6785554,0.59883374
0.69672763,0.5980473
0.6790954,0.57431686
0.63357806,0.54737294
0.5833565,0.5214722
0.54361546,0.46137184
0.47421727,0.38668963
0.4003688,0.327731
0.3382791,0.3529805
0.28831685,0.31232223
0.25174722,0.27130172
0.23426817,0.2645387
0.21821189,0.24736463
0.21836172,0.25096625
0.22070919,0.2812676
0.2603194,0.3555728
0.32005534,0.36761373
0.37246233,0.4565585
0.42639622,0.46497053
0.4746813,0.5180659
0.49295226,0.60212934
0.4813268,0.5991852
0.43856746,0.60331297
0.4019847,0.6366995
0.3935628,0.6144928
0.39545304,0.64658874
0.38348952,0.645357
0.3635803,0.5893267
0.35368454,0.5374455
0.34315985,0.4980392
0.30193615,0.42943558
0.25702587,0.36175105
0.2129853,0.30377868
0.18827608,0.26770002
0.16847728,0.236785
0.1661308,0.20712736
0.17373404,0.19803846
0.21731737,0.23868178
0.27411383,0.28261125
0.33008972,0.33508572
0.36696774,0.37710252
0.4068776,0.42380187
0.44181916,0.43914163
0.48679852,0.47774172
0.52889776,0.5238613
0.5681476,0.56438255
0.6035162,0.54709154
0.6328071,0.5755544
0.6763894,0.58774716
0.6984481,0.6085645
0.68757516,0.57877725
0.6487213,0.5286556
0.5919423,0.52594584
0.5416654,0.49801046
0.46536097,0.4227431
0.3790232,0.3540969
0.30969408,0.33182535
0.26346317,0.29601675
0.23197031,0.25425535
0.2126633,0.24530959
0.21510221,0.24124092
0.24416052,0.25922847
0.29665655,0.2882688
0.3508667,0.35203746
0.41207063,0.39391527
0.45662633,0.4857273
0.5039507,0.5117037
0.55276114,0.5763122
0.61021376,0.6614017
0.65183246,0.7008377
0.6807764,0.6783244
0.71081394,0.7207583
0.7393498,0.73375446
0.76383674,0.754715
0.75157213,0.708568
0.715863,0.6776749
0.6600413,0.6566416
0.59203815,0.5833524
0.50273955,0.49217585
0.41675535,0.42481214
0.35041434,0.37788078
0.30294254,0.33895227
0.26837164,0.31130937
0.25435638,0.28463748
0.25483307,0.29930848
0.28443035,0.32358098
0.32432806,0.36013427
0.39692542,0.44054097
0.46033916,0.49965993
0.5205688,0.5757558
0.58523506,0.60718334
0.6505658,0.6998639
0.7020603,0.7717072
0.7515711,0.79270357
0.7683298,0.8154087
0.79540354,0.84521586
0.80367464,0.8464363
0.8111655,0.86041284
0.79924965,0.8181478
0.7612869,0.78072786
0.7069065,0.7445699
0.650325,0.6654524
0.55854225,0.5616344
0.4777331,0.4983973
0.40190542,0.41845438
0.3532531,0.36228988
0.32539332,0.335323
0.3015869,0.29657274
0.2975963,0.29615772
0.33233064,0.35118464
0.38312274,0.3904907
0.45036998,0.45502955
0.492047,0.52363807
0.54385716,0.5855209
0.6130783,0.63165057
0.6865201,0.72159445
0.7495374,0.78485376
0.8040166,0.82274836
0.8258097,0.8395429
0.8455963,0.8674997
0.86112726,0.8645156
0.8742485,0.90307283
0.87097,0.8474213
0.84220403,0.7999826
0.78546494,0.7598631
0.7397331,0.6834954
0.6606931,0.59337574
0.57793534,0.519488
0.5040086,0.47170904
0.4496632,0.41050962
0.41098252,0.39138135
0.3819135,0.36210173
0.3710089,0.36864576
0.38803512,0.39674884
0.42576972,0.43182224
0.49221873,0.5156224
0.5486236,0.57309574
0.59381604,0.6479343
0.66521436,0.68415123
0.70650667,0.7615799
0.7443823,0.81261945
0.7833855,0.84112245
0.80142105,0.873154
0.8038439,0.8777806
0.7987676,0.8818451
0.7863609,0.8902248
0.7539269,0.84762394
0.7032316,0.8023899
0.65363073,0.75170094
0.6017778,0.66294956
0.5186825,0.5775375
0.4360405,0.51080614
0.37023064,0.37795383
0.31764024,0.30779895
0.2800793,0.29746148
0.25717616,0.27586758
0.24372177,0.2702901
0.24193124,0.294599
0.25397894,0.3195109
0.3038254,0.38878193
0.3767983,0.4140592
0.4503082,0.4813394
0.51982266,0.49727133
0.58446753,0.54343945
0.64719003,0.58288956
0.6856509,0.6048735
0.70033205,0.6305916
0.71563876,0.6316846
0.7128652,0.6351734
0.720519,0.6343191
0.7095458,0.61138856
0.6743435,0.5766212
0.6280265,0.5325446
0.5925231,0.4620561
0.52665925,0.39000383
0.45514858,0.33735052
0.38656855,0.37241757
0.33469173,0.32284376
0.29784,0.2783984
0.27627015,0.2672412
0.26025814,0.27014592
0.25798753,0.26915064
0.2680613,0.29503182
0.30197945,0.35137513
0.343441,0.40751868
0.3750321,0.49309742
0.41533697,0.5254349
0.44409272,0.58081305
0.46583864,0.63827586
0.48383915,0.6816741
0.5091233,0.6903842
0.5480088,0.6946528
0.59435695,0.73571205
0.6362198,0.7415368
0.6437082,0.70380795
0.6243098,0.6555206
0.58717006,0.6303744
0.5483386,0.55082864
0.48033398,0.47922918
0.39914206,0.40464252
0.34648407,0.41750267
0.30754265,0.37139466
0.27324364,0.33599716
0.25357032,0.3013674
0.26100674,0.29469603
0.2981878,0.3660708
0.3555378,0.4479306
0.41401097,0.52006793
0.4560718,0.55385894
0.5254213,0.6033753
0.5925406,0.6226706
0.65114564,0.68424064
0.70283127,0.7687968
0.75229204,0.7922794
0.7648597,0.8018651
0.7855117,0.8355603
0.80333364,0.8222931
0.80741423,0.85754585
0.7957017,0.8177378
0.7498983,0.7433517
0.71472764,0.71364987
0.65156686,0.68038124
0.5546596,0.58416855
0.46680322,0.49074134
0.40739077,0.4409767
0.35722762,0.39183864
0.32353908,0.36076713
0.29773203,0.34052375
0.2930896,0.33783466
0.31979704,0.38345757
0.37017277,0.43272898
0.43006045,0.5114342
0.4893075,0.5576182
0.53766066,0.62944865
0.5810295,0.66317713
0.6389802,0.72821385
0.6843302,0.79676545
0.7191945,0.8429417
0.73613554,0.82859653
0.76339066,0.85797495
0.7753776,0.8551461
0.7848584,0.8734267
0.76519436,0.82232463
0.7175163,0.7870222
0.66654474,0.75143564
0.6170081,0.6781805
0.5292558,0.5841993
0.44148695,0.50321436
0.37748027,0.40608338
0.33649978,0.36321732
0.30615002,0.33421776
0.2990473,0.30600652
0.29420012,0.3124059
0.3323287,0.33146513
0.38026357,0.36647967
0.42628774,0.44655594
0.4646002,0.49780712
0.4886727,0.5661195
0.5289722,0.58538383
0.57910085,0.6520301
0.61863714,0.7049326
0.65708286,0.73738587
0.6833574,0.74699545
0.70615155,0.7664247
0.7334291,0.78245145
0.75527376,0.7755753
0.74200326,0.7446213
0.70418596,0.68667275
0.6601663,0.67238456
0.60338396,0.6167967
0.5289605,0.5275957
0.44475862,0.4557556
0.38368553,0.39224824
0.33950487,0.34395784
0.31223854,0.3155065
0.29422152,0.29119375
0.29192656,0.30309948
0.32181132,0.3268064
0.37178037,0.37692133
0.43109068,0.4453708
0.47700396,0.49734876
0.5354606,0.5580847
0.6007806,0.5933237
0.651311,0.65428513
0.6930887,0.7100131
0.72722185,0.74182594
0.7374567,0.76085824
0.7437578,0.7707
0.74973685,0.78248733
0.7631718,0.78794783
0.7603102,0.7528726
0.7198288,0.71631217
0.6814346,0.6828121
0.6281705,0.6117528
0.5489719,0.52780414
0.47620332,0.44930023
