true,forecasted
0.12431704,0.12792294
0.10293162,0.1018857
0.085709766,0.09025152
0.077735186,0.08033249
0.080488354,0.08299896
0.09547024,0.08616717
0.119568594,0.107544534
0.13305852,0.121862754
0.13859683,0.13342763
0.14320122,0.12684539
0.14089222,0.13318242
0.1524266,0.13699092
0.17266732,0.14027491
0.19381918,0.15072429
0.21038042,0.16348788
0.21578754,0.18877168
0.22630346,0.21632436
0.2347261,0.23455739
0.23920427,0.23876841
0.23041159,0.23651835
0.22366239,0.22281063
0.20118311,0.20220548
0.16646788,0.17196438
0.13409466,0.13067858
0.10594078,0.10760544
0.091450386,0.08776441
0.082159325,0.08008979
0.07895173,0.07547914
0.084980115,0.07680665
0.10155795,0.088503554
0.12513125,0.10823636
0.13819802,0.1245608
0.14224966,0.1315541
0.13682134,0.1249727
0.1299558,0.12758829
0.12547092,0.12907682
0.13590614,0.13504562
0.15195188,0.14691266
0.1784639,0.16050267
0.20514295,0.17970075
0.22648565,0.20335278
0.2394269,0.21809174
0.24150744,0.23156328
0.23597513,0.23077959
0.23241569,0.22012141
0.21460348,0.20499212
0.18001801,0.17322344
0.14205176,0.13454463
0.115508474,0.11708206
0.10273177,0.09700718
0.084767915,0.0869371
0.08495699,0.078368135
0.088859454,0.080850646
0.10227435,0.08684707
0.12323061,0.11068277
0.13599548,0.12533535
0.14081402,0.13772014
0.13731053,0.13232794
0.14098297,0.13766709
0.15708713,0.13853848
0.17784442,0.14177375
0.19350758,0.14924073
0.19904889,0.15679663
0.21001975,0.17852937
0.2391942,0.20093441
0.25519067,0.22200643
0.2544439,0.2320003
0.24600996,0.23264945
0.24142729,0.22231132
0.22618571,0.20260626
0.19432744,0.17283791
0.15929215,0.1344884
0.12900901,0.12923183
0.10934275,0.10910188
0.09545895,0.10072166
0.08805001,0.09368806
0.08740986,0.09388693
0.086095154,0.1013124
0.092263356,0.1199212
0.09816198,0.14332196
0.10159714,0.16067049
0.10635795,0.16524935
0.111343496,0.17980085
0.13106818,0.19402334
0.14350028,0.21257691
0.16763182,0.2369976
0.19780286,0.26172858
0.2207701,0.2942146
0.24734497,0.32231906
0.27256083,0.34850228
0.27330565,0.36013997
0.25244403,0.34922898
0.24251832,0.32750025
0.23006363,0.30115893
0.2029593,0.25987804
0.16903745,0.21124947
0.1415313,0.14713779
0.117252186,0.12249929
0.10024412,0.1103442
0.08981913,0.10033435
0.08425682,0.09587847
0.08104181,0.09171498
0.08121518,0.09331495
0.08653757,0.10912299
0.101797864,0.13375002
0.121961795,0.14791264
0.15625244,0.17699896
0.20016746,0.21452637
0.23608212,0.25441736
0.27392992,0.2892452
0.3045589,0.3270856
0.3225835,0.36570135
0.34681267,0.39955547
0.36631402,0.41648567
0.37043294,0.4166757
0.35311717,0.39458096
0.33504844,0.3669314
0.30910662,0.33662018
0.262377,0.29316238
0.21196842,0.23914185
0.17573562,0.18287538
0.1508815,0.15537009
0.13587084,0.13851744
0.12834926,0.13134956
0.12908368,0.13358706
0.14615937,0.14497903
0.17283168,0.1709269
0.20268531,0.19761366
0.22862269,0.2184281
0.24307124,0.2312687
0.26567093,0.24446948
0.27439615,0.25643897
0.2813,0.26831117
0.30716237,0.27167034
0.33293733,0.284217
0.36639488,0.28734136
0.38753545,0.3104683
0.38908902,0.3014398
0.36350507,0.3014394
0.33165175,0.2866853
0.31440467,0.26934412
0.28860885,0.24711743
0.2547585,0.20620388
0.21290144,0.16770998
0.17049038,0.17859124
0.14337352,0.14831674
0.124531716,0.13063255
0.11420065,0.12045784
0.114215486,0.11100658
0.124570556,0.1075319
0.15226877,0.106355295
0.1687788,0.11946382
0.17363814,0.13671428
0.17917308,0.14787109
0.18320547,0.1686636
0.20354754,0.18867218
0.20932876,0.21319576
0.2278798,0.2322393
0.25624624,0.25644135
0.29745275,0.28630215
0.33864212,0.30612454
0.3655099,0.3267622
0.36686978,0.3251608
0.34121946,0.3100365
0.31311697,0.2895517
0.28113762,0.2700944
0.229838,0.23917449
0.18152286,0.1940617
0.14096549,0.15005173
0.11467167,0.124136075
0.10189708,0.113443896
0.092924155,0.10121897
0.09662271,0.10307467
0.11006392,0.11167565
0.135683,0.13739367
0.1595033,0.15766217
0.17816697,0.17336527
0.19681688,0.1869734
0.22673793,0.2041288
0.2605784,0.21718106
0.27777147,0.22202119
0.2822996,0.22852209
0.24552113,0.23424883
0.2165564,0.25606227
0.24575415,0.27859145
0.24956164,0.29287314
0.26777884,0.29288697
0.26301998,0.28703567
0.2518233,0.26373833
0.23627508,0.24096563
0.1998458,0.20383823
0.16206315,0.16384453
0.12893786,0.12546687
0.10805593,0.10659603
0.09824443,0.09576609
0.09282371,0.095525995
0.09445883,0.09671194
0.108177036,0.1113186
0.12900318,0.1425916
0.14805931,0.17365539
0.1577135,0.18898946
0.1549169,0.18981561
0.17412663,0.19050172
0.19071893,0.19941705
0.20783503,0.20900808
0.22097154,0.22945103
0.24513343,0.2491094
0.27477503,0.26942727
0.30912605,0.2943644
0.33425012,0.3104422
0.33370176,0.32227373
0.31986386,0.32030246
0.30506277,0.30103198
0.28036523,0.2764083
0.23349455,0.23811868
0.18352962,0.1874367
0.18233767,0.14618824
0.18114574,0.1214083
0.1799538,0.10711011
0.17876187,0.09794265
0.17756993,0.09835728
0.176378,0.107080705
0.17518605,0.12977937
0.17399412,0.15444645
0.17280218,0.16569895
0.17161025,0.17821038
0.1704183,0.19273062
0.16922638,0.20489235
0.16803443,0.2097517
0.1668425,0.21529666
0.16565056,0.22373892
0.16445863,0.23647122
0.16326669,0.25666976
0.16207476,0.2720585
0.16088282,0.27482045
0.15969089,0.27251947
0.15849894,0.25351217
0.15730701,0.23200586
0.15611507,0.19636306
0.15492314,0.15680555
0.1537312,0.11955601
0.15253927,0.100364864
0.15134732,0.09227879
0.1501554,0.086079806
0.14896345,0.08276186
0.14777152,0.08406716
0.14657958,0.09106085
0.14538765,0.093361825
0.1441957,0.10853515
0.14300378,0.11474192
0.14181183,0.12914795
0.1406199,0.14103566
0.13942796,0.15897739
0.13823603,0.17668179
0.13704409,0.19245552
0.13585216,0.21444574
0.13466021,0.23410437
0.13346829,0.25198215
0.13227634,0.26226974
0.13108441,0.26029152
0.12989247,0.25364843
0.12870054,0.23812309
0.1275086,0.20574516
0.12631667,0.16643256
0.12512472,0.12171078
0.10165063,0.10646349
0.087956436,0.09865597
0.07826498,0.091083884
0.07551428,0.08511103
0.072784945,0.07580805
0.07114133,0.07194233
0.075546235,0.07905373
0.086820744,0.10213748
0.096980385,0.11474469
0.11142753,0.13314934
0.13680775,0.15901461
0.17264861,0.18590601
0.2084381,0.21715274
0.24303788,0.2432516
0.2730373,0.26987165
0.3007447,0.29173115
0.3107866,0.3100196
0.3123142,0.31996572
0.29866788,0.30499303
0.28673664,0.28855395
0.2695513,0.27652013
0.22888486,0.24069631
0.18211268,0.20239398
0.14508352,0.15863565
0.12064268,0.13342097
0.104509726,0.11836058
0.096858926,0.10718438
0.099032864,0.10773078
0.109978296,0.11098357
0.12788549,0.119364105
0.14908113,0.14100997
0.16905175,0.16238835
0.18862955,0.17819166
0.21012126,0.20469771
0.23710677,0.23744982
0.26829416,0.266837
0.3032011,0.29671347
0.34017274,0.32878143
0.37549174,0.35964084
0.39812973,0.39619315
0.40954283,0.40493685
0.39865795,0.40015882
0.37242734,0.37931406
0.34371048,0.35372552
0.3129694,0.32492897
0.2596397,0.27659547
0.20628518,0.22365564
0.16723478,0.16649349
0.14672783,0.1376327
0.1306436,0.122576386
0.12185146,0.11267425
0.12347671,0.11596936
0.13730842,0.12923907
0.1574524,0.15048727
0.18099958,0.17604586
0.19836408,0.19004503
0.21044397,0.1987533
0.21571288,0.20932566
0.22473417,0.22384635
0.23426373,0.23673062
0.2518687,0.25026974
0.27406585,0.27077574
0.30133948,0.2858478
0.3275777,0.31342888
0.3470065,0.32221824
0.3338981,0.3219639
0.314479,0.3111725
0.2996189,0.28949252
0.27556258,0.26442274
0.23246565,0.22023225
0.18715137,0.17594065
0.15164912,0.15831363
0.1285537,0.13296752
0.11143918,0.11699298
0.10547418,0.10941304
0.10825331,0.10578745
0.121378504,0.11123364
0.13944687,0.12819262
0.16037524,0.1537245
0.1750383,0.1708236
0.1884313,0.18528853
0.19355473,0.19940598
0.20355071,0.20812857
0.20120376,0.21439089
0.20212144,0.21262878
0.20896226,0.21746124
0.22006923,0.22303566
0.23277196,0.23495795
0.24300963,0.2461816
0.24064061,0.2529515
0.23389353,0.25058883
0.22955872,0.23716098
0.21859422,0.22012058
0.18795322,0.19133818
0.15694785,0.15898252
0.12801471,0.13281135
0.10703499,0.11206646
0.10220974,0.101555675
0.09183083,0.09750558
0.09655527,0.09562387
0.11055206,0.10301119
0.13497931,0.12524372
0.1556033,0.14759743
0.1736526,0.16281843
0.19016795,0.16215329
0.19901058,0.17257442
0.20513836,0.17521562
0.20025909,0.17446305
0.21278174,0.1782338
0.20839715,0.18394752
0.20402032,0.1885875
0.20527941,0.2022483
0.22169165,0.21956219
0.22998647,0.23690055
0.23552302,0.24096689
0.23662005,0.23121214
0.22931103,0.2102665
0.1974187,0.1866031
0.16642144,0.1532741
0.13737498,0.13711081
0.12012682,0.117539234
0.10861892,0.10521118
0.103075676,0.103456445
0.10590265,0.10237728
0.11804609,0.11108413
0.14193259,0.138019
0.16727768,0.16268393
0.19611971,0.17618194
0.2212134,0.1801095
0.2283501,0.18921655
0.22974162,0.19317463
0.23114653,0.20021051
0.23082753,0.20646256
0.23275943,0.2149416
0.2560183,0.21720476
0.2774936,0.23161379
0.27940768,0.2432661
0.2773566,0.25529784
0.27592272,0.2618125
0.2713125,0.25236884
0.2581181,0.23030624
0.22697449,0.20301175
0.19322053,0.16528055
0.16652702,0.1625548
0.14563203,0.14378132
0.13157046,0.12751077
0.121404275,0.12137981
0.12053251,0.12079309
0.12825358,0.12770437
0.13575733,0.1437482
0.15427995,0.16584253
0.18428203,0.19261038
0.21097678,0.21386136
0.23656532,0.24267374
0.25667575,0.26649475
0.2732038,0.29043436
0.30291513,0.314146
0.31414127,0.34077597
0.33637145,0.36011943
0.35160473,0.3839559
0.3605992,0.40563792
0.36672008,0.4073004
0.353767,0.39272022
0.33877012,0.36324957
0.31868017,0.3324424
0.28359613,0.2896459
0.24168663,0.23877701
0.20102105,0.20495184
0.16921152,0.17857918
0.1472112,0.16086835
0.13156322,0.15192665
0.123935714,0.15034574
0.11770925,0.1608705
0.12147578,0.17159508
0.14308505,0.20352304
0.18052416,0.23338008
0.23340169,0.26562408
0.29513508,0.29459888
0.35220745,0.33149385
0.3800882,0.36768174
0.38635457,0.3866154
0.37548134,0.41759998
0.3552879,0.42945772
0.34770757,0.4522459
0.3917119,0.44738448
0.41249937,0.431521
0.38804778,0.4049035
0.35575116,0.37625954
0.32720485,0.34842792
0.27884272,0.29774547
0.23106745,0.24689525
0.19071682,0.16447012
0.16279739,0.14006834
0.14562832,0.12703945
0.13756052,0.117828295
0.14043392,0.1252318
0.15033087,0.14665751
0.17577852,0.18790165
0.20712835,0.23478734
0.24489827,0.27231392
0.29156435,0.29099366
0.30609182,0.31393036
0.33298254,0.34537953
0.36956242,0.3676759
0.38148358,0.40022358
0.42493942,0.42975742
0.4592707,0.45839423
0.4538939,0.4884874
0.43181732,0.50001806
0.42139888,0.49462557
0.38860142,0.4672662
0.3639964,0.42586264
0.3395234,0.38150233
0.29571238,0.32456094
0.24618633,0.2641926
0.19931,0.2180346
0.16381727,0.18885428
0.14640881,0.16690168
0.13376522,0.15583296
0.1319998,0.14948228
0.14738156,0.15350284
0.17255293,0.14739527
0.20529565,0.172928
0.23778681,0.19276595
0.26359054,0.21650092
0.2787912,0.23279004
0.27759758,0.2583045
0.27538532,0.28283983
0.2988859,0.28524327
0.32244298,0.30758172
0.345159,0.30754605
0.38474962,0.32633394
0.4280852,0.32134765
0.41555002,0.31363147
0.3691251,0.2950204
0.33558175,0.2774271
0.30101854,0.2585486
0.25771824,0.2263205
0.21286154,0.19097048
0.17307885,0.1817463
0.1460921,0.15083957
0.13539736,0.1353965
0.1228498,0.122866035
0.122398734,0.11495723
0.13646278,0.11777591
0.16154888,0.13187182
0.1931222,0.1580899
0.21623455,0.18240508
0.23597832,0.2036516
0.26200768,0.23071665
0.29912972,0.26143414
0.3273821,0.2856462
0.36676332,0.30789402
0.39415064,0.33926982
0.41036516,0.37205812
0.43678045,0.39862
0.4577194,0.41236705
0.43997216,0.407413
0.4167295,0.38748398
0.3924117,0.35233435
0.36225885,0.31941816
0.31033397,0.27516463
0.25488934,0.22814563
0.20857863,0.2083048
0.16866459,0.17656553
0.14453146,0.15601605
0.1308521,0.14738646
0.12895904,0.14935485
0.13649139,0.16032533
0.15633471,0.18417652
0.18158711,0.21546756
0.20386884,0.24465969
0.22746493,0.26803258
0.25849485,0.29450423
0.29608083,0.32385606
0.34575236,0.35447896
0.3745098,0.38200405
0.41043085,0.4119783
0.43905485,0.4398306
0.47493118,0.46414194
0.4925628,0.481968
0.48059395,0.4694292
0.45186755,0.44274193
0.41467085,0.40722227
0.37690163,0.3701444
0.31904155,0.31619653
0.26393163,0.25667205
0.21233368,0.21060595
0.17935616,0.17587453
0.1569865,0.15523152
0.13670535,0.1458824
0.1396552,0.14490318
0.14855874,0.15541746
0.16164386,0.17798992
0.18874978,0.21092245
0.21920928,0.24149543
0.25721315,0.26619807
0.29873127,0.29557052
0.34831822,0.33175495
0.38993466,0.36902657
0.42124793,0.402736
0.45324636,0.43693817
0.48843172,0.472605
0.5060457,0.4990242
0.5109514,0.51050097
0.49373063,0.49238896
0.45433807,0.45873818
0.41481844,0.41827908
0.37537488,0.3812749
0.3241353,0.32243374
0.2688598,0.26270342
0.2174061,0.21937226
0.18129689,0.18552518
0.15694466,0.16342157
0.14027962,0.15214604
0.13154979,0.14916754
0.12918165,0.15776102
0.13042487,0.17115416
0.14562373,0.20252915
0.17860356,0.23071569
0.20956215,0.26046243
0.25425288,0.29220772
0.29815608,0.33061084
0.32366765,0.36922613
0.36147997,0.39605898
0.38791695,0.42888212
0.41489753,0.45487288
0.43128946,0.47829673
0.43834338,0.48325342
0.41592747,0.46451896
0.3810131,0.43124008
0.3585979,0.39593956
0.33750394,0.3628393
0.3057091,0.30893236
0.27040085,0.254781
0.23198935,0.2278387
0.20254125,0.19803162
0.18361558,0.17728208
0.16705647,0.16527139
0.16012825,0.15942791
0.15944557,0.16081245
0.15923053,0.16007924
0.17263043,0.18384402
0.20697299,0.2179533
0.25481272,0.25712842
0.3006914,0.3015283
0.3508758,0.35111412
0.412367,0.40086186
0.4754617,0.43217322
0.49522823,0.47258377
0.5383064,0.49973467
0.5558369,0.5295538
0.5598008,0.5367383
0.54780054,0.5212415
0.5150578,0.48690513
0.48401603,0.44740242
0.4508108,0.41139483
0.40871608,0.3586228
0.3538085,0.30565453
0.30163854,0.2960974
0.2605355,0.26643768
0.23574917,0.23827273
0.21519631,0.22015952
0.208046,0.2150206
0.20811786,0.21753953
0.22565661,0.22231203
0.2553508,0.25150192
0.29718846,0.29386923
0.36696723,0.34182605
0.41310123,0.39321387
0.43289775,0.4458884
0.48947737,0.49369937
0.54169375,0.52483034
0.58020127,0.5565607
0.60795844,0.58546734
0.6455963,0.6122809
0.67563075,0.62067527
0.6746248,0.59648514
0.6402344,0.5518803
0.5806368,0.5104226
0.53124475,0.46752402
0.47270092,0.40370554
0.41208822,0.34519818
0.35423872,0.34136975
0.30723122,0.3060902
0.26767343,0.2695373
0.241431,0.25114018
0.22630186,0.23406628
0.22301236,0.23334858
0.22197394,0.23218814
0.23986153,0.26644358
0.26925898,0.31155857
0.31421876,0.35782856
0.35663882,0.40548578
0.41042677,0.45049524
0.46951488,0.49470663
0.5054368,0.52324134
0.49870735,0.5538294
0.51657254,0.58162963
0.50789195,0.60327554
0.47690687,0.61459386
0.4609699,0.59898305
0.44672152,0.5586827
0.4179992,0.51569736
0.3906108,0.47896793
0.34970355,0.41531533
0.30476934,0.36071932
0.25918636,0.25562125
0.22022317,0.22875267
0.19983503,0.20935439
0.182765,0.19989301
0.18212062,0.1969617
0.19013122,0.21422587
0.21794084,0.23308885
0.26459172,0.27661383
0.31824923,0.31711864
0.37458768,0.35766244
0.43335572,0.40289083
0.4920563,0.45537254
0.5544567,0.50483316
0.5965775,0.54321355
0.63328415,0.58273417
0.6684658,0.59855676
0.6946436,0.62446517
0.713642,0.62424505
0.70963913,0.6031445
0.6704007,0.56095284
0.61438775,0.5189258
0.555687,0.4751365
0.47832662,0.40965742
0.40027985,0.34921506
0.33388343,0.32563823
0.28683972,0.2827929
0.25279114,0.2551048
0.23074438,0.23428102
0.21924496,0.2252481
0.22372894,0.23040679
0.24718097,0.2542194
0.29163745,0.29985276
0.3491319,0.35643375
0.40922117,0.4053834
0.47517553,0.46128377
0.53369534,0.52096164
0.5761705,0.57249284
0.61133057,0.60914385
0.64834493,0.6482627
0.68303615,0.68297476
0.71044713,0.7105952
0.7237125,0.7180075
0.7087645,0.70009303
0.65992117,0.65382373
0.60037565,0.6009913
0.5441987,0.5469509
0.47257066,0.4763245
0.39984396,0.40672687
0.33658683,0.35023302
0.2941853,0.30839428
0.2650126,0.27741632
0.24750422,0.25723976
0.24184127,0.24283227
0.25101477,0.24267292
0.27882648,0.2497778
0.31562614,0.28651363
0.3589584,0.33035275
0.39742023,0.3798522
0.43471313,0.4317254
0.47531042,0.48320302
0.52296954,0.5277613
0.5743456,0.54969174
0.61865443,0.5809017
0.6596385,0.5989875
0.654916,0.62044686
0.62512505,0.6155378
0.59505004,0.59639096
0.560582,0.55890685
0.531336,0.51999724
0.49232376,0.47980502
0.43586385,0.41909665
0.3760717,0.36194143
0.32634383,0.32964447
0.28178003,0.2989311
0.25517163,0.2769509
0.23575287,0.26281583
0.2261045,0.26114127
0.2241673,0.27646613
0.2337733,0.30489054
0.25235894,0.35009584
0.29533935,0.38995758
0.35603663,0.4316627
0.41511822,0.4666761
0.47213972,0.5069168
0.5113467,0.53742206
0.5404604,0.54521066
0.57385653,0.55986243
0.5852592,0.5599796
0.56974256,0.5747551
0.53124917,0.5503351
0.5046709,0.52524817
0.48198918,0.49553925
0.45858693,0.46377036
0.43183443,0.4274325
0.3900501,0.36904883
0.33779085,0.31640694
0.2953443,0.29795736
0.2609313,0.26770225
0.23316354,0.24432
0.21501395,0.2320473
0.20636621,0.22609475
0.20067856,0.23167942
0.20406093,0.2434708
0.22599186,0.2734732
0.26669577,0.3096887
0.3158885,0.34358993
0.3560054,0.38115376
0.38804194,0.4123377
0.42785025,0.43381786
0.43248093,0.43668482
0.4364242,0.4452899
0.44324136,0.44111902
0.4391214,0.4511101
0.43862778,0.43837774
0.42981532,0.41816294
0.40442187,0.39450687
0.37402114,0.3752549
0.3412048,0.3492842
0.29912582,0.3096841
0.25726557,0.26538777
0.21989268,0.19736537
0.19352983,0.16766411
0.17678906,0.1516562
0.16728279,0.14351603
0.1714868,0.14211467
0.18713072,0.15446034
0.21238665,0.176781
0.24279991,0.20856863
0.274682,0.24180919
0.31718713,0.2605513
0.34155223,0.28586957
0.3521211,0.31710213
0.38452277,0.34827995
0.41519642,0.37770364
0.44732618,0.40827596
0.4952141,0.43652678
0.5453051,0.46371493
0.5824268,0.48444897
0.59403545,0.47720492
0.5551212,0.45352197
0.50276196,0.41563132
0.4548059,0.37609598
0.38713965,0.3264446
0.3130956,0.27321038
0.2541422,0.26478037
0.20426466,0.22852755
0.17400058,0.20059225
0.15503271,0.18443383
0.15374449,0.18049574
0.1594595,0.18744032
0.1831142,0.20311816
0.21243449,0.24521469
0.24818584,0.29145253
0.2806998,0.33869302
0.3210751,0.39281818
0.37507775,0.44647926
0.43135497,0.49868712
0.4881157,0.54474276
0.5373171,0.59421223
0.5836225,0.633216
0.6168742,0.66657746
0.6459367,0.67816746
0.63990146,0.6539982
0.60260904,0.6011622
0.5408416,0.5470209
0.48583955,0.49839064
0.40731186,0.42008376
0.33301643,0.3484514
0.27287385,0.25977695
0.23322867,0.21955836
0.20404115,0.19246951
0.18819278,0.17529926
0.18381931,0.17104945
0.1878669,0.18475088
0.21221451,0.21265861
0.25465646,0.2598544
0.30088753,0.30543202
0.34962445,0.3504978
0.4112535,0.39680415
0.47189784,0.45331484
0.52897197,0.5055346
0.57850033,0.55940837
0.6240118,0.6074409
0.6542337,0.6515193
0.694379,0.68619305
0.7023693,0.7008634
0.67053944,0.68423563
0.6322296,0.633727
0.5909015,0.5763312
0.53431517,0.5215566
0.45885122,0.43984082
0.38634962,0.36518463
0.3224465,0.32864025
0.2739262,0.28975746
0.24091037,0.2588703
0.21969178,0.23679464
0.21508297,0.22679645
0.2218154,0.2288294
0.24432841,0.24167235
0.291281,0.28337836
0.34376344,0.33197448
0.39389485,0.38486508
0.44635838,0.4490712
0.5021208,0.5165509
0.5555126,0.57896894
0.6140386,0.63056415
0.65424144,0.682114
0.68351954,0.72266215
0.72414577,0.7526568
0.7458548,0.76572686
0.7379552,0.7436346
0.7042085,0.69317245
0.6487372,0.6382661
0.5915406,0.58302
0.5112019,0.503917
0.44514784,0.43084863
0.38539788,0.36976755
0.34204867,0.33166918
0.3058685,0.29644313
0.2823026,0.27614903
0.27182588,0.2645563
0.28086007,0.27148408
0.29884425,0.2901928
0.32082513,0.33336264
0.36011335,0.3815979
0.40193915,0.42618445
0.4480364,0.47719952
0.50291204,0.52269506
0.5215646,0.5528686
0.54580015,0.5775411
0.5756142,0.6032264
0.6081562,0.62379694
0.6342325,0.64794564
0.6439222,0.65544134
0.6032995,0.6498995
0.5637089,0.6131668
0.52128124,0.56550825
0.4746226,0.51950514
0.41394562,0.4472705
0.36530262,0.38692996
0.30920586,0.32430202
0.2704427,0.28953367
0.24312492,0.25989094
0.21809672,0.24046342
0.21153395,0.2287871
0.20860317,0.22487406
0.21342719,0.22575703
0.24195427,0.25408924
0.28688547,0.29128084
0.33593097,0.33763552
0.39988756,0.39392436
0.45906463,0.4465224
0.52054137,0.48982057
0.56166667,0.5205915
0.6014935,0.55680394
0.63110524,0.5790351
0.6175387,0.6013771
0.59987336,0.6088788
0.551858,0.59042513
0.5102502,0.5515305
0.48263866,0.5132247
0.45485288,0.47216734
0.41337875,0.4122669
0.3729266,0.35709843
0.33428612,0.32630023
0.30587468,0.2968119
0.2881742,0.26795965
0.27473372,0.25242484
0.26845995,0.24463439
0.26497182,0.24676411
0.25843322,0.25358635
0.2637521,0.27447537
0.29372364,0.30292866
0.31966367,0.3359547
0.34629205,0.3724086
0.3829346,0.4015643
0.38110402,0.419142
0.398143,0.41624323
0.42113087,0.42078662
0.41953212,0.41947383
0.4181526,0.43115416
0.41971236,0.42916024
0.41234207,0.4149663
0.3998521,0.39457387
0.3934,0.37380907
0.38055074,0.34423342
0.3402799,0.3051421
0.2919012,0.2659297
0.25120366,0.2496266
0.22054148,0.22212967
0.20479886,0.20433152
0.19873641,0.19376309
0.20456001,0.19407356
0.21895878,0.20452543
0.24507129,0.22503486
0.27741838,0.26161766
0.3190267,0.3069901
0.36350983,0.3462418
0.41566283,0.39260268
0.47398862,0.44245353
0.5267541,0.49356073
0.5706539,0.5357012
0.6049225,0.576478
0.63932437,0.6026206
0.6659956,0.62956357
0.6773843,0.6439512
0.66562593,0.62242424
0.6232585,0.5810681
0.5695586,0.5353519
0.5189022,0.48960915
0.44455007,0.4249755
0.37066227,0.3589576
0.31674862,0.30444837
0.27249464,0.2648305
0.24837881,0.23668748
0.22820675,0.21889569
0.22799261,0.21191686
0.23423955,0.22140905
0.25745767,0.24292517
0.29578352,0.29104802
0.33515084,0.33871782
0.37871224,0.38342258
0.43971404,0.42897108
0.49221995,0.48353058
0.52108353,0.5310096
0.5296022,0.56837374
0.54199827,0.6093139
0.54355735,0.64183533
0.537217,0.67158717
0.5572976,0.67679673
0.5608046,0.660558
0.5322823,0.6152118
0.4994723,0.5618157
0.4559171,0.51291466
0.38869214,0.43961295
0.32553333,0.3736339
0.2671553,0.2624952
0.22714715,0.22780484
0.1973163,0.20181523
0.18287605,0.18967313
0.18243417,0.1873225
0.19050655,0.20345648
0.21844663,0.23612326
0.24932083,0.27509177
0.2723128,0.3068029
0.3092701,0.32542932
0.3296339,0.3441874
0.33429742,0.366679
0.3269614,0.3849511
0.33386278,0.40947405
0.36074165,0.4317428
0.41301736,0.447203
0.45690694,0.47390434
0.49218076,0.4956951
0.5033135,0.494179
0.47885624,0.46782425
0.4474743,0.42792097
0.41701868,0.3876714
0.35451344,0.3281213
0.29850212,0.27519864
0.24752982,0.2567026
0.21204627,0.2245394
0.18647803,0.20202461
0.17661251,0.18848084
0.17108057,0.18761095
0.18531251,0.19558015
0.20558219,0.21554211
0.23985112,0.2532817
0.28233632,0.29523137
0.32418314,0.33810583
0.37050408,0.38338724
0.41866988,0.4237772
0.46433106,0.4580525
0.50866836,0.48588026
0.54845566,0.5201892
0.58067477,0.5413371
0.57893634,0.5701447
0.5825694,0.57012147
0.5607467,0.54967177
0.5207758,0.5070972
0.48815578,0.46395954
0.43918726,0.42552337
0.37867585,0.3585647
0.3212723,0.29935032
0.31938562,0.26071185
0.31749892,0.22256103
0.31561223,0.20057996
0.31372553,0.18863656
0.31183884,0.18477875
0.30995214,0.19357975
0.30806544,0.21737558
0.30617875,0.25557947
0.30429205,0.29265
0.30240536,0.32034364
0.30051863,0.35367194
0.29863194,0.39567757
0.29674524,0.44053295
0.29485855,0.47029614
0.29297185,0.5033107
0.29108515,0.5339442
0.28919846,0.5553287
0.28731176,0.5655689
0.28542507,0.54760325
0.28353837,0.5147297
0.28165168,0.47268805
0.27976498,0.430815
0.27787828,0.3738588
0.2759916,0.31344262
0.27410486,0.2411102
0.27221817,0.22563517
0.27033147,0.20645085
0.26844478,0.19248049
0.26655808,0.18189865
0.2646714,0.17734681
0.2627847,0.17206839
0.260898,0.1908115
0.2590113,0.22839564
0.2571246,0.2549308
0.2552379,0.2826513
0.2533512,0.3158911
0.25146452,0.358145
0.2495778,0.380678
0.24769111,0.40409118
0.24580441,0.42756832
0.24391772,0.44812295
0.24203101,0.46674812
0.24014431,0.46277058
0.23825762,0.43269855
0.23637092,0.39785284
0.23448423,0.37878677
0.23259753,0.33525538
0.23071082,0.2884487
0.22882412,0.19836807
0.22693743,0.1843665
0.22505073,0.16947764
0.22316404,0.15603286
0.22127734,0.14719462
0.21939065,0.14197148
0.21750394,0.1338893
0.21561724,0.14930092
0.21373054,0.18606985
0.21184385,0.21869187
0.20995715,0.25939083
0.20807046,0.31302062
0.20618376,0.3645354
0.20429705,0.40318468
0.20241036,0.44115138
0.20052366,0.47078052
0.19863696,0.49548241
0.19675027,0.51447195
0.19486357,0.5084284
0.19297686,0.4727925
0.19109017,0.43647328
0.18920347,0.41119274
0.18731678,0.36216414
0.18543008,0.30784264
0.18354338,0.1784738
0.18165669,0.17165855
0.17976998,0.15921248
0.17788328,0.14791703
0.17599659,0.14321661
0.17410989,0.14092433
0.1722232,0.12960562
0.1703365,0.13794133
0.1684498,0.16064736
0.1665631,0.1745422
0.1646764,0.18839152
0.1627897,0.21978955
0.160903,0.25472483
0.15901631,0.27756554
0.15712962,0.3033527
0.1552429,0.32582098
0.15335621,0.34766325
0.15146951,0.36450386
0.14958282,0.3686896
0.14769612,0.34492028
0.14580943,0.31587407
0.14392273,0.30004114
0.14203602,0.26518568
0.14014933,0.22978112
0.13826263,0.13084805
0.11412421,0.11831918
0.10553844,0.107929885
0.09648483,0.102313474
0.09560777,0.0926009
0.09872374,0.08289032
0.10359701,0.07086697
0.106013864,0.07481077
0.11485898,0.087917045
0.11346412,0.08958362
0.12748209,0.08837924
0.14438899,0.10970208
0.17128217,0.13330467
0.20621526,0.15868032
0.24073453,0.18234242
0.28380638,0.21408112
0.32750055,0.23503457
0.35390735,0.2582639
0.34797326,0.26998138
0.32189286,0.25398752
0.29606584,0.23685673
0.26520592,0.23147127
0.23334378,0.20522156
0.1993838,0.1696558
0.16954465,0.16698702
0.14298707,0.13977169
0.12548222,0.12722681
0.11456592,0.11471764
0.10779853,0.11254833
0.10973573,0.109414935
0.11207262,0.11891338
0.119641855,0.14248264
0.14415066,0.17360982
0.17322926,0.1988433
0.21634296,0.2426871
0.2790786,0.29044768
0.34655243,0.3355907
0.42798793,0.3843106
0.46284723,0.43411487
0.5103152,0.4842083
0.5548246,0.5280782
0.5797361,0.54591924
0.56248266,0.540318
0.51674974,0.5097485
0.47090656,0.46692923
0.41587803,0.42462
0.36062568,0.36576712
0.29922682,0.3009312
0.25538206,0.23877507
0.2114614,0.20436022
0.18568201,0.17622882
0.17001584,0.16029479
0.16544199,0.15508932
0.17186335,0.16256864
0.17608501,0.18151382
0.18915865,0.22007522
0.22342406,0.2556573
0.26909003,0.30083165
0.3117085,0.35743
0.35505682,0.42037988
0.38705438,0.4762601
0.46212712,0.5379854
0.5413726,0.5975351
0.60191846,0.6442779
0.6370326,0.68970406
0.6434422,0.69930184
0.61356366,0.6826183
0.57946193,0.6316687
0.53385174,0.57419646
0.47167063,0.5205018
0.39993435,0.43387777
0.3388619,0.3611251
0.28679472,0.2950413
0.24336165,0.26543137
0.21933834,0.23292868
0.20395711,0.21456303
0.20089199,0.21110395
0.21563043,0.21748015
0.2522691,0.23101744
0.28294045,0.2554315
0.31933406,0.27909487
0.37310842,0.32070857
0.42577976,0.3678385
0.4934335,0.41468218
0.5586866,0.44916525
0.6229476,0.4861092
0.6746068,0.52763283
0.7111706,0.5524066
0.7321394,0.58649457
0.73721164,0.5905486
0.7076924,0.5822902
0.6725275,0.546075
0.62532896,0.5090481
0.5489811,0.46097288
0.4703697,0.38727292
0.39846835,0.32840097
0.33909547,0.32499832
0.29267815,0.28403524
0.2628348,0.2541682
0.24549022,0.23386484
0.23064744,0.22602981
0.24364324,0.23210017
0.27881837,0.25770342
0.31104136,0.30509153
0.3517855,0.3618537
0.40967542,0.415063
0.4709447,0.47768468
0.5382148,0.5435364
0.59695196,0.6009427
0.6493111,0.65191084
0.68733406,0.69875205
0.73125154,0.73948324
0.7531832,0.77387476
0.76074696,0.7815118
0.73394084,0.7622919
0.6849165,0.7110596
0.6251674,0.65137005
0.5524335,0.5913923
0.47373548,0.5112964
0.40047175,0.43546697
0.34096348,0.33882433
0.2919192,0.2953487
0.26427183,0.26001647
0.23731668,0.23435412
0.23194645,0.21496263
0.24323261,0.20826633
0.2730917,0.21242887
0.30979833,0.24460739
0.35319096,0.28490764
0.41866705,0.3335567
0.49205348,0.39585596
0.5719167,0.4551684
0.6375817,0.50989383
0.69314814,0.55499977
0.7387541,0.59965676
0.76725537,0.64148146
0.7789776,0.66991687
0.7690644,0.6973014
0.7137792,0.68300146
0.6515151,0.6401495
0.58663607,0.593209
0.514984,0.5415402
0.43756518,0.47249892
0.37449622,0.40485618
0.3207526,0.31126285
0.27943185,0.2702661
0.24684095,0.23993917
0.23120709,0.22106467
0.22913837,0.20963165
0.24239014,0.21185254
0.27867836,0.22330818
0.3072021,0.2614605
0.34537545,0.29906738
0.38529795,0.345372
0.4335757,0.39387503
0.50603086,0.4491036
0.58959687,0.502444
0.65647256,0.5345059
0.6595146,0.5704642
0.59777814,0.59967935
0.53396916,0.6238397
0.49238256,0.61733794
0.450204,0.58754253
0.4259388,0.54274344
0.39774135,0.4970579
0.36486992,0.45595545
0.32020408,0.39334965
0.2794481,0.33483437
0.24056594,0.22336914
0.21398735,0.1897107
0.19659725,0.17464483
0.1886841,0.16355331
0.18512431,0.16125607
0.19201069,0.17641048
0.21242566,0.20328662
0.22752178,0.24910778
0.264117,0.27601328
0.30608016,0.29594725
0.34670675,0.31093034
0.3921988,0.34541363
0.4446392,0.37911564
0.5040509,0.39629284
0.51035064,0.42606038
0.48301435,0.42839116
0.4280169,0.44918832
0.39926562,0.43948555
0.37871683,0.4259035
0.37158698,0.40335333
0.35479096,0.37104085
0.33141926,0.33816874
0.3010648,0.2953753
0.25672448,0.24669477
0.21601053,0.21903591
0.18743013,0.1935257
0.16416788,0.17476058
0.15000409,0.16668214
0.14473696,0.16523814
0.14634861,0.17966844
0.15311,0.19641942
0.16444099,0.22983858
0.19937833,0.2518482
0.24231423,0.26735052
0.26750803,0.28016502
0.2580397,0.3007559
0.257869,0.32444796
0.28766277,0.3288324
0.2998728,0.34739637
0.33544406,0.34489274
0.38167813,0.36726353
0.40877292,0.36926162
0.40721512,0.3626284
0.3943625,0.3497818
0.37101147,0.32752442
0.33356547,0.3003579
0.29148102,0.26118696
0.24778792,0.21847036
0.2095505,0.20247547
0.18164414,0.16992581
0.16546318,0.15086362
0.15821029,0.13886641
0.16272907,0.13643646
0.18450835,0.14333753
0.22720242,0.16033259
0.25416604,0.19468379
0.278931,0.22778234
0.30411333,0.2528453
0.33510086,0.28488868
0.37235513,0.31309193
0.4000076,0.3418868
0.42694,0.3650166
0.46916655,0.39848602
0.50087637,0.4212515
0.5142282,0.44867352
0.5041874,0.46087557
0.47232118,0.45182103
0.43953785,0.42633095
0.39936113,0.3910379
0.35220656,0.35670644
0.30211928,0.30358377
0.24851087,0.2521827
0.2471254,0.20702066
0.24573995,0.1739715
0.2443545,0.15381691
0.24296904,0.14437687
0.24158359,0.14281982
0.24019814,0.15382637
0.23881267,0.17604035
0.23742722,0.20552912
0.23604177,0.23119092
0.23465632,0.2553951
0.23327085,0.28406823
0.2318854,0.32114667
0.23049995,0.36212575
0.22911449,0.3953216
0.22772904,0.4327373
0.22634359,0.46264175
0.22495812,0.4912201
0.22357267,0.5022684
0.22218722,0.48511714
0.22080177,0.4539203
0.2194163,0.41302547
0.21803086,0.37578496
0.2166454,0.31997934
0.21525994,0.25988847
0.21387449,0.188427
0.21248904,0.17370263
0.21110357,0.16009279
0.20971812,0.14787821
0.20833267,0.14080155
0.20694722,0.13939902
0.20556176,0.13434364
0.2041763,0.14110789
0.20279086,0.16504437
0.20140539,0.17854884
0.20001994,0.19717501
0.19863449,0.22218783
0.19724903,0.25199997
0.19586357,0.26636598
0.19447812,0.28437752
0.19309266,0.3008377
0.19170721,0.3198346
0.19032176,0.33796817
0.18893631,0.33878732
0.18755084,0.3258445
0.18616539,0.3027626
0.18477994,0.28782165
0.18339448,0.2554662
0.18200903,0.21909183
0.18062358,0.15344329
0.17923811,0.13691834
0.17785266,0.12470022
0.17646721,0.11504074
0.17508176,0.10871897
0.1736963,0.10640499
0.17231084,0.10326718
0.1709254,0.10354501
0.16953993,0.12069277
0.16815448,0.12548816
0.16676903,0.13720112
0.16538356,0.1523388
0.16399811,0.17237751
0.16261266,0.18283549
0.16122721,0.19471385
0.15984175,0.20865066
0.1584563,0.22345276
0.15707085,0.24290426
0.15568538,0.24857287
0.15429993,0.24115264
0.15291448,0.23141295
0.15152901,0.2199735
0.15014356,0.19598901
0.14875811,0.16082457
0.14737266,0.12072587
0.1459872,0.10296018
0.14460175,0.09280583
0.1432163,0.08472133
0.14183083,0.07774574
0.14044538,0.07353303
0.13905993,0.07262364
0.13767447,0.071933046
0.13628902,0.08137244
0.13490357,0.072032675
0.1335181,0.07380484
0.13213265,0.0744008
0.1307472,0.08727042
0.12936175,0.10030373
0.12797628,0.10922976
0.12659083,0.13346834
0.12520538,0.15055904
0.123819925,0.17490351
0.12243447,0.1917366
0.12104902,0.19199371
0.11966356,0.19302331
0.1182781,0.18775392
0.11689265,0.16536468
0.11550719,0.1332591
0.11412174,0.11124544
0.095541745,0.092340514
0.08242961,0.08484964
0.07560414,0.0786812
0.072163865,0.069421776
0.076314546,0.06559266
0.08163041,0.0647017
0.083498046,0.06932321
0.08498947,0.08366003
0.08502407,0.08916685
0.089934945,0.09780094
0.10275278,0.10981516
0.14122818,0.13116072
0.16090539,0.14620066
0.21334068,0.16260935
0.23014678,0.17743668
0.24995604,0.190342
0.2619277,0.19825663
0.26400208,0.209217
0.2715023,0.20673773
0.26279894,0.20168498
0.23533006,0.1966418
0.20187744,0.16824588
0.16939071,0.1411424
0.14176364,0.13670208
0.12277106,0.114426166
0.113170885,0.10154937
0.10760081,0.090197444
0.111494265,0.096162505
0.13229586,0.104078665
0.17078432,0.12829305
0.20599583,0.15234455
0.2204977,0.16921166
0.23460534,0.17254525
0.2413083,0.18563078
0.24553719,0.18897745
0.24950214,0.19605376
0.2451751,0.196762
0.24644144,0.2016008
0.24356292,0.21588548
0.25116587,0.23776414
0.25530207,0.2539022
0.25764287,0.26215938
0.26135182,0.2660178
0.24578135,0.25319913
0.22039035,0.23219281
0.17766665,0.19766796
0.143528,0.15898383
0.11872225,0.116043
0.10266451,0.09775266
0.0912087,0.0876385
0.08868326,0.084284656
0.08433486,0.088688746
0.10377814,0.10529807
0.13776796,0.13990243
0.15618147,0.16211972
0.15606779,0.16984111
0.14845777,0.16251872
0.13772523,0.15872887
0.13767439,0.15907153
0.15043892,0.15467252
0.1626228,0.16435164
0.1834498,0.17617333
0.21300684,0.1913825
0.24378642,0.2149683
0.2684398,0.23410292
0.26925614,0.2476833
0.2690277,0.25041673
0.2530833,0.23459065
0.21712804,0.211936
0.17603064,0.17968217
0.14242902,0.13716087
0.113352194,0.11005299
0.09650125,0.092377976
0.08649997,0.0835406
0.08065378,0.077648126
0.086920135,0.081488304
0.10483598,0.09713692
0.13702348,0.12743479
0.15624239,0.15032838
0.14615671,0.16038877
0.13772859,0.15460609
0.13525559,0.15464927
0.13692267,0.15584424
0.14255737,0.16094916
0.16205557,0.17188025
0.17804497,0.18915583
0.21193153,0.21693903
0.24819025,0.24546936
0.27234176,0.26336002
0.27518725,0.27018684
0.27463308,0.26463902
0.25150344,0.24742903
0.21665613,0.22037762
0.17591941,0.18320757
0.13975883,0.14036204
0.112543456,0.10713199
0.10028826,0.08761134
0.08653333,0.077016816
0.0823959,0.071000755
0.086534925,0.07416631
0.103862524,0.08959769
0.13861625,0.11728659
0.15278004,0.13963482
0.1501049,0.14604321
0.13628694,0.13111848
0.1255456,0.1294987
0.12741289,0.12914942
0.13121966,0.13033058
0.1488428,0.14039077
0.1716854,0.1544918
0.20259085,0.17925157
0.23471533,0.20769498
0.26022354,0.2250392
0.25860712,0.23216341
0.26427767,0.22835311
0.24181744,0.21305253
0.21148716,0.1894972
0.17758667,0.15660301
0.13821073,0.11655168
0.11636382,0.113646105
0.0976659,0.093397036
0.08932676,0.08533414
0.08483641,0.079040855
0.08172133,0.082948714
0.10506637,0.097324744
0.13771129,0.13042572
0.15360714,0.15914394
0.15536603,0.17253765
0.15079165,0.167012
0.14927356,0.17232034
0.15202197,0.17473099
0.15259096,0.17755224
0.17021039,0.18458596
0.17925906,0.19983305
0.19200592,0.21479224
0.20295894,0.23583877
0.21929385,0.24733154
0.22488724,0.25320208
0.22847581,0.24889505
0.22078069,0.23308295
0.19690232,0.20594546
0.17029107,0.17198119
0.14159575,0.1345051
0.11856142,0.11637081
0.10138405,0.09841793
0.09359978,0.08814292
0.084370516,0.08454391
0.08732283,0.08254205
0.09040049,0.094016016
0.10644622,0.1193883
0.119962454,0.1434997
0.14390068,0.15971601
0.16417195,0.16068888
0.17211422,0.1687579
0.17911217,0.16871715
0.18278512,0.17293541
0.18641149,0.17079955
0.18625613,0.17015912
0.18109721,0.17255469
0.18055628,0.18471025
0.18498732,0.20027192
0.19174129,0.21713997
0.1976648,0.22140932
0.1867153,0.21182764
0.17197263,0.19033453
0.15134157,0.16238156
0.12556466,0.13213189
0.105339125,0.10855523
0.08898321,0.091847055
0.08086386,0.085975796
0.074508,0.082645
0.075723484,0.084426895
0.079274274,0.100258686
0.08817994,0.12678514
0.10178109,0.14670536
0.124993026,0.15680006
0.14389645,0.15957636
0.15925296,0.17157798
0.16772327,0.17398544
0.17947814,0.1750231
0.19260122,0.17341596
0.19396254,0.18070735
0.19608264,0.17741252
0.20206794,0.19701006
0.2118812,0.20276801
0.21477808,0.21691929
0.2164953,0.22637257
0.2039287,0.21935782
0.1818085,0.19930509
0.15680484,0.17036444
0.1283731,0.13635512
0.10681131,0.10871118
0.09491749,0.09309132
0.0866126,0.08389179
0.082863554,0.081043154
0.0862062,0.080775306
0.10426875,0.09414279
0.1375328,0.11984289
0.16361408,0.14154197
0.1842552,0.1523318
0.19709615,0.15893383
0.20083356,0.16469778
0.20014168,0.16487163
0.20343685,0.15969996
0.20352405,0.1528393
0.20164548,0.15376091
0.20410594,0.15230869
0.20848154,0.16791485
0.22163886,0.17670366
0.23729637,0.19579604
0.22874539,0.2023173
0.2151077,0.1949383
0.18910162,0.17794588
0.15517731,0.15215483
0.12319053,0.1239696
0.10255629,0.10177052
0.09380563,0.08770665
0.086820394,0.07941687
0.084699415,0.07947715
0.08856639,0.08328057
0.106769994,0.10255629
0.14816876,0.13374738
0.1714393,0.1637378
0.18792427,0.17385378
0.19808055,0.17647779
0.20034966,0.17866287
0.20307988,0.17630108
0.20052214,0.1695603
0.20304404,0.1718362
0.20064272,0.18128912
0.2013088,0.17510167
0.20214473,0.18892163
0.21272543,0.19954687
0.22390142,0.2186514
0.23091209,0.22371975
0.21921864,0.21118528
0.19354326,0.18548015
0.1602732,0.15555117
0.13060723,0.12454392
0.106912114,0.10584876
0.09231297,0.09072718
0.08808372,0.0826356
0.083571665,0.081397705
0.086690985,0.08577171
0.10989409,0.10349725
0.14345226,0.13517877
0.16400865,0.16429397
0.15813333,0.17022076
0.14135,0.15241675
0.12501103,0.14033979
0.10909876,0.12679687
0.102241166,0.11598318
0.11515716,0.116261035
0.12070958,0.12252925
0.1368819,0.13166194
0.1687654,0.15466452
0.19525182,0.1757044
0.21841715,0.20042378
0.23357664,0.21317035
0.22092263,0.20509538
0.19098692,0.18372607
0.1594814,0.15737727
0.12850797,0.12443841
0.108725555,0.10826106
0.09325164,0.09322011
0.08327189,0.08889375
0.07749756,0.08722523
0.080086544,0.0906917
0.10082106,0.11034056
0.13918948,0.15121473
0.16309063,0.1863097
0.17535271,0.19680917
0.18030666,0.19140306
0.18098988,0.19071357
0.18031478,0.18737629
0.1848316,0.1882018
0.18721722,0.18535769
0.18436942,0.19099607
0.18586896,0.19388814
0.19412549,0.20516525
0.20290722,0.21742332
0.2186726,0.23403068
0.22667438,0.23867461
0.21485011,0.22630964
0.18919149,0.19837052
0.15744075,0.16710326
0.12763639,0.13352257
0.12686689,0.10393214
0.1260974,0.08813933
0.1253279,0.081881136
0.1245584,0.081591025
0.1237889,0.08281952
0.123019405,0.10098784
0.12224991,0.13432233
0.121480405,0.16209188
0.12071091,0.17096853
0.11994141,0.17011811
0.11917192,0.17102487
0.11840242,0.16907772
0.11763292,0.1653466
0.11686342,0.16679579
0.116093926,0.17313923
0.11532443,0.17428441
0.114554934,0.19106804
0.11378543,0.20225993
0.113015935,0.21996206
0.11224644,0.22824988
0.11147694,0.21802384
0.11070745,0.19535694
0.10993794,0.16722149
0.10916845,0.13406047
0.10839895,0.102868795
0.09365574,0.08945106
0.08555317,0.08023991
0.07878296,0.07488006
0.07875648,0.07312317
0.08727975,0.07426199
0.10347166,0.08252214
0.1192411,0.09138939
0.13461156,0.102595255
0.15067036,0.10611574
0.15802492,0.11657991
0.16649242,0.12088002
0.16517136,0.12555164
0.14318216,0.1299558
0.118241705,0.13659376
0.12276365,0.14090273
0.14623244,0.15317723
0.16814202,0.1666007
0.18453819,0.18450971
0.19509329,0.19599676
0.18562022,0.19354932
0.16841672,0.18535084
0.14889312,0.15554652
0.12336478,0.13089621
0.10257236,0.0977713
0.085565,0.08097453
0.078038484,0.077986434
0.07041328,0.077166006
0.06737516,0.08154222
0.07388462,0.10074471
0.07939821,0.13332608
0.087278694,0.15243715
0.09320115,0.15802446
0.083360516,0.1468187
0.074112006,0.14115657
0.07061171,0.13932145
0.07844135,0.14710046
0.09765372,0.16510111
0.12357204,0.18404536
0.15803288,0.21009612
0.19971004,0.23510623
0.23568755,0.25443554
0.24372445,0.26892814
0.2462423,0.2713891
0.2262701,0.25784993
0.19824898,0.2319656
0.16507001,0.19382572
0.13123502,0.1494208
0.103806034,0.10268037
0.08838244,0.08197092
0.08032558,0.070579074
0.076924324,0.064480044
0.08019247,0.06710917
0.09996377,0.074980505
0.13518214,0.09501651
0.15372807,0.11684853
0.15427712,0.13090383
0.14687842,0.12357411
0.14619096,0.13179012
0.14987487,0.14338087
0.1706807,0.15687688
0.19646926,0.17683065
0.22768931,0.2062697
0.25904584,0.23514374
0.2840373,0.27180326
0.29508406,0.29528034
0.2958762,0.29561675
0.28884137,0.28225258
0.26012275,0.26510987
0.22466886,0.23443517
0.18340074,0.19526488
0.14730671,0.14753453
0.117995426,0.11948995
0.096384734,0.09494058
0.08633102,0.08653648
0.08319104,0.08016604
0.087624185,0.0816509
0.10066217,0.092255056
0.13836008,0.11269589
0.15697573,0.1315774
0.14857057,0.13987967
0.14161535,0.1291199
0.13785817,0.13238437
0.14650962,0.1399674
0.17116989,0.15055354
0.2021366,0.17396972
0.24525525,0.19952758
0.28650326,0.23366748
0.32118618,0.26773545
0.34505853,0.28919047
0.3382246,0.2977488
0.32591715,0.29218972
0.29690406,0.26925826
0.25769317,0.2443251
0.21215625,0.20665061
0.17102584,0.16040798
0.13783681,0.13869475
0.117291905,0.11013192
0.104911536,0.09950301
0.096556336,0.090887815
0.09447349,0.09546138
0.116000324,0.106301524
0.15195718,0.13252696
0.17037387,0.15455937
0.1678223,0.1701662
0.1696331,0.16929072
0.18210739,0.17897405
0.2061503,0.18911448
0.23772484,0.20514019
0.27207994,0.22974926
0.31157258,0.2579152
0.35428956,0.29192662
0.38190022,0.3266814
0.38937837,0.3455854
0.37319192,0.34599453
0.35105655,0.33364296
0.31426308,0.30699515
0.27066988,0.27756283
0.21948788,0.23351541
0.17294697,0.18076938
0.13864061,0.13967004
0.11140193,0.11015225
0.095485255,0.097446844
0.087070905,0.089061506
0.092410065,0.092903435
0.11135391,0.10463047
0.1473821,0.122970656
0.1615849,0.1450339
0.16324705,0.15057439
0.15510492,0.1474897
0.15310946,0.15489155
0.1675997,0.16644588
0.19378847,0.17814265
0.21690471,0.20061544
0.24796958,0.22585912
0.28122693,0.25496075
0.3111238,0.28632453
0.31865737,0.29899663
0.3093402,0.30380005
0.30582047,0.29246143
0.28056985,0.26997533
0.2500701,0.24778101
0.20940396,0.20589805
0.17620505,0.15934637
0.17448829,0.1467129
0.17277153,0.12037833
0.17105478,0.109273076
0.16933802,0.101073645
0.16762125,0.10244398
0.16590449,0.11324453
0.16418773,0.13449591
0.16247098,0.15928864
0.16075422,0.18052518
0.15903746,0.19492859
0.1573207,0.2135345
0.15560393,0.23008618
0.15388717,0.25027445
0.15217042,0.2679914
0.15045366,0.29165906
0.1487369,0.3089967
0.14702013,0.3326004
0.14530337,0.34042937
0.14358662,0.33893168
0.14186986,0.3296436
0.1401531,0.30685833
0.13843633,0.2808922
0.13671957,0.23818138
0.13500282,0.19276884
0.13328606,0.12689368
0.1315693,0.115727395
0.12985253,0.107767954
0.12813577,0.10117522
0.12641901,0.097077414
0.12470225,0.09434609
0.1229855,0.10200462
0.121268734,0.10005514
0.11955197,0.1087996
0.117835216,0.12606247
0.11611845,0.13826244
0.1144017,0.14364074
0.112684935,0.13680708
0.11096817,0.1281178
0.10925142,0.11137904
0.107534654,0.10349873
0.10581789,0.10533098
0.10410114,0.10867125
0.10238437,0.12794675
0.10066762,0.13777295
0.098950855,0.14061144
0.09723409,0.14332661
0.09551734,0.12515175
0.093800575,0.11420537
0.09208382,0.0975337
0.08019671,0.09083004
0.068690225,0.08081858
0.06445587,0.0800422
0.06286893,0.07615584
0.06852816,0.079092346
0.07898634,0.08507114
0.084142424,0.09417209
0.08138466,0.10079545
0.07117258,0.09879504
0.058377698,0.094367154
0.06568654,0.092937365
0.08061688,0.09227693
0.086950324,0.096800186
0.08690301,0.10557689
0.097908646,0.1169156
0.12076254,0.12967019
0.1483582,0.14293897
0.1697392,0.15927303
0.17908269,0.17025223
0.16981477,0.1710051
0.15222587,0.16640013
0.13010144,0.14042044
0.10163616,0.121063605
0.08342849,0.08851808
0.073148794,0.07968141
0.064280555,0.07230932
0.06331363,0.072956935
0.072820604,0.08043293
0.09492067,0.10056089
0.12525183,0.13179508
0.14719954,0.1574244
0.14219616,0.15812114
0.12226757,0.14061326
0.095969155,0.128409
0.08541847,0.11678289
0.09686616,0.113897845
0.094517626,0.111546114
0.115952305,0.121937856
0.14050294,0.13319366
0.15501295,0.15599024
0.18247265,0.17691843
0.20909785,0.19674015
0.22013614,0.20520476
0.20088193,0.19871461
0.17459181,0.17757362
0.14817953,0.1461057
0.12070111,0.11432554
0.098894455,0.09919371
0.08625545,0.08807896
0.077882245,0.081826225
0.078037955,0.07949977
0.084262826,0.08343722
0.10909612,0.10259173
0.14225265,0.1349837
0.16358054,0.16489464
0.16100919,0.17170742
0.14531496,0.15144217
0.11530775,0.13892052
0.12258676,0.123006284
0.10053789,0.11539382
0.10703481,0.110561706
0.1283062,0.11592759
0.13491027,0.13262755
0.15620725,0.15652591
0.18460563,0.18187027
0.20737197,0.20655629
0.21481144,0.21413338
0.20448904,0.20575029
0.18047473,0.18441242
0.14796574,0.15684447
0.117136374,0.12552357
0.09780837,0.101027355
0.08538722,0.088313386
0.07852256,0.08397035
0.07785082,0.08321509
0.085177846,0.08951022
0.10764918,0.1096518
0.14628647,0.14804584
0.16736789,0.1727851
0.1557795,0.17737412
0.13019219,0.15257135
0.11862974,0.13654739
0.107434504,0.12034165
0.09737107,0.111707814
0.10305008,0.111230195
0.115404315,0.11706267
0.13856593,0.13579236
0.17336167,0.15913866
0.19990653,0.1804884
0.22269952,0.20166977
0.22222322,0.21052137
0.20655388,0.20215502
0.18494229,0.17941818
0.15092424,0.15189913
0.120397635,0.11770528
0.09071067,0.09776078
0.07610941,0.08533817
0.07890195,0.08010985
0.07517815,0.077511296
0.08013951,0.08329371
0.101693176,0.10307823
0.14237942,0.13966501
0.16425951,0.16643122
0.15365039,0.1713885
0.12604733,0.14808121
0.10624408,0.13681403
0.093429595,0.12344247
0.098738745,0.11759256
0.104449,0.12025005
0.11940706,0.128871
0.13922867,0.1512403
0.17852516,0.17515473
0.20424311,0.1982138
0.21963494,0.21538757
0.22377679,0.21816447
0.20796709,0.20901012
0.18271133,0.18558955
0.15155272,0.15338324
0.11941871,0.11689961
0.10047186,0.09823646
0.08729052,0.08363542
0.080007985,0.075432956
0.07902853,0.07161083
0.08075352,0.07577157
0.10521519,0.09066139
0.14294259,0.12098458
0.16238782,0.14823788
0.1520368,0.15828308
0.13026263,0.1431774
0.10709572,0.13278691
0.08935801,0.120280646
0.08748737,0.11422487
0.08988075,0.114165
0.1036016,0.123184755
0.121572696,0.14321357
0.1502945,0.16756603
0.18085924,0.19220416
0.19714807,0.21395487
0.20187603,0.21864396
0.19061372,0.20828784
0.17328611,0.18626347
0.14668617,0.15537721
0.12360452,0.12315971
0.10430547,0.10428293
0.09221287,0.090306796
0.082332335,0.0845245
0.07794262,0.08286469
0.08264623,0.08422941
0.08459702,0.099651024
0.10436673,0.12864539
0.12177413,0.14977504
0.13703479,0.15435648
0.15504083,0.15745592
0.16674769,0.16109672
0.17553331,0.15735033
0.17519382,0.15582745
0.18340285,0.15462798
0.17732662,0.15643866
0.17694211,0.15650322
0.17620222,0.16686144
0.18447535,0.1855294
0.19476227,0.20259076
0.19015329,0.2124613
0.18067722,0.20672399
0.16452008,0.18626681
0.14433868,0.1587696
0.11821328,0.13131666
0.10037282,0.10508436
0.084764384,0.09450599
0.0763405,0.0857607
0.07193401,0.083884604
0.071821555,0.085598126
0.07530173,0.09838774
0.090064354,0.118651785
0.10015655,0.13434564
0.101775095,0.14123395
0.08190616,0.13628009
0.06824481,0.13226187
0.06872748,0.122978695
0.06695411,0.115468994
0.07997921,0.11481848
0.09388631,0.12330623
0.09905635,0.1290322
0.11597349,0.14975777
0.15114261,0.16172849
0.18150856,0.17974506
0.18919626,0.18985584
0.17956695,0.18789485
0.16059397,0.17201029
0.13727823,0.14629605
0.10904298,0.119509295
0.09264045,0.09441094
0.07941463,0.08418987
0.07631243,0.07859242
0.07605256,0.07870898
0.082777224,0.08576483
0.109623626,0.107022084
0.14875947,0.14158729
0.17150444,0.16772825
0.16467774,0.16602904
0.13974594,0.13947311
0.11542886,0.12509067
0.10804887,0.10753868
0.11394661,0.10585965
0.12343098,0.10147945
0.12733468,0.10610898
0.14316043,0.11997624
0.16273119,0.14394005
0.18944395,0.16884293
0.21613145,0.18995334
0.22584692,0.1987972
0.2032001,0.19483715
0.18301164,0.17519343
0.15175186,0.14675394
0.123939775,0.11335151
0.103926614,0.10439204
0.08668128,0.0898838
0.085183315,0.084056556
0.08275692,0.0818865
0.08895584,0.08603003
0.1125544,0.101973124
0.15343712,0.13724309
0.17560604,0.16709085
0.16476743,0.17462748
0.140462,0.16437915
0.11354303,0.15919651
0.1112351,0.15148605
0.13430208,0.14596096
0.14265905,0.14200367
0.14967272,0.14460625
0.15406686,0.15436883
0.16525327,0.16989306
0.19344386,0.1899425
0.21905075,0.21093598
0.22192733,0.21728483
0.20877142,0.20694263
0.18494971,0.18405026
0.15001556,0.15746331
0.12361123,0.12624791
0.10486528,0.10233058
0.092664815,0.089152865
0.08758358,0.08300002
0.08303092,0.08249255
0.092159376,0.087937295
0.11310821,0.107392445
0.15190227,0.1417177
0.17207643,0.1707803
0.17034987,0.17608607
0.15320851,0.15353666
0.12931336,0.13806562
0.11767536,0.1191684
0.12884587,0.107961714
0.1592496,0.105493166
0.16374524,0.10879207
0.16695778,0.123146236
0.17600875,0.14679272
0.19649203,0.17156737
0.22190209,0.19718225
0.22278728,0.20909798
0.20752645,0.20151007
0.18483849,0.17989936
0.15189116,0.15381896
0.12537841,0.12263153
0.10299994,0.102907985
0.092812404,0.09086806
0.086280175,0.08429259
0.08544054,0.08365284
0.094751544,0.08825612
0.11797159,0.107636414
0.15842585,0.13880196
0.17880993,0.16510914
0.16739437,0.16985574
0.1399246,0.14750299
0.115058824,0.13256043
0.103171185,0.117269024
0.09690094,0.10854158
0.10854689,0.10858451
0.14037196,0.11479396
0.15618624,0.1329192
0.16997594,0.1569725
0.19646414,0.17854804
0.21848053,0.19997378
0.22149304,0.20821139
0.20440553,0.20117277
0.1853148,0.18101627
0.15226454,0.1546446
0.123581745,0.12112281
0.10379385,0.10282034
0.09004811,0.08913022
0.08282559,0.08222867
0.08111296,0.079910725
0.08222147,0.08179836
0.10271624,0.09866096
0.14191194,0.12924533
0.17234214,0.15797922
0.18564935,0.16869834
0.19300973,0.16498616
0.19441254,0.16746645
0.17781176,0.1648821
0.1737979,0.16830607
0.1801227,0.17076889
0.18174547,0.18211728
0.187562,0.18837026
0.18703185,0.20305619
0.2074357,0.21665072
0.2171418,0.2292941
0.21109666,0.229153
0.19892973,0.2183817
0.18234502,0.19375998
0.15798609,0.16215074
0.1323686,0.1294904
0.11189961,0.107182264
0.09326435,0.09049062
0.082470395,0.0817409
0.07458956,0.07786746
0.07305858,0.079115145
0.07785029,0.090151414
0.09803999,0.113621734
0.11865587,0.136508
0.14147675,0.14621156
0.15257719,0.14049841
0.15622403,0.14059712
0.15465526,0.13315852
0.13366371,0.12881693
0.102254756,0.12888417
0.1120419,0.13669702
0.12862502,0.14257187
0.14837055,0.16053261
0.16472611,0.18070124
0.18034002,0.20260893
0.1826838,0.21059233
0.17555432,0.20481223
0.15956067,0.18486834
0.14101546,0.15968129
0.11768348,0.12938143
0.0954593,0.09746304
0.08219764,0.085231856
0.07090724,0.077557296
0.06746167,0.07767992
0.067346916,0.07946412
0.07317369,0.09524648
0.08562273,0.11661683
0.09737425,0.13668002
0.10112859,0.13661419
0.0904681,0.1252488
0.072400786,0.11781467
0.07869875,0.10642516
0.07308012,0.101432905
0.07361787,0.10312725
0.07373845,0.11024299
0.0860579,0.119944036
0.115710616,0.13757758
0.15612003,0.15793777
0.18543732,0.18125336
0.19287115,0.1927239
0.18104814,0.1900652
0.16408138,0.1750744
0.13924138,0.14706351
0.11265856,0.12059191
0.094846696,0.09577209
0.08217857,0.08497216
0.07711711,0.07840498
0.07772035,0.0780234
0.08560084,0.08456065
0.1089261,0.103155605
0.15183607,0.13953063
0.17549165,0.16783246
0.16763464,0.1680103
0.14026198,0.14135206
0.110566184,0.12490934
0.09260973,0.1073211
0.08396765,0.10026246
0.0832207,0.09151848
0.09409092,0.09357865
0.118755616,0.10814792
0.15216427,0.13221186
0.188721,0.16220312
0.22163339,0.19151463
0.22075173,0.20458087
0.21091287,0.19806385
0.18674673,0.17756465
0.1581125,0.15152931
0.12882274,0.119615555
0.11065798,0.111129746
0.10033451,0.10132966
0.09641174,0.096411854
0.09646753,0.09618002
0.10420202,0.10057631
0.1274602,0.12224915
0.16887115,0.16052744
0.19226597,0.19327587
0.18671866,0.19203833
0.15213372,0.15984178
0.12635276,0.136903
0.10798549,0.109995276
0.0970819,0.0975972
0.09973956,0.08836788
0.109909095,0.092065066
0.12929465,0.11066143
0.15908648,0.13761574
0.1951646,0.16959158
0.22145402,0.19750394
0.22011407,0.21047407
0.2095445,0.20536128
0.18533087,0.1832807
0.15017022,0.15714195
0.12704091,0.12529403
0.10233349,0.102224335
0.09207499,0.09124525
0.08759665,0.087049395
0.08562538,0.08589917
0.09368099,0.08894342
0.1146383,0.111702226
0.15372083,0.15003538
0.17902373,0.17990214
0.16573822,0.18139857
0.13877955,0.15527388
0.11576093,0.13750052
0.10113371,0.12007909
0.10753107,0.114986405
0.12007721,0.110904165
0.11971336,0.11800225
0.13512284,0.14189269
0.16865541,0.1706084
0.1989954,0.1958994
0.22023465,0.21692976
0.22023094,0.22633103
0.20023261,0.21811275
0.17491418,0.19348174
0.14517973,0.16244695
0.114232786,0.1262499
0.090142205,0.0895814
0.077856466,0.07810231
0.06999187,0.07122956
0.06727948,0.070655
0.071108855,0.073724404
0.09232321,0.09688329
0.13093702,0.13077824
0.15755409,0.15535891
0.15600917,0.15469956
0.13808309,0.12639523
0.11902308,0.10858496
0.111191496,0.09276145
0.119386226,0.08923599
0.1361397,0.09328031
0.15576413,0.10677916
0.18982863,0.13040817
0.2190873,0.16336855
0.23965128,0.19007567
0.25114188,0.20805873
0.24361446,0.21339393
0.22239235,0.2062806
0.19623975,0.18142024
0.15518154,0.14767475
0.12478735,0.10969194
0.10251551,0.09823146
0.085965574,0.083287776
0.078154996,0.07520475
0.0711371,0.07033087
0.0796692,0.07541686
0.08855915,0.09084956
0.12710394,0.116696775
0.15786146,0.14134814
0.16147421,0.1497016
0.1586732,0.1410017
0.171556,0.14117111
0.1750992,0.14229335
0.17231283,0.1457712
0.1783375,0.1580652
0.17284617,0.17725267
0.18000989,0.1977278
0.19939968,0.22471066
0.231873,0.23672427
0.23726813,0.2453842
0.20720637,0.24111447
0.19500361,0.22527787
0.1854472,0.20069277
0.16039501,0.16354728
0.13352937,0.12554452
0.109416895,0.110100925
0.09283906,0.09154841
0.08251541,0.084368706
0.07959893,0.08116415
0.07347187,0.07962021
0.08623021,0.09212282
0.09676589,0.1146081
0.11178768,0.12611134
0.11974743,0.1347734
0.11718598,0.12739062
0.113494135,0.13098806
0.11784554,0.13965686
0.13412166,0.15471788
0.15518136,0.18423405
0.18521859,0.21048136
0.21028474,0.24680167
0.23075072,0.27529442
0.24611112,0.3017378
0.2523203,0.31306374
0.2403569,0.30508587
0.22011513,0.2791187
0.19541618,0.25130588
0.16896506,0.21239382
0.13927951,0.1671708
0.11153469,0.11977294
0.08945016,0.100674264
0.07751839,0.08410825
0.06688473,0.07841691
0.06244258,0.07885939
0.065748684,0.07712047
0.07408959,0.08421088
0.0873057,0.096057355
0.104812674,0.106984444
0.1198244,0.10993704
0.12337519,0.11839352
0.12012293,0.124029785
0.13240409,0.12236165
0.13353254,0.12243806
0.14496222,0.12817393
0.15531695,0.13160801
0.16434972,0.15098897
0.18433076,0.1597471
0.19734561,0.17588271
0.19049278,0.17732275
0.180873,0.1709232
0.15915215,0.15752125
0.13247435,0.13557196
0.10761899,0.11352137
0.08797038,0.092592925
0.07520586,0.08121644
0.069921605,0.07044527
0.06803225,0.06888466
0.07469372,0.073920146
0.0985336,0.09165894
0.13383672,0.11291403
0.16427734,0.1420457
0.18178996,0.15330818
0.17968117,0.14182322
0.17586873,0.13242283
0.16566761,0.11798097
0.15730481,0.10854824
0.16418783,0.10865241
0.18057677,0.12618737
0.18964855,0.13413993
0.20465693,0.16319466
0.22469445,0.18191738
0.2392726,0.20459679
0.22951,0.20792258
0.21282165,0.19727936
0.18810293,0.1745683
0.15542747,0.14804548
0.12849791,0.11933471
0.10635195,0.10950902
0.09391685,0.09583996
0.08710445,0.08682077
0.085671455,0.08471497
0.094164014,0.08609652
0.11561776,0.10236026
0.15684316,0.12785397
0.18744937,0.15444323
0.19086193,0.1688475
0.17282568,0.16509369
0.15451969,0.15755536
0.14103381,0.14805338
0.13509105,0.1375599
0.1455593,0.13944253
0.15869032,0.14755964
0.17786084,0.15303215
0.18692875,0.17569456
0.20229991,0.20162363
0.21928379,0.23182805
0.2213451,0.23995459
0.2135633,0.22474271
0.19108967,0.20400468
0.16074261,0.17912853
0.13400638,0.15108049
0.11561793,0.1269757
0.103443064,0.113789916
0.09842132,0.1060341
0.09748194,0.10435854
0.103836395,0.10554277
0.12845942,0.116662934
0.17084648,0.13710389
0.20068668,0.15744232
0.20934641,0.16907811
0.20357932,0.1580115
0.18226221,0.14737912
0.15864371,0.13080242
0.14321464,0.12225397
0.13679133,0.11942942
0.1400729,0.1258841
0.15356971,0.13525596
0.18558562,0.1573996
0.22226399,0.18691765
0.257604,0.21802612
0.2574197,0.2321729
0.24579777,0.22509556
0.22428435,0.21184742
0.19139014,0.19004416
0.1650813,0.16505408
0.14565039,0.14367974
0.13468888,0.13142136
0.13249835,0.12684701
0.1320697,0.12836859
0.1421718,0.13071942
0.16636495,0.14943705
0.21550897,0.18286636
0.24292225,0.21988481
0.23150915,0.22778562
0.19131741,0.201181
0.15314831,0.17424011
0.1283309,0.14857057
0.11759609,0.13419971
0.11192097,0.13322693
0.11926882,0.14060546
0.14115368,0.151684
0.1716757,0.17241529
0.21509215,0.20566814
0.24946913,0.241334
0.25239038,0.25053716
0.24712394,0.23911177
0.22679618,0.22103396
0.19726105,0.19719356
0.17066869,0.1647265
0.15105593,0.15002711
0.13939355,0.13609162
0.13670182,0.12875587
0.13650957,0.1289598
0.14418244,0.13075289
0.16657856,0.14356408
0.20649667,0.1765815
0.23486081,0.21601439
0.22848782,0.22480157
0.19622281,0.1965931
0.15614846,0.16893238
0.1324883,0.13969594
0.11539178,0.122955404
0.10991633,0.116687655
0.11974178,0.1213104
0.13741152,0.1351147
0.17301653,0.15629381
0.20672971,0.19260074
0.23118308,0.22876224
0.22951,0.24126166
0.21794048,0.2325109
0.20303538,0.21303973
0.18079762,0.19401723
0.1557613,0.16229662
0.1376541,0.13497691
0.124280676,0.12081475
0.118695766,0.11484018
0.11382586,0.11327487
0.11291455,0.11110021
0.13031241,0.12383336
0.14137983,0.15041345
0.15698563,0.18249846
0.16652949,0.1896368
0.16476336,0.16916253
0.14164694,0.1540814
0.12508713,0.1326299
0.11077591,0.12571093
0.1180355,0.11928585
0.13089341,0.12203126
0.12928547,0.13453662
0.1485109,0.15292442
0.17183387,0.18386318
0.19246952,0.21340442
0.19104324,0.22563177
0.18027665,0.21710995
0.17063709,0.20030445
0.15075298,0.17816126
0.12953122,0.14911276
0.112431,0.11457041
0.09611533,0.10581482
0.09455099,0.09945041
0.08862324,0.10050009
0.08787205,0.10413334
0.09237511,0.121122435
0.10204008,0.1455882
0.11901725,0.16675913
0.12280708,0.16635615
0.113806084,0.1331829
0.111308366,0.11389208
0.09580497,0.081357464
0.08180783,0.06212996
0.06631362,0.050936982
0.073395245,0.05705647
0.09405755,0.07448681
0.124276616,0.10624007
0.18585625,0.14235666
0.20839362,0.17471413
0.18991584,0.19330153
0.16661493,0.19284895
0.17818938,0.17413059
0.15597598,0.1527752
0.13936885,0.12421313
0.11310803,0.10750957
0.09896225,0.097005
0.0922533,0.08759399
0.08957709,0.08451344
0.09112166,0.08493368
0.102419116,0.097408555
0.12812206,0.11866012
0.1685915,0.14923911
0.17930284,0.15642676
0.1521715,0.13912818
0.12868045,0.12840602
0.106803365,0.1113728
0.10493555,0.1114488
0.10764141,0.1057923
0.11907922,0.11621173
0.13264064,0.13149647
0.15969643,0.15655822
0.19947012,0.18426576
0.23873731,0.20616971
0.2373684,0.21042767
0.22587375,0.2057792
0.21036841,0.18689564
0.18662775,0.16097829
0.15607625,0.12901817
0.12662409,0.13237752
0.10751165,0.113157354
0.09752272,0.10354915
0.08970438,0.10042451
0.088868275,0.09993833
0.095737,0.10824081
0.11568767,0.13891615
0.15368429,0.17612673
0.1739139,0.19689494
0.17734958,0.19706109
0.17536013,0.19851482
0.17544892,0.20059846
0.1710163,0.20133653
0.17210945,0.20044509
0.16930455,0.20403035
0.16298011,0.20699483
0.17228565,0.21565154
0.19977166,0.22924201
0.23301205,0.24961452
0.23450154,0.25131267
0.2237623,0.23466305
0.2064663,0.21106616
0.18247971,0.18572801
0.1519321,0.15440944
0.12601838,0.11907612
0.110263415,0.103618115
0.09590595,0.092327215
0.09487936,0.092705056
0.09455911,0.09383958
0.103839226,0.10941104
0.13173534,0.13597378
0.16883019,0.16945
0.17481425,0.17762601
0.14975993,0.16390897
0.12074048,0.14471735
0.10886996,0.1267982
0.10197617,0.1087677
0.10881559,0.10998015
0.12301328,0.11551717
0.13542242,0.12880139
0.16140589,0.15513757
0.20221147,0.1878113
0.2398723,0.2284136
0.24758948,0.24511889
0.24222931,0.23642626
0.22801574,0.22081164
0.20867185,0.19969395
0.17576635,0.17175266
0.15487736,0.15231837
0.15333429,0.134576
0.15179121,0.125047
0.15024815,0.11971917
0.14870508,0.11701816
0.147162,0.12357414
0.14561895,0.14717767
0.14407587,0.1810436
0.1425328,0.19578215
0.14098974,0.18150419
0.13944666,0.17106171
0.1379036,0.16277269
0.13636053,0.16232151
0.13481745,0.16103467
0.13327439,0.16349429
0.13173132,0.17484881
0.13018824,0.19037575
0.12864518,0.21151273
0.1271021,0.23480865
0.12555903,0.24182016
0.12401597,0.23371682
0.1224729,0.21696141
0.12092983,0.19531718
0.11938676,0.16200396
0.11784369,0.104570776
0.11630062,0.090693474
0.10580431,0.08092964
0.10182982,0.0756841
0.097658485,0.07420011
0.09748865,0.073176
0.11503799,0.07326731
0.14677832,0.07701421
0.17333518,0.087489836
0.19408718,0.1065563
0.20475473,0.11878784
0.20832741,0.123085134
0.21287125,0.12219187
0.21420662,0.12987958
0.21203938,0.13289644
0.21332973,0.13728261
0.21412647,0.14812
0.22657904,0.16581818
0.25091183,0.19405448
0.24521199,0.1999476
0.23405737,0.20002195
0.22101231,0.2004551
0.20924914,0.17607543
0.18223555,0.15731618
0.1598546,0.15983991
0.14091164,0.14562933
0.13041887,0.13636151
0.123979494,0.13275538
0.12088807,0.1318743
0.12261129,0.13578783
0.13892908,0.15246278
0.151552,0.17718336
0.15486412,0.190198
0.13973746,0.17476569
0.11595954,0.15677322
0.09054331,0.13615075
0.0804986,0.12604427
0.08331373,0.124094434
0.10049357,0.1301158
0.12890378,0.14179398
0.15419202,0.16389534
0.17861485,0.19027844
0.20342307,0.22027622
0.20448056,0.23215333
0.1985371,0.22767633
0.19092001,0.21515566
0.17936797,0.19702548
0.16003451,0.1693528
0.14275263,0.13765809
0.12820785,0.121786
0.11938746,0.11415143
0.11495201,0.11104045
0.11362089,0.109509386
0.11891539,0.11732129
0.12598854,0.1335381
0.14056103,0.1612167
0.1434189,0.17020676
0.13036573,0.15323013
0.11580807,0.14121202
0.11298975,0.12016454
0.10827431,0.11297115
0.099620044,0.10853952
0.10061839,0.11977644
0.11779134,0.13763292
0.15190934,0.16308081
0.19559202,0.2039683
0.23916525,0.2426905
0.2428391,0.25357556
0.23922634,0.24659033
0.22915179,0.2351445
0.21106575,0.21688062
0.18549505,0.18952814
0.16249321,0.16167447
0.14622009,0.14554022
0.13738063,0.14040276
0.13588637,0.13912171
0.13713841,0.13922745
0.1483656,0.1534981
0.17569996,0.1836079
0.21729062,0.22469571
0.23001525,0.23748454
0.20161581,0.21155077
0.16684003,0.18777966
0.14268589,0.16010624
0.13548298,0.14577514
0.12700984,0.1372352
0.13587278,0.14044945
0.1648534,0.14976041
0.19468689,0.17150426
0.23189719,0.21137497
0.27029738,0.25102222
0.26882786,0.26266736
0.2628136,0.25146252
0.24722016,0.23339525
0.22828726,0.21363005
0.19543755,0.17846039
0.16643856,0.16682944
0.14998856,0.14293072
0.13871953,0.13262619
0.13645148,0.12782633
0.13410224,0.12231191
0.14570811,0.12895451
0.16886796,0.14451872
0.20943892,0.18526693
0.21981606,0.20364588
0.19309483,0.19093736
0.16497715,0.17579997
0.14116852,0.16481075
0.13442743,0.1582276
0.12774248,0.1593723
0.13159746,0.16448076
0.15372737,0.18022656
0.1853194,0.19839928
0.22504435,0.23100896
0.26183873,0.26485384
0.26830405,0.26934946
0.25693828,0.25604433
0.2450208,0.24737862
0.22389843,0.22792858
0.19435853,0.19627815
0.1681016,0.16585451
0.15196495,0.14787245
0.14332463,0.13883251
0.14105181,0.13651873
0.14193736,0.13373202
0.15314195,0.14163266
0.1762257,0.16557692
0.21836206,0.20892897
0.23444222,0.22811121
0.207015,0.20981568
0.17110246,0.18921424
0.15882854,0.16625534
0.14730053,0.15872125
0.14626917,0.1546841
0.16463448,0.15846401
0.17772949,0.172278
0.19191377,0.19014785
0.2310219,0.22262764
0.26102945,0.26004216
0.26433626,0.26489764
0.25607887,0.25504833
0.24137926,0.23874709
0.21664502,0.21976492
0.1807579,0.18465644
0.15334603,0.1573008
0.13381253,0.13860488
0.124453336,0.1280822
0.119645916,0.124319755
0.12062573,0.12231552
0.13172333,0.1333699
0.15346873,0.16160676
0.19657378,0.20456918
0.21393386,0.22004107
0.18709028,0.18873465
0.15111966,0.16581002
0.13088387,0.13313705
0.114415504,0.11908397
0.11823481,0.102749944
0.12557931,0.10276312
0.14840904,0.11855185
0.1797901,0.14460282
0.20741221,0.18680677
0.24035603,0.22551556
0.24391848,0.23755223
0.23326927,0.23743972
0.21794295,0.21834308
0.1947621,0.20219511
0.16483063,0.16865113
0.13972722,0.14086431
0.12813424,0.12494187
0.11668619,0.11660741
0.10719158,0.11330603
0.112748064,0.113710746
0.11992962,0.12833543
0.14254414,0.15579247
0.18379566,0.19416934
0.1900629,0.20201963
0.17406006,0.17558983
0.16120216,0.15774593
0.14123966,0.13432081
0.13470319,0.127283
0.12820591,0.12172968
0.14909136,0.12589954
0.16266604,0.14677446
0.18553777,0.16996424
0.21070509,0.20280202
0.23495613,0.23168461
0.2243329,0.24060437
0.21573918,0.23333707
0.19867903,0.21387097
0.18020691,0.18888608
0.15659547,0.15440881
0.13251372,0.1251673
0.114004865,0.10667278
0.098837785,0.09847978
0.08922436,0.08969047
0.0873073,0.08687199
0.08718213,0.09279081
0.096894056,0.10655213
0.11435725,0.1300408
0.12792504,0.14527461
0.13914022,0.1488746
0.13313073,0.15924993
0.114613056,0.15510583
0.09762706,0.15025847
0.08117616,0.14497429
0.09138453,0.14544265
0.1093431,0.15411466
0.14157526,0.1699293
0.17742531,0.20028538
0.21005912,0.23026766
0.21112067,0.23813877
0.20603997,0.23095068
0.19968162,0.21964222
0.18597119,0.1983763
0.1706973,0.17425467
0.14978465,0.14430133
0.13420534,0.13049617
0.12428915,0.12251647
0.11875367,0.12138641
0.117538884,0.11980288
0.121318124,0.1269785
0.12919879,0.14393003
0.1439178,0.17206718
0.14792584,0.18056834
0.13337684,0.16134983
0.10961851,0.14326185
0.09057897,0.1220391
0.08143656,0.1112908
0.08170667,0.10732352
0.09082171,0.11343549
0.11279185,0.1256781
0.14374498,0.14714468
0.18518662,0.17814817
0.22409086,0.2109836
0.22807276,0.22413376
0.22098018,0.21636392
0.21120451,0.20429385
0.19262823,0.18792596
0.16734193,0.16077329
0.14341412,0.14603405
0.12606922,0.12694182
0.11844172,0.12142554
0.1157996,0.11752424
0.11951475,0.11603761
0.13300662,0.12869155
0.16305973,0.15494299
0.20396312,0.19279373
0.21927638,0.20864388
0.19777532,0.18850486
0.16438274,0.17299415
0.14093354,0.15403269
0.13374245,0.1514316
0.13219488,0.1463458
0.13804743,0.15232556
0.16623414,0.16637883
0.20568511,0.18966374
0.24619286,0.22563593
0.28477103,0.26268876
0.28744897,0.26977175
0.28053454,0.2574851
0.2658941,0.24097466
0.24354385,0.22115356
0.21018092,0.18816923
0.1809083,0.18389904
0.15627521,0.16152506
0.14210701,0.14933074
0.13897797,0.14757739
0.14013062,0.14151841
0.15470488,0.1479823
0.17622395,0.16863003
0.22016597,0.2101746
0.23219414,0.24284533
0.22770308,0.24656269
0.2270483,0.24061723
0.22872509,0.2339736
0.24631874,0.23740755
0.24936286,0.2442041
0.2470551,0.24484722
0.25299963,0.23866184
0.26137972,0.24477437
0.28229818,0.26287252
0.3003249,0.28581947
0.2955572,0.28273302
0.2793773,0.2656347
0.26341718,0.24676359
0.23407096,0.22248545
0.20137343,0.18540284
0.16709796,0.16973814
0.14154455,0.14107084
0.12617056,0.12881744
0.10794736,0.12029752
0.113096386,0.11289206
0.11149267,0.115661606
0.13254584,0.13638902
0.16798931,0.17318384
0.1931651,0.20282203
0.19373798,0.20202741
0.19737263,0.20324975
0.1900855,0.2012544
0.18205371,0.20005544
0.18278566,0.18864486
0.20112626,0.1842181
0.20526105,0.18575224
0.21650378,0.20181802
0.23577529,0.22840728
0.2524158,0.2603818
0.24463081,0.2687582
0.23214912,0.25612986
0.21855272,0.24126834
0.19807579,0.22527763
0.1697678,0.19553673
0.14298849,0.14690818
0.1200645,0.12549587
0.105741814,0.11354262
0.0968441,0.10818017
0.092652455,0.10266014
0.09645623,0.10483758
0.10816821,0.11822198
0.12297197,0.14373983
0.13703972,0.16633207
0.13950495,0.16798288
0.120372385,0.16462347
0.11048709,0.15705056
0.107165806,0.15309988
0.10878028,0.1538057
0.11295674,0.15835063
0.12633474,0.1637873
0.14750178,0.18333697
0.1694315,0.2105363
0.18360129,0.24180588
0.17962873,0.24920991
0.17952281,0.2383906
0.17962767,0.22607961
0.17294927,0.21035579
0.15929408,0.18229353
0.14126949,0.13527441
0.12201458,0.12259026
0.11065463,0.11448863
0.104807906,0.110492304
0.10281122,0.110520646
0.10928466,0.11706586
0.12285386,0.12744577
0.14396706,0.14435434
0.15293628,0.14959762
0.1527209,0.1286491
0.14432314,0.1200103
0.13048595,0.100845635
0.117460854,0.09115942
0.11529098,0.08535021
0.12622705,0.091327086
0.14610198,0.10485144
0.17168398,0.13044024
0.2071423,0.16650513
0.24134219,0.20114338
0.24215217,0.2196131
0.23750664,0.22083381
0.23329064,0.21239132
0.22336845,0.1961999
0.20290828,0.17289695
0.18148825,0.17947035
0.16312699,0.16071317
0.15179211,0.1533493
0.14631365,0.15191522
0.14382353,0.1484999
0.15011832,0.15360682
0.16075975,0.16772842
0.17818551,0.1995981
0.18697412,0.22093329
0.18136415,0.20541486
0.15884303,0.19062175
0.14436676,0.1701879
0.1402874,0.16517793
0.13067397,0.16202274
0.122004874,0.1705052
0.14330432,0.1865115
0.17517193,0.21104637
0.21898472,0.24955426
0.25501415,0.29043448
0.25917754,0.29952842
0.25771913,0.28817108
0.2522698,0.27725637
0.2415182,0.26084158
0.21993364,0.22894526
0.19688644,0.1931004
0.17696877,0.17289457
0.16442034,0.16224231
0.15571187,0.15875763
0.15192486,0.1549944
0.15376303,0.15831691
0.15918605,0.17709154
0.17156553,0.21156725
0.1802747,0.23573324
0.1810559,0.23392151
0.17497456,0.22227217
0.16426587,0.20992103
0.17437802,0.2057886
0.18780582,0.20905676
0.19983804,0.21283124
0.21017899,0.20574448
0.21740238,0.21561138
0.241735,0.24004516
0.25950962,0.26373982
0.25466847,0.2705527
0.24138209,0.25742754
0.22562712,0.23949477
0.202221,0.21636957
0.16805552,0.18238981
0.13761684,0.14700267
0.13869055,0.12728536
0.13976425,0.1176514
0.14083797,0.113607675
0.14191167,0.109803416
0.14298537,0.11859475
0.14405909,0.13827804
0.1451328,0.16731033
0.1462065,0.18942657
0.14728022,0.17486808
0.14835392,0.16071309
0.14942762,0.14777657
0.15050133,0.14308012
0.15157504,0.14457211
0.15264875,0.15537506
0.15372245,0.17838778
0.15479617,0.20402825
0.15586987,0.24315195
0.15694357,0.28026587
0.1580173,0.28365833
0.159091,0.26999584
0.1601647,0.25744256
0.16123842,0.24000296
0.16231212,0.21053702
0.16338582,0.16681515
0.16445953,0.16424078
0.15982036,0.15690188
0.15383841,0.1601458
0.15437986,0.15622506
0.1660862,0.1610591
0.19253978,0.16643563
0.23816197,0.16514109
0.2539247,0.17938128
0.23638877,0.17867342
0.20900127,0.18258119
0.20018741,0.18358174
0.20543319,0.18499966
0.19676356,0.18429905
0.20733684,0.18450789
0.22883648,0.20014097
0.26202145,0.21722302
0.29963833,0.22194874
0.33986256,0.22560306
0.34060934,0.24105468
0.3355553,0.24181426
0.32084015,0.2325938
0.293274,0.21765316
0.2565384,0.20471019
0.22368127,0.2331525
0.20129645,0.21183753
0.18964149,0.20418929
0.18678187,0.20384379
0.18681347,0.19925287
0.20111638,0.20647627
0.22068924,0.23024401
0.2674157,0.26953053
0.28253636,0.29902443
0.2579719,0.29218104
0.22603035,0.2763499
0.20409393,0.2562025
0.18711783,0.24435584
0.17581137,0.23771062
0.18606581,0.23452382
0.22706135,0.23930657
0.25657406,0.25876403
0.30270258,0.28604877
0.3342148,0.3259483
0.33244002,0.33509338
0.32657424,0.32314974
0.31451058,0.30852678
0.28633323,0.28764144
0.24550523,0.2518578
