true,forecasted
0.40911385,0.4049348
0.3850977,0.3788403
0.3668459,0.36448833
0.35704547,0.35477182
0.3535988,0.35407984
0.3593081,0.36183876
0.37649393,0.38693872
0.40842345,0.42485753
0.44228637,0.45029286
0.46459925,0.46966434
0.4801299,0.4884503
0.49601716,0.506798
0.50975657,0.52362865
0.5201771,0.539578
0.5348324,0.5535629
0.54532164,0.5569848
0.5522609,0.5553517
0.55234385,0.5561631
0.54080564,0.5446111
0.5127396,0.52561736
0.48966968,0.5073257
0.47315273,0.49070215
0.4586574,0.46462062
0.42563772,0.4302848
0.39520904,0.38830075
0.372891,0.36412302
0.35789365,0.350364
0.34672803,0.342583
0.3419689,0.3412096
0.3467169,0.35029888
0.36239624,0.37719306
0.39131618,0.41141734
0.4196585,0.43726897
0.44069326,0.4532585
0.4554563,0.4672226
0.46950457,0.47989875
0.4788063,0.49146205
0.4882867,0.50707066
0.500037,0.5235842
0.5082823,0.5300538
0.5158561,0.5346554
0.5207386,0.54027504
0.51750886,0.5324382
0.5021314,0.5194497
0.48492163,0.5004335
0.4733799,0.48803726
0.4580533,0.46298587
0.42856023,0.42888546
0.3942662,0.39829415
0.3719774,0.37247947
0.35526544,0.3565721
0.34335005,0.34793562
0.3394126,0.34293634
0.34292194,0.35090286
0.3555352,0.3711992
0.3842669,0.39932135
0.41339332,0.4259893
0.43768096,0.44718271
0.45614874,0.46987325
0.4750822,0.4896889
0.48714703,0.50989777
0.5006037,0.5307451
0.517216,0.5528944
0.532855,0.5657682
0.54795855,0.57420695
0.56177425,0.57850134
0.566718,0.5725638
0.5570549,0.55913556
0.5357415,0.5345496
0.5094418,0.5192522
0.4926984,0.4958591
0.45639575,0.46052063
0.4225621,0.4321113
0.3924191,0.40315777
0.37101954,0.3838351
0.35436413,0.3696758
0.3470188,0.3623808
0.34221914,0.36335397
0.3430235,0.37009734
0.35229015,0.38283655
0.37230334,0.40020433
0.39947683,0.42749542
0.4285015,0.4633502
0.45894584,0.49748382
0.48239803,0.53482616
0.5063568,0.5667109
0.5283483,0.59359825
0.55380803,0.6102848
0.57587624,0.6232552
0.5880079,0.6351124
0.5773733,0.6358637
0.5550403,0.622755
0.5346379,0.59473777
0.5209826,0.5787214
0.50584143,0.55161923
0.4777155,0.51582205
0.4430818,0.42108223
0.41171265,0.397432
0.38372007,0.37926295
0.36457974,0.3649715
0.35329214,0.35838574
0.34689438,0.35716307
0.34432453,0.36622083
0.34257755,0.38170588
0.35086328,0.39963436
0.3611978,0.41181123
0.37331173,0.42480662
0.38032907,0.43701622
0.38358626,0.44158652
0.38122135,0.44261768
0.38116255,0.44443452
0.3784262,0.43745634
0.3777128,0.4344677
0.37752637,0.42879188
0.3834081,0.437794
0.38280421,0.43366855
0.37872553,0.43091038
0.38157374,0.43016937
0.37621844,0.4159891
0.36098194,0.3963033
0.342729,0.34604627
0.32786974,0.32941654
0.3203561,0.3239496
0.31378168,0.31688705
0.3144641,0.3211379
0.32349518,0.32970953
0.34380263,0.35398918
0.37318647,0.38410234
0.39956605,0.40488884
0.41474068,0.41248485
0.42549264,0.42130014
0.43437216,0.4221406
0.43876883,0.42890802
0.44240764,0.43267527
0.44805112,0.44221961
0.44883204,0.44186077
0.4497631,0.4387815
0.45163986,0.44096705
0.4498684,0.43906865
0.44320327,0.43779087
0.4410119,0.43531474
0.44331893,0.43212667
0.4318221,0.41530323
0.40703854,0.38775015
0.3806148,0.36442888
0.36175296,0.34655994
0.34795794,0.33864185
0.34020352,0.33518764
0.3382728,0.3326224
0.34492058,0.34356862
0.36384073,0.373004
0.3898601,0.41329196
0.4156331,0.44076732
0.4290896,0.4540427
0.44073698,0.46529606
0.45546296,0.4683868
0.46541822,0.47671574
0.46815118,0.4806415
0.4683207,0.48856878
0.46624708,0.48456642
0.46360505,0.48265123
0.4610228,0.48060635
0.46059066,0.47083107
0.4561328,0.47168198
0.45177588,0.46573767
0.4504647,0.46136916
0.43821707,0.4353975
0.41432297,0.40957665
0.38864604,0.38141593
0.37032974,0.36134878
0.35683566,0.3518122
0.34786728,0.34466577
0.34303686,0.34413671
0.34914923,0.35224605
0.36725968,0.37839732
0.3974042,0.41893858
0.42563748,0.44283715
0.44236276,0.45766765
0.45422465,0.46932653
0.4647796,0.48010984
0.47463977,0.49025133
0.48836273,0.49873957
0.5068541,0.511242
0.52112573,0.5145602
0.52928793,0.5182714
0.536289,0.52156305
0.53696823,0.51845306
0.5259474,0.5111736
0.5113992,0.50339526
0.50273675,0.49322063
0.4868409,0.46961263
0.45504022,0.4395588
0.42009687,0.41507533
0.39369118,0.38953134
0.37542087,0.37373522
0.36285487,0.36494234
0.3583031,0.35908186
0.36269477,0.3687817
0.38087615,0.38873014
0.4121276,0.42840558
0.44424137,0.4563795
0.46799546,0.48037508
0.48987353,0.49777684
0.5180025,0.5257205
0.5362581,0.5398922
0.5439135,0.5521138
0.5531423,0.5590349
0.5517216,0.55646455
0.54488677,0.55045986
0.5295307,0.54442585
0.50670767,0.52492356
0.47951403,0.5003389
0.46011013,0.482074
0.45428428,0.4652322
0.4422483,0.43662173
0.41472808,0.40869546
0.41431892,0.38157263
0.41390976,0.35867155
0.4135006,0.3479919
0.41309145,0.33907464
0.41268232,0.33597785
0.41227317,0.3432508
0.411864,0.36337146
0.41145486,0.39445895
0.4110457,0.4136822
0.41063657,0.4233831
0.41022742,0.4305388
0.40981826,0.43566903
0.4094091,0.43469208
0.40899995,0.43753496
0.4085908,0.44093633
0.40818167,0.44282576
0.4077725,0.4390924
0.40736336,0.44069245
0.4069542,0.43905178
0.40654504,0.43580934
0.40613592,0.4321544
0.40572676,0.42264348
0.4053176,0.41151994
0.40490845,0.38570485
0.4044993,0.38084564
0.40409014,0.3599355
0.403681,0.34746137
0.40327185,0.33733708
0.4028627,0.3335439
0.40245354,0.33610284
0.4020444,0.3471838
0.40163526,0.35288998
0.4012261,0.36099806
0.40081695,0.3726262
0.4004078,0.3967909
0.39999864,0.41259414
0.39958948,0.43560132
0.39918035,0.45380917
0.3987712,0.47282815
0.39836204,0.47931966
0.39795288,0.48366904
0.39754373,0.491231
0.3971346,0.48717126
0.39672545,0.4818164
0.3963163,0.46518704
0.39590713,0.45866352
0.39549798,0.4383629
0.39508882,0.40884557
0.3946797,0.37191212
0.37008524,0.35128132
0.3517769,0.33929512
0.3388002,0.3346713
0.3329881,0.32926095
0.32687202,0.3323769
0.31901595,0.34595123
0.32233277,0.35826162
0.33603024,0.36290136
0.35900095,0.38147098
0.38610622,0.416271
0.41506478,0.44549307
0.44472784,0.48100284
0.47311315,0.5052729
0.49960127,0.5330737
0.5232251,0.5412867
0.5422123,0.54947865
0.55711335,0.5592326
0.5546625,0.5524757
0.53834647,0.5459299
0.5164052,0.52512777
0.50424635,0.50840163
0.4920854,0.4840416
0.46472874,0.44945377
0.4289095,0.42373428
0.40173137,0.39484486
0.37895858,0.37639412
0.36484656,0.36535794
0.35599902,0.36111522
0.36116165,0.3636076
0.37691098,0.38192353
0.407086,0.40863392
0.4438757,0.43117562
0.47774452,0.4623304
0.51159084,0.5002003
0.550333,0.5393336
0.5842994,0.57804334
0.61363864,0.607464
0.6341084,0.6353225
0.652589,0.6442363
0.6653425,0.6518619
0.67553025,0.6553241
0.67520785,0.6461262
0.6535904,0.62136805
0.61938375,0.59223545
0.58448786,0.57026976
0.5565144,0.5361828
0.51560056,0.49592346
0.46908817,0.45983663
0.43291545,0.42753476
0.4072139,0.40775126
0.3903869,0.3929458
0.38017586,0.3875329
0.38361526,0.3915056
0.3977388,0.41171885
0.43138996,0.44952276
0.46888018,0.49136952
0.502254,0.5285589
0.53387916,0.5634955
0.5664812,0.60369873
0.59550583,0.63827956
0.61767995,0.6656156
0.63759094,0.69378734
0.653613,0.7050309
0.67012435,0.71038294
0.6832694,0.7072252
0.6830842,0.7022194
0.6586275,0.6697597
0.62242967,0.63911116
0.5891003,0.61494565
0.5637475,0.5804087
0.52529395,0.53592503
0.47948137,0.4795054
0.44362098,0.44540444
0.41679418,0.42334485
0.40053537,0.40380368
0.3901839,0.39792514
0.3927987,0.40057474
0.40860572,0.4214115
0.44855055,0.45222732
0.4911564,0.4957908
0.53203475,0.53200525
0.56975365,0.57445097
0.605517,0.62087226
0.64001155,0.6593881
0.66955805,0.69698435
0.69933844,0.73365235
0.72289723,0.74856913
0.7429868,0.7607666
0.7532762,0.7628899
0.7497546,0.75410926
0.72653556,0.7190765
0.68665123,0.67943186
0.6471924,0.6524413
0.6126002,0.61367464
0.56360406,0.5660106
0.5132515,0.5122528
0.47494322,0.47371703
0.4447437,0.44727015
0.42332688,0.42715386
0.40880615,0.42057323
0.40982085,0.42015266
0.42356315,0.44287524
0.46077177,0.47689858
0.50355995,0.52180654
0.54163545,0.5642145
0.577343,0.6055479
0.61267424,0.64854383
0.6460903,0.6839704
0.67607355,0.71414644
0.7021739,0.7440963
0.71589893,0.75414586
0.7254659,0.76318157
0.7258314,0.759378
0.7120502,0.7444411
0.67602366,0.7075094
0.6359456,0.6669522
0.6024878,0.6385443
0.57664114,0.6020774
0.5335403,0.55412936
0.48854876,0.48012897
0.45329735,0.44538966
0.42597765,0.41920522
0.4071259,0.40183806
0.3981961,0.39311552
0.399811,0.39150983
0.41191158,0.39711925
0.44288564,0.41563725
0.48050717,0.43928382
0.5186112,0.4771381
0.5528434,0.5188738
0.5935026,0.5679327
0.6277091,0.60922694
0.65638524,0.64416474
0.68402463,0.6775826
0.6990186,0.6967051
0.7108851,0.7131524
0.72139484,0.7262951
0.7164002,0.72243124
0.69511276,0.6997192
0.6587951,0.6638674
0.61780673,0.6359219
0.58965325,0.6061152
0.5463133,0.560489
0.5016677,0.49814168
0.46111333,0.46092266
0.43450877,0.43413886
0.41101262,0.41647512
0.3988549,0.40415895
0.39160523,0.40257204
0.3864798,0.40638843
0.40377578,0.42079154
0.43723753,0.4472712
0.47910225,0.4905039
0.5227084,0.54209894
0.5671285,0.60156536
0.60961694,0.6558276
0.64565325,0.69894546
0.6709529,0.7412149
0.69506204,0.7637086
0.7159393,0.78636926
0.72766376,0.8021283
0.72475183,0.8016036
0.70056933,0.77574337
0.6711156,0.7333014
0.6424329,0.7016314
0.6192207,0.665828
0.5866985,0.61518043
0.550594,0.5193697
0.5184,0.48097986
0.47823662,0.4535367
0.44621667,0.43370497
0.4232582,0.42065203
0.4128364,0.41592687
0.40833044,0.4147593
0.41296902,0.42072698
0.43981308,0.44191828
0.48421425,0.4780962
0.53718287,0.52190113
0.58986384,0.5658779
0.6228159,0.6039703
0.6329325,0.63048834
0.63429844,0.64941716
0.6207188,0.6535223
0.6063016,0.6535411
0.57803,0.6540024
0.5593703,0.6383582
0.5431959,0.6127956
0.52563655,0.57768553
0.51161045,0.5573573
0.5021346,0.5298418
0.47940472,0.49231166
0.4502583,0.44122693
0.42570388,0.41362563
0.41074422,0.3977946
0.39923742,0.38844806
0.39552325,0.3830396
0.40459314,0.38822383
0.42680436,0.39993
0.46566132,0.42745212
0.50064856,0.45029077
0.5289541,0.47175714
0.5440782,0.49235368
0.5560886,0.5011096
0.55550903,0.51914936
0.5627086,0.5280558
0.5683605,0.53902805
0.5651436,0.5415484
0.5571557,0.53957015
0.55139756,0.54414964
0.5477558,0.5387748
0.5394764,0.5294632
0.5332031,0.5146169
0.5292334,0.5070864
0.5189203,0.4916855
0.4895587,0.4598253
0.45368296,0.45102683
0.42696717,0.42173275
0.40509015,0.404378
0.388939,0.39161524
0.38168335,0.3859561
0.38558185,0.39247113
0.40168166,0.41507968
0.43106106,0.45263225
0.4599907,0.48189333
0.47609574,0.50242585
0.48829785,0.52252865
0.5038392,0.5382458
0.52112955,0.55537784
0.5410717,0.56877404
0.5633938,0.5827148
0.58028644,0.5872309
0.5921558,0.58889663
0.59861606,0.59580225
0.5943696,0.5822352
0.5733937,0.5692996
0.54744434,0.5492793
0.52787006,0.5340244
0.50695604,0.50630915
0.47269568,0.46970496
0.4345564,0.43806884
0.40570447,0.40941426
0.38113126,0.3917484
0.36679447,0.3800558
0.35982943,0.37513673
0.36465952,0.38404077
0.3817885,0.40696436
0.41663048,0.44660506
0.4500944,0.4851409
0.47725713,0.5161846
0.4940573,0.54581
0.5082703,0.57933724
0.53211814,0.61126304
0.5622824,0.6430734
0.5963777,0.6746073
0.62121665,0.6934101
0.64082813,0.7120535
0.6549724,0.7235198
0.6515037,0.71802086
0.63618267,0.6976343
0.6123592,0.6672858
0.59152484,0.6430104
0.56745094,0.6067491
0.53212047,0.5612002
0.4904692,0.4938142
0.45536485,0.46219176
0.4333663,0.4401975
0.41708013,0.42702904
0.40976882,0.41952938
0.41444492,0.42620707
0.4338125,0.44862506
0.4689478,0.48442248
0.51188743,0.52469236
0.5545376,0.5661513
0.60378087,0.61518854
0.6601593,0.6535783
0.7088611,0.70191145
0.7514375,0.7371502
0.7659886,0.76944923
0.7424238,0.7792321
0.7130581,0.7840607
0.6865304,0.782771
0.67938757,0.7722108
0.67675024,0.74091357
0.66618156,0.7047241
0.6472165,0.6799698
0.62927336,0.6370547
0.5912388,0.5958622
0.54355323,0.53267133
0.50587523,0.49443862
0.47741917,0.46704295
0.45727432,0.44991958
0.44504133,0.4385665
0.4455079,0.4436553
0.46120852,0.46217972
0.49500325,0.497825
0.5417581,0.5414198
0.59687674,0.58639765
0.6507805,0.636088
0.69654006,0.6819178
0.7369728,0.72895163
0.76940036,0.7661379
0.78206384,0.7997579
0.76761854,0.814448
0.75746685,0.8205389
0.73963875,0.82216626
0.7244165,0.8133941
0.7153905,0.7790139
0.6976496,0.7387123
0.67441314,0.70760703
0.64976025,0.66798496
0.6073631,0.62004685
0.5584902,0.55818987
0.517193,0.5177797
0.4847578,0.4895576
0.46026918,0.4664882
0.4454234,0.45489264
0.43772832,0.4517908
0.43626752,0.45968089
0.44218224,0.48028585
0.45834595,0.5132832
0.48380163,0.5470646
0.50409734,0.5857508
0.531347,0.61849415
0.5630162,0.6474511
0.59102786,0.67246443
0.6119706,0.6863983
0.6271638,0.6911775
0.6362603,0.6903703
0.63663197,0.6867651
0.6197774,0.67723304
0.6036053,0.6471049
0.5833508,0.61426675
0.57208836,0.59296036
0.55753803,0.5672847
0.53264713,0.528323
0.50091493,0.5047918
0.47330645,0.4739969
0.4479715,0.45331326
0.42847124,0.43805847
0.4197213,0.42541784
0.41252768,0.42659378
0.41041875,0.43828127
0.41137117,0.45287392
0.42195952,0.4670887
0.43674216,0.48185927
0.45079857,0.49952927
0.46127558,0.5079583
0.46332768,0.51905954
0.4647511,0.518539
0.4670743,0.5251209
0.46403342,0.5208461
0.4652938,0.5192456
0.4678113,0.5191226
0.47843122,0.51676464
0.48130122,0.5061905
0.47324884,0.49831352
0.46637154,0.496511
0.45777497,0.48296192
0.4359829,0.46374762
0.40647823,0.4176182
0.38280612,0.39147872
0.36640796,0.37644255
0.35370737,0.36944798
0.34902316,0.36358756
0.3533928,0.37435067
0.36446643,0.40005997
0.385375,0.43553916
0.41822687,0.47327438
0.45304915,0.508684
0.48880786,0.54993516
0.52795935,0.587296
0.56286436,0.6318279
0.5979603,0.6631785
0.6300415,0.7054039
0.64965236,0.71940696
0.6694249,0.735049
0.68727344,0.74316776
0.6896143,0.7331454
0.66837865,0.71269476
0.6359516,0.68041056
0.59748447,0.6546254
0.56801665,0.61696005
0.5311871,0.57180136
0.49147105,0.48579118
0.45640838,0.454904
0.426654,0.43360034
0.40580174,0.4226763
0.39302132,0.41265202
0.38698024,0.41923946
0.3849653,0.4377641
0.39550525,0.47268936
0.4263623,0.51296574
0.4715103,0.55892795
0.52895766,0.6127857
0.58839506,0.66218925
0.6392169,0.7199948
0.6763482,0.76244
0.7035437,0.8047024
0.7240686,0.824896
0.73427695,0.846208
0.7354137,0.8550733
0.721223,0.8498016
0.7089376,0.8213966
0.6884972,0.78431886
0.65881014,0.7553548
0.6312841,0.7091416
0.6010663,0.66037565
0.5656922,0.53284734
0.52840525,0.4946932
0.49403626,0.47053263
0.46956635,0.45242307
0.45659927,0.44559318
0.4595769,0.446909
0.47899154,0.46168816
0.5243404,0.49398854
0.5893981,0.5320159
0.6480143,0.5766978
0.70445466,0.6284369
0.75830925,0.67975295
0.8018505,0.72714454
0.8327281,0.76356333
0.85344505,0.7860251
0.843227,0.7897835
0.8176631,0.7880833
0.79974383,0.778924
0.7690685,0.7609619
0.72516805,0.71496904
0.6793605,0.6761486
0.6478801,0.6435578
0.62173116,0.6028294
0.5823464,0.5571428
0.5396574,0.52162
0.50595605,0.4834046
0.48098865,0.45679495
0.46202445,0.43790266
0.45237505,0.4299459
0.45204997,0.43665874
0.4657692,0.46459585
0.49718478,0.50440466
0.5261214,0.54413736
0.55473113,0.5822126
0.5821482,0.61495197
0.6120038,0.6465136
0.6403791,0.67395204
0.6654431,0.6990029
0.6838785,0.72159946
0.6934278,0.729655
0.6973848,0.73155487
0.69091696,0.7352849
0.67703635,0.72211283
0.6553932,0.6910643
0.6240626,0.6575873
0.59114015,0.6280911
0.5651544,0.5911306
0.52327013,0.54213923
0.482059,0.48029307
0.44525766,0.44347286
0.42049238,0.42000476
0.4027683,0.40257806
0.39394915,0.39490855
0.39877614,0.40128356
0.4127358,0.42399022
0.44121626,0.45572364
0.47525796,0.49229762
0.50710785,0.5252915
0.53232306,0.55867314
0.55900156,0.58852077
0.5862541,0.61494184
0.6108859,0.6434365
0.63492346,0.6674471
0.65235776,0.6813137
0.6686126,0.6880773
0.67713463,0.6951962
0.6648301,0.6805206
0.62507975,0.65948844
0.5933973,0.6222001
0.5731559,0.5937005
0.55190974,0.5668311
0.5212364,0.5224846
0.48336858,0.4867278
0.45407373,0.45542476
0.43110397,0.43470094
0.41579607,0.4204476
0.4052778,0.40712118
0.40033674,0.4067307
0.39662763,0.41265008
0.40439114,0.4226906
0.415993,0.43398657
0.43181348,0.44852507
0.44486713,0.46269396
0.45326424,0.4739928
0.46276826,0.48367396
0.4680143,0.48410806
0.4760693,0.4927153
0.4840118,0.49465522
0.48986498,0.5011628
0.5040409,0.5059481
0.51599026,0.5052466
0.5185595,0.4984686
0.5043738,0.49011388
0.4889738,0.4892857
0.47621188,0.47577477
0.45130786,0.45406502
0.4206316,0.42776462
0.39714906,0.3997743
0.378345,0.38082516
0.36435372,0.37110212
0.35164818,0.3608501
0.35071474,0.36267853
0.34400135,0.36659515
0.34453475,0.37733734
0.36312997,0.39128873
0.3889067,0.41954964
0.42172316,0.4540954
0.45596668,0.49450663
0.49223122,0.5343902
0.52015823,0.55970967
0.54519624,0.5956427
0.5674648,0.60943806
0.5879392,0.6308101
0.6044179,0.6504065
0.6132646,0.6521346
0.60663784,0.6443484
0.5881554,0.61634225
0.56124634,0.6014568
0.5432976,0.5712791
0.50881433,0.5329989
0.46776304,0.4716572
0.433749,0.44010618
0.40900585,0.41870645
0.3920141,0.4058225
0.38436332,0.3957501
0.38964462,0.40127504
0.40835792,0.4127585
0.4437904,0.43924332
0.48840567,0.46995947
0.52561384,0.50582296
0.56556284,0.5492488
0.60242164,0.5904138
0.6376248,0.6382253
0.6656287,0.6727097
0.69717234,0.7078641
0.7242392,0.72409964
0.74628484,0.74128926
0.7597306,0.7515943
0.76348996,0.75179356
0.7482615,0.7306564
0.7183858,0.69866097
0.67998964,0.67912626
0.64990497,0.64018464
0.6022894,0.5997257
0.55107665,0.5535149
0.5071918,0.5138559
0.47392604,0.4853657
0.45141274,0.46504456
0.43784818,0.45291
0.4384084,0.45161217
0.45468262,0.4575834
0.4896784,0.48124206
0.53765935,0.51813966
0.58279324,0.5576309
0.628828,0.5956707
0.67352784,0.62976825
0.7132328,0.6605315
0.73584527,0.6823638
0.7321095,0.6921853
0.70700765,0.6930839
0.6875591,0.68645096
0.667085,0.6776631
0.6470799,0.6667064
0.62582076,0.636902
0.59611034,0.603605
0.5763602,0.587003
0.5551869,0.55680335
0.5251586,0.5214065
0.48590386,0.47047472
0.45282134,0.43751603
0.4283342,0.41748533
0.41297576,0.4015192
0.40444914,0.3973639
0.40713742,0.40696126
0.42636254,0.43150905
0.4543057,0.4707593
0.48016787,0.49409625
0.5017034,0.51164865
0.5142796,0.5206326
0.52614397,0.53160965
0.5413116,0.5376857
0.5527294,0.5465895
0.55247283,0.55268884
0.54709226,0.55776334
0.55036414,0.55977035
0.5520997,0.5721929
0.5669045,0.56308746
0.5660354,0.5491672
0.56249464,0.5323234
0.54710996,0.5173155
0.520951,0.4949512
0.4822243,0.45911756
0.44714886,0.45894286
0.41983062,0.4278442
0.40183654,0.4088631
0.38939568,0.39588273
0.38442075,0.3872308
0.39075005,0.39433658
0.41169527,0.41575316
0.44188464,0.44885215
0.47028962,0.4792279
0.48936647,0.50104266
0.5018252,0.5218502
0.51526135,0.5348184
0.5263761,0.55125976
0.54192233,0.56465787
0.56718826,0.5852534
0.58921045,0.59517145
0.605191,0.60664994
0.6159386,0.62011445
0.6235636,0.6149302
0.6121025,0.6062212
0.5861811,0.5812698
0.57387835,0.56783134
0.56020564,0.54490346
0.52749,0.50950676
0.4910028,0.49057266
0.45708543,0.45914355
0.43636265,0.4357837
0.41987953,0.42115483
0.41214368,0.40944052
0.4159337,0.41533142
0.43308693,0.43468085
0.4649057,0.46510783
0.50065494,0.5013854
0.5349068,0.54038644
0.5663641,0.58437246
0.60261613,0.62642443
0.65443057,0.6721318
0.7055287,0.7053626
0.7456349,0.74530506
0.7760892,0.76375943
0.80289733,0.7825968
0.8191813,0.7944319
0.8016121,0.787963
0.765785,0.76247656
0.73831004,0.7269277
0.71944296,0.6994584
0.6711616,0.6588501
0.5903327,0.6134516
0.54510117,0.5494538
0.50387096,0.5102921
0.47867358,0.48081708
0.45461938,0.4606051
0.443613,0.44511414
0.43773124,0.4401275
0.44000927,0.44029105
0.44488698,0.4564847
0.45977715,0.4845666
0.5021944,0.52516556
0.5515426,0.56950337
0.5934576,0.6168294
0.633705,0.6608629
0.66172254,0.6931466
0.6805699,0.7197099
0.688827,0.7359523
0.6966206,0.7519166
0.70221776,0.7623354
0.69046474,0.76716703
0.6697463,0.7471831
0.63844734,0.71353275
0.61261994,0.6892626
0.5889528,0.6562475
0.5507117,0.61304307
0.50946903,0.49863014
0.47319114,0.46379432
0.44227937,0.43963802
0.42310935,0.41952035
0.40525946,0.41091824
0.3954076,0.4098904
0.38958883,0.4128721
0.38729498,0.43071282
0.39728025,0.45517516
0.42193815,0.48311865
0.45036635,0.51343316
0.48656315,0.5456852
0.51979816,0.57277954
0.55038273,0.5970974
0.57441366,0.6170317
0.588383,0.62906283
0.6008065,0.63737786
0.6159982,0.6463603
0.62261087,0.6508228
0.6128463,0.6308059
0.5875908,0.60480815
0.56916404,0.5891379
0.5524433,0.5669751
0.521747,0.53100395
0.48072955,0.48655817
0.45071942,0.4516754
0.426773,0.42939022
0.4095079,0.41305116
0.4007828,0.40359014
0.40858138,0.40885592
0.42617953,0.4271131
0.45753694,0.45399633
0.4940272,0.48646858
0.52255356,0.5132161
0.54969585,0.5431737
0.57807577,0.5637269
0.59976184,0.5891778
0.6185323,0.6098905
0.63757455,0.631927
0.6534256,0.6405481
0.6661582,0.64775956
0.67341936,0.65663767
0.66942906,0.64980346
0.6469734,0.63175046
0.61700714,0.6021384
0.58893836,0.58750963
0.56326824,0.55997217
0.5228757,0.52399766
0.47827592,0.469184
0.44256568,0.43574893
0.4173171,0.41434658
0.3974824,0.40151885
0.38820505,0.39450192
0.39236662,0.40184987
0.4084976,0.42533955
0.43816212,0.46506205
0.4742724,0.5040591
0.50309914,0.5379374
0.5278202,0.5670175
0.55395377,0.59623575
0.5784202,0.6235256
0.600745,0.6464755
0.62333196,0.66989887
0.6396367,0.67967594
0.6522772,0.68920815
0.66499084,0.6943647
0.6655216,0.6816359
0.649765,0.6592646
0.6205628,0.62959987
0.5892604,0.6070315
0.5607255,0.5744845
0.52018833,0.5309597
0.47672364,0.47606018
0.4414969,0.44328788
0.41724557,0.42222774
0.40002492,0.40803644
0.39027548,0.40186983
0.39349717,0.40711206
0.40950254,0.42363992
0.43813685,0.46119288
0.47898886,0.49950486
0.5143556,0.5373769
0.54292566,0.57527107
0.5740714,0.6183076
0.6046517,0.6599958
0.63379395,0.6960514
0.6690882,0.7300838
0.69243926,0.74857324
0.7125065,0.76884234
0.7282146,0.7806272
0.73092854,0.77961934
0.70370835,0.75529826
0.6703561,0.72217166
0.64800817,0.696813
0.623967,0.6586134
0.5767885,0.6122672
0.52690613,0.52598894
0.48704132,0.48892412
0.4573559,0.46390998
0.4374261,0.44568017
0.42845792,0.43777257
0.43287987,0.44025737
0.45369813,0.46250555
0.4916425,0.49937615
0.5406941,0.5441191
0.5974483,0.58763707
0.65043527,0.63560414
0.69943285,0.6835921
0.735049,0.7290155
0.7604009,0.7655081
0.7744452,0.79978985
0.77995956,0.8122572
0.7803718,0.82385826
0.7761253,0.8237934
0.7612542,0.81440735
0.72802395,0.7778053
0.6881486,0.73650074
0.6521101,0.7053703
0.62157184,0.66365314
0.57620275,0.6159075
