true,forecasted
0.16203777,0.15898512
0.1364318,0.12667422
0.11851691,0.10861586
0.10719576,0.10247716
0.10806482,0.10175334
0.12043362,0.11525915
0.1461844,0.14517318
0.1750995,0.17179933
0.183571,0.19467102
0.18588465,0.19708532
0.18541075,0.20003375
0.20072497,0.20271602
0.22998689,0.20997149
0.26508585,0.21751362
0.2639585,0.23880666
0.2638245,0.25937328
0.27196524,0.29266378
0.27861646,0.3033616
0.27917385,0.31958187
0.2752779,0.30484056
0.27199712,0.2927504
0.25182864,0.27144507
0.21305278,0.23572153
0.17114158,0.19381166
0.13698702,0.12595376
0.113797665,0.102606446
0.10041949,0.088515826
0.09442117,0.08585663
0.096049376,0.08765367
0.11077814,0.10909629
0.13406149,0.1379934
0.1648316,0.16854927
0.17377548,0.18183944
0.17329572,0.18475008
0.16780317,0.18526715
0.16820079,0.19461933
0.18174228,0.20474052
0.19811505,0.22993171
0.22479197,0.25871623
0.2617386,0.28916195
0.2825808,0.3157071
0.2887517,0.32781562
0.27998886,0.3311349
0.2761444,0.32297435
0.27805918,0.30983117
0.26364005,0.27931416
0.22569686,0.23621961
0.18420537,0.19113418
0.15233393,0.1387242
0.13200487,0.115397125
0.113442004,0.10083678
0.106022924,0.092703134
0.10883663,0.09526406
0.11841992,0.116849005
0.14133711,0.15106215
0.16665962,0.18675157
0.17670102,0.20440057
0.17253332,0.21137556
0.17808758,0.21096253
0.2018959,0.21294042
0.22410163,0.21609855
0.23532593,0.23174816
0.2309163,0.25544778
0.2523618,0.27540496
0.28135565,0.2960489
0.29723558,0.3082889
0.29021057,0.31465524
0.28025502,0.30708262
0.28103662,0.29807875
0.26516607,0.27031034
0.2324779,0.22233891
0.19558127,0.18216965
0.15718381,0.14810547
0.13073587,0.12143782
0.11165579,0.10335602
0.099438325,0.09269557
0.09481606,0.09035569
0.08833621,0.09354329
0.08902969,0.107553855
0.09318227,0.1165656
0.09744655,0.12442906
0.10332692,0.12935385
0.11099867,0.13766654
0.12821598,0.15381499
0.15532662,0.167126
0.16770373,0.18904641
0.19201088,0.22128329
0.23513223,0.25780562
0.26511365,0.29523516
0.30113438,0.31742957
0.31531745,0.32373974
0.30033344,0.32603443
0.29671183,0.31066322
0.2888867,0.2881455
0.26137027,0.24890581
0.2292802,0.21103984
0.1945264,0.18010019
0.16538832,0.1492629
0.14370048,0.12625676
0.1291894,0.113941096
0.11977052,0.10703356
0.10876471,0.104560785
0.10105631,0.10679877
0.10503249,0.11730543
0.11599117,0.14188336
0.14109628,0.16254282
0.17544046,0.19349378
0.2253713,0.22445142
0.27297816,0.25970894
0.30548775,0.2994949
0.35006675,0.34044594
0.36923265,0.3798536
0.38544253,0.41864225
0.4071576,0.44211662
0.41644868,0.45971265
0.40812173,0.4444626
0.4037215,0.43361905
0.3915934,0.4062259
0.3472611,0.3586076
0.30265838,0.3109143
0.25179842,0.24022426
0.21986282,0.20802918
0.19857125,0.18443246
0.18815853,0.17408617
0.19046374,0.1712048
0.20982715,0.18325195
0.24174026,0.21332385
0.2833191,0.24748541
0.31079942,0.28181028
0.32543555,0.31029886
0.34906283,0.33274952
0.36907968,0.3530247
0.38161522,0.36538136
0.4016803,0.3901885
0.43561813,0.4050169
0.47291866,0.41499418
0.49520487,0.42356074
0.47131634,0.41075164
0.44089562,0.40580696
0.41892526,0.38055614
0.40131578,0.36318535
0.3808419,0.3378371
0.3463141,0.28901416
0.2882684,0.2420789
0.2413936,0.2168871
0.2052448,0.18189853
0.17976373,0.15803665
0.16497461,0.14650747
0.16240543,0.14811608
0.172021,0.16645257
0.1997675,0.20603755
0.2248451,0.24555863
0.22970316,0.27196956
0.23722793,0.28503484
0.24881674,0.29260457
0.2688043,0.30522203
0.2757059,0.31539464
0.28572208,0.33639377
0.3105534,0.36693257
0.3520761,0.39478013
0.39902568,0.4252177
0.42518744,0.43178278
0.4248624,0.42958182
0.40751967,0.40636495
0.3884713,0.37972865
0.36803544,0.3468437
0.31865492,0.30208614
0.2565385,0.25032318
0.20888384,0.22248729
0.17484738,0.19065183
0.15429655,0.16818249
0.14160573,0.15697666
0.14158952,0.15739998
0.14941998,0.17015928
0.17967872,0.20480637
0.21573408,0.23677363
0.2409329,0.26399335
0.27151096,0.29406056
0.294894,0.3179219
0.32786047,0.33899215
0.35918295,0.3428153
0.34505913,0.34643543
0.28602067,0.35482508
0.26971862,0.35837686
0.3032102,0.3676448
0.31537795,0.35965145
0.3268176,0.35347006
0.32252622,0.34477174
0.30864745,0.3305986
0.29735163,0.30619213
0.25837022,0.26450914
0.2125613,0.22125441
0.17509107,0.16944425
0.14825518,0.1433433
0.13095437,0.124074906
0.121875346,0.118698135
0.12338246,0.121328615
0.13334757,0.13851976
0.15880929,0.17627738
0.19035776,0.21315561
0.20010287,0.23332234
0.20627828,0.23904291
0.22172491,0.24747053
0.24519923,0.2593072
0.26036128,0.26926816
0.28578842,0.28683004
0.30589804,0.3153935
0.33251393,0.34141043
0.36279327,0.36874256
0.389905,0.3785311
0.39425835,0.37346092
0.386183,0.3627013
0.37763223,0.34082016
0.36100024,0.3119032
0.3131064,0.26899117
0.26361006,0.22309482
0.26165292,0.20690416
0.25969577,0.17543668
0.25773862,0.1578018
0.25578144,0.14928894
0.2538243,0.1467674
0.25186715,0.1583274
0.24991,0.19381607
0.24795283,0.22073244
0.24599569,0.24227135
0.24403852,0.26804435
0.24208137,0.28793636
0.24012421,0.2990906
0.23816706,0.29744494
0.2362099,0.28588226
0.23425275,0.28596473
0.23229559,0.28788653
0.23033844,0.30019835
0.22838128,0.30058143
0.22642413,0.30214176
0.22446696,0.3049318
0.22250982,0.2972038
0.22055265,0.27738655
0.2185955,0.24115321
0.21663834,0.20459226
0.2146812,0.16057701
0.21272403,0.13181889
0.21076688,0.11335403
0.20880972,0.106646016
0.20685257,0.1002933
0.2048954,0.10108209
0.20293826,0.11132708
0.2009811,0.118067026
0.19902395,0.12853101
0.19706678,0.13364452
0.19510964,0.1474539
0.19315247,0.15712635
0.19119532,0.17314291
0.18923816,0.1858916
0.18728101,0.21380782
0.18532385,0.24199085
0.1833667,0.27181476
0.18140954,0.2948695
0.17945239,0.303831
0.17749523,0.3032173
0.17553808,0.2894823
0.17358091,0.27015597
0.17162377,0.24101609
0.16966662,0.2054446
0.16770945,0.12461364
0.13939656,0.10786188
0.1204467,0.09626737
0.1058231,0.0955046
0.099662125,0.093517005
0.08866177,0.105202325
0.08143149,0.12093264
0.08217878,0.14032564
0.08784732,0.15010159
0.09688902,0.15793532
0.11637353,0.18028516
0.1434053,0.19673374
0.18360342,0.22048147
0.21668692,0.24360216
0.23950644,0.27778974
0.27718127,0.3095685
0.31641293,0.3329323
0.33229163,0.3536444
0.3481841,0.35028857
0.3407213,0.35284436
0.3422299,0.33564395
0.33758068,0.3080582
0.30341685,0.2707811
0.25591093,0.23291409
0.21656309,0.19626793
0.1824626,0.16683981
0.15977588,0.1476681
0.14897467,0.13774016
0.14715277,0.13719828
0.15477768,0.15204561
0.176423,0.19052653
0.209549,0.22794609
0.2299083,0.25789395
0.24836233,0.2779186
0.2724822,0.30053687
0.30418417,0.32351106
0.33588,0.35266852
0.37868887,0.39547318
0.41934645,0.4380744
0.45631853,0.4742637
0.48526075,0.50741524
0.5018101,0.51376915
0.47972023,0.51301974
0.45227697,0.48201543
0.43463793,0.45663664
0.4079542,0.4190969
0.3583564,0.36148825
0.2989895,0.30717966
0.24718282,0.23504661
0.21314377,0.19840914
0.18932563,0.1737271
0.17576875,0.16058172
0.1748317,0.15752488
0.18659367,0.17005995
0.21365023,0.20287791
0.2508675,0.23471741
0.27165097,0.26022455
0.28614396,0.27667442
0.2916564,0.28718886
0.29234743,0.2945835
0.30454662,0.30326977
0.3233303,0.32153663
0.35882622,0.34467292
0.38598737,0.3690491
0.4100616,0.39663497
0.42302704,0.4047641
0.4113776,0.40770942
0.3902161,0.3879205
0.37764028,0.369
0.35879326,0.3409785
0.3116404,0.29863667
0.2590596,0.2499662
0.21478137,0.20467329
0.18239,0.17577092
0.15962306,0.15632872
0.14668527,0.14889824
0.14677899,0.15233523
0.15541762,0.17427406
0.17883663,0.21460144
0.20722036,0.25489274
0.21999441,0.28171304
0.23071742,0.29537156
0.24405241,0.29802623
0.26734337,0.30392572
0.27255055,0.29850653
0.27558738,0.30463243
0.27085492,0.30830047
0.27684194,0.30948904
0.29642835,0.31376985
0.30752257,0.3104856
0.30147806,0.31151417
0.29592693,0.29766673
0.29707062,0.2841036
0.28551722,0.25941306
0.25219303,0.2248128
0.20982279,0.18301854
0.1731952,0.18026017
0.14888042,0.15346313
0.13433242,0.13366374
0.12534548,0.12531647
0.12716834,0.12549499
0.13988368,0.1393713
0.16794226,0.1679697
0.2037614,0.19859104
0.22511645,0.21973282
0.24252038,0.23503539
0.24611515,0.24411604
0.2573565,0.2566906
0.25798443,0.260495
0.25898606,0.26937038
0.25823128,0.2828886
0.25912103,0.29246837
0.26228672,0.30408984
0.27370894,0.31255868
0.28150657,0.3142579
0.2853359,0.3044006
0.29315615,0.29316664
0.29092163,0.2690883
0.26307705,0.2332336
0.2281105,0.19390059
0.19317596,0.18108754
0.16899562,0.15537898
0.15124965,0.13839477
0.142204,0.13043271
0.14341715,0.12943038
0.15660094,0.13849589
0.18303308,0.17048092
0.22314334,0.19767262
0.26040828,0.21874078
0.2802474,0.24083662
0.29901308,0.26126596
0.30295467,0.2759256
0.3055473,0.28232792
0.3039586,0.2825531
0.30841997,0.29483646
0.31348684,0.3030134
0.32269105,0.31509256
0.3175039,0.3228925
0.3058114,0.32242298
0.3049249,0.32020736
0.31126377,0.30642384
0.30923033,0.28491268
0.28176293,0.24851602
0.24994408,0.21119007
0.22163759,0.21441309
0.1892311,0.18769938
0.17033382,0.16702552
0.16134852,0.15858714
0.15641241,0.15503187
0.15902874,0.15840426
0.16342147,0.18054341
0.18337853,0.20108463
0.21023838,0.22302334
0.23043954,0.25129044
0.25265986,0.28243583
0.2744425,0.30003712
0.30177855,0.3179433
0.33974352,0.32106793
0.3433394,0.33766362
0.32563415,0.35228035
0.37287185,0.37110487
0.42327878,0.38527095
0.4408509,0.39340806
0.43671632,0.39262578
0.42457473,0.38014317
0.40989432,0.35851273
0.37716594,0.322497
0.3428663,0.27946776
0.29363754,0.2805693
0.257712,0.24581459
0.22839533,0.21756238
0.20578218,0.20420994
0.19128893,0.19406277
0.17462356,0.19276327
0.17284717,0.20022047
0.19194523,0.20939769
0.22072303,0.2376485
0.26155075,0.27388045
0.3234228,0.31165454
0.38929802,0.35132372
0.44024068,0.387318
0.47242433,0.42641637
0.4263235,0.4535551
0.40079936,0.47821483
0.4344133,0.49653977
0.45033437,0.49769512
0.45168087,0.4956778
0.43777788,0.46461064
0.42356154,0.44460523
0.4096798,0.41708758
0.36930582,0.37288293
0.32049114,0.32530755
0.2767056,0.27887323
0.24004272,0.24667631
0.2175282,0.22056934
0.20766456,0.20768346
0.20958032,0.20534804
0.22037867,0.21686268
0.25543907,0.24551487
0.29638627,0.28718406
0.33928627,0.32420877
0.39055258,0.36260143
0.4111609,0.39940384
0.40718457,0.43609917
0.44124636,0.47005644
0.45773125,0.5140391
0.4764554,0.54912436
0.539254,0.5771967
0.5276635,0.59733665
0.51051176,0.59698766
0.4765344,0.58675146
0.45134607,0.5541113
0.43474552,0.5240303
0.4156397,0.48597452
0.3711149,0.42776573
0.3121989,0.37074253
0.2648491,0.24522537
0.22817084,0.21409634
0.20900698,0.18955785
0.19402908,0.18090156
0.19385281,0.17859918
0.20328122,0.19226879
0.23284896,0.22757652
0.2756676,0.26596287
0.3148704,0.2922889
0.34158698,0.30740196
0.35858837,0.32694593
0.3575782,0.34595063
0.3496573,0.36270037
0.3647052,0.39546886
0.39417267,0.4208236
0.42292228,0.44319272
0.46335864,0.458552
0.49631247,0.46092466
0.46808034,0.44723913
0.43165898,0.4291793
0.40469766,0.40377024
0.37730053,0.36837113
0.3414558,0.32528687
0.286149,0.27468103
0.24397995,0.24921896
0.21056408,0.21723735
0.18829365,0.19156331
0.17722096,0.18013413
0.17744163,0.17673197
0.1906979,0.18662167
0.21477579,0.21377473
0.25337103,0.24242161
0.27780324,0.26651454
0.29646528,0.29367888
0.3300251,0.32205096
0.3694675,0.3536523
0.40753463,0.38022333
0.4373109,0.4104021
0.46962956,0.4403121
0.47962108,0.46905366
0.49793372,0.49388176
0.51976293,0.50652295
0.50675553,0.49958932
0.4862546,0.48047215
0.47070512,0.4566444
0.4473564,0.42326513
0.4027334,0.37800112
0.33539724,0.32631287
0.27978778,0.2812714
0.233487,0.24399398
0.20192464,0.21397695
0.18179895,0.20124741
0.17657857,0.19440031
0.18563415,0.20544979
0.20811094,0.23669155
0.2480098,0.26858768
0.2760328,0.29690552
0.29630005,0.31848243
0.32476822,0.34231195
0.3614089,0.3651673
0.39579734,0.3870507
0.42868808,0.4139211
0.46319994,0.44392884
0.5014138,0.47588304
0.5344804,0.5081672
0.5557165,0.52035254
0.5507608,0.5141118
0.52629745,0.4911899
0.50263864,0.46674418
0.47086993,0.43488652
0.41906828,0.38549757
0.36349165,0.33274522
0.30142277,0.2932915
0.2621561,0.25481045
0.2299809,0.22447047
0.21138425,0.21003316
0.20563343,0.20235047
0.21010095,0.21222717
0.22925758,0.23954794
0.2619681,0.27036166
0.29821402,0.3020072
0.3306592,0.3281515
0.37081647,0.3570399
0.4156536,0.3872845
0.45065162,0.41863665
0.47832456,0.45524946
0.5100297,0.49156797
0.54244804,0.5273757
0.5587908,0.5602198
0.57384527,0.5679304
0.5595723,0.55934966
0.521341,0.52742434
0.49097684,0.4983124
0.45523956,0.46389163
0.40789506,0.4112904
0.34895632,0.35550603
0.29819238,0.2994432
0.2519913,0.2620398
0.22074291,0.23047209
0.19870311,0.21596251
0.1857103,0.20393717
0.17391741,0.2056517
0.17108683,0.21413104
0.18783882,0.22884665
0.21636327,0.25448647
0.23386799,0.28365
0.27642936,0.31687793
0.31116897,0.352274
0.32736397,0.38377008
0.36665475,0.41880998
0.39545122,0.4499308
0.427254,0.4819686
0.4558945,0.5083033
0.46418616,0.5186587
0.44608957,0.51240396
0.4227335,0.48958024
0.40693066,0.46856233
0.39279607,0.43881264
0.36743677,0.3939767
0.33294004,0.34411937
0.30372116,0.2910195
0.27143207,0.26081282
0.24786772,0.23250952
0.23325093,0.21960272
0.22361356,0.21153411
0.2204149,0.21548289
0.21054502,0.22934738
0.21788031,0.25631857
0.24072804,0.28595647
0.28242263,0.3320752
0.31582868,0.3828609
0.34878957,0.42965546
0.4100398,0.47504094
0.4734778,0.5201638
0.5202516,0.55745184
0.5432059,0.590317
0.566653,0.61287946
0.59244454,0.62442017
0.5940305,0.61643916
0.5803667,0.5955287
0.57119507,0.5739442
0.5500586,0.53756696
0.5024029,0.47994107
0.45047987,0.4235431
0.38635123,0.38463092
0.33744407,0.341306
0.31047454,0.30662158
0.290076,0.2885459
0.2841767,0.2822522
0.2888288,0.29370597
0.30387372,0.33367598
0.33951005,0.3880454
0.36508894,0.43486488
0.4153489,0.4811093
0.4567934,0.5236485
0.4891055,0.55845654
0.5414501,0.59140635
0.59103864,0.62765974
0.64117897,0.6589764
0.65721,0.6876009
0.6918906,0.71511483
0.7152388,0.7144577
0.71713954,0.70232016
0.6948428,0.6645165
0.6552261,0.63282835
0.6224303,0.592449
0.5554997,0.52341205
0.4889299,0.4572481
0.426407,0.41090256
0.3784419,0.36571196
0.34370923,0.3302652
0.31888607,0.31270963
0.3074035,0.3071464
0.2989748,0.31915823
0.29302457,0.35480505
0.30341834,0.40818727
0.32901493,0.45848992
0.36564744,0.50407547
0.39767495,0.54785645
0.4239491,0.5902792
0.45760006,0.6260253
0.5064773,0.6647184
0.51629156,0.6931
0.49469298,0.7150629
0.47974083,0.73645055
0.5018196,0.72897357
0.4988908,0.7161504
0.49647442,0.67247885
0.47928205,0.64037883
0.46510932,0.5974492
0.4348782,0.5337128
0.39245853,0.4658388
0.34667194,0.352871
0.3092682,0.31712362
0.2817651,0.2837767
0.26542613,0.27402395
0.26465446,0.2678799
0.27369642,0.27884462
0.30725968,0.30694243
0.36505666,0.35350993
0.41166,0.4011651
0.46202508,0.44529366
0.5144555,0.5006825
0.57044053,0.556393
0.6235665,0.60807145
0.66985804,0.6675136
0.7122344,0.71116185
0.7575257,0.7448976
0.7886058,0.7686346
0.8005634,0.7685348
0.78315645,0.7532377
0.75972176,0.7099605
0.7214638,0.6743913
0.6875096,0.62758374
0.62123007,0.5645615
0.5475443,0.4967515
0.48178327,0.47223926
0.42881027,0.4205181
0.39157066,0.38020962
0.3628622,0.35875612
0.3491492,0.34954435
0.35083407,0.35835654
0.3769348,0.38804018
0.43574372,0.4427659
0.49275133,0.50164175
0.549397,0.5622285
0.6074171,0.61994374
0.6488534,0.68052644
0.6823604,0.72540224
0.71762204,0.7661826
0.74505687,0.7977162
0.77332646,0.8185264
0.80275226,0.83878905
0.8178254,0.82507855
0.81224716,0.8052307
0.78077275,0.75132877
0.7335427,0.7151598
0.68571264,0.6702693
0.6167172,0.59564555
0.5379149,0.5259524
0.47534686,0.47186697
0.42448947,0.4236185
0.38788652,0.38293844
0.36369488,0.36314213
0.35698184,0.353262
0.36826894,0.35938337
0.39156398,0.38363576
0.43313545,0.42733556
0.46826178,0.47598234
0.49527094,0.52428204
0.52066797,0.57487965
0.55349946,0.6261485
0.6025807,0.66415036
0.64774054,0.6985434
0.6998833,0.72162175
0.74680793,0.7376067
0.7538464,0.75286794
0.7186584,0.7427881
0.68321234,0.72483915
0.6644313,0.6837786
0.6389989,0.65328217
0.607362,0.6120291
0.5549327,0.5519692
0.4930972,0.48826146
