true,forecasted
0.18126675,0.17180379
0.15431611,0.14557292
0.13813336,0.12739742
0.13277349,0.12578413
0.1381577,0.13633755
0.17369999,0.1774444
0.22170196,0.23655114
0.26566324,0.28349206
0.285213,0.31772554
0.29453284,0.3381889
0.3131005,0.35499355
0.32594442,0.37060893
0.34643638,0.37892154
0.36187637,0.39544022
0.36266485,0.40059778
0.35899284,0.40415478
0.38100293,0.41792244
0.38609526,0.4235299
0.38421378,0.43426675
0.35721108,0.41320962
0.3433262,0.39288232
0.3193938,0.35974708
0.2707191,0.30359897
0.2060611,0.24046326
0.173377,0.1482147
0.1493264,0.13184513
0.13154237,0.11865487
0.12586388,0.11912427
0.13755259,0.13309276
0.1738396,0.17901567
0.22920647,0.24564955
0.2701101,0.289224
0.2862953,0.31069568
0.29648727,0.32207933
0.311685,0.33646303
0.32546094,0.35087895
0.33739042,0.35539845
0.35013318,0.36676747
0.35141686,0.36719152
0.3484706,0.36574727
0.35824668,0.37706745
0.35192856,0.38907617
0.3372547,0.39569485
0.32668284,0.3922845
0.31942347,0.37267
0.29943934,0.33149758
0.2541667,0.27702674
0.1982414,0.21726781
0.16039783,0.14362532
0.13913685,0.12251582
0.12191852,0.11425812
0.116117954,0.111275606
0.12467313,0.12205526
0.16155648,0.16871557
0.20986734,0.23562163
0.2493268,0.27500725
0.27538,0.29653117
0.28712657,0.30973446
0.3020996,0.32311282
0.3091877,0.33616906
0.31859022,0.3397659
0.3256842,0.34144706
0.31457677,0.33891377
0.31656185,0.34205303
0.3265072,0.35257328
0.33270228,0.35790497
0.30382442,0.3458289
0.28306058,0.35074496
0.27054885,0.33497545
0.25043973,0.29565772
0.20426086,0.24215254
0.15069471,0.18862641
0.119220346,0.09755203
0.084089555,0.069504865
0.06647917,0.051179387
0.06557929,0.04342071
0.060169313,0.042418234
0.08196244,0.059443425
0.091070674,0.08034803
0.12186112,0.10228172
0.1528267,0.13638712
0.18235391,0.16489977
0.18780863,0.19029793
0.21080224,0.20632562
0.22151907,0.21847382
0.24009258,0.23446937
0.2616381,0.24458823
0.29134288,0.26620328
0.31929848,0.29287022
0.33025753,0.30955377
0.33286622,0.30815327
0.31167576,0.29873186
0.28949788,0.28742707
0.2629495,0.25863475
0.21299066,0.20375699
0.15951936,0.15345836
0.10976529,0.11663994
0.07656267,0.086128384
0.058972716,0.061834708
0.04557863,0.05293318
0.043421835,0.04928544
0.042589083,0.06272635
0.051947337,0.08289841
0.089393005,0.12127741
0.14182141,0.17684853
0.18829359,0.22787353
0.23086031,0.27196586
0.27678868,0.30738765
0.3202543,0.33925584
0.36368632,0.37545392
0.3942399,0.40282455
0.41907024,0.4304629
0.4426811,0.45585284
0.46798718,0.48076206
0.4610868,0.48732585
0.4354062,0.46598327
0.4233702,0.43929735
0.39351708,0.405283
0.34705997,0.3373484
0.29075918,0.27422562
0.24888317,0.23895729
0.21388032,0.20821285
0.20462956,0.18699577
0.1966255,0.18088138
0.2098761,0.19084148
0.24806988,0.224166
0.30311036,0.2982483
0.35362762,0.35717946
0.39689577,0.3955845
0.4276536,0.42231435
0.46236414,0.44245195
0.48227093,0.46215028
0.4889242,0.4721197
0.4863403,0.47228396
0.47431841,0.4681554
0.46612564,0.45480967
0.4536752,0.45621258
0.45461252,0.46471906
0.43339047,0.46361846
0.40816322,0.45909792
0.38412136,0.43122783
0.34992403,0.39945427
0.28820983,0.33665305
0.23544092,0.2740252
0.19616972,0.1932236
0.17311288,0.16353779
0.15000641,0.14608404
0.14803398,0.14102739
0.15186407,0.14865746
0.1775286,0.1959828
0.23930019,0.25673443
0.27946398,0.29815888
0.30439502,0.32761374
0.32657045,0.35457316
0.34086055,0.37966347
0.3570428,0.40330154
0.3665319,0.4168
0.38570952,0.44086874
0.38660747,0.44940248
0.4008922,0.46289155
0.42390576,0.47735816
0.4370834,0.4849335
0.41835034,0.4754631
0.40139368,0.45277923
0.386534,0.42763025
0.36519814,0.3861852
0.29616135,0.32386214
0.24018402,0.25712806
0.19592068,0.19803503
0.16633363,0.17390051
0.1499607,0.15830523
0.1451962,0.15497026
0.15334083,0.16355255
0.19043384,0.20502703
0.24498354,0.26572245
0.28814855,0.31412664
0.31564108,0.3383646
0.33353308,0.36222452
0.35088518,0.38199002
0.34106386,0.4016117
0.34731,0.40934384
0.35113278,0.41495678
0.35081708,0.41234088
0.35081562,0.40909797
0.35711187,0.4182309
0.35822868,0.4225936
0.35372347,0.41591817
0.34787765,0.4112785
0.33543548,0.38559493
0.3171052,0.34918293
0.26979297,0.29315498
0.21330488,0.2383353
0.17462322,0.16023009
0.14430897,0.13662238
0.130409,0.12146021
0.12022724,0.11819046
0.13335574,0.13103439
0.17240173,0.16990083
0.2113626,0.2303987
0.25942928,0.27891797
0.29070273,0.3050141
0.310932,0.32133558
0.32811922,0.3405041
0.3458843,0.35978317
0.36778346,0.37283182
0.38095865,0.38655686
0.3945327,0.39333895
0.41125685,0.4037225
0.4247244,0.418978
0.43657118,0.43023404
0.42571378,0.41769665
0.40479574,0.4057517
0.3838305,0.38325283
0.3533849,0.34748954
0.29855406,0.28956273
0.23771593,0.2286376
0.23498298,0.1821903
0.23225003,0.15780662
0.2295171,0.14279014
0.22678415,0.13664106
0.2240512,0.14549151
0.22131827,0.17906505
0.21858533,0.23267755
0.21585238,0.2749709
0.21311945,0.30202773
0.2103865,0.31500867
0.20765357,0.32856977
0.20492062,0.33715242
0.20218767,0.34040034
0.19945474,0.33881262
0.19672179,0.33453763
0.19398884,0.3289883
0.19125591,0.33798632
0.18852296,0.34009027
0.18579003,0.33793038
0.18305708,0.33493125
0.18032414,0.31854755
0.1775912,0.28669402
0.17485826,0.23447165
0.17212531,0.1874007
0.16939238,0.12682119
0.16665943,0.10024665
0.1639265,0.08193922
0.16119355,0.07514698
0.1584606,0.076145485
0.15572767,0.08782326
0.15299472,0.1100281
0.15026177,0.1434332
0.14752884,0.19310635
0.1447959,0.22187355
0.14206296,0.252857
0.13933001,0.2645523
0.13659707,0.2827914
0.13386413,0.29265046
0.13113119,0.30539456
0.12839824,0.3099178
0.1256653,0.3259351
0.12293236,0.34641042
0.12019942,0.35187596
0.11746648,0.34274673
0.11473354,0.32838693
0.11200059,0.3007255
0.10926765,0.24671999
0.10653471,0.19603516
0.10380177,0.15071303
0.0734058,0.120228715
0.04999679,0.101212695
0.043919932,0.10161585
0.041483447,0.098457254
0.03972017,0.110468514
0.050862134,0.12681623
0.08827278,0.15475087
0.12907329,0.17934117
0.16603838,0.21818459
0.19628452,0.25420865
0.22362868,0.2683239
0.2466578,0.28554857
0.27020058,0.2925563
0.29744017,0.28965005
0.33210203,0.2931013
0.3680184,0.29702896
0.38600284,0.31152833
0.38499546,0.3018223
0.37179157,0.29959357
0.3492309,0.28622022
0.32697663,0.2506821
0.27211076,0.20415646
0.21789718,0.16116025
0.1630999,0.1615111
0.13541427,0.13806598
0.121291526,0.12190304
0.114917465,0.1209195
0.12590134,0.13619438
0.1514511,0.18455735
0.2085005,0.2550294
0.26373652,0.3065364
0.31858635,0.33914444
0.3592716,0.36942092
0.405897,0.41292852
0.45811915,0.4499995
0.4975528,0.48768038
0.5374715,0.51759994
0.5657875,0.53702617
0.5817304,0.54756397
0.5948156,0.5580073
0.6073142,0.5660986
0.58822995,0.54132354
0.549487,0.52137256
0.5206165,0.4851257
0.48741287,0.43815473
0.40680173,0.36252347
0.33989403,0.2872532
0.2833529,0.2675233
0.24562512,0.23517846
0.22610019,0.21000591
0.2087943,0.20054322
0.21514939,0.20522894
0.2512603,0.2440937
0.30680424,0.30686346
0.3526013,0.36084864
0.38118678,0.39340046
0.40073946,0.4280246
0.43312344,0.44982052
0.45379147,0.4735319
0.47775403,0.48599046
0.5086938,0.5022148
0.5170043,0.50652575
0.5312039,0.5139602
0.5481406,0.5262257
0.54848886,0.53771055
0.5215431,0.53721166
0.48788178,0.50996834
0.47033173,0.48040813
0.4398628,0.44270423
0.37679246,0.37665614
0.30413333,0.30731985
0.24905537,0.25372726
0.21638198,0.2282419
0.19476737,0.20955029
0.17628434,0.19990012
0.18916477,0.21267413
0.21723127,0.26083526
0.26281816,0.33010906
0.30138698,0.37491834
0.3293372,0.39208934
0.33777955,0.40833467
0.3581105,0.41461295
0.37317201,0.42450517
0.38485733,0.41931316
0.3927855,0.41765368
0.3810501,0.40519583
0.3723777,0.39776897
0.36996067,0.40274045
0.37073556,0.41336712
0.3580993,0.42091322
0.34737518,0.40862566
0.3420683,0.38685605
0.32380953,0.3466771
0.27269933,0.29391393
0.21943475,0.23945178
0.18993284,0.1817262
0.16218057,0.1638861
0.15318178,0.15282993
0.14848976,0.14736131
0.15446398,0.16309164
0.19297199,0.20612119
0.24623121,0.27182528
0.28356498,0.31854638
0.31514832,0.33621433
0.3289442,0.34724283
0.34283102,0.35631666
0.35097274,0.3679685
0.3496555,0.36688012
0.34661976,0.36154455
0.33049637,0.35305884
0.3290167,0.3461988
0.32610837,0.3554455
0.33819494,0.36398786
0.33491307,0.35734153
0.32996812,0.35898376
0.32505038,0.33709133
0.31685615,0.30100822
0.26860318,0.24979302
0.23021142,0.20109892
0.18853584,0.17718785
0.176028,0.15336138
0.15701623,0.1357757
0.15707363,0.1269202
0.1639813,0.13423565
0.19382712,0.15465793
0.24581094,0.19433358
0.28771514,0.23597415
0.3182001,0.26516083
0.3376346,0.27936614
0.35943744,0.29376408
0.36891827,0.30042714
0.37020728,0.30586934
0.36973596,0.2995059
0.35972396,0.29398957
0.35010934,0.2899122
0.34779495,0.29956013
0.34901586,0.3088388
0.3384299,0.30404508
0.329399,0.30359948
0.32087836,0.28536057
0.3070679,0.2603255
0.26532227,0.21180928
0.21531282,0.16893043
0.17772804,0.17487255
0.14774603,0.14541899
0.13382319,0.12700588
0.108754024,0.11355715
0.11382204,0.11161174
0.1232017,0.12403186
0.14952584,0.14090444
0.18438618,0.17360914
0.23106314,0.21749675
0.2688785,0.25685763
0.31167722,0.2891263
0.34357235,0.3093583
0.37052834,0.32613015
0.3934592,0.33762017
0.41156185,0.34859523
0.43771815,0.36058903
0.4352384,0.37815332
0.4395651,0.39223683
0.43572676,0.39671808
0.41861933,0.38149333
0.39838567,0.360513
0.3708022,0.32572278
0.3158225,0.2726409
0.25619847,0.22375642
0.20465194,0.20275396
0.16768539,0.16768512
0.14022547,0.13621858
0.11947475,0.12404875
0.1163957,0.11646848
0.11550749,0.12535146
0.12769331,0.1441709
0.18719283,0.17652021
0.24944888,0.23439454
0.3038789,0.28405407
0.35914025,0.32717037
0.40611878,0.3589369
0.44377217,0.38043678
0.47043386,0.40750828
0.47956887,0.41869685
0.49058387,0.42020607
0.50687116,0.42795402
0.53098744,0.4337875
0.52538925,0.43737435
0.50755215,0.42778808
0.47131088,0.39529634
0.44243646,0.3629535
0.3835187,0.30553982
0.31729004,0.24677396
0.26377106,0.26866925
0.23082042,0.23797642
0.21335839,0.21175209
0.20413925,0.20037869
0.21425875,0.20556384
0.25291124,0.24064456
0.3128772,0.29656467
0.372116,0.3516698
0.42227575,0.39783233
0.45641765,0.44781262
0.5133897,0.49350408
0.56063384,0.53665686
0.6046661,0.5697474
0.63858134,0.60073096
0.6346827,0.6172146
0.63319665,0.62386036
0.645275,0.63203126
0.6439524,0.6404182
0.6298122,0.621294
0.5970517,0.59581
0.5346682,0.5509177
0.4814338,0.5052683
0.39070702,0.43052545
0.32395837,0.35610375
0.2793842,0.27178407
0.23333716,0.23605286
0.2149879,0.21084225
0.20544237,0.1993007
0.20992766,0.2031505
0.24066363,0.2405043
0.29410282,0.3041718
0.3404529,0.3481226
0.37205568,0.37940612
0.4070819,0.4002378
0.4480079,0.4162705
0.4721485,0.43007392
0.51730883,0.4360417
0.5543994,0.445854
0.54551977,0.440205
0.51996756,0.4378147
0.5001678,0.440255
0.50150985,0.44358593
0.49858502,0.4329338
0.47774333,0.42283428
0.45321164,0.39763856
0.42450306,0.36226556
0.36885017,0.30383745
0.2966682,0.24235812
0.2494484,0.25995696
0.21885008,0.228288
0.1978002,0.206741
0.18857037,0.1958789
0.19612838,0.20321639
0.22469054,0.2387048
0.2746353,0.29571027
0.3249648,0.35379118
0.36389014,0.392532
0.3891962,0.42503303
0.4130994,0.4561562
0.4172734,0.48740888
0.44445607,0.50994545
0.4607322,0.5337158
0.46030706,0.54619807
0.46321392,0.5571182
0.45822325,0.5698549
0.47000825,0.581216
0.46602252,0.5687525
0.43810096,0.54186076
0.41782743,0.50694317
0.39173093,0.46593583
0.32915044,0.3988597
0.26732436,0.32942793
0.22094704,0.22333008
0.19006807,0.19266923
0.17115407,0.17353728
0.16568571,0.1637123
0.16399102,0.17019676
0.19260572,0.20412773
0.24152897,0.25571668
0.28986853,0.30951566
0.31789806,0.34965745
0.34572184,0.38238418
0.37921727,0.41435024
0.41679573,0.44470435
0.44746652,0.4684136
0.48999724,0.49384743
0.5126479,0.51077634
0.5311193,0.5279301
0.5616383,0.54329526
0.57467,0.554137
0.56790197,0.5399709
0.5336895,0.513838
0.509869,0.4814876
0.46700606,0.4402289
0.38951725,0.37407565
0.31232658,0.30775866
0.25804248,0.2531314
0.20964846,0.22067061
0.18801196,0.19880202
0.17274417,0.18717533
0.17900392,0.19785155
0.20060784,0.23493512
0.2384587,0.28993624
0.29620126,0.34714058
0.34146127,0.39414927
0.37853143,0.42610925
0.42759913,0.46357962
0.47841603,0.4982192
0.5265289,0.53083587
0.54503965,0.56452686
0.55120456,0.58257437
0.55239046,0.59798443
0.5524834,0.60743076
0.5549024,0.61528206
0.5314291,0.59324414
0.49752024,0.5589685
0.46379372,0.5203041
0.4297866,0.4770346
0.36144635,0.40505454
0.2910622,0.33172768
0.22888057,0.23447922
0.18336761,0.1970147
0.16156963,0.17002037
0.13925895,0.15327272
0.1352231,0.14685628
0.13761435,0.15838662
0.15125604,0.17803663
0.18304025,0.21075134
0.23569581,0.2645624
0.28331983,0.3166144
0.31792822,0.35820532
0.3556847,0.39275706
0.37563136,0.414794
0.386284,0.44376224
0.389364,0.4587815
0.40452528,0.4732666
0.40912,0.49095064
0.41893598,0.49905854
0.4050837,0.49621898
0.38779676,0.47249043
0.3726686,0.43803626
0.34739414,0.40140006
0.30642194,0.34231424
0.2549756,0.28018412
0.20630966,0.21846163
0.17234044,0.18719818
0.14971797,0.16565385
0.13853662,0.14931843
0.13156328,0.14836812
0.13691051,0.16656303
0.15279701,0.19877248
0.18217295,0.24879192
0.2475752,0.30728838
0.293774,0.36663228
0.33384585,0.4206623
0.379979,0.46958232
0.42083204,0.5083291
0.45932207,0.542703
0.48665553,0.5719625
0.5103807,0.59447664
0.5482758,0.62003434
0.5614695,0.63998264
0.55307,0.6399488
0.52325386,0.6172444
0.48827335,0.57685375
0.45549586,0.52749
0.38732105,0.45757028
0.32166004,0.38781637
0.26148245,0.2739048
0.20968105,0.23761876
0.1928966,0.21660435
0.17540976,0.20589638
0.17343003,0.21161316
0.1883009,0.24894412
0.22617023,0.31477866
0.27552396,0.37446758
0.32658213,0.42104545
0.36844158,0.4719661
0.41307753,0.5243044
0.44906977,0.5738933
0.48343882,0.6148244
0.5191514,0.6455557
0.5594431,0.66967845
0.58792645,0.68674636
0.6268124,0.70476145
0.6321343,0.7162983
0.588319,0.6904283
0.5519848,0.66145533
0.5072905,0.615871
0.46534932,0.5642406
0.41048393,0.4799975
0.34157023,0.40259406
0.28784648,0.27430207
0.2405965,0.24143267
0.21406175,0.21665436
0.18906116,0.20293796
0.17639817,0.21019055
0.1802409,0.24799255
0.18629587,0.30311596
0.22625974,0.35621417
0.2927788,0.40676823
0.35857356,0.4541945
0.42163855,0.5035876
0.47532678,0.54983133
0.50577384,0.58860713
0.52624196,0.6285412
0.54802483,0.65081394
0.5700762,0.66365886
0.59870505,0.67603433
0.6111657,0.67708194
0.60850596,0.66099644
0.5874434,0.624518
0.53562987,0.58036983
0.48124945,0.5308657
0.42648718,0.4554204
0.35949534,0.3772909
0.29773104,0.3111934
0.24882723,0.27882317
0.2191609,0.24891737
0.1988392,0.2384077
0.20683013,0.24389215
0.23718037,0.27890357
0.3028623,0.33243877
0.3993595,0.39063
0.4773386,0.44837725
0.54290867,0.50903285
0.6074543,0.5718386
0.66053015,0.6321855
0.70753497,0.67505944
0.75297934,0.720796
0.7734178,0.7435274
0.7890776,0.7514614
0.8104879,0.7642325
0.82429695,0.76339096
0.8216649,0.7477806
0.7989228,0.71125555
0.7335828,0.6563476
0.6729091,0.6042288
0.5868354,0.5218866
0.48962757,0.44014263
0.41281876,0.42293873
0.35870537,0.3782343
0.3221805,0.3415386
0.29752576,0.3240156
0.2974893,0.32591587
0.317524,0.3566339
0.3714968,0.4080151
0.44735512,0.47058964
0.5239864,0.5335232
0.5943516,0.5996128
0.6671946,0.66558343
0.7278148,0.7283331
0.7487022,0.77476376
0.76430416,0.81662095
0.7697414,0.8348017
0.78043,0.8416509
0.7989534,0.84801424
0.8112317,0.84643
0.7971877,0.8136156
0.75669026,0.7706505
0.7051612,0.7123474
0.6554879,0.65986913
0.57218003,0.57499605
0.48209193,0.48677433
0.41191837,0.4151056
0.35803655,0.3712773
0.3300795,0.3365508
0.31241122,0.31916705
0.3020529,0.32078445
0.32658944,0.3509106
0.37242052,0.40207815
0.43867397,0.460078
0.5007856,0.52065384
0.5715574,0.5724529
0.6366401,0.6274204
0.688977,0.67647105
0.7264733,0.7115205
0.74129844,0.74706763
0.705473,0.7583191
0.67017347,0.7603009
0.6803844,0.7630495
0.68173665,0.7567574
0.6542524,0.7308579
0.6228486,0.69192225
0.58303404,0.6447462
0.55041075,0.59538066
0.47915784,0.51990503
0.40723854,0.43909782
