true,forecasted
0.14258178,0.14379254
0.10453709,0.107226446
0.07450541,0.08661857
0.05627215,0.074217945
0.06358708,0.08504045
0.09944315,0.1257335
0.15155703,0.17847094
0.20826067,0.2292959
0.23635933,0.25562304
0.25602692,0.2745661
0.26648507,0.29588237
0.28031513,0.3184135
0.2987634,0.34603977
0.31814578,0.36687064
0.33842045,0.38907522
0.3655575,0.41531307
0.39218548,0.433808
0.40665594,0.43303737
0.37399316,0.40571067
0.35192683,0.38299245
0.31646132,0.34914774
0.29239267,0.3103714
0.2326698,0.2670118
0.17329781,0.2055192
0.11408491,0.121869326
0.084671,0.08784644
0.055789046,0.06834478
0.040250406,0.057070956
0.052305344,0.06968771
0.07798026,0.11175783
0.14648508,0.17235218
0.19144098,0.2272599
0.22111171,0.25302422
0.23029613,0.26748103
0.23581576,0.28811294
0.25567973,0.3095007
0.26172248,0.3329475
0.28972432,0.35688487
0.3060789,0.37770006
0.3283529,0.40364933
0.35209784,0.42004427
0.3609424,0.41972888
0.3347749,0.3981897
0.3068158,0.37380722
0.2905284,0.33944392
0.275573,0.29950395
0.2193552,0.2535197
0.16873369,0.19829352
0.10480154,0.1246718
0.06715201,0.08794506
0.046301387,0.07084936
0.0324988,0.0641312
0.037158497,0.07329431
0.07827189,0.11400383
0.12462214,0.169359
0.17983311,0.22309023
0.20938292,0.2556868
0.22406651,0.2763232
0.22974128,0.29899067
0.25605533,0.32403088
0.28529578,0.34725386
0.28263476,0.3726031
0.27977434,0.39162943
0.28279692,0.4184109
0.28882745,0.43484774
0.3134937,0.44666153
0.28454855,0.4337012
0.26629788,0.4145982
0.24850374,0.38222024
0.22655652,0.34394264
0.18646033,0.29392067
0.14440517,0.23818247
0.10456519,0.16718572
0.06384084,0.12663901
0.040265065,0.10522306
0.031790636,0.09355681
0.024494644,0.09437905
0.026423385,0.10851216
0.033764265,0.13811368
0.05865437,0.17457673
0.10255949,0.20797296
0.13274783,0.25146258
0.15122722,0.2897727
0.16944644,0.32433605
0.20241214,0.3671464
0.21116477,0.39077738
0.25020406,0.42052728
0.29306388,0.44959518
0.33508486,0.46940228
0.35974225,0.49019295
0.37322664,0.4725515
0.35629827,0.4599238
0.33928344,0.4318996
0.31426844,0.3924114
0.27204806,0.34664384
0.22046982,0.28409204
0.16619053,0.17378639
0.13492484,0.13229984
0.0977926,0.106608085
0.078674674,0.090794235
0.06318337,0.08307223
0.05965905,0.07623998
0.056149084,0.073810905
0.08914564,0.10665112
0.12216235,0.15315826
0.17180727,0.21353039
0.21807875,0.26392117
0.25700992,0.31903392
0.30770382,0.3652104
0.35801506,0.41018888
0.39603257,0.46619
0.4325901,0.5063103
0.45871574,0.5583753
0.47789657,0.59967184
0.4809558,0.6050255
0.45993358,0.58935404
0.45117393,0.5521205
0.43560416,0.5221852
0.38233596,0.46931598
0.32891172,0.39458957
0.25625962,0.27652222
0.22336903,0.23398733
0.18879889,0.20859137
0.18220343,0.19406815
0.19272752,0.20516649
0.23621123,0.23527011
0.2941327,0.28176096
0.36086023,0.32090387
0.40884364,0.3456775
0.4431026,0.37533748
0.4648672,0.41607305
0.47600663,0.453291
0.47311413,0.49397957
0.4886537,0.5086832
0.47714323,0.5249824
0.4864504,0.5288327
0.485108,0.522581
0.49420416,0.5134579
0.4336018,0.45433703
0.38866055,0.44106883
0.35869056,0.40209994
0.32866895,0.35978985
0.27526578,0.3117176
0.19940391,0.2481771
0.13565804,0.15459795
0.10336171,0.11545172
0.08359944,0.09052351
0.055123027,0.07582737
0.06582027,0.085865065
0.10526816,0.1269607
0.16645102,0.18596284
0.2290548,0.24234132
0.2556278,0.27538988
0.2818075,0.29891354
0.28944856,0.321715
0.28435433,0.34476048
0.32085964,0.36939305
0.33904433,0.4005246
0.36276576,0.4273487
0.3977274,0.46019334
0.4211624,0.48648146
0.44268453,0.48679096
0.41800758,0.4541008
0.38395995,0.42380568
0.3590964,0.3822537
0.32971242,0.34406877
0.27712828,0.28968862
0.19922619,0.22715585
0.14130594,0.14651136
0.101259515,0.10879049
0.07912908,0.08308573
0.0645374,0.07014513
0.077801615,0.08137545
0.1335815,0.112052664
0.18487361,0.16722877
0.23953797,0.21708243
0.27746233,0.25035304
0.29809982,0.27350318
0.31713682,0.29893252
0.30694923,0.32342452
0.28251842,0.35467845
0.3175857,0.3859463
0.33987555,0.42047107
0.34872958,0.4527727
0.37786347,0.48278168
0.39821294,0.4944728
0.38456243,0.47261938
0.3610343,0.44537655
0.3308994,0.40785968
0.30792186,0.37143117
0.25760022,0.31636545
0.18718682,0.2514991
0.13115011,0.13230133
0.090824895,0.09254654
0.0581902,0.073215276
0.05092475,0.059905916
0.06255247,0.07054563
0.08875995,0.10596143
0.1582499,0.16128199
0.20546222,0.2126989
0.24063243,0.24850447
0.25748754,0.2781331
0.2752099,0.3034212
0.2862104,0.3349821
0.30891126,0.37187582
0.3337461,0.4043532
0.3693643,0.43806657
0.40237275,0.47892344
0.45440632,0.5103306
0.46298212,0.5250654
0.42874363,0.49021617
0.39665708,0.45791855
0.36032218,0.4179386
0.3343324,0.37828538
0.26893416,0.32386062
0.20785758,0.25505015
0.20676954,0.1582296
0.20568152,0.12017098
0.2045935,0.099319495
0.20350546,0.090247035
0.20241743,0.09976574
0.20132941,0.13412604
0.20024137,0.18614775
0.19915335,0.23214124
0.19806533,0.26030603
0.19697729,0.28436336
0.19588926,0.30838856
0.19480124,0.33356303
0.1937132,0.36750707
0.19262518,0.38594982
0.19153716,0.4103905
0.19044912,0.43615657
0.1893611,0.45056358
0.18827307,0.45672876
0.18718503,0.42584044
0.18609701,0.40414524
0.18500899,0.36869234
0.18392095,0.330504
0.18283293,0.28730404
0.1817449,0.22394864
0.18065687,0.13566597
0.17956884,0.09814714
0.17848082,0.07719965
0.17739278,0.05671706
0.17630476,0.048987005
0.17521673,0.040982224
0.1741287,0.03746058
0.17304067,0.06219028
0.17195265,0.10143383
0.17086461,0.14716686
0.16977659,0.18532783
0.16868857,0.21898636
0.16760053,0.25362206
0.1665125,0.28513756
0.16542447,0.3245424
0.16433644,0.3560482
0.16324842,0.40016928
0.16216038,0.42266142
0.16107236,0.4289458
0.15998434,0.4184357
0.1588963,0.38861957
0.15780827,0.36839843
0.15672025,0.32525194
0.15563221,0.26389983
0.15454419,0.11954804
0.11740127,0.07910153
0.084527165,0.06437619
0.06951774,0.04589034
0.04577065,0.041825194
0.04510341,0.04718946
0.04551047,0.057494216
0.06296533,0.086688586
0.09613962,0.12190289
0.13730218,0.16339321
0.1654842,0.20169602
0.19633856,0.23684886
0.2230139,0.27776945
0.25927275,0.30982372
0.29833373,0.34787056
0.3442983,0.3819969
0.37506256,0.4259757
0.4067848,0.44966418
0.41205218,0.45556596
0.39771366,0.43619305
0.35786605,0.4150334
0.33926114,0.38748643
0.28285187,0.33700773
0.22442318,0.2728132
0.16579844,0.16179316
0.12776658,0.12232027
0.106267646,0.10327246
0.08486918,0.095113985
0.09822196,0.11049333
0.11724736,0.15355562
0.14768305,0.21776295
0.18198141,0.27399144
0.2333453,0.31301126
0.27882674,0.35325825
0.34490752,0.39748606
0.39525175,0.44673127
0.433669,0.4963711
0.472038,0.5448984
0.5218295,0.59147364
0.5582615,0.64006096
0.5953498,0.6706877
0.5878382,0.6995343
0.5458285,0.65624875
0.53554904,0.62584823
0.50511086,0.57663244
0.46631682,0.52344817
0.40577585,0.45707104
0.32597494,0.3814252
0.27096277,0.26680577
0.21882233,0.22352576
0.18461466,0.19913036
0.17870964,0.18511145
0.18146381,0.19369324
0.23337278,0.23279569
0.2989848,0.28663358
0.34989458,0.33779016
0.3978413,0.36748794
0.4221402,0.40015852
0.4480918,0.44009963
0.4822335,0.4780779
0.5169493,0.51630205
0.52244055,0.536219
0.5104418,0.5555011
0.5029241,0.56996346
0.49691314,0.5712459
0.47929916,0.56516147
0.44813028,0.50856346
0.41313383,0.48601577
0.39412126,0.44446027
0.37210563,0.39901647
0.31781322,0.34539527
0.2637193,0.2784751
0.19551589,0.2101631
0.16072068,0.16848782
0.13073541,0.14396021
0.11326467,0.13201733
0.12724651,0.146636
0.1687856,0.1964089
0.22356692,0.26122898
0.27854735,0.31895152
0.30844405,0.3358028
0.3190396,0.34549618
0.3252115,0.34853092
0.33178988,0.35351896
0.33230627,0.35273337
0.32833976,0.34294185
0.3261609,0.34194323
0.32153818,0.3310726
0.31918862,0.3409358
0.31626222,0.32164666
0.2834208,0.28871855
0.26032478,0.28406906
0.24956217,0.26058224
0.22834022,0.22938263
0.18678159,0.18188092
0.14471819,0.13905293
0.09278936,0.11735307
0.070743814,0.08139308
0.0431994,0.062371813
0.048112866,0.057118624
0.054809716,0.07137212
0.10852161,0.117310315
0.16497545,0.18915355
0.21597777,0.2465957
0.2581514,0.2691224
0.27103972,0.2789697
0.28503928,0.2874536
0.28850344,0.2945807
0.30243796,0.30171502
0.3057821,0.3086444
0.29642698,0.3150267
0.30311832,0.32143718
0.28931573,0.33344585
0.3043548,0.32874218
0.2872227,0.30813512
0.2683952,0.29827052
0.26053485,0.27002558
0.24070938,0.2370017
0.20596181,0.19046393
0.15330803,0.15044704
0.12136746,0.13391271
0.08868941,0.09570949
0.06933604,0.07736473
0.06638247,0.06806356
0.079041734,0.069784835
0.13083191,0.08891841
0.18719171,0.12583278
0.2493988,0.16527021
0.2947193,0.19913535
0.32310718,0.23079266
0.341389,0.2580984
0.36408803,0.2832188
0.38222387,0.31321248
0.38932413,0.331731
0.416627,0.35444793
0.4377045,0.37967607
0.4247145,0.4003691
0.4231568,0.41546795
0.37696597,0.406567
0.3589721,0.39163363
0.34254026,0.3638434
0.33181033,0.32881978
0.3004988,0.2877241
0.26123935,0.23275675
0.21068075,0.18914203
0.17595273,0.14868353
0.14956477,0.123078495
0.13131624,0.11244957
0.13334453,0.11190781
0.13299549,0.12919188
0.1440485,0.15296465
0.17594814,0.19129156
0.22514051,0.22882855
0.27350622,0.275869
0.30747572,0.3155035
0.3503966,0.35526484
0.3913393,0.39574677
0.39878035,0.42581856
0.4265883,0.46296027
0.47923017,0.49449998
0.478209,0.5237691
0.49353018,0.5453533
0.49036074,0.53370315
0.47200286,0.51721036
0.45358485,0.48119524
0.43016207,0.44046438
0.3820599,0.3951898
0.3298034,0.32853553
0.2836767,0.2714067
0.21602297,0.22639434
0.1833556,0.19345123
0.15395878,0.17591698
0.13805492,0.16575265
0.12355852,0.1674763
0.1378375,0.16778904
0.16395947,0.19870542
0.21899486,0.24632448
0.2706693,0.31017685
0.33120355,0.37421045
0.38334462,0.43432766
0.41930297,0.48547482
0.45813096,0.53001595
0.49401575,0.57489866
0.52904516,0.6043038
0.56381655,0.6322907
0.5735968,0.65475345
0.600765,0.64818746
0.58089703,0.6304573
0.5504064,0.5950504
0.5408262,0.5496052
0.48369837,0.49916437
0.41778925,0.42876932
0.35274738,0.36041397
0.29599273,0.31423652
0.26897693,0.28177318
0.25358912,0.2645221
0.2676339,0.2648436
0.31029737,0.28781778
0.3807477,0.31524014
0.4162923,0.3581906
0.4840807,0.40655014
0.5316604,0.46578205
0.5816718,0.53523326
0.6375372,0.5979437
0.682072,0.6523644
0.6795871,0.69175166
0.66254455,0.7294069
0.6761642,0.74326223
0.73037875,0.7506427
0.75276965,0.76344275
0.7181064,0.7290351
0.66529167,0.7099819
0.6268023,0.6713103
0.5927599,0.62128526
0.50101674,0.5577322
0.40040952,0.4863449
0.3162671,0.31727734
0.2674525,0.26818287
0.22488308,0.23624158
0.20292792,0.21582823
0.20167619,0.22295329
0.2472221,0.26265037
0.30286822,0.32359907
0.35683298,0.38222742
0.41046026,0.42440322
0.45276096,0.44895148
0.47903472,0.48487106
0.5312167,0.51211935
0.5677495,0.53576356
0.59245485,0.5522662
0.6261977,0.56382996
0.5452254,0.5748951
0.516862,0.5717883
0.5262797,0.55146676
0.5228119,0.4912763
0.4884039,0.46062163
0.45128325,0.41795003
0.42826205,0.3716517
0.36838832,0.31221935
0.2961723,0.2538263
0.23201111,0.25475138
0.18520007,0.20818098
0.15217113,0.17741457
0.13521127,0.161657
0.14137343,0.17019215
0.1787133,0.20010212
0.2430345,0.25421903
0.30537197,0.30716804
0.34894884,0.34655026
0.37127838,0.3778783
0.39289027,0.41686872
0.42455664,0.45196283
0.4415458,0.4841489
0.46603557,0.5139951
0.47059172,0.53701764
0.48320246,0.5583765
0.48998052,0.57581556
0.50074035,0.57396376
0.47628513,0.52642095
0.44932458,0.49892133
0.41385755,0.45445165
0.39591044,0.41133836
0.33410278,0.3550791
0.26021454,0.29441994
0.19456771,0.19351952
0.15007962,0.14974244
0.122118376,0.12349828
0.10884409,0.11358814
0.11078016,0.12850538
0.15469444,0.16718957
0.20960157,0.2341433
0.25685388,0.29253364
0.30843854,0.3326631
0.33423072,0.36400408
0.3634599,0.40180546
0.40026844,0.44216967
0.43417376,0.48482776
0.47489384,0.52801055
0.49984717,0.56540686
0.53899425,0.6072182
0.56258893,0.63793516
0.5962983,0.6530616
0.56372344,0.6014859
0.5243797,0.56668305
0.47364852,0.5138993
0.4398287,0.46571794
0.37833983,0.40248102
0.29904556,0.33174008
0.23740615,0.2491524
0.19439211,0.20374227
0.16941345,0.183449
0.15886432,0.17482859
0.15951446,0.19008896
0.19956331,0.23528299
0.26260254,0.30461133
0.3166693,0.35790595
0.36107278,0.39402008
0.409506,0.42731392
0.45984748,0.47091213
0.51030225,0.515127
0.5635167,0.5610763
0.61058486,0.5908351
0.63603103,0.6123188
0.6333004,0.63951623
0.6217554,0.64243406
0.5654958,0.64206135
0.50489867,0.56760603
0.45577317,0.536081
0.4347433,0.48446926
0.41776237,0.43104303
0.3736441,0.37743822
0.3197053,0.31107154
0.26776642,0.27106392
0.22826326,0.22370315
0.18809073,0.19593868
0.16381381,0.17906128
0.15902647,0.1720826
0.15624848,0.1793897
0.16882867,0.19728084
0.19709896,0.22963697
0.25615978,0.26988086
0.31529847,0.32683825
0.36260238,0.38245663
0.4182873,0.43340802
0.47255346,0.4792254
0.49689725,0.51356333
0.52856207,0.53956014
0.5434744,0.5688825
0.55144095,0.58944637
0.5497547,0.5924954
0.52095246,0.56032604
0.47212473,0.537275
0.4407106,0.4954947
0.42619404,0.45062506
0.38719904,0.40713093
0.33798683,0.34544525
0.2895912,0.29498568
0.24620794,0.25088608
0.22067472,0.21789277
0.20431493,0.19760443
0.19624054,0.18615966
0.19241421,0.18360375
0.19667631,0.17909697
0.2233272,0.21256919
0.25840548,0.26221335
0.30736455,0.3284276
0.36816815,0.3950046
0.45015582,0.45745438
0.5015014,0.5102736
0.54161406,0.55450916
0.5698208,0.6034811
0.5971796,0.63094145
0.64702666,0.6709888
0.64108133,0.7008372
0.6621695,0.71454114
0.6498737,0.6993861
0.6186483,0.6661119
0.59974074,0.6295394
0.54217076,0.5729488
0.48455343,0.50116175
0.42097828,0.4167506
0.3750989,0.36527354
0.3333885,0.33521333
0.312813,0.31559938
0.318835,0.32601103
0.35267562,0.36231172
0.39714965,0.42077366
0.4537119,0.47562167
0.48597983,0.5267831
0.54653454,0.576258
0.5680191,0.64609677
0.6183502,0.7006739
0.63987386,0.7552179
0.6870437,0.7872566
0.73920894,0.8104301
0.76439494,0.81713647
0.7785008,0.8026289
0.77035433,0.7933415
0.7170131,0.7254626
0.6672439,0.6973627
0.61639214,0.649159
0.5864643,0.5867849
0.5223114,0.5181399
0.41640714,0.44732645
0.33730188,0.37855625
0.30243185,0.32643366
0.26170322,0.29507506
0.24271111,0.27494633
0.22330797,0.278453
0.23985678,0.31696036
0.25399742,0.36730242
0.30233932,0.43433493
0.36266622,0.4932104
0.41568828,0.55609107
0.47546184,0.6254356
0.5280295,0.69165665
0.5747889,0.7477814
0.6048063,0.79485387
0.62984234,0.8347547
0.6848893,0.8619625
0.6808001,0.8803572
0.70432943,0.88271785
0.68083245,0.8316015
0.6430134,0.7906938
0.60316306,0.7354836
0.5483008,0.67449105
0.52022845,0.6011221
0.47238612,0.524375
0.39930803,0.39059857
0.341247,0.3400277
0.30585143,0.30987737
0.28427553,0.2920189
0.28092375,0.29999015
0.34039378,0.33726776
0.38296288,0.39062533
0.44626534,0.45162573
0.5137963,0.5064223
0.57873225,0.5621961
0.63608634,0.6367842
0.70275277,0.70582044
0.7316109,0.76914465
0.7633008,0.8103344
0.7545454,0.8444466
0.7372301,0.86059564
0.7096145,0.86483896
0.7335366,0.8623711
0.72045594,0.8036326
0.69956285,0.7678132
0.64926535,0.715335
0.61599606,0.6554475
0.54026645,0.58828855
0.46814507,0.5160936
0.38963684,0.4082949
0.34982434,0.3525738
0.30030462,0.32421774
0.28234312,0.3074934
0.28914624,0.31591067
0.3289502,0.36326033
0.39930344,0.4271003
0.47990227,0.50054574
0.5615699,0.552437
0.6151566,0.6027612
0.6888296,0.6603136
0.72198826,0.71406007
0.72633773,0.75923073
0.7103242,0.7800693
0.66470903,0.79753166
0.67508656,0.803664
0.7132436,0.8024788
0.76928884,0.78540236
0.74221563,0.723697
0.71952975,0.6874621
0.66101825,0.6394041
0.61805004,0.5816172
0.54889506,0.5146932
0.47647262,0.44463244
0.3897831,0.42339996
0.33967614,0.36595774
0.2998673,0.3392082
0.2837967,0.32653147
0.28539014,0.33346143
0.3317584,0.38606748
0.38938275,0.45352516
0.46894762,0.52951735
0.54344934,0.5814193
0.61566293,0.62978363
0.6766644,0.683957
0.7037327,0.7327957
0.7218762,0.77085674
0.7077795,0.7824671
0.7138928,0.79105204
0.7398789,0.78928536
0.74783725,0.7800123
0.7698553,0.7603102
0.7251856,0.703605
0.67572415,0.67029274
0.63069373,0.62868255
0.6021736,0.5694881
0.5412467,0.50836843
0.4772959,0.44100365
0.409564,0.4142089
0.36090818,0.35957634
0.31587195,0.32560357
0.29544613,0.30513018
0.27643475,0.29915142
0.26981914,0.31193465
0.28092957,0.33752555
0.31542733,0.36996537
0.38445342,0.4219286
0.46853626,0.47999537
0.5294037,0.55053127
0.5944764,0.6037183
0.6275933,0.6525047
0.6496993,0.68274087
0.6524761,0.7019879
0.6849168,0.71565706
0.7031675,0.7147851
0.6796363,0.7024518
0.610223,0.6513514
0.5913445,0.6278212
0.56594837,0.59137475
0.53724754,0.54270786
0.4931732,0.49248338
0.42708665,0.43091565
0.36660677,0.3747992
0.32745877,0.3237065
0.28622046,0.29294696
0.26613513,0.2724304
0.23866215,0.26446006
0.24433875,0.26887164
0.24545702,0.28608066
0.27219373,0.30829757
0.31790024,0.35274115
0.38085946,0.3989333
0.44519806,0.4574141
0.48091337,0.49961305
0.5432258,0.5405081
0.5706252,0.55662984
0.60933316,0.5710721
0.5527895,0.57689816
0.49131778,0.5744393
0.4919844,0.5697353
0.4807842,0.540711
0.48186156,0.5278149
0.4648275,0.50297046
0.44469756,0.46625867
0.3975845,0.42058617
0.32077047,0.36621836
0.26440975,0.29289636
0.22242543,0.24720757
0.1891119,0.21658573
0.17782864,0.20045663
0.19428615,0.20469019
0.25391772,0.22663124
0.31084153,0.26344988
0.36482552,0.3009702
0.40401873,0.34720358
0.42156398,0.3949846
0.4414542,0.44968832
0.47892904,0.49327326
0.53944194,0.53988576
0.57506347,0.5802223
0.6142808,0.6167348
0.6565143,0.6485787
0.6794118,0.6727502
0.6893789,0.6939148
0.6760631,0.66970015
0.62829685,0.65079963
0.5639439,0.6125594
0.52415586,0.5683913
0.4425957,0.5073899
0.37036377,0.43834826
0.2888696,0.3003944
0.23525144,0.2520395
0.20470336,0.22239533
0.19055662,0.20721626
0.18441159,0.20802267
0.23675388,0.2313562
0.2951493,0.26358432
0.35789597,0.30246338
0.4122177,0.34903345
0.45333293,0.40182447
0.49890202,0.46205112
0.5368655,0.51383847
0.5758874,0.5631813
0.610627,0.60797375
0.652211,0.6429661
0.6808596,0.67891806
0.71530825,0.704658
0.7318476,0.7183656
0.7141695,0.68628234
0.6609541,0.662423
0.6076814,0.62008244
0.5558735,0.5722989
0.49038973,0.5116732
0.39838794,0.44186762
0.31942713,0.32771707
0.27156925,0.279105
0.23673587,0.25069392
0.20709047,0.23643665
0.21889256,0.2460852
0.26030004,0.28869778
0.32267752,0.34426093
0.3769296,0.398093
0.45590052,0.44625065
0.51078016,0.49853206
0.552202,0.5644305
0.61033934,0.6237787
0.6344156,0.6767473
0.6848869,0.7283674
0.71902955,0.76398265
0.7503337,0.79956144
0.7818776,0.8182774
0.7896851,0.8244941
0.77258474,0.769393
0.7323417,0.73618275
0.6740336,0.68190527
0.62215364,0.6246926
0.5381267,0.55457205
0.45784634,0.4821111
0.38054585,0.39713493
0.32619634,0.3440417
0.28483254,0.31240582
0.26388603,0.2943383
0.26978648,0.30606025
0.31529206,0.35253647
0.38294733,0.41776106
0.45336804,0.48903576
0.5190051,0.5472005
0.58912534,0.60310376
0.6390378,0.67407453
0.6870221,0.7389121
0.7366572,0.7944447
0.776387,0.84717256
0.8159683,0.8883695
0.85351735,0.9190625
0.89037174,0.93742424
0.9144459,0.9438926
0.876523,0.8972593
0.82536864,0.85714984
0.7881912,0.8009181
0.7607146,0.7338886
0.68772507,0.65420806
0.5923055,0.5727051
0.5000774,0.48439348
0.42604318,0.4224347
0.36629102,0.38884607
0.3296611,0.3633446
0.32629284,0.37256494
0.36141938,0.40648168
0.41106704,0.46765423
0.4652761,0.52261305
0.5297451,0.57725686
0.5691328,0.628398
0.60903937,0.6954634
0.66839886,0.74881417
0.7252338,0.7906456
0.77539265,0.8198448
0.81216395,0.828406
0.84464777,0.8357648
0.83966315,0.8181325
0.8052576,0.7878829
0.6531906,0.7004955
0.58360445,0.66482615
0.52833796,0.614072
0.5021588,0.54905736
0.45247728,0.48501906
0.3943347,0.42073652
0.33835724,0.3454738
0.27877668,0.2955882
0.2619921,0.2550253
0.2297318,0.23175286
0.22202173,0.22410008
0.21796972,0.23195022
0.22010611,0.24755561
0.27911717,0.2803716
0.35458726,0.3323987
0.44993442,0.38548142
0.5007929,0.44246745
0.54722375,0.48611718
0.56485635,0.524935
0.5930161,0.56339115
0.63539743,0.5964498
0.66612047,0.6246132
0.7056603,0.6523446
0.7248594,0.6610925
0.7154832,0.6459383
0.700013,0.6232396
0.6787583,0.59105396
0.6215234,0.5515186
0.5387518,0.49257782
0.45114127,0.42941597
0.40270868,0.39722598
0.35278127,0.34437823
0.30280197,0.31036854
0.2806428,0.28997606
0.27051693,0.28072456
0.2596267,0.285238
0.27125317,0.29727373
0.29453275,0.3270446
0.3399742,0.37734786
0.3781053,0.44009453
0.41597196,0.5058969
0.45997357,0.5611291
0.4550149,0.6106807
0.47700885,0.6376806
0.5018223,0.66638285
0.55109745,0.67870027
0.5961486,0.69612676
0.6334943,0.7042408
0.6641352,0.6880207
0.65766495,0.66974616
0.610867,0.64431524
0.5949476,0.60416806
0.5071401,0.5499823
0.3990219,0.48463696
0.3199536,0.39213303
0.26191485,0.33882505
0.22821257,0.30970022
0.20239139,0.29458055
0.2037787,0.3062382
0.2508649,0.3400285
0.30370954,0.39333156
0.37983188,0.44376177
0.4383452,0.4943975
0.5240108,0.5479412
0.5718796,0.61637735
0.60818434,0.6753403
0.6590373,0.73513216
0.70579064,0.7727948
0.73476756,0.80407363
0.766728,0.82205766
0.7784348,0.8268622
0.7835959,0.83074546
0.74612105,0.7731051
0.6963161,0.74513996
0.65588707,0.6984363
0.6140405,0.6408021
0.5418797,0.57575536
0.46733767,0.49994925
0.38850757,0.38782322
0.33821923,0.3336708
0.31137654,0.30533153
0.2730619,0.29075703
0.26914945,0.30364284
0.31912756,0.3507735
0.37369663,0.413848
0.42029086,0.47793987
0.48077747,0.5288397
0.52885705,0.5751111
0.5704447,0.63470334
0.609324,0.6877445
0.65705144,0.73734546
0.6925872,0.77310747
0.7192308,0.80465525
0.7491406,0.8272066
0.7691447,0.8357146
0.77341413,0.836726
0.7282848,0.78823805
0.6825074,0.7529699
0.6330772,0.705103
0.5968363,0.64408547
0.5304618,0.57614076
0.45189646,0.49797982
0.37877285,0.36764583
0.33080566,0.31661212
0.3032466,0.2847753
0.2688331,0.26805973
0.2747314,0.28174648
0.33855116,0.3250436
0.39545786,0.38783228
0.43526977,0.44522467
0.45935002,0.48940584
0.48969716,0.5236806
0.5130643,0.5722496
0.54589814,0.61025006
0.59163857,0.6475141
0.6484457,0.67858595
0.7083857,0.70726407
0.7402472,0.72915393
0.77213466,0.7417941
0.78540313,0.7440266
0.7557904,0.7092732
0.71955997,0.6822188
0.66689885,0.6419955
0.63429195,0.5912681
0.56082785,0.52295274
0.47405773,0.44958362
0.406513,0.3937488
0.3420385,0.3410592
0.30197105,0.30861765
0.26940688,0.28835934
0.27137807,0.30037686
0.32000732,0.33992305
0.36949408,0.3989093
0.4350954,0.45648125
0.49440083,0.5094483
0.5468885,0.5525837
0.5940031,0.6158643
0.64363486,0.66790766
0.6871668,0.7153818
0.7177421,0.7579023
0.7212258,0.78788227
0.716101,0.8112498
0.7687288,0.81730044
0.7840702,0.81936216
0.753869,0.7673882
0.71567225,0.7343565
0.65702766,0.6859439
0.6171611,0.6272693
0.538953,0.553465
0.47205845,0.48123696
