true,forecasted
0.2484077,0.25366256
0.22206771,0.22782013
0.20670477,0.21968803
0.19823733,0.20683824
0.20008676,0.2201663
0.2244157,0.23242843
0.2622582,0.26090428
0.28662062,0.30243307
0.30413443,0.32420152
0.30705717,0.34090444
0.31774592,0.35890746
0.3297509,0.38103017
0.3439258,0.40040314
0.36018795,0.41824788
0.37701854,0.43440098
0.39998412,0.45238146
0.42342257,0.4735285
0.439653,0.49396726
0.43629593,0.49575138
0.41790923,0.47334102
0.4047464,0.45050502
0.3738655,0.4187816
0.32280847,0.3756061
0.27098104,0.33387107
0.2311314,0.2404741
0.2061987,0.2215352
0.19487783,0.21494624
0.18999903,0.20379741
0.19616327,0.21825324
0.21922652,0.2319364
0.25678343,0.266375
0.28502125,0.30894852
0.29936764,0.31817678
0.30674648,0.32421365
0.3132749,0.32963768
0.32177755,0.3430404
0.34283665,0.358235
0.3564571,0.37315106
0.3571027,0.3884009
0.354145,0.4061084
0.36298582,0.4193272
0.37731966,0.437062
0.3829883,0.4351724
0.3748692,0.415297
0.37393925,0.39810252
0.35272843,0.362012
0.30854094,0.3185596
0.26126224,0.2765702
0.22552519,0.22173315
0.2072099,0.20240256
0.19249699,0.19526984
0.1853804,0.18087794
0.19237033,0.19523072
0.21461745,0.20629176
0.253668,0.23763677
0.27924356,0.2739976
0.29247928,0.2930128
0.29886785,0.30392277
0.3037616,0.3150156
0.3152898,0.3310186
0.32965082,0.34228012
0.34504154,0.3534056
0.35758394,0.36364597
0.37912607,0.38148427
0.39068264,0.39566356
0.40335345,0.41468436
0.39882207,0.4219825
0.38253066,0.40418482
0.37271777,0.39117253
0.35026032,0.3608745
0.3120447,0.32151935
0.26654702,0.28097224
0.22785676,0.22467157
0.20318426,0.20546111
0.18843697,0.19736221
0.17893326,0.17862375
0.17975895,0.19492495
0.18535739,0.2081052
0.19646648,0.24046257
0.21690153,0.2694386
0.23931564,0.28653902
0.2799614,0.29284734
0.28419736,0.29940933
0.29922482,0.3186203
0.31745586,0.3283549
0.3401535,0.34854412
0.36950046,0.35759747
0.4077797,0.37557587
0.44649658,0.39399236
0.47417068,0.40568966
0.48030445,0.40971825
0.45767495,0.39293423
0.42598924,0.37808442
0.39978606,0.34320992
0.35367447,0.30094916
0.30394503,0.25002432
0.25982118,0.25935385
0.23015726,0.22954491
0.21098404,0.21900502
0.20147434,0.20528853
0.1967661,0.21415985
0.19503407,0.22169203
0.20135963,0.2526836
0.23441681,0.2929102
0.2839524,0.3199437
0.3318605,0.33789596
0.3772916,0.3552584
0.4151003,0.3850129
0.45085022,0.40853322
0.48284692,0.43868893
0.51490307,0.46846142
0.54000306,0.49013016
0.5667935,0.51382583
0.5891449,0.5265975
0.57881284,0.51671857
0.5447851,0.4810949
0.5166267,0.4579233
0.48446214,0.41610888
0.4261347,0.36799163
0.36498877,0.3172279
0.3209441,0.30809364
0.28902388,0.2808055
0.26962185,0.2629673
0.26028243,0.2443001
0.2658005,0.24685128
0.28978205,0.25972328
0.33194146,0.28393325
0.36922953,0.32603803
0.39696756,0.3811716
0.43776953,0.41298217
0.47863695,0.44094256
0.51178074,0.48819485
0.5339502,0.51566494
0.54923254,0.55488855
0.5242084,0.5727661
0.509396,0.6002758
0.5085847,0.61522037
0.5071227,0.6319231
0.51386917,0.61844325
0.50372976,0.568277
0.4846826,0.5418565
0.44292378,0.4977285
0.3795855,0.44528782
0.31690082,0.39868116
0.2716974,0.29367676
0.24168305,0.26774156
0.22294179,0.25215998
0.21452036,0.23882775
0.21616188,0.2551373
0.23241863,0.26962
0.2677067,0.29808673
0.30298254,0.3385063
0.32281774,0.3684773
0.3426159,0.37883243
0.35412258,0.3915922
0.37044504,0.4178351
0.3913228,0.43270212
0.4142352,0.45782763
0.43070406,0.46769303
0.46251762,0.48151803
0.48547184,0.4966675
0.5027649,0.5190226
0.50106215,0.5160256
0.47636065,0.4837608
0.4505255,0.46539715
0.42375654,0.41836825
0.36411053,0.37506497
0.30668435,0.3235581
0.2644682,0.27149656
0.2371648,0.24405724
0.22198527,0.2237525
0.2139713,0.21235114
0.21925071,0.22118568
0.2396323,0.2278448
0.27738607,0.25307783
0.31963778,0.2903041
0.3484844,0.32639536
0.37605932,0.35024264
0.3975662,0.38860103
0.4133426,0.41831025
0.41849148,0.43711174
0.40987974,0.45950723
0.4212789,0.47114235
0.43908006,0.4845595
0.45427603,0.50635386
0.47631735,0.5073099
0.47976464,0.5028134
0.46197125,0.46868613
0.43506786,0.45214877
0.40974325,0.41588488
0.35403088,0.36045855
0.2964819,0.31360176
0.25226757,0.2672671
0.22508128,0.24778223
0.21007709,0.23400626
0.20100294,0.21410374
0.20424145,0.22582723
0.22252716,0.23847261
0.2529573,0.2683884
0.28491548,0.3020551
0.3130135,0.32820085
0.32905695,0.3503849
0.34588218,0.3633449
0.36394832,0.39318773
0.3870982,0.40920886
0.41267255,0.43370742
0.44310123,0.45051253
0.47662413,0.46892592
0.5044339,0.48935813
0.52469474,0.50418484
0.52197784,0.49564826
0.49241725,0.4682131
0.4626168,0.44515133
0.43013167,0.41230693
0.37070614,0.3616191
0.310877,0.3096695
0.30973417,0.27187708
0.30859137,0.24472389
0.30744854,0.22947945
0.3063057,0.21492843
0.30516288,0.22255576
0.30402008,0.22941276
0.30287725,0.24248618
0.30173442,0.29202548
0.3005916,0.32282087
0.2994488,0.36271363
0.29830596,0.40231514
0.29716313,0.44619587
0.29602033,0.47401017
0.2948775,0.4929009
0.29373467,0.5056782
0.29259184,0.5202632
0.29144904,0.5403284
0.2903062,0.5537057
0.28916338,0.54173976
0.28802055,0.50860626
0.28687775,0.47867095
0.28573492,0.43382087
0.2845921,0.39296013
0.2834493,0.33500654
0.28230646,0.21782675
0.28116363,0.19613609
0.2800208,0.18918395
0.278878,0.17344414
0.27773517,0.18016233
0.27659234,0.19428737
0.2754495,0.22122788
0.2743067,0.25105566
0.27316388,0.26638383
0.27202106,0.2786312
0.27087826,0.2829392
0.26973543,0.30018803
0.2685926,0.31452996
0.26744977,0.33849776
0.26630697,0.353266
0.26516414,0.37252864
0.2640213,0.38532615
0.2628785,0.40058976
0.26173568,0.39780998
0.26059285,0.3811605
0.25945002,0.36184454
0.25830722,0.33263305
0.2571644,0.2881475
0.25602156,0.2503854
0.25487873,0.22739604
0.22363693,0.20467517
0.20297903,0.19444154
0.19118467,0.1813396
0.18683699,0.1871525
0.18405554,0.20197657
0.1909191,0.21521202
0.21889284,0.24323317
0.26002043,0.2721145
0.29517588,0.2833218
0.32827696,0.29079986
0.35759228,0.32621253
0.3830376,0.34252554
0.40929216,0.37104654
0.43955594,0.37948364
0.4763296,0.40443864
0.5194527,0.4172078
0.54335207,0.431443
0.53905994,0.42859492
0.50676095,0.41124126
0.4703177,0.38400668
0.43546426,0.35001945
0.3819571,0.30517456
0.31680882,0.25794667
0.27097717,0.292676
0.24095327,0.25651538
0.22134897,0.24916098
0.21325167,0.23307239
0.21494247,0.24290583
0.23107703,0.25281784
0.25961924,0.2844231
0.2993709,0.3314186
0.34501436,0.36209497
0.39554262,0.39241433
0.4416288,0.41783172
0.4873589,0.4542219
0.5291285,0.49012077
0.56453514,0.51849544
0.59774584,0.54739326
0.60882145,0.5790612
0.626355,0.60452086
0.6416056,0.6185014
0.6189863,0.61209196
0.58075696,0.56771207
0.5453912,0.5258036
0.517266,0.4908786
0.4541389,0.43704653
0.38817632,0.37564552
0.33402687,0.35025963
0.30152652,0.32557243
0.27999783,0.30462343
0.2699077,0.28456205
0.27274743,0.29613715
0.29419935,0.3149819
0.33232892,0.3445225
0.36686212,0.39076456
0.3902008,0.42896065
0.41033232,0.45893425
0.42907777,0.48364636
0.44100806,0.51646835
0.4579211,0.5452949
0.47230932,0.5725559
0.47706684,0.583413
0.4874521,0.6024098
0.5011443,0.6141608
0.50482875,0.6451886
0.4958356,0.6300938
0.4799893,0.590581
0.46901852,0.56316847
0.4478023,0.5151999
0.39759997,0.4600685
0.34117365,0.4073993
0.298337,0.2865472
0.26997674,0.26283365
0.25340483,0.24747421
0.24263808,0.2346015
0.243338,0.24697481
0.26455244,0.2539708
0.29732105,0.28131855
0.3259451,0.33014688
0.34900358,0.35991392
0.36621505,0.38595906
0.3764877,0.40649253
0.37762734,0.4323415
0.3765319,0.44939902
0.37875056,0.463732
0.36930212,0.4767887
0.36663207,0.4855033
0.3683886,0.49389786
0.3754998,0.514691
0.37259737,0.50842
0.36272293,0.48020896
0.35880932,0.46274948
0.33951598,0.42658648
0.30388796,0.3864951
0.26341936,0.34768087
0.234044,0.23846899
0.21449766,0.21941125
0.20574374,0.20932135
0.2011556,0.1978405
0.20826651,0.20607117
0.23029676,0.21839526
0.26409537,0.24701402
0.2960171,0.2845754
0.31595027,0.29781175
0.34055376,0.31400797
0.3438281,0.32865182
0.35031977,0.3436194
0.35423788,0.35264975
0.35856974,0.36519998
0.35672718,0.37751603
0.35796273,0.3847359
0.36349905,0.39509407
0.37109268,0.41221556
0.37222308,0.4122434
0.36802384,0.3915339
0.36744493,0.3720466
0.35631344,0.34002987
0.31891516,0.30375934
0.2794195,0.25959885
0.24737561,0.21093675
0.22828214,0.19642806
0.21652542,0.18474564
0.21268469,0.16825713
0.21875691,0.1715031
0.24142824,0.17708138
0.2777111,0.20420657
0.31571817,0.23239096
0.34706485,0.25161245
0.37804317,0.28021085
0.40816236,0.30610532
0.42170638,0.3325309
0.44526282,0.34208572
0.4687446,0.3561393
0.4805231,0.36395437
0.47580114,0.37127253
0.47178087,0.38347855
0.47423223,0.39578685
0.46276048,0.3903475
0.44973627,0.37941113
0.44304568,0.36248088
0.4287701,0.32852355
0.39185184,0.29004171
0.3479422,0.2410671
0.30823714,0.25133198
0.2815787,0.22721148
0.26203147,0.20916137
0.2520474,0.19598345
0.2503094,0.19762257
0.25915113,0.20489508
0.26757824,0.22961202
0.29973805,0.25625452
0.3448384,0.29154548
0.38711464,0.32527444
0.42299148,0.35729814
0.44963083,0.3985217
0.46593595,0.41739178
0.4941926,0.44149643
0.5180654,0.45320284
0.5460732,0.46912748
0.563736,0.48604655
0.5899452,0.49633673
0.5914403,0.48509735
0.56047064,0.46007273
0.53153175,0.43177226
0.5027171,0.3931059
0.4529715,0.3466274
0.39530963,0.29065365
0.34464157,0.3091503
0.30856276,0.27635214
0.28308907,0.2621209
0.2648392,0.24040402
0.25509682,0.25084803
0.250572,0.26117736
0.26213634,0.29308105
0.30757844,0.34363478
0.3680337,0.38118598
0.42586347,0.4147449
0.484662,0.4399034
0.53164166,0.48495677
0.56598514,0.51194155
0.59530854,0.54424745
0.62241864,0.57268065
0.6461663,0.5984071
0.6465469,0.6153255
0.6472056,0.6249076
0.63695174,0.59793985
0.6205543,0.5624227
0.5789801,0.5351003
0.5402447,0.48295298
0.47880423,0.4339258
0.4115353,0.38124585
0.35529956,0.348906
0.3209017,0.31899956
0.29903126,0.2981989
0.28800642,0.26963457
0.2919123,0.2829967
0.3168399,0.30513036
0.35791072,0.33557668
0.40680584,0.38030407
0.45936844,0.42150655
0.50274307,0.45297578
0.5392323,0.46648645
0.59878427,0.50675505
0.6546155,0.5302683
0.68549526,0.5703116
0.6891941,0.5803979
0.6831368,0.60747343
0.6872234,0.61875373
0.7033687,0.6322831
0.6959307,0.615898
0.66930604,0.58256525
0.6251117,0.5523799
0.5790121,0.5143861
0.4964943,0.44908097
0.42550948,0.40738338
0.36409828,0.40336615
0.31969333,0.3619598
0.29210794,0.34615684
0.27580878,0.32368365
0.27872646,0.33682245
0.29706293,0.34244785
0.32764995,0.37577876
0.376511,0.4482136
0.4008782,0.4878237
0.4320283,0.5340747
0.47094172,0.55587333
0.48710468,0.59206975
0.52843153,0.62281364
0.5736726,0.6481412
0.62083423,0.66972685
0.6477612,0.6813702
0.6500943,0.6922154
0.64317393,0.7132581
0.59925383,0.6875681
0.5459994,0.6589884
0.507063,0.62047267
0.47131068,0.5669453
0.4166343,0.5200522
0.358668,0.4636193
0.31542304,0.32994905
0.2873537,0.29739586
0.2684553,0.28048235
0.2585531,0.26513633
0.25969842,0.27454516
0.2794395,0.28189462
0.31502274,0.30482054
0.36401913,0.35740092
0.40241188,0.38530937
0.43619645,0.4133555
0.46865588,0.43547195
0.4928988,0.46490505
0.5222888,0.49067342
0.5564919,0.5155851
0.5781822,0.5369584
0.594292,0.5467035
0.6089117,0.55936843
0.61999387,0.57375526
0.61277217,0.5569961
0.5819605,0.51866204
0.54495955,0.49241343
0.50922906,0.44621626
0.44424146,0.39602184
0.3765295,0.340568
0.32269228,0.3418861
0.28674787,0.31561512
0.26299727,0.29453492
0.25013405,0.27536187
0.24988492,0.28602737
0.26664472,0.29956582
0.29976165,0.32308158
0.34286502,0.36880556
0.37586457,0.41005322
0.40832248,0.4426129
0.44274187,0.46527085
0.4782946,0.50272405
0.51514506,0.532235
0.55439126,0.5628161
0.5878278,0.5807424
0.61678404,0.60037774
0.6454998,0.6140135
0.6531712,0.63434803
0.64227116,0.6194106
0.6027994,0.5760416
0.5600736,0.54978174
0.5200131,0.5038917
0.45503807,0.4462126
0.38953045,0.3922875
0.3319059,0.3413847
0.29776794,0.30959338
0.2719848,0.29223526
0.25750187,0.27423543
0.25938833,0.28148004
0.2754058,0.29600134
0.30713722,0.31996706
0.35036936,0.3762814
0.39580104,0.40709364
0.43968737,0.44407204
0.4830154,0.47133902
0.5323302,0.5107697
0.58152914,0.5432215
0.6120331,0.57480794
0.638604,0.5992264
0.65296984,0.62385315
0.6667447,0.6411906
0.6747745,0.6605201
0.6305763,0.6379143
0.57279104,0.59575516
0.5402044,0.56076086
0.51251626,0.5101476
0.46319634,0.454359
0.40554014,0.39828706
0.353765,0.3466357
0.3136226,0.31769854
0.29121715,0.29503694
0.2758533,0.2774193
0.26933923,0.2858729
0.27208725,0.2968384
0.2834828,0.32242057
0.3210346,0.37502202
0.37985674,0.4111618
0.42254132,0.45299968
0.45762804,0.48886818
0.4747795,0.52932036
0.49063623,0.5661285
0.52131826,0.5965853
0.5537215,0.6255279
0.5915437,0.6482526
0.62179226,0.6597838
0.62853837,0.67814577
0.6180913,0.6539677
0.58179384,0.6117683
0.5518706,0.57480294
0.5265337,0.52798575
0.47568312,0.4682196
0.4296092,0.41658503
0.38328972,0.33862844
0.34605813,0.3090608
0.31904808,0.28452814
0.30680415,0.26403502
0.29927054,0.26796916
0.29945096,0.2790453
0.3054775,0.30053094
0.34983045,0.3456837
0.42436743,0.39033902
0.49744603,0.43235397
0.5580644,0.47733158
0.61393064,0.5206524
0.6664275,0.55920327
0.7097346,0.5936062
0.7370777,0.61865455
0.750055,0.64714557
0.77187407,0.65508956
0.78880864,0.6675531
0.78434837,0.64336276
0.7554381,0.5980981
0.7103727,0.56728166
0.6628466,0.513947
0.59361,0.45218185
0.5195118,0.39350468
0.456912,0.44051638
0.411466,0.40176156
0.38928938,0.37414593
0.37531787,0.3422914
0.37351835,0.34824353
0.38699275,0.37285778
0.41775718,0.39660868
0.4815645,0.4449518
0.546524,0.51468825
0.5938875,0.5676755
0.6596108,0.60533136
0.7022533,0.6647988
0.73724353,0.6970744
0.76754135,0.7364915
0.79597574,0.7494938
0.82421565,0.77817106
0.86872303,0.7913168
0.8809649,0.8073947
0.86254835,0.7778405
0.79428077,0.7436138
0.7047333,0.6959675
0.6321868,0.6400664
0.56497425,0.567374
0.49839777,0.4922402
0.4440652,0.4641129
0.40184847,0.42544797
0.3699889,0.3928783
0.34778148,0.3785556
0.33701506,0.37971768
0.33692124,0.39067993
0.35296232,0.41864577
0.40190014,0.48927954
0.46784663,0.5350124
0.54070836,0.5882371
0.6087943,0.6239353
0.6580449,0.6734013
0.6940932,0.71089876
0.72112775,0.74190944
0.73753834,0.75370324
0.7551149,0.768643
0.77832425,0.77435493
0.80601627,0.801523
0.7978216,0.7738079
0.7460375,0.73425835
0.69193345,0.68432933
0.63798654,0.6243226
0.5954487,0.5582007
0.52993023,0.49581665
0.46581766,0.44448236
0.41292766,0.40468076
0.38333872,0.37524575
0.36250398,0.34884226
0.35949996,0.3535978
0.3736023,0.36241642
0.41548747,0.38950908
0.47829938,0.44779566
0.5510766,0.50571007
0.62159806,0.5575849
0.68531245,0.5902738
0.7417412,0.64985555
0.7775544,0.68508714
0.8012527,0.73432565
0.8205004,0.74677736
0.8340584,0.76484066
0.8394507,0.7707263
0.8404885,0.7842461
0.8322983,0.7523011
0.8045513,0.70284337
0.7493234,0.6585931
0.7059521,0.6015297
0.62554127,0.5412264
0.5414599,0.47564125
0.4757578,0.4757056
0.42630288,0.43266156
0.3945843,0.40270257
0.37318167,0.37113416
0.36608094,0.38037238
0.38187256,0.39264968
0.42080212,0.40556923
0.4851734,0.46490124
0.54811317,0.52412766
0.6202254,0.5860577
0.68405,0.62286156
0.7430158,0.6873983
0.7725041,0.71712446
0.8026529,0.76093465
0.82856333,0.7825363
0.83697695,0.79485434
0.83148694,0.8117509
0.8179331,0.82110405
0.80109024,0.7782104
0.76082593,0.7371319
0.7197554,0.6848868
0.682597,0.62189
0.61233723,0.5556108
0.5366498,0.47792226
0.4765611,0.46867383
0.43148252,0.42876437
0.40224248,0.39891618
0.3843992,0.3708496
0.37656656,0.3757372
0.39187872,0.3829118
0.42571858,0.40026438
0.47834212,0.45842543
0.5368577,0.5052086
0.5957892,0.5735571
0.65993166,0.6163046
0.71526825,0.67558086
0.7618503,0.70866585
0.79077905,0.74908495
0.8055777,0.7788788
0.79663026,0.79078275
0.7747192,0.8012008
0.75953186,0.8108566
0.7414753,0.7710141
0.6954614,0.73793095
0.6694013,0.6811659
0.63268024,0.62059903
0.57401526,0.5583602
0.5066468,0.48731023
0.44722396,0.43393975
0.40368563,0.3980924
0.37400827,0.36295605
0.35355708,0.34073594
0.34184638,0.3477386
0.34335107,0.34283918
0.35255188,0.36077288
0.40207818,0.40500537
0.4810886,0.45793402
0.5608862,0.5226849
0.62382686,0.5668258
0.67256486,0.62718767
0.7099807,0.6597376
0.742462,0.703048
0.7710633,0.7435696
0.74543315,0.7570683
0.7174415,0.76348287
0.69110596,0.76713216
0.6768841,0.7347678
0.64592224,0.69577277
0.614851,0.6475269
0.5869827,0.594938
0.53567266,0.53372425
0.47760725,0.47793812
0.42530993,0.4060085
0.3850337,0.36635733
0.35895985,0.3471732
0.34332207,0.3255171
0.33818278,0.3265341
0.33854124,0.33097994
0.3451001,0.35237876
0.38311496,0.39959583
0.437852,0.43809554
0.49755296,0.494133
0.5386869,0.52794677
0.579464,0.58188677
0.6157657,0.61391115
0.6461098,0.65898967
0.6761935,0.6907949
0.7071706,0.7036626
0.6935493,0.7124148
0.64408267,0.7288553
0.59385914,0.7004436
0.5370277,0.6589785
0.50389886,0.60620075
0.48531172,0.5714039
0.4372441,0.5174401
0.38311586,0.45948523
0.33739355,0.37106618
0.31020486,0.3394536
0.29191765,0.317689
0.28309116,0.29734156
0.28606647,0.301653
0.3056421,0.3128986
0.34197602,0.32551238
0.38584653,0.36840454
0.41960272,0.4064807
0.46061742,0.45010665
0.4993316,0.48247817
0.53043866,0.5231103
0.5531602,0.55366445
0.5945859,0.5876681
0.6270627,0.61080486
0.67132366,0.6274877
0.7038885,0.638817
0.73371285,0.6613179
0.7436273,0.64050126
0.7125525,0.60074556
0.6556282,0.56735235
0.6022635,0.51969475
0.5270305,0.46999812
0.44736406,0.40978456
0.38807055,0.40179718
0.34617016,0.37286744
0.32154813,0.34940535
0.30422226,0.32282606
0.30288842,0.3301452
0.312399,0.3455707
0.35062447,0.36053917
0.4089292,0.40713957
0.46111003,0.45241728
0.51501656,0.50276077
0.5592931,0.5498126
0.5984921,0.60433614
0.63477194,0.6392158
0.66913515,0.6777575
0.7103118,0.7058312
0.7466726,0.73362267
0.7776903,0.7484752
0.8024094,0.76323944
0.7973821,0.7336521
0.75732845,0.693916
0.6894492,0.6510071
0.631664,0.5958456
0.54927313,0.530212
0.46769935,0.46397203
0.40194196,0.43047035
0.35687354,0.4015815
0.33147964,0.3749106
0.31586334,0.35001388
0.3129887,0.35499546
0.33055866,0.3729917
0.36467332,0.3937072
0.42741805,0.445672
0.4854796,0.49280763
0.5468636,0.5463763
0.6094715,0.5972254
0.66755337,0.65212685
0.71265227,0.6946498
0.7561437,0.7338364
0.7927551,0.76224166
0.8146462,0.79327816
0.82671624,0.79914075
0.84336376,0.8176464
0.8392079,0.78651655
0.80047816,0.7446422
0.7327184,0.7003105
0.6833101,0.6419521
0.60338885,0.56269634
0.5211103,0.4990821
0.4556648,0.47103566
0.4100127,0.4351063
0.38154486,0.40495533
0.36340553,0.37934133
0.36148828,0.38429543
0.37913263,0.40333268
0.42171472,0.4241868
0.48685944,0.49012086
0.55253375,0.5366141
0.6237223,0.5966786
0.69235015,0.6534253
0.7495263,0.7139651
0.7924137,0.75820524
0.82489914,0.7969497
0.8549601,0.81680477
0.8665369,0.8421604
0.88775223,0.8450397
0.8997393,0.86114085
0.89756125,0.83213115
0.86380357,0.79138935
0.80491155,0.73503965
0.7642822,0.67205125
0.69409025,0.59045136
0.6278558,0.52106726
0.5673196,0.5218593
0.52208924,0.4766008
0.48988256,0.4427889
0.46686947,0.41271576
0.45382646,0.41435844
0.46338394,0.4349515
0.4835316,0.4498313
0.5207769,0.5178939
0.5761864,0.58867
0.6205561,0.6651114
0.6592583,0.72510165
0.69036573,0.80135286
0.73641425,0.83723295
0.7546396,0.8782133
0.79300666,0.885897
0.8215829,0.9060287
0.8379529,0.9094552
0.83553797,0.9236445
0.80671704,0.88753164
0.7554354,0.85181755
0.72803074,0.78451174
0.69256467,0.7185834
0.6304066,0.6416634
0.56222,0.5649188
0.49917895,0.4747597
0.45148352,0.4280856
0.41788414,0.39967883
0.3947519,0.37616226
0.37919208,0.38096902
0.37492028,0.3846666
0.3864416,0.40706542
0.44549555,0.46229228
0.5285304,0.51386636
0.59849566,0.57983977
0.68101823,0.615867
0.73648655,0.6731943
0.7760984,0.7057525
0.8059532,0.7547999
0.8038463,0.77877223
0.82413226,0.7889988
0.8167851,0.80023664
0.81452876,0.8071016
0.8146707,0.77419853
0.77118224,0.7356058
0.72711575,0.6781625
0.694694,0.6251304
0.63316566,0.5616564
0.5746411,0.4961726
0.52301264,0.46965632
0.48473427,0.43020895
0.45635608,0.3987788
0.4239504,0.36572686
0.40347505,0.36992878
0.3992355,0.37721074
0.40115333,0.38259342
0.4234366,0.43058774
0.46528593,0.48547545
0.5001758,0.56562567
0.53409153,0.6232321
0.5617522,0.6885414
0.5840525,0.7214042
0.599917,0.76160294
0.5697626,0.783964
0.5490664,0.792224
0.5464848,0.8010467
0.55483544,0.80500525
0.56969357,0.77134293
0.5818769,0.7286096
0.56601864,0.6686866
0.54369384,0.62348825
0.49138394,0.55834424
0.4326108,0.4893762
0.38463548,0.38510227
0.35520726,0.34769264
0.335082,0.32163087
0.3256356,0.3045775
0.32802245,0.30791163
0.34959835,0.30504146
0.38729954,0.31830552
0.43997952,0.35531196
0.49682736,0.3999683
0.5549433,0.44277647
0.61496663,0.4758044
0.6710933,0.5192456
0.71920127,0.54808825
0.76275873,0.5942158
0.7935172,0.63450843
0.81425005,0.6433744
0.8181153,0.6607182
0.84314805,0.670145
0.81214225,0.64957833
0.77131873,0.5978673
0.72934455,0.55773646
0.6848975,0.5143632
0.6062109,0.4619136
0.5257116,0.39616
0.46108434,0.47444853
0.41879916,0.43900082
0.38535452,0.41114265
0.36687016,0.3835194
0.3633906,0.3824382
0.3827792,0.40470043
0.419422,0.4187176
0.46705022,0.46410218
0.5139648,0.50554985
0.57343125,0.57449085
0.63873905,0.6269582
0.6927361,0.6903952
0.7356083,0.729568
0.76707447,0.76802367
0.7898608,0.7970828
0.8119869,0.81767845
0.83412653,0.8299008
0.8467206,0.8487665
0.84347457,0.8060521
0.7813342,0.77569675
0.7234829,0.7145977
0.66707903,0.66029334
0.5829914,0.58343625
0.50241745,0.5085008
0.43640974,0.47633788
0.39145932,0.44522387
0.3629192,0.42076075
0.3511562,0.39222857
0.35403177,0.39511222
0.37668216,0.41392735
0.4133477,0.42547345
0.4531582,0.47254357
0.48884925,0.5093796
0.4992408,0.57810396
0.5035329,0.6397509
0.52485245,0.69202733
0.5463516,0.7298326
0.57521284,0.7575404
0.59593916,0.78045905
0.6107659,0.80161685
0.6418491,0.8031034
0.6722201,0.8215785
0.67906666,0.79494286
0.65671915,0.75843567
0.63120365,0.69804674
0.5954349,0.6504871
0.5266807,0.57571435
0.45781982,0.50996214
0.4034619,0.40733665
0.36432353,0.37609276
0.34008718,0.35127354
0.32847622,0.3213659
0.32728192,0.33042964
0.3463915,0.33649364
0.38030514,0.35906148
0.43302336,0.4059039
0.49153152,0.4473876
0.5537239,0.4990858
0.6022023,0.53986794
0.6507034,0.5856463
0.687233,0.615504
0.72360927,0.659949
0.7404984,0.685103
0.73976326,0.69965196
0.7410266,0.7072681
0.75740314,0.7166506
0.7539997,0.6946412
0.72437286,0.6541254
0.67967963,0.61932784
0.6398996,0.57424295
0.5682979,0.51222974
0.49873266,0.45963007
