true,forecasted
0.16203777,0.15055901
0.1364318,0.13459012
0.11851691,0.1181432
0.10719576,0.10300724
0.10806482,0.11363189
0.12043362,0.1230136
0.1461844,0.14445871
0.1750995,0.17162722
0.183571,0.20435491
0.18588465,0.18027231
0.18541075,0.20319888
0.20072497,0.19550233
0.22998689,0.20641942
0.26508585,0.22623318
0.2639585,0.24218959
0.2638245,0.24786748
0.27196524,0.2672159
0.27861646,0.27705213
0.27917385,0.28680873
0.2752779,0.29091796
0.27199712,0.28384143
0.25182864,0.25854015
0.21305278,0.2262244
0.17114158,0.18847899
0.13698702,0.15722726
0.113797665,0.14358318
0.10041949,0.12694176
0.09442117,0.11250819
0.096049376,0.122858874
0.11077814,0.13290673
0.13406149,0.1552731
0.1648316,0.17932072
0.17377548,0.21165504
0.17329572,0.18444668
0.16780317,0.20457527
0.16820079,0.19123586
0.18174228,0.19733098
0.19811505,0.22332004
0.22479197,0.23700896
0.2617386,0.24594952
0.2825808,0.25808886
0.2887517,0.2755327
0.27998886,0.27643946
0.2761444,0.28410006
0.27805918,0.2803764
0.26364005,0.25447655
0.22569686,0.21846026
0.18420537,0.18153179
0.15233393,0.15309015
0.13200487,0.13648275
0.113442004,0.1205941
0.106022924,0.10336283
0.10883663,0.113648824
0.11841992,0.124345094
0.14133711,0.14896025
0.16665962,0.17338252
0.17670102,0.20776275
0.17253332,0.18578914
0.17808758,0.20529771
0.2018959,0.19656925
0.22410163,0.20526773
0.23532593,0.2249344
0.2309163,0.23556224
0.2523618,0.24424265
0.28135565,0.2612207
0.29723558,0.27594313
0.29021057,0.28057528
0.28025502,0.28759181
0.28103662,0.28178528
0.26516607,0.25612232
0.2324779,0.22060636
0.19558127,0.18494461
0.15718381,0.14584875
0.13073587,0.1360172
0.11165579,0.12419988
0.099438325,0.10611914
0.09481606,0.12125424
0.08833621,0.1328184
0.08902969,0.1521584
0.09318227,0.1748536
0.09744655,0.20065628
0.10332692,0.19201301
0.11099867,0.20905161
0.12821598,0.2090352
0.15532662,0.22529264
0.16770373,0.25300142
0.19201088,0.27865237
0.23513223,0.2922132
0.26511365,0.31174356
0.30113438,0.33185133
0.31531745,0.32518482
0.30033344,0.33785003
0.29671183,0.3194512
0.2888867,0.30277592
0.26137027,0.25323594
0.2292802,0.2182005
0.1945264,0.1763432
0.16538832,0.16357473
0.14370048,0.14784628
0.1291894,0.12703985
0.11977052,0.13967282
0.10876471,0.14911282
0.10105631,0.16143835
0.10503249,0.18880457
0.11599117,0.2170556
0.14109628,0.23629671
0.17544046,0.26294008
0.2253713,0.29053703
0.27297816,0.3221366
0.30548775,0.3598962
0.35006675,0.39552447
0.36923265,0.4173088
0.38544253,0.450742
0.4071576,0.467917
0.41644868,0.45207497
0.40812173,0.45962414
0.4037215,0.42182666
0.3915934,0.40830314
0.3472611,0.34823582
0.30265838,0.30309033
0.25179842,0.18881306
0.21986282,0.16975114
0.19857125,0.1502048
0.18815853,0.13406481
0.19046374,0.14054164
0.20982715,0.14720652
0.24174026,0.16678904
0.2833191,0.19106647
0.31079942,0.23086539
0.32543555,0.23976731
0.34906283,0.2694633
0.36907968,0.27927056
0.38161522,0.3095613
0.4016803,0.33663827
0.43561813,0.35775605
0.47291866,0.3743444
0.49520487,0.39943543
0.47131634,0.4128578
0.44089562,0.40013272
0.41892526,0.41110066
0.40131578,0.37633282
0.3808419,0.3596738
0.3463141,0.30678874
0.2882684,0.26640934
0.2413936,0.1893119
0.2052448,0.17031449
0.17976373,0.15125191
0.16497461,0.13460009
0.16240543,0.14236729
0.172021,0.14761856
0.1997675,0.17540197
0.2248451,0.198324
0.22970316,0.24028994
0.23722793,0.22505294
0.24881674,0.25797337
0.2688043,0.24614261
0.2757059,0.26718315
0.28572208,0.2933079
0.3105534,0.31462565
0.3520761,0.3259254
0.39902568,0.34385467
0.42518744,0.36244485
0.4248624,0.34829882
0.40751967,0.36299688
0.3884713,0.3413791
0.36803544,0.32219005
0.31865492,0.26591367
0.2565385,0.23049656
0.20888384,0.18246391
0.17484738,0.15992543
0.15429655,0.13924326
0.14160573,0.12685026
0.14158952,0.13237041
0.14941998,0.1394414
0.17967872,0.16224141
0.21573408,0.18716368
0.2409329,0.22765674
0.27151096,0.21859014
0.294894,0.24474758
0.32786047,0.23999892
0.35918295,0.26055774
0.34505913,0.27985084
0.28602067,0.29108173
0.26971862,0.30157334
0.3032102,0.31701344
0.31537795,0.33063206
0.3268176,0.32527593
0.32252622,0.337689
0.30864745,0.3157975
0.29735163,0.2925021
0.25837022,0.24969536
0.2125613,0.21312982
0.17509107,0.17094456
0.14825518,0.15197225
0.13095437,0.13674997
0.121875346,0.119182855
0.12338246,0.1313897
0.13334757,0.13956791
0.15880929,0.16092907
0.19035776,0.18409124
0.20010287,0.21955158
0.20627828,0.20715792
0.22172491,0.23329484
0.24519923,0.2303171
0.26036128,0.24773227
0.28578842,0.2769182
0.30589804,0.29621258
0.33251393,0.30975455
0.36279327,0.32640988
0.389905,0.34654394
0.39425835,0.3366741
0.386183,0.34591192
0.37763223,0.32803148
0.36100024,0.30666357
0.3131064,0.25930306
0.26361006,0.22206654
0.26165292,0.16230562
0.25969577,0.14095715
0.25773862,0.121837705
0.25578144,0.1114756
0.2538243,0.11654832
0.25186715,0.12822986
0.24991,0.1456628
0.24795283,0.17244276
0.24599569,0.20437427
0.24403852,0.19436193
0.24208137,0.21229483
0.24012421,0.21263097
0.23816706,0.22499226
0.2362099,0.24180596
0.23425275,0.25089517
0.23229559,0.25863558
0.23033844,0.27674705
0.22838128,0.28381065
0.22642413,0.29233918
0.22446696,0.2952035
0.22250982,0.28458783
0.22055265,0.25600725
0.2185955,0.22807664
0.21663834,0.19067907
0.2146812,0.16458088
0.21272403,0.14455958
0.21076688,0.13124138
0.20880972,0.113745764
0.20685257,0.12817845
0.2048954,0.13679561
0.20293826,0.15283547
0.2009811,0.17746392
0.19902395,0.20937403
0.19706678,0.20326671
0.19510964,0.22675684
0.19315247,0.23254769
0.19119532,0.2535978
0.18923816,0.28368366
0.18728101,0.30516765
0.18532385,0.31982064
0.1833667,0.33625773
0.18140954,0.35644624
0.17945239,0.34930938
0.17749523,0.35349077
0.17553808,0.3325258
0.17358091,0.31114423
0.17162377,0.2699042
0.16966662,0.230967
0.16770945,0.18026337
0.13939656,0.15875314
0.1204467,0.14400843
0.1058231,0.12611191
0.099662125,0.14085492
0.08866177,0.14645454
0.08143149,0.16212994
0.08217878,0.1886479
0.08784732,0.21807027
0.09688902,0.2246278
0.11637353,0.2516715
0.1434053,0.26547545
0.18360342,0.2919516
0.21668692,0.3278858
0.23950644,0.35262936
0.27718127,0.37047422
0.31641293,0.3931557
0.33229163,0.41350934
0.3481841,0.39980915
0.3407213,0.406665
0.3422299,0.37536
0.33758068,0.35763526
0.30341685,0.30719724
0.25591093,0.26704434
0.21656309,0.19093852
0.1824626,0.17199312
0.15977588,0.15577483
0.14897467,0.1370691
0.14715277,0.14804325
0.15477768,0.15253037
0.176423,0.17263636
0.209549,0.19705683
0.2299083,0.2321326
0.24836233,0.23687999
0.2724822,0.26918146
0.30418417,0.2798955
0.33588,0.30935645
0.37868887,0.34268588
0.41934645,0.3742153
0.45631853,0.3901018
0.48526075,0.41745642
0.5018101,0.43336233
0.47972023,0.42188984
0.45227697,0.42529333
0.43463793,0.39561504
0.4079542,0.37980384
0.3583564,0.32170472
0.2989895,0.28115475
0.24718282,0.19587389
0.21314377,0.17665464
0.18932563,0.15585749
0.17576875,0.14052084
0.1748317,0.14815105
0.18659367,0.15184316
0.21365023,0.1768152
0.2508675,0.2012133
0.27165097,0.24242182
0.28614396,0.23458035
0.2916564,0.2672225
0.29234743,0.26065007
0.30454662,0.28711206
0.3233303,0.31017843
0.35882622,0.3327265
0.38598737,0.34322572
0.4100616,0.3620687
0.42302704,0.3768886
0.4113776,0.36774436
0.3902161,0.37919804
0.37764028,0.35275507
0.35879326,0.3338446
0.3116404,0.28011218
0.2590596,0.2443655
0.21478137,0.17355025
0.18239,0.15617448
0.15962306,0.13714941
0.14668527,0.12453416
0.14677899,0.12455141
0.15541762,0.13859627
0.17883663,0.15814567
0.20722036,0.1844236
0.21999441,0.2166377
0.23071742,0.20928986
0.24405241,0.22359926
0.26734337,0.21315369
0.27255055,0.22947301
0.27558738,0.24271493
0.27085492,0.2530595
0.27684194,0.26322538
0.29642835,0.27612963
0.30752257,0.2896668
0.30147806,0.28781745
0.29592693,0.29543275
0.29707062,0.28483623
0.28551722,0.25805774
0.25219303,0.22484186
0.20982279,0.1926326
0.1731952,0.15696728
0.14888042,0.14041321
0.13433242,0.124257475
0.12534548,0.10855839
0.12716834,0.112742044
0.13988368,0.12725574
0.16794226,0.14795801
0.2037614,0.17493084
0.22511645,0.20280051
0.24252038,0.19043161
0.24611515,0.2042153
0.2573565,0.19729488
0.25798443,0.20701158
0.25898606,0.2255271
0.25823128,0.23341995
0.25912103,0.24401139
0.26228672,0.25818652
0.27370894,0.2713876
0.28150657,0.27500993
0.2853359,0.28035265
0.29315615,0.27536288
0.29092163,0.24580184
0.26307705,0.21592373
0.2281105,0.18245654
0.19317596,0.16386017
0.16899562,0.14187239
0.15124965,0.12506731
0.142204,0.11057311
0.14341715,0.11903105
0.15660094,0.12857302
0.18303308,0.14908251
0.22314334,0.17569095
0.26040828,0.2090105
0.2802474,0.1995147
0.29901308,0.2207686
0.30295467,0.22183461
0.3055473,0.2378298
0.3039586,0.25987908
0.30841997,0.26851544
0.31348684,0.2804492
0.32269105,0.29655585
0.3175039,0.31045392
0.3058114,0.31055036
0.3049249,0.3183291
0.31126377,0.30234274
0.30923033,0.2761277
0.28176293,0.24094298
0.24994408,0.20307672
0.22163759,0.19724432
0.1892311,0.17831032
0.17033382,0.15905166
0.16134852,0.14132787
0.15641241,0.14820078
0.15902874,0.15540114
0.16342147,0.17058554
0.18337853,0.19640419
0.21023838,0.23179474
0.23043954,0.25060496
0.25265986,0.28160357
0.2744425,0.3005767
0.30177855,0.3345702
0.33974352,0.3676685
0.3433394,0.39207608
0.32563415,0.41131425
0.37287185,0.43687767
0.42327878,0.45016715
0.4408509,0.43751127
0.43671632,0.4462763
0.42457473,0.40678972
0.40989432,0.3896439
0.37716594,0.3352229
0.3428663,0.29174662
0.29363754,0.22503358
0.257712,0.21155123
0.22839533,0.18518113
0.20578218,0.16684668
0.19128893,0.17292282
0.17462356,0.17511074
0.17284717,0.19097053
0.19194523,0.2208623
0.22072303,0.26015568
0.26155075,0.27624252
0.3234228,0.31510365
0.38929802,0.33480144
0.44024068,0.37353295
0.47242433,0.40849814
0.4263235,0.4415877
0.40079936,0.46044123
0.4344133,0.487412
0.45033437,0.5004718
0.45168087,0.4865518
0.43777788,0.49272478
0.42356154,0.4524085
0.4096798,0.43492526
0.36930582,0.37154153
0.32049114,0.3228473
0.2767056,0.25997996
0.24004272,0.25101677
0.2175282,0.22098668
0.20766456,0.19966999
0.20958032,0.20277408
0.22037867,0.20226088
0.25543907,0.21861143
0.29638627,0.24750492
0.33928627,0.29267555
0.39055258,0.3102165
0.4111609,0.35673472
0.40718457,0.3748192
0.44124636,0.41310233
0.45773125,0.45203927
0.4764554,0.48707622
0.539254,0.5097651
0.5276635,0.5370993
0.51051176,0.5482515
0.4765344,0.5281782
0.45134607,0.53890455
0.43474552,0.49832278
0.4156397,0.47599322
0.3711149,0.4057101
0.3121989,0.35512033
0.2648491,0.22980732
0.22817084,0.21677858
0.20900698,0.18886802
0.19402908,0.17317171
0.19385281,0.1772261
0.20328122,0.17514284
0.23284896,0.20299445
0.2756676,0.2267532
0.3148704,0.2726516
0.34158698,0.2697313
0.35858837,0.30903584
0.3575782,0.30146083
0.3496573,0.3343136
0.3647052,0.36083823
0.39417267,0.3859102
0.42292228,0.39747244
0.46335864,0.414614
0.49631247,0.42751977
0.46808034,0.4138947
0.43165898,0.42812347
0.40469766,0.39426583
0.37730053,0.37778026
0.3414558,0.31457213
0.286149,0.27626744
0.24397995,0.22213203
0.21056408,0.20951734
0.18829365,0.18468902
0.17722096,0.16756643
0.17744163,0.17374845
0.1906979,0.17384768
0.21477579,0.1971632
0.25337103,0.2222603
0.27780324,0.26235163
0.29646528,0.2647107
0.3300251,0.30261686
0.3694675,0.30413175
0.40753463,0.33838695
0.4373109,0.36991352
0.46962956,0.3989164
0.47962108,0.4136533
0.49793372,0.4324786
0.51976293,0.44578815
0.50675553,0.43400982
0.4862546,0.44380552
0.47070512,0.40938014
0.4473564,0.39254582
0.4027334,0.3299221
0.33539724,0.28976163
0.27978778,0.23107725
0.233487,0.22303283
0.20192464,0.19614132
0.18179895,0.17696549
0.17657857,0.18414561
0.18563415,0.18378216
0.20811094,0.20261133
0.2480098,0.22800753
0.2760328,0.26771578
0.29630005,0.27426547
0.32476822,0.31433424
0.3614089,0.31896418
0.39579734,0.35626504
0.42868808,0.3901098
0.46319994,0.4231934
0.5014138,0.4379534
0.5344804,0.45903414
0.5557165,0.4693705
0.5507608,0.45750847
0.52629745,0.46780333
0.50263864,0.42855248
0.47086993,0.41417754
0.41906828,0.34942302
0.36349165,0.30743313
0.30142277,0.24929789
0.2621561,0.24203587
0.2299809,0.21199493
0.21138425,0.19306569
0.20563343,0.19881277
0.21010095,0.19669211
0.22925758,0.21444713
0.2619681,0.2417689
0.29821402,0.28216884
0.3306592,0.2914169
0.37081647,0.33283934
0.4156536,0.33861187
0.45065162,0.37826112
0.47832456,0.4143828
0.5100297,0.45077777
0.54244804,0.46546906
0.5587908,0.48708272
0.57384527,0.49939126
0.5595723,0.4836356
0.521341,0.4926655
0.49097684,0.45262596
0.45523956,0.43898118
0.40789506,0.37088516
0.34895632,0.32590786
0.29819238,0.26945734
0.2519913,0.26002288
0.22074291,0.22829054
0.19870311,0.20896164
0.1857103,0.21141666
0.17391741,0.20927891
0.17108683,0.22530244
0.18783882,0.25219455
0.21636327,0.29551587
0.23386799,0.31168717
0.27642936,0.3528178
0.31116897,0.36180398
0.32736397,0.40145242
0.36665475,0.43778995
0.39545122,0.47105724
0.427254,0.48662084
0.4558945,0.509722
0.46418616,0.51891047
0.44608957,0.5015101
0.4227335,0.51038396
0.40693066,0.468993
0.39279607,0.4535215
0.36743677,0.38626665
0.33294004,0.34096792
0.30372116,0.29977906
0.27143207,0.2843789
0.24786772,0.25432125
0.23325093,0.23312046
0.22361356,0.23555134
0.2204149,0.23174426
0.21054502,0.24267952
0.21788031,0.27499425
0.24072804,0.31827515
0.28242263,0.34779167
0.31582868,0.3922515
0.34878957,0.4233597
0.4100398,0.46703357
0.4734778,0.5110356
0.5202516,0.5456509
0.5432059,0.57205516
0.566653,0.5983014
0.59244454,0.60938454
0.5940305,0.5885635
0.5803667,0.591135
0.57119507,0.54923135
0.5500586,0.52223927
0.5024029,0.4574488
0.45047987,0.4039232
0.38635123,0.3315817
0.33744407,0.31783745
0.31047454,0.28563756
0.290076,0.26068822
0.2841767,0.26128834
0.2888288,0.25801927
0.30387372,0.267309
0.33951005,0.2985533
0.36508894,0.35198614
0.4153489,0.37647426
0.4567934,0.43017545
0.4891055,0.45882216
0.5414501,0.50596
0.59103864,0.55013716
0.64117897,0.59054196
0.65721,0.6168507
0.6918906,0.6432093
0.7152388,0.6515574
0.71713954,0.63177997
0.6948428,0.6308864
0.6552261,0.59170693
0.6224303,0.5619474
0.5554997,0.49144748
0.4889299,0.4344582
0.426407,0.3460058
0.3784419,0.33633894
0.34370923,0.29993415
0.31888607,0.27754608
0.3074035,0.27208883
0.2989748,0.26623482
0.29302457,0.28080612
0.30341834,0.30857614
0.32901493,0.36474997
0.36564744,0.3860714
0.39767495,0.44170043
0.4239491,0.45765272
0.45760006,0.5038263
0.5064773,0.545012
0.51629156,0.58391976
0.49469298,0.60579985
0.47974083,0.63162166
0.5018196,0.634187
0.4988908,0.6120437
0.49647442,0.6171249
0.47928205,0.5769679
0.46510932,0.5507315
0.4348782,0.4754039
0.39245853,0.42309332
0.34667194,0.369679
0.3092682,0.3514191
0.2817651,0.31878206
0.26542613,0.29091695
0.26465446,0.2893741
0.27369642,0.2851812
0.30725968,0.2917344
0.36505666,0.32414398
0.41166,0.38246697
0.46202508,0.41088915
0.5144555,0.46781635
0.57044053,0.50373614
0.6235665,0.55356157
0.66985804,0.60275495
0.7122344,0.6419455
0.7575257,0.671768
0.7886058,0.6982682
0.8005634,0.70562303
0.78315645,0.68213034
0.75972176,0.6745314
0.7214638,0.6362201
0.6875096,0.6024514
0.62123007,0.5317491
0.5475443,0.4730099
0.48178327,0.40242073
0.42881027,0.39054066
0.39157066,0.35277337
0.3628622,0.32231584
0.3491492,0.3179858
0.35083407,0.31257898
0.3769348,0.3191602
0.43574372,0.35155547
0.49275133,0.41548258
0.549397,0.4383514
0.6074171,0.5024516
0.6488534,0.53066784
0.6823604,0.58396524
0.71762204,0.633311
0.74505687,0.6776734
0.77332646,0.7046197
0.80275226,0.7295729
0.8178254,0.73340225
0.81224716,0.7107424
0.78077275,0.70363504
0.7335427,0.666842
0.68571264,0.6339775
0.6167172,0.55535215
0.5379149,0.49480572
0.47534686,0.41023153
0.42448947,0.4027133
0.38788652,0.36087304
0.36369488,0.33150595
0.35698184,0.3233693
0.36826894,0.3170231
0.39156398,0.32621282
0.43313545,0.35537222
0.46826178,0.41928476
0.49527094,0.44268107
0.52066797,0.5043227
0.55349946,0.5230516
0.6025807,0.5735544
0.64774054,0.6213766
0.6998833,0.6619433
0.74680793,0.6845949
0.7538464,0.70881176
0.7186584,0.7082772
0.68321234,0.6837865
0.6644313,0.6826695
0.6389989,0.6438704
0.607362,0.61595714
0.5549327,0.5356165
0.4930972,0.4799934
