true,forecasted
0.12917612,0.1170791
0.10900521,0.08545561
0.096046016,0.06949723
0.08430522,0.05979988
0.07993415,0.06693066
0.102337666,0.088618174
0.12636742,0.12300861
0.16588901,0.16506973
0.19371942,0.19901231
0.21749078,0.22415337
0.25388137,0.26484412
0.278631,0.28271577
0.28532535,0.2987416
0.30652985,0.31404564
0.32777828,0.3221935
0.32613263,0.3243416
0.32839203,0.33664805
0.36389905,0.33416608
0.35105565,0.32083675
0.3285255,0.3038204
0.2909787,0.28310698
0.25744244,0.25914046
0.21894476,0.21367343
0.17676677,0.16979997
0.13559155,0.115662165
0.10412248,0.08656113
0.093714744,0.07136223
0.0878703,0.062181354
0.094235525,0.06998266
0.11257599,0.09046166
0.1415438,0.12266676
0.17978425,0.16146952
0.2053718,0.19191518
0.23101583,0.22423479
0.26064304,0.2559756
0.2708112,0.27860573
0.2764007,0.29646212
0.29224843,0.31699416
0.28717917,0.3255155
0.27144265,0.3356176
0.26932472,0.35428756
0.2657619,0.35292757
0.25198704,0.3405929
0.24514665,0.3217719
0.23460487,0.30323738
0.22058298,0.27574655
0.19443871,0.22924356
0.15437524,0.18276127
0.12574454,0.08784648
0.09740645,0.066600025
0.08917711,0.057150956
0.08884456,0.045239773
0.08628968,0.058194943
0.112257704,0.0768695
0.13959813,0.11438166
0.17842267,0.15051898
0.20141657,0.17982641
0.23511595,0.19924933
0.26379058,0.2288059
0.28322852,0.23732549
0.28363124,0.2549047
0.3037474,0.2660493
0.30417064,0.26590842
0.29839578,0.26795506
0.29205394,0.27181438
0.28832456,0.2682535
0.28032,0.26367158
0.25661308,0.25780973
0.24328026,0.24050485
0.24023141,0.21215019
0.20925745,0.17712969
0.16397813,0.13278309
0.122685984,0.082298376
0.09482705,0.065538816
0.07881044,0.055199187
0.0704345,0.0417338
0.06362093,0.054251045
0.06846316,0.063280165
0.06683863,0.08611799
0.103453964,0.11621164
0.13305323,0.1508905
0.16218817,0.18549496
0.19580941,0.21179251
0.22788711,0.23332272
0.25684524,0.25429463
0.27535683,0.27558082
0.30146515,0.27602065
0.32561755,0.28892073
0.3517065,0.301601
0.35908192,0.3056568
0.3571431,0.3060391
0.3434344,0.2949995
0.31219062,0.28350335
0.29219025,0.25234637
0.25796667,0.2185637
0.20335597,0.1647085
0.16231936,0.12763043
0.13119082,0.10016951
0.104249686,0.08231038
0.08678309,0.06913574
0.078945056,0.07710011
0.074556306,0.08892393
0.07328029,0.11107047
0.094167076,0.1510252
0.1387699,0.19311383
0.1855956,0.2364546
0.2345039,0.27675408
0.28303173,0.31081957
0.3268234,0.34103054
0.36849543,0.3766235
0.4065197,0.3947761
0.40068895,0.4159454
0.3730633,0.4340394
0.34457806,0.4445692
0.3225784,0.43176422
0.31454584,0.41277853
0.3014606,0.3827662
0.28729442,0.34906277
0.26762775,0.29596063
0.21661177,0.23565307
0.18711919,0.15016961
0.15854095,0.12236361
0.14054672,0.11070305
0.13257521,0.0925774
0.14148448,0.10427996
0.18103573,0.11583474
0.2185991,0.15424515
0.24192782,0.20177549
0.28405675,0.23108894
0.3120794,0.25853822
0.3131934,0.2968576
0.30520535,0.31220862
0.30346844,0.32830626
0.29581124,0.35100907
0.28005758,0.3481645
0.27654272,0.3578952
0.26923686,0.360773
0.26154086,0.35686946
0.24747907,0.3463467
0.22743991,0.33608112
0.21365248,0.3018632
0.21491764,0.27258974
0.18463618,0.23005491
0.138548,0.16830587
0.103048965,0.10899592
0.08488647,0.085974224
0.07704216,0.06668787
0.061208658,0.05813806
0.0685356,0.06975836
0.089800574,0.088469505
0.12420442,0.11730847
0.16185048,0.15619367
0.2008855,0.18763675
0.2227437,0.22088885
0.2439927,0.2462295
0.25761014,0.26966128
0.2780794,0.29275572
0.28120127,0.3073051
0.29310519,0.32209244
0.294019,0.32928073
0.28566188,0.3389532
0.26171142,0.34714976
0.24852349,0.33191815
0.2353829,0.32390273
0.22712505,0.29826945
0.22178997,0.26875657
0.19198936,0.22741066
0.1476381,0.17583996
0.124859825,0.10512598
0.104302734,0.0819166
0.09104464,0.070470825
0.08223462,0.053270817
0.09123003,0.069784544
0.12723103,0.08331287
0.16111124,0.105737515
0.18640673,0.14597428
0.21488571,0.17353193
0.23954007,0.19758621
0.25813094,0.23032182
0.2704222,0.23968033
0.2754213,0.26350582
0.282637,0.27834597
0.2847943,0.28475273
0.27945638,0.28375393
0.28077632,0.2903356
0.27974957,0.3003542
0.26581895,0.28252554
0.25988325,0.29105398
0.24921654,0.26988158
0.23981044,0.23400272
0.20460516,0.20131867
0.15429252,0.15055665
0.11116251,0.127246
0.08859244,0.10111903
0.07687389,0.07975608
0.06594707,0.06777253
0.07672159,0.07686814
0.09327952,0.0933065
0.12956801,0.11617948
0.16792196,0.15768184
0.19217303,0.19449781
0.22245508,0.2374591
0.24404347,0.2725883
0.25255516,0.30139124
0.2659513,0.328364
0.28405902,0.35563567
0.2950891,0.3763734
0.2992434,0.3953005
0.31042233,0.41284603
0.31202918,0.42838666
0.30648023,0.40724528
0.2888197,0.39293444
0.28447372,0.3643487
0.260748,0.33528858
0.22202384,0.28559667
0.18209441,0.22591734
0.18087775,0.124008656
0.17966107,0.094811365
0.17844439,0.07783893
0.1772277,0.06641504
0.17601103,0.07789933
0.17479435,0.1006773
0.17357767,0.13206244
0.172361,0.17970322
0.17114432,0.20710829
0.16992764,0.23491573
0.16871096,0.27043796
0.16749428,0.28358868
0.1662776,0.30556488
0.16506092,0.31879878
0.16384426,0.33296394
0.16262758,0.33755344
0.1614109,0.3478282
0.16019422,0.3554065
0.15897754,0.32930294
0.15776086,0.32592866
0.15654418,0.29993135
0.15532751,0.27241424
0.15411083,0.22790892
0.15289415,0.17462355
0.15167747,0.09231384
0.1504608,0.07595436
0.14924411,0.06337316
0.14802743,0.04938799
0.14681077,0.06565445
0.14559409,0.07226798
0.14437741,0.09568936
0.14316073,0.130086
0.14194405,0.15457898
0.14072737,0.1900439
0.13951069,0.20886281
0.13829403,0.23043646
0.13707735,0.255096
0.13586067,0.2742844
0.13464399,0.2776787
0.1334273,0.2844908
0.13221063,0.29278898
0.13099395,0.30314308
0.12977728,0.298353
0.1285606,0.295472
0.12734392,0.27721673
0.12612724,0.24010104
0.12491056,0.20636599
0.12369388,0.15802935
0.12247721,0.08515156
0.09510655,0.07051556
0.080368236,0.05943718
0.06380746,0.04392812
0.0558291,0.06273807
0.056595165,0.06786206
0.054909024,0.08882663
0.074629314,0.121987864
0.106605485,0.14941528
0.14164591,0.18598974
0.17190914,0.20538642
0.1965943,0.22763877
0.22702807,0.25201562
0.25449,0.27166548
0.2891665,0.27410907
0.3121239,0.28197002
0.34367338,0.28824407
0.37498903,0.2997123
0.3827335,0.29813346
0.36748752,0.29599774
0.33384976,0.27886122
0.3181674,0.23979688
0.27475333,0.20975848
0.22502878,0.15767175
0.17148703,0.17655456
0.13417408,0.14245647
0.11343788,0.126573
0.10205759,0.10664119
0.09868474,0.1162174
0.11317322,0.13103983
0.13878131,0.17985179
0.19068767,0.2320627
0.22812726,0.27739683
0.2770407,0.31800961
0.33915174,0.3645921
0.40236196,0.40308324
0.45371276,0.44026914
0.5140618,0.4822925
0.5708241,0.5000672
0.60798645,0.51794535
0.59219515,0.52541804
0.5907857,0.5240498
0.5723939,0.5074469
0.5646694,0.47673705
0.55101025,0.4339376
0.51535094,0.40215948
0.45872098,0.33914363
0.37881193,0.2702248
0.3058756,0.27522272
0.25898483,0.23365408
0.22117165,0.21294159
0.20495084,0.18334104
0.2046314,0.18675235
0.2295453,0.20872994
0.2584344,0.2737558
0.29807633,0.3361678
0.33591464,0.38143104
0.37049475,0.42266434
0.40562072,0.47868684
0.42154494,0.52857715
0.4456882,0.5726676
0.4828848,0.6208882
0.5251557,0.63805544
0.5454949,0.64765674
0.5114339,0.6487844
0.49873826,0.6277885
0.51402074,0.6159491
0.49061787,0.5699177
0.46037632,0.522194
0.44494495,0.48367897
0.39051166,0.41313544
0.3239046,0.33948818
0.26111478,0.26395547
0.23153262,0.23276043
0.2000567,0.209651
0.17705254,0.18685178
0.17079797,0.19774088
0.19512263,0.2168989
0.23102039,0.27398148
0.2841697,0.3435855
0.3422599,0.36832678
0.39577827,0.39768896
0.44168788,0.4286996
0.4616797,0.46637326
0.48361832,0.4919382
0.52843446,0.5241436
0.54078734,0.52516615
0.5529873,0.52003735
0.5426423,0.51769364
0.54825,0.4937189
0.5083069,0.48634645
0.45365116,0.46281698
0.40740725,0.41993272
0.3864258,0.38220575
0.31987408,0.3387735
0.25700152,0.27184242
0.2102802,0.20511176
0.16989158,0.164913
0.14022216,0.14107507
0.12595786,0.12388803
0.13453002,0.12820709
0.15436496,0.14789835
0.18930557,0.18496642
0.2218784,0.24065745
0.25797352,0.27413487
0.28369683,0.31453356
0.30822513,0.35369033
0.31554008,0.39287317
0.33792362,0.41504663
0.37276328,0.4417162
0.3959876,0.46311617
0.4048849,0.4679922
0.41547915,0.47787672
0.40221366,0.47909126
0.37222937,0.4523466
0.34244186,0.43031907
0.3249051,0.401016
0.30068198,0.3650171
0.26233146,0.31402272
0.21177867,0.25484487
0.16697335,0.14891466
0.14673457,0.11529672
0.123454325,0.08846614
0.1202988,0.078102455
0.12452442,0.08486789
0.14938356,0.09845513
0.17843807,0.112948164
0.22480346,0.15481861
0.2636976,0.18348332
0.28920415,0.22594395
0.3222407,0.2586845
0.367629,0.2927426
0.40272075,0.31301165
0.4143697,0.32864133
0.40068153,0.35243896
0.4189929,0.3589278
0.42651835,0.37795103
0.43629295,0.3917497
0.44919452,0.36388865
0.42044175,0.35888073
0.3868827,0.33117682
0.37289333,0.296333
0.33099368,0.25612953
0.26604027,0.20794347
0.23078936,0.17556405
0.2029236,0.13987648
0.18472117,0.11279148
0.16719069,0.09965812
0.15872462,0.10080642
0.16579431,0.11165872
0.17461574,0.1252122
0.2010515,0.16674402
0.22545545,0.1990568
0.27340716,0.24794614
0.305648,0.29178864
0.33409047,0.3308226
0.34916133,0.35717568
0.36924896,0.38310015
0.39242938,0.40495414
0.4055768,0.41945803
0.4249862,0.44030094
0.43686792,0.45049208
0.4501374,0.42630258
0.42308846,0.40889326
0.3890149,0.38054818
0.3712534,0.3477797
0.33170328,0.2954478
0.28326502,0.24051815
0.22882886,0.2017196
0.19607465,0.16626132
0.16745992,0.14285167
0.15113758,0.12878087
0.1478326,0.13216367
0.1416847,0.1425236
0.14232926,0.17161612
0.17197645,0.21240458
0.22769603,0.24484035
0.2981659,0.28290507
0.3670084,0.33208877
0.41520366,0.36690342
0.46834612,0.39064685
0.5248369,0.4183264
0.56149274,0.42504072
0.6069865,0.43575805
0.59769905,0.4481833
0.5997081,0.43799576
0.57342744,0.42525193
0.5645855,0.3996248
0.5386431,0.36256945
0.51867247,0.33635598
0.46819267,0.28246856
0.39724022,0.22807059
0.32787126,0.2631896
0.28239113,0.22043528
0.25056955,0.192799
0.23010488,0.16853352
0.23908202,0.16959924
0.26287106,0.1869372
0.29310292,0.23031102
0.34419474,0.28111696
0.38350755,0.33005
0.4323069,0.37701955
0.4843068,0.44415963
0.5079573,0.49607977
0.55160576,0.53561074
0.6048475,0.5812094
0.5940382,0.60324985
0.51805866,0.6223854
0.46819153,0.6322092
0.4720772,0.61319524
0.4735631,0.59719795
0.43954885,0.551103
0.41163173,0.50187373
0.38728768,0.46881202
0.3423158,0.3980866
0.2757567,0.32961613
0.2203474,0.20264697
0.17731722,0.1658115
0.15461765,0.14264643
0.13684818,0.13041694
0.14654975,0.13363272
0.17777297,0.15272
0.22003254,0.1927689
0.2570694,0.23424327
0.2949887,0.26843908
0.3207719,0.2974469
0.33550966,0.34072977
0.35305497,0.37017927
0.36248502,0.3876733
0.37175593,0.4076045
0.3681515,0.413314
0.3783921,0.4223613
0.33717924,0.4317515
0.3237067,0.41828945
0.3464992,0.40067735
0.3409548,0.37921792
0.33033144,0.34207845
0.3139241,0.31885293
0.27655128,0.26917845
0.23241562,0.21257788
0.18980297,0.1561918
0.16121162,0.119898245
0.14119756,0.09750946
0.13126898,0.085186854
0.13255468,0.088848315
0.15253165,0.104986385
0.1916956,0.12702791
0.24521281,0.16853596
0.27192238,0.20959227
0.2888465,0.2526718
0.3132248,0.29597127
0.32066694,0.33070293
0.33261767,0.35454026
0.35316107,0.38451532
0.3740581,0.40594795
0.3965677,0.42353958
0.37165782,0.44640982
0.3710874,0.45534918
0.34495682,0.4309501
0.3560502,0.4108217
0.34241563,0.38253498
0.33119732,0.3514842
0.28457296,0.29948348
0.2294044,0.23982617
0.16151337,0.17886746
0.13633253,0.14105554
0.116066344,0.12124732
0.08995059,0.10139828
0.091612205,0.10436865
0.11591177,0.1153139
0.14956951,0.14124915
0.18777914,0.1832032
0.21881014,0.22968778
0.25484422,0.2789087
0.29300252,0.33330402
0.33778104,0.36996043
0.37178445,0.4051311
0.4193688,0.44761953
0.4620562,0.4702129
0.46221074,0.4943453
0.48841608,0.517285
0.51382965,0.5231993
0.4944533,0.5018281
0.49843934,0.4727805
0.46625784,0.44101894
0.41966087,0.40805477
0.35431498,0.34728324
0.2995657,0.28279766
0.2460519,0.2286863
0.20314091,0.1875414
0.16510753,0.16303913
0.15212211,0.1419975
0.14945999,0.14564809
0.1700821,0.15966274
0.19859017,0.19254947
0.24893646,0.23523712
0.30528978,0.28522283
0.38294685,0.33737314
0.42176738,0.39554763
0.45504695,0.44380957
0.46774432,0.48917517
0.49085003,0.5365741
0.47630793,0.5681958
0.47208402,0.59351873
0.4935606,0.6126632
0.51416165,0.6084539
0.5120888,0.5858187
0.46870092,0.54938066
0.4671511,0.5043416
0.4588111,0.46459177
0.4069207,0.39817882
0.3379647,0.33204874
0.28103584,0.23716287
0.23785906,0.19810173
0.20690621,0.17468381
0.18885095,0.15475313
0.19514145,0.1582374
0.19315071,0.1705937
0.20718971,0.20310459
0.23092969,0.24180675
0.26677325,0.2844178
0.32798362,0.33027998
0.42529368,0.38542673
0.5165859,0.42737734
0.5156196,0.4695235
0.4764591,0.51254785
0.50642055,0.53454477
0.50976944,0.55776715
0.5275087,0.5744164
0.50141007,0.5659634
0.5253634,0.54577154
0.49291492,0.51425046
0.4406452,0.47178137
0.4198645,0.4329962
0.38207868,0.37020117
0.33854252,0.30807498
0.28940436,0.23187251
0.2500847,0.19343917
0.21838291,0.16694415
0.1944678,0.14741798
0.18736103,0.15081772
0.19020055,0.16440703
0.19537304,0.18780905
0.21536028,0.22720441
0.2396667,0.27231115
0.27418178,0.32360595
0.30862042,0.37987298
0.3354235,0.4258647
0.35881385,0.46639723
0.36836255,0.5102187
0.39228392,0.53727823
0.39203122,0.56413776
0.4030533,0.5842128
0.4492835,0.5831251
0.48572314,0.56085384
0.47040987,0.52828205
0.44468656,0.48702592
0.38533172,0.44543383
0.32720673,0.38386738
0.27064124,0.31671423
0.22900455,0.2303229
0.19008304,0.1961892
0.16381213,0.16993232
0.15106799,0.14880727
0.15930359,0.15351838
0.18278575,0.16606562
0.20869559,0.20044726
0.24282621,0.24159944
0.28670803,0.28701854
0.32046902,0.33597475
0.3557764,0.38870966
0.37271193,0.4308489
0.3851435,0.46941644
0.39599615,0.506065
0.36778414,0.52550787
0.3993947,0.547022
0.41913778,0.5561663
0.4336428,0.55396026
0.43404552,0.53386444
0.46177667,0.49928507
0.4360699,0.45496076
0.41363558,0.42378756
0.37559593,0.36367077
0.31813547,0.2894802
0.26020098,0.26778144
0.22224118,0.23108187
0.1969086,0.20397511
0.17555007,0.18243983
0.17451991,0.18848044
0.18641815,0.19853444
0.19280106,0.23528951
0.21190359,0.27013543
0.2532026,0.31241786
0.3060393,0.36017126
0.36431718,0.4057861
0.4003313,0.45483595
0.45813346,0.50050956
0.5045188,0.54096234
0.53364176,0.5622993
0.52203786,0.58215255
0.5626769,0.58962446
0.583457,0.5833224
0.58236927,0.5595582
0.5568627,0.5292921
0.53503984,0.480174
0.4993623,0.43991506
0.45788532,0.380042
0.4063018,0.31138396
0.3413946,0.3307188
0.290981,0.28863475
0.2507521,0.26269686
0.22784033,0.23433973
0.2212093,0.2368629
0.24055198,0.24135499
0.28636464,0.2797557
0.34746948,0.3191452
0.42104754,0.36490148
0.5010912,0.42124978
0.582562,0.48563802
0.59858036,0.535858
0.6546097,0.5894582
0.6893854,0.6374837
0.73419356,0.646869
0.7667305,0.6613811
0.79172367,0.6644682
0.80470055,0.647289
0.80191636,0.6276619
0.7591109,0.59148026
0.6975805,0.5382994
0.6839106,0.4996452
0.61846834,0.43135127
0.53249294,0.35940167
0.45130107,0.41192827
0.38966116,0.3532787
0.34352908,0.32909435
0.31196076,0.29276872
0.2878996,0.28784513
0.29187995,0.29944432
0.3336712,0.34168985
0.40163296,0.39688215
0.487824,0.4532481
0.57829595,0.51997846
0.6560294,0.61326116
0.7184559,0.66772825
0.7767327,0.73076916
0.7822748,0.78059673
0.80635756,0.7848605
0.82351613,0.7763813
0.83748955,0.7733592
0.8313878,0.7497722
0.77569735,0.7179902
0.7451883,0.6699846
0.6902485,0.62290925
0.6352048,0.5826456
0.5692555,0.50513494
0.4929092,0.42628422
0.42584297,0.4181593
0.37002414,0.36315215
0.33759052,0.3304303
0.3125551,0.29952407
0.3069679,0.29543495
0.32978955,0.30895406
0.3557011,0.3465383
0.40622252,0.39709726
0.4579378,0.44697246
0.50600415,0.5146356
0.54675555,0.5962346
0.57101804,0.6554355
0.622281,0.71108454
0.68137056,0.7508469
0.7115859,0.75911385
0.7355654,0.747984
0.73787105,0.74661785
0.7312126,0.72156745
0.70527995,0.69008
0.6571383,0.6469706
0.5889672,0.59409773
0.52808595,0.54891104
0.47466743,0.48294246
0.40716028,0.40759847
0.3437578,0.3405612
0.27606812,0.2956023
0.23017903,0.26163292
0.2021159,0.2389525
0.19336177,0.24105918
0.18859312,0.24534792
0.18677635,0.27260497
0.2036908,0.30578128
0.26729804,0.3458683
0.32454917,0.3955979
0.39135358,0.4547711
0.42884335,0.51079595
0.48532328,0.54856277
0.5243903,0.5868352
0.5704163,0.5977817
0.5674638,0.61166966
0.57654417,0.6210343
0.5756127,0.60054713
0.5633779,0.5791586
0.5829619,0.5408971
0.5630163,0.49103063
0.53481,0.45011288
0.48512992,0.3978074
0.43285906,0.3319271
0.3823325,0.32633153
0.33133823,0.28609943
0.29477423,0.2563252
0.25820908,0.23396628
0.24294372,0.23819661
0.24014527,0.2408896
0.2410893,0.27492332
0.25178054,0.30453733
0.27702415,0.3360649
0.2952551,0.3817871
0.31712127,0.42846322
0.32492793,0.4727775
0.33971244,0.5081858
0.3653,0.53714037
0.41122845,0.5352898
0.46526816,0.539473
0.49600312,0.5427912
0.47192717,0.5236723
0.44620386,0.5047064
0.42883992,0.47610882
0.40023547,0.43032575
0.40069064,0.3985919
0.3623949,0.34869376
0.31041777,0.2893684
0.24821262,0.24976963
0.21668763,0.2090761
0.19174238,0.17689335
0.17690139,0.15643089
0.17661902,0.15682802
0.20311525,0.1677473
0.23338817,0.18406716
0.27793622,0.21868551
0.30896494,0.2660343
0.34700972,0.32758862
0.39099535,0.38397098
0.42955524,0.4352482
0.47653723,0.4792062
0.5102526,0.5229646
0.5492146,0.55564547
0.5406955,0.58092993
0.5657611,0.6085058
0.5912106,0.61247987
0.5782891,0.5868035
0.54124135,0.5474314
0.5115531,0.5106316
0.48371017,0.47255015
0.432397,0.41026947
0.35692978,0.34755436
0.283196,0.2854187
0.2372356,0.23871781
0.20656681,0.21058679
0.19006935,0.18538739
0.17634295,0.18375072
0.1922643,0.19450302
0.22326563,0.21616349
0.29141676,0.25153148
0.34482676,0.30785233
0.39764008,0.36914408
0.46625727,0.44434988
0.51201457,0.5006706
0.56273395,0.55584
0.5795976,0.6184932
0.62599605,0.653505
0.662742,0.69008374
0.6898959,0.7201273
0.69854736,0.71171653
0.6864986,0.6903158
0.6503099,0.6385337
0.61603725,0.5956959
0.57307893,0.5512749
0.5126883,0.47535047
0.43008286,0.40859675
0.35002208,0.35120416
0.30526412,0.29955882
0.26946616,0.27291334
0.26120433,0.24362163
0.25616872,0.24180439
0.26978844,0.2570844
0.29066783,0.29428953
0.36254776,0.3403679
0.40995243,0.40082377
0.45683634,0.46259108
0.52926385,0.54840016
0.6072746,0.6068448
0.622982,0.67038906
0.652818,0.731211
0.68333447,0.7563892
0.70733345,0.7756507
0.7377638,0.7881909
0.74857485,0.7671731
0.72274256,0.7432311
0.68428135,0.6879016
0.6427679,0.63709146
0.6137904,0.5895873
0.5570789,0.5094586
0.47362813,0.43570682
0.38915122,0.37789747
0.33712333,0.3228371
0.30825934,0.29091737
0.2900712,0.26506507
0.27417606,0.26198214
0.2797336,0.2813074
0.32355267,0.31838223
0.38032067,0.36770368
0.45650434,0.4255188
0.52640265,0.49247935
0.58746016,0.574879
0.64267206,0.63853633
0.7079786,0.70211995
0.76666373,0.75243014
0.80467945,0.77866775
0.7943767,0.7869898
0.81987464,0.79476124
0.82553715,0.7746307
0.81439126,0.7458085
0.79722184,0.6920943
0.70782346,0.6399185
0.5945994,0.5914713
0.5325728,0.5122121
0.4534384,0.44058076
0.37912735,0.4008033
0.33941013,0.3501832
0.30059984,0.3198611
0.28903416,0.29270262
0.28775245,0.2892683
0.30573356,0.30502892
0.3342074,0.34291068
0.3676484,0.390704
0.4122301,0.43292838
0.44807538,0.4929713
0.4966055,0.56510144
0.5609879,0.61445045
0.63522875,0.66839266
0.69220096,0.6992921
0.66302323,0.7006852
0.67814773,0.6900649
0.7049902,0.6839594
0.7127632,0.6627417
0.69202983,0.6335632
0.64384085,0.59541833
0.60998744,0.5484708
0.56774217,0.50762856
0.49790603,0.44237512
0.42882738,0.3710397
0.36309707,0.33248895
0.31265607,0.28795353
0.27060872,0.2565874
0.24528298,0.23197594
0.22601958,0.23159349
0.22463462,0.23460065
0.23103578,0.2570602
0.2668748,0.29002327
0.34051844,0.3331789
0.43180436,0.39239758
0.52114004,0.45185155
0.58697075,0.5070903
0.6393089,0.5517595
0.66059273,0.59088784
0.69134766,0.59998983
0.71968,0.60820246
0.6944507,0.61874133
0.6687268,0.60832536
0.61986357,0.5866872
0.6132645,0.551406
0.58534396,0.5089861
0.53319854,0.46898803
0.47700554,0.4115801
0.4215415,0.34795043
0.36859813,0.31648272
0.3237135,0.2714324
0.28441212,0.24229649
0.26724443,0.2167894
0.25352943,0.21836483
0.25762612,0.2264702
0.26284313,0.24973002
0.27485257,0.27863878
0.30693883,0.31901166
0.3580609,0.37053555
0.42293388,0.42860034
0.48204115,0.47709286
0.53602725,0.5169863
0.58702093,0.55822915
0.63247085,0.5760079
0.66069025,0.5989924
0.64239204,0.6154501
0.62875,0.60721964
0.6174456,0.58041024
0.608238,0.54523665
0.5819323,0.5002817
0.5576658,0.4630671
0.49503285,0.40704077
0.4158448,0.33909023
0.35950518,0.3563617
0.3083854,0.30712837
0.26613325,0.2789548
0.24544497,0.24953352
0.24655956,0.2459166
0.28532305,0.2534615
0.31237715,0.28075355
0.34830683,0.3203714
0.4021104,0.37156636
0.46780822,0.43664488
0.53289056,0.5111711
0.5808736,0.5650835
0.6285281,0.62124485
0.6432608,0.66923624
0.6701437,0.6805597
0.6515888,0.68595284
0.6220631,0.6968356
0.5879262,0.6855199
0.51964843,0.65951985
0.4927107,0.6154786
0.46686816,0.5749993
0.4360163,0.53402555
0.3835412,0.4651258
0.32658726,0.39701033
0.26389837,0.28277355
0.22185159,0.24181691
0.20087866,0.2127764
0.1850714,0.19260317
0.19238295,0.1921353
0.21877079,0.20254438
0.2576963,0.22353478
0.2962533,0.2499573
0.32670704,0.29851633
0.36085764,0.35318923
0.4033311,0.4134398
0.423429,0.46369374
0.46358773,0.5099275
0.4946233,0.5599473
0.5429366,0.58292836
0.5478108,0.61505306
0.5772219,0.6409492
0.6069084,0.6325426
0.58461726,0.6145807
0.58373654,0.57097614
0.5533963,0.5315617
0.53025293,0.4900286
0.46571082,0.42452416
0.3978774,0.3614643
0.3417317,0.31899968
0.28527117,0.27384737
0.25597537,0.24356246
0.2427532,0.22201608
0.24840656,0.22156951
0.27173585,0.24280412
0.30713904,0.28017056
0.3416684,0.31895024
0.3942022,0.3649986
0.43098354,0.41852236
0.4612844,0.48027447
0.48694497,0.52918875
0.53415745,0.58168924
0.5855926,0.6247033
0.63814414,0.6527329
0.6550101,0.67691964
0.62909055,0.6918848
0.64764094,0.6784925
0.6394789,0.6494069
0.6292086,0.60483223
0.58142465,0.55638117
0.5474891,0.51490796
0.47022334,0.44526693
0.38985568,0.3762647
0.3233131,0.32956305
0.26679152,0.28447562
0.22877581,0.25466812
0.21013874,0.2315151
0.20724788,0.23300424
0.21838632,0.25143048
0.2572622,0.29243222
0.30512035,0.3339729
0.35795766,0.38132435
0.40606052,0.42977595
0.45058176,0.49897286
0.49746794,0.5468633
0.5565695,0.5935418
0.62223995,0.6380731
0.67986524,0.65547144
0.7199253,0.6739333
0.74789035,0.68271774
0.7694639,0.65907127
0.7454353,0.6360441
0.70062256,0.5886072
0.66775537,0.53682333
0.6311338,0.49847808
0.4738985,0.43109268
0.3690322,0.36129916
