true,forecasted
0.14724001,0.12530372
0.12557313,0.11353862
0.10865217,0.095545724
0.10251662,0.09074236
0.109304056,0.08668378
0.13071723,0.11869675
0.16737917,0.14070399
0.20779486,0.18756244
0.23827682,0.22070688
0.25389224,0.26213712
0.27873218,0.29388145
0.29092345,0.32410657
0.30126545,0.36691383
0.3105557,0.35976905
0.3112913,0.3757032
0.30798715,0.40049165
0.31735355,0.39751422
0.31887156,0.4032079
0.3051039,0.39369118
0.28165287,0.37874562
0.26228604,0.34678015
0.26433396,0.31504065
0.21374623,0.2684549
0.17644225,0.22160904
0.13845004,0.13893524
0.10848245,0.12107747
0.095522635,0.09583354
0.09585628,0.109673835
0.09754259,0.108258605
0.119792424,0.12878792
0.16033556,0.15901312
0.19730708,0.20493732
0.22960055,0.21725364
0.24585518,0.26506382
0.2631876,0.27561846
0.2704631,0.28445548
0.2794664,0.32115626
0.28578597,0.32213312
0.28335044,0.30511388
0.28239855,0.31978628
0.29351014,0.3245429
0.28389052,0.32276097
0.27119327,0.31164026
0.2523869,0.30962756
0.25685602,0.29199257
0.26260298,0.25449213
0.2228348,0.20754065
0.17113933,0.17070039
0.12936457,0.11299915
0.10786077,0.10130267
0.10187552,0.08684768
0.08199243,0.08247956
0.10413425,0.095101744
0.12244093,0.12281338
0.15833728,0.16272211
0.19994539,0.19937254
0.2337121,0.22207657
0.2656293,0.24754423
0.2797992,0.2677485
0.28853363,0.28284597
0.30137488,0.3044738
0.31643164,0.30114013
0.31773114,0.31098783
0.31649488,0.31504935
0.31645626,0.3249391
0.32035607,0.31036937
0.31501037,0.2981496
0.2915687,0.29007843
0.2644415,0.27796048
0.25265077,0.24568285
0.21671985,0.20240374
0.16514933,0.16036789
0.12539524,0.13176411
0.10332946,0.107102215
0.075081944,0.09169975
0.06826076,0.086348034
0.06769013,0.087224886
0.07031352,0.10083049
0.077035576,0.12550677
0.10390826,0.1578538
0.13440906,0.1799796
0.16813137,0.21152778
0.19899446,0.23348206
0.22220398,0.2525428
0.24491277,0.2776506
0.26321128,0.27985254
0.2806729,0.29361132
0.3100489,0.29574537
0.3366775,0.3039351
0.34533447,0.29673395
0.34425598,0.28527823
0.32063192,0.27336732
0.29297763,0.26600808
0.26733172,0.23581116
0.22080015,0.19338855
0.17335412,0.15958807
0.1331914,0.10955755
0.100214906,0.085672244
0.08306844,0.0589583
0.0728244,0.05522538
0.062348228,0.049577903
0.062266625,0.055687163
0.06264574,0.060627077
0.082754456,0.09458858
0.11272062,0.12503968
0.15172146,0.17915054
0.19325876,0.22394378
0.23522575,0.26101905
0.26818022,0.31810436
0.2966459,0.3369455
0.28558773,0.34829774
0.2804153,0.38739017
0.26769793,0.3981756
0.25672373,0.41170382
0.2460178,0.41734594
0.23988225,0.4003077
0.21701571,0.3614911
0.21120705,0.3347795
0.1789587,0.28009123
0.14551899,0.23125072
0.128522,0.08514776
0.122834615,0.0742199
0.10363503,0.06078379
0.096153796,0.06315885
0.09529228,0.06865512
0.14216757,0.090760715
0.1831238,0.10017307
0.2243913,0.1540129
0.25552952,0.1731006
0.26520067,0.2186673
0.28403452,0.25027353
0.28215078,0.26909274
0.2971083,0.29880142
0.30476162,0.29265124
0.28529233,0.28494725
0.29231486,0.3022248
0.26358104,0.29594755
0.2555878,0.28268132
0.25320458,0.27371636
0.23846383,0.28138477
0.23662864,0.26124334
0.2359712,0.21676968
0.20415823,0.17606774
0.17793433,0.13906738
0.1428025,0.11745248
0.12229407,0.09731752
0.1110349,0.09419728
0.104975626,0.08671116
0.11420311,0.10117048
0.14271474,0.14598428
0.17278798,0.1912188
0.2106973,0.2461647
0.23839703,0.28041404
0.2516135,0.2846936
0.26444894,0.3001589
0.26301906,0.30706292
0.2717094,0.30338752
0.2872217,0.30226022
0.27419603,0.3049681
0.24963619,0.28789863
0.24229269,0.28240702
0.24886858,0.25988308
0.24087226,0.2506623
0.2270616,0.25426087
0.23125015,0.25671184
0.23879285,0.22936659
0.20082918,0.18339388
0.18059114,0.14910957
0.1547306,0.106595494
0.14058357,0.099403515
0.12890527,0.0872983
0.12514628,0.08553282
0.13055688,0.095537186
0.14415577,0.12005591
0.18879898,0.15995885
0.20465104,0.2102571
0.23471777,0.23539641
0.26287812,0.25739127
0.27308804,0.2866016
0.28151727,0.2933231
0.29095036,0.30599043
0.29145193,0.30626974
0.28429878,0.3110644
0.28745097,0.30384126
0.28319493,0.304393
0.28661066,0.28526303
0.28503415,0.2755831
0.27197745,0.27358982
0.25933743,0.26882365
0.25541228,0.23842806
0.21807833,0.19357556
0.19407858,0.15443005
0.1559812,0.12591398
0.13751307,0.11201237
0.12127941,0.097219855
0.113914125,0.09999467
0.12439799,0.10883367
0.14995603,0.12055806
0.16936761,0.16538231
0.20992899,0.22075443
0.2335514,0.24182114
0.2584045,0.27025476
0.29234496,0.3036135
0.29217795,0.31398135
0.31698096,0.33183512
0.33568463,0.3350729
0.3417954,0.34898812
0.33037958,0.35042965
0.34414074,0.3512949
0.34829932,0.32208636
0.3185627,0.3233894
0.31442744,0.31402692
0.2874248,0.299383
0.2666493,0.2688881
0.2251024,0.2202229
0.18282297,0.17632113
0.18130024,0.11830027
0.1797775,0.098225504
0.17825477,0.08125444
0.17673205,0.08375805
0.17520931,0.08673548
0.17368658,0.1143518
0.17216384,0.14958155
0.17064111,0.18242462
0.16911839,0.21185602
0.16759565,0.23383012
0.16607292,0.26484668
0.16455019,0.27674633
0.16302745,0.2846923
0.16150472,0.29492724
0.159982,0.29854643
0.15845926,0.2858561
0.15693653,0.2938984
0.15541379,0.29193476
0.15389106,0.27308896
0.15236832,0.2672831
0.1508456,0.25288716
0.14932287,0.20927952
0.14780013,0.17613226
0.1462774,0.137607
0.14475466,0.09352251
0.14323193,0.07221857
0.14170921,0.058469467
0.14018647,0.049010023
0.13866374,0.048890587
0.137141,0.06005059
0.13561827,0.061749566
0.13409555,0.07491319
0.13257281,0.096802965
0.13105008,0.13152976
0.12952735,0.18296939
0.12800461,0.20842278
0.12648188,0.23164326
0.12495915,0.25017002
0.12343641,0.2531243
0.12191369,0.28315037
0.12039095,0.2896331
0.11886822,0.30397207
0.11734549,0.31131506
0.115822755,0.30709836
0.11430003,0.28072295
0.11277729,0.2545607
0.11125456,0.22056438
0.10973183,0.18341239
0.108209096,0.0808667
0.07919671,0.06473177
0.06367958,0.05749853
0.044464488,0.050524786
0.03785862,0.048956428
0.042415515,0.071252435
0.041866317,0.07864582
0.059046067,0.13030127
0.09833139,0.15909716
0.13761494,0.19497913
0.16689666,0.2196763
0.18521412,0.2515704
0.21416621,0.27975485
0.25081712,0.29497325
0.27139983,0.28211603
0.2911209,0.30580288
0.3280011,0.3109758
0.33429608,0.31013754
0.33234766,0.31235015
0.31137434,0.312964
0.28577545,0.30980095
0.2738227,0.27703816
0.2383397,0.22791816
0.18622534,0.1919076
0.15034972,0.11613894
0.116389826,0.10153814
0.095709294,0.086354025
0.095875226,0.08527131
0.10686791,0.07880898
0.13130516,0.09970445
0.16530675,0.12715095
0.19709247,0.19332394
0.24646834,0.23459134
0.29161027,0.2769068
0.33090353,0.33417165
0.36156908,0.3657265
0.39664358,0.41553575
0.4427913,0.42711115
0.46239606,0.45459002
0.47898412,0.48734945
0.4847107,0.48184115
0.48367813,0.4769908
0.45959017,0.48864233
0.42973295,0.45904467
0.40669754,0.41521552
0.39662486,0.38347074
0.34854034,0.32644334
0.29266283,0.26392776
0.23913395,0.20245415
0.1971595,0.17938091
0.18179256,0.16075552
0.16793749,0.14321557
0.16815114,0.15564021
0.19400728,0.18357058
0.22818415,0.21508302
0.28008974,0.26162007
0.33169174,0.31225243
0.38625637,0.34219024
0.4295817,0.37779042
0.46910617,0.41088578
0.50420755,0.4294947
0.54629725,0.43718877
0.56226027,0.4632689
0.57155246,0.45705912
0.56600314,0.46916497
0.5688138,0.44054037
0.54723066,0.4118046
0.5126259,0.4082478
0.4765489,0.39676008
0.45071647,0.3477529
0.39447108,0.2961905
0.3370668,0.24749735
0.27617607,0.21767402
0.24073832,0.20434418
0.20070861,0.18124011
0.17624837,0.16850045
0.17224364,0.17319974
0.19187848,0.1890764
0.22602396,0.20435424
0.2804421,0.27352822
0.3353459,0.3236235
0.3846005,0.3716909
0.43191504,0.41525358
0.47462347,0.45966175
0.5077173,0.49333546
0.5540357,0.50212145
0.5686288,0.5209212
0.581544,0.537699
0.600834,0.54341495
0.5864809,0.5251673
0.5639858,0.5181116
0.5289293,0.503716
0.4879811,0.48537928
0.45349205,0.44375762
0.3951502,0.38613874
0.3205285,0.33192304
0.25713804,0.2589494
0.21836223,0.22715402
0.19190288,0.19727819
0.17600392,0.18816414
0.17776841,0.19085537
0.19338311,0.2072073
0.21866626,0.22990337
0.25056082,0.2889015
0.29379356,0.34476304
0.32297435,0.40240252
0.3438361,0.44426125
0.35631552,0.48744988
0.37740716,0.51626676
0.39408818,0.5497259
0.4168994,0.56623834
0.42280695,0.5781143
0.4185972,0.6064405
0.41063547,0.58427626
0.3896952,0.56882364
0.364637,0.55013716
0.34373462,0.52325004
0.34054083,0.4707783
0.30683663,0.40906352
0.25088215,0.34655038
0.20869558,0.16134226
0.17844363,0.13940461
0.15630122,0.12189084
0.15592197,0.11573789
0.15502137,0.11559728
0.17165868,0.1220548
0.21834303,0.1360149
0.2564261,0.17416142
0.2868171,0.1983908
0.30659965,0.23960978
0.33537942,0.27661014
0.34266084,0.30568627
0.3676108,0.3273186
0.37560016,0.33948326
0.37435362,0.35986087
0.36513525,0.3759107
0.3620419,0.38940918
0.36120796,0.36458182
0.34624714,0.3553869
0.3259578,0.3324423
0.31289473,0.31963083
0.2909842,0.28715086
0.2491712,0.2453526
0.21007466,0.20076858
0.17466392,0.14517629
0.14391962,0.108225375
0.11791518,0.09340729
0.11585792,0.08568404
0.114568725,0.07128425
0.11753263,0.09604552
0.12642185,0.103144035
0.15860742,0.12735268
0.19509727,0.14994009
0.21575174,0.1875597
0.2587265,0.2024316
0.28089938,0.22171634
0.2837362,0.24359694
0.29899228,0.25758386
0.3208702,0.25849596
0.34008554,0.26333854
0.37045795,0.273629
0.3985033,0.2699434
0.40011984,0.25106543
0.3951201,0.24056214
0.35613397,0.22970456
0.34407133,0.21303512
0.3025428,0.17086446
0.2455007,0.13786866
0.20029064,0.16269132
0.15522686,0.13679403
0.12479464,0.10189098
0.11442103,0.102557965
0.10395884,0.08889112
0.101546615,0.09487171
0.103947826,0.08389229
0.13144942,0.11461659
0.18082078,0.1491845
0.25000146,0.21038075
0.32182837,0.25508174
0.37355617,0.28941992
0.41517022,0.34744814
0.46517286,0.37773916
0.49623883,0.3784617
0.5143554,0.42176718
0.5365902,0.4348812
0.55358225,0.4493858
0.5295651,0.44166481
0.49382636,0.42445603
0.4499717,0.39103207
0.40141058,0.35901448
0.34868756,0.3092927
0.2881469,0.25623065
0.24056469,0.24431056
0.21074739,0.20111406
0.18549481,0.18000638
0.1761027,0.16994098
0.1852899,0.16627187
0.21456061,0.19750537
0.25147897,0.22176923
0.29953057,0.26656875
0.33566415,0.32586
0.37060198,0.37670416
0.3986986,0.41471505
0.4228047,0.44406775
0.45553285,0.4686608
0.4618298,0.502226
0.466251,0.5142159
0.45147908,0.5214114
0.4315466,0.5394546
0.42555317,0.5266496
0.41210777,0.50404185
0.38161418,0.4951105
0.344262,0.45899358
0.33712235,0.40254864
0.29683352,0.34414816
0.26054585,0.2834592
0.22161038,0.15296453
0.18757516,0.12604639
0.17601919,0.11573346
0.17261387,0.10946006
0.17078757,0.1172795
0.19048293,0.16764206
0.2296703,0.20357998
0.26261127,0.24936672
0.28124875,0.2972222
0.30221367,0.30767274
0.31482857,0.32906526
0.32443553,0.35743365
0.32978112,0.36061206
0.33432427,0.35860074
0.3301582,0.36901596
0.31953317,0.3577782
0.31041393,0.34856328
0.30584672,0.33658984
0.29969698,0.3099412
0.2894617,0.30752996
0.28421587,0.29696777
0.28030422,0.25449342
0.2425324,0.20832947
0.19714564,0.17090942
0.17979239,0.15712252
0.17095089,0.13559273
0.15077692,0.12888025
0.1471796,0.10689614
0.1471153,0.10976809
0.17993274,0.14972559
0.20630941,0.17421044
0.24156809,0.22068177
0.27698582,0.25895095
0.30893487,0.271114
0.3289448,0.30372104
0.3473016,0.3387272
0.37335056,0.34982035
0.39934823,0.35875994
0.4162879,0.37642053
0.42658475,0.3864172
0.43130675,0.38113993
0.4276784,0.37258404
0.4108163,0.35589194
0.39521796,0.33786762
0.36101905,0.3370922
0.33480653,0.31475297
0.28943837,0.26590782
0.24385488,0.2214915
0.20206757,0.2023899
0.16999699,0.17534533
0.1590716,0.15875632
0.14282654,0.14231947
0.15130693,0.14136736
0.16677786,0.16224745
0.20298676,0.17903125
0.2356192,0.23623185
0.2703333,0.2813376
0.30264014,0.34194055
0.33519727,0.3981138
0.3645697,0.45184368
0.39590538,0.50358486
0.45108017,0.52634573
0.50562954,0.5686917
0.53567314,0.5954526
0.5632342,0.6086877
0.576217,0.58536845
0.57150364,0.56302685
0.5393164,0.526458
0.50432396,0.49289033
0.46916953,0.44365272
0.41516572,0.3782971
0.3577529,0.31605497
0.29507506,0.28585935
0.24620007,0.24642442
0.22183813,0.21839851
0.20261653,0.20287004
0.19691291,0.19763382
0.21745926,0.227657
0.255295,0.24252525
0.3083634,0.28659108
0.36975005,0.33687958
0.407449,0.38725916
0.44570205,0.43576807
0.4805071,0.4804405
0.5316801,0.51609075
0.57655346,0.53377306
0.6079035,0.5535488
0.6367414,0.56500095
0.6546839,0.56950974
0.64605427,0.5613354
0.6253087,0.53650326
0.5814076,0.5131193
0.5357172,0.4746988
0.5130174,0.42792362
0.45068684,0.36867756
0.3843418,0.31272772
0.32198328,0.2962679
0.27367562,0.24817753
0.23475023,0.21394882
0.22056316,0.19054642
0.18727896,0.17135134
0.1924034,0.21000865
0.18863389,0.20509231
0.21165462,0.23758389
0.26623368,0.2947887
0.3355861,0.34069675
0.40823033,0.36421546
0.4379729,0.4146818
0.45047104,0.44632444
0.4552057,0.44585943
0.441231,0.4651576
0.43531978,0.47153336
0.42888245,0.46306866
0.4373819,0.47044155
0.43048775,0.42838925
0.42012197,0.41173312
0.39295912,0.37969607
0.3732409,0.34340924
0.34405273,0.29436606
0.2953382,0.25028878
0.24938853,0.23678368
0.21462895,0.1929398
0.18686798,0.16726589
0.16936974,0.15357774
0.16559194,0.14738695
0.15073037,0.16212207
0.15615387,0.16528656
0.17076553,0.19410191
0.2009771,0.24169631
0.23682217,0.30732962
0.2689484,0.35418808
0.2882997,0.40299383
0.29761544,0.44657418
0.30824676,0.48893738
0.34470934,0.51387155
0.39346352,0.53870654
0.4360489,0.5751208
0.453784,0.5691048
0.44889358,0.5371612
0.43119293,0.50858676
0.38557687,0.47337344
0.34902227,0.4196213
0.3046819,0.35722083
0.2542659,0.3016489
0.20245142,0.19133276
0.17227988,0.16622597
0.13827096,0.15677214
0.1359786,0.14454228
0.13574007,0.13960189
0.1372274,0.16677144
0.16187537,0.18587746
0.20112066,0.24286689
0.24188253,0.28847197
0.2842475,0.3395188
0.32359463,0.3974023
0.3587716,0.4294614
0.41036922,0.47360587
0.4314818,0.5018605
0.4536073,0.5270845
0.47768056,0.547424
0.49866062,0.55963784
0.51374733,0.54314303
0.49623054,0.5282485
0.4749583,0.50492686
0.4240168,0.4751298
0.38580868,0.43009785
0.33272475,0.36913377
0.28783366,0.30918163
0.23376198,0.22814745
0.19363491,0.18969166
0.15972595,0.1690514
0.13681406,0.16587171
0.13194272,0.15671487
0.12833415,0.18996458
0.11972906,0.2138359
0.14546403,0.2744248
0.20170976,0.3148157
0.25943834,0.37219852
0.33519074,0.4150149
0.40242702,0.4459575
0.45581424,0.4916411
0.48313072,0.52241814
0.51062804,0.53821075
0.5557038,0.5611637
0.56624395,0.5769543
0.5784331,0.5595507
0.5694306,0.5425103
0.53693175,0.5204698
0.48723304,0.4773784
0.43562406,0.44036016
0.37033916,0.37184685
0.32271808,0.31077373
0.25988814,0.2632182
0.21074928,0.2240487
0.17557387,0.19015038
0.15604609,0.18195823
0.14766532,0.17019169
0.17531556,0.20560943
0.21833391,0.22395128
0.2839817,0.28669816
0.3679479,0.332575
0.44002342,0.39330214
0.5305031,0.44222882
0.5962806,0.4813999
0.656403,0.54278976
0.7145744,0.57926667
0.72786003,0.59102786
0.73073286,0.6229285
0.7358969,0.6325921
0.73263013,0.6339753
0.73813426,0.6235867
0.7209813,0.5897392
0.671311,0.5417677
0.6285999,0.49388668
0.54630953,0.42644417
0.4552731,0.35608464
0.38511094,0.37107742
0.32464138,0.3307392
0.28524426,0.30268845
0.2579415,0.27408445
0.25679645,0.26765418
0.2758378,0.29143333
0.31091386,0.29163042
0.3744603,0.34882286
0.45302764,0.41750684
0.52168685,0.46446487
0.6104573,0.51194465
0.6658632,0.5584214
0.709359,0.5799566
0.7268958,0.5869764
0.7110902,0.6140124
0.6937058,0.6067975
0.6769569,0.6033976
0.6625769,0.57624024
0.6378349,0.53352463
0.59749895,0.5195775
0.5567497,0.49660036
0.5282049,0.4412949
0.46224114,0.37904012
0.3933329,0.32584542
0.32555535,0.30820978
0.290086,0.26970044
0.2594657,0.23311368
0.24466619,0.22317031
0.2454243,0.21044438
0.25085172,0.23803146
0.28474516,0.2500759
0.32574686,0.3067704
0.37010512,0.3691565
0.40188494,0.4382185
0.4480554,0.49750465
0.4813879,0.5572911
0.5167956,0.6094382
0.56106156,0.6426293
0.5854601,0.6574114
0.5957208,0.6771489
0.5974506,0.6809331
0.59880424,0.6670466
0.57652885,0.63394797
0.53107065,0.60019165
0.47043267,0.56137466
0.4250948,0.5106188
0.36505648,0.43723553
0.28700873,0.37088245
0.2271021,0.23460746
0.1901628,0.20540684
0.15693924,0.16958189
0.14304447,0.17416787
0.13498348,0.16210586
0.12775002,0.17866215
0.12524103,0.17780222
0.1543091,0.22847019
0.1993121,0.25721294
0.24772614,0.33565325
0.29221207,0.38342822
0.33561155,0.42971596
0.35279995,0.49474856
0.37476057,0.51766455
0.3729982,0.5214589
0.36354297,0.55372274
0.3688293,0.55455947
0.3786498,0.54430455
0.38101006,0.5088183
0.3659911,0.48452306
0.3275508,0.44992313
0.31719592,0.40260193
0.28840512,0.33827084
0.24589226,0.2843502
0.19400421,0.17810285
0.16746977,0.14965731
0.14040461,0.12997213
0.115724325,0.13295439
0.10795434,0.11653051
0.1042772,0.13706657
0.104355134,0.1351723
0.12544203,0.18588647
0.16641828,0.2088272
0.20115192,0.27475855
0.23018137,0.329047
0.27504972,0.35884115
0.31195244,0.4142716
0.3447458,0.44939452
0.37089464,0.44707975
0.37995866,0.4964744
0.39952067,0.49956465
0.40249464,0.50502926
0.40007225,0.50860023
0.38342038,0.48532555
0.35216346,0.43841475
0.33568925,0.4026074
0.29268783,0.34741163
0.24018747,0.28591585
0.18994996,0.18852669
0.15625359,0.14809753
0.13638341,0.13751528
0.12734698,0.13020957
0.1273844,0.12497158
0.15554048,0.14259909
0.19411223,0.15318002
0.25016466,0.19819649
0.30739328,0.24167526
0.35699537,0.2848618
0.40208343,0.32873505
0.4442354,0.3525673
0.4942075,0.3655527
0.53187305,0.40899765
0.5665215,0.4077394
0.58078337,0.41783482
0.60348135,0.44182402
0.6103537,0.43098053
0.59801626,0.4200155
0.561661,0.41850656
0.49972054,0.40000305
0.45656785,0.36190522
0.39219436,0.30917984
0.3235456,0.26373935
0.25565732,0.26332858
0.21314043,0.22060266
0.1935558,0.20309931
0.18015434,0.18943724
0.17766856,0.17652701
0.19754313,0.20599678
0.23343498,0.21301658
0.28497836,0.28111237
0.33794537,0.33113715
0.3896566,0.39833656
0.4502344,0.4367542
0.5029045,0.4918449
0.55649483,0.5410207
0.6015044,0.5762902
0.62082845,0.59787637
0.6357175,0.62572277
0.65230954,0.6387403
0.6565201,0.6232897
0.6337422,0.59227544
0.5900846,0.5602426
0.54786664,0.53252846
0.5076148,0.480827
0.44593087,0.40382737
0.3702803,0.34416798
0.3087256,0.30354035
0.2581323,0.2658562
0.22781487,0.23200113
0.21254894,0.21178445
0.20870683,0.19931008
0.2333857,0.23273626
0.26656237,0.24189012
0.3181395,0.31565374
0.36219028,0.3781024
0.39154983,0.45064974
0.43171453,0.48759332
0.47415978,0.55372417
0.5086242,0.61974096
0.5565428,0.6388273
0.5871617,0.6627236
0.58703,0.69060004
0.59435487,0.69588065
0.5843104,0.6908657
0.56509984,0.6645389
0.518184,0.6258716
0.48792425,0.5813839
0.4624006,0.5349307
0.40349224,0.44785362
0.34307158,0.38122714
0.29076794,0.2590999
0.25437534,0.21264604
0.22572929,0.1906391
0.22384578,0.17998621
0.21589872,0.1777811
0.24033101,0.20468186
0.2869596,0.23558609
0.3380521,0.28530636
0.37838155,0.3325637
0.41296834,0.3741271
0.4416305,0.4281816
0.4602893,0.46209136
0.48199525,0.49169835
0.5102409,0.526006
0.5250301,0.5511972
0.53531027,0.5542093
0.54610765,0.57038087
0.55751604,0.55297893
0.55464876,0.5197389
0.52547103,0.49908164
0.4734346,0.4655965
0.44425142,0.4150572
0.3823979,0.34907943
0.31567696,0.2907325
0.25925344,0.272196
0.22364669,0.23171851
0.19371665,0.20723438
0.17735814,0.19098005
0.17325084,0.18268599
0.19730175,0.22245139
0.22637963,0.23873837
0.27486485,0.27450246
0.33493006,0.32546124
0.38015375,0.38050497
0.43719265,0.4335747
0.4940553,0.47929254
0.53920627,0.5190986
0.584973,0.5522299
0.61724985,0.5617443
0.6440101,0.5696986
0.6671201,0.5766945
0.6572806,0.5712096
0.6349075,0.53455925
0.61333084,0.508779
0.5436684,0.4759699
0.5145827,0.42508844
0.42898703,0.36367476
0.35658985,0.3035024
0.2958076,0.28688675
0.25247785,0.24257982
0.22326602,0.19962612
0.20702703,0.18365088
0.18722484,0.16866018
0.19516915,0.1765091
0.19000836,0.16212068
0.21459022,0.19561397
0.27377132,0.25892955
0.32531518,0.3512087
0.36060226,0.43495008
0.40543368,0.5096855
0.4230995,0.5897995
0.43338215,0.6336909
0.4442719,0.65130514
0.43431023,0.67984074
0.41360766,0.6947136
0.40497154,0.68891674
0.3736238,0.6634707
0.3562653,0.62165624
0.32371733,0.5669133
0.31951195,0.5128091
0.29663536,0.43978715
0.2484415,0.3701569
0.2071065,0.18009537
0.17093585,0.14820202
0.15510914,0.12706992
0.14314076,0.12672651
0.12903447,0.12413235
0.13052075,0.12421309
0.12006767,0.13143618
0.14235659,0.15164775
0.17646748,0.17469396
0.22156395,0.2262679
0.27005994,0.28009033
0.32208845,0.30455562
0.38313067,0.32757
0.43425432,0.36017877
0.46781248,0.3751314
0.48294136,0.38430637
0.50072914,0.40648395
0.50762707,0.39022365
0.49354875,0.37532946
0.46352515,0.35822627
0.42348418,0.33650282
0.40634352,0.282918
0.34719536,0.24536131
0.29005307,0.19815005
0.24293698,0.22347587
0.21176726,0.18427028
0.18312013,0.16684362
0.16826957,0.15042591
0.18837829,0.14812462
0.21600378,0.17913102
0.25789922,0.19077997
0.30131176,0.23993237
0.36054802,0.29179308
0.40274775,0.34731004
0.4534686,0.40437937
0.49429348,0.4499717
0.5481625,0.49001417
0.59755,0.5325321
0.62460375,0.5580645
0.63824826,0.5838755
0.6333947,0.60832804
0.6217261,0.6013155
0.6170299,0.57333183
0.5659236,0.551618
0.5100636,0.5145535
0.47052658,0.46176088
0.40606058,0.39343417
0.3393131,0.331259
0.28090528,0.28313258
0.23654597,0.23960006
0.21348733,0.21952379
0.196839,0.2001681
0.19082154,0.19191656
0.21483989,0.22289194
0.24850924,0.237022
0.2938073,0.28514186
0.33695036,0.34634945
0.3804868,0.40472507
0.43143693,0.48356465
0.4713136,0.5443794
0.5045193,0.5868872
0.5447515,0.6290005
0.5783735,0.6692596
0.59390163,0.6890761
0.5959673,0.69644594
0.59181416,0.68208516
0.571202,0.6416363
0.5253032,0.6098892
0.4818831,0.5652364
0.43864682,0.51022345
0.37717077,0.4409336
0.31192636,0.3729508
0.254458,0.26012218
0.20527415,0.22533068
0.19016966,0.19969372
0.17687847,0.19075039
0.16111168,0.18418086
0.18919338,0.20884743
0.22150604,0.2377323
0.2747174,0.28245986
0.31607133,0.32303873
0.36570764,0.37043262
0.415291,0.42057535
0.4609111,0.45529935
0.5092774,0.488986
0.55469954,0.50862324
0.58207667,0.5377092
0.60033256,0.55041426
0.62788725,0.5565526
0.6326309,0.54065305
0.6167986,0.5259009
0.58020586,0.49338263
0.5153941,0.45648435
0.47486117,0.41274908
0.4079429,0.35667533
0.3346548,0.29516628
0.26558644,0.29832464
0.22523873,0.2595644
0.19759381,0.23726195
0.19118787,0.21941617
0.18964167,0.21582235
0.20782483,0.24409774
0.23961304,0.2478623
0.29642573,0.29588664
0.35024583,0.35025853
0.4167858,0.40190077
0.47988635,0.45016384
0.54590046,0.48910022
0.5943107,0.5121981
0.6570182,0.5365806
0.6881628,0.55412257
0.70917743,0.56151456
0.7173901,0.5705728
0.7050717,0.5510587
0.6308232,0.5072591
0.54635125,0.4999425
0.4750516,0.47622666
0.42629153,0.4163276
0.37055838,0.36077732
0.3131599,0.30766672
0.31134555,0.25975692
0.30953118,0.22110544
0.3077168,0.18809703
0.30590242,0.17985642
0.30408806,0.18507423
0.3022737,0.19934219
0.30045933,0.21646607
0.29864496,0.26038766
0.2968306,0.3018307
0.2950162,0.37609345
0.29320183,0.4355229
0.29138747,0.49424037
0.2895731,0.55194545
0.28775874,0.5855785
0.28594437,0.60511774
0.28413,0.6170079
0.2823156,0.6357273
0.28050125,0.60564625
0.27868688,0.5658516
0.27687252,0.54210275
0.27505815,0.5106941
0.27324378,0.4476078
0.27142942,0.37314713
0.26961502,0.3163769
0.26780066,0.19608247
0.2659863,0.1670464
0.26417193,0.14226298
0.26235756,0.12606078
0.2605432,0.11753038
0.25872883,0.13094997
0.25691444,0.12956844
0.25510007,0.14969061
0.2532857,0.17731547
0.25147134,0.22437519
0.24965698,0.25838536
0.2478426,0.30487946
0.24602823,0.3431618
0.24421386,0.36471254
0.2423995,0.3730936
0.24058512,0.40228385
0.23877075,0.41406867
0.23695639,0.42127842
0.23514201,0.40251362
0.23332764,0.38007003
0.23151328,0.36367312
0.22969891,0.32725593
0.22788453,0.27768865
0.22607017,0.23231326
0.2242558,0.14998046
0.22244142,0.116600454
0.22062705,0.11393291
0.21881269,0.10201039
0.21699832,0.09946544
0.21518394,0.13192332
0.21336958,0.14205664
0.21155521,0.17638852
0.20974083,0.20786414
0.20792647,0.22869182
0.2061121,0.27473092
0.20429774,0.29160473
0.20248336,0.2991316
0.20066899,0.32936245
0.19885463,0.32117853
0.19704024,0.3344253
0.19522588,0.33648938
0.19341151,0.3410696
0.19159715,0.32265818
0.18978277,0.32711825
0.1879684,0.31926516
0.18615404,0.28746417
0.18433967,0.24743506
0.18252529,0.20893294
0.18071093,0.111977614
0.17889656,0.09298011
0.17708218,0.086041525
0.17526782,0.0926336
0.17345345,0.100097016
0.17163908,0.13386345
0.1698247,0.16934577
0.16801034,0.22049467
0.16619597,0.2316865
0.1643816,0.26622003
0.16256723,0.30060536
0.16075286,0.31717744
0.1589385,0.34636754
0.15712412,0.36025828
0.15530975,0.35251886
0.15349539,0.3669398
0.151681,0.3691531
0.14986664,0.35574573
0.14805228,0.35187507
0.14623791,0.34905145
0.14442353,0.32580772
0.14260916,0.28463277
0.1407948,0.23048691
0.13898042,0.19100691
0.13716605,0.081577055
0.10781659,0.066570885
0.1012645,0.06623513
0.09289024,0.06986693
0.079728015,0.085370004
0.08017417,0.09270492
0.09025026,0.124443464
0.10068806,0.17422996
0.13630536,0.19354685
0.18621752,0.21632712
0.23007263,0.26288024
0.27597803,0.2616819
0.33579928,0.2682197
0.37398314,0.27113667
0.40985945,0.282532
0.4555416,0.2753171
0.48394012,0.27700248
0.4950278,0.24178624
0.4823191,0.2470004
0.4418849,0.25336692
0.4160458,0.24091019
0.38616127,0.20860784
0.33266175,0.16804856
0.27118462,0.13487503
0.2257519,0.2117089
0.18284322,0.16732979
0.15368563,0.15077336
0.12768559,0.12725148
0.10741663,0.1365755
0.10462363,0.15551758
0.11095543,0.1869467
0.12773593,0.23083569
0.18632884,0.29785186
0.26165584,0.32800445
0.3415352,0.38451186
0.42130136,0.42340735
0.477989,0.43368414
0.51016885,0.4732855
0.5378948,0.5112294
0.5703889,0.50810355
0.6013407,0.5364755
0.60495186,0.5168951
0.5740234,0.50474685
0.53197753,0.4887251
0.49926338,0.46121922
0.43623698,0.4158739
0.3906003,0.35143948
0.33026493,0.29183245
0.2701392,0.225097
0.22778158,0.18530679
0.20330015,0.16265029
0.18377759,0.14034298
0.17111683,0.14352185
0.17735139,0.16429298
0.17529993,0.20046262
0.18315567,0.2569698
0.2368468,0.3070533
0.31927353,0.3437497
0.41391644,0.37796482
0.49767464,0.42990863
0.5533664,0.46150136
0.6012218,0.49835157
0.6138309,0.52935046
0.6503149,0.53334326
0.65666026,0.5585344
0.67582655,0.53648347
0.66518104,0.50736517
0.615492,0.48046383
0.57924545,0.46854976
0.5159367,0.42396405
0.43509606,0.34768742
0.3623279,0.28745896
0.301504,0.27731106
0.25672552,0.23544905
0.22879955,0.20072582
0.20635986,0.18247202
0.21664819,0.1786569
0.24350372,0.1855612
0.30891913,0.19863375
0.3481026,0.23886885
0.41543195,0.3030967
0.48652977,0.35767877
0.5662069,0.42866224
0.6512852,0.46760997
0.71252096,0.5049088
0.744396,0.55211824
0.7678127,0.57540005
0.77096295,0.5868034
0.7785009,0.6131184
0.77180314,0.6024988
0.7522388,0.58181065
0.74607694,0.57360697
0.71335286,0.53748894
0.6354709,0.49028268
0.55545676,0.42635894
0.47513428,0.35976592
0.40743873,0.3742433
0.35376307,0.3169795
0.3194274,0.27966753
0.30314198,0.2523638
0.29824042,0.24462831
0.32279292,0.262051
0.37614155,0.27069286
0.42235547,0.3051502
0.47182006,0.37959123
0.53263104,0.43677106
0.6020927,0.50000674
0.6550259,0.5492689
0.6929303,0.5774278
0.692761,0.61699843
0.65613914,0.6379548
0.6270469,0.6294359
0.6352211,0.6502233
0.63354343,0.6386193
0.6422436,0.5910142
0.63752156,0.57940465
0.6157353,0.5429061
0.5617298,0.48160946
0.48531544,0.4156276
0.4218238,0.35286048
0.3633435,0.33026612
0.31703532,0.2868443
0.28568485,0.25426304
0.26932266,0.23470077
0.26811308,0.22799353
0.2945564,0.24807763
0.35032257,0.2518436
0.37622705,0.29363626
0.40489504,0.34698093
0.43294263,0.4095103
0.47471017,0.47449142
0.5162628,0.52387244
0.54752994,0.58058465
0.5703264,0.59459203
0.5765248,0.61554736
0.5668779,0.6246553
0.57343096,0.621322
0.5640486,0.6086858
0.53014106,0.5688711
0.50093406,0.5552001
0.49984798,0.5159455
0.4498033,0.45947847
0.38105056,0.39497906
0.31974515,0.34115204
0.27474108,0.27634165
0.23396592,0.23460788
0.20266496,0.21211761
0.1906388,0.199049
0.19461712,0.18557741
0.2189511,0.21163926
0.27248317,0.2106586
0.30890277,0.24274088
0.32653874,0.28430644
0.34263515,0.3376338
0.3543431,0.38996735
0.36827752,0.43438065
0.37245113,0.47879708
0.38775128,0.48864043
0.3871675,0.50457996
0.3815429,0.5217689
0.38778764,0.5076297
0.38056815,0.4945468
0.35759515,0.46156836
0.33381912,0.4408336
0.3259873,0.40946597
0.29709122,0.36774978
0.25787577,0.31414688
0.21727414,0.26596224
0.17571825,0.1543487
0.13919276,0.12134568
0.12440036,0.10239355
0.11127581,0.105400704
0.105765134,0.09857056
0.12467502,0.11770394
0.1373179,0.11919934
0.14919494,0.15448393
0.1781435,0.18327434
0.20040399,0.23136856
0.2216362,0.25998425
0.23727922,0.28204992
0.25073802,0.31419232
0.2583545,0.33474147
0.2723478,0.33238617
0.27509236,0.36049247
0.26712707,0.36874795
0.252297,0.36361232
0.23962843,0.3464703
0.2531648,0.33545712
0.25694224,0.31657067
0.22491445,0.2848311
0.19887236,0.23439154
0.16836445,0.19383596
0.13288619,0.10673631
0.10709684,0.08091134
0.0902839,0.07040315
0.0781027,0.056907274
0.076629214,0.049053703
0.0802758,0.06552792
0.09849779,0.06084271
0.10471163,0.075684644
0.13091396,0.10097632
0.15376273,0.12773669
0.18783727,0.16767843
0.21672447,0.18780202
0.2312563,0.20625496
0.24484657,0.21191275
0.2583334,0.21680127
0.28109264,0.23045215
0.29494348,0.22693299
0.3008347,0.22601734
0.29631215,0.22567397
0.28583714,0.22124024
0.28537607,0.2065026
0.25641224,0.19448487
0.20746335,0.16579375
0.170421,0.13343138
0.13881128,0.10669968
0.11517217,0.08702878
0.103554845,0.076571286
0.102603674,0.07562607
0.11098966,0.07615435
0.13702345,0.09753364
0.19788896,0.113555364
0.23506361,0.169838
0.25545964,0.19788678
0.27652842,0.23445928
0.31325963,0.2768433
0.33951646,0.306384
0.36005804,0.3293499
0.388194,0.34793517
0.40696377,0.3457257
0.41679007,0.3652863
0.43376055,0.36514875
0.42538616,0.35212627
0.41672173,0.35435933
0.38730976,0.34943703
0.37633803,0.32737508
0.32721668,0.29331103
0.27654323,0.24250229
0.22244632,0.2000469
0.22096732,0.14276809
0.21948832,0.1172912
0.21800932,0.09547332
0.21653032,0.10583723
0.21505132,0.10116156
0.21357232,0.1410929
0.21209332,0.17837094
0.21061434,0.2416038
0.20913534,0.2691003
0.20765634,0.32224146
0.20617734,0.359892
0.20469834,0.38717416
0.20321934,0.43793142
0.20174034,0.44843978
0.20026134,0.45858213
0.19878235,0.4816786
0.19730335,0.48356593
0.19582435,0.4806141
0.19434536,0.46723074
0.19286636,0.44990295
0.19138736,0.39674583
0.18990836,0.34910432
0.18842937,0.28709137
0.18695037,0.2351956
0.18547137,0.11916665
0.18399237,0.10372463
0.18251337,0.080658354
0.18103437,0.08101509
0.17955537,0.08223385
0.17807637,0.106100984
0.17659739,0.1412265
0.17511839,0.16650893
0.17363939,0.19343926
0.17216039,0.22110581
0.17068139,0.27597988
0.16920239,0.29171267
0.16772339,0.32212874
0.1662444,0.334157
0.1647654,0.34581605
0.1632864,0.36045516
0.1618074,0.365867
0.1603284,0.37071243
0.1588494,0.3678107
0.1573704,0.35245982
0.1558914,0.3141933
0.15441242,0.28076938
0.15293342,0.2423808
0.15145442,0.19155334
0.14997542,0.094704576
0.14849642,0.076899424
0.14701742,0.080506325
0.14553842,0.074497946
0.14405942,0.08525583
0.14258043,0.124573566
0.14110143,0.15204282
0.13962243,0.20605336
0.13814344,0.24346301
0.13666444,0.25376928
0.13518544,0.305408
0.13370644,0.3088539
0.13222745,0.30213293
0.13074845,0.30101913
0.12926945,0.30391833
0.12779045,0.29757893
0.12631145,0.283059
0.12483245,0.2631792
0.12335346,0.26542598
0.12187446,0.28493005
0.12039546,0.26317978
0.11891646,0.2329393
0.11743747,0.19866632
0.11595847,0.163343
0.11447947,0.053110294
0.11300047,0.047327008
0.111521475,0.048221134
0.110042475,0.058662213
0.108563475,0.06941974
0.107084475,0.092958085
0.10560548,0.116330214
0.10412648,0.1811577
0.10264748,0.20183378
0.10116849,0.23692988
0.09968949,0.27524
0.09821049,0.2879827
0.09673149,0.3034446
0.0952525,0.29662934
0.0937735,0.2969177
0.0922945,0.30825904
0.0908155,0.2962597
0.08933651,0.27480322
0.08785751,0.28481144
0.08637851,0.29699725
0.08489951,0.27717325
0.083420515,0.23123525
0.081941515,0.18854487
0.080462515,0.16061701
0.078983516,0.061648645
0.059892897,0.050846905
0.05117955,0.041049205
0.040120665,0.045328073
0.043561872,0.043773197
0.050507415,0.056518372
0.057419796,0.045471217
0.06507135,0.09402196
0.08447986,0.10717576
0.1187253,0.14236994
0.14315414,0.19715632
0.16281646,0.21967971
0.17909989,0.24277669
0.1943311,0.23041254
0.20966843,0.23069297
0.22377092,0.26305017
0.23460703,0.23099825
0.2464367,0.22866923
0.24028683,0.23795408
0.23796237,0.24382117
0.24613717,0.22008668
0.2088962,0.19546291
0.17198083,0.16262236
0.13447633,0.14078437
0.116565704,0.10026459
0.09533586,0.09013721
0.090685286,0.080642626
0.0912417,0.07092131
0.09796755,0.07497594
0.12562726,0.09372058
0.18273781,0.110665075
0.22492333,0.17381404
0.24490401,0.21059914
0.27105078,0.24665037
0.29219073,0.2861726
0.29965624,0.32297075
0.30838248,0.34446684
0.3078148,0.34983325
0.31364632,0.37360623
0.30615845,0.3936831
0.305576,0.3926045
0.3063803,0.37095678
0.28979322,0.3830986
0.2880028,0.36609277
0.2902384,0.34553388
0.25340226,0.32022646
0.20803292,0.26857948
0.16897511,0.22234927
0.12508848,0.11736616
0.10468841,0.10168889
0.09530909,0.08717835
0.09935623,0.0827258
0.10317975,0.09458235
0.13466145,0.12960063
0.19436343,0.17969795
0.23787236,0.22698241
0.2578894,0.26074082
0.2678428,0.28090736
0.27268738,0.3053433
0.2848102,0.32494718
0.2992745,0.3386397
0.31049055,0.3358533
0.3023006,0.3547237
0.29523104,0.35173583
0.29427904,0.3531186
0.29919422,0.33423883
0.28530845,0.32537764
0.29184324,0.3152552
0.2929034,0.29560164
0.24638909,0.2612776
0.21245348,0.21258135
0.16966927,0.1668876
0.13869023,0.114044555
0.12181297,0.10169394
0.11497284,0.07559042
0.10336286,0.070579775
0.112985454,0.07333174
0.13857168,0.09694404
0.19957659,0.123713516
0.23776576,0.15491973
0.26028067,0.1790733
0.27656963,0.21615595
0.2960357,0.23955643
0.31113142,0.26335925
0.32548064,0.29967454
0.35067376,0.29508653
0.36262414,0.30763656
0.37241596,0.31986928
0.37165084,0.32722294
0.3675426,0.33155897
0.35456467,0.3224876
0.34015188,0.31042394
0.33519417,0.28721222
0.2912918,0.25561014
0.23229666,0.21406993
0.18437545,0.17395322
0.1533507,0.1429897
0.12192987,0.12133699
0.11452076,0.1002028
0.09997163,0.093931206
0.113761455,0.10220747
0.13814092,0.120693855
0.1999384,0.14985164
0.23610502,0.17324217
0.2559951,0.20102696
0.27992332,0.23320088
0.30779752,0.26211238
0.33645484,0.27821082
0.36593458,0.30327886
0.3995523,0.3009688
0.41675124,0.32138243
0.4361126,0.32097578
0.4465985,0.3287319
0.43703404,0.3200377
0.41314718,0.30690104
0.3934993,0.30082926
0.37719077,0.27905563
0.34416547,0.24339573
0.28699914,0.20389731
0.22421364,0.16265564
0.18933587,0.16995093
0.14614458,0.1500178
0.12924422,0.12580359
0.12165107,0.1209707
0.129212,0.13115105
0.15685503,0.14217842
0.21650785,0.16914867
0.23965757,0.21764727
0.27714914,0.24355738
0.29429325,0.28837013
0.32922006,0.29750174
0.35000068,0.3216646
0.37208244,0.35122585
0.3938308,0.3541636
0.4000353,0.36043382
0.4069349,0.3623942
0.40419587,0.38018584
0.38269114,0.350272
0.35492697,0.32517293
0.31926253,0.3206551
0.2986411,0.32038036
0.26208138,0.27946565
0.21061651,0.22469097
0.16795832,0.18199795
0.13237572,0.107453756
0.11081023,0.08892115
0.0927641,0.06467644
0.08229255,0.0638432
0.079507135,0.064156726
0.08980079,0.062071387
0.11415195,0.06643032
0.122603066,0.08533652
0.1479485,0.09039685
0.16672918,0.124366336
0.18296795,0.13478172
0.19253948,0.15227205
0.19453658,0.17509523
0.20710638,0.17219695
0.21740691,0.17008682
0.22685102,0.17801656
0.23515788,0.19044925
0.23224775,0.18106326
0.22944409,0.18549874
0.2281858,0.17746244
0.22226605,0.17854024
0.18964759,0.16367646
0.15557282,0.1325343
0.122990124,0.10605899
0.09541758,0.087569796
0.074337326,0.072811306
0.05866067,0.055219635
0.05863485,0.048463143
0.05410721,0.048101764
0.062436227,0.054772872
0.0751915,0.03841079
0.081173316,0.060916282
0.10977165,0.08172155
0.14062195,0.12433657
0.16041645,0.153924
0.1720879,0.18203989
0.1850008,0.20325592
0.19580233,0.21177071
0.19502288,0.19802257
0.19698055,0.2179906
0.21116038,0.22933166
0.22083533,0.23399033
0.22208911,0.22983032
0.24749364,0.23915336
0.24481553,0.23116674
0.21183334,0.20788373
0.17776935,0.17436387
0.15037909,0.14934064
0.13046509,0.088573284
0.11109293,0.079093836
0.09836633,0.06576103
0.09922938,0.073567756
0.10533035,0.08521985
0.13543935,0.11840484
0.2020145,0.15655927
0.24422465,0.21647039
0.26859415,0.2404323
0.29232767,0.27332473
0.31279927,0.27920568
0.3302057,0.299046
0.33281252,0.31426862
0.34570304,0.31355155
0.34310085,0.3009995
0.3490143,0.3045101
0.33888125,0.31013298
0.32694983,0.29874793
0.3266232,0.30259645
0.33910298,0.30113325
0.3351808,0.28659427
0.30746198,0.24635078
0.2674049,0.19675478
0.22378336,0.16025339
0.18326154,0.16870493
0.15831643,0.14681923
0.14074607,0.12887803
0.13707604,0.11972643
0.14800927,0.12815009
0.17383592,0.16771264
0.23982279,0.19994234
0.2731064,0.24938022
0.29512575,0.2812292
0.3165259,0.30502233
0.33197162,0.30039477
0.33672062,0.3266557
0.3438143,0.33447364
0.3530346,0.33036873
0.3386754,0.32257593
0.34273037,0.31402326
0.33912465,0.32088754
0.33186892,0.31255868
0.3214187,0.2916
0.3284296,0.29572532
0.311703,0.29625988
0.28946337,0.26214004
0.2423429,0.21594794
0.20072566,0.18152368
0.15567313,0.161383
0.13409899,0.13798833
0.1289736,0.12986133
0.12289253,0.12665778
0.12572071,0.12599559
0.16163991,0.17275852
0.21711472,0.21132727
0.25666428,0.2528475
0.27012768,0.27508426
0.28525943,0.30021152
0.30710763,0.30349505
0.31369466,0.3209783
0.3240036,0.34468773
0.32922137,0.3236108
0.331455,0.34128
0.3221947,0.34012228
0.32965472,0.33481932
0.32173136,0.32775268
0.3211863,0.31303948
0.32931268,0.29906353
0.3325573,0.27819943
0.29561725,0.2512039
0.24692479,0.20980191
0.20815478,0.17502351
0.17504102,0.17372838
0.14028618,0.1552015
0.13132021,0.13950951
0.12557183,0.13551137
0.13218172,0.14632414
0.16273819,0.17071863
0.22559664,0.20445599
0.25927487,0.25617653
0.27825016,0.28317878
0.29595232,0.31902045
0.30441162,0.33089602
0.31260455,0.35522774
0.30864197,0.3690863
0.30850294,0.36662897
0.30875129,0.38319305
0.30517116,0.37590715
0.3008264,0.38903064
0.2879495,0.35607114
0.28632927,0.32478008
0.30236644,0.3191125
0.29511723,0.31281817
0.2622696,0.26616955
0.22405446,0.2182238
0.18290658,0.1795455
0.18134432,0.13862008
0.17978205,0.11673842
0.17821978,0.10200669
0.17665751,0.10309974
0.17509525,0.11602579
0.17353298,0.1424282
0.1719707,0.18327115
0.17040843,0.21679439
0.16884616,0.24111299
0.1672839,0.2606349
0.16572163,0.28006268
0.16415936,0.28173485
0.16259709,0.28022137
0.16103482,0.2822824
0.15947254,0.28112707
0.15791027,0.2655365
0.156348,0.27656603
0.15478574,0.25535473
0.15322347,0.24192345
0.1516612,0.2456646
0.15009893,0.23421031
0.14853667,0.20307006
0.14697438,0.16423345
0.14541212,0.12949172
0.14384985,0.09201599
0.11146862,0.07245176
0.0998815,0.06157455
0.07307466,0.05080825
0.068731904,0.05502622
0.073838465,0.0557508
0.10737612,0.049859427
0.12704164,0.06514664
0.15309215,0.08355594
0.18077199,0.11560173
0.20259295,0.13945839
0.22055143,0.16004804
0.22936249,0.17102402
0.2372585,0.1805633
0.25393975,0.17674594
0.27169806,0.18729597
0.28168106,0.20396212
0.28234655,0.19340055
0.26626354,0.19387862
0.2590129,0.2009805
0.24218787,0.20336485
0.2132996,0.18542318
0.17980163,0.15377672
0.14136195,0.12878792
0.10555419,0.09674836
0.0839489,0.079387814
0.06648798,0.062336862
0.053891182,0.051185362
0.057544038,0.04642837
0.06298756,0.05435641
0.07192333,0.0532776
0.08863169,0.07775596
0.1137078,0.09866936
0.1433504,0.13599035
0.16223387,0.16064619
0.18893081,0.18487976
0.22077729,0.22085613
0.24510902,0.21924162
0.2598537,0.22335772
0.28954175,0.24554023
0.31186253,0.2465301
0.31494132,0.2506862
0.3100322,0.25180763
0.31207347,0.24687076
0.29551232,0.23913349
0.25626194,0.22310889
0.20985402,0.18601854
0.17169528,0.15503821
0.13380018,0.107784666
0.11564355,0.08942084
0.11000319,0.0659868
0.10402552,0.07214389
0.114754915,0.08092758
0.15238115,0.09782335
0.20995611,0.1439838
0.24596497,0.19199948
0.2732567,0.23222765
0.2957647,0.27461362
0.3239953,0.3147356
0.36148736,0.32617575
0.39463025,0.360961
0.42487678,0.3829511
0.43839195,0.39265284
0.45348862,0.4040553
0.472319,0.42726475
0.46523738,0.41939124
0.44439495,0.4253218
0.43491462,0.41557953
0.40646917,0.37223104
0.36208582,0.3313165
0.29549196,0.27676994
0.2395704,0.21872158
0.193938,0.19911665
0.17160526,0.1735886
0.14804113,0.15078622
0.14233716,0.15092775
0.14611438,0.16526538
0.17217861,0.17586726
0.22973011,0.22239839
0.2625646,0.27604616
0.29660597,0.32191047
0.33000863,0.35502636
0.36103624,0.39238188
0.39474836,0.40423262
0.4393084,0.41826943
0.4930641,0.42696315
0.51623136,0.44113725
0.53425,0.42578736
0.54501253,0.43660587
0.5419617,0.4029531
0.50807774,0.39579046
0.49467534,0.40055904
0.46158192,0.3778111
0.4050187,0.33248278
0.34510055,0.27605313
0.27104262,0.22579074
0.21956792,0.22322705
0.19005786,0.19514808
0.16358714,0.17290121
0.13959865,0.15725908
0.1449345,0.16326687
0.16305998,0.1932534
0.22093469,0.22691159
0.2558757,0.2811625
0.28384218,0.3400635
0.31103218,0.38718504
0.34722307,0.44135073
0.38858983,0.47940648
0.4264012,0.51946914
0.46553454,0.53449345
0.48360127,0.55966085
0.48344103,0.56859726
0.48932597,0.57562625
0.45900863,0.55559635
0.45007086,0.5401445
0.4531307,0.52228385
0.42563784,0.48709878
0.37372708,0.44844395
0.32245538,0.38488275
0.25530297,0.3229686
0.2188901,0.1883108
0.1847316,0.15738341
0.16867901,0.13657628
0.1583419,0.13288736
0.16124243,0.13500458
0.19295745,0.1588201
0.2530524,0.18582548
0.2946527,0.22110254
0.31553057,0.25454384
0.32881334,0.29381123
0.35159177,0.3183939
0.36648437,0.33407354
0.39796546,0.36294132
0.42128277,0.36923903
0.42484894,0.37709573
0.40776086,0.378966
0.4010105,0.3904816
0.38515443,0.37981442
0.37131545,0.36007273
0.37519345,0.35722798
0.35618135,0.33787778
0.31832746,0.29817897
0.26444456,0.25215095
0.20971379,0.20992552
0.20727682,0.16136962
0.20483986,0.13242975
0.20240289,0.112794474
0.19996592,0.10708315
0.19752896,0.104180515
0.195092,0.12173577
0.19265503,0.13096716
0.19021806,0.16660929
0.1877811,0.18712299
0.18534413,0.22620851
0.18290716,0.24539427
0.1804702,0.26625204
0.17803323,0.29401922
0.17559627,0.30050734
0.1731593,0.29740193
0.17072235,0.3071898
0.16828538,0.31347185
0.16584842,0.29560214
0.16341145,0.27543783
0.16097449,0.27194604
0.15853752,0.26630795
0.15610056,0.24066912
0.15366359,0.19511378
0.15122662,0.15876602
0.14878966,0.11156938
0.1463527,0.09309327
0.14391573,0.08004672
0.14147876,0.06532336
0.1390418,0.07296957
0.13660483,0.07315979
0.13416786,0.06457395
0.1317309,0.068768315
0.12929393,0.09917052
0.12685697,0.13329071
0.12442001,0.16379485
0.121983044,0.18222076
0.11954608,0.19050866
0.11710911,0.21080142
0.11467215,0.19492641
0.11223518,0.19760287
0.109798215,0.22469048
0.10736125,0.23279792
0.104924284,0.23015851
0.10248732,0.24345812
0.10005035,0.2472917
0.09761339,0.21583906
0.09517642,0.18776946
0.09273946,0.16099517
0.0903025,0.062960945
0.0734976,0.05864329
0.0645931,0.06342856
0.060427643,0.063552774
0.06322585,0.07127382
0.06315645,0.0628878
0.08631375,0.06568509
0.10391135,0.11268355
0.13095175,0.121573284
0.1464023,0.14494208
0.15133002,0.16360788
0.16456224,0.16377378
0.16145054,0.1629279
0.1638162,0.14768004
0.1643815,0.14801832
0.16332138,0.15092973
0.17206599,0.14662641
0.1906639,0.118921876
0.19384834,0.13961455
0.22640924,0.14795116
0.21971668,0.16090427
0.19418542,0.15327422
0.1654825,0.12422617
0.14355838,0.104348235
0.11813702,0.06435772
0.11207005,0.056947578
0.10642057,0.053752944
0.10018707,0.07481194
0.11513024,0.081199706
0.15322751,0.099772766
0.20715576,0.13274264
0.26359028,0.19785555
0.2866841,0.21057199
0.2905383,0.23838094
0.29955107,0.25828123
0.29776773,0.24744868
0.30014667,0.24964592
0.30707175,0.23294735
0.29941154,0.23019578
0.28168222,0.22395787
0.26809505,0.21584685
0.28067955,0.19862871
0.28058645,0.21794847
0.30022898,0.22766301
0.29192615,0.20492156
0.25492194,0.17497592
0.21912828,0.14400764
0.18537293,0.11637317
0.15978459,0.11380329
0.1437005,0.1120138
0.13104649,0.10628937
0.1323062,0.11507093
0.13549715,0.13288866
0.18011394,0.1593807
0.24996343,0.20692341
0.29829904,0.26913378
0.3121687,0.28926846
0.31377295,0.31394395
0.29478845,0.31914234
0.28984284,0.31769043
0.29754993,0.32648018
0.29545772,0.3078428
0.28413296,0.30031288
0.27764493,0.2903984
0.27572352,0.2889326
0.284204,0.26675686
0.2899743,0.2656167
0.3029122,0.2822734
0.28621367,0.27852938
0.24582912,0.24360721
0.21362993,0.1984296
0.1677411,0.16903007
0.1433356,0.15558457
0.13306077,0.13928184
0.12476432,0.13115607
0.1226251,0.13054237
0.1412267,0.14420904
0.16649242,0.17113537
0.2296285,0.21048218
0.28062046,0.26113015
0.29286537,0.29905722
0.28326598,0.3191946
0.2874761,0.35177052
0.27921116,0.35013995
0.2723831,0.3449093
0.2869738,0.33746064
0.27457052,0.34978858
0.25954634,0.3354176
0.26594839,0.33520746
0.26288036,0.31425646
0.26698282,0.30827212
0.29494062,0.31996885
0.28152707,0.30173445
0.25776386,0.26590064
0.21632072,0.22976078
0.16811644,0.18950537
0.14732505,0.12037147
0.13385963,0.100519136
0.12525205,0.0818452
0.11987273,0.08068458
0.13280945,0.08659384
0.15617745,0.12092731
0.21044858,0.16331424
0.25899076,0.19207056
0.26435977,0.2219231
0.28394476,0.23966357
0.29461303,0.24880975
0.2932523,0.25183916
0.29385668,0.2585773
0.29978734,0.2515552
0.27630553,0.2539635
0.2700711,0.24822098
0.27786854,0.2525028
0.26837838,0.2610062
0.26199728,0.25656253
0.28254187,0.25328043
0.27271816,0.23384394
0.24834143,0.21339242
0.19913292,0.17902169
0.16790195,0.14049993
0.14139405,0.10686443
0.11810599,0.09746426
0.11359327,0.08085879
0.11640416,0.07416772
0.1381395,0.08434653
0.16380033,0.10270249
0.20686074,0.13164134
0.2565764,0.16323297
0.28144464,0.19413027
0.28500122,0.21659425
0.29329896,0.23135811
0.28857756,0.2454879
0.2816981,0.26233506
0.27852705,0.253474
0.26448578,0.25150818
0.23913527,0.25369406
0.23674898,0.2620208
0.23762044,0.26562533
0.22471368,0.26481467
0.24756032,0.27277157
0.23325565,0.26281387
0.22039913,0.239277
0.18212289,0.20348242
0.14791688,0.16806884
0.122893006,0.10786805
0.105256915,0.09845092
0.09758452,0.083554946
0.09672241,0.076142766
0.09933704,0.082518324
0.11608355,0.08540661
0.12985536,0.10241671
0.15485734,0.13205321
0.17561616,0.14745867
0.20097272,0.16700827
0.22479635,0.16599898
0.23123617,0.17915836
0.22146696,0.18529326
0.22787337,0.17929086
0.21903886,0.1712786
0.21396227,0.16754632
0.21644756,0.18087305
0.21711555,0.1777648
0.22125176,0.18510902
0.21598436,0.185891
0.20031705,0.19956012
0.18249987,0.18483914
0.16977717,0.15525298
0.1396594,0.13026862
0.11631651,0.07716224
0.097173184,0.06580461
0.08461097,0.054086044
0.08893051,0.04821518
0.08584461,0.053335104
0.08783816,0.045892168
0.100669,0.04139305
0.12003451,0.05658263
0.13687256,0.07947141
0.16006729,0.11385439
0.16957702,0.1423361
0.17445666,0.15048946
0.18491885,0.16030276
0.18535197,0.15504068
0.1742058,0.1561938
0.17357665,0.16211697
0.19089971,0.17426935
0.20362929,0.18128099
0.21432894,0.1898638
0.2339729,0.2039428
0.22799489,0.19211529
0.20504344,0.1712509
0.17154616,0.14994708
0.14790659,0.12613572
0.12225036,0.09853142
0.11975997,0.10073906
0.113241516,0.08385593
0.11745044,0.09422649
0.12203066,0.11052637
0.17485212,0.12903361
0.23140909,0.17196216
0.28752372,0.2318889
0.29686975,0.24981308
0.29595587,0.27625638
0.2992898,0.28971836
0.30217966,0.29656076
0.2991403,0.31300735
0.29775602,0.29361725
0.2909931,0.30448052
0.27747238,0.2982533
0.28308657,0.300636
0.27989855,0.28892905
0.29805565,0.30069736
0.31092167,0.29899254
0.293732,0.28578696
0.2625235,0.24451707
0.21832752,0.20670944
0.18304268,0.16974945
0.16126056,0.15727964
0.14280878,0.1491462
0.13324304,0.12394111
0.1383476,0.1314955
0.15039554,0.15100197
0.17753662,0.19006294
0.24601388,0.25816846
0.2948067,0.3081005
0.30190358,0.32571796
0.3158527,0.3407845
0.3371374,0.33910692
0.32977507,0.33197087
0.32830834,0.34043685
0.32688567,0.33101362
0.3026277,0.30908027
0.28902584,0.29127994
0.2871229,0.2978881
0.28458515,0.2911025
0.29858118,0.2803219
0.31369656,0.29378247
0.29899216,0.28983265
0.26561674,0.25035942
0.23197605,0.20920391
0.19178149,0.17028812
0.17066711,0.16305375
0.14855443,0.15059212
0.14791676,0.12868327
0.14351301,0.13690192
0.15104471,0.15271582
0.18545051,0.19098294
0.2579942,0.26745498
0.30274165,0.31011316
0.31300333,0.33184746
0.31367853,0.34183246
0.31242868,0.3447526
0.29009974,0.33120748
0.29240286,0.34223798
0.29967174,0.32820624
0.27656347,0.32134673
0.26202074,0.30245146
0.26366797,0.31010488
0.25888026,0.30485943
0.27019343,0.30825847
0.2886736,0.30799183
0.27541155,0.29214546
0.25434136,0.26569024
0.20128635,0.22507644
0.17708786,0.18277521
0.1527103,0.1476354
0.14492692,0.13618791
0.145009,0.11183578
0.13811629,0.12097781
0.14967498,0.13993685
0.18145348,0.16174307
0.24020167,0.22210142
0.29102153,0.26362228
0.29856506,0.28262484
0.29187298,0.29314095
0.2989089,0.29209015
0.29055393,0.27704158
0.2961629,0.274824
0.30502123,0.26901484
0.28588998,0.25135994
0.28329358,0.2294141
0.2733543,0.23847978
0.27363333,0.23060256
0.28448766,0.23359501
0.29306492,0.24661389
0.28138945,0.248325
0.24815217,0.22023146
0.20667088,0.18402758
0.17949808,0.14554806
0.14585015,0.13157606
0.12802859,0.11602012
0.11977691,0.09619075
0.12290414,0.096732296
0.13016863,0.107836775
0.15929757,0.14980556
0.21019559,0.20029016
0.26402506,0.24647091
0.2763959,0.2697912
0.29518935,0.28393835
0.30829412,0.29048896
0.29850003,0.30153838
0.29455155,0.30759218
0.28931734,0.3003673
0.2863032,0.29034233
0.2706269,0.28523487
0.2587746,0.28158042
0.24783333,0.2787629
0.25221586,0.27652952
0.2622895,0.2791488
0.24563299,0.26341608
0.21908493,0.24216464
0.19825801,0.19807538
0.15475264,0.16198878
0.12368417,0.11580863
0.10857708,0.09596419
0.10543765,0.08260904
0.09989453,0.08205179
0.10699902,0.08868204
0.12317275,0.10040123
0.14627498,0.12683247
0.17484063,0.14696041
0.18352555,0.16425069
0.19203316,0.18694407
0.202274,0.20526204
0.21587941,0.20849189
0.22247498,0.21856338
0.21634583,0.2137138
0.20027737,0.20916933
0.18693443,0.20948282
0.19240008,0.21552013
0.19203351,0.2096186
0.20279856,0.21326646
0.20896834,0.21991159
0.20508714,0.20813705
0.17999409,0.1905282
0.15570298,0.16008404
0.12680678,0.13291699
0.11043277,0.06874833
0.09924466,0.06301628
0.087494336,0.05889508
0.0858625,0.05384714
0.08677826,0.058556844
0.09436254,0.04997428
0.10463902,0.040598553
0.12923855,0.06907879
0.14406364,0.0845603
0.1706407,0.114424974
0.17195098,0.13822272
0.17725107,0.1534534
0.18477613,0.16089916
0.17621486,0.14875707
0.17525694,0.14950213
0.17233981,0.15772152
0.1773566,0.15867493
0.19117081,0.15489721
0.20955756,0.167566
0.23267733,0.17900276
0.22776121,0.18237607
0.20657566,0.16495843
0.19310053,0.14168376
0.15909185,0.12380415
0.14555109,0.10469066
0.14637434,0.10246658
0.14203052,0.09488037
0.15143247,0.09983263
0.1591115,0.11775942
0.20672667,0.14971907
0.2702383,0.19938576
0.32569227,0.26214665
0.33715943,0.2879256
0.3261724,0.30581626
0.31894085,0.31092072
0.30207282,0.31152824
0.2984543,0.3182859
0.29709062,0.29754663
0.2810396,0.29738265
0.2610062,0.28497893
0.257037,0.28482464
0.26102078,0.27186677
0.27661937,0.28926262
0.2936287,0.2987929
0.28163168,0.28760383
0.24619403,0.26155928
0.21134621,0.21771123
0.17386658,0.18474989
0.15045454,0.14191505
0.15042268,0.13082705
0.13904259,0.11281444
0.13733163,0.12148499
0.14883193,0.13834557
0.17972262,0.16767064
0.25214955,0.23408164
0.2993085,0.28015202
0.3061819,0.3045076
0.3009053,0.31003004
0.29608226,0.31080195
0.28987092,0.3019739
0.28694254,0.30123034
0.2861728,0.28911537
0.27907613,0.29160896
0.27440944,0.26684052
0.27249643,0.27211508
0.2749185,0.2682695
0.28257963,0.27679247
0.2870437,0.2805583
0.28192076,0.27161726
0.2565096,0.23399945
0.21734935,0.20011806
0.17893964,0.15897717
0.15358697,0.14608407
0.13902315,0.12704785
0.12469089,0.10711548
0.11551824,0.11216638
0.115218714,0.1274334
0.1406062,0.16039908
0.20204033,0.2326655
0.25050458,0.2660596
0.26264906,0.29940572
0.2743725,0.30258375
0.290826,0.32728878
0.2927107,0.31119594
0.29285672,0.30956057
0.29746264,0.30423656
0.28196934,0.31132892
0.283924,0.29024193
0.2841017,0.29166013
0.27071977,0.29666772
0.29432878,0.30330133
0.31373718,0.3043265
0.29218635,0.27696827
0.26406106,0.24993673
0.22024491,0.21588169
0.17342126,0.1720271
0.13511543,0.13311952
0.1175106,0.118294924
0.11703436,0.10528706
0.117417626,0.102936156
0.12665944,0.11154394
0.15636896,0.14612132
0.21832173,0.19160923
0.26737094,0.22966523
0.28116432,0.2571647
0.2884294,0.2697956
0.30274507,0.28770024
0.2998084,0.27821398
0.30547258,0.28737494
0.31423,0.27500778
0.31052727,0.27062795
0.30603233,0.26526245
0.3036213,0.25947332
0.28401095,0.26170346
0.2923458,0.2719434
0.31125033,0.28062513
0.28815344,0.26300094
0.24955457,0.25008327
0.2159564,0.21562468
0.16813634,0.17797872
0.1441945,0.1357472
0.12508494,0.113984615
0.11191466,0.10174334
0.11563289,0.09845454
0.12820873,0.11220175
0.15106958,0.137193
0.21268764,0.18235971
0.27156126,0.21518728
0.28073758,0.24296808
0.28714222,0.25199565
0.30494437,0.27058643
0.31106663,0.26610622
0.31230918,0.25739908
0.31336764,0.26466525
0.32063,0.25254717
0.30087176,0.24015823
0.30327296,0.24570124
0.30689788,0.23077
0.2976031,0.22749162
0.29449317,0.24022818
0.2779485,0.23593594
0.2556623,0.21757947
0.21588357,0.17943954
0.1814074,0.14278041
0.1488382,0.121790476
0.11620933,0.092518225
0.107730016,0.07372313
0.09413372,0.06545288
0.08781566,0.072465375
0.105965644,0.080660276
0.11852088,0.09912475
0.14501043,0.114892974
0.16727518,0.1406195
0.1881695,0.16819023
0.2001561,0.20139219
0.20141023,0.20950776
0.18968987,0.22760805
0.18858592,0.23253691
0.17692596,0.23977889
0.17883909,0.24442145
0.17687064,0.26118788
0.17933805,0.25210348
0.18699257,0.25429937
0.19583929,0.25610268
0.1803757,0.23525845
0.16448964,0.22703291
0.13521326,0.18717514
0.116716474,0.14992763
0.09623682,0.08713687
0.07928044,0.07977986
0.066899315,0.07083039
0.059592776,0.062418498
0.06826372,0.065348655
0.071232714,0.061666165
0.09034537,0.039213445
0.11040339,0.07068093
0.14020552,0.07801331
0.1519973,0.12427418
0.17646511,0.13097636
0.19156237,0.16221328
0.19714944,0.18566748
0.19802208,0.17528182
0.19897172,0.15064998
0.19693364,0.17257403
0.1971633,0.17343688
0.20730227,0.16670117
0.22171697,0.16133046
0.22704573,0.1849325
0.21331903,0.20286079
0.18228728,0.17493774
0.14607541,0.14255682
0.12739612,0.12684967
0.10385911,0.08501553
0.09310805,0.07847684
0.09256134,0.08304423
0.088099435,0.07673963
0.10420507,0.091991015
0.1395585,0.12601
0.20404914,0.16589658
0.2572773,0.23271795
0.2830471,0.26424775
0.28918988,0.27631757
0.29790464,0.28651667
0.31034476,0.30339375
0.3019776,0.30303326
0.30646285,0.2814206
0.30038747,0.28918484
0.30040357,0.29027608
0.3010841,0.27611446
0.2961738,0.25869498
0.3165618,0.2761827
0.3271661,0.27823427
0.31397605,0.26666814
0.28521666,0.24978667
0.23677124,0.20504956
0.20671506,0.17341878
0.18137969,0.1578866
0.16701272,0.1462416
0.16238797,0.13474263
0.16016442,0.13825837
0.17537075,0.15499131
0.2131724,0.17729743
0.27689818,0.22247075
0.32881382,0.27873963
0.3409415,0.30103844
0.3343091,0.32036543
0.32833415,0.31910014
0.3118019,0.31968477
0.30106148,0.32458737
0.3062479,0.30560645
0.29965565,0.29572555
0.29457337,0.28053755
0.30120894,0.289577
0.29394504,0.27854556
0.30670908,0.28496557
0.3176661,0.29810068
0.31442353,0.29366788
0.29492038,0.2628583
0.26047453,0.22396575
0.22188576,0.19432788
0.20413549,0.16595975
0.1897196,0.15396519
0.18218993,0.13898262
0.18401754,0.14734727
0.19563557,0.16625513
0.22565965,0.17895703
0.28457022,0.24423648
0.335132,0.28108403
0.3435913,0.3024595
0.3455178,0.30108333
0.33969033,0.30092084
0.32994112,0.28022662
0.3251791,0.27427977
0.3215042,0.2600677
0.3125137,0.2528478
0.3047827,0.22078402
0.30924046,0.23366824
0.31640676,0.23400211
0.34414807,0.2573536
0.3531543,0.2706975
0.3423104,0.26686636
0.3172171,0.24183495
0.27810636,0.2119693
0.23530594,0.18224324
0.21028204,0.21531922
0.19672602,0.19835961
0.1918985,0.18783209
0.19589116,0.19248894
0.20813027,0.20714463
0.239316,0.22650075
0.29344833,0.2623534
0.35098606,0.31341463
0.3628289,0.34248668
0.36163363,0.35398054
0.36190924,0.3551999
0.34415624,0.33979234
0.32815436,0.32557285
0.3201822,0.30898225
0.30160016,0.3133944
0.29346088,0.27486193
0.29165125,0.29032072
0.29629758,0.27671972
0.31880334,0.27494654
0.32991388,0.30263576
0.31925875,0.30123025
0.2875815,0.25630164
0.25653732,0.2298771
0.21672009,0.20122465
0.19344068,0.1658403
0.17670815,0.1502461
0.16993411,0.13538879
0.17236409,0.14700249
0.1876704,0.15819292
0.21857695,0.18908054
0.2741805,0.22875981
0.32639295,0.263631
0.32834065,0.28361112
0.32847545,0.298301
0.31052977,0.30295813
0.30174655,0.28713
0.29379073,0.28301188
0.28820863,0.263815
0.28718212,0.25719145
0.27851096,0.23122588
0.275618,0.23845746
0.27896172,0.25088245
0.29564416,0.24638715
0.2895703,0.27632105
0.27839926,0.25627258
0.25277752,0.2047306
0.22250909,0.18612283
0.1759666,0.15727283
0.13877515,0.11960135
0.1151923,0.10772254
0.11341444,0.09146355
0.1147831,0.097301684
0.10066236,0.10802946
0.10654125,0.11322774
0.14095476,0.13436814
0.1760577,0.1569771
0.19143434,0.17465541
0.21880542,0.19541088
0.23267756,0.19904354
0.22602598,0.19991678
0.22103193,0.20052075
0.20970146,0.19073701
0.20110881,0.1834099
0.1913531,0.16517131
0.19122435,0.18109384
0.19359346,0.1904828
0.22011665,0.19050914
0.22472459,0.21471353
0.20792158,0.21305622
0.1880019,0.17026694
0.15991865,0.14894414
0.14240573,0.1265824
0.12344611,0.10515378
0.0985409,0.08806351
0.09062867,0.07802581
0.10160761,0.08151949
0.102483936,0.08791282
0.111366056,0.08935812
0.11958622,0.1019034
0.14690448,0.12276101
0.16932651,0.14897542
0.19084026,0.17197715
0.19223866,0.18700096
0.18406112,0.17932808
0.17853516,0.18152854
0.17464934,0.17195839
0.17081872,0.17306133
0.16958494,0.16130507
0.17895159,0.1722012
0.20025061,0.17842302
0.23108019,0.19307238
0.24568723,0.21744101
0.23987858,0.20593576
0.22564745,0.17702961
0.19892778,0.15480979
0.17102385,0.12971507
0.14939877,0.09637568
0.13586088,0.09768045
0.13250329,0.088388875
0.12917507,0.098000444
0.13545237,0.111953616
0.15219177,0.14318
0.1863844,0.18186164
0.2579067,0.2581738
0.3016435,0.2802586
0.3099776,0.2946437
0.31331766,0.28866714
0.30453905,0.29234985
0.3037395,0.29073882
0.30453953,0.26861647
0.30263257,0.25608712
0.2937694,0.24138123
0.29880977,0.23431595
0.30794084,0.23122227
0.33011487,0.24187753
0.3307413,0.25968024
0.31759077,0.2590793
0.29387113,0.22320132
0.25530723,0.18956615
0.20982441,0.15840107
0.1762164,0.16393313
0.15443368,0.15096474
0.14093947,0.12571093
0.13093126,0.13083294
0.13306314,0.13000782
0.14112057,0.17576823
0.18357895,0.2277231
0.24599494,0.28680938
0.2783296,0.30839163
0.29920653,0.33081707
0.2981002,0.34089282
0.3018369,0.343047
0.30603018,0.36394277
0.3019435,0.35428888
0.29907045,0.34265098
0.2928187,0.34264174
0.28730577,0.33220476
0.2933274,0.33888674
0.31366113,0.3447725
0.33282435,0.34086218
0.31735674,0.31415462
0.2987805,0.29336384
0.28230843,0.25000268
0.23806234,0.20525445
0.20792289,0.18830737
0.18701105,0.1709401
0.17364618,0.15084107
0.16004254,0.15316826
0.1522523,0.1569431
0.17782418,0.17863576
0.21467917,0.22329234
0.27537507,0.27135983
0.31048784,0.30421686
0.32023302,0.32273835
0.32712242,0.3237086
0.33401394,0.32803816
0.32995662,0.34462777
0.3237562,0.32737666
0.32296845,0.32248813
0.31631687,0.31454626
0.30947056,0.316909
0.30636784,0.33200178
0.32956743,0.35367692
0.33146742,0.35669714
0.3195572,0.33778813
0.3023623,0.3209075
0.27224857,0.28237402
0.23933305,0.24534799
0.19994137,0.21610242
0.19896092,0.18936948
0.19798046,0.17185067
0.19700001,0.15891343
0.19601956,0.16092958
0.19503911,0.20501243
0.19405866,0.24052176
0.1930782,0.2827883
0.19209775,0.32943502
0.1911173,0.34172875
0.19013686,0.346462
0.18915641,0.35661903
0.18817596,0.35069337
0.18719551,0.34794652
0.18621506,0.3480067
0.1852346,0.33143315
0.18425415,0.329365
0.1832737,0.3405318
0.18229325,0.32057667
0.1813128,0.32810426
0.18033235,0.3267058
0.1793519,0.2977309
0.17837144,0.26122355
0.177391,0.22559635
0.17641054,0.13014293
0.17543009,0.12928751
0.16193672,0.11442816
0.15616062,0.11347998
0.15628771,0.1153603
0.16033259,0.14064257
0.20158623,0.16982897
0.25341102,0.21734844
0.28959447,0.24139667
0.30937546,0.25623798
0.30805856,0.27168804
0.29304445,0.28042856
0.283388,0.3003418
0.27898446,0.27496827
0.27028248,0.26801583
0.255223,0.26968238
0.24434723,0.25788063
0.24761966,0.28569278
0.27438328,0.30920053
0.28728327,0.31095323
0.27475375,0.29690382
0.26388162,0.27349153
0.24309629,0.249462
0.21659881,0.22081946
0.19177733,0.16931379
0.16555606,0.14973481
0.15789041,0.13262933
0.14658055,0.1301507
0.14593033,0.12978801
0.14539629,0.15129375
0.16464692,0.1811517
0.18412034,0.20801637
0.20979539,0.23404844
0.22487381,0.23817687
0.23733062,0.23887332
0.23809087,0.22427413
0.22853413,0.21960542
0.22203735,0.2016209
0.2111894,0.20296119
0.20507956,0.18826856
0.20794693,0.18951778
0.22387846,0.20852193
0.25880504,0.22353789
0.2723132,0.23042463
0.26382253,0.22145413
0.23951982,0.21338509
0.23245135,0.19524215
0.21265851,0.16263324
0.18523721,0.1861839
0.14770333,0.17115074
0.13657966,0.15699357
0.13004392,0.15837833
0.12959646,0.15320902
0.12846538,0.16032393
0.15699561,0.16805492
0.18388216,0.21010378
0.20567435,0.23782484
0.2134492,0.2512524
0.21438533,0.24386653
0.20669848,0.23617853
0.20473479,0.23799416
0.19547875,0.21872771
0.1839409,0.19844414
0.17112985,0.18702678
0.1816547,0.187366
0.19854783,0.21336707
0.23849925,0.24745172
0.2622838,0.2752304
0.2593399,0.27864358
0.24924724,0.2671844
0.22391175,0.24723054
0.19152969,0.22778243
0.17315479,0.16505796
0.1736733,0.15037626
0.15823032,0.14396647
0.16292898,0.14316422
0.17070323,0.1443295
0.19558594,0.16186616
0.23199157,0.187515
0.29027656,0.24134184
0.33547038,0.2806966
0.34735325,0.27942887
0.33811697,0.29569983
0.32914284,0.27778572
0.3179589,0.26119635
0.30690366,0.24060589
0.30466306,0.25738418
0.2837079,0.2332781
0.2872262,0.23311187
0.29401103,0.23880574
0.30983287,0.27957493
0.32391688,0.2882716
0.32229668,0.2710585
0.29693383,0.2628623
0.26134068,0.24267675
0.24080843,0.20991357
0.20649134,0.22007355
0.19210908,0.19583032
0.17020757,0.18753445
0.16787092,0.17115703
0.17803809,0.19144516
0.19136162,0.2013709
0.23309931,0.23329096
0.2961552,0.25870764
0.33176163,0.31509763
0.33997872,0.30740416
0.32150054,0.3446978
0.31301484,0.3377431
0.29714665,0.30061767
0.28967312,0.30366933
0.28598365,0.3215923
0.2657816,0.27972898
0.23386715,0.29056168
0.21173647,0.2882278
0.24299811,0.2948919
0.30078706,0.31942955
0.30982494,0.31710395
0.3022441,0.28375152
0.27859706,0.2619722
0.2427932,0.22904932
0.2169373,0.18338102
0.20255186,0.16909803
0.20114967,0.1438693
0.18796672,0.15191102
0.19449987,0.16742264
0.21542911,0.15406722
0.24268673,0.18330938
0.30940247,0.21607485
0.344055,0.2393798
0.34074926,0.25196198
0.32994953,0.26275456
0.32175446,0.24637121
0.3101203,0.23625842
0.30775097,0.2338816
0.30368927,0.22814976
0.29243094,0.19907233
0.28335825,0.22018577
0.28635237,0.21105976
0.3129518,0.23179707
0.32514426,0.26059008
0.3106809,0.26211601
0.30249247,0.23478511
0.27531478,0.21043465
0.23927335,0.17719683
0.20892629,0.20385703
0.19143647,0.18734589
0.18031256,0.1711564
0.17580779,0.15922639
0.1738403,0.17048304
0.1850123,0.18465436
0.22804178,0.21051878
0.28860125,0.24380429
0.32790482,0.2936368
0.3329106,0.30078876
0.3261402,0.3084998
0.31241694,0.31417215
0.3059833,0.30996302
0.29893294,0.30823565
0.28897303,0.29773304
0.27389708,0.2746006
0.2593129,0.28715277
0.2681378,0.29875427
0.2983796,0.30042535
0.30173883,0.33348784
0.29446298,0.34731156
0.27897665,0.30417144
0.2496787,0.27705228
0.22286476,0.24335307
0.18592213,0.1954863
0.15936685,0.17618962
0.14994726,0.15856881
0.13026445,0.16066045
0.13100113,0.1707704
0.14251542,0.17820033
0.16504262,0.20229837
0.22789729,0.2379569
0.27617642,0.25964436
0.29050645,0.2744476
0.3023534,0.2936877
0.31998476,0.2828388
0.319732,0.2774754
0.3173146,0.26744682
0.31935158,0.26117882
0.30622715,0.24625206
0.29319012,0.24660502
0.29032263,0.24487714
0.2962373,0.2496283
0.29786012,0.2712808
0.2745518,0.2719287
0.27196953,0.24174112
0.25485906,0.2194654
0.22852774,0.1900865
0.19959648,0.1792329
0.17539515,0.16472498
0.16036339,0.14195444
0.15888801,0.13311088
0.15046223,0.14001691
0.15502326,0.12600374
0.1742071,0.14276163
0.20441441,0.15394194
0.22569719,0.19228896
0.24485035,0.20687085
0.24246158,0.22956632
0.23669603,0.23523729
0.22475372,0.24086899
0.22033125,0.24187648
0.20652188,0.2284393
0.19801652,0.21866621
0.20301022,0.23261285
0.22090366,0.25068343
0.26243943,0.27615342
0.276455,0.29180613
0.26995867,0.29656407
0.25328714,0.28424007
0.23762897,0.25953868
0.21107322,0.23314853
0.18306944,0.17761245
0.17390318,0.17662574
0.15953752,0.17085171
0.15819846,0.15662763
0.15310813,0.14361593
0.15505406,0.15611395
0.16986032,0.13352345
0.19272816,0.17467217
0.21010262,0.19880041
0.22055665,0.2159318
0.22431207,0.23524
0.21887435,0.23522317
0.20511615,0.24404901
0.20388037,0.21330264
0.19051586,0.21051468
0.185426,0.21824186
0.19975258,0.19813947
0.21880211,0.22297141
0.25866032,0.23842984
0.28074706,0.26126677
0.2716791,0.26598844
0.2602571,0.26408625
0.24902931,0.25279054
0.23027481,0.23456532
0.21114665,0.18512633
0.19913551,0.18570772
0.18579185,0.17951877
0.17743394,0.19477466
0.18419626,0.19739558
0.21043377,0.21838377
0.24680966,0.2519913
0.31328687,0.33543044
0.34869123,0.34855968
0.36644456,0.35580656
0.37220562,0.3560723
0.37673694,0.3357669
0.3673947,0.33516797
0.36926636,0.2971419
0.3609814,0.28494677
0.35956416,0.2698436
0.34786573,0.24859263
0.35588098,0.24593022
0.3832059,0.28358746
0.38066918,0.30337712
0.37157848,0.30177817
0.3593859,0.29100487
0.3199933,0.2623517
0.28002682,0.23871942
0.24138273,0.23583597
0.2155344,0.22443019
0.20395464,0.19837412
0.19121428,0.19868499
0.17667581,0.19761844
0.18384959,0.23625317
0.21913421,0.26001838
0.275902,0.3430297
0.31488982,0.36883223
0.33718774,0.39101848
0.34762338,0.37504184
0.36425915,0.37761626
0.3557989,0.38209045
0.35301173,0.35832295
0.35320038,0.3422038
0.34132865,0.33041906
0.331493,0.32445624
0.34559798,0.33007386
0.36150026,0.33675754
0.35589212,0.35121322
0.34399197,0.3514117
0.32464755,0.33062127
0.2920319,0.29521716
0.25540647,0.26036698
0.22258204,0.23199365
0.19898641,0.20931482
0.17618631,0.18539724
0.16251351,0.17847607
0.1690136,0.1810073
0.18543488,0.2173694
0.2161048,0.26031473
0.26868454,0.30427256
0.3058575,0.3466551
0.3233978,0.35670376
0.34697068,0.36956874
0.355628,0.3763172
0.3584069,0.38358733
0.34618676,0.37237462
0.35046685,0.37153518
0.33374178,0.3556781
0.32646152,0.3602711
0.3215216,0.37120146
0.34116203,0.3751791
0.3341813,0.37537083
0.3225031,0.36038825
0.30121878,0.3441534
0.2784194,0.30807006
0.23630057,0.27208027
0.2197271,0.22269493
0.16877317,0.19732052
0.15842254,0.17383105
0.14069301,0.17710724
0.13541152,0.17173688
0.13220908,0.19306311
0.14407843,0.22625114
0.16619183,0.26057738
0.18725432,0.28128234
0.207016,0.2969356
0.22913153,0.29097623
0.23766604,0.2827311
0.23047936,0.29406554
0.21782547,0.27894968
0.18902567,0.26007685
0.16914922,0.2485578
0.15538035,0.2541859
0.16057242,0.27184507
0.17237522,0.2856478
0.17623724,0.29325715
0.17911516,0.28558913
0.17845096,0.2774776
0.17018591,0.25103405
0.1445259,0.22212785
0.1302918,0.12538129
0.119088545,0.11513386
0.107579246,0.11422993
0.10074432,0.11568499
0.09870364,0.11584171
0.11132732,0.13576752
0.1404655,0.1505049
0.17142761,0.17469165
0.18251409,0.19460218
0.19527279,0.21123749
0.22102578,0.20980835
0.2455238,0.20539585
0.23930569,0.21380454
0.22707628,0.18459892
0.22752114,0.18386005
0.22162057,0.17235303
0.23153085,0.17478682
0.2622742,0.19873112
0.292881,0.2055667
0.29479223,0.22548158
0.29359043,0.21728142
0.27725443,0.18668549
0.25136277,0.17060812
0.22884598,0.15757349
0.19679022,0.20847821
0.1767419,0.19887795
0.16166905,0.19130117
0.15384458,0.18929908
0.1459301,0.18544656
0.1600969,0.17729315
0.18078738,0.17197344
0.1998562,0.22680901
0.2267931,0.24624647
0.23650002,0.27416423
0.24939185,0.25946966
0.25055525,0.2587718
0.24382953,0.2635825
0.22413547,0.23955056
0.2116988,0.247063
0.21026263,0.23397928
0.20935066,0.25212127
0.23957253,0.2400741
0.26575342,0.27250874
0.27106014,0.28691363
0.26928347,0.2955658
0.2572662,0.27985317
0.24381354,0.25052825
0.22557296,0.23101346
0.19697498,0.21802631
0.18196051,0.2031186
0.17748262,0.18304795
0.17018697,0.1711072
0.16717225,0.17522179
0.16012521,0.18114334
0.17890328,0.16918041
0.20191015,0.21565281
0.21607709,0.24184686
0.23776753,0.26903918
0.25416726,0.26734874
0.25687227,0.27772376
0.2679232,0.2747686
0.2678069,0.26395357
0.2671138,0.25704643
0.26238495,0.24693069
0.2677734,0.25647807
0.27932236,0.25448033
0.3106605,0.25652796
0.3051842,0.29060897
0.29555082,0.3068913
0.28808948,0.2694202
0.25807723,0.24564207
0.23455492,0.22184832
0.210574,0.23560548
0.21417338,0.22028099
0.21777275,0.20891944
0.22137213,0.2117739
0.2249715,0.20815414
0.22857088,0.21868159
0.23217025,0.24579914
0.23576963,0.30042526
0.23936899,0.3293531
0.24296837,0.34952593
0.24656774,0.3586765
0.25016713,0.35339624
0.2537665,0.3617666
0.25736588,0.33350617
0.26096526,0.3483427
0.26456463,0.3367817
0.268164,0.33452952
0.27176338,0.33509228
0.27536276,0.34935597
0.27896214,0.3508193
0.28256148,0.34069613
0.28616086,0.32365003
0.28976023,0.29335272
0.2933596,0.2631699
0.29695898,0.26503932
0.30055836,0.24854413
0.28752548,0.24862862
0.27837783,0.25038806
0.27883133,0.25722837
0.2941702,0.26668605
0.33779305,0.2890745
0.39701086,0.35470298
0.4438179,0.38599738
0.45545042,0.39429754
0.46685335,0.4082836
0.4661991,0.38643962
0.4629597,0.36014053
0.46423814,0.3427736
0.45979637,0.35828322
0.44164222,0.31862682
0.4479468,0.32708755
0.4554317,0.29758823
0.4926806,0.33221018
0.49011904,0.3602496
0.47822976,0.35588154
0.46395707,0.3352116
0.4300274,0.314273
0.39024854,0.28794783
0.35520697,0.35739055
0.33241385,0.3286607
0.31614372,0.3064843
0.31208605,0.28849277
0.3157879,0.28407174
0.33094144,0.3050741
0.35927078,0.30573708
0.42518032,0.3357179
0.46729168,0.3947743
0.47818667,0.39952773
0.4847756,0.41745907
0.48645633,0.41276965
0.47380304,0.3836849
0.45155498,0.36128053
0.44104755,0.37809
0.42125875,0.34023902
0.40944564,0.34464383
0.41191897,0.35723326
0.43435204,0.38169438
0.44331196,0.40028533
0.44369665,0.37364036
0.4237316,0.35057423
0.4016722,0.33768016
0.35856822,0.30771923
