true,forecasted
0.19570024,0.19256158
0.164881,0.17018452
0.15962394,0.15557224
0.1495509,0.14922951
0.1565237,0.16378538
0.22676255,0.22277081
0.30913162,0.3154598
0.37006196,0.3735666
0.39415625,0.4035109
0.4115598,0.41831666
0.44233522,0.4409107
0.42957604,0.44601274
0.44542584,0.44922668
0.4521682,0.45284104
0.43360645,0.43713495
0.42012653,0.4287486
0.41530395,0.41932654
0.42814955,0.4173595
0.39669296,0.4168654
0.38603002,0.41921207
0.3672426,0.42235816
0.36659747,0.39186132
0.29678112,0.32316262
0.21593155,0.2635542
0.18159679,0.17651752
0.15883718,0.15236041
0.14390555,0.13813524
0.1401914,0.12877652
0.15723245,0.14839323
0.21639605,0.20428497
0.29520822,0.30112857
0.36805996,0.3550435
0.37928224,0.38312337
0.3933749,0.3986547
0.41589925,0.42246842
0.41677305,0.43051773
0.41471282,0.43494558
0.4265814,0.4429255
0.4071867,0.4280306
0.38486457,0.42232463
0.38540107,0.42003626
0.36693293,0.41969737
0.35745642,0.40707034
0.33674923,0.40511456
0.34633076,0.3981639
0.33696166,0.3690048
0.28111976,0.29246193
0.20866588,0.22962219
0.16158694,0.15973474
0.15056631,0.13598502
0.13037102,0.12572074
0.1298747,0.117642425
0.13598575,0.13315931
0.18966903,0.18708013
0.2719715,0.278768
0.3360327,0.33177933
0.36536723,0.35776424
0.3854665,0.37136102
0.39646673,0.38591912
0.3939174,0.3847934
0.3840286,0.39046156
0.38195157,0.38094294
0.36106676,0.36555752
0.34013212,0.3560689
0.34689128,0.3452819
0.31662354,0.34912717
0.29791236,0.33360866
0.27858424,0.335424
0.27608174,0.33391756
0.26569963,0.30760604
0.21497555,0.24002492
0.15099539,0.18109846
0.11019733,0.10390829
0.08065814,0.07962002
0.06800938,0.067225404
0.060780913,0.053368233
0.06722622,0.063616484
0.088333696,0.07627992
0.11101529,0.10636508
0.15040307,0.1554023
0.19282086,0.20465939
0.21734363,0.23516174
0.23913105,0.2524589
0.2442987,0.25891158
0.24709345,0.2655816
0.2462863,0.2568471
0.25532594,0.2573054
0.26618153,0.26692003
0.2911442,0.28557283
0.29452348,0.28877875
0.29244944,0.27558073
0.27095428,0.27094743
0.24999745,0.263668
0.24057494,0.24096024
0.19529277,0.18731806
0.13148963,0.13270551
0.08010603,0.102552794
0.052194376,0.08207819
0.037434384,0.062959306
0.025383944,0.052127503
0.025493765,0.057502054
0.038225345,0.07597129
0.04920577,0.098309726
0.09391723,0.1514008
0.15287137,0.21013612
0.1894752,0.25254968
0.21752727,0.2904578
0.24524088,0.31946397
0.27522117,0.33434224
0.29808098,0.35002288
0.3124221,0.3547129
0.31995723,0.37047577
0.34706113,0.388484
0.3573586,0.40342507
0.34292927,0.40147346
0.33096045,0.3895785
0.31746012,0.3783087
0.29164228,0.355941
0.24809626,0.29291028
0.19516614,0.2388682
0.18429674,0.14334722
0.15759793,0.123265676
0.14848328,0.113663346
0.14350888,0.11532671
0.17366558,0.12881565
0.2295555,0.1864847
0.3143917,0.27860904
0.39478457,0.33702022
0.42623395,0.3763165
0.4545387,0.4121045
0.49786088,0.4334483
0.51062065,0.44431925
0.5004318,0.45484984
0.49129793,0.461815
0.46621704,0.44753852
0.4398837,0.43861753
0.40915808,0.42836475
0.41407788,0.43200836
0.39661196,0.42267963
0.3781636,0.43616453
0.35275027,0.42247623
0.3416756,0.39628643
0.2946123,0.32658967
0.2384385,0.26439795
0.20142241,0.1791686
0.16722028,0.1559942
0.15094438,0.14398575
0.14851269,0.13702978
0.16226988,0.1538091
0.22143887,0.21543765
0.2976807,0.3149342
0.34719315,0.37007174
0.40051454,0.39545962
0.4254652,0.4168201
0.4333592,0.43646127
0.4324038,0.44536516
0.43594632,0.4527359
0.4344226,0.4521048
0.42873767,0.43906793
0.40810007,0.42917567
0.39816207,0.42059243
0.39985022,0.41467932
0.39408484,0.4073211
0.38399258,0.40820998
0.37437385,0.402395
0.37867013,0.37127587
0.28898793,0.30062535
0.24621609,0.23033324
0.202364,0.19263737
0.17235191,0.16233873
0.1564541,0.14912811
0.15682077,0.14065255
0.19444299,0.15685377
0.2398746,0.21057284
0.32640433,0.30366808
0.37252787,0.34923732
0.4180669,0.37308818
0.42827556,0.39860362
0.45614943,0.42130235
0.43518057,0.4230974
0.43321517,0.4256283
0.43898714,0.42931017
0.42234698,0.40790763
0.41946638,0.4005803
0.39894164,0.3910547
0.39421806,0.38711607
0.38246948,0.3719609
0.3814571,0.38098422
0.36243984,0.36985326
0.35151762,0.34171087
0.27898392,0.27960506
0.23299,0.21357557
0.18134955,0.17771512
0.1598904,0.1506469
0.15323864,0.13631853
0.14376932,0.12770647
0.16613106,0.14984144
0.22048287,0.20441225
0.3174169,0.29977882
0.39154214,0.35299197
0.4240207,0.383581
0.41783825,0.4059111
0.43255144,0.43498766
0.43356445,0.44314122
0.44486472,0.450352
0.45725664,0.46246842
0.43358123,0.45001647
0.43134338,0.44314235
0.41376403,0.4427668
0.40954998,0.44066674
0.38935408,0.42432755
0.37551528,0.41532567
0.3815567,0.4068336
0.37729645,0.375038
0.3149462,0.30703142
0.23823747,0.23239604
0.23519604,0.19054921
0.23215461,0.15945792
0.22911318,0.14487988
0.22607176,0.14425457
0.22303033,0.15291032
0.2199889,0.20577869
0.21694747,0.2863288
0.21390603,0.32922152
0.2108646,0.3535507
0.20782319,0.38104874
0.20478176,0.40237212
0.20174032,0.40392828
0.1986989,0.40635782
0.19565746,0.39606965
0.19261605,0.37753025
0.18957461,0.36878693
0.18653318,0.36629266
0.18349175,0.36060563
0.18045032,0.34263745
0.1774089,0.3433713
0.17436747,0.33575958
0.17132604,0.30349976
0.16828461,0.24517795
0.16524318,0.18381432
0.16220176,0.11565114
0.15916033,0.09959492
0.1561189,0.08542064
0.15307747,0.07766892
0.15003604,0.08973765
0.14699462,0.12211562
0.14395319,0.1625149
0.14091176,0.2022614
0.13787033,0.25041848
0.1348289,0.28652757
0.13178748,0.32114708
0.12874605,0.33253545
0.12570462,0.33933216
0.122663185,0.351719
0.11962176,0.34816235
0.11658033,0.35365832
0.1135389,0.36960346
0.110497475,0.3711718
0.10745604,0.36778787
0.10441461,0.36550713
0.10137319,0.35540146
0.09833176,0.33011714
0.09529033,0.26661202
0.0922489,0.21914992
0.08920747,0.081625104
0.061769314,0.06640145
0.045475412,0.055124927
0.030644009,0.045397125
0.03583986,0.056288168
0.041974302,0.088459715
0.054120764,0.11496702
0.096309915,0.16993773
0.15581557,0.21412185
0.18082623,0.24840061
0.20873728,0.28174952
0.22633585,0.29861808
0.23953792,0.30378103
0.24820788,0.3148933
0.256636,0.30812684
0.2803558,0.32412797
0.30862752,0.3351314
0.32401645,0.34256566
0.32984844,0.34339046
0.30980137,0.3448421
0.29276332,0.34576905
0.2882378,0.31114462
0.24979581,0.25586864
0.17980362,0.20591152
0.1446449,0.13816994
0.121172346,0.119336806
0.092982836,0.11218986
0.096236095,0.11761137
0.12085789,0.13363454
0.17660978,0.21189302
0.24680181,0.32851028
0.32901666,0.4009073
0.3844685,0.44038442
0.42969367,0.4704305
0.4792865,0.4947799
0.5073692,0.5061748
0.5305507,0.5263998
0.5821617,0.5407076
0.5788539,0.5315214
0.577389,0.5209315
0.58700174,0.50614315
0.58451843,0.50733334
0.5738699,0.49545568
0.5518964,0.50499535
0.5158099,0.4942717
0.48791924,0.46427155
0.4120549,0.38453487
0.3208922,0.3065197
0.2620779,0.25861263
0.21426621,0.23044652
0.19884068,0.21099739
0.19332317,0.20129463
0.20499194,0.21508062
0.27024314,0.27019516
0.33848056,0.37984216
0.4111031,0.46158883
0.460079,0.5012248
0.4989813,0.52625686
0.53977996,0.5558281
0.56535715,0.5748029
0.5849787,0.58073676
0.61912143,0.5882628
0.5933348,0.58565485
0.5873252,0.5626818
0.5973742,0.5560393
0.5758437,0.5395581
0.5558626,0.5408322
0.5286663,0.5423416
0.51456404,0.5270843
0.4836368,0.4978947
0.40001705,0.41309664
0.3243693,0.33273026
0.27075806,0.27498978
0.22587436,0.24352014
0.21037923,0.22280872
0.20203993,0.21042009
0.2127545,0.22730249
0.25781643,0.28381428
0.33974683,0.393216
0.4101723,0.4618384
0.44730183,0.49242997
0.46778518,0.50667083
0.5390088,0.5415043
0.55887884,0.5501717
0.5690899,0.5479956
0.568638,0.5647155
0.5671545,0.5492382
0.5731983,0.5292587
0.55303603,0.5231813
0.5524581,0.5130217
0.5123862,0.5238334
0.48596045,0.5252205
0.4639576,0.5103424
0.4309353,0.48247743
0.3563366,0.407818
0.28766227,0.33665138
0.23134868,0.23607041
0.19278006,0.2028225
0.17812748,0.18610716
0.17286563,0.17022507
0.1865346,0.19170412
0.23785219,0.24072608
0.32117188,0.33281785
0.36907896,0.37599292
0.41660622,0.405469
0.4240123,0.43519247
0.4535263,0.47057793
0.47059914,0.4855349
0.47841212,0.4878024
0.4925288,0.5017945
0.48150817,0.480076
0.45841306,0.46884584
0.44256148,0.47225517
0.4482524,0.4672492
0.42163342,0.45354277
0.3988036,0.4435166
0.37725502,0.4239388
0.3722074,0.39262575
0.319701,0.32143345
0.26839057,0.25604096
0.22233544,0.206253
0.17407846,0.17329198
0.15167414,0.15341766
0.1327697,0.14305119
0.15974337,0.1522122
0.20550984,0.18251166
0.27268025,0.23105128
0.34973466,0.27074346
0.40360877,0.31202835
0.43944985,0.35041916
0.4352328,0.38510975
0.45084316,0.40175644
0.45690796,0.4103803
0.4352058,0.4131464
0.4368417,0.40165904
0.4142135,0.40258098
0.40653917,0.41660422
0.3830384,0.4143993
0.36214158,0.39965516
0.34639677,0.38161078
0.33387223,0.3655193
0.32154515,0.3359272
0.25876883,0.28039747
0.19662444,0.22132435
0.16144831,0.14405099
0.1238975,0.113641374
0.10190005,0.095903695
0.08862836,0.086207554
0.09395864,0.082715414
0.11174144,0.08389378
0.13139302,0.08987852
0.17689964,0.1359412
0.23041968,0.19371168
0.2734766,0.23551813
0.3061346,0.25897655
0.32586962,0.27706861
0.34437618,0.28455126
0.3465942,0.28058794
0.35318595,0.29010633
0.36679792,0.30284825
0.37887117,0.32214558
0.38283256,0.32802224
0.37247086,0.30970174
0.34991708,0.30298883
0.3410659,0.28507158
0.3222785,0.2660624
0.26868224,0.22068827
0.21299155,0.16751075
0.15671036,0.16912122
0.14379454,0.13494286
0.10477643,0.11038619
0.09452755,0.10095186
0.08770717,0.09378078
0.09878241,0.101838075
0.115584016,0.11300722
0.15968636,0.15838115
0.22515121,0.22582997
0.2927609,0.2766345
0.33683264,0.31449717
0.37274152,0.3437568
0.40935552,0.36335325
0.4403524,0.3752107
0.4512422,0.38033015
0.4811577,0.3955774
0.5236085,0.407627
0.5478996,0.42865184
0.5385011,0.42682743
0.5162918,0.41269174
0.47155273,0.4015985
0.45577133,0.3753498
0.389968,0.31831506
0.30909383,0.26304424
0.2624578,0.25973728
0.23363154,0.2286787
0.20366447,0.2141187
0.19421914,0.20225136
0.2329594,0.22101447
0.25159857,0.27241772
0.32451215,0.37220466
0.41899648,0.45734206
0.47115424,0.510017
0.5117273,0.5512341
0.5341118,0.58901805
0.5633683,0.6208666
0.59542805,0.642069
0.6022358,0.6627085
0.61150587,0.65778923
0.5884822,0.64380586
0.5812886,0.6315616
0.5701173,0.632611
0.53892297,0.6067818
0.48311228,0.5999477
0.47154492,0.57193035
0.44808197,0.53887534
0.37738645,0.44709542
0.31372017,0.36338556
0.25781524,0.24607731
0.2231192,0.2175304
0.20905115,0.19923587
0.19236897,0.18969028
0.20859566,0.20872197
0.26447597,0.27119648
0.3282617,0.37915748
0.40343234,0.43973848
0.45266092,0.47038597
0.47628048,0.49524248
0.49287927,0.5240568
0.5152098,0.5400557
0.52725244,0.5463855
0.5365183,0.5588951
0.54160494,0.5429653
0.51427,0.52626693
0.5118917,0.5166678
0.496435,0.5065186
0.46865895,0.49939054
0.4466495,0.49685308
0.4333886,0.48104858
0.41581464,0.44691938
0.34126693,0.3676739
0.277414,0.29540965
0.21953528,0.22974606
0.18592787,0.19576097
0.1609082,0.17738537
0.16022286,0.16210566
0.1761861,0.18202949
0.22598839,0.23188195
0.29929683,0.32032728
0.36504796,0.3712791
0.4006922,0.40676805
0.4161267,0.4381134
0.43660045,0.47553802
0.44044903,0.4937175
0.45640746,0.5102759
0.4827078,0.5291793
0.45725724,0.51776195
0.44361466,0.51515466
0.45534167,0.5114434
0.45642006,0.5099899
0.43993533,0.4901139
0.42510512,0.47458705
0.40799567,0.4560858
0.3746997,0.42374086
0.3212517,0.35184717
0.23679538,0.27487063
0.19666044,0.19122948
0.15755051,0.15743718
0.14228883,0.13882262
0.13744524,0.12940836
0.14933066,0.14290038
0.19665624,0.18832895
0.26566482,0.26843885
0.3421845,0.32311833
0.36689875,0.36518085
0.410737,0.39341915
0.45166832,0.43114537
0.46690118,0.44675705
0.48386422,0.4628173
0.51955163,0.47857457
0.5290018,0.4752988
0.54949594,0.47276682
0.5534765,0.47411865
0.5753438,0.47610834
0.56102365,0.45714003
0.51178306,0.43957546
0.48396024,0.4290378
0.45538965,0.3980271
0.3622736,0.3294746
0.28287992,0.25264105
0.23242289,0.22916327
0.19243498,0.19512585
0.16000502,0.17506252
0.14504398,0.16564125
0.14468631,0.17758384
0.18699428,0.22775173
0.2477464,0.2998128
0.321826,0.35675588
0.38164914,0.40517098
0.43698874,0.44500333
0.495551,0.4886929
0.52288234,0.5202786
0.5540311,0.5450811
0.5646496,0.5588303
0.5631991,0.5573127
0.572342,0.5588178
0.5739047,0.56128585
0.5682185,0.55850554
0.5469544,0.539793
0.5184372,0.5084164
0.4762289,0.49084246
0.43840143,0.45125946
0.37406838,0.37644568
0.29537204,0.2979554
0.24000722,0.23091407
0.19105351,0.194383
0.16616526,0.16854537
0.14499238,0.1510902
0.14289194,0.14815262
0.1495155,0.16338295
0.16055652,0.1859378
0.21192634,0.2320073
0.28891292,0.29041868
0.3573502,0.34444952
0.40859157,0.39321345
0.45786998,0.42834845
0.4777478,0.4520911
0.49287987,0.46360487
0.4911335,0.46673718
0.4936072,0.4818741
0.47425628,0.49236923
0.47262034,0.4999161
0.43303934,0.4876643
0.41189826,0.4594569
0.39226946,0.4415313
0.37970954,0.4110676
0.3282269,0.34899104
0.27626896,0.2873421
0.22730446,0.20946555
0.18895668,0.16853493
0.15394439,0.14235437
0.14230083,0.1254372
0.1317603,0.120072536
0.13536163,0.1297811
0.1471162,0.15386397
0.20840122,0.20609292
0.2606424,0.2716777
0.31267115,0.32316667
0.3332355,0.38111547
0.37722084,0.41900805
0.4048126,0.4483751
0.39895543,0.47124216
0.39841112,0.48113957
0.40590724,0.50039977
0.42708373,0.5136988
0.453114,0.52476496
0.4502364,0.5151829
0.4279815,0.48718098
0.40798005,0.47251648
0.39177316,0.44543105
0.33053738,0.37316483
0.26125634,0.30762815
0.20416556,0.2173851
0.16482459,0.183815
0.14656949,0.16701096
0.13013996,0.15639716
0.13306676,0.17141777
0.1619392,0.22482881
0.20791753,0.3143199
0.2690651,0.3844715
0.32600224,0.44014412
0.37716442,0.47778225
0.40334353,0.51881146
0.4392662,0.55061746
0.46724507,0.58043814
0.47942874,0.6035552
0.4871943,0.6017846
0.49637556,0.60113597
0.50809294,0.58985287
0.5133158,0.59683144
0.49052557,0.5663007
0.47042212,0.5531862
0.41734195,0.52943355
0.3918488,0.49686545
0.3311945,0.41484252
0.26394787,0.32941246
0.20306014,0.20322357
0.16914967,0.17212743
0.13597195,0.15425822
0.123434804,0.1477249
0.11760703,0.16165714
0.122778274,0.2195333
0.13925222,0.30315042
0.18503548,0.36363026
0.24050052,0.40956876
0.31302583,0.4479034
0.3557599,0.482364
0.4141163,0.50790304
0.44211137,0.5288976
0.4589328,0.54430455
0.46831807,0.53738415
0.49208888,0.536579
0.51643944,0.5293072
0.53081113,0.52780837
0.52204156,0.50446296
0.4969829,0.49513778
0.45723864,0.4739241
0.42234758,0.43677467
0.36115918,0.3634793
0.3207878,0.28364247
0.2542409,0.26008406
0.21019739,0.22195521
0.1885426,0.20400688
0.1712981,0.19351989
0.18456799,0.20666513
0.23238328,0.25547183
0.30484855,0.34357125
0.4145088,0.41516098
0.49024773,0.4744938
0.5633869,0.5285353
0.64957523,0.5823373
0.7171915,0.6224212
0.75040406,0.6512915
0.78701025,0.68789506
0.8021981,0.68340635
0.8082569,0.6829859
0.81207013,0.67698604
0.79296285,0.6865416
0.7824157,0.658253
0.7472444,0.63939047
0.7275544,0.6080048
0.6622726,0.5698112
0.5668274,0.48453766
0.46262172,0.39381745
0.3849924,0.37462148
0.32999846,0.32661572
0.29176712,0.29626536
0.27752802,0.27238217
0.28843585,0.2803965
0.32192922,0.31536645
0.39115444,0.39987916
0.4837712,0.48366952
0.5585812,0.54944646
0.64538753,0.60943407
0.726419,0.68114716
0.7923129,0.73286
0.8134162,0.7734636
0.8431456,0.8108989
0.86085343,0.8225599
0.8357635,0.81393987
0.7995354,0.8066465
0.76075673,0.8046157
0.74199635,0.7826947
0.71886885,0.7367952
0.6639829,0.6985341
0.64340115,0.6639717
0.5562077,0.55701697
0.43493032,0.45950043
0.3695537,0.37901157
0.32900167,0.33381638
0.29154626,0.30143148
0.2872512,0.27683517
0.301045,0.2844592
0.33057398,0.32060853
0.40439433,0.39574063
0.47112426,0.45913255
0.5397487,0.5148746
0.59091634,0.57133126
0.6643088,0.64241034
0.6706425,0.68652457
0.71178263,0.72071975
0.7304896,0.75604284
0.74166626,0.7583701
0.73751223,0.75466925
0.71083504,0.74777687
0.6907681,0.7481343
0.68495476,0.7221481
0.6180592,0.6808102
0.5721163,0.6453878
0.54400903,0.6084138
0.46627706,0.5129658
0.38136408,0.42617616
0.3055009,0.32557988
0.26342937,0.2794924
0.23538269,0.2469592
0.19026075,0.22630373
0.193517,0.22790158
0.19834678,0.24715936
0.20657445,0.29307324
0.25104347,0.3392126
0.309928,0.40182605
0.38075194,0.45780748
0.44925883,0.51939917
0.49977645,0.55642545
0.5133836,0.5847782
0.5426167,0.60682756
0.55993867,0.6095569
0.5662903,0.61545074
0.5907897,0.6189811
0.5808559,0.6237481
0.5675518,0.5907877
0.51895815,0.54990876
0.48532432,0.5165708
0.44973773,0.48423463
0.39771017,0.4041188
0.3252641,0.33523852
0.27740622,0.2688195
0.22151268,0.22315738
0.20440622,0.19382928
0.17584163,0.1806752
0.1771475,0.17722762
0.17063557,0.18943247
0.18539916,0.2163686
0.22546208,0.26346526
0.27961764,0.32432777
0.33772922,0.38561898
0.38861895,0.43710548
0.40787202,0.46923503
0.40297624,0.49662948
0.39934552,0.50605434
0.40394184,0.50833654
0.40369397,0.515965
0.4392008,0.52595484
0.4590564,0.5376673
0.45738566,0.50692874
0.4447111,0.4718205
0.42215973,0.4452321
0.4150273,0.41320622
0.33632013,0.35305902
0.3074765,0.2890782
0.24942854,0.25857255
0.21488373,0.22303966
0.2009249,0.20148207
0.21015358,0.18922551
0.21935284,0.19511703
0.2828349,0.22747672
0.35858464,0.2717473
0.43504253,0.32901287
0.49734837,0.39332244
0.5345097,0.44812912
0.5682749,0.4978816
0.6228428,0.53190684
0.6455376,0.5640561
0.6677859,0.57798374
0.6859066,0.58197474
0.676244,0.5877969
0.68600976,0.5933589
0.68332726,0.59784716
0.6583466,0.5706433
0.64738053,0.54610074
0.59912837,0.5206179
0.5533697,0.48235506
0.45476434,0.4112276
0.36001775,0.33660313
0.2882144,0.3095105
0.24022207,0.2652265
0.21782734,0.23240261
0.20795894,0.21231541
0.21775292,0.2043055
0.25876284,0.22686389
0.33007768,0.25837153
0.3884587,0.3192143
0.4536283,0.38764745
0.5070301,0.44736636
0.58266765,0.51827955
0.6273893,0.5664053
0.67095935,0.6094445
0.704817,0.64130914
0.72481245,0.6546852
0.7292143,0.67023647
0.73773664,0.6748672
0.74476707,0.6776792
0.7390629,0.67649746
0.7087118,0.6264223
0.6503115,0.6090962
0.62361157,0.5705439
0.50755465,0.48333064
0.42031255,0.41036674
0.35608035,0.3617835
0.28993374,0.3150917
0.27424777,0.28395078
0.24499723,0.26080433
0.2621451,0.26760015
0.3272553,0.31381196
0.38825706,0.40170503
0.46108362,0.47692364
0.5180352,0.53957176
0.5854978,0.5937018
0.6210184,0.67397887
0.665524,0.7289261
0.6896489,0.77301776
0.72873604,0.8255987
0.7378945,0.83448887
0.7346994,0.8366263
0.7330137,0.8294878
0.7330581,0.82927614
0.71292347,0.8172129
0.682121,0.7658819
0.64984226,0.7370755
0.6155969,0.6948328
0.51688534,0.57506865
0.42222333,0.48736426
0.37055528,0.36996964
0.3050418,0.321067
0.29184994,0.28925514
0.28812316,0.26649147
0.28651544,0.27493706
0.33029193,0.32634988
0.40998808,0.42429727
0.4900671,0.50170696
0.5668898,0.56419724
0.6205521,0.61350644
0.6459181,0.69011676
0.71727794,0.74235827
0.73162025,0.78840137
0.7587667,0.83733517
0.77775276,0.8469968
0.77665573,0.847875
0.77257615,0.8356436
0.7585585,0.83575535
0.7407265,0.8097273
0.7152825,0.75661397
0.657375,0.7227029
0.62030005,0.6811248
0.52936846,0.5639329
0.4209427,0.4682962
0.35410413,0.36671188
0.30140027,0.32014748
0.2620599,0.2883398
0.24143432,0.26747504
0.2472807,0.27464697
0.27719197,0.31574193
0.351454,0.3890891
0.4254772,0.45181283
0.483824,0.50952506
0.53782654,0.557803
0.59196174,0.6195345
0.63834393,0.66055506
0.67647386,0.69781256
0.70318705,0.72131634
0.6943635,0.72401434
0.67886174,0.72090584
0.6858267,0.7083943
0.6859888,0.7031688
0.6698203,0.6681514
0.6170858,0.62566924
0.5660593,0.5889744
0.5314671,0.55124927
0.44397834,0.45309946
0.35773367,0.37223256
0.28784412,0.29622677
0.23662435,0.24946186
0.20765227,0.21580268
0.17736953,0.19374824
0.17657617,0.18799284
0.18535535,0.19286455
0.20058824,0.20782374
0.25470722,0.25291297
0.32640734,0.3251747
0.4096934,0.39276206
0.47616708,0.45858783
0.5389566,0.5049625
0.59196174,0.5474369
0.6160026,0.56405467
0.63097626,0.5792643
0.6466292,0.59881926
0.6475576,0.6110246
0.6392147,0.6200724
0.60233784,0.58560467
0.56106085,0.5377562
0.5342714,0.5010648
0.49352798,0.46994364
0.39799282,0.39777488
0.31667694,0.3271154
0.27226737,0.26791438
0.22219561,0.22145793
0.19920616,0.19055574
0.18214831,0.17185694
0.1658538,0.16509932
0.17146555,0.17384052
0.19493149,0.19160268
0.22049607,0.23382467
0.2877865,0.30063194
0.3479631,0.36597383
0.3722116,0.43449223
0.41677424,0.48129487
0.4791557,0.5174572
0.5011003,0.5417285
0.5335327,0.5514783
0.5752093,0.56770325
0.6110846,0.5869939
0.6009641,0.5932583
0.6030832,0.57793903
0.5608592,0.5430098
0.5292556,0.51179236
0.49622554,0.4794467
0.4170299,0.4169917
0.31699082,0.34999678
0.29796636,0.29656127
0.24921249,0.25387037
0.21905757,0.23077044
0.2152324,0.21518144
0.2206173,0.2258175
0.27313274,0.2706313
0.3593198,0.34706277
0.424535,0.4190703
0.48987985,0.48318985
0.5261824,0.5399283
0.62014043,0.6037405
0.631817,0.65107465
0.6900432,0.69382817
0.7267923,0.7308705
0.7397309,0.7384695
0.7225938,0.7395926
0.717662,0.73795426
0.6787453,0.74217296
0.647374,0.7188652
0.59759146,0.6803583
0.5678651,0.64816177
0.5497336,0.60669434
0.447132,0.5119724
0.3533972,0.42291903
0.30932546,0.30651912
0.26129955,0.2641485
0.23310223,0.23118238
0.23082176,0.21308766
0.233943,0.2139217
0.2897615,0.25115293
0.36848426,0.306683
0.42921054,0.36706182
0.47717288,0.42814395
0.52412456,0.47943097
0.559698,0.54383194
0.58914655,0.5880178
0.6320276,0.62774867
0.6657851,0.6595383
0.6920884,0.66776246
0.66567284,0.6777851
0.67873454,0.67641383
0.6764535,0.67511815
0.65429455,0.6619866
0.60487276,0.61805594
0.5730189,0.59611124
0.5275417,0.5555509
0.4403338,0.46174407
0.3475064,0.38533992
0.29472452,0.30496058
0.25141793,0.26602873
0.21157166,0.23603849
0.2058261,0.21853212
0.22631605,0.22533223
0.27327016,0.27634105
0.34358102,0.35692954
0.4106302,0.41512278
0.4599596,0.46497104
0.512316,0.50320417
0.5562179,0.56339556
0.59273046,0.59957623
0.63614446,0.6282555
0.67247885,0.66043955
0.6822878,0.66186935
0.6896501,0.66196185
0.7034667,0.6560166
0.7014623,0.65072054
0.6649863,0.63657916
0.6204849,0.6081207
0.580332,0.58567363
0.54571396,0.5451634
0.4516035,0.4509822
0.35279468,0.3761409
0.2971052,0.3054507
0.24654675,0.2639304
0.22229464,0.23527636
0.20556204,0.21763918
0.20716317,0.22924408
0.2532801,0.27798614
0.32863617,0.36295766
0.40597326,0.4212173
0.46075234,0.4717959
0.5278537,0.51097435
0.58073163,0.5687291
0.63433874,0.60559183
0.6728965,0.63741326
0.70721686,0.6649831
0.7095982,0.6668211
0.71651095,0.66717094
0.72982883,0.6618574
0.72368,0.6567863
0.6865235,0.6294685
0.615154,0.59198344
0.55594724,0.5629894
0.5119661,0.52453166
0.42929757,0.42576304
0.33831134,0.34927633
