true,forecasted
0.18126675,0.18402763
0.15431611,0.16232738
0.13813336,0.14990564
0.13277349,0.14472747
0.1381577,0.15857309
0.17369999,0.20716584
0.22170196,0.27295068
0.26566324,0.32387128
0.285213,0.34155363
0.29453284,0.35063943
0.3131005,0.3694187
0.32594442,0.38206768
0.34643638,0.3914655
0.36187637,0.39832276
0.36266485,0.39762664
0.35899284,0.39283794
0.38100293,0.40155697
0.38609526,0.40847522
0.38421378,0.4039898
0.35721108,0.40079254
0.3433262,0.3791518
0.3193938,0.35288054
0.2707191,0.29399234
0.2060611,0.23762798
0.173377,0.17787792
0.1493264,0.16261208
0.13154237,0.14971498
0.12586388,0.14476047
0.13755259,0.15817925
0.1738396,0.2045941
0.22920647,0.27409777
0.2701101,0.31775022
0.2862953,0.33446562
0.29648727,0.33661667
0.311685,0.3531799
0.32546094,0.36407426
0.33739042,0.37460178
0.35013318,0.37981704
0.35141686,0.37889946
0.3484706,0.37528726
0.35824668,0.38327476
0.35192856,0.39010972
0.3372547,0.3800788
0.32668284,0.37847015
0.31942347,0.36546573
0.29943934,0.32713956
0.2541667,0.26859874
0.1982414,0.20792237
0.16039783,0.15927432
0.13913685,0.1424149
0.12191852,0.12790316
0.116117954,0.12441657
0.12467313,0.13937241
0.16155648,0.18463519
0.20986734,0.25246847
0.2493268,0.29817528
0.27538,0.31559816
0.28712657,0.3214986
0.3020996,0.33121577
0.3091877,0.33878338
0.31859022,0.3454051
0.3256842,0.3470177
0.31457677,0.34542754
0.31656185,0.34200674
0.3265072,0.35107476
0.33270228,0.35925487
0.30382442,0.3541694
0.28306058,0.35330814
0.27054885,0.33790132
0.25043973,0.30904493
0.20426086,0.2541783
0.15069471,0.20299314
0.119220346,0.11489097
0.084089555,0.093979806
0.06647917,0.08014001
0.06557929,0.06859216
0.060169313,0.076494224
0.08196244,0.103401266
0.091070674,0.13550968
0.12186112,0.17234576
0.1528267,0.20544319
0.18235391,0.22679318
0.18780863,0.24093436
0.21080224,0.25362018
0.22151907,0.2581721
0.24009258,0.26374137
0.2616381,0.26540342
0.29134288,0.2759021
0.31929848,0.29271728
0.33025753,0.2970376
0.33286622,0.28704602
0.31167576,0.28442055
0.28949788,0.27202365
0.2629495,0.24610122
0.21299066,0.19180886
0.15951936,0.14216971
0.10976529,0.11266056
0.07656267,0.09308342
0.058972716,0.07262767
0.04557863,0.06220834
0.043421835,0.06358695
0.042589083,0.08838969
0.051947337,0.114507735
0.089393005,0.18357289
0.14182141,0.23853184
0.18829359,0.27769095
0.23086031,0.31712818
0.27678868,0.35286492
0.3202543,0.37525856
0.36368632,0.3975015
0.3942399,0.4320616
0.41907024,0.449368
0.4426811,0.48130393
0.46798718,0.49743542
0.4610868,0.4745633
0.4354062,0.47365797
0.4233702,0.4524613
0.39351708,0.4147848
0.34705997,0.34778684
0.29075918,0.2866056
0.24888317,0.19455296
0.21388032,0.17494202
0.20462956,0.15032113
0.1966255,0.12542067
0.2098761,0.14222163
0.24806988,0.1937435
0.30311036,0.25350818
0.35362762,0.3543869
0.39689577,0.40460747
0.4276536,0.46304443
0.46236414,0.4953831
0.48227093,0.548037
0.4889242,0.5966711
0.4863403,0.6192297
0.47431841,0.65939635
0.46612564,0.6602828
0.4536752,0.6779863
0.45461252,0.7029624
0.43339047,0.6896312
0.40816322,0.67899305
0.38412136,0.605888
0.34992403,0.56112355
0.28820983,0.4761262
0.23544092,0.41326404
0.19616972,0.21259663
0.17311288,0.18983302
0.15000641,0.16829367
0.14803398,0.15909787
0.15186407,0.167788
0.1775286,0.20453092
0.23930019,0.25616512
0.27946398,0.29673526
0.30439502,0.3326698
0.32657045,0.35008988
0.34086055,0.37724236
0.3570428,0.40808368
0.3665319,0.41993326
0.38570952,0.4405646
0.38660747,0.44057465
0.4008922,0.4405647
0.42390576,0.44847712
0.4370834,0.4564751
0.41835034,0.43943685
0.40139368,0.4345705
0.386534,0.41296014
0.36519814,0.36992598
0.29616135,0.31481546
0.24018402,0.25118682
0.19592068,0.20108536
0.16633363,0.17688128
0.1499607,0.15082213
0.1451962,0.14150025
0.15334083,0.14971337
0.19043384,0.18322395
0.24498354,0.24016018
0.28814855,0.282088
0.31564108,0.31799585
0.33353308,0.34590322
0.35088518,0.3938359
0.34106386,0.42144832
0.34731,0.44702026
0.35113278,0.46903047
0.35081708,0.47084022
0.35081562,0.46972623
0.35711187,0.48164663
0.35822868,0.48349696
0.35372347,0.4609636
0.34787765,0.4459291
0.33543548,0.4288757
0.3171052,0.39208454
0.26979297,0.32237467
0.21330488,0.26068687
0.17462322,0.19169009
0.14430897,0.17515872
0.130409,0.15274483
0.12022724,0.13450816
0.13335574,0.1493587
0.17240173,0.18968664
0.2113626,0.24100783
0.25942928,0.2838126
0.29070273,0.31976792
0.310932,0.34604606
0.32811922,0.37600595
0.3458843,0.4066038
0.36778346,0.4294424
0.38095865,0.45369408
0.3945327,0.4593603
0.41125685,0.4637654
0.4247244,0.47709543
0.43657118,0.48568428
0.42571378,0.45842877
0.40479574,0.4539707
0.3838305,0.4239954
0.3533849,0.38760978
0.29855406,0.3206435
0.23771593,0.2578085
0.23498298,0.18908994
0.23225003,0.16197962
0.2295171,0.14070822
0.22678415,0.12568647
0.2240512,0.13312876
0.22131827,0.17014892
0.21858533,0.20590165
0.21585238,0.27017766
0.21311945,0.30031398
0.2103865,0.34438637
0.20765357,0.39315492
0.20492062,0.4250747
0.20218767,0.44237694
0.19945474,0.457777
0.19672179,0.46844232
0.19398884,0.46886805
0.19125591,0.48082736
0.18852296,0.48358583
0.18579003,0.4593083
0.18305708,0.45210993
0.18032414,0.41900247
0.1775912,0.37898123
0.17485826,0.3186326
0.17212531,0.25845772
0.16939238,0.1038656
0.16665943,0.0829506
0.1639265,0.06861787
0.16119355,0.06268011
0.1584606,0.057677075
0.15572767,0.07057307
0.15299472,0.101701036
0.15026177,0.1389164
0.14752884,0.18166564
0.1447959,0.20899433
0.14206296,0.21940319
0.13933001,0.23714364
0.13659707,0.24853623
0.13386413,0.2560476
0.13113119,0.2623683
0.12839824,0.27949724
0.1256653,0.3015879
0.12293236,0.32154703
0.12019942,0.31774813
0.11746648,0.31634402
0.11473354,0.30316505
0.11200059,0.28100786
0.10926765,0.22072172
0.10653471,0.17910445
0.10380177,0.09344917
0.0734058,0.0840022
0.04999679,0.057164684
0.043919932,0.05856505
0.041483447,0.053145662
0.03972017,0.073857784
0.050862134,0.10669288
0.08827278,0.1458831
0.12907329,0.20137876
0.16603838,0.24488351
0.19628452,0.26927078
0.22362868,0.31264493
0.2466578,0.33533418
0.27020058,0.3567969
0.29744017,0.38289773
0.33210203,0.39265123
0.3680184,0.4202912
0.38600284,0.46113026
0.38499546,0.4426887
0.37179157,0.44713134
0.3492309,0.40967444
0.32697663,0.38779306
0.27211076,0.32065925
0.21789718,0.26807547
0.1630999,0.13181573
0.13541427,0.11345131
0.121291526,0.09811981
0.114917465,0.08864852
0.12590134,0.12521224
0.1514511,0.18136638
0.2085005,0.2528542
0.26373652,0.369608
0.31858635,0.40455687
0.3592716,0.4795636
0.405897,0.4936217
0.45811915,0.5454316
0.4975528,0.5914367
0.5374715,0.6061661
0.5657875,0.67520994
0.5817304,0.67601687
0.5948156,0.7219361
0.6073142,0.75985825
0.58822995,0.7398734
0.549487,0.7517688
0.5206165,0.64049643
0.48741287,0.6097689
0.40680173,0.5203149
0.33989403,0.44796628
0.2833529,0.27535504
0.24562512,0.25331074
0.22610019,0.22129834
0.2087943,0.2018405
0.21514939,0.20567986
0.2512603,0.24224922
0.30680424,0.29609227
0.3526013,0.3521432
0.38118678,0.39459997
0.40073946,0.43679756
0.43312344,0.4753462
0.45379147,0.52718854
0.47775403,0.55745935
0.5086938,0.5815617
0.5170043,0.6030251
0.5312039,0.60332793
0.5481406,0.6026676
0.54848886,0.61985517
0.5215431,0.5935422
0.48788178,0.5953394
0.47033173,0.55098987
0.4398628,0.49984118
0.37679246,0.42783543
0.30413333,0.36186373
0.24905537,0.26994652
0.21638198,0.24561459
0.19476737,0.22073594
0.17628434,0.20666175
0.18916477,0.21163467
0.21723127,0.23950931
0.26281816,0.29701257
0.30138698,0.34491408
0.3293372,0.38289547
0.33777955,0.41711116
0.3581105,0.4558644
0.37317201,0.49542773
0.38485733,0.52073485
0.3927855,0.53721905
0.3810501,0.5444395
0.3723777,0.53910637
0.36996067,0.54035777
0.37073556,0.5606641
0.3580993,0.54212284
0.34737518,0.5311717
0.3420683,0.50165147
0.32380953,0.45775372
0.27269933,0.39545375
0.21943475,0.3304388
0.18993284,0.20511419
0.16218057,0.18490094
0.15318178,0.1659858
0.14848976,0.15723684
0.15446398,0.16550648
0.19297199,0.20210415
0.24623121,0.2588766
0.28356498,0.29799733
0.31514832,0.32119244
0.3289442,0.34102228
0.34283102,0.36191422
0.35097274,0.37929925
0.3496555,0.3928892
0.34661976,0.40217674
0.33049637,0.3964979
0.3290167,0.39346647
0.32610837,0.39764047
0.33819494,0.40975517
0.33491307,0.39066613
0.32996812,0.3850798
0.32505038,0.36056033
0.31685615,0.32407048
0.26860318,0.27269074
0.23021142,0.21727946
0.18853584,0.15987521
0.176028,0.13815784
0.15701623,0.11935952
0.15707363,0.10684
0.1639813,0.110253185
0.19382712,0.14309248
0.24581094,0.1794807
0.28771514,0.22967179
0.3182001,0.25811088
0.3376346,0.28848016
0.35943744,0.3160161
0.36891827,0.33079302
0.37020728,0.34397805
0.36973596,0.3486056
0.35972396,0.35179633
0.35010934,0.3586986
0.34779495,0.368549
0.34901586,0.37352696
0.3384299,0.3572081
0.329399,0.35008264
0.32087836,0.32350093
0.3070679,0.28777796
0.26532227,0.23350942
0.21531282,0.18116412
0.17772804,0.13599847
0.14774603,0.106186405
0.13382319,0.08530797
0.108754024,0.072285295
0.11382204,0.06639978
0.1232017,0.088880345
0.14952584,0.11614634
0.18438618,0.16583122
0.23106314,0.207437
0.2688785,0.24662648
0.31167722,0.27812347
0.34357235,0.3034129
0.37052834,0.3178944
0.3934592,0.32963327
0.41156185,0.3401059
0.43771815,0.35982484
0.4352384,0.38123503
0.4395651,0.38268673
0.43572676,0.3687362
0.41861933,0.36415905
0.39838567,0.33461216
0.3708022,0.3044482
0.3158225,0.23853736
0.25619847,0.19021256
0.20465194,0.19178638
0.16768539,0.16117325
0.14022547,0.13486439
0.11947475,0.11606533
0.1163957,0.12027012
0.11550749,0.14813535
0.12769331,0.1984791
0.18719283,0.2500368
0.24944888,0.29385662
0.3038789,0.33056483
0.35914025,0.36248443
0.40611878,0.40582013
0.44377217,0.43215048
0.47043386,0.45474753
0.47956887,0.4731755
0.49058387,0.47880948
0.50687116,0.48818502
0.53098744,0.4945833
0.52538925,0.4766855
0.50755215,0.46729094
0.47131088,0.42843023
0.44243646,0.3857895
0.3835187,0.3297491
0.31729004,0.26401484
0.26377106,0.23568779
0.23082042,0.2117104
0.21335839,0.18605438
0.20413925,0.16868386
0.21425875,0.1772596
0.25291124,0.22587651
0.3128772,0.296387
0.372116,0.33937666
0.42227575,0.37289405
0.45641765,0.3973297
0.5133897,0.41529086
0.56063384,0.4500573
0.6046661,0.47310725
0.63858134,0.49663383
0.6346827,0.49627435
0.63319665,0.501868
0.645275,0.50156707
0.6439524,0.5028132
0.6298122,0.49579838
0.5970517,0.48402548
0.5346682,0.44587356
0.4814338,0.41525358
0.39070702,0.34143418
0.32395837,0.280343
0.2793842,0.2778424
0.23333716,0.24476743
0.2149879,0.22051087
0.20544237,0.21227352
0.20992766,0.22040382
0.24066363,0.2523882
0.29410282,0.32370466
0.3404529,0.3786868
0.37205568,0.40592414
0.4070819,0.43877134
0.4480079,0.4600381
0.4721485,0.49118733
0.51730883,0.51969326
0.5543994,0.52602434
0.54551977,0.53801316
0.51996756,0.53258705
0.5001678,0.527094
0.50150985,0.53880775
0.49858502,0.52617884
0.47774333,0.5112972
0.45321164,0.4667387
0.42450306,0.42791653
0.36885017,0.36685842
0.2966682,0.30260134
0.2494484,0.23879677
0.21885008,0.21034488
0.1978002,0.18723792
0.18857037,0.1773029
0.19612838,0.18254504
0.22469054,0.216245
0.2746353,0.27418116
0.3249648,0.3249468
0.36389014,0.35274398
0.3891962,0.38436761
0.4130994,0.4162371
0.4172734,0.43939257
0.44445607,0.46530688
0.4607322,0.479929
0.46030706,0.4839224
0.46321392,0.48336697
0.45822325,0.48725593
0.47000825,0.49228805
0.46602252,0.47119433
0.43810096,0.44640425
0.41782743,0.4148986
0.39173093,0.38302678
0.32915044,0.31382984
0.26732436,0.25353843
0.22094704,0.21369967
0.19006807,0.1896252
0.17115407,0.16697267
0.16568571,0.15128216
0.16399102,0.16040966
0.19260572,0.19904718
0.24152897,0.25307927
0.28986853,0.30105892
0.31789806,0.33700943
0.34572184,0.36281344
0.37921727,0.38881677
0.41679573,0.40817934
0.44746652,0.43044636
0.48999724,0.45041522
0.5126479,0.44999966
0.5311193,0.45423877
0.5616383,0.4585319
0.57467,0.46079347
0.56790197,0.44813877
0.5336895,0.4222315
0.509869,0.39626166
0.46700606,0.36587602
0.38951725,0.2971179
0.31232658,0.24184336
0.25804248,0.25326985
0.20964846,0.22244883
0.18801196,0.19768691
0.17274417,0.18047485
0.17900392,0.1898478
0.20060784,0.22994968
0.2384587,0.29637298
0.29620126,0.35109583
0.34146127,0.38040417
0.37853143,0.4136605
0.42759913,0.44717374
0.47841603,0.4815164
0.5265289,0.51349425
0.54503965,0.5404898
0.55120456,0.5490527
0.55239046,0.54968554
0.5524834,0.5558329
0.5549024,0.5615317
0.5314291,0.5402713
0.49752024,0.5095384
0.46379372,0.46497324
0.4297866,0.4271973
0.36144635,0.35275114
0.2910622,0.28782603
0.22888057,0.23607862
0.18336761,0.20050484
0.16156963,0.17289835
0.13925895,0.15652744
0.1352231,0.15089956
0.13761435,0.17957844
0.15125604,0.21688113
0.18304025,0.26830366
0.23569581,0.30688134
0.28331983,0.34169483
0.31792822,0.38069978
0.3556847,0.41304183
0.37563136,0.43665642
0.386284,0.4555849
0.389364,0.4743551
0.40452528,0.48324823
0.40912,0.48876905
0.41893598,0.4864167
0.4050837,0.47155988
0.38779676,0.45235544
0.3726686,0.41804108
0.34739414,0.38299793
0.30642194,0.31864506
0.2549756,0.26480484
0.20630966,0.19808827
0.17234044,0.17268491
0.14971797,0.14534184
0.13853662,0.13113569
0.13156328,0.1302543
0.13691051,0.16683662
0.15279701,0.22114775
0.18217295,0.26058912
0.2475752,0.30276233
0.293774,0.33825967
0.33384585,0.37678507
0.379979,0.40827534
0.42083204,0.4390118
0.45932207,0.46379712
0.48665553,0.47587168
0.5103807,0.49116954
0.5482758,0.50108945
0.5614695,0.50708187
0.55307,0.48644167
0.52325386,0.46457002
0.48827335,0.43635687
0.45549586,0.3942545
0.38732105,0.32484624
0.32166004,0.26014647
0.26148245,0.2504891
0.20968105,0.22055268
0.1928966,0.19673899
0.17540976,0.1859871
0.17343003,0.19761148
0.1883009,0.2466945
0.22617023,0.32164904
0.27552396,0.37118325
0.32658213,0.42045236
0.36844158,0.46124735
0.41307753,0.49732128
0.44906977,0.5393027
0.48343882,0.57676125
0.5191514,0.60447395
0.5594431,0.6189291
0.58792645,0.63363355
0.6268124,0.6475808
0.6321343,0.6554474
0.588319,0.63838434
0.5519848,0.61039865
0.5072905,0.56106883
0.46534932,0.5217631
0.41048393,0.4394508
0.34157023,0.3667035
0.28784648,0.27596027
0.2405965,0.24941951
0.21406175,0.22218719
0.18906116,0.2139974
0.17639817,0.22197422
0.1802409,0.2601923
0.18629587,0.33775425
0.22625974,0.38922116
0.2927788,0.42430997
0.35857356,0.45657566
0.42163855,0.49636564
0.47532678,0.53046465
0.50577384,0.56637394
0.52624196,0.58671325
0.54802483,0.5943981
0.5700762,0.60298425
0.59870505,0.59673464
0.6111657,0.6110222
0.60850596,0.5993075
0.5874434,0.56857497
0.53562987,0.516771
0.48124945,0.47978157
0.42648718,0.39387226
0.35949534,0.33171314
0.29773104,0.2954641
0.24882723,0.26415995
0.2191609,0.23899102
0.1988392,0.21835287
0.20683013,0.2227762
0.23718037,0.2612708
0.3028623,0.33683315
0.3993595,0.39124867
0.4773386,0.44481903
0.54290867,0.48323056
0.6074543,0.53223705
0.66053015,0.5779617
0.70753497,0.61687446
0.75297934,0.64959264
0.7734178,0.65155655
0.7890776,0.66337955
0.8104879,0.6549597
0.82429695,0.6639091
0.8216649,0.6538427
0.7989228,0.60454327
0.7335828,0.5521458
0.6729091,0.5144056
0.5868354,0.42279387
0.48962757,0.35585654
0.41281876,0.3893341
0.35870537,0.34729797
0.3221805,0.3189063
0.29752576,0.29103535
0.2974893,0.28252968
0.317524,0.30786115
0.3714968,0.38839373
0.44735512,0.44676784
0.5239864,0.48468053
0.5943516,0.53739226
0.6671946,0.57822025
0.7278148,0.64073545
0.7487022,0.691389
0.76430416,0.7223867
0.7697414,0.72931194
0.78043,0.72117025
0.7989534,0.7082006
0.8112317,0.7176064
0.7971877,0.6706425
0.75669026,0.6050113
0.7051612,0.552609
0.6554879,0.5052035
0.57218003,0.41759235
0.48209193,0.34119993
0.41191837,0.40745798
0.35803655,0.366294
0.3300795,0.33809695
0.31241122,0.30759642
0.3020529,0.29566497
0.32658944,0.33575523
0.37242052,0.4034631
0.43867397,0.46523008
0.5007856,0.5058207
0.5715574,0.5516959
0.6366401,0.60943496
0.688977,0.66080296
0.7264733,0.70506686
0.74129844,0.7326201
0.705473,0.7449008
0.67017347,0.74625856
0.6803844,0.7386034
0.68173665,0.74361897
0.6542524,0.6951487
0.6228486,0.6385192
0.58303404,0.5816504
0.55041075,0.53584874
0.47915784,0.4436459
0.40723854,0.37149924
0.33253932,0.32925928
0.2876417,0.2880345
0.255678,0.24470061
0.23135257,0.22181413
0.22853813,0.20975098
0.2256629,0.22230738
0.24299894,0.2550394
0.29577562,0.30349568
0.36832437,0.35779053
0.4356572,0.40643963
0.49454576,0.46447352
0.55658734,0.5170924
0.5903075,0.5507368
0.62334716,0.57157564
0.633937,0.59667724
0.6565133,0.6111593
0.6785554,0.61150146
0.69672763,0.60748947
0.6790954,0.58030653
0.63357806,0.54111
0.5833565,0.4932886
0.54361546,0.45178354
0.47421727,0.38053465
0.4003688,0.3140908
0.3382791,0.32147276
0.28831685,0.28097647
0.25174722,0.24436066
0.23426817,0.23201482
0.21821189,0.2193918
0.21836172,0.24470645
0.22070919,0.2852494
0.2603194,0.3297045
0.32005534,0.38660723
0.37246233,0.43229967
0.42639622,0.48176748
0.4746813,0.5446994
0.49295226,0.58285207
0.4813268,0.6164892
0.43856746,0.63186806
0.4019847,0.6510963
0.3935628,0.65398574
0.39545304,0.66985774
0.38348952,0.6338898
0.3635803,0.60053104
0.35368454,0.5416245
0.34315985,0.49011993
0.30193615,0.42413086
0.25702587,0.34888327
0.2129853,0.21776375
0.18827608,0.1757729
0.16847728,0.15453938
0.1661308,0.14034377
0.17373404,0.11617627
0.21731737,0.15231189
0.27411383,0.15510646
0.33008972,0.20024763
0.36696774,0.25311393
0.4068776,0.29035425
0.44181916,0.33963808
0.48679852,0.36707288
0.52889776,0.39137036
0.5681476,0.4084975
0.6035162,0.43540183
0.6328071,0.46459132
0.6763894,0.49561283
0.6984481,0.50288004
0.68757516,0.4839613
0.6487213,0.46717823
0.5919423,0.44261178
0.5416654,0.40359855
0.46536097,0.3327596
0.3790232,0.27936006
0.30969408,0.3039893
0.26346317,0.2782828
0.23197031,0.2481406
0.2126633,0.24306792
0.21510221,0.24357644
0.24416052,0.29607302
0.29665655,0.36702898
0.3508667,0.42187488
0.41207063,0.47654688
0.45662633,0.5241952
0.5039507,0.57057846
0.55276114,0.6439848
0.61021376,0.6852804
0.65183246,0.73044956
0.6807764,0.7495272
0.71081394,0.7731939
0.7393498,0.78851694
0.76383674,0.8080299
0.75157213,0.7563014
0.715863,0.72029394
0.6600413,0.6680079
0.59203815,0.6007427
0.50273955,0.52160466
0.41675535,0.4312846
0.35041434,0.35108963
0.30294254,0.3218901
0.26837164,0.29073396
0.25435638,0.2865103
0.25483307,0.2815207
0.28443035,0.3260928
0.32432806,0.38984966
0.39692542,0.44289833
0.46033916,0.49695623
0.5205688,0.53437304
0.58523506,0.5864758
0.6505658,0.65362656
0.7020603,0.6955516
0.7515711,0.7297478
0.7683298,0.7574398
0.79540354,0.7696137
0.80367464,0.7716557
0.8111655,0.7884946
0.79924965,0.75130343
0.7612869,0.71403545
0.7069065,0.677858
0.650325,0.6111795
0.55854225,0.53080285
0.4777331,0.4429176
0.40190542,0.40885746
0.3532531,0.367304
0.32539332,0.33660153
0.3015869,0.3196367
0.2975963,0.31245726
0.33233064,0.35221526
0.38312274,0.4048291
0.45036998,0.47379076
0.492047,0.5364636
0.54385716,0.583355
0.6130783,0.656849
0.6865201,0.7267022
0.7495374,0.7718269
0.8040166,0.8039559
0.8258097,0.843216
0.8455963,0.8588275
0.86112726,0.8603502
0.8742485,0.8708024
0.87097,0.844229
0.84220403,0.8028198
0.78546494,0.75167245
0.7397331,0.68545014
0.6606931,0.5942162
0.57793534,0.4940127
0.5040086,0.45155638
0.4496632,0.40630397
0.41098252,0.38763407
0.3819135,0.3665732
0.3710089,0.36106873
0.38803512,0.38357857
0.42576972,0.44720647
0.49221873,0.532734
0.5486236,0.6005099
0.59381604,0.664208
0.66521436,0.72606194
0.70650667,0.80544907
0.7443823,0.85842
0.7833855,0.88950294
0.80142105,0.9129037
0.8038439,0.92072177
0.7987676,0.9246753
0.7863609,0.93988943
0.7539269,0.89783
0.7032316,0.84691846
0.65363073,0.78459275
0.6017778,0.7113177
0.5186825,0.6414364
0.4360405,0.5426369
0.37023064,0.36357415
0.31764024,0.32285133
0.2800793,0.28848502
0.25717616,0.2742415
0.24372177,0.26434383
0.24193124,0.30303887
0.25397894,0.34820113
0.3038254,0.4043052
0.3767983,0.45716542
0.4503082,0.49535543
0.51982266,0.54062665
0.58446753,0.58733535
0.64719003,0.62171656
0.6856509,0.6477252
0.70033205,0.6705425
0.71563876,0.68035096
0.7128652,0.68409157
0.720519,0.684461
0.7095458,0.6479137
0.6743435,0.61430454
0.6280265,0.55703753
0.5925231,0.5111401
0.52665925,0.42809552
0.45514858,0.358634
0.38656855,0.37856418
0.33469173,0.33761403
0.29784,0.30341452
0.27627015,0.27992105
0.26025814,0.2782836
0.25798753,0.29204854
0.2680613,0.3333332
0.30197945,0.39721897
0.343441,0.46694827
0.3750321,0.54095334
0.41533697,0.61987334
0.44409272,0.6939401
0.46583864,0.74583423
0.48383915,0.77884954
0.5091233,0.79376197
0.5480088,0.8237961
0.59435695,0.8324214
0.6362198,0.85010695
0.6437082,0.8202437
0.6243098,0.7644287
0.58717006,0.7070016
0.5483386,0.65131205
0.48033398,0.5742087
0.39914206,0.48631275
0.34648407,0.36247241
0.30754265,0.3330593
0.27324364,0.3091477
0.25357032,0.29617333
0.26100674,0.2962984
0.2981878,0.34636715
0.3555378,0.42228252
0.41401097,0.47067595
0.4560718,0.527785
0.5254213,0.5627574
0.5925406,0.61404127
0.65114564,0.68015844
0.70283127,0.7193888
0.75229204,0.76824206
0.7648597,0.7769277
0.7855117,0.8049635
0.80333364,0.8097133
0.80741423,0.82279396
0.7957017,0.77830523
0.7498983,0.7246282
0.71472764,0.6856569
0.65156686,0.6230267
0.5546596,0.5351795
0.46680322,0.44757575
0.40739077,0.41045624
0.35722762,0.37940452
0.32353908,0.3435763
0.29773203,0.34372047
0.2930896,0.3231778
0.31979704,0.37948158
0.37017277,0.45096767
0.43006045,0.508368
0.4893075,0.561134
0.53766066,0.5900457
0.5810295,0.64500993
0.6389802,0.72229934
0.6843302,0.75728136
0.7191945,0.8008098
0.73613554,0.81007665
0.76339066,0.8333414
0.7753776,0.814606
0.7848584,0.8332898
0.76519436,0.77034736
0.7175163,0.722835
0.66654474,0.6932078
0.6170081,0.6204275
0.5292558,0.5448971
0.44148695,0.4676656
0.37748027,0.40793854
0.33649978,0.3760998
0.30615002,0.34456217
0.2990473,0.33932754
0.29420012,0.33320487
0.3323287,0.3806639
0.38026357,0.44183153
0.42628774,0.5040766
0.4646002,0.54864013
0.4886727,0.5848565
0.5289722,0.6505112
0.57910085,0.70305765
0.61863714,0.7471662
0.65708286,0.7736249
0.6833574,0.7942856
0.70615155,0.81305414
0.7334291,0.81178415
0.75527376,0.82813656
0.74200326,0.79589325
0.70418596,0.76168525
0.6601663,0.72101706
0.60338396,0.66361135
0.5289605,0.5795963
0.44475862,0.50163555
0.38368553,0.3811862
0.33950487,0.34858665
0.31223854,0.31658626
0.29422152,0.29746923
0.29192656,0.29460335
0.32181132,0.33364606
0.37178037,0.3948391
0.43109068,0.4503896
0.47700396,0.5091032
0.5354606,0.54713154
0.6007806,0.6119885
0.651311,0.6754929
0.6930887,0.7133148
0.72722185,0.75182974
0.7374567,0.7743371
0.7437578,0.794169
0.74973685,0.7902617
0.7631718,0.79625976
0.7603102,0.77440643
0.7198288,0.7301666
0.6814346,0.69483346
0.6281705,0.63687915
0.5489719,0.5608714
0.47620332,0.476893
