true,forecasted
0.22715265,0.2349502
0.1862206,0.19007556
0.15991673,0.15504459
0.14755379,0.14146717
0.14836784,0.1423902
0.174138,0.16890457
0.21070653,0.21541986
0.24795884,0.24379326
0.28956148,0.27719694
0.30339736,0.3143013
0.32433066,0.35082766
0.3380852,0.37839457
0.36402488,0.4118018
0.40255168,0.43347678
0.4279974,0.45712465
0.4537661,0.46968168
0.46825856,0.48803627
0.47678512,0.48635864
0.4559898,0.4771517
0.42340684,0.4479136
0.3820281,0.41710174
0.35266125,0.372531
0.29278335,0.3100639
0.22619112,0.2500018
0.17094131,0.18090485
0.13598543,0.14163342
0.11198428,0.11593991
0.09796316,0.107663564
0.10154039,0.11224438
0.12622474,0.14139387
0.16541928,0.19020805
0.20468742,0.2195268
0.2442625,0.2489141
0.2693463,0.27867022
0.2928512,0.31055945
0.317982,0.33723456
0.3393723,0.3659574
0.35842696,0.389497
0.37665555,0.4163979
0.39433405,0.43689996
0.4144854,0.45735866
0.4349497,0.4647641
0.43116602,0.45330438
0.4078458,0.42469668
0.37072778,0.39891332
0.34391505,0.3605827
0.29061663,0.29596353
0.22616135,0.23452556
0.17367613,0.180342
0.14018688,0.14410055
0.11349243,0.11373338
0.10202802,0.10446286
0.10371369,0.10404595
0.12653914,0.12655425
0.15616053,0.16807449
0.2011855,0.2001489
0.24441083,0.23813584
0.2751724,0.27427822
0.31203732,0.30886254
0.33720586,0.34191477
0.3662205,0.37498167
0.39209232,0.39996234
0.41837645,0.4287936
0.4406312,0.44965947
0.46860158,0.4749552
0.48737648,0.47854686
0.47970435,0.47254908
0.45576906,0.4456837
0.40222782,0.41600853
0.35924676,0.37813073
0.30613244,0.31622607
0.24117748,0.25832698
0.18582803,0.19306064
0.14294374,0.15433949
0.11455245,0.122055754
0.093065634,0.10908464
0.08390539,0.10564743
0.09194777,0.116852276
0.08954167,0.13990274
0.12266642,0.16743872
0.1643229,0.21570802
0.21779053,0.26725143
0.26879108,0.31666133
0.31083384,0.3592502
0.34980702,0.40549067
0.3881211,0.44317055
0.42272478,0.48579386
0.45613757,0.5185697
0.49573126,0.5513818
0.5175262,0.5632408
0.5180496,0.5557367
0.48362604,0.5226093
0.43556416,0.49136573
0.39151564,0.45112735
0.3333718,0.38913518
0.26524565,0.32318017
0.20540756,0.20574073
0.158731,0.16747501
0.12667057,0.13218737
0.10403668,0.11518332
0.0951476,0.09946366
0.09581534,0.10220519
0.088956684,0.1085374
0.11216496,0.11263267
0.14626555,0.16207306
0.18367563,0.21381229
0.20313002,0.27126545
0.21799898,0.3082896
0.2463522,0.35298094
0.267636,0.36641768
0.29057568,0.3824668
0.32905525,0.40131748
0.36387426,0.41407287
0.3957434,0.4166807
0.36704144,0.38256806
0.33765426,0.36057514
0.3179273,0.34104672
0.30386552,0.3064205
0.25950715,0.25894272
0.20223235,0.201278
0.15784049,0.14620247
0.12548943,0.1165133
0.109459355,0.10211502
0.09916292,0.096354544
0.098396964,0.10677053
0.13074602,0.1442263
0.17756632,0.21422127
0.21636486,0.26568508
0.24981432,0.29692313
0.27629086,0.31899425
0.29582426,0.34457478
0.30345348,0.35628772
0.3172017,0.37550348
0.33259925,0.38023308
0.33835694,0.39256027
0.3374882,0.39410722
0.34037134,0.3881075
0.34326994,0.3761771
0.33530056,0.37222576
0.313668,0.35140792
0.2871488,0.34411624
0.2681285,0.3148232
0.22193213,0.25507802
0.16780563,0.19160737
0.1152431,0.117347375
0.08411156,0.08728524
0.068695106,0.074915156
0.062348705,0.067415945
0.068339474,0.08048585
0.09715111,0.12107694
0.13803333,0.18532845
0.16992682,0.21395724
0.19704333,0.23122808
0.22244754,0.2512966
0.24718659,0.26385218
0.25623602,0.2727732
0.2717292,0.28533357
0.29284835,0.2933837
0.28971753,0.30032524
0.28899655,0.30217195
0.29999277,0.3142112
0.30969393,0.31925008
0.30108058,0.32054898
0.28674594,0.31881863
0.27063566,0.30656677
0.2672649,0.2759882
0.21723418,0.2261896
0.18058576,0.18195166
0.14881167,0.14551619
0.118784815,0.11849693
0.114192806,0.094708756
0.09955921,0.08862455
0.10903099,0.09279102
0.14163947,0.1180348
0.1840075,0.16800031
0.22209792,0.21665633
0.26282665,0.24696013
0.2807955,0.26377866
0.30776027,0.2873252
0.3348184,0.30830747
0.35734403,0.32849398
0.38671175,0.34704372
0.40686566,0.35548902
0.4188194,0.3593861
0.44222754,0.36658925
0.47573054,0.36937106
0.46971172,0.37214863
0.4498639,0.36951467
0.42064855,0.35159123
0.39165735,0.32863832
0.33967638,0.27567124
0.26909748,0.22418982
0.21308857,0.21491428
0.16847594,0.17757666
0.142408,0.15070897
0.12830126,0.1411355
0.12680945,0.14375661
0.15594521,0.1749841
0.19150126,0.22942767
0.23703131,0.27112803
0.27957773,0.30596632
0.32989252,0.33261177
0.37644908,0.36962187
0.41143188,0.40647393
0.45618853,0.45145693
0.50700986,0.48260358
0.55204225,0.50985473
0.58077884,0.532872
0.5968487,0.5488051
0.5964043,0.5578557
0.5816519,0.54173946
0.5474534,0.51204824
0.51324517,0.48160458
0.48856765,0.4400791
0.42846757,0.3699742
0.3558794,0.30295488
0.3520126,0.28949174
0.34814578,0.2423483
0.34427896,0.2113232
0.34041214,0.1931322
0.33654532,0.19410451
0.33267853,0.2189359
0.3288117,0.2735629
0.32494488,0.315843
0.32107806,0.3547139
0.31721124,0.3872554
0.31334445,0.419273
0.30947763,0.43189308
0.3056108,0.45962688
0.30174398,0.47890243
0.29787716,0.4859231
0.29401034,0.48712564
0.29014355,0.4967
0.28627673,0.4881172
0.2824099,0.47161794
0.27854308,0.4380257
0.27467626,0.41246882
0.27080947,0.37283218
0.26694265,0.3217314
0.26307583,0.26111373
0.259209,0.23202355
0.2553422,0.18853217
0.2514754,0.16188586
0.24760857,0.15021059
0.24374175,0.14863898
0.23987493,0.16069987
0.23600812,0.1937451
0.2321413,0.22559759
0.22827448,0.25770003
0.22440767,0.29060477
0.22054085,0.32963076
0.21667404,0.3623668
0.21280722,0.39267287
0.2089404,0.41492683
0.2050736,0.43850896
0.20120677,0.45368373
0.19733995,0.47719592
0.19347315,0.48444813
0.18960632,0.48961776
0.18573952,0.46990514
0.1818727,0.43012062
0.17800587,0.40381986
0.17413907,0.35070586
0.17027225,0.28912684
0.16640542,0.1695088
0.1298681,0.13278511
0.10503972,0.0997137
0.08986666,0.09202775
0.078837775,0.081907175
0.0803107,0.0780001
0.07535476,0.087594576
0.09491938,0.10524888
0.14511819,0.1404466
0.20107181,0.20462699
0.25665808,0.27291885
0.29975283,0.34596318
0.34299132,0.39428025
0.37860635,0.42987874
0.4046634,0.47216797
0.44788703,0.49990696
0.489252,0.5274298
0.5172782,0.52895963
0.49870718,0.51421875
0.4708104,0.47603685
0.43085906,0.43729132
0.40932873,0.40113282
0.3581183,0.35001868
0.2973476,0.30859098
0.24416658,0.2224998
0.1992404,0.1862295
0.17377205,0.15984833
0.16261289,0.14974025
0.15870437,0.14527132
0.17869736,0.17068423
0.22145538,0.20410171
0.25844255,0.2388932
0.30042657,0.2923929
0.3347073,0.3457223
0.35599682,0.39128166
0.3745269,0.4244838
0.39013892,0.4660543
0.39649448,0.5000787
0.41930905,0.5270939
0.3985478,0.54592746
0.40431237,0.55676645
0.4095747,0.56186193
0.40333852,0.564736
0.39312485,0.53078014
0.38231874,0.49169537
0.3707879,0.4618249
0.3291208,0.39791954
0.27295187,0.32499322
0.2268666,0.22790727
0.1953943,0.19401585
0.1698853,0.17162214
0.16176103,0.16156057
0.17378035,0.16593347
0.20529445,0.19440192
0.24550034,0.2479161
0.28918982,0.27956295
0.3280024,0.3098863
0.3689181,0.33158004
0.4184569,0.35887894
0.4533515,0.37069386
0.4835685,0.39269462
0.48760813,0.40045738
0.47921357,0.4102313
0.4636849,0.40953597
0.44805768,0.41004217
0.42035016,0.41338962
0.39433864,0.41078728
0.37149772,0.40010297
0.3564727,0.38122123
0.34969565,0.35294157
0.31382665,0.30484366
0.26193786,0.24825938
0.22180098,0.22557026
0.19111699,0.1939531
0.16199009,0.16778979
0.15241294,0.15633185
0.15691848,0.15576364
0.19372468,0.17929699
0.23581351,0.22836435
0.28141114,0.26823932
0.3143853,0.30635047
0.3362134,0.3334808
0.38823476,0.36824104
0.44029447,0.4022563
0.49093595,0.43776357
0.5333003,0.46591696
0.5624819,0.48750645
0.58487695,0.5063795
0.6153144,0.5131389
0.62868524,0.52723294
0.604427,0.5234265
0.56126636,0.50300115
0.5123197,0.47932443
0.47208518,0.45219094
0.41918877,0.39741707
0.33622944,0.33802193
0.26794666,0.27361226
0.21666637,0.22580351
0.17392066,0.19416656
0.16009282,0.17616418
0.15146574,0.17577963
0.17805223,0.19992694
0.21275155,0.25520822
0.25082135,0.29622042
0.29183587,0.33550626
0.31102312,0.37042817
0.3363142,0.4050236
0.35709578,0.4192117
0.3679523,0.4496139
0.38107145,0.4668943
0.38406023,0.47786325
0.37351897,0.46830076
0.3631707,0.4694516
0.357007,0.44963908
0.3517341,0.43033826
0.33964202,0.39868158
0.3339771,0.37198713
0.3358999,0.34380186
0.29901093,0.29248673
0.24978767,0.2305681
0.20321593,0.2189539
0.16999353,0.18773869
0.15629712,0.16033363
0.14024472,0.14766924
0.14935714,0.13806993
0.17798008,0.14023136
0.21919788,0.15017918
0.26162088,0.17043881
0.29140523,0.2159765
0.32201105,0.25380918
0.34301853,0.2906516
0.3540125,0.31836188
0.37426174,0.34893078
0.3917676,0.3705528
0.40006626,0.38813135
0.39904404,0.40348744
0.4113311,0.4114814
0.43001753,0.42306226
0.42739293,0.4173385
0.40619218,0.39409643
0.38937727,0.37663633
0.3822128,0.35201424
0.34808844,0.3098632
0.29716003,0.2611127
0.24536204,0.26094124
0.20160183,0.22230378
0.17834115,0.19503023
0.15468933,0.17848589
0.14469613,0.16858701
0.15771163,0.17470363
0.1640291,0.1917445
0.18774049,0.21178393
0.23106001,0.2615097
0.28489703,0.30675745
0.34498483,0.3425385
0.41637093,0.37395835
0.47380835,0.40636387
0.51363426,0.43517795
0.5287323,0.45788354
0.5452062,0.4746377
0.54910326,0.49244308
0.5660585,0.5031687
0.5729126,0.49934465
0.5635287,0.4762038
0.5162377,0.45134827
0.47957778,0.4268148
0.42917112,0.3838985
0.35959464,0.33195946
0.2942752,0.31632963
0.24128143,0.2665307
0.19945687,0.22811815
0.17165086,0.20573257
0.15417477,0.1884393
0.14843942,0.1863038
0.14921226,0.18417534
0.16827665,0.19530939
0.22574186,0.2534804
0.26973313,0.32093096
0.29870254,0.3843824
0.33427405,0.43197
0.39622274,0.49255824
0.44612375,0.5289537
0.5065526,0.55808556
0.55725706,0.58419424
0.6097563,0.60577416
0.6167338,0.6259511
0.5828279,0.6158859
0.5536795,0.5787578
0.4965373,0.54427254
0.44278878,0.51500905
0.38983682,0.455706
0.32275438,0.3919368
0.26201317,0.2672477
0.22246529,0.22257982
0.19238661,0.19251545
0.17769976,0.17149305
0.18747133,0.15486178
0.21499358,0.16236463
0.2541532,0.17972621
0.30027455,0.19767645
0.33036783,0.24165514
0.35150215,0.29281402
0.40494832,0.35643223
0.45342052,0.39839652
0.48213306,0.446139
0.50997514,0.4679385
0.52422535,0.49700016
0.5340092,0.5216629
0.5597591,0.5335298
0.58766246,0.5494248
0.5928351,0.5400746
0.5540509,0.51275617
0.49550906,0.47952917
0.45711428,0.43512976
0.3929711,0.37388456
0.326319,0.3089945
0.2636831,0.2666018
0.21915466,0.2229205
0.1879939,0.19157279
0.16902228,0.17633653
0.17370935,0.17891626
0.20257653,0.21229212
0.23906489,0.269383
0.28692803,0.3009974
0.3247181,0.34317538
0.34764603,0.36886728
0.3770604,0.4125699
0.38007125,0.43667746
0.40394786,0.47301933
0.41401494,0.49671444
0.4255807,0.52078575
0.43767965,0.5390616
0.4429242,0.5471229
0.46115106,0.53687817
0.44755715,0.5257835
0.40715313,0.4829628
0.39964333,0.4563786
0.38542864,0.41532153
0.34608176,0.35138798
0.28279933,0.27017424
0.22621174,0.23098406
0.18554026,0.1953609
0.16241989,0.1689246
0.15094317,0.15755984
0.15595953,0.1634988
0.17953347,0.19353093
0.20469257,0.25003874
0.24305186,0.2883682
0.29078186,0.3209799
0.33649546,0.3527992
0.39119065,0.3887892
0.43557733,0.42664307
0.48753282,0.46816275
0.5375799,0.5009653
0.58465075,0.5333027
0.6154693,0.55910444
0.6156159,0.58738
0.642262,0.60050815
0.6214266,0.5947043
0.58525664,0.5619208
0.5421146,0.5271416
0.5087416,0.4849925
0.44497868,0.41434193
0.36149335,0.34650972
0.28559884,0.3034414
0.23694913,0.251447
0.20313174,0.21439207
0.17725764,0.19416492
0.17850293,0.18921776
0.202464,0.21354395
0.24307935,0.25032884
0.29003137,0.2852786
0.3479842,0.34080604
0.4034253,0.40472788
0.44251475,0.47355124
0.47484776,0.52879727
0.5347285,0.58943546
0.57967246,0.6364687
0.6093474,0.67627144
0.65914077,0.702205
0.70992684,0.72401506
0.7061706,0.7303933
0.59877294,0.71620196
0.53739834,0.6672272
0.5073967,0.6158725
0.4940519,0.569022
0.42896408,0.50126415
0.3598197,0.42210415
0.2995564,0.3244185
0.2540544,0.27167538
0.2199206,0.23327775
0.20396927,0.20660265
0.20271082,0.19208314
0.23147807,0.19233367
0.26060754,0.20351788
0.31444886,0.22618409
0.38379136,0.28700668
0.45313588,0.35256004
0.5149268,0.41415486
0.5693614,0.45440587
0.6150249,0.5117817
0.66675705,0.55156314
0.7029906,0.59143144
0.74930865,0.60914475
0.7706428,0.6355118
0.78290755,0.64289474
0.75411826,0.6424918
0.7268314,0.5966863
0.683576,0.56548846
0.6468248,0.5355149
0.5885289,0.4796887
0.51164794,0.41320124
0.44557455,0.44380993
0.38529205,0.38581705
0.33699283,0.34859562
0.30563566,0.31911346
0.27215183,0.30439427
0.25194067,0.31871215
0.24444203,0.34670874
0.25518087,0.38557413
0.28768942,0.44825742
0.31997147,0.51444143
0.34175292,0.59523726
0.35328203,0.6344105
0.3615993,0.7024013
0.3762773,0.7246158
0.40692863,0.73861355
0.46024624,0.7331785
0.5015316,0.73678434
0.55128944,0.7244598
0.5609365,0.6963681
0.5339013,0.6618026
0.5091602,0.619506
0.49685058,0.58659303
0.46092057,0.52552557
0.39723608,0.45025465
0.31201383,0.35730696
0.25807688,0.31169754
0.22155674,0.28194308
0.20354693,0.26936194
0.19275312,0.25516796
0.19117254,0.2692312
0.19055949,0.29362032
0.2018896,0.32893947
0.23494476,0.38581216
0.27504557,0.44284832
0.34434143,0.5191068
0.4266542,0.57572305
0.49264282,0.6323806
0.53546095,0.6541874
0.570794,0.69039065
0.57126987,0.7132431
0.5317446,0.7263569
0.5426297,0.74205047
0.49908745,0.73821586
0.43999097,0.70821065
0.4073659,0.67317426
0.39085045,0.6263692
0.3528113,0.5561276
0.29942584,0.48679665
0.24037574,0.25364655
0.20188473,0.21470298
0.17598459,0.18464652
0.16678883,0.16400993
0.17034201,0.1627036
0.19781214,0.17067246
0.23018354,0.19630718
0.25328645,0.2256094
0.2910871,0.27836326
0.3403553,0.3193576
0.37842453,0.3722777
0.41500023,0.40732235
0.44045714,0.44525045
0.44031852,0.46966016
0.46869922,0.49951917
0.5079321,0.52015597
0.53877705,0.54208606
0.5771166,0.5558579
0.5680557,0.5534918
0.5445754,0.5218807
0.5011711,0.4951299
0.46601883,0.4575894
0.4164282,0.40883052
0.35987526,0.34373766
0.29370508,0.29370663
0.2495589,0.2502172
0.21382475,0.21253887
0.19120318,0.19448785
0.18290195,0.18874921
0.18251683,0.2117683
0.1736263,0.2428832
0.20692113,0.2698573
0.2699516,0.32601136
0.34467587,0.38657618
0.43388137,0.4453505
0.50268584,0.4983906
0.5538462,0.55315113
0.60131246,0.5965337
0.6308958,0.6388389
0.6537396,0.6694948
0.6672166,0.6880284
0.6424653,0.697895
0.6193174,0.68716806
0.59896046,0.6473648
0.54861563,0.6050935
0.5099869,0.56724113
0.45636034,0.5011297
0.40358707,0.43010518
0.3372159,0.34731412
0.2793458,0.29448164
0.24608217,0.25468025
0.22128272,0.22632703
0.21721728,0.21468452
0.23502408,0.21851952
0.27140248,0.23416346
0.33395994,0.2627392
0.40190113,0.335441
0.48811954,0.4095308
0.57717186,0.4808087
0.6561164,0.5284415
0.71479946,0.5903605
0.7650415,0.6262179
0.7981611,0.6606485
0.797266,0.6779116
0.74932665,0.700076
0.75197643,0.7016969
0.7516921,0.7048882
0.74002814,0.66274863
0.68653756,0.62227714
0.63629586,0.58966047
0.57058865,0.5307537
0.48861375,0.45854768
0.4086,0.41327614
0.3547959,0.35763758
0.3110649,0.32240486
0.28541902,0.29329258
0.270445,0.2765794
0.2952264,0.3000142
0.33342764,0.33033904
0.39169088,0.3681637
0.45077932,0.4282922
0.513362,0.49010843
0.56416583,0.5672772
0.60314244,0.60558313
0.6729159,0.67481315
0.72545666,0.6979776
0.75204515,0.7128399
0.7725301,0.7066456
0.787887,0.70575035
0.7960124,0.68789345
0.7705217,0.6448644
0.7483342,0.6110833
0.6969088,0.5748755
0.65364933,0.5394524
0.5917728,0.47779346
0.5091789,0.4091377
0.42334124,0.42294735
0.35780817,0.3647285
0.30864364,0.322991
0.27098042,0.29236135
0.25504515,0.27173352
0.26129934,0.29162514
0.28634706,0.3218537
0.33017597,0.34914586
0.3862722,0.39981803
0.44416004,0.47176152
0.50300056,0.55275387
0.57248706,0.61784405
0.6246983,0.70119166
0.6638582,0.73413426
0.6905618,0.76417977
0.7188302,0.7739842
0.73997116,0.7822091
0.74802727,0.77137
0.7315743,0.7363978
0.688038,0.68368936
0.61769074,0.63055646
0.56808233,0.59435815
0.5016198,0.5273077
0.42682198,0.45472407
0.35493162,0.36215198
0.29111,0.3076403
0.25333914,0.27003944
0.22103618,0.2452871
0.20569275,0.22929718
0.20413049,0.2350469
0.21166176,0.24507979
0.22955531,0.26899645
0.3024736,0.3210975
0.3819273,0.39448607
0.4107458,0.4711832
0.40273893,0.5266893
0.3702925,0.59555304
0.3683692,0.62360746
0.40012437,0.64454967
0.4471182,0.64881593
0.49937865,0.6608776
0.51704574,0.66092014
0.49024302,0.6429829
0.45983705,0.6000767
0.42869923,0.55475676
0.412997,0.5107669
0.3808421,0.45056444
0.33153722,0.38552284
0.28171754,0.29012194
0.24575518,0.24955133
0.21329044,0.21260782
0.19552374,0.19835016
0.17892729,0.18316056
0.16920124,0.18536015
0.16404343,0.19545025
0.18281175,0.21518387
0.22238454,0.25888705
0.26888472,0.29926193
0.32772234,0.3558456
0.3799364,0.3945759
0.41068482,0.43346706
0.44853157,0.455394
0.4694214,0.48896462
0.48271033,0.5065156
0.50771224,0.5184235
0.522875,0.5258524
0.5335852,0.521789
0.5076558,0.49297017
0.45846236,0.47138909
0.41227028,0.43187362
0.35526064,0.37919647
0.28554615,0.32443848
0.22412892,0.2444551
0.18286473,0.2041962
0.15306093,0.1705271
0.14098719,0.15527698
0.1380823,0.15409479
0.16324511,0.17724563
0.20414338,0.21290073
0.24758631,0.24676736
0.30531782,0.30008286
0.36321282,0.35383284
0.42991817,0.413416
0.48169985,0.4617441
0.53493667,0.5095455
0.57931197,0.54606783
0.61127216,0.5838006
0.64770013,0.6163141
0.67430896,0.6410647
0.6874756,0.65852845
0.68217033,0.6510331
0.6585678,0.6116865
0.6040994,0.5701047
0.5481386,0.5241811
0.47686303,0.4569323
0.38610813,0.38211218
0.3110752,0.31753722
0.25583744,0.26511735
0.2167139,0.22473109
0.18724713,0.20501082
0.18350497,0.1973304
0.20588344,0.22453725
0.23806098,0.2623223
0.29035664,0.2925141
0.35815206,0.35660845
0.42357177,0.42313007
0.4923433,0.49908087
0.55277956,0.5573628
0.6000686,0.62214434
0.63742113,0.6656608
0.6780686,0.7057503
0.70940596,0.7290339
0.73955053,0.75033236
0.757607,0.74704856
0.7525251,0.7321549
0.7151992,0.68259877
0.6632468,0.63220966
0.6083157,0.58633786
0.53024733,0.5144679
0.44089177,0.43318546
0.36530393,0.37363103
0.30511567,0.3175823
0.2635663,0.2755317
0.23459257,0.25174612
0.2286058,0.24681394
0.24745174,0.2690469
0.27050567,0.3065948
0.33629587,0.3465334
0.39866865,0.41681346
0.47409815,0.49614537
0.5490088,0.58234847
0.60995615,0.63964283
0.6661088,0.7091774
0.7168694,0.7439856
0.7492061,0.7692531
0.7614683,0.77780825
0.77712095,0.78668684
0.7792181,0.7790478
0.7851172,0.75709933
0.7436449,0.710913
0.69095004,0.6524563
0.6419765,0.61012566
0.57210255,0.5401805
0.48761186,0.45873544
0.4121122,0.42397457
0.36511695,0.36362445
0.32996637,0.32086122
0.3088458,0.29157695
0.3037338,0.27644545
0.33108395,0.29276648
0.3706559,0.3249062
0.43229705,0.36103627
0.49287477,0.42715546
0.5649959,0.5155259
0.6376659,0.6093596
0.6980845,0.67159265
0.7493401,0.7494931
0.7875497,0.7852524
0.80861586,0.8094636
0.8107402,0.8113442
0.7852048,0.8211356
0.7789068,0.81892735
0.76694363,0.7973694
0.7505585,0.74872583
0.69734544,0.68649685
0.65154105,0.6492031
0.5718972,0.57318527
0.48598775,0.4971762
0.41594,0.42996636
0.36029217,0.3751325
0.31815463,0.32994413
0.28890204,0.3019692
0.27781418,0.27914178
0.293996,0.2969696
0.3239358,0.32912236
0.3726405,0.3624942
0.4501889,0.42303294
0.52142155,0.49686992
0.5784844,0.58675045
0.63615435,0.6620418
0.6772499,0.755798
0.72602564,0.805268
0.7698511,0.83402604
0.7981087,0.84697217
0.8195156,0.85030365
0.82993203,0.84230655
0.8091187,0.7954535
0.77271247,0.7340347
0.7159783,0.6775385
0.6601381,0.63674456
0.58376825,0.5623738
0.49891335,0.4913011
0.42383176,0.44570303
0.35713643,0.38991958
0.30801654,0.34831434
0.271566,0.32148045
0.25576156,0.30862167
0.25493088,0.3244813
0.2583068,0.35151994
0.28068644,0.38824442
0.3275912,0.44935024
0.36703974,0.5183779
0.39052546,0.5948648
0.4058248,0.6430886
0.41476828,0.71765924
0.4098158,0.7347892
0.40122792,0.745889
0.4180128,0.734494
0.47601432,0.73422146
0.5138456,0.71395755
0.5205702,0.682056
0.4852433,0.6377446
0.45982447,0.5916212
0.42680767,0.55032015
0.38792723,0.48275572
0.34136894,0.4171398
0.28523663,0.3012199
0.23842692,0.2551166
0.20769425,0.22139214
0.18336552,0.20559818
0.17077266,0.19299299
0.17116466,0.20289046
0.17134506,0.21508482
0.19396892,0.23867498
0.25477484,0.29527998
0.31136155,0.350091
0.37366045,0.42061993
0.43184465,0.47773013
0.49167788,0.5329604
0.5345785,0.56979805
0.5740995,0.61601883
0.5960702,0.6472608
0.61784875,0.66997266
0.6384024,0.6839908
0.62826806,0.6779964
0.59258544,0.6378452
0.5452692,0.5993314
0.51095045,0.5565448
0.42886358,0.49390507
0.35555872,0.43043074
0.29814017,0.31332627
0.257678,0.26423258
0.23568867,0.22905253
0.21640895,0.2100576
0.21475306,0.20185347
0.24389513,0.21721463
0.27826372,0.2550396
0.32959098,0.29196408
0.38615882,0.35403717
0.45258585,0.41263437
0.5173607,0.47624198
0.5689694,0.514725
0.6090476,0.56277823
0.6509907,0.581514
0.6813752,0.6018257
0.72066253,0.6103671
0.72962004,0.62252617
0.7307585,0.6262334
0.7110329,0.62343913
0.66803926,0.5893095
0.6068866,0.5394213
0.4939889,0.49198788
0.40269828,0.43238962
0.3351342,0.36180183
0.27647153,0.2536885
0.2297609,0.20301257
0.20814924,0.16434893
0.18338242,0.147871
0.17988537,0.1384271
0.19746597,0.16213894
0.23849823,0.21359551
0.28432035,0.23600025
0.31584448,0.28939667
0.36750188,0.3334387
0.41393277,0.3968177
0.45233014,0.44484872
0.5272061,0.5064428
0.59985554,0.55287313
0.6621779,0.5961412
0.70706946,0.6195716
0.7294113,0.6399728
0.69369745,0.63577133
0.65899986,0.6216962
0.6094419,0.5660495
0.5704014,0.51773804
0.5425,0.46474606
0.47803414,0.39503145
0.40324605,0.31848204
0.3418769,0.34791464
0.28868186,0.29435587
0.2558208,0.25719178
0.23789176,0.2329052
0.23929368,0.22246225
0.2626537,0.23552862
0.30187145,0.2579736
0.35959494,0.2925304
0.3996316,0.3524544
0.43788868,0.41471106
0.48626408,0.4808167
0.5207824,0.52535987
0.5718328,0.5845777
0.6048098,0.620193
0.6406685,0.65830773
0.6756321,0.6758386
0.70460296,0.70140713
0.70947784,0.7062771
0.6945725,0.7040615
0.6584381,0.6542511
0.6145648,0.60801345
0.5799525,0.56821936
0.51184237,0.5071474
0.43242964,0.43108353
0.36088145,0.37582523
0.31502727,0.3194903
0.2730117,0.2816127
0.25763622,0.25846153
0.25525817,0.24787964
0.28224212,0.26130816
0.32618442,0.2887002
0.37343767,0.32786638
0.43755567,0.3872283
0.4945086,0.46123624
0.5647365,0.53037167
0.62579525,0.57877666
0.68648344,0.63082886
0.7515175,0.6653035
0.7907269,0.6919362
0.82150567,0.7000695
0.83561325,0.71772724
0.8396824,0.7181781
0.8095997,0.7125393
0.7810455,0.6686118
0.7275395,0.61882186
0.6975994,0.5797553
0.6321142,0.5209494
0.5411843,0.44766107
