true,forecasted
0.19570024,0.235832
0.164881,0.20095006
0.15962394,0.17458692
0.1495509,0.16896981
0.1565237,0.18862842
0.22676255,0.25154725
0.30913162,0.3394767
0.37006196,0.3984564
0.39415625,0.44668448
0.4115598,0.4738448
0.44233522,0.483815
0.42957604,0.5107712
0.44542584,0.521087
0.4521682,0.50126445
0.43360645,0.5312956
0.42012653,0.5156254
0.41530395,0.52328205
0.42814955,0.53381443
0.39669296,0.52761084
0.38603002,0.501364
0.3672426,0.4632238
0.36659747,0.423938
0.29678112,0.36376083
0.21593155,0.29035836
0.18159679,0.19888625
0.15883718,0.17356157
0.14390555,0.15589955
0.1401914,0.14690456
0.15723245,0.16824953
0.21639605,0.21521305
0.29520822,0.28886336
0.36805996,0.34750408
0.37928224,0.36989123
0.3933749,0.4112352
0.41589925,0.42446357
0.41677305,0.4656347
0.41471282,0.48194116
0.4265814,0.46092835
0.4071867,0.47753796
0.38486457,0.47746313
0.38540107,0.47607124
0.36693293,0.47541127
0.35745642,0.46705812
0.33674923,0.45089808
0.34633076,0.43386707
0.33696166,0.39970416
0.28111976,0.33253974
0.20866588,0.27349228
0.16158694,0.14237666
0.15056631,0.1210611
0.13037102,0.08628398
0.1298747,0.09373202
0.13598575,0.11900279
0.18966903,0.18832876
0.2719715,0.29869056
0.3360327,0.33178905
0.36536723,0.37398148
0.3854665,0.37990987
0.39646673,0.40259677
0.3939174,0.420383
0.3840286,0.43078676
0.38195157,0.42401406
0.36106676,0.4328082
0.34013212,0.40891615
0.34689128,0.4431023
0.31662354,0.41905677
0.29791236,0.39884764
0.27858424,0.40219048
0.27608174,0.3781759
0.26569963,0.3667441
0.21497555,0.2830573
0.15099539,0.21077484
0.11019733,0.12057244
0.08065814,0.09869133
0.06800938,0.061745334
0.060780913,0.05934588
0.06722622,0.060289968
0.088333696,0.0705141
0.11101529,0.12126295
0.15040307,0.14242359
0.19282086,0.19814311
0.21734363,0.20737985
0.23913105,0.2141841
0.2442987,0.2334715
0.24709345,0.25306368
0.2462863,0.22218293
0.25532594,0.26664326
0.26618153,0.27251634
0.2911442,0.27167875
0.29452348,0.28803995
0.29244944,0.30223116
0.27095428,0.26510796
0.24999745,0.24994327
0.24057494,0.23854291
0.19529277,0.18999681
0.13148963,0.13817868
0.08010603,0.11005636
0.052194376,0.08612624
0.037434384,0.0524722
0.025383944,0.02539973
0.025493765,0.03778218
0.038225345,0.057364784
0.04920577,0.08263554
0.09391723,0.12393143
0.15287137,0.15133616
0.1894752,0.2209762
0.21752727,0.21333681
0.24524088,0.26719144
0.27522117,0.3234101
0.29808098,0.29868707
0.3124221,0.30805978
0.31995723,0.33834875
0.34706113,0.3434171
0.3573586,0.38339686
0.34292927,0.38764268
0.33096045,0.3480722
0.31746012,0.34334984
0.29164228,0.32204995
0.24809626,0.25936797
0.19516614,0.20908682
0.18429674,0.16531345
0.15759793,0.15140173
0.14848328,0.11672971
0.14350888,0.09656086
0.17366558,0.1395574
0.2295555,0.18888721
0.3143917,0.26201805
0.39478457,0.3286645
0.42623395,0.37678897
0.4545387,0.40179053
0.49786088,0.45253235
0.51062065,0.48835292
0.5004318,0.5016409
0.49129793,0.5182301
0.46621704,0.502559
0.4398837,0.5024636
0.40915808,0.52754235
0.41407788,0.5134095
0.39661196,0.49560136
0.3781636,0.49909094
0.35275027,0.50230306
0.3416756,0.45493704
0.2946123,0.37577835
0.2384385,0.29673898
0.20142241,0.21000832
0.16722028,0.1674453
0.15094438,0.14845066
0.14851269,0.12706983
0.16226988,0.15043177
0.22143887,0.21990922
0.2976807,0.32889515
0.34719315,0.3618941
0.40051454,0.39901233
0.4254652,0.40074882
0.4333592,0.41385406
0.4324038,0.4251065
0.43594632,0.41438392
0.4344226,0.44673488
0.42873767,0.4079043
0.40810007,0.3829721
0.39816207,0.39987475
0.39985022,0.3974242
0.39408484,0.36714932
0.38399258,0.37637776
0.37437385,0.3873978
0.37867013,0.378056
0.28898793,0.2953391
0.24621609,0.22455868
0.202364,0.21298763
0.17235191,0.17993537
0.1564541,0.16707253
0.15682077,0.15218666
0.19444299,0.1621337
0.2398746,0.23021458
0.32640433,0.32936063
0.37252787,0.3786311
0.4180669,0.40668046
0.42827556,0.4269253
0.45614943,0.44093823
0.43518057,0.45122534
0.43321517,0.43036592
0.43898714,0.464375
0.42234698,0.42234626
0.41946638,0.39678538
0.39894164,0.4119227
0.39421806,0.41521937
0.38246948,0.38082612
0.3814571,0.38410634
0.36243984,0.38806936
0.35151762,0.37904462
0.27898392,0.29971045
0.23299,0.23354043
0.18134955,0.22264314
0.1598904,0.19338006
0.15323864,0.15992533
0.14376932,0.15063894
0.16613106,0.1812555
0.22048287,0.2251219
0.3174169,0.3336269
0.39154214,0.37968093
0.4240207,0.4176876
0.41783825,0.43384767
0.43255144,0.42974997
0.43356445,0.45726946
0.44486472,0.45051852
0.45725664,0.44999364
0.43358123,0.45085973
0.43134338,0.43290624
0.41376403,0.43948525
0.40954998,0.4524861
0.38935408,0.44042975
0.37551528,0.42107192
0.3815567,0.40923485
0.37729645,0.37472445
0.3149462,0.3048336
0.23823747,0.23865016
0.23519604,0.2029039
0.23215461,0.16930476
0.22911318,0.14476939
0.22607176,0.1633294
0.22303033,0.16745344
0.2199889,0.20529011
0.21694747,0.29273108
0.21390603,0.3452174
0.2108646,0.36231762
0.20782319,0.40768766
0.20478176,0.40313828
0.20174032,0.41818786
0.1986989,0.41519886
0.19565746,0.4321719
0.19261605,0.41409048
0.18957461,0.3877723
0.18653318,0.41696602
0.18349175,0.4100154
0.18045032,0.38353032
0.1774089,0.37615773
0.17436747,0.36546707
0.17132604,0.32922858
0.16828461,0.2572492
0.16524318,0.1998331
0.16220176,0.17390311
0.15916033,0.13310339
0.1561189,0.108379155
0.15307747,0.06952337
0.15003604,0.08489567
0.14699462,0.099218205
0.14395319,0.13368155
0.14091176,0.1530035
0.13787033,0.20876522
0.1348289,0.24347007
0.13178748,0.25763184
0.12874605,0.28877196
0.12570462,0.28421617
0.122663185,0.2917953
0.11962176,0.30574796
0.11658033,0.31303898
0.1135389,0.32185513
0.110497475,0.3564294
0.10745604,0.35860994
0.10441461,0.3232334
0.10137319,0.3231596
0.09833176,0.3000326
0.09529033,0.26322663
0.0922489,0.2033529
0.08920747,0.14096883
0.061769314,0.113098666
0.045475412,0.07133971
0.030644009,0.062093996
0.03583986,0.08750391
0.041974302,0.08931596
0.054120764,0.15053025
0.096309915,0.18004695
0.15581557,0.22270444
0.18082623,0.27301586
0.20873728,0.28502166
0.22633585,0.30506963
0.23953792,0.3252634
0.24820788,0.35172996
0.256636,0.32475802
0.2803558,0.32407176
0.30862752,0.36638618
0.32401645,0.37721723
0.32984844,0.37376338
0.30980137,0.36079445
0.29276332,0.3679903
0.2882378,0.32846734
0.24979581,0.2677555
0.17980362,0.19944178
0.1446449,0.15075731
0.121172346,0.11425257
0.092982836,0.0734244
0.096236095,0.07097893
0.12085789,0.092972904
0.17660978,0.17683016
0.24680181,0.27906692
0.32901666,0.3209539
0.3844685,0.40147567
0.42969367,0.40699628
0.4792865,0.46035057
0.5073692,0.5006836
0.5305507,0.5311694
0.5821617,0.56767887
0.5788539,0.5475089
0.577389,0.5275833
0.58700174,0.5781261
0.58451843,0.55082023
0.5738699,0.52479494
0.5518964,0.54376787
0.5158099,0.52137834
0.48791924,0.5058461
0.4120549,0.38759807
0.3208922,0.29211366
0.2620779,0.25521556
0.21426621,0.2120286
0.19884068,0.18061785
0.19332317,0.15924439
0.20499194,0.20148422
0.27024314,0.23590435
0.33848056,0.35043955
0.4111031,0.37534916
0.460079,0.43213987
0.4989813,0.4540667
0.53977996,0.5154498
0.56535715,0.519588
0.5849787,0.5211908
0.61912143,0.5713489
0.5933348,0.56611764
0.5873252,0.5372113
0.5973742,0.576973
0.5758437,0.5594579
0.5558626,0.5269001
0.5286663,0.5239066
0.51456404,0.52208054
0.4836368,0.483409
0.40001705,0.42130974
0.3243693,0.31745613
0.27075806,0.2755806
0.22587436,0.2511029
0.21037923,0.20328778
0.20203993,0.1899851
0.2127545,0.21029471
0.25781643,0.26207867
0.33974683,0.3674861
0.4101723,0.3808477
0.44730183,0.42805248
0.46778518,0.4543097
0.5390088,0.5098722
0.55887884,0.51585615
0.5690899,0.5319762
0.568638,0.5507348
0.5671545,0.52695245
0.5731983,0.52450156
0.55303603,0.509897
0.5524581,0.57008266
0.5123862,0.52154636
0.48596045,0.5191324
0.4639576,0.5066197
0.4309353,0.4581583
0.3563366,0.43038893
0.28766227,0.335146
0.23134868,0.26545864
0.19278006,0.23371816
0.17812748,0.20325993
0.17286563,0.1955505
0.1865346,0.2271269
0.23785219,0.25447655
0.32117188,0.35932407
0.36907896,0.3858435
0.41660622,0.41208416
0.4240123,0.4390133
0.4535263,0.4571033
0.47059914,0.47425717
0.47841212,0.47789857
0.4925288,0.47154662
0.48150817,0.49732533
0.45841306,0.48023438
0.44256148,0.48249647
0.4482524,0.48320013
0.42163342,0.44550315
0.3988036,0.42773923
0.37725502,0.42727664
0.3722074,0.37250626
0.319701,0.33429703
0.26839057,0.25475937
0.22233544,0.19315812
0.17407846,0.16712666
0.15167414,0.12963007
0.1327697,0.12352764
0.15974337,0.1376033
0.20550984,0.16057841
0.27268025,0.22112496
0.34973466,0.25654447
0.40360877,0.32439876
0.43944985,0.33797818
0.4352328,0.3643204
0.45084316,0.4067924
0.45690796,0.41805235
0.4352058,0.42450765
0.4368417,0.44996664
0.4142135,0.44398355
0.40653917,0.47339502
0.3830384,0.4438999
0.36214158,0.4091851
0.34639677,0.399068
0.33387223,0.40429616
0.32154515,0.3817355
0.25876883,0.30396536
0.19662444,0.23405652
0.16144831,0.18698397
0.1238975,0.12739164
0.10190005,0.11717777
0.08862836,0.10844386
0.09395864,0.10193111
0.11174144,0.08671525
0.13139302,0.096552506
0.17689964,0.14408267
0.23041968,0.18536444
0.2734766,0.2473808
0.3061346,0.284091
0.32586962,0.29123893
0.34437618,0.28768224
0.3465942,0.3247712
0.35318595,0.33025777
0.36679792,0.33230785
0.37887117,0.36595374
0.38283256,0.35505587
0.37247086,0.3663889
0.34991708,0.34159306
0.3410659,0.32712385
0.3222785,0.29506218
0.26868224,0.24793875
0.21299155,0.19504006
0.15671036,0.20910785
0.14379454,0.16768762
0.10477643,0.13099088
0.09452755,0.10969555
0.08770717,0.12059462
0.09878241,0.12693854
0.115584016,0.13375002
0.15968636,0.1983913
0.22515121,0.2569266
0.2927609,0.3310709
0.33683264,0.37458688
0.37274152,0.4097134
0.40935552,0.45022026
0.4403524,0.46873757
0.4512422,0.47662416
0.4811577,0.49876574
0.5236085,0.50822926
0.5478996,0.5426279
0.5385011,0.54906464
0.5162918,0.51511514
0.47155273,0.49649063
0.45577133,0.43237537
0.389968,0.39015234
0.30909383,0.31162262
0.2624578,0.2960604
0.23363154,0.25087833
0.20366447,0.22517039
0.19421914,0.21343917
0.2329594,0.23448242
0.25159857,0.2915942
0.32451215,0.39153153
0.41899648,0.46467665
0.47115424,0.518729
0.5117273,0.5573852
0.5341118,0.62381595
0.5633683,0.63540405
0.59542805,0.6686886
0.6022358,0.7107305
0.61150587,0.693952
0.5884822,0.69735575
0.5812886,0.6992701
0.5701173,0.69781995
0.53892297,0.6781175
0.48311228,0.6649326
0.47154492,0.64376885
0.44808197,0.5774158
0.37738645,0.5095877
0.31372017,0.39765012
0.25781524,0.29129332
0.2231192,0.24837372
0.20905115,0.22553293
0.19236897,0.20823553
0.20859566,0.22716121
0.26447597,0.29212847
0.3282617,0.40579087
0.40343234,0.45350656
0.45266092,0.50360155
0.47628048,0.5016485
0.49287927,0.54674256
0.5152098,0.5581894
0.52725244,0.5505444
0.5365183,0.5838427
0.54160494,0.56386703
0.51427,0.5458291
0.5118917,0.52970505
0.496435,0.54574853
0.46865895,0.515505
0.4466495,0.5134746
0.4333886,0.5185975
0.41581464,0.47582337
0.34126693,0.41085842
0.277414,0.32076842
0.21953528,0.2597488
0.18592787,0.22839388
0.1609082,0.20213763
0.16022286,0.1870704
0.1761861,0.19711095
0.22598839,0.2603897
0.29929683,0.35758373
0.36504796,0.42645127
0.4006922,0.48452777
0.4161267,0.47624
0.43660045,0.50401384
0.44044903,0.5273475
0.45640746,0.52547204
0.4827078,0.5549389
0.45725724,0.52237433
0.44361466,0.51478535
0.45534167,0.50488484
0.45642006,0.5056287
0.43993533,0.48092496
0.42510512,0.47638306
0.40799567,0.480108
0.3746997,0.46307272
0.3212517,0.37372354
0.23679538,0.29263783
0.19666044,0.23938379
0.15755051,0.2115047
0.14228883,0.17704816
0.13744524,0.16748387
0.14933066,0.18869208
0.19665624,0.22715019
0.26566482,0.3129226
0.3421845,0.3735028
0.36689875,0.4232914
0.410737,0.4494534
0.45166832,0.46530926
0.46690118,0.50113994
0.48386422,0.5214527
0.51955163,0.52184856
0.5290018,0.53492016
0.54949594,0.52965057
0.5534765,0.5304915
0.5753438,0.5339031
0.56102365,0.51256496
0.51178306,0.49043456
0.48396024,0.47705743
0.45538965,0.43590707
0.3622736,0.36091784
0.28287992,0.28748095
0.23242289,0.2784492
0.19243498,0.22496659
0.16000502,0.2136629
0.14504398,0.20346108
0.14468631,0.20139164
0.18699428,0.2684638
0.2477464,0.33963186
0.321826,0.40264702
0.38164914,0.42790192
0.43698874,0.47368145
0.495551,0.49607068
0.52288234,0.53386277
0.5540311,0.55405754
0.5646496,0.5489015
0.5631991,0.56142527
0.572342,0.56683105
0.5739047,0.5425734
0.5682185,0.56562483
0.5469544,0.5373416
0.5184372,0.5141763
0.4762289,0.47892138
0.43840143,0.4352322
0.37406838,0.37102956
0.29537204,0.3076017
0.24000722,0.26468697
0.19105351,0.20350403
0.16616526,0.18093677
0.14499238,0.1611709
0.14289194,0.14814262
0.1495155,0.18063736
0.16055652,0.19826671
0.21192634,0.24892367
0.28891292,0.30805957
0.3573502,0.3694351
0.40859157,0.4032048
0.45786998,0.4442725
0.4777478,0.4720957
0.49287987,0.4901844
0.4911335,0.50276417
0.4936072,0.5218189
0.47425628,0.51899225
0.47262034,0.54618394
0.43303934,0.5205563
0.41189826,0.493705
0.39226946,0.4661142
0.37970954,0.4259207
0.3282269,0.37140325
0.27626896,0.30370724
0.22730446,0.21441254
0.18895668,0.17950687
0.15394439,0.14324953
0.14230083,0.123195596
0.1317603,0.11945319
0.13536163,0.11843374
0.1471162,0.14649622
0.20840122,0.19058797
0.2606424,0.24081115
0.31267115,0.30790544
0.3332355,0.33017272
0.37722084,0.36731052
0.4048126,0.41432664
0.39895543,0.42912093
0.39841112,0.44074646
0.40590724,0.46533728
0.42708373,0.4765313
0.453114,0.4959495
0.4502364,0.47187102
0.4279815,0.43009338
0.40798005,0.43058807
0.39177316,0.4027481
0.33053738,0.3403976
0.26125634,0.2721617
0.20416556,0.22975752
0.16482459,0.21023634
0.14656949,0.19134563
0.13013996,0.17817196
0.13306676,0.18379924
0.1619392,0.23723848
0.20791753,0.32544428
0.2690651,0.39577717
0.32600224,0.42880815
0.37716442,0.4790771
0.40334353,0.5163092
0.4392662,0.5589845
0.46724507,0.6130515
0.47942874,0.61121297
0.4871943,0.62460494
0.49637556,0.63343954
0.50809294,0.6177993
0.5133158,0.620855
0.49052557,0.5875791
0.47042212,0.5565353
0.41734195,0.54186755
0.3918488,0.5121507
0.3311945,0.42376536
0.26394787,0.34562635
0.20306014,0.270757
0.16914967,0.22661301
0.13597195,0.20794383
0.123434804,0.19138691
0.11760703,0.21822648
0.122778274,0.25760072
0.13925222,0.36045015
0.18503548,0.41477543
0.24050052,0.4548543
0.31302583,0.48384112
0.3557599,0.56262225
0.4141163,0.57878673
0.44211137,0.599002
0.4589328,0.63496745
0.46831807,0.6401188
0.49208888,0.6305785
0.51643944,0.63562626
0.53081113,0.6146165
0.52204156,0.58511716
0.4969829,0.57944286
0.45723864,0.559529
0.42234758,0.5242038
0.36115918,0.44781983
0.3207878,0.3490101
0.2542409,0.3076932
0.21019739,0.2393676
0.1885426,0.20176734
0.1712981,0.18758789
0.18456799,0.196145
0.23238328,0.26061904
0.30484855,0.34662953
0.4145088,0.42008945
0.49024773,0.4746288
0.5633869,0.5247069
0.64957523,0.5698787
0.7171915,0.60621434
0.75040406,0.6450943
0.78701025,0.69818985
0.8021981,0.67711943
0.8082569,0.6724868
0.81207013,0.6904553
0.79296285,0.69456327
0.7824157,0.67519325
0.7472444,0.6485384
0.7275544,0.61503494
0.6622726,0.57323253
0.5668274,0.47771072
0.46262172,0.37783796
0.3849924,0.41750684
0.32999846,0.34960857
0.29176712,0.32112935
0.27752802,0.3003694
0.28843585,0.32035998
0.32192922,0.34648594
0.39115444,0.42869338
0.4837712,0.5061686
0.5585812,0.5833278
0.64538753,0.6528788
0.726419,0.7202727
0.7923129,0.76722294
0.8134162,0.7879121
0.8431456,0.8464954
0.86085343,0.85442895
0.8357635,0.8408342
0.7995354,0.8499106
0.76075673,0.8612257
0.74199635,0.8105678
0.71886885,0.791729
0.6639829,0.75411886
0.64340115,0.6768236
0.5562077,0.5944676
0.43493032,0.49224246
0.3695537,0.3936265
0.32900167,0.33939108
0.29154626,0.2978255
0.2872512,0.2969782
0.301045,0.29920688
0.33057398,0.3214421
0.40439433,0.42179963
0.47112426,0.4841267
0.5397487,0.53007644
0.59091634,0.58757097
0.6643088,0.63603103
0.6706425,0.6617381
0.71178263,0.6875211
0.7304896,0.7218468
0.74166626,0.72607106
0.73751223,0.72848815
0.71083504,0.70700467
0.6907681,0.7385447
0.68495476,0.69562316
0.6180592,0.6605622
0.5721163,0.61861455
0.54400903,0.57295936
0.46627706,0.49926466
0.38136408,0.40690702
0.3055009,0.33444664
0.26342937,0.28131524
0.23538269,0.23907094
0.19026075,0.24552512
0.193517,0.23202474
0.19834678,0.25271553
0.20657445,0.2889765
0.25104347,0.37475
0.309928,0.4252113
0.38075194,0.49781
0.44925883,0.5271672
0.49977645,0.570996
0.5133836,0.6087838
0.5426167,0.60893726
0.55993867,0.6482561
0.5662903,0.6695209
0.5907897,0.6448297
0.5808559,0.6771746
0.5675518,0.6576326
0.51895815,0.6105086
0.48532432,0.55629176
0.44973773,0.49626678
0.39771017,0.43290678
0.3252641,0.36215585
0.27740622,0.28075767
0.22151268,0.23024958
0.20440622,0.19840935
0.17584163,0.18774226
0.1771475,0.16502215
0.17063557,0.21017827
0.18539916,0.24627797
0.22546208,0.30705154
0.27961764,0.36528015
0.33772922,0.41386372
0.38861895,0.46983898
0.40787202,0.50356925
0.40297624,0.5430649
0.39934552,0.56273365
0.40394184,0.5698232
0.40369397,0.59550977
0.4392008,0.57001936
0.4590564,0.6012789
0.45738566,0.5807066
0.4447111,0.5498942
0.42215973,0.5112871
0.4150273,0.47999305
0.33632013,0.42068905
0.3074765,0.3355143
0.24942854,0.31065598
0.21488373,0.24252832
0.2009249,0.25362095
0.21015358,0.23000899
0.21935284,0.23164017
0.2828349,0.27363995
0.35858464,0.3342263
0.43504253,0.42267945
0.49734837,0.43495345
0.5345097,0.49684232
0.5682749,0.54472786
0.6228428,0.55546516
0.6455376,0.56328017
0.6677859,0.6008273
0.6859066,0.5981345
0.676244,0.60279626
0.68600976,0.5984945
0.68332726,0.5945113
0.6583466,0.5909522
0.64738053,0.5462882
0.59912837,0.53631717
0.5533697,0.4717986
0.45476434,0.43215486
0.36001775,0.34947526
0.2882144,0.35889658
0.24022207,0.30041906
0.21782734,0.28419217
0.20795894,0.2547299
0.21775292,0.24596213
0.25876284,0.29633403
0.33007768,0.32636297
0.3884587,0.41250974
0.4536283,0.45540076
0.5070301,0.5459865
0.58266765,0.54020905
0.6273893,0.6132364
0.67095935,0.6622953
0.704817,0.67991567
0.72481245,0.6670627
0.7292143,0.69094265
0.73773664,0.6707709
0.74476707,0.7108798
0.7390629,0.6501929
0.7087118,0.6230233
0.6503115,0.62376577
0.62361157,0.54461735
0.50755465,0.47016844
0.42031255,0.40530366
0.35608035,0.3659596
0.28993374,0.31133592
0.27424777,0.2704055
0.24499723,0.2589502
0.2621451,0.26973218
0.3272553,0.31224927
0.38825706,0.38999742
0.46108362,0.46456087
0.5180352,0.5474227
0.5854978,0.6027117
0.6210184,0.6465208
0.665524,0.7121981
0.6896489,0.75910634
0.72873604,0.78889817
0.7378945,0.8054731
0.7346994,0.8041257
0.7330137,0.8059955
0.7330581,0.8086093
0.71292347,0.75236446
0.682121,0.7384449
0.64984226,0.70291823
0.6155969,0.6484359
0.51688534,0.54053915
0.42222333,0.45037204
0.37055528,0.39074072
0.3050418,0.3140481
0.29184994,0.29472432
0.28812316,0.2663555
0.28651544,0.2695471
0.33029193,0.3264603
0.40998808,0.39582485
0.4900671,0.48289296
0.5668898,0.5565091
0.6205521,0.6127815
0.6459181,0.6572934
0.71727794,0.72739345
0.73162025,0.75619996
0.7587667,0.796971
0.77775276,0.81901556
0.77665573,0.8137707
0.77257615,0.8159132
0.7585585,0.821752
0.7407265,0.77736527
0.7152825,0.74201775
0.657375,0.7112867
0.62030005,0.65468466
0.52936846,0.5571159
0.4209427,0.46657753
0.35410413,0.38112244
0.30140027,0.31134045
0.2620599,0.2903469
0.24143432,0.28177878
0.2472807,0.2669868
0.27719197,0.32721946
0.351454,0.3822569
0.4254772,0.46924835
0.483824,0.53370273
0.53782654,0.6008744
0.59196174,0.6249003
0.63834393,0.6893988
0.67647386,0.714684
0.70318705,0.74369663
0.6943635,0.758314
0.67886174,0.7532152
0.6858267,0.7496912
0.6859888,0.7610594
0.6698203,0.7039619
0.6170858,0.68129194
0.5660593,0.63695854
0.5314671,0.5834993
0.44397834,0.4845485
0.35773367,0.4164865
0.28784412,0.29974332
0.23662435,0.24325746
0.20765227,0.21435915
0.17736953,0.20270252
0.17657617,0.19442306
0.18535535,0.18458141
0.20058824,0.21249737
0.25470722,0.2567755
0.32640734,0.33152694
0.4096934,0.38557285
0.47616708,0.4459681
0.5389566,0.48571524
0.59196174,0.5181455
0.6160026,0.5403633
0.63097626,0.58254206
0.6466292,0.5940584
0.6475576,0.58214015
0.6392147,0.5913446
0.60233784,0.556275
0.56106085,0.530638
0.5342714,0.5039669
0.49352798,0.45890433
0.39799282,0.39256284
0.31667694,0.3196479
0.27226737,0.29411286
0.22219561,0.26099116
0.19920616,0.20326267
0.18214831,0.19910374
0.1658538,0.20847411
0.17146555,0.18761283
0.19493149,0.218798
0.22049607,0.26547384
0.2877865,0.33421355
0.3479631,0.41892946
0.3722116,0.46964484
0.41677424,0.5169068
0.4791557,0.5608368
0.5011003,0.59654963
0.5335327,0.61031085
0.5752093,0.61877936
0.6110846,0.6437318
0.6009641,0.66527486
0.6030832,0.6150076
0.5608592,0.58801776
0.5292556,0.5748555
0.49622554,0.49941558
0.4170299,0.448059
0.31699082,0.36453676
0.29796636,0.35142514
0.24921249,0.30108088
0.21905757,0.2760506
0.2152324,0.25237373
0.2206173,0.25498033
0.27313274,0.32316062
0.3593198,0.4083128
0.424535,0.4962973
0.48987985,0.53221244
0.5261824,0.59192777
0.62014043,0.6287074
0.631817,0.6693232
0.6900432,0.7255198
0.7267923,0.7453066
0.7397309,0.7416165
0.7225938,0.7559007
0.717662,0.73516655
0.6787453,0.7594161
0.647374,0.7188038
0.59759146,0.67814064
0.5678651,0.65870506
0.5497336,0.6046258
0.447132,0.52547973
0.3533972,0.42734575
0.30932546,0.3684395
0.26129955,0.3121684
0.23310223,0.28009802
0.23082176,0.26724592
0.233943,0.2755933
0.2897615,0.29562843
0.36848426,0.39488858
0.42921054,0.45859542
0.47717288,0.48882455
0.52412456,0.56842494
0.559698,0.6097877
0.58914655,0.63968545
0.6320276,0.68140435
0.6657851,0.7366384
0.6920884,0.7128947
0.66567284,0.7194839
0.67873454,0.7157749
0.6764535,0.73324704
0.65429455,0.6823053
0.60487276,0.6566446
0.5730189,0.6430467
0.5275417,0.5915306
0.4403338,0.5101512
0.3475064,0.40832555
0.29472452,0.34932193
0.25141793,0.3009564
0.21157166,0.2551382
0.2058261,0.24236095
0.22631605,0.26281568
0.27327016,0.29042888
0.34358102,0.37472358
0.4106302,0.43576744
0.4599596,0.5000829
0.512316,0.56432617
0.5562179,0.6018581
0.59273046,0.65831393
0.63614446,0.6862184
0.67247885,0.72435546
0.6822878,0.73247224
0.6896501,0.7216528
0.7034667,0.7428677
0.7014623,0.7509761
0.6649863,0.70398545
0.6204849,0.67410004
0.580332,0.64944994
0.54571396,0.5945444
0.4516035,0.51381373
0.35279468,0.42095435
0.2971052,0.35908577
0.24654675,0.31375307
0.22229464,0.27575347
0.20556204,0.2653022
0.20716317,0.28465083
0.2532801,0.3228139
0.32863617,0.41121936
0.40597326,0.485502
0.46075234,0.53816473
0.5278537,0.6075183
0.58073163,0.6625313
0.63433874,0.7038841
0.6728965,0.75405526
0.70721686,0.7780392
0.7095982,0.8006206
0.71651095,0.80428797
0.72982883,0.8043886
0.72368,0.8130683
0.6865235,0.76163024
0.615154,0.7297592
0.55594724,0.6985414
0.5119661,0.62203896
0.42929757,0.5516915
0.33831134,0.4455486
