true,forecasted
0.09552334,0.10121834
0.06337291,0.07628481
0.047617044,0.065044865
0.042624515,0.050424337
0.045467854,0.06364234
0.05829729,0.073395975
0.100540094,0.11048174
0.14680645,0.14249997
0.18252291,0.1663306
0.19026113,0.19416617
0.2067211,0.22318842
0.22098655,0.24239583
0.23433042,0.25195107
0.24490409,0.25945362
0.25183088,0.27246398
0.25277844,0.26280877
0.2554913,0.27863735
0.26024064,0.27234608
0.24763833,0.26677972
0.22753161,0.25951034
0.21456543,0.2511232
0.19809401,0.23241866
0.15406767,0.1896882
0.1121761,0.14681524
0.06925936,0.089777
0.04945067,0.06852844
0.039650522,0.058730457
0.030810146,0.04924815
0.03622511,0.065705456
0.054466385,0.08885998
0.10070033,0.13595495
0.13875684,0.17420748
0.15796621,0.18996248
0.17936876,0.20802897
0.19613256,0.22403815
0.21518838,0.22953118
0.2246095,0.23399879
0.2325506,0.2379298
0.24100392,0.24584317
0.25792825,0.24249552
0.26314536,0.2532997
0.26419654,0.2471702
0.24259184,0.23976216
0.22223884,0.22949369
0.21313581,0.21790949
0.20335944,0.19217627
0.15917286,0.14803605
0.124225326,0.10638438
0.08982091,0.08074585
0.0654885,0.055698358
0.047741752,0.047535706
0.039997447,0.034790218
0.043942213,0.050653677
0.057072196,0.07607068
0.09762036,0.122637786
0.14130245,0.16669412
0.16600749,0.18978706
0.18692088,0.21110947
0.20743872,0.22568113
0.2198765,0.23412518
0.23405321,0.24476017
0.2406228,0.24791157
0.24734238,0.25204593
0.26206475,0.2515484
0.25568807,0.25936848
0.2567678,0.26146132
0.23706748,0.26177996
0.21189615,0.25008675
0.1937393,0.2370719
0.17510696,0.20759183
0.13755523,0.16696706
0.10297423,0.12644345
0.07155169,0.06943747
0.047079265,0.041494485
0.029387807,0.033546247
0.022794573,0.022187896
0.020715987,0.035364572
0.022744332,0.0568284
0.035094105,0.07883431
0.065714285,0.11270493
0.099414,0.13812861
0.13066813,0.16089538
0.1557855,0.17366034
0.17395335,0.18693532
0.19474486,0.19308214
0.20946752,0.2015044
0.22927591,0.20112497
0.24517997,0.20325278
0.2645258,0.21029979
0.2737088,0.20159975
0.26662964,0.19411194
0.24843979,0.18827093
0.23340975,0.17828268
0.22098371,0.15204293
0.18628143,0.118834
0.14683811,0.07825114
0.10938746,0.10103777
0.085113175,0.07045007
0.0654283,0.057194088
0.051125698,0.041584574
0.050949857,0.050724264
0.046466865,0.05933638
0.051590197,0.08572604
0.08060417,0.12684445
0.12518837,0.1574867
0.17556818,0.19920957
0.22206657,0.227403
0.26621866,0.25454056
0.30344352,0.2761908
0.33882183,0.2994223
0.36794773,0.31531847
0.38808906,0.30781156
0.40051955,0.325246
0.3986926,0.31573623
0.38892442,0.30144408
0.36704043,0.28933725
0.34743595,0.27467185
0.33323398,0.24532482
0.29143798,0.20314126
0.2396281,0.15776315
0.20030296,0.18137619
0.16733217,0.1526468
0.1507402,0.12681018
0.13539876,0.1043778
0.13875565,0.10621507
0.16098271,0.12537663
0.20098045,0.15514569
0.25509292,0.19866183
0.27523488,0.25423935
0.29332975,0.29129615
0.32834,0.33416402
0.36713034,0.38214856
0.39000326,0.41663215
0.39859006,0.44121346
0.40651375,0.45081913
0.37341976,0.46125972
0.3666914,0.47371992
0.35071185,0.4767086
0.32966974,0.465073
0.30982077,0.43054095
0.30019036,0.40744174
0.27867633,0.36731067
0.23334493,0.3084228
0.17914373,0.26544997
0.13134846,0.1443014
0.09757309,0.11456074
0.07883773,0.099050626
0.062585264,0.08374826
0.06722299,0.09322311
0.08586247,0.114748135
0.12714298,0.15039341
0.17613183,0.18939881
0.2128348,0.21974972
0.22659577,0.24690917
0.24551277,0.27428108
0.26228875,0.29442626
0.2765059,0.303612
0.28111583,0.32077515
0.30594587,0.32623875
0.30908486,0.32326037
0.32727605,0.33273542
0.34214884,0.32567808
0.3247988,0.31956762
0.2919484,0.29721606
0.27133426,0.2855363
0.24297652,0.25112045
0.2052491,0.21163237
0.15419744,0.16360895
0.10831279,0.12526998
0.08971805,0.09522562
0.06990683,0.07508363
0.06437757,0.060987897
0.06893874,0.068001315
0.0884879,0.08552214
0.13052738,0.12220822
0.18676525,0.16367155
0.21866404,0.19512203
0.24405506,0.23208746
0.26436198,0.27114475
0.26628464,0.29667532
0.26282966,0.32005745
0.25220487,0.33830592
0.25818613,0.34901622
0.25527292,0.35006675
0.27177927,0.365909
0.28436345,0.35528886
0.27470362,0.33779505
0.24795255,0.31592634
0.22994286,0.30282012
0.2159845,0.27224645
0.17258526,0.22398682
0.13059768,0.18033713
0.09081397,0.09625033
0.06574952,0.075117745
0.046334278,0.060538843
0.04217384,0.04379473
0.04825902,0.056888048
0.069365785,0.082638174
0.1119741,0.117089555
0.15418911,0.15893584
0.18483903,0.1891166
0.20162824,0.2157928
0.21997474,0.23653227
0.24079151,0.25438225
0.26280275,0.26855364
0.27614617,0.2839615
0.30112085,0.2889506
0.30387458,0.29102477
0.32625964,0.29939142
0.3295871,0.2961744
0.3116226,0.28406733
0.2837573,0.26835424
0.26691383,0.25275245
0.24736631,0.2255441
0.20953737,0.18086767
0.16294685,0.14002274
0.16138992,0.12242949
0.15983298,0.09364945
0.15827605,0.07714904
0.15671912,0.06247934
0.15516219,0.06922273
0.15360527,0.080518864
0.15204833,0.10273185
0.1504914,0.14792606
0.14893447,0.1789259
0.14737754,0.2196187
0.1458206,0.26410758
0.14426368,0.30157965
0.14270675,0.32716686
0.14114982,0.34419367
0.13959289,0.35880917
0.13803595,0.3538394
0.13647902,0.366878
0.1349221,0.3706502
0.13336517,0.34841546
0.13180824,0.3282992
0.1302513,0.31141528
0.12869437,0.274484
0.12713744,0.23432715
0.1255805,0.18816623
0.12402358,0.073136166
0.12246665,0.049321927
0.12090972,0.03892975
0.11935279,0.02067168
0.11779586,0.023939624
0.11623893,0.03047774
0.114682,0.04391025
0.11312507,0.06028601
0.11156814,0.08071938
0.110011205,0.11123067
0.10845428,0.1281474
0.10689735,0.13519758
0.105340414,0.14145333
0.10378349,0.15287946
0.102226555,0.1518461
0.10066962,0.15301345
0.0991127,0.165675
0.097555764,0.15872307
0.09599883,0.16095775
0.094441906,0.15639849
0.09288497,0.14703375
0.09132804,0.13137166
0.08977111,0.10133209
0.08821418,0.07245478
0.08665725,0.050553348
0.062593885,0.02445089
0.04205924,0.014242604
0.033180214,0.004416328
0.028203145,0.008549432
0.03330552,0.028335454
0.0333293,0.0497939
0.059423238,0.0767476
0.09544411,0.10343483
0.13230912,0.12784134
0.16186178,0.14242491
0.1855898,0.1571603
0.2092117,0.16176268
0.23199691,0.17209044
0.2554583,0.166168
0.28398696,0.16881035
0.29594374,0.17932609
0.31559962,0.17108394
0.29744944,0.16859937
0.27991942,0.17015983
0.26958728,0.15444586
0.25674775,0.12985101
0.22977519,0.09693036
0.18455884,0.060309764
0.14426203,0.12127654
0.11106739,0.09092258
0.09282166,0.08202368
0.07962255,0.06669738
0.0794256,0.07909419
0.10097175,0.09849077
0.12625812,0.14518143
0.1754188,0.19886008
0.21839069,0.23691395
0.2609058,0.27645826
0.30560207,0.31193656
0.33929107,0.34702784
0.37346688,0.37923065
0.40330774,0.39490786
0.42659283,0.41234908
0.45220697,0.41653094
0.46352562,0.43083194
0.46568447,0.4332886
0.44279283,0.41391507
0.3955768,0.3919751
0.35960603,0.36506546
0.33002394,0.3310868
0.284047,0.27708507
0.2259914,0.22743258
0.17403348,0.17538998
0.14686516,0.14771368
0.12973616,0.12833817
0.11552675,0.10883134
0.11785356,0.11844579
0.14047615,0.13893175
0.16877295,0.1777668
0.21649879,0.21780786
0.23565808,0.25488412
0.25685224,0.28631824
0.280852,0.319726
0.3026117,0.3466726
0.31601238,0.36843547
0.33766034,0.3803087
0.36056358,0.38951793
0.38452825,0.3933212
0.3853202,0.4009669
0.38628486,0.40358657
0.35771668,0.39280504
0.33316472,0.364809
0.3084793,0.34909022
0.29215074,0.3132955
0.24006228,0.2619377
0.18707576,0.21740857
0.14676185,0.15129721
0.11442042,0.12579687
0.089895226,0.10994475
0.08202815,0.09404272
0.08589562,0.10407997
0.103606544,0.121676184
0.1281677,0.16528071
0.17229751,0.20706582
0.19824414,0.23394406
0.21827519,0.26499194
0.22503312,0.29121578
0.23574072,0.31484962
0.2385457,0.32925043
0.24431844,0.33785787
0.24391727,0.34687176
0.2409669,0.34365243
0.23892161,0.3558456
0.22359547,0.36432326
0.21500719,0.35843977
0.20000374,0.3346931
0.19343221,0.3187605
0.17679194,0.28611314
0.14791322,0.24243912
0.10386637,0.20111836
0.07899827,0.08833963
0.060363833,0.06393519
0.04832011,0.052326486
0.04291481,0.04124362
0.04916424,0.052263647
0.07043837,0.0783691
0.1045079,0.1160761
0.14601895,0.15744668
0.16783279,0.1770769
0.18733901,0.19672173
0.200741,0.21341377
0.20311627,0.22370632
0.21110597,0.23109515
0.20753787,0.23841898
0.21473102,0.23917615
0.20331322,0.23955782
0.21478483,0.24794406
0.21171808,0.25025403
0.20557448,0.24778333
0.19418299,0.23653384
0.19223388,0.21943814
0.18915835,0.19020423
0.15249254,0.15409105
0.11776765,0.11476308
0.08708994,0.073980674
0.06394131,0.04775215
0.05308091,0.034515444
0.046717472,0.024799816
0.052985333,0.025539223
0.07375379,0.04156015
0.10806114,0.054175526
0.15819393,0.092185125
0.18680003,0.12112189
0.20858474,0.1552428
0.22358908,0.18059602
0.23522212,0.20507778
0.24060571,0.22241847
0.24452668,0.23632684
0.2505643,0.24027973
0.24363351,0.24297507
0.24619013,0.2523389
0.24870154,0.25913203
0.2420606,0.2535679
0.22665018,0.24649775
0.22448939,0.22480895
0.21357831,0.19188121
0.18679959,0.1614424
0.15571015,0.122968495
0.12905301,0.09077863
0.10299251,0.06385513
0.090616874,0.0457135
0.0796123,0.031733137
0.08119665,0.03405268
0.08636755,0.03966663
0.09904151,0.056818515
0.12890868,0.08146313
0.16436249,0.12027822
0.2100704,0.16227093
0.24015176,0.19663964
0.27039662,0.22952889
0.2809813,0.24766885
0.2788428,0.27190205
0.29223648,0.2785613
0.32320166,0.27515805
0.33795866,0.2902566
0.34910178,0.28813645
0.34893277,0.28008026
0.3297292,0.27035436
0.31260362,0.2497826
0.30138662,0.22480664
0.2633334,0.18789236
0.22332153,0.14572524
0.18202512,0.15056702
0.15348321,0.120650336
0.12607843,0.10545105
0.11440674,0.082871854
0.10350309,0.0942474
0.099328086,0.10299404
0.108768374,0.14150284
0.15071672,0.18145831
0.20679452,0.21967903
0.26530585,0.26049873
0.32175228,0.29451656
0.36446908,0.32668418
0.39301056,0.3495558
0.4176777,0.3602393
0.41899687,0.37866822
0.41167885,0.38111514
0.37902066,0.396225
0.34402987,0.39133382
0.32849103,0.3832124
0.3174044,0.35643616
0.30255434,0.3372637
0.29402432,0.30433333
0.26564595,0.25664866
0.21789393,0.2031058
0.18701126,0.1496146
0.15489693,0.12194626
0.1370992,0.104762346
0.12652494,0.07913611
0.13255794,0.08769552
0.15056987,0.115852706
0.19065769,0.15361172
0.2502449,0.18999264
0.29034206,0.22869483
0.31922033,0.2683886
0.35456848,0.28827935
0.4044138,0.31377238
0.45606595,0.33090755
0.49829257,0.35317394
0.51580757,0.35582867
0.53156585,0.36391118
0.5239525,0.37000072
0.52394223,0.36511928
0.50301754,0.36043274
0.45847183,0.33521146
0.41208896,0.31322247
0.37508497,0.29136145
0.31272417,0.24011357
0.23493835,0.19724071
0.19666544,0.22496676
0.15884764,0.18322861
0.1459369,0.16785987
0.13496874,0.14912418
0.13228014,0.157079
0.16242838,0.17290351
0.1948315,0.20702879
0.23924372,0.2607337
0.27594122,0.30044815
0.2929397,0.34578872
0.3065574,0.3799906
0.3276011,0.4145962
0.35596094,0.446161
0.38774496,0.45915923
0.41499978,0.47733337
0.43083918,0.48532543
0.3929215,0.49297562
0.3624461,0.5078994
0.34405366,0.49375844
0.3179233,0.4570546
0.303863,0.4260431
0.2835357,0.37894642
0.24618998,0.33625445
0.20042454,0.28508252
0.1550035,0.1516802
0.13094208,0.117974356
0.11510565,0.10226402
0.102104686,0.0877933
0.10748725,0.09414608
0.12927954,0.11088796
0.1736207,0.13843955
0.2238101,0.18461728
0.26580662,0.21641716
0.29924813,0.2514362
0.31931964,0.2818222
0.34643072,0.30705553
0.3683547,0.32801035
0.38462812,0.34548074
0.40884876,0.35659948
0.40968084,0.36126298
0.4089617,0.37038335
0.41418955,0.3682902
0.4035579,0.35174912
0.37680906,0.32341382
0.3443447,0.30345514
0.32431528,0.26967853
0.27217555,0.23182799
0.22677904,0.18220614
0.17679134,0.18422863
0.13829486,0.15784404
0.11397435,0.1369884
0.10001124,0.11204674
0.09709789,0.12215983
0.11282239,0.13705996
0.15184164,0.16326949
0.19780624,0.20501846
0.2385081,0.2479536
0.26628196,0.28638908
0.30680993,0.31762403
0.34272394,0.347535
0.37933922,0.3735583
0.40316355,0.39464423
0.43518245,0.40340012
0.45675817,0.40658328
0.46810076,0.41145787
0.4748098,0.41385162
0.4566525,0.40073204
0.41387516,0.3643711
0.38139787,0.34839976
0.3541606,0.31442866
0.29775655,0.26675227
0.24658655,0.22131775
0.19454226,0.20410115
0.16175029,0.17130192
0.13945618,0.15577953
0.121571794,0.13221109
0.12565881,0.14214632
0.1393673,0.15610687
0.16973613,0.18582551
0.21757153,0.23661116
0.26523957,0.27562562
0.30749455,0.32104194
0.3511368,0.35652784
0.39431456,0.3947593
0.42485702,0.42647493
0.45500466,0.45078924
0.4809244,0.46628892
0.49071383,0.47364092
0.48849717,0.48329666
0.48597652,0.48365045
0.45640248,0.47062263
0.41276392,0.4300181
0.37822157,0.4027192
0.34110507,0.36665928
0.2924624,0.31927368
0.2409351,0.2665413
0.19954905,0.19267157
0.16413507,0.16027656
0.14093398,0.14007244
0.12556309,0.12023603
0.11956709,0.12670308
0.12086263,0.13294064
0.12761372,0.15919867
0.16063088,0.19491023
0.20154782,0.23379934
0.2441432,0.27519652
0.26922652,0.31142253
0.3079751,0.34416658
0.34138334,0.36797228
0.37018326,0.38777968
0.40733054,0.4082374
0.41906717,0.4123835
0.43065146,0.41839093
0.40201902,0.41123632
0.37528786,0.4067677
0.34203097,0.3694256
0.3232406,0.34501398
0.30775112,0.3182568
0.27480426,0.2773453
0.24259764,0.22972813
0.21260755,0.17861775
0.18374206,0.14786878
0.16719067,0.12588142
0.15088187,0.105700366
0.14779341,0.11147519
0.14356357,0.1235031
0.15565975,0.15269159
0.17704254,0.19300275
0.22210877,0.23524353
0.28091204,0.28212184
0.33412954,0.32202864
0.39083356,0.3534888
0.43137875,0.38532922
0.46744213,0.4071087
0.4939261,0.4239165
0.49773204,0.4371853
0.50828874,0.4443818
0.5256076,0.4378501
0.5256696,0.4200164
0.4974517,0.38659522
0.47097412,0.3633229
0.44731358,0.32990557
0.39778396,0.28254932
0.35157812,0.23195782
0.30339387,0.2802568
0.2650658,0.23678043
0.23876584,0.21995892
0.2221669,0.18846849
0.20977594,0.19362201
0.22526738,0.21588331
0.25307515,0.25248703
0.31267288,0.3074114
0.36529034,0.36807972
0.388785,0.4253025
0.43325177,0.46461606
0.480749,0.5145404
0.51769114,0.5499293
0.55367875,0.5800601
0.5759657,0.5850957
0.6056734,0.6001282
0.6223095,0.6190446
0.6293953,0.6205675
0.6081688,0.6010696
0.5487879,0.55481464
0.5123932,0.5234503
0.47462502,0.4827339
0.4066896,0.41801324
0.3458968,0.3587672
0.28980592,0.30162412
0.25586453,0.25969762
0.23047186,0.23957121
0.21371312,0.21682572
0.20640196,0.2224197
0.205742,0.2344949
0.21636145,0.2663137
0.2400226,0.32317275
0.27275556,0.3705514
0.32353416,0.426884
0.38055897,0.46831962
0.4352422,0.51826257
0.47955215,0.55229867
0.5228897,0.575367
0.55005145,0.5860178
0.5546107,0.6016413
0.55699104,0.60477304
0.5531826,0.61856705
0.5245339,0.6090074
0.49182865,0.55855364
0.45553398,0.5189456
0.43111387,0.47597712
0.39357507,0.4156437
0.34999436,0.35996625
0.29910353,0.2681123
0.26136228,0.23046339
0.23510231,0.21058169
0.21746391,0.18525246
0.21242456,0.18851753
0.23256056,0.20315844
0.27217674,0.23484635
0.34034672,0.27972633
0.40626642,0.3355918
0.46462703,0.38446215
0.52537435,0.4250821
0.57669747,0.47506827
0.62436146,0.50220686
0.6535107,0.53254676
0.6811844,0.5359531
0.69163066,0.5550358
0.6938422,0.55802333
0.6949479,0.5657852
0.66399205,0.5496461
0.6249168,0.49684432
0.57576174,0.4648082
0.54851526,0.42448092
0.47829866,0.37040564
0.42333522,0.31532833
0.36072513,0.34183457
0.31662136,0.29548797
0.285321,0.27424276
0.26662815,0.24106711
0.26131457,0.24998441
0.2746146,0.26690888
0.31122527,0.29619014
0.37383208,0.37097105
0.44233665,0.4268702
0.5159773,0.49163258
0.5721711,0.5422794
0.62623584,0.5988222
0.65145737,0.6346391
0.6886815,0.6651481
0.7034612,0.67246974
0.7276074,0.68779254
0.7400248,0.7037326
0.7390615,0.7117756
0.7201736,0.6910735
0.6624483,0.63815707
0.61746424,0.5957689
0.57686585,0.543235
0.49763304,0.4741793
0.43617046,0.40813634
0.37400183,0.3755792
0.33491242,0.3298603
0.3078776,0.30754423
0.2914976,0.2716363
0.29780158,0.2764544
0.30694756,0.2888584
0.33697644,0.3076404
0.37819618,0.38262552
0.4240942,0.43159238
0.47322336,0.5046678
0.5234609,0.55644095
0.57904714,0.6147532
0.61742634,0.6505745
0.65561545,0.6797253
0.6610529,0.694385
0.62393546,0.71039736
0.5686217,0.71687007
0.56377184,0.7300709
0.5666189,0.7083444
0.53933674,0.6606849
0.505108,0.6107962
0.47919154,0.55730486
0.42301565,0.49657732
0.38304064,0.43369868
0.33768532,0.30213356
0.2934916,0.26266947
0.26910776,0.23317143
0.24825995,0.20831507
0.23841193,0.21073554
0.23627523,0.21501401
0.2512017,0.22059962
0.2882764,0.26523894
0.3469114,0.31252673
0.41204602,0.37086064
0.47363955,0.41674358
0.5177778,0.47215933
0.5452544,0.49840692
0.5693091,0.5248516
0.559248,0.5453092
0.5430306,0.5639199
0.52950376,0.5653166
0.4904888,0.5619828
0.43976888,0.5483763
0.40348744,0.5054066
0.3847219,0.4646114
0.37045884,0.41952866
0.33687523,0.3786061
0.30112666,0.33792
0.26276678,0.22024354
0.232432,0.17968234
0.21249294,0.15786994
0.19351916,0.14249039
0.18863782,0.142964
0.18649918,0.15344802
0.1961327,0.16934095
0.22612087,0.20672435
0.2640259,0.24449953
0.3196337,0.28580827
0.35972986,0.32710814
0.3909532,0.3682571
0.4015196,0.38669187
0.42012534,0.41046098
0.43532172,0.42122492
0.4633214,0.43364453
0.4498788,0.4392868
0.4156587,0.44402546
0.3679247,0.43340206
0.33480972,0.4055809
0.31853303,0.363356
0.31572834,0.33325315
0.28523064,0.29712754
0.24244557,0.25818703
0.21119055,0.19179863
0.17947029,0.15709898
0.16134778,0.13526344
0.1523213,0.1188112
0.1533105,0.1217814
0.17772123,0.13501531
0.21055779,0.14391434
0.26492444,0.17749043
0.3058307,0.21701923
0.31682232,0.25792006
0.3403094,0.29866147
0.36373317,0.32953054
0.38941404,0.35014936
0.44080478,0.37048694
0.47968012,0.38251054
0.5085174,0.3963276
0.5398048,0.40063664
0.5600695,0.39848292
0.5479649,0.38408548
0.51124716,0.35937446
0.46420208,0.33271447
0.41583708,0.30106223
0.35916874,0.2636879
0.29548815,0.226375
0.25013906,0.261947
0.20122512,0.22867773
0.17364597,0.209296
0.15516122,0.19029042
0.15298854,0.20035315
0.17695811,0.2142615
0.19974898,0.22808874
0.2629774,0.2706308
0.30887407,0.32171628
0.3547272,0.3770029
0.40270945,0.43148068
0.4418986,0.48366886
0.48232695,0.5226099
0.5150198,0.5529524
0.542757,0.57101774
0.57480705,0.5947337
0.6098909,0.5982508
0.6173104,0.58681613
0.60430676,0.57658637
0.5543143,0.53375953
0.5105579,0.49384275
0.4688468,0.45825055
0.40502602,0.3980335
0.34317595,0.35755205
0.28710186,0.2636217
0.23891507,0.22969702
0.21615677,0.20692196
0.19539218,0.19081378
0.18825194,0.20003143
0.19882488,0.21515092
0.24584587,0.24194849
0.29779547,0.29209298
0.35279134,0.3418868
0.419154,0.39677233
0.47896427,0.43919775
0.53167164,0.4900303
0.58116424,0.52514327
0.607926,0.5544885
0.63214815,0.57327425
0.6547425,0.59205204
0.67034405,0.59682727
0.6701773,0.5963511
0.65028596,0.57536334
0.6038753,0.5294113
0.5592639,0.4964036
0.5109546,0.45861977
0.44181195,0.39614502
0.3843982,0.34514314
0.32309225,0.2948014
0.2831596,0.2541311
0.25383574,0.22686353
0.2449524,0.20445025
0.23280627,0.21390063
0.24754512,0.22572267
0.29076704,0.25613946
0.35427535,0.31182635
0.39938542,0.36243775
0.4559249,0.42799094
0.5197913,0.47144228
0.5727341,0.5291465
0.62478983,0.56628215
0.6651834,0.59124875
0.692281,0.61251813
0.71261287,0.6237943
0.7143319,0.63178647
0.71878964,0.6396755
0.6983216,0.6184229
0.6602423,0.5725966
0.61479884,0.53201103
0.5934755,0.48892176
0.5383588,0.4298442
0.48733762,0.3640295
0.42937982,0.36966705
0.38389963,0.32099262
0.35384682,0.28716686
0.32960492,0.2561493
0.32434484,0.25964928
0.33676404,0.26940802
0.35477298,0.30343232
0.41453528,0.36890382
0.46501872,0.4330214
0.50636894,0.5114201
0.54833674,0.56616336
0.6001979,0.6333879
0.6463045,0.6797827
0.6775745,0.7100731
0.6838928,0.72771734
0.69360197,0.73689497
0.68534976,0.7491332
0.66173065,0.767129
0.6182021,0.75431997
0.5820601,0.70586926
0.55190086,0.6533054
0.5274813,0.60761404
0.4698351,0.5405076
0.41337174,0.469623
0.36172608,0.32657957
0.32656673,0.28091872
0.28453425,0.25578427
0.2616438,0.23235753
0.24786782,0.2306027
0.24465676,0.24265563
0.25877059,0.26397973
0.30175096,0.31891114
0.3692146,0.36670294
0.43981543,0.4262079
0.50628436,0.4697772
0.5683788,0.5201842
0.61057717,0.5481275
0.6238387,0.57571
0.6392597,0.5906446
0.6365816,0.60345995
0.6325013,0.6077899
0.6099914,0.61465394
0.57523066,0.592027
0.5420672,0.54698116
0.5060959,0.5059301
0.48303986,0.46454892
0.44718307,0.41433215
0.40498516,0.35984775
0.37464947,0.33373502
0.34338745,0.28862348
0.3245259,0.2638395
0.30661267,0.23318991
0.27997693,0.23714894
0.26727116,0.24808198
0.26459298,0.2583418
0.28168035,0.3123121
0.30580735,0.3522013
0.33923906,0.4186576
0.36785987,0.47680473
0.37731725,0.5346146
0.38791725,0.5672913
0.4051439,0.59638816
0.4038005,0.6045007
0.40059876,0.62644964
0.40557316,0.6355665
0.42036095,0.6336326
0.43038896,0.604284
0.4296969,0.56334656
0.41657954,0.51871634
0.40164447,0.47322512
0.36304244,0.42519093
0.3140405,0.38017374
0.26728216,0.25408083
0.24011773,0.21917517
0.21149318,0.19740117
0.20103501,0.17747423
0.20198973,0.18325725
0.21981867,0.19661805
0.24862947,0.21553561
0.3017108,0.25898618
0.35056618,0.3029027
0.40045622,0.3520724
0.44997394,0.39835948
0.5069792,0.43722373
0.54738486,0.46463916
0.5876723,0.4911789
0.6345818,0.5058504
0.6385116,0.51996386
0.6495001,0.52750486
0.6477824,0.5211598
0.6240709,0.50249076
0.5811086,0.46601197
0.5441237,0.43351713
0.50569636,0.39596874
0.4439769,0.34376112
0.3775991,0.29928127
0.32442304,0.34210855
0.28404537,0.29993898
0.2511168,0.28950852
0.23068635,0.25578263
0.22835137,0.2615719
0.24782829,0.28665218
0.28070304,0.30695903
0.33852112,0.3672804
0.38697886,0.41689268
0.43693805,0.4814871
0.49165398,0.5337731
0.53682786,0.59481186
0.5770405,0.627171
0.6129513,0.66962236
0.63785666,0.6773972
0.6780445,0.7046248
0.6725515,0.7163157
0.67617047,0.707231
0.64121073,0.6826106
0.5925388,0.6370814
0.54940665,0.5887649
0.49681225,0.54284775
0.4266685,0.47148234
0.36088404,0.42107236
0.30661654,0.32120106
0.2681291,0.2823558
0.24440734,0.25646728
0.22494379,0.23821273
0.22649753,0.2436437
0.24688917,0.24955744
0.27542394,0.27304623
0.31265756,0.32144406
0.3469896,0.3641151
0.36133888,0.42064515
0.37982854,0.47077838
0.39327496,0.51706284
0.42275584,0.5549052
0.4403003,0.5767482
0.47034806,0.5925424
0.51659644,0.60871494
0.53452766,0.6130816
0.5465049,0.61735797
0.5284359,0.59981537
0.4976592,0.554903
0.47155946,0.51498306
0.44927147,0.4826325
0.39642838,0.4273517
0.3384245,0.38020062
0.28451285,0.26048166
0.25317502,0.22745596
0.22221743,0.20133385
0.2094904,0.17846385
0.20984937,0.18388388
0.22176601,0.19940159
0.26190066,0.22997427
0.32047874,0.27646583
0.379749,0.3209127
0.4249529,0.3774258
0.473952,0.41796649
0.51814556,0.46081424
0.54474205,0.49027297
0.571134,0.5154682
0.57060736,0.5321469
0.5721336,0.54436326
0.59185725,0.5517434
0.59730166,0.5551838
0.59486026,0.539576
0.5287705,0.5003671
0.4973667,0.46611854
0.45905468,0.4343213
0.4106213,0.37872386
0.3446097,0.32622445
0.34213692,0.26125202
0.33966413,0.22548172
0.3371913,0.20181201
0.33471853,0.18110842
0.3322457,0.18838787
0.32977292,0.206025
0.32730013,0.23460943
0.3248273,0.288459
0.32235453,0.33190337
0.3198817,0.37860754
0.31740892,0.40773192
0.31493613,0.4441585
0.3124633,0.4661173
0.30999053,0.48830408
0.3075177,0.5033367
0.30504492,0.5123962
0.30257213,0.5218443
0.3000993,0.5321166
0.29762653,0.5130739
0.2951537,0.47121426
0.29268092,0.44543475
0.29020813,0.40466127
0.2877353,0.35359997
0.28526253,0.30236706
0.2827897,0.18601203
0.28031692,0.15012029
0.2778441,0.12727396
0.2753713,0.11297821
0.27289852,0.11296628
0.2704257,0.12152786
0.26795292,0.13012834
0.2654801,0.1624673
0.2630073,0.20044851
0.26053452,0.24393308
0.2580617,0.28221217
0.25558892,0.31322873
0.2531161,0.33613017
0.2506433,0.35807317
0.24817051,0.3728288
0.2456977,0.38656265
0.24322492,0.39800754
0.24075212,0.38833594
0.23827931,0.37817788
0.23580651,0.35568878
0.2333337,0.3217736
0.23086092,0.2978654
0.22838812,0.26037806
0.22591531,0.22188357
0.22344251,0.12600449
0.2209697,0.09930271
0.2184969,0.08153139
0.21602412,0.06527183
0.21355131,0.07413034
0.21107851,0.07862851
0.2086057,0.08307052
0.2061329,0.108737916
0.20366012,0.14598054
0.20118731,0.18835641
0.19871451,0.22795846
0.1962417,0.2612126
0.1937689,0.28206047
0.19129612,0.29762754
0.18882331,0.31356063
0.18635051,0.32295144
0.1838777,0.33084404
0.1814049,0.32665986
0.1789321,0.31667924
0.17645931,0.29768988
0.17398651,0.273624
0.1715137,0.24830273
0.1690409,0.21256486
0.1665681,0.17725164
0.16409531,0.09595766
0.16162251,0.065557286
0.1591497,0.048660483
0.1566769,0.03278447
0.1542041,0.040694296
0.15173131,0.05360367
0.14925851,0.07973416
0.1467857,0.11508871
0.1443129,0.14424303
0.1418401,0.17791945
0.13936731,0.20670235
0.13689451,0.22813393
0.1344217,0.24193417
0.1319489,0.25688776
0.1294761,0.2679684
0.1270033,0.27061635
0.1245305,0.28448063
0.122057706,0.2817071
0.1195849,0.2680671
0.1171121,0.25898197
0.114639305,0.23559223
0.1121665,0.20926929
0.109693706,0.17760253
0.1072209,0.1348365
0.1047481,0.07732433
0.08023138,0.05316317
0.059041236,0.046923544
0.04877376,0.037909903
0.043606285,0.050668716
0.05085547,0.066519536
0.05908523,0.096365586
0.0827657,0.13631447
0.11361137,0.16068865
0.15527761,0.18835533
0.18793817,0.20472568
0.21952467,0.21853463
0.23852,0.22902681
0.2706841,0.23871294
0.29354423,0.24933189
0.3256224,0.24532057
0.34798312,0.26499838
0.35610747,0.2613235
0.3397086,0.2502154
0.30734026,0.24657756
0.28879577,0.23618656
0.2596345,0.20670041
0.22516213,0.17366326
0.18832062,0.1273555
0.16304316,0.12741533
0.13443275,0.106646806
0.121150255,0.09346099
0.10008451,0.07985671
0.08906284,0.0891947
0.091638334,0.11320966
0.09331113,0.15154162
0.11571641,0.19206338
0.16267692,0.23370537
0.23448932,0.26979485
0.29937673,0.29268056
0.3524181,0.3222744
0.42944092,0.3462356
0.47805667,0.36342272
0.5207647,0.3789841
0.54873765,0.38943538
0.5680726,0.40303025
0.56032175,0.39599544
0.52319217,0.36972314
0.48188877,0.34656212
0.44560957,0.32870108
0.3993105,0.3011775
0.36101052,0.2439573
0.3132221,0.19406328
0.26829618,0.25470924
0.22965822,0.21848856
0.20440677,0.2014255
0.18894625,0.1759367
0.18556543,0.19182198
0.19516045,0.21178266
0.2019328,0.2503873
0.21720944,0.29840678
0.2550864,0.3487478
0.31604776,0.41770244
0.3975313,0.4460013
0.48746753,0.5197358
0.5399931,0.5600124
0.5816941,0.58792204
0.6205334,0.5985131
0.6517278,0.612131
0.67671996,0.6257323
0.68436724,0.6421527
0.6658688,0.605913
0.64221674,0.55517936
0.6115179,0.5182204
0.55916595,0.471201
0.48954108,0.39677605
0.43699348,0.33977708
0.38161668,0.36405078
0.33918005,0.3200119
0.31134805,0.28563073
0.29030016,0.26658228
0.28677619,0.28059506
0.31381622,0.28401294
0.33935678,0.34165424
0.37877274,0.39650318
0.4137347,0.46595007
0.47308615,0.54810923
0.5403748,0.5916297
0.5890371,0.6870549
0.63833886,0.75092685
0.6948908,0.7861958
0.72060215,0.79702556
0.73690796,0.8165605
0.7455333,0.8426485
0.75258505,0.8507893
0.7291714,0.82452816
0.6912103,0.76294756
0.6549616,0.70479274
0.58777857,0.645295
0.5084558,0.57709426
0.44162095,0.5051767
0.3884452,0.42920652
0.34167275,0.38179517
0.31259412,0.35156155
0.2846166,0.3317595
0.28365564,0.32584047
0.30331436,0.3403447
0.3443068,0.36147
0.38651899,0.4191418
0.44964024,0.4749031
0.51506585,0.53564054
0.5858849,0.58680123
0.62922543,0.65802664
0.6891924,0.69868714
0.7257973,0.71845037
0.7404236,0.729153
0.77129304,0.75638837
0.775274,0.75650877
0.7800542,0.7529595
0.7499917,0.7194628
0.69832516,0.6522124
0.6533047,0.60669553
0.5931708,0.5497778
0.5092832,0.48816594
0.43579173,0.4302369
0.38392654,0.43996802
0.33461902,0.38296255
0.3057012,0.3554549
0.28652945,0.328775
0.28182915,0.318433
0.29857272,0.32895344
0.34059197,0.34149566
0.3811498,0.4228204
0.43956584,0.47067288
0.49877104,0.5281139
0.58227223,0.57254595
0.6435613,0.6255736
0.71029586,0.6488641
0.7576183,0.6625148
0.7795566,0.67208844
0.8071885,0.68973887
0.80413425,0.69725823
0.77770555,0.7076152
0.704087,0.6619853
0.6354291,0.6066381
0.58372116,0.56878215
0.5122463,0.504545
0.44329464,0.45389396
0.3781437,0.39490038
0.33333313,0.42782235
0.2908494,0.36089647
0.2628851,0.33702123
0.2492484,0.30905887
0.24498242,0.2963627
0.26324525,0.2854809
0.30383816,0.2933329
0.33845496,0.3607402
0.38905314,0.38616922
0.43395543,0.46779633
0.51102763,0.50774914
0.5750582,0.569985
0.6327399,0.58990604
0.69878966,0.60529906
0.72651875,0.6174758
0.73831636,0.6316913
0.71219385,0.6512549
0.64550626,0.6476663
0.58472,0.6062308
0.5418919,0.5747282
0.50914466,0.51774776
0.4662221,0.46662503
0.40606338,0.45017356
0.34011483,0.38793808
0.28960437,0.3113201
0.24935214,0.2689419
0.22019532,0.24398583
0.20086363,0.22237182
0.19334674,0.22445092
0.19785544,0.22551316
0.20781003,0.22427446
0.22921957,0.25974977
0.2798139,0.29155427
0.3236046,0.35501683
0.38177514,0.38999367
0.42461905,0.44043833
0.47098053,0.45819783
0.50608397,0.47795933
0.5375511,0.50658727
0.5608364,0.52007985
0.49608436,0.5257768
0.44004714,0.53144306
0.4076821,0.5121228
0.39234242,0.473474
0.371634,0.4258312
0.33949888,0.38243797
0.29416555,0.36533114
0.26385453,0.32117847
0.22444555,0.21455368
0.18626478,0.1751825
0.16934387,0.15168554
0.15737744,0.13480371
0.15149738,0.12839833
0.15491374,0.12681407
0.1612036,0.123475
0.18542214,0.14657082
0.19951546,0.1925166
0.23112276,0.24547677
0.26507857,0.28804725
0.29625794,0.32569587
0.31334266,0.34699094
0.34321147,0.37292454
0.3796854,0.39742196
0.41596848,0.4131465
0.424519,0.42490765
0.40807655,0.44146013
0.38578677,0.4381466
0.3665924,0.40713173
0.3625256,0.36872292
0.3254928,0.33912125
0.27931726,0.3165111
0.23942076,0.2822081
0.20571078,0.19955862
0.17938943,0.1687619
0.1620388,0.14678025
0.15109903,0.1307972
0.1600977,0.1393122
0.18676867,0.14155364
0.24015385,0.14963818
0.28015903,0.17626187
0.3116614,0.21309519
0.3274195,0.26143542
0.35718498,0.3146842
0.37931857,0.34799862
0.41934782,0.38063005
0.47149926,0.39992043
0.4967143,0.4221286
0.5188684,0.43196192
0.5052677,0.43173647
0.48153248,0.43243974
0.45613003,0.43166706
0.43497643,0.4043015
0.4167011,0.3649546
0.38111442,0.3415382
0.3198953,0.2987498
0.26922816,0.26610458
0.26722792,0.20848987
0.26522768,0.17750882
0.26322743,0.15722539
0.26122716,0.14318046
0.25922692,0.15299116
0.25722668,0.16966525
0.25522643,0.19379821
0.25322616,0.23443264
0.25122592,0.2742534
0.24922568,0.31450823
0.24722542,0.35527232
0.24522518,0.3887694
0.24322492,0.4157534
0.24122468,0.43677697
0.23922442,0.45026678
0.23722418,0.4652164
0.23522392,0.4697568
0.23322368,0.46508092
0.23122342,0.4581492
0.22922318,0.42618412
0.22722292,0.3954229
0.22522268,0.36528414
0.22322242,0.31528103
0.22122218,0.2730179
0.21922192,0.14225467
0.21722168,0.10770869
0.21522142,0.091685325
0.21322118,0.07976657
0.21122092,0.08414595
0.20922068,0.097643696
0.20722042,0.12885173
0.20522018,0.1686599
0.20321992,0.20007595
0.20121968,0.24109712
0.19921942,0.26884627
0.19721918,0.2911116
0.19521892,0.31205168
0.19321868,0.32398605
0.19121842,0.33845842
0.18921818,0.34431043
0.18721792,0.36520714
0.18521768,0.354458
0.18321742,0.34232017
0.18121718,0.32946828
0.17921692,0.30311802
0.17721668,0.27857247
0.17521642,0.24188478
0.17321618,0.19057171
0.17121592,0.10353897
0.16921568,0.07875842
0.16721542,0.06417498
0.16521518,0.05036568
0.16321492,0.058844972
0.16121468,0.08236946
0.15921442,0.121087745
0.15721418,0.15949318
0.15521392,0.18965289
0.15321368,0.21911387
0.15121342,0.23407894
0.14921318,0.25606465
0.14721292,0.26646173
0.14521268,0.27651528
0.14321242,0.28436136
0.14121218,0.28656697
0.13921192,0.30292624
0.13721168,0.30277377
0.13521142,0.29180568
0.13321118,0.28287438
0.13121092,0.2671663
0.12921068,0.24055415
0.12721042,0.20331845
0.12521018,0.15887263
0.12320992,0.07036526
0.12120967,0.04575387
0.11920942,0.03650909
0.117209174,0.0275736
0.115208924,0.04460685
0.113208674,0.07219151
0.111208424,0.10923823
0.109208174,0.1449995
0.107207924,0.16781369
0.105207674,0.18070011
0.103207424,0.18664503
0.101207174,0.19374257
0.099206924,0.19533621
0.097206675,0.19889653
0.095206425,0.20173809
0.093206175,0.20338532
0.091205925,0.21520151
0.089205675,0.21120666
0.087205425,0.2082296
0.085205175,0.2054439
0.083204925,0.19353275
0.081204675,0.16777968
0.079204425,0.13559574
0.077204175,0.09569995
0.075203925,0.054677956
0.05123599,0.033768892
0.0341437,0.029129494
0.021972444,0.018579848
0.019603267,0.027758848
0.022560762,0.038647477
0.024578553,0.059178673
0.04244258,0.09191874
0.08986342,0.11466307
0.105201006,0.13995123
0.14030181,0.15482791
0.17618786,0.16609763
0.19454955,0.17360847
0.21722357,0.18309252
0.2194374,0.19103742
0.22009455,0.19362725
0.22701599,0.21180822
0.23289157,0.21216546
0.23341806,0.2115061
0.23713793,0.20680504
0.22760089,0.19633256
0.19961905,0.16074553
0.1718492,0.12984331
0.13839564,0.097440995
0.11643643,0.101577915
0.08650519,0.08076707
0.074845254,0.06597816
0.06608098,0.052976362
0.074931175,0.06434543
0.097110964,0.083242446
0.14264645,0.12506907
0.18743502,0.16559273
0.20985532,0.19693127
0.2278781,0.22992525
0.22541483,0.2592172
0.24283294,0.28253436
0.24926683,0.30426854
0.24651565,0.31604442
0.24822977,0.3301398
0.24244365,0.3323959
0.24533708,0.3487673
0.25770038,0.34896576
0.24968554,0.33561003
0.24324319,0.32436433
0.22858815,0.30794287
0.18989368,0.28012732
0.14898463,0.23246863
0.11465319,0.19101264
0.07952564,0.09973792
0.056166235,0.0755942
0.042637892,0.063934304
0.03580921,0.05103845
0.03585232,0.06348365
0.06663883,0.08876397
0.11224447,0.13465646
0.14425117,0.1739958
0.17476834,0.19477552
0.19193317,0.21973678
0.19808197,0.23496598
0.21105574,0.24890743
0.23131926,0.25578162
0.23120824,0.2622235
0.23436907,0.27004018
0.23985195,0.2680144
0.24998714,0.2836272
0.25447175,0.27939877
0.24095249,0.26965466
0.23621532,0.26120323
0.21570371,0.24836907
0.17438084,0.22311166
0.13346109,0.17993633
0.08715207,0.13909772
0.057580695,0.07117582
0.03502127,0.049235366
0.02685572,0.038232125
0.019322189,0.02805823
0.031206718,0.039775588
0.059821744,0.06563665
0.10411133,0.1028766
0.13777344,0.1407946
0.16653903,0.16650996
0.18406074,0.18607268
0.19808672,0.19298212
0.20314318,0.20511445
0.22621228,0.20949969
0.2350002,0.21464977
0.25071502,0.21622416
0.25751606,0.2159925
0.26647952,0.23007889
0.27141094,0.22378276
0.26189768,0.21648842
0.25224528,0.21177118
0.23279674,0.20509344
0.1902198,0.17727146
0.15056928,0.13911174
0.10005761,0.09862162
0.06576349,0.071578085
0.045392048,0.04968935
0.030905869,0.039884582
0.027341774,0.030691735
0.031545915,0.042708237
0.06053715,0.069447815
0.10070226,0.11505234
0.13565561,0.16224465
0.15490675,0.18565917
0.18236683,0.20499033
0.19113097,0.2201146
0.19386342,0.2317989
0.20876534,0.24360265
0.22186188,0.2506564
0.2236643,0.25709936
0.2360585,0.25705543
0.24121588,0.2653843
0.23414744,0.2651427
0.21107893,0.2595921
0.21160243,0.25360993
0.19237182,0.23927681
0.1650394,0.21087873
0.1261242,0.16907625
0.09656323,0.13334633
0.058023047,0.056664813
0.041970797,0.031135112
0.027510926,0.022653624
0.018004939,0.020196304
0.024295542,0.02551445
0.053968143,0.045114733
0.09999741,0.06379713
0.13686182,0.10480574
0.17068774,0.1285103
0.17120336,0.15142217
0.1899347,0.16374329
0.2015771,0.18172011
0.20373416,0.19244862
0.20180571,0.19658867
0.20049128,0.20203729
0.2050425,0.20119624
0.19235814,0.20777823
0.18684745,0.21274893
0.17955858,0.21249989
0.17518008,0.20940806
0.16057588,0.19374874
0.1339797,0.16144016
0.10729684,0.13009816
0.074230336,0.09500241
0.0513549,0.065266564
0.03220365,0.04006253
0.015106157,0.030728363
0.00832742,0.022398923
0.010646504,0.026261203
0.015485636,0.02947194
0.0323126,0.03620863
0.05306664,0.05652346
0.08852462,0.07750161
0.11989305,0.104240976
0.13532087,0.12317741
0.14482181,0.13327062
0.14239407,0.14063923
0.14010693,0.14086647
0.13580945,0.14303893
0.13078853,0.14269204
0.13288659,0.15628776
0.1367059,0.15884435
0.13935526,0.16323754
0.14256975,0.16090809
0.13144404,0.15061072
0.10963643,0.12389216
0.0895486,0.103592865
0.066356264,0.074419335
0.046613127,0.048046455
0.027853096,0.022501893
0.02023796,0.009684328
0.011051252,0.002782464
0.013832905,0.002394083
0.032212865,0.011324422
0.039468586,0.025234563
0.052445177,0.053473763
0.08420855,0.07859018
0.11239148,0.10828367
0.13599792,0.12964752
0.15221651,0.14585641
0.16478433,0.15392666
0.16647303,0.15911068
0.16699892,0.16106378
0.17570657,0.16097234
0.17956705,0.1722874
0.189285,0.1759698
0.18603127,0.17377213
0.18569638,0.1734938
0.17313242,0.16300735
0.14604333,0.13185993
0.12050872,0.10539946
0.09058819,0.071546584
0.06432718,0.057085473
0.04671435,0.032365747
0.036518525,0.02216297
0.027236091,0.0091574155
0.049326256,0.01904665
0.072470136,0.043824814
0.10605941,0.08853257
0.14056593,0.1322752
0.1683786,0.15637523
0.18416984,0.17902403
0.20039615,0.19433744
0.20399964,0.20989089
0.20403233,0.21984579
0.20140736,0.22685075
0.1967451,0.22775924
0.19898392,0.22525749
0.19416471,0.24049747
0.19593531,0.24202214
0.19338226,0.2463389
0.19524072,0.24424963
0.17341736,0.22502325
0.15166907,0.19443704
0.118097484,0.15651141
0.07923594,0.12387103
0.051850464,0.065388605
0.03403207,0.04612057
0.019447045,0.036791947
0.013639524,0.026399843
0.02945425,0.03900439
0.061306067,0.066793315
0.102348305,0.11566244
0.1415654,0.15599966
0.16448557,0.17343509
0.16765755,0.18870233
0.17605484,0.2003617
0.18424208,0.2101721
0.18677819,0.21270646
0.1859944,0.21635959
0.17672238,0.21222414
0.18960859,0.20969398
0.18269132,0.21899094
0.19916809,0.22271602
0.19361876,0.22934937
0.19444089,0.22485793
0.17756769,0.20746437
0.15109293,0.17877191
0.10626973,0.13900745
0.08267012,0.10605189
0.052054252,0.053763367
0.034204792,0.03331145
0.01927938,0.026397023
0.01626139,0.017327063
0.036904544,0.031434342
0.059545718,0.06105093
0.10423499,0.111997806
0.13623084,0.15347025
0.1522489,0.16643196
0.1515894,0.17383036
0.15638691,0.17721137
0.16784246,0.1755632
0.17716056,0.17073314
0.17475854,0.16870119
0.17521963,0.16472904
0.186054,0.15890715
0.18643482,0.16555327
0.18849646,0.16936517
0.18464772,0.18135387
0.18903379,0.18358488
0.17922117,0.17070451
0.14198054,0.14704269
0.10528811,0.11436784
0.06928061,0.08174083
0.042267185,0.059372727
0.028809596,0.042018633
0.017462403,0.03391157
0.015334617,0.024272505
0.028032655,0.039410383
0.059274748,0.06982211
0.104218945,0.116037995
0.13917288,0.15848589
0.16129322,0.17604661
0.16742136,0.1884875
0.17074184,0.19752836
0.17528279,0.20004031
0.1845416,0.20369865
0.18100515,0.20413086
0.18000108,0.20042232
0.18330356,0.19937445
0.18728356,0.2011999
0.18562429,0.20848106
0.18404543,0.21467862
0.1937173,0.20943432
0.17695841,0.1938115
0.14950174,0.16145876
0.11270392,0.122843854
0.08004172,0.0886364
0.07896883,0.06224653
0.07789595,0.03836929
0.07682306,0.03007825
0.07575018,0.020330977
0.074677296,0.030547645
0.073604405,0.05579915
0.07253152,0.09757329
0.07145864,0.14149144
0.070385754,0.16054031
0.06931287,0.17733116
0.06823998,0.18783504
0.067167096,0.19432852
0.06609421,0.1995249
0.06502133,0.20202589
0.063948445,0.19942662
0.062875554,0.1976056
0.06180267,0.20323215
0.060729787,0.20843272
0.059656903,0.21423599
0.058584016,0.20790789
0.057511132,0.19193783
0.056438245,0.1593749
0.05536536,0.12471043
0.054292478,0.08873987
0.05321959,0.037358668
0.032330588,0.019251311
0.020298012,0.0048273914
0.011921095,-0.0057744626
0.012779789,-0.010216842
0.024373874,-0.013636377
0.039800648,-0.012654314
0.06702767,-0.001932825
0.105401374,0.022096314
0.11263109,0.056511525
0.12653029,0.084336415
0.13740392,0.09492058
0.13550934,0.09745015
0.1408638,0.10171355
0.1351807,0.09925684
0.14483532,0.10071431
0.15189931,0.11338221
0.15556195,0.11493633
0.15886874,0.10897177
0.16133781,0.10932352
0.14409718,0.11065139
0.12475121,0.08875784
0.09877187,0.06744029
0.07334919,0.03964809
0.045203425,0.04286497
0.035548497,0.01862907
0.01798829,0.00981601
0.014813931,0.002567077
0.011432514,0.012249342
0.013251573,0.04029624
0.028242683,0.07836
0.047216754,0.11607952
0.06679758,0.14430845
0.09749267,0.15863386
0.128425,0.16527581
0.15051205,0.17364933
0.16726841,0.17600344
0.1774788,0.184075
0.19447239,0.1794298
0.20366713,0.17984481
0.22376923,0.18549842
0.23370108,0.18112437
0.22848827,0.18623668
0.23488872,0.18434463
0.21508805,0.17003684
0.18395402,0.14015774
0.13739158,0.10452619
0.11124338,0.06849776
0.08486167,0.06541188
0.051563144,0.039961804
0.036028013,0.02787314
0.03626985,0.017372888
0.055430613,0.027740225
0.079385474,0.05555234
0.12685254,0.09301933
0.15724233,0.1448807
0.1775008,0.17120977
0.20062521,0.19926204
0.22801232,0.2168471
0.24778578,0.23646654
0.27285394,0.254383
0.29504964,0.26510736
0.31427047,0.27209848
0.3214776,0.27143908
0.3216564,0.27490193
0.32113838,0.27686048
0.31429216,0.27197737
0.31252378,0.2695232
0.28187522,0.24889943
0.24229218,0.2140699
0.18798886,0.17041557
0.13970353,0.13359378
0.10529614,0.11655013
0.07836416,0.08509833
0.059231047,0.07264298
0.056723338,0.061333783
0.06733372,0.073013656
0.08332607,0.097118355
0.1423618,0.14052375
0.16490339,0.18889779
0.18815221,0.20704785
0.20829386,0.23061028
0.23770842,0.25459886
0.26691756,0.2725411
0.28938437,0.28361776
0.3176403,0.29689872
0.34303904,0.30501643
0.3518415,0.29995126
0.36795396,0.30826855
0.37039968,0.30499506
0.35363695,0.29362994
0.33535433,0.28145525
0.30440596,0.26414388
0.2587297,0.23110443
0.20719258,0.18304929
0.1565733,0.14359972
0.12144352,0.13406849
0.10164524,0.10538837
0.07747693,0.08625543
0.0724523,0.07355856
0.08336739,0.08185276
0.09670474,0.10849357
0.1466538,0.14605114
0.1837657,0.19143465
0.2094864,0.22649425
0.22908118,0.25101727
0.27537325,0.27878752
0.30862436,0.30078137
0.33970654,0.32017067
0.36883911,0.3400747
0.38712275,0.34766865
0.4077017,0.35049284
0.41765377,0.35207155
0.40070668,0.35316908
0.37221622,0.34685066
0.3577663,0.32692263
0.3114096,0.3073066
0.2670809,0.2713554
0.2066609,0.22250678
0.14986487,0.18337145
0.11833367,0.14144415
0.08314384,0.1085619
0.06929087,0.09186858
0.056898735,0.07974287
0.06328283,0.08728661
0.08797212,0.11237199
0.1286667,0.14526647
0.16695255,0.19255987
0.191705,0.22349826
0.21261527,0.25172254
0.2396565,0.2824381
0.26507902,0.30762035
0.28404552,0.3251026
0.304036,0.34946695
0.31911853,0.35853675
0.3330904,0.35673857
0.34070063,0.35854742
0.33948892,0.35551095
0.32568038,0.34900847
0.3166282,0.32958683
0.28953466,0.30639294
0.2445203,0.2711226
0.206359,0.22818068
0.1631206,0.18483831
0.16039638,0.12845787
0.15767215,0.0935009
0.15494794,0.077042885
0.1522237,0.0652998
0.14949949,0.06389923
0.14677526,0.07705456
0.14405105,0.092675894
0.14132681,0.13594553
0.1386026,0.17153297
0.13587837,0.21297324
0.13315415,0.24210215
0.13042992,0.2742924
0.1277057,0.30007794
0.12498148,0.32252502
0.122257255,0.33156905
0.11953303,0.330603
0.11680881,0.3398511
0.11408459,0.34169155
0.111360356,0.3380796
0.10863613,0.31751132
0.10591191,0.29033712
0.10318769,0.25659683
0.100463465,0.22159818
0.09773924,0.17456019
0.09501502,0.068285465
0.0922908,0.04593157
0.08956657,0.031238709
0.08684235,0.020802125
0.08411813,0.02236683
0.081393905,0.029578026
0.07866968,0.034343023
0.07594545,0.059087317
0.07322123,0.07804014
0.070497006,0.10036899
0.06777278,0.122060716
0.06504856,0.12812322
0.062324338,0.13558863
0.059600115,0.13979048
0.056875892,0.13530302
0.05415167,0.14476703
0.051427446,0.15237302
0.048703223,0.15583108
0.045978997,0.1577915
0.043254774,0.15449761
0.04053055,0.139543
0.03780633,0.11337051
0.035082106,0.08750291
0.032357883,0.071121484
0.029633658,0.032358173
0.008047233,0.021528658
0.00028405146,0.012487359
-0.010636843,0.010598965
-0.008030734,0.003112854
-0.0009729989,0.0040606074
0.01308034,0.011728419
0.02751509,0.025956158
0.051087197,0.048845787
0.07429425,0.07233536
0.084762976,0.09566636
0.10209889,0.10425344
0.103423566,0.10247058
0.104615964,0.10958327
0.10534459,0.11006203
0.10531963,0.11115556
0.1156638,0.12982264
0.1274358,0.13497789
0.13705416,0.1354397
0.14786565,0.14244428
0.13723847,0.14307632
0.11180019,0.12200613
0.08960152,0.10238439
0.057081264,0.081086144
0.03728298,0.042123906
0.022161812,0.024639033
0.013524476,0.018840246
0.011343776,0.019604627
0.023786448,0.03025553
0.052910272,0.054657847
0.103664815,0.08779988
0.14532064,0.12659651
0.15925269,0.14542547
0.15479645,0.15379278
0.15608755,0.16280659
0.1634048,0.17050897
0.1620284,0.1694707
0.16230486,0.169589
0.15819378,0.1703672
0.1584365,0.1679737
0.17688052,0.17837894
0.17875384,0.18284725
0.18963593,0.1879924
0.18512352,0.19808494
0.16836582,0.18894105
0.13580455,0.15848121
0.09603303,0.12888326
0.06884257,0.09920041
0.046913974,0.06251158
0.02808438,0.046962522
0.022523006,0.040434644
0.017251482,0.030402008
0.03112987,0.04840944
0.067522496,0.079298675
0.123554215,0.12938564
0.15176627,0.17096043
0.1633501,0.1828802
0.16608448,0.19288793
0.17118998,0.19474992
0.17295226,0.19071756
0.17337129,0.1880735
0.17539814,0.18609896
0.18659505,0.18714042
0.17353866,0.18209393
0.18260258,0.19025388
0.18830918,0.19245918
0.19099168,0.19922084
0.20024082,0.20231648
0.18013427,0.19764258
0.1493592,0.17182335
0.104474604,0.13528472
0.071334824,0.101616025
0.046826426,0.07416105
0.03433396,0.056082807
0.017227996,0.049954545
0.014578187,0.04413134
0.035740837,0.063062854
0.067624316,0.092839375
0.11701806,0.14815763
0.14807732,0.18608245
0.15747257,0.19829583
0.1553711,0.20402098
0.16630463,0.20652694
0.17350774,0.20330389
0.17592774,0.19670549
0.17696376,0.19548297
0.17321357,0.19526201
0.19089894,0.18871559
0.19403896,0.19590154
0.19598451,0.19487233
0.19781323,0.2025396
0.19744816,0.20045055
0.17716399,0.19243407
0.14656238,0.16819337
0.10969039,0.1271251
0.0672325,0.090774715
0.040854063,0.058932945
0.030713677,0.040422387
0.017729657,0.034218248
0.011978767,0.029217415
0.02911416,0.048059657
0.06963408,0.07898297
0.12110611,0.12713362
0.14800167,0.16772902
0.15184936,0.17836818
0.15395783,0.18456687
0.1607382,0.1866464
0.16848607,0.18550925
0.16729309,0.17969725
0.17183717,0.17914842
0.16805977,0.17952827
0.19287154,0.17261787
0.18193696,0.17537397
0.18280073,0.17594449
0.18453357,0.18062663
0.18744111,0.17843221
0.16616192,0.16901875
0.14806588,0.14194635
0.10775048,0.10196572
0.069798775,0.067227736
0.050615117,0.03994969
0.025167614,0.017048823
0.010390843,0.008360688
0.015636357,0.008390725
0.036803912,0.013983398
0.0581598,0.03434229
0.10327924,0.062964484
0.1339895,0.09998022
0.1464338,0.12035358
0.15006152,0.13455495
0.1553011,0.14521244
0.15605752,0.14902551
0.15819229,0.14969587
0.15887856,0.1446705
0.16183695,0.14642315
0.16843463,0.14201777
0.17105056,0.1459918
0.16221093,0.15439506
0.16064262,0.16344151
0.15837437,0.1683547
0.13925256,0.16032258
0.116630994,0.13384941
0.08102854,0.10546363
0.05607839,0.0724813
0.03617784,0.034207433
0.017978778,0.015826212
0.006603193,0.0063262507
0.005672854,0.0013462435
0.0027702078,0.0016483674
0.029796865,0.010058671
0.0468077,0.01687943
0.054614726,0.036559552
0.08830032,0.059236534
0.10613685,0.08709055
0.13351147,0.10581183
0.13929,0.120054215
0.14617458,0.12136643
0.14641419,0.12221887
0.15305944,0.11938125
0.1549176,0.11737372
0.15236321,0.13004646
0.15178783,0.13709718
0.15959932,0.1365313
0.15169121,0.14018416
0.13995013,0.13616368
0.12110759,0.115640104
0.09112508,0.09676184
0.0735781,0.0675103
0.045396507,0.04143165
0.032165002,0.027551409
0.020308118,0.017448079
0.013823838,0.012780689
0.014465369,0.015345625
0.03463986,0.03093512
0.036839735,0.05003175
0.054996435,0.07487395
0.07838349,0.09475475
0.089556776,0.113352664
0.10674107,0.12328373
0.107044145,0.13118556
0.11670353,0.12708473
0.113764025,0.12703268
0.11095606,0.1230908
0.12453078,0.1205679
0.12794445,0.13031149
0.13212733,0.13640313
0.15759505,0.14139715
0.16043645,0.14655949
0.15135945,0.1500344
0.12529539,0.13004775
0.093790345,0.10223263
0.07246255,0.07487185
0.045315202,0.052456133
0.035564404,0.03369798
0.028516924,0.028732171
0.033581987,0.025618568
0.054115742,0.046382442
0.08265169,0.07682422
0.13075048,0.12140323
0.17898141,0.15862076
0.18695536,0.17303549
0.1745448,0.17614952
0.17765747,0.17801508
0.1767698,0.17468284
0.1825079,0.16969615
0.17567343,0.16768487
0.180168,0.16625032
0.18014823,0.16238932
0.18412629,0.16799584
0.18653575,0.16899721
0.20277707,0.17779237
0.20197679,0.17889495
0.18215963,0.1749806
0.15123296,0.14790028
0.114590764,0.1147522
0.08111936,0.08224775
0.05666002,0.06509718
0.038602907,0.047170945
0.024135308,0.040200178
0.028813908,0.030385725
0.035261177,0.04829351
0.07609116,0.07889402
0.12426382,0.12546407
0.16786104,0.1655689
0.1695041,0.18170485
0.16117743,0.19131573
0.16796717,0.19666657
0.17374735,0.19808866
0.17815675,0.1976102
0.17777193,0.1976296
0.17441116,0.1927053
0.17424217,0.19137941
0.18628797,0.19593373
0.19033603,0.20039724
0.19638614,0.21043265
0.19568545,0.20444946
0.18144408,0.1951169
0.14656505,0.16800825
0.10964327,0.13077162
0.079114504,0.09719174
0.050570376,0.060367193
0.03577547,0.040885314
0.027037062,0.034361005
0.024268785,0.02676053
0.038392432,0.04358323
0.079126835,0.07448773
0.12802947,0.121845365
0.1639735,0.16226466
0.17395781,0.17306477
0.17146929,0.18035917
0.17028165,0.18246555
0.16252574,0.17510521
0.17447479,0.17038386
0.17733507,0.16900524
0.17233303,0.16697045
0.17128943,0.1603073
0.18190902,0.16418278
0.17507768,0.1665021
0.19060151,0.17992488
0.19665205,0.18285014
0.178222,0.17456645
0.15131739,0.15005153
0.10219669,0.11817993
0.071845844,0.083699435
0.054758612,0.061186664
0.038985357,0.043787606
0.027605463,0.038680643
0.026592478,0.03131143
0.046924528,0.051279083
0.07972764,0.08486603
0.13749935,0.13299856
0.1795293,0.17362379
0.18171088,0.18571258
0.17387755,0.18889949
0.16661766,0.18773058
0.16502587,0.1835085
0.17174515,0.17565463
0.17272305,0.17484897
0.16599308,0.17155091
0.17402232,0.1682396
0.18468815,0.17249256
0.17418851,0.17373835
0.19473043,0.18281999
0.18487217,0.17933163
0.17433432,0.1729521
0.13681218,0.14585179
0.104522616,0.11108481
0.07482623,0.076113015
0.050767772,0.052245647
0.03657694,0.033793192
0.022210713,0.02389469
0.020548172,0.016087957
0.028259777,0.027617652
0.06945601,0.053632937
0.11521342,0.09096123
0.15019307,0.13043226
0.1636948,0.14424528
0.16644643,0.15747145
0.17784534,0.16403645
0.17167708,0.16858049
0.17648172,0.16656114
0.17934245,0.16637766
0.17546056,0.16500667
0.17629325,0.16272911
0.17736064,0.16559298
0.1745399,0.17569712
0.18164013,0.17798427
0.17533289,0.17698334
0.15396674,0.16368788
0.1355465,0.13638268
0.1027752,0.10217082
0.068134,0.06908763
0.0500812,0.045719855
0.02793485,0.024808004
0.01640676,0.011668097
0.012771911,0.0011382885
0.010633722,0.0048379293
0.021578696,0.017751502
0.036683813,0.037136957
0.065824576,0.06175909
0.08931271,0.08237265
0.10998425,0.106325105
0.11707305,0.120756716
0.11125765,0.12825857
0.12039219,0.12789406
0.12100592,0.12917435
0.11255573,0.12970713
0.118770376,0.12736781
0.122473896,0.13703454
0.12025351,0.14155334
0.13396691,0.1463407
0.13876234,0.15097494
0.12483772,0.14723282
0.1027428,0.12915146
0.07829178,0.10276314
0.059189875,0.074553326
0.04000815,0.043055482
0.022338545,0.0244947
0.012498413,0.015495591
0.014731138,0.010098003
0.01222001,0.014268438
0.024426643,0.025393669
0.033163566,0.038613908
0.053268492,0.061102055
0.07486518,0.07892091
0.09154736,0.1006667
0.105066046,0.11612131
0.10610266,0.12553212
0.11436275,0.123006746
0.112283565,0.123468496
0.113433,0.12372662
0.11672939,0.11915445
0.12058022,0.13151136
0.13674633,0.13750307
0.16194144,0.14021075
0.16792732,0.14682548
0.15379225,0.14719327
0.1265881,0.12549259
0.09867868,0.103504814
0.08189704,0.075232655
0.05676793,0.04657449
0.038995463,0.028686866
0.023964223,0.025835168
0.027038548,0.020583037
0.04653093,0.04031801
0.0838588,0.070099585
0.12777649,0.112264425
0.17481785,0.15163782
0.1831851,0.16533273
0.18185402,0.16883281
0.17800707,0.1691826
0.17526199,0.16692765
0.16551311,0.16182697
0.16871066,0.16063797
0.16430838,0.15559402
0.17315738,0.149262
0.17823227,0.15139902
0.18191066,0.16207832
0.19847365,0.17217359
0.19369218,0.17649348
0.18178327,0.17310315
0.15497422,0.1469979
0.11820836,0.11699322
0.09391684,0.08557314
0.059906024,0.0628713
0.04830807,0.046818517
0.051514838,0.044030417
0.044155955,0.037349455
0.0620182,0.06017577
0.10330198,0.09252413
0.16792436,0.14322135
0.2045786,0.18155804
0.21233895,0.19123888
0.18742892,0.19355975
0.18261403,0.19338788
0.16627267,0.18545671
0.17227803,0.17992814
0.16973406,0.17434949
0.16530457,0.17158306
0.17478143,0.1697054
0.17753528,0.1697259
0.18329018,0.1723132
0.19946387,0.18208542
0.19611427,0.18246068
0.17364523,0.17463571
0.14631802,0.15462711
0.10885696,0.11847659
0.086079635,0.08522302
0.063590966,0.06384931
0.043854512,0.048076276
0.030889073,0.041859876
0.027172325,0.03379952
0.046511754,0.05066034
0.08783195,0.08022629
0.13874272,0.12610771
0.16993546,0.1659902
0.17806028,0.1776036
0.17487611,0.1851296
0.17439897,0.18389672
0.17236423,0.17534886
0.1672742,0.16959961
0.17296727,0.16551249
0.1727889,0.16332433
0.19566567,0.16231833
0.19341467,0.1644186
0.19537865,0.16312046
0.20801531,0.16736582
0.19417392,0.166512
0.1801784,0.16494212
0.14677212,0.1399039
0.10699792,0.10321364
0.07387791,0.0684821
0.050953124,0.05990445
0.03554731,0.044396065
0.0292628,0.0355088
0.025636276,0.026755292
0.039705966,0.04239062
0.06794984,0.07320914
0.12080125,0.11956662
0.15930323,0.15687111
0.16487485,0.17333424
0.17262273,0.17724141
0.1784582,0.17494038
0.17917062,0.16826193
0.19573672,0.16125078
0.19734636,0.16095647
0.20996888,0.15741411
0.20637877,0.15292577
0.21941066,0.15241903
0.22380891,0.1564596
0.224013,0.16609547
0.21239379,0.16469055
0.1926682,0.16026464
0.15759654,0.13503239
0.11864864,0.09969281
0.089416906,0.06619954
0.05870278,0.058200605
0.040365186,0.038391605
0.030430816,0.029126123
0.023438185,0.020255156
0.034468032,0.031670995
0.07282167,0.059687655
0.105544664,0.09639721
0.14386234,0.13625965
0.15712163,0.15237918
0.16874798,0.16695154
0.18707532,0.17523548
0.19371225,0.18119432
0.1963799,0.18026021
0.197532,0.18313684
0.19371285,0.17767167
0.20168605,0.17724326
0.19856893,0.1744208
0.20253286,0.18106869
0.2025614,0.18580467
0.19495265,0.18242358
0.17303832,0.16565411
0.14536256,0.13739753
0.10586305,0.0998732
0.081528716,0.06468371
0.06222778,0.045091733
0.044184048,0.018280841
0.029832242,0.006648112
0.022148136,0.0061691403
0.021541685,0.009250349
0.029604524,0.0147142
0.05239122,0.022338802
0.06525216,0.053892583
0.09462838,0.0739813
0.12946087,0.09730478
0.14555386,0.10917665
0.16733262,0.12075591
0.17711835,0.12179081
0.18408631,0.12156724
0.19970825,0.12767202
0.20244278,0.12483786
0.20733513,0.13018836
0.20676881,0.13398536
0.21588342,0.12911573
0.20267332,0.12503442
0.18793876,0.11879872
0.16283195,0.08949328
0.13210236,0.06504381
0.09834022,0.028020043
0.07406252,0.059597664
0.05263722,0.0339199
0.03319062,0.022331245
0.019642508,0.018287107
0.014238396,0.020080518
0.01893394,0.033805147
0.03258892,0.04539845
0.03974595,0.07587227
0.06342538,0.10046479
0.08764377,0.1315866
0.10171019,0.1464812
0.11365002,0.16619815
0.12744309,0.1814168
0.12766069,0.18384536
0.1321685,0.19005826
0.123703,0.18768497
0.13481906,0.20055348
0.15185992,0.20560913
0.16823144,0.21019498
0.16404054,0.21199736
0.14759676,0.1958299
0.12292145,0.17425293
0.08610877,0.14016753
0.06447433,0.113364756
0.04462135,0.039239857
0.027405243,0.023806907
0.021903178,0.014248345
0.015999485,0.0063482076
0.021565763,0.01646055
0.06863388,0.04280065
0.11063649,0.08308916
0.15150526,0.11661543
0.16941878,0.1361649
0.17355752,0.14932904
0.16884534,0.15454035
0.17932744,0.1581406
0.18385695,0.15788995
0.18822801,0.15931669
0.18128651,0.15811615
0.1882735,0.15650071
0.18372644,0.1576586
0.20187557,0.16667633
0.21137011,0.1765022
0.19744535,0.18375947
0.1785499,0.1732938
0.15462701,0.1534254
0.11066725,0.118183464
0.08001199,0.092344925
0.053574543,0.051124338
0.037069682,0.036143735
0.028915875,0.03030353
0.02105786,0.024917718
0.047277253,0.037793756
0.07820185,0.06807637
0.13447897,0.1146062
0.17506815,0.15607844
0.19218631,0.17379797
0.1828792,0.1775319
0.18169023,0.17914876
0.17583142,0.17885515
0.1721887,0.17580774
0.17071806,0.1721778
0.16836686,0.16584104
0.18617068,0.16126633
0.19843365,0.16840404
0.20114456,0.17959647
0.19818023,0.19790006
0.19022143,0.20089255
0.18285988,0.19668983
0.15098265,0.16957116
0.13054238,0.13756831
0.09958612,0.11134444
0.07787915,0.06993072
0.05712244,0.05513401
0.046035957,0.049876593
0.045941867,0.044923075
0.06080916,0.059292782
0.10814022,0.09210035
0.15952782,0.14499906
0.20832567,0.18715116
0.21515553,0.20051762
0.20712109,0.20125061
0.1994667,0.19938087
0.20330578,0.19396886
0.19552685,0.18531965
0.19072473,0.17802915
0.18802468,0.17330796
0.19794582,0.1691037
0.2092453,0.17697015
0.2262768,0.18753228
0.25616536,0.20736614
0.2544315,0.21471678
0.24345902,0.21096078
0.20612578,0.186543
0.17482468,0.15659861
0.14192599,0.12620457
0.12050263,0.13925278
0.107478775,0.12760594
0.105758116,0.1264369
0.10633513,0.12062364
0.13281836,0.13604935
0.17240943,0.17355642
0.23330183,0.21918431
0.2769643,0.2540111
0.28537643,0.26198426
0.26190972,0.2541296
0.2300041,0.2416746
0.22295126,0.23447831
0.20990303,0.21613751
0.20440513,0.20973265
0.19228813,0.2031272
0.19312854,0.19794773
0.20768027,0.20035133
0.22523527,0.20311369
0.2538274,0.22130764
0.25422323,0.22790222
0.24461097,0.22452354
0.21974659,0.2000095
0.179764,0.1697303
0.15494257,0.13535202
0.13216494,0.13414225
0.12040571,0.119393915
0.1179255,0.116182804
0.11205288,0.1140207
0.14054528,0.12819739
0.1828022,0.1645818
0.23454684,0.20712501
0.2832616,0.24686259
0.28819898,0.2543577
0.26284215,0.24881357
0.22528149,0.23485978
0.2191046,0.22611515
0.20546925,0.21376796
0.19604753,0.20570192
0.18220408,0.19798905
0.18786371,0.19411056
0.18290046,0.1947069
0.20055534,0.19909658
0.21621057,0.21804863
0.21058112,0.22068243
0.20088369,0.21470642
0.1763151,0.19206628
0.15437803,0.16191782
0.12759084,0.12962101
0.100232564,0.09578382
0.08353848,0.08022605
0.079459496,0.07875365
0.07488093,0.07535584
0.0819348,0.09184088
0.104077585,0.120596245
0.13964748,0.15409501
0.15767011,0.18600672
0.18440217,0.18498555
0.19272141,0.18741983
0.19272424,0.18696383
0.17956051,0.1811573
0.1714724,0.17342481
0.16420984,0.1649013
0.15393776,0.16217703
0.15935896,0.15812948
0.15016824,0.16249219
0.1624529,0.16069241
0.18454799,0.16000491
0.1796659,0.1650682
0.16540743,0.16623905
0.13798837,0.14793807
0.1218774,0.119645596
0.098315544,0.09097402
0.08325012,0.0895928
0.06500914,0.07188849
0.055582374,0.067834556
0.05191319,0.061252885
0.05294877,0.07676584
0.06001929,0.09658185
0.082897544,0.121777184
0.10068502,0.14177363
0.11878911,0.15216042
0.1339684,0.1584148
0.14319271,0.15700904
0.13719076,0.14874874
0.13096927,0.14023446
0.1309941,0.13717526
0.12717256,0.1337669
0.12693593,0.1309319
0.1429256,0.1319918
0.14718221,0.13133049
0.17686744,0.14303729
0.17523359,0.1521201
0.16160001,0.15522365
0.15529692,0.13990366
0.12747416,0.11755374
0.09890089,0.08961366
0.069945484,0.09007466
0.058698617,0.073906496
0.045479745,0.065007
0.042495795,0.05906505
0.04539948,0.07653149
0.06490866,0.09903169
0.11632985,0.12903471
0.16247624,0.1594696
0.20169526,0.17377657
0.19733194,0.18360603
0.1855458,0.18745682
0.19193198,0.18535051
0.18869758,0.18106736
0.17929712,0.17705384
0.17595926,0.17456509
0.17455624,0.17244957
0.1879468,0.1725133
0.19796276,0.1837516
0.23216131,0.2006681
0.22602841,0.19897845
0.2108304,0.19363266
0.18919522,0.16732335
0.16307066,0.14058173
0.12021085,0.108641356
0.09417235,0.10561314
0.06884851,0.0819343
0.04971391,0.07151606
0.043144755,0.06148199
0.041440595,0.06548891
0.05313739,0.090287566
0.09673877,0.121020466
0.13224714,0.15805843
0.16956237,0.18080002
0.18994422,0.19929478
0.19118582,0.20859449
0.19226746,0.21586418
0.19225097,0.21567665
0.19381897,0.22105677
0.19073097,0.20741236
0.1898589,0.21160272
0.19488576,0.21892232
0.20406593,0.22929864
0.23052953,0.24019974
0.22845319,0.23677538
0.21970943,0.22020346
0.19525722,0.19581711
0.16470377,0.16408388
0.11745119,0.12756912
0.09274674,0.09492907
0.06715907,0.07171029
0.053775653,0.062829725
0.044678874,0.05439984
0.047451608,0.06619374
0.065152876,0.08850578
0.10970778,0.12703222
0.15581478,0.16598234
0.18325184,0.18483889
0.19792679,0.19795187
0.19054903,0.20107222
0.1813928,0.20372158
0.17458256,0.19995423
0.1757956,0.19870736
0.17345467,0.19629028
0.16973376,0.19465359
0.18218625,0.20367327
0.2034843,0.21727988
0.23686622,0.23637253
0.24272949,0.23891063
0.22897834,0.23428048
0.21472344,0.21341467
0.19298331,0.18806303
0.14400978,0.15760748
0.122845046,0.12594551
0.120819695,0.102422014
0.118794344,0.09126429
0.116768986,0.086554244
0.114743635,0.098399565
0.11271828,0.12392532
0.110692926,0.16360746
0.108667575,0.20956908
0.10664222,0.23624358
0.104616866,0.24625498
0.102591515,0.24382618
0.100566156,0.2436891
0.098540805,0.23897107
0.09651545,0.23623374
0.094490096,0.2332227
0.092464745,0.23285396
0.09043939,0.2399539
0.088414036,0.2452973
0.08638868,0.2571558
0.08436333,0.25060388
0.082337976,0.23938116
0.08031262,0.21600637
0.078287266,0.1789354
0.07626191,0.13630293
0.07423656,0.055358406
0.072211206,0.034009792
0.056682464,0.025114378
0.047698054,0.019439239
0.047669664,0.027579822
0.050975125,0.047219522
0.096996516,0.08253983
0.13876516,0.114072345
0.17895153,0.13027093
0.1978232,0.14528012
0.203157,0.15868104
0.20853494,0.16785716
0.2149516,0.16496737
0.2176674,0.15971883
0.21810262,0.15279159
0.2086271,0.15148
0.2243262,0.163304
0.22026935,0.17410024
0.24815263,0.18724674
0.24625018,0.19297974
0.22889078,0.18822262
0.21742587,0.16744065
0.19154909,0.14013019
0.16067755,0.11290617
0.12911811,0.1252532
0.114708334,0.10625003
0.09966431,0.09879616
0.0893845,0.093153745
0.088016264,0.10588759
0.09339838,0.13518518
0.110034935,0.17978527
0.15031287,0.22203544
0.16248472,0.24689895
0.17072251,0.2509419
0.16845277,0.2463643
0.16247149,0.24012317
0.15834613,0.23232992
0.14836568,0.22880232
0.14505993,0.22425652
0.14411487,0.22476985
0.15815379,0.23398739
0.1675382,0.23867302
0.1945812,0.26273224
0.18909237,0.2621769
0.18132293,0.254769
0.16980004,0.23571897
0.14193417,0.20221527
0.13572621,0.16612625
0.10776267,0.087670855
0.09786413,0.07147894
0.08699362,0.06481998
0.08179864,0.06053765
0.0831486,0.075235225
0.08964729,0.09834811
0.117666274,0.13543917
0.13051504,0.16430241
0.14987989,0.18043464
0.1625803,0.18441713
0.16819146,0.18166214
0.16766587,0.17885098
0.16019358,0.16775127
0.16050974,0.16185485
0.15891439,0.15788624
0.16159883,0.15492503
0.1821354,0.16189292
0.19980799,0.1733931
0.24776794,0.19660378
0.25154027,0.20656034
0.2482656,0.20809369
0.23996492,0.19060796
0.21015929,0.16859086
0.19526881,0.14268437
0.15533334,0.15820006
0.14875305,0.13753438
0.13958357,0.12973277
0.13554442,0.13166007
0.13489576,0.14211985
0.17094561,0.16925448
0.21943101,0.2115205
0.2683396,0.26212662
0.3033888,0.28193972
0.29835376,0.27970606
0.2739298,0.27061623
0.2386774,0.26171684
0.23542248,0.2515448
0.22410084,0.23961355
0.21468316,0.23929536
0.21180712,0.23362693
0.2259654,0.24181138
0.24143513,0.2550758
0.28171974,0.28137878
0.28263462,0.28276035
0.2670625,0.27689567
0.25920165,0.25350204
0.22322981,0.22454949
0.185415,0.18565577
0.1612036,0.16237889
0.1370066,0.13709427
0.125168,0.12709534
0.11884841,0.122593544
0.1230197,0.13079634
0.13759463,0.15243399
0.1894439,0.19491452
0.23537372,0.24433395
0.25591668,0.26579145
0.2431253,0.27076507
0.2328021,0.26877898
0.21182717,0.2650531
0.21394025,0.256838
0.20624024,0.25005224
0.20234974,0.24537462
0.19751179,0.24128662
0.20636019,0.25042158
0.23071237,0.2583492
0.2767431,0.2797408
0.28084663,0.27956876
0.2659817,0.27029502
0.25230443,0.25041115
0.22364734,0.22329313
0.18052563,0.18477009
0.1562228,0.14635068
0.13705431,0.12257105
0.12269255,0.114038184
0.12013162,0.11245633
0.12845176,0.12580787
0.15726121,0.14791016
0.2024954,0.18254213
0.2564255,0.22487926
0.29093796,0.2419413
0.28013778,0.24691936
0.25401634,0.24343032
0.22436722,0.24006103
0.21973366,0.22971769
0.22586119,0.22153603
0.21363391,0.21786568
0.21166249,0.21384986
0.22695103,0.22215334
0.24228832,0.23303635
0.2715107,0.25708082
0.26653555,0.26012614
0.2544991,0.24958181
0.23958828,0.22703052
0.19806279,0.20248032
0.15869053,0.16593865
0.13259095,0.1474736
0.10697503,0.12111126
0.09039674,0.108502135
0.08645822,0.09964632
0.09245095,0.1065614
0.116131715,0.13115296
0.15675494,0.164269
0.22145669,0.20907757
0.24667558,0.22909567
0.24143647,0.23947965
0.22041844,0.23445112
0.21056627,0.22198622
0.20019594,0.21469887
0.20623489,0.209329
0.19402736,0.20597269
0.18982516,0.19973014
0.18980688,0.21013638
0.21462028,0.21356802
0.23924996,0.2387734
0.2363983,0.24598245
0.22428784,0.23752873
0.21024892,0.22115308
0.17849788,0.20070976
0.1480525,0.1628517
0.122253016,0.11658171
0.09246016,0.099356115
0.081913695,0.08961941
0.07922271,0.086525984
0.0777644,0.10133643
0.10073779,0.122248136
0.13828252,0.14884695
0.18497889,0.1812446
0.21892907,0.20138288
0.2128363,0.20621473
0.20655477,0.20247291
0.19733565,0.19913538
0.19509475,0.19109221
0.19371492,0.18728045
0.19000724,0.1855633
0.18523143,0.18272626
0.18241099,0.18802212
0.21485008,0.19085535
0.22665627,0.2045553
0.21561365,0.2040972
0.1994612,0.20119609
0.17966084,0.17845628
0.14935221,0.15178345
0.117319494,0.119057566
0.094958805,0.08879593
0.0684402,0.06321883
0.05098315,0.053191546
0.0386637,0.037889652
0.034734245,0.047121055
0.035441924,0.052711617
0.057907853,0.07601974
0.070699535,0.09790646
0.090575404,0.11716876
0.12625782,0.14324793
0.1402092,0.16143015
0.13641426,0.1676542
0.14037032,0.16928001
0.14202707,0.16929099
0.1365461,0.16929707
0.13882804,0.16561696
0.15112564,0.1751041
0.16574752,0.1840171
0.20145373,0.19885868
0.1989261,0.20537037
0.192527,0.20330814
0.1822607,0.18876192
0.16855846,0.17129403
0.14702778,0.14651069
0.13244408,0.109589174
0.11404644,0.09040968
0.10474498,0.08401665
0.09732278,0.07820141
0.09459107,0.08820619
0.10263354,0.10684674
0.12459603,0.13287276
0.13488387,0.15542491
0.15699366,0.18146104
0.16602445,0.1930565
0.16724433,0.19532299
0.16136873,0.19529076
0.15102947,0.18829641
0.15629236,0.18749142
0.14980422,0.17630696
0.15255125,0.1762888
0.16561896,0.18339795
0.18479562,0.19391453
0.22544545,0.21621367
0.22786056,0.22320442
0.22372375,0.2210525
0.21242382,0.20351759
0.18925661,0.17963126
0.16059536,0.14597072
0.12971073,0.11995724
0.1116025,0.099562675
0.10132284,0.090078734
0.10402586,0.08729222
0.11006972,0.100353524
0.1309504,0.12260843
0.18107411,0.15846495
0.25789478,0.19970779
0.28126565,0.22236583
0.27291846,0.22748311
0.25824916,0.22416592
0.23970361,0.2210279
0.24228342,0.21182968
0.23011453,0.20397204
0.22033401,0.20107487
0.22489296,0.19676958
0.21165298,0.2082984
0.26947284,0.22476138
0.3042273,0.25303948
0.30220816,0.25775322
0.2932364,0.25389668
0.27388522,0.23052368
0.24399412,0.2082385
0.2069173,0.17470819
0.17509893,0.16546625
0.1541261,0.14632274
0.13977116,0.13391134
0.13489546,0.13217065
0.1347822,0.14203113
0.15618892,0.16457511
0.20212856,0.20258151
0.24982646,0.25032878
0.27617398,0.2789235
0.2978322,0.28471917
0.28218767,0.2801767
0.29257405,0.2803164
0.290061,0.27286628
0.29565892,0.26686686
0.29114577,0.26077354
0.2940352,0.25709268
0.30100954,0.26659945
0.3262873,0.2860286
0.33264285,0.311293
0.32622322,0.30470932
0.2985687,0.29252353
0.27903292,0.26634422
0.24095339,0.23279695
0.19604576,0.19325507
0.15417826,0.1621333
0.12564528,0.12759137
0.102185994,0.11214626
0.089829825,0.10253572
0.083620384,0.105120204
0.08704386,0.12320303
0.1323396,0.16291589
0.16967683,0.21783647
0.20581365,0.248615
0.22549212,0.2636875
0.2334151,0.2647462
0.22253819,0.26309282
0.23113495,0.26327544
0.23225808,0.25708732
0.22625168,0.25572562
0.22116253,0.25001016
0.23027195,0.26605788
0.2507284,0.28018433
0.260852,0.30293778
0.2505227,0.29736093
0.23101336,0.28717095
0.22011194,0.26086366
0.18891191,0.23702689
0.15156873,0.19302174
0.12046473,0.1455813
0.102001525,0.11676662
0.084415905,0.10186678
0.07197145,0.099406205
0.07013975,0.10391002
0.07372258,0.11937199
0.09180377,0.16018876
0.12741247,0.20647663
0.13758154,0.23654953
0.16338013,0.24565408
0.17963111,0.24989629
0.19074911,0.24905886
0.19636191,0.24700232
0.19694428,0.2382183
0.18689902,0.23587525
0.17771247,0.23256713
0.16267483,0.24050169
0.16481124,0.26001638
0.16706298,0.29104102
0.15940058,0.28887233
0.15008456,0.27482623
0.15383907,0.25363615
0.14810437,0.22723432
0.12676677,0.19137625
0.11215321,0.12288566
0.099992506,0.102376744
0.08821812,0.09099703
0.08610951,0.08545822
0.087334156,0.09593565
0.10093028,0.11746022
0.13323753,0.15014035
0.14912747,0.18493235
0.17068209,0.21041244
0.18594803,0.21899384
0.19415505,0.21775658
0.1898433,0.21194942
0.18549483,0.20700426
0.18167566,0.20100802
0.1747566,0.19532564
0.17437728,0.18916486
0.18068586,0.19628176
0.21652733,0.20590894
0.24384503,0.23492566
0.2441924,0.24316442
0.23662305,0.24158758
0.23623316,0.22646946
0.21504034,0.20329285
0.19646358,0.17358972
0.18391344,0.14763844
0.16038667,0.12817295
0.14825228,0.12063758
0.14419365,0.118708335
0.14799483,0.13117701
0.15324049,0.14616406
0.1744287,0.17239064
0.20719585,0.20473672
0.22044548,0.22110173
0.23614146,0.23037046
0.23542917,0.2310776
0.23197165,0.22750767
0.22593284,0.21951963
0.2152627,0.20991889
0.20152195,0.20707798
0.19904606,0.20164268
0.21312138,0.2095178
0.23841475,0.22531492
0.27825153,0.25665858
0.28369427,0.26854458
0.27866876,0.26453522
0.27370998,0.24664015
0.24897817,0.22879075
0.23875068,0.2020063
0.21105753,0.18288821
0.1867168,0.16563882
0.16839465,0.14942183
0.15815201,0.14246303
0.15477341,0.1488541
0.16047852,0.17093927
0.1813277,0.206669
0.20014927,0.24987492
0.20808502,0.2845198
0.22524211,0.2925952
0.23065083,0.2824078
0.23035638,0.2781909
0.23205666,0.26794085
0.2329653,0.26471326
0.23442303,0.25324297
0.24007773,0.25456342
0.25650263,0.2630601
0.2690758,0.28125417
0.2874806,0.31324106
0.28108817,0.31133443
0.25841087,0.30064398
0.24700943,0.28235745
0.21090056,0.24980892
0.17686135,0.21613061
0.14756778,0.15024921
0.14899415,0.12282655
0.15042052,0.108100675
0.15184689,0.103917114
0.15327325,0.10950288
0.15469962,0.12863061
0.15612599,0.17064242
0.15755236,0.22449775
0.15897875,0.2551447
0.16040511,0.2636443
0.16183148,0.2567169
0.16325785,0.25027668
0.16468422,0.24303956
0.16611059,0.23439384
0.16753696,0.23313448
0.16896333,0.22593214
0.1703897,0.2415847
0.17181607,0.25762188
0.17324243,0.29532063
0.1746688,0.29977366
0.17609517,0.29277784
0.17752154,0.27355948
0.17894791,0.24956025
0.18037428,0.21348073
0.18180065,0.14811671
0.18322702,0.13006264
0.16692936,0.11835757
0.15994476,0.11324959
0.16830845,0.12132968
0.1845621,0.14004588
0.23910311,0.18000934
0.28359157,0.22568014
0.3247884,0.25154704
0.33024395,0.25783578
0.32056257,0.25378916
0.30987325,0.2507621
0.31000835,0.23880465
0.30285177,0.22988686
0.3078614,0.22153127
0.3107413,0.2143854
0.3393941,0.22435638
0.38383648,0.24833553
0.42581233,0.2810476
0.41804823,0.29007664
0.4095001,0.28567997
0.39273942,0.27128783
0.34553844,0.24809386
0.30377826,0.21779913
0.2754855,0.26249728
0.24581942,0.23727213
0.23368979,0.22466144
0.23004632,0.22122642
0.23687737,0.22643162
0.25248057,0.24358767
0.30772108,0.28782
0.36198473,0.33872572
0.38605642,0.3640521
0.38699552,0.3633064
0.36875066,0.3449328
0.33733127,0.32938218
0.33473185,0.3153367
0.32607487,0.29709035
0.3114628,0.29184026
0.31174344,0.28232446
0.33504903,0.29157227
0.38016802,0.31203103
0.40663698,0.3515788
0.4031148,0.35593587
0.3944458,0.34494993
0.36619836,0.32712826
0.3327264,0.30526042
0.2737571,0.26470962
