true,forecasted
0.2074246,0.25792235
0.17354989,0.21521704
0.14849187,0.19481295
0.13271461,0.1804048
0.13549884,0.16870597
0.1638051,0.19008195
0.20974478,0.27015492
0.2612529,0.31107908
0.29048723,0.34569263
0.31554523,0.3595712
0.34106728,0.42203936
0.35591647,0.4301629
0.38886312,0.43394527
0.41067284,0.4537805
0.43201855,0.4863058
0.43155453,0.46954128
0.4487239,0.47439477
0.45522043,0.47625774
0.43433875,0.46861985
0.39721578,0.43799073
0.36426914,0.43353724
0.3438515,0.41054028
0.2825986,0.32759753
0.2199536,0.27939948
0.17354989,0.23473583
0.13967517,0.19535956
0.11647332,0.18124264
0.10533643,0.16972862
0.10951276,0.15822679
0.14199536,0.18250218
0.19535963,0.2584055
0.24733178,0.29733485
0.2812065,0.32553545
0.30812064,0.33798563
0.3299304,0.3933398
0.34570765,0.4045374
0.36334106,0.40230247
0.38700697,0.4213399
0.40185615,0.4472184
0.40696055,0.4351653
0.41995358,0.43636337
0.43526682,0.4409607
0.425058,0.4270776
0.41160092,0.4052119
0.37679815,0.40437964
0.3610209,0.37709272
0.3025522,0.2967149
0.23990719,0.25213522
0.1837587,0.23685299
0.14988399,0.19584472
0.122969836,0.1778464
0.11136891,0.1616297
0.11461717,0.1537736
0.13921113,0.17841059
0.18329467,0.25514612
0.2361949,0.30046073
0.2723898,0.3299677
0.3062645,0.3499872
0.34106728,0.40237626
0.36287704,0.42502093
0.38654292,0.43364295
0.4148492,0.4548609
0.4287703,0.4849908
0.44037122,0.47968596
0.46264502,0.48376974
0.4737819,0.48330018
0.46264502,0.47011742
0.43712297,0.4413405
0.3911833,0.43650484
0.35034803,0.4071073
0.28677493,0.3247208
0.21763341,0.27351153
0.15962876,0.21520047
0.11090487,0.17701162
0.08399072,0.15961745
0.06914153,0.14083348
0.05986079,0.138387
0.06914153,0.16629338
0.0774942,0.23115969
0.10394432,0.28126404
0.15081206,0.30209962
0.19767982,0.33279482
0.2412993,0.37565288
0.27563804,0.41736147
0.31322506,0.42980722
0.34802786,0.4572634
0.38700697,0.48897937
0.41670534,0.49619308
0.4598608,0.5024009
0.47703016,0.49829856
0.47471,0.4831091
0.45290023,0.44733417
0.40417632,0.44263196
0.35638052,0.4039715
0.2974478,0.32329342
0.22320186,0.26786393
0.15962876,0.2325363
0.11647332,0.18720372
0.08584687,0.16774651
0.06403712,0.15111914
0.055684455,0.14669544
0.055684455,0.16878155
0.055684455,0.24478608
0.08306264,0.29519635
0.12529002,0.32599366
0.1712297,0.3447184
0.19443156,0.38762376
0.21113689,0.41134435
0.22041763,0.41804454
0.22645012,0.4422619
0.22784223,0.46890053
0.23526682,0.46401292
0.26218098,0.46880814
0.29048723,0.45894828
0.2951276,0.45976427
0.27192575,0.42352155
0.25382832,0.41979477
0.24454756,0.39262766
0.21113689,0.3206078
0.17401393,0.26331958
0.13828306,0.15682967
0.11740139,0.123103164
0.09976798,0.10928118
0.0974478,0.09736717
0.10858469,0.09468999
0.14849187,0.114068665
0.21020882,0.19101384
0.2561485,0.22943306
0.29187936,0.25476858
0.3113689,0.2627901
0.3299304,0.30110815
0.33781904,0.3075148
0.34849188,0.303538
0.35684454,0.31623003
0.35406032,0.33355296
0.34524363,0.3264379
0.34849188,0.32993263
0.3461717,0.3270842
0.3313225,0.33114195
0.312761,0.31483898
0.29651973,0.3197053
0.28213456,0.2993851
0.23897912,0.23950954
0.18979119,0.19605902
0.14802784,0.17410694
0.11322506,0.1420019
0.09837587,0.13537277
0.09651972,0.12481564
0.10394432,0.124582365
0.14338747,0.14818269
0.2,0.21562001
0.2510441,0.25846276
0.28445476,0.28697354
0.2988399,0.29211673
0.312761,0.3169331
0.32714617,0.3192993
0.3396752,0.30681905
0.3396752,0.3165842
0.33178654,0.3248273
0.3150812,0.31426123
0.31044084,0.3146349
0.31925753,0.31320444
0.30719256,0.31723496
0.2974478,0.29967636
0.28955916,0.31045818
0.27470997,0.29144794
0.23109049,0.23337384
0.18932715,0.19765323
0.15962876,0.14780475
0.13689095,0.115200296
0.12111369,0.10148276
0.11136891,0.092806324
0.12575406,0.09281515
0.15684454,0.113378964
0.21577726,0.19609803
0.26914153,0.2343103
0.29976797,0.25587547
0.32157773,0.26922885
0.33689097,0.30555874
0.35034803,0.31190652
0.36148492,0.31486395
0.37958238,0.3223094
0.3786543,0.3418406
0.37354988,0.3341598
0.38561484,0.33865628
0.39721578,0.3343283
0.40417632,0.32943308
0.38700697,0.31857622
0.362413,0.3206737
0.3475638,0.30154246
0.30348027,0.23627152
0.23387471,0.19398278
0.18143852,0.22379892
0.14709976,0.18825626
0.1262181,0.17162524
0.118329465,0.1579698
0.12529002,0.15412399
0.1638051,0.18430668
0.212529,0.2589426
0.2700696,0.3129632
0.31322506,0.337943
0.34802786,0.3620702
0.37354988,0.39582634
0.39535964,0.41999823
0.43201855,0.42421195
0.47471,0.44041285
0.5058005,0.4636028
0.5211137,0.46075004
0.54292345,0.46657476
0.5517401,0.45467868
0.5368909,0.44568264
0.50348026,0.41924086
0.46914154,0.4171366
0.44315544,0.38648647
0.39303944,0.30903217
0.312297,0.25723532
0.30835742,0.28877628
0.30441782,0.2455632
0.30047825,0.22277266
0.29653865,0.20816113
0.29259908,0.19907522
0.2886595,0.22883591
0.2847199,0.31796148
0.28078035,0.37658852
0.27684075,0.41512796
0.27290118,0.4298258
0.2689616,0.4678324
0.265022,0.47138226
0.26108244,0.4718015
0.25714287,0.48184147
0.25320327,0.50700253
0.24926369,0.4876732
0.24532412,0.48747018
0.24138454,0.47371328
0.23744495,0.4790582
0.23350537,0.4434544
0.2295658,0.4407838
0.22562622,0.42219093
0.22168663,0.34261206
0.21774705,0.28428963
0.21380748,0.16453652
0.2098679,0.13406888
0.20592831,0.12125237
0.20198873,0.10553086
0.19804914,0.107216425
0.19410957,0.13445967
0.19016999,0.20078355
0.1862304,0.24891569
0.18229082,0.26572484
0.17835125,0.28516504
0.17441167,0.31446218
0.17047209,0.33997
0.1665325,0.3431705
0.16259293,0.35977829
0.15865335,0.38250163
0.15471376,0.38556823
0.15077418,0.38610047
0.1468346,0.38351232
0.14289503,0.37884718
0.13895544,0.35156575
0.13501586,0.356282
0.13107628,0.32572547
0.1271367,0.2602531
0.12319712,0.21283567
0.11925754,0.10790734
0.07981438,0.079277724
0.055684455,0.06828132
0.040835265,0.050733265
0.03387471,0.059594035
0.034338746,0.08222567
0.034338746,0.14094913
0.06542923,0.18610492
0.11229698,0.19605967
0.15962876,0.22611025
0.20046404,0.25113446
0.24733178,0.29748762
0.28306264,0.31137857
0.32296982,0.3328202
0.35591647,0.35586265
0.39675173,0.3747066
0.42784223,0.38332996
0.4524362,0.37963954
0.44825986,0.3680517
0.42969838,0.3443066
0.39303944,0.3468384
0.3726218,0.30790702
0.3262181,0.24824189
0.27192575,0.19910812
0.21716937,0.24812625
0.17401393,0.2062292
0.14895591,0.18344077
0.14060324,0.16366817
0.14617169,0.16380516
0.1837587,0.18842822
0.23480278,0.26611784
0.29280743,0.32316718
0.33828306,0.35279918
0.37447795,0.38544655
0.4013921,0.42073032
0.41438514,0.45718926
0.4287703,0.4693201
0.43805104,0.4973314
0.4301624,0.5228805
0.4190255,0.5278196
0.42412993,0.53672785
0.42830625,0.5151141
0.41299304,0.5136146
0.4,0.47448805
0.3935035,0.46619433
0.3786543,0.4305223
0.3336427,0.35533604
0.27795824,0.290322
0.22830626,0.22257422
0.20092808,0.18090469
0.17819026,0.15882555
0.16751741,0.14475079
0.17679815,0.14001049
0.21299304,0.16080113
0.27424595,0.2500646
0.3359629,0.3003421
0.3911833,0.32883367
0.43480277,0.34991145
0.46682134,0.39648536
0.4900232,0.4125474
0.50348026,0.4236308
0.5090487,0.44364467
0.49837586,0.46832576
0.46542925,0.46307996
0.43712297,0.47142026
0.41716936,0.4546235
0.39860788,0.45274228
0.38515082,0.4274814
0.36983758,0.4187902
0.3689095,0.39345694
0.33317864,0.32039747
0.27146173,0.2636336
0.22273782,0.20666786
0.187471,0.16541858
0.16705337,0.14425622
0.1512761,0.1301607
0.1638051,0.12688074
0.19582367,0.14823754
0.24593967,0.23470849
0.31044084,0.28086936
0.3549884,0.3043221
0.40649652,0.33488265
0.45707658,0.3834402
0.499768,0.41201377
0.5387471,0.43474498
0.5758701,0.45610785
0.5986079,0.4853842
0.60417634,0.48903403
0.62691414,0.5002549
0.6408353,0.48661932
0.6222738,0.4717847
0.58793503,0.44910553
0.54199535,0.43585798
0.5048724,0.40566412
0.43851507,0.32381782
0.35916474,0.26829657
0.27470997,0.3365454
0.22737819,0.28843302
0.18886311,0.2628133
0.1698376,0.24423404
0.16798145,0.23342982
0.19721578,0.26068503
0.23990719,0.3538417
0.29791182,0.41115367
0.33039442,0.45299014
0.3512761,0.4750092
0.3689095,0.5214591
0.3786543,0.53223157
0.39675173,0.53867465
0.4074246,0.55667967
0.4051044,0.58508104
0.39443156,0.5700355
0.38561484,0.5716462
0.38700697,0.5537026
0.3684455,0.55230606
0.36287704,0.513095
0.3573086,0.5033568
0.35591647,0.47818193
0.31925753,0.39023894
0.26450115,0.3243075
0.21531323,0.20658256
0.18468678,0.16567194
0.16194895,0.14583841
0.15220417,0.12963344
0.15684454,0.12635161
0.18979119,0.14587334
0.24361949,0.22677878
0.29976797,0.27147228
0.33410674,0.29658708
0.36055684,0.3141906
0.38143852,0.3576725
0.40464038,0.37523466
0.42459396,0.38128296
0.43341067,0.40217647
0.42598608,0.42916718
0.41809744,0.42761633
0.43897912,0.4286096
0.44454756,0.4224319
0.42320186,0.42131245
0.39814386,0.390999
0.37587008,0.3885891
0.3684455,0.3637771
0.32482597,0.29428422
0.26032484,0.23883042
0.21067286,0.19431596
0.16798145,0.15106688
0.13828306,0.12952939
0.115081206,0.10890448
0.10858469,0.11130534
0.1187935,0.13143738
0.13457076,0.19688612
0.16844548,0.24488582
0.21763341,0.26544356
0.27053365,0.29761034
0.32296982,0.33858603
0.37958238,0.38173604
0.43062645,0.39880374
0.46821347,0.43273845
0.4965197,0.464672
0.50765663,0.47766525
0.5290023,0.48250744
0.5475638,0.47492003
0.54617167,0.4717431
0.5331786,0.42827272
0.49048725,0.4212322
0.4440835,0.3855643
0.37958238,0.31643945
0.30812064,0.25463834
0.23897912,0.27692682
0.19071926,0.22851604
0.15684454,0.20102903
0.12714617,0.17771198
0.11276102,0.17475036
0.10858469,0.19950122
0.10487239,0.2684135
0.14060324,0.32518977
0.20464037,0.35575864
0.2510441,0.39454615
0.26450115,0.44182068
0.29559165,0.4925194
0.3689095,0.51373
0.4301624,0.55149025
0.46450117,0.58844703
0.512761,0.5990661
0.57030165,0.60686594
0.5860789,0.5923654
0.5587007,0.5840447
0.54245937,0.53290254
0.5095128,0.5181651
0.46635732,0.47688267
0.41438514,0.3944371
0.34477958,0.32177973
0.2839907,0.31491888
0.23944315,0.2677058
0.21299304,0.23771998
0.19953597,0.21140523
0.20556845,0.2052907
0.24037123,0.22782326
0.29605567,0.30997303
0.35545245,0.36661345
0.40092808,0.40435663
0.43062645,0.43859634
0.46635732,0.49447402
0.4923434,0.5328991
0.51554525,0.5523928
0.53410673,0.5876835
0.5364269,0.6270039
0.5368909,0.6279888
0.54570764,0.6370656
0.55684453,0.6177866
0.52668214,0.6146922
0.48306265,0.56169355
0.44918793,0.5452726
0.4185615,0.50823736
0.36426914,0.42071173
0.29837587,0.34904414
0.24269141,0.27080584
0.21206497,0.22215745
0.18607889,0.19978413
0.1712297,0.1859744
0.18051045,0.17387065
0.212529,0.19307564
0.26821345,0.28452784
0.32436195,0.3277292
0.35777262,0.3632658
0.38329467,0.37802577
0.39675173,0.43758306
0.39675173,0.44509017
0.40788862,0.45116714
0.4153132,0.47214943
0.4074246,0.5013812
0.39814386,0.48804668
0.3976798,0.4906508
0.39582366,0.48429558
0.39164734,0.4778005
0.37726218,0.45059168
0.35777262,0.44235036
0.36426914,0.41954207
0.3238979,0.33819178
0.26821345,0.2819545
0.21856149,0.22948055
0.1837587,0.18694134
0.15962876,0.16794242
0.14292343,0.14918058
0.15220417,0.14458784
0.18143852,0.16482885
0.23016241,0.24257061
0.28538284,0.28477657
0.33271462,0.3113267
0.3684455,0.33640483
0.40928075,0.3886612
0.44686776,0.41696483
0.4937355,0.429508
0.54617167,0.4562085
0.57772624,0.48653582
0.6018562,0.48939946
0.60046405,0.49316853
0.6097448,0.49161205
0.5986079,0.47702235
0.56937355,0.44723707
0.5285383,0.44070417
0.5020882,0.40706998
0.42737818,0.32674405
0.34106728,0.2707137
0.26821345,0.3101719
0.225058,0.26154745
0.19025522,0.23453373
0.16844548,0.20824766
0.17354989,0.20313576
0.20510441,0.23099717
0.25568447,0.30037785
0.31740138,0.3613748
0.36705336,0.39330342
0.4213457,0.43490672
0.47842228,0.48471463
0.5211137,0.5382738
0.5786543,0.5592039
0.63201857,0.5980838
0.6714617,0.63622147
0.7030162,0.6462551
0.72761023,0.6553199
0.7109049,0.6397678
0.63155454,0.6272482
0.562413,0.5731488
0.51090485,0.5572145
0.49327147,0.5126385
0.43851507,0.42075166
0.36426914,0.34842536
0.29698375,0.31338727
0.2547564,0.26125875
0.22412993,0.22985777
0.20417634,0.20686613
0.20417634,0.19813448
0.23016241,0.22146332
0.27703017,0.30181238
0.3396752,0.35790208
0.39164734,0.39143908
0.4649652,0.43138015
0.51972157,0.49037987
0.56937355,0.5362453
0.62784225,0.5597488
0.67795825,0.5983942
0.72529,0.6395425
0.7489559,0.6483913
0.775406,0.65681744
0.7767981,0.6406642
0.749884,0.62492776
0.6988399,0.5773302
0.6487239,0.5573212
0.612529,0.51655716
0.5447796,0.4241551
0.45800465,0.34693998
0.38654292,0.3917315
0.32853827,0.33205956
0.27935034,0.29481933
0.23294663,0.26403883
0.22088167,0.2532535
0.21763341,0.2773147
0.21670534,0.35759196
0.23897912,0.425289
0.27331787,0.468074
0.3048724,0.50697446
0.3201856,0.5715603
0.32714617,0.62115955
0.33828306,0.64749473
0.36380512,0.6927406
0.41345707,0.7396132
0.44686776,0.74213046
0.4974478,0.7488054
0.53039443,0.7281645
0.53085846,0.7229666
0.50719255,0.6557887
0.46589327,0.63023764
0.44222736,0.58886987
0.38700697,0.49015132
0.34431556,0.40396184
0.25290024,0.30868757
0.17679815,0.25852627
0.15313224,0.22698471
0.1350348,0.19849452
0.11972158,0.19369313
0.121577725,0.2136375
0.12714617,0.29015774
0.14338747,0.34130612
0.1823666,0.37768155
0.225058,0.41236252
0.26171693,0.47295243
0.31368908,0.5159609
0.38422275,0.5413562
0.4399072,0.57758033
0.4812065,0.62430745
0.5141531,0.62732077
0.52946633,0.6327709
0.54199535,0.62264717
0.46032482,0.6181075
0.3726218,0.5594012
0.3313225,0.54207724
0.29698375,0.5052536
0.2589327,0.41862935
0.20139211,0.3430772
0.15591647,0.18226238
0.12436195,0.14160857
0.109048724,0.119840145
0.09698376,0.10377841
0.101160094,0.098064765
0.12668213,0.11116325
0.16102087,0.1863403
0.2037123,0.21638677
0.24686775,0.23918784
0.287703,0.2667555
0.33410674,0.3236823
0.3897912,0.35320204
0.42784223,0.36408544
0.4538283,0.39725408
0.4714617,0.43133265
0.48399073,0.43591622
0.4965197,0.44853434
0.49327147,0.44753182
0.48445475,0.43042108
0.46635732,0.4031243
0.4176334,0.39595783
0.37819025,0.37068164
0.3238979,0.29154563
0.2663573,0.2361705
0.21392111,0.22950886
0.16798145,0.18342175
0.13596287,0.15757428
0.11183295,0.13444376
0.10487239,0.13177505
0.10394432,0.15070367
0.10394432,0.21800116
0.13178654,0.26341397
0.19907193,0.28705317
0.27470997,0.32892245
0.3610209,0.38755745
0.44454756,0.443176
0.49141532,0.46835342
0.5350348,0.5127937
0.5638051,0.5534515
0.5953596,0.5711833
0.62041765,0.58340454
0.63851506,0.57432294
0.6292343,0.5597532
0.61160094,0.51267326
0.55777264,0.4990514
0.48816705,0.45288193
0.42412993,0.3708082
0.37215778,0.30396596
0.29791182,0.3345704
0.2412993,0.28260452
0.19814385,0.25029966
0.17633411,0.22077817
0.17262182,0.21376207
0.20092808,0.23864082
0.2510441,0.30824268
0.32575405,0.36778829
0.4162413,0.40225962
0.48074245,0.45175242
0.5716937,0.51627976
0.6510441,0.58291423
0.6955916,0.6133325
0.737819,0.6655781
0.7651972,0.7114273
0.7721578,0.7281801
0.7563805,0.7412124
0.74199533,0.7231128
0.7336427,0.70422614
0.7099768,0.6448571
0.6561485,0.6205802
0.6143851,0.5677144
0.5336427,0.4687601
0.43712297,0.3895683
0.35962877,0.40787333
0.30533642,0.3454274
0.26774943,0.3099105
0.24176334,0.28335115
0.23526682,0.26659334
0.2510441,0.29116026
0.2988399,0.38173917
0.36983758,0.44127843
0.45150813,0.48904938
0.48399073,0.5280372
0.5262181,0.6039255
0.5605568,0.645085
0.61067283,0.67452157
0.65429235,0.7165598
0.6835267,0.760705
0.6774942,0.7592035
0.69048727,0.7696925
0.700232,0.7478547
0.69187933,0.7345131
0.67331785,0.6774885
0.62320185,0.6490894
0.575406,0.6076449
0.5025522,0.5015904
0.4185615,0.4206417
0.3387471,0.3820991
0.27285382,0.32550228
0.22645012,0.29209295
0.19953597,0.2627041
0.18932715,0.24904215
0.20417634,0.27290413
0.24269141,0.36021844
0.29698375,0.41705847
0.3475638,0.45925894
0.40649652,0.49967882
0.4723898,0.57310253
0.5327146,0.6171559
0.58422273,0.64621276
0.63526684,0.68776304
0.65707654,0.7350976
0.66960555,0.7382323
0.68816704,0.74653995
0.69791186,0.73201853
0.68584687,0.7139879
0.6510441,0.6565267
0.58561486,0.6315726
0.5164733,0.589054
0.43805104,0.48322716
0.3475638,0.40513483
