true,forecasted
0.20570607,0.19612889
0.18211503,0.17378828
0.16668247,0.15436333
0.15974838,0.15547346
0.16134863,0.16081654
0.1759086,0.17150697
0.1964765,0.18684006
0.20404342,0.20613289
0.19176075,0.20550686
0.17500456,0.18203327
0.16331738,0.1857033
0.15579173,0.16594113
0.16999991,0.1660959
0.18633847,0.18671407
0.20705329,0.21705712
0.25440586,0.23147671
0.30628452,0.26655832
0.33732504,0.30502605
0.35291678,0.33773872
0.34869432,0.33431628
0.34143302,0.32704818
0.3165832,0.30216342
0.27113846,0.26319963
0.22058637,0.22937322
0.18836273,0.1934578
0.16578974,0.17317349
0.15575242,0.1584005
0.15210973,0.15581456
0.15366478,0.16056854
0.16890867,0.1726436
0.1912542,0.18780784
0.20116179,0.20382635
0.202113,0.20308544
0.17948791,0.17806458
0.17530426,0.17891718
0.15571067,0.16501914
0.15495746,0.16016845
0.17673844,0.18538702
0.21414411,0.21280806
0.24948078,0.22859739
0.2721904,0.26755834
0.28671005,0.3028053
0.31652865,0.3324397
0.32589972,0.33345965
0.32830968,0.32876223
0.31453142,0.29999357
0.27474037,0.2561123
0.2238596,0.22517635
0.19230515,0.1836583
0.17364751,0.16570622
0.15919122,0.14938459
0.15451625,0.1499693
0.15835695,0.15398693
0.16953315,0.16763487
0.19066559,0.17989443
0.19793083,0.19596128
0.18261078,0.19567843
0.16113344,0.17343852
0.15447842,0.16961227
0.15242222,0.15471825
0.17067254,0.15024117
0.20176612,0.1674582
0.21408367,0.19565077
0.25193694,0.20962654
0.2945531,0.24443358
0.32957533,0.28403637
0.34775934,0.3168605
0.34767187,0.31589562
0.3462249,0.31295463
0.3286605,0.28502712
0.29282215,0.24855779
0.2461943,0.21541746
0.20949812,0.19907527
0.1817544,0.17806111
0.16705292,0.16734222
0.15684858,0.15540053
0.15603837,0.16521302
0.15724163,0.17220448
0.15581581,0.1999031
0.15782876,0.218369
0.15945801,0.21313334
0.14310864,0.18165329
0.13938437,0.19574274
0.14118607,0.18655455
0.16602507,0.18835671
0.20069896,0.21893065
0.24934371,0.24393685
0.31568703,0.25994495
0.37357214,0.31251076
0.40760484,0.33931684
0.43280005,0.35653588
0.42083725,0.38168737
0.40477628,0.36560506
0.38267004,0.3365094
0.33696,0.27133927
0.28035673,0.2487893
0.23906614,0.23198475
0.21600771,0.20851614
0.19883585,0.19013122
0.18803503,0.17155449
0.18153036,0.17817682
0.17832789,0.1843045
0.1757096,0.21394086
0.18006226,0.23737863
0.20232968,0.24920215
0.22451453,0.2336745
0.25779107,0.26716816
0.28227928,0.27780938
0.3121755,0.29321116
0.3511878,0.32626846
0.38599485,0.35780418
0.44625258,0.3711293
0.47578278,0.43193284
0.5111715,0.44804972
0.52116317,0.45473263
0.49704835,0.47420287
0.47583976,0.44555455
0.4469301,0.42085022
0.38847554,0.33971444
0.30700037,0.31257054
0.2866467,0.25315404
0.2560798,0.22477783
0.23541854,0.20903145
0.2255247,0.20004913
0.22732148,0.2009971
0.24777637,0.20922956
0.27155954,0.23018223
0.29581237,0.25426194
0.32621762,0.28070238
0.32629278,0.27392784
0.3127135,0.30017763
0.30139828,0.30137694
0.33386904,0.31890517
0.3656151,0.3470948
0.40993914,0.37472558
0.44255486,0.38515118
0.48363614,0.40991092
0.46552092,0.446124
0.445209,0.46009472
0.42858055,0.44754943
0.4251452,0.42291796
0.4159746,0.40116438
0.32435796,0.343736
0.29823118,0.3091713
0.24997899,0.23607679
0.2168351,0.204726
0.19405869,0.19048668
0.18254101,0.17731522
0.18178241,0.18430647
0.19109893,0.19007882
0.21207464,0.22075696
0.21892226,0.23851
0.21421584,0.25016588
0.19368872,0.22853762
0.18051626,0.2524221
0.18232827,0.23792654
0.2035968,0.25214976
0.23484024,0.2833939
0.27011797,0.31518328
0.31871554,0.32751188
0.37072638,0.3617249
0.41711643,0.39843363
0.4387579,0.41991532
0.42287627,0.41252765
0.4081291,0.39218426
0.38589656,0.37354523
0.31523204,0.31416476
0.279209,0.28695023
0.2363044,0.2117344
0.20899893,0.18341812
0.19238572,0.17452806
0.18555236,0.16925147
0.1847058,0.16778696
0.19757117,0.18321335
0.22288382,0.19748421
0.23993334,0.21639687
0.25115573,0.23217405
0.26320943,0.22224182
0.29162726,0.23531319
0.32260537,0.23728639
0.3298318,0.24042098
0.36884853,0.2680836
0.3202308,0.2848919
0.28966686,0.29512486
0.33710688,0.31831902
0.37011763,0.3579219
0.38110712,0.37487236
0.38547257,0.3634324
0.3760037,0.3484678
0.35975015,0.32033926
0.3073266,0.28094047
0.25556588,0.24967599
0.21639045,0.21805756
0.18852831,0.1890059
0.17364211,0.17507224
0.16543353,0.16308898
0.16884676,0.17028487
0.178916,0.18002474
0.19657181,0.20393132
0.20734365,0.22126119
0.20436819,0.22838749
0.19199708,0.2093201
0.18615079,0.2293592
0.19159272,0.2220094
0.20578468,0.22968315
0.24267298,0.26200703
0.2940441,0.28679568
0.34681597,0.3017585
0.40253583,0.34265965
0.44637296,0.3773528
0.4584355,0.3941683
0.44418067,0.3957953
0.42381814,0.37706912
0.39971563,0.35297987
0.34600234,0.29440483
0.27825335,0.26799497
0.27751482,0.2161978
0.27677625,0.1860135
0.2760377,0.17494322
0.27529913,0.17238107
0.27456057,0.1679972
0.27382204,0.18556416
0.27308348,0.19546258
0.27234492,0.21374758
0.27160636,0.23171155
0.27086782,0.226066
0.27012926,0.23539092
0.2693907,0.23498625
0.26865214,0.23432727
0.2679136,0.26128286
0.26717505,0.279572
0.2664365,0.2882819
0.26569793,0.31173095
0.2649594,0.34996587
0.26422083,0.37056997
0.26348227,0.35157263
0.2627437,0.33825365
0.26200518,0.31220138
0.26126662,0.27818716
0.26052806,0.2429332
0.2597895,0.21659027
0.25905097,0.18848772
0.2583124,0.17429589
0.25757384,0.16051416
0.25683528,0.16870481
0.25609675,0.17893389
0.2553582,0.20175923
0.25461963,0.21895777
0.25388107,0.22679774
0.25314254,0.20890605
0.25240397,0.23233886
0.2516654,0.22941633
0.25092685,0.23836489
0.25018832,0.27364126
0.24944976,0.29725885
0.2487112,0.31340373
0.24797265,0.35751686
0.24723409,0.390291
0.24649554,0.4033745
0.24575698,0.40838888
0.24501844,0.38499835
0.24427988,0.36152118
0.24354133,0.2995325
0.24280277,0.27366316
0.24206422,0.2236154
0.21127427,0.19391899
0.18884768,0.18107855
0.17598082,0.16773558
0.1734382,0.17441511
0.16884921,0.18199936
0.16213967,0.2089696
0.16582364,0.22433747
0.17182027,0.2354875
0.17947072,0.22219822
0.1879854,0.25346875
0.20633201,0.25977284
0.23216744,0.27072453
0.2666497,0.3098225
0.31306824,0.33383012
0.37520286,0.34772032
0.44886988,0.39967012
0.4928475,0.42667902
0.49713778,0.43190983
0.4759012,0.44441876
0.4529975,0.41469997
0.42694837,0.3885754
0.37619188,0.3169949
0.3130992,0.29399326
0.2575916,0.24945225
0.2228961,0.21800287
0.20002437,0.20065151
0.1889705,0.18990678
0.1882802,0.1958142
0.19418447,0.20065573
0.20800252,0.23052414
0.22744529,0.24829097
0.24723838,0.2632513
0.2641901,0.24387273
0.2916312,0.27781832
0.31435895,0.27104548
0.3558854,0.28712618
0.39831388,0.32181448
0.43881637,0.35723293
0.4824024,0.37308124
0.52329254,0.4187785
0.5363741,0.45008785
0.54338783,0.46637255
0.5130012,0.46380025
0.4918069,0.44099998
0.46003184,0.41570053
0.39062607,0.34412506
0.3338951,0.31564966
0.28608707,0.2553853
0.25493893,0.22226761
0.23550157,0.20610985
0.2265501,0.19722524
0.22670536,0.20038284
0.23999229,0.20799494
0.2580633,0.2320831
0.2796448,0.2512789
0.29695225,0.27194023
0.3175698,0.2610124
0.31312034,0.2850988
0.3180218,0.27329943
0.33109304,0.29041952
0.3361041,0.31988758
0.3456982,0.35226607
0.36335993,0.36375704
0.3801741,0.38961896
0.40173203,0.42891258
0.4057486,0.45056748
0.4025776,0.43184677
0.40508485,0.407985
0.38679078,0.3912946
0.34342977,0.3350824
0.29448286,0.30274954
0.255133,0.22085764
0.22768359,0.19067733
0.22252367,0.17839205
0.20148951,0.1716122
0.20212282,0.16839597
0.21531789,0.18399402
0.23416959,0.19579805
0.2589845,0.21154296
0.2801101,0.22978204
0.29901877,0.22746173
0.30490485,0.22756197
0.29604036,0.21977182
0.2938402,0.21759143
0.29997882,0.2407127
0.29720774,0.26223165
0.29073992,0.27204764
0.29721463,0.29520318
0.30889344,0.33815885
0.31164142,0.35631114
0.3086021,0.33778226
0.31163406,0.3261349
0.3015201,0.30904943
0.26699215,0.27304944
0.23066151,0.23462676
0.20062968,0.19823542
0.18145174,0.17526676
0.1719937,0.16376568
0.16685198,0.1587432
0.17034186,0.15448612
0.18408968,0.17284974
0.2033369,0.18273759
0.2258249,0.19547562
0.24684827,0.20565334
0.2549984,0.2024149
0.2624071,0.19517504
0.26874667,0.19024171
0.26909602,0.1834153
0.2647517,0.20295025
0.26964974,0.22538684
0.27130896,0.23801251
0.2825775,0.27061617
0.30260104,0.3091213
0.31363326,0.32818055
0.31625402,0.3203656
0.32126504,0.31397215
0.31407204,0.2916665
0.2804206,0.25212184
0.24215561,0.21625157
0.20935465,0.20542417
0.18892334,0.17941006
0.1771772,0.16962758
0.17059687,0.16317701
0.17950265,0.16171071
0.18764885,0.17717472
0.21449295,0.19142382
0.24325421,0.20700224
0.25819594,0.2219591
0.27484748,0.21392092
0.26614904,0.22298439
0.28271115,0.22671655
0.2855137,0.22509876
0.29090893,0.25349146
0.3385337,0.26981527
0.41326493,0.28145602
0.4043562,0.31179032
0.39612895,0.34926534
0.4116067,0.3631257
0.40930974,0.356406
0.40606502,0.34266007
0.39546123,0.31432295
0.3659507,0.27271917
0.31666625,0.24079953
0.25764713,0.2619869
0.250291,0.22957668
0.23115039,0.21667843
0.22190067,0.20618808
0.21820836,0.20530298
0.22236252,0.21486467
0.22949216,0.23655157
0.24521509,0.25656208
0.27811235,0.28809875
0.31941128,0.2852003
0.35122663,0.3214923
0.35141236,0.33637536
0.36033973,0.35327464
0.38846228,0.38917515
0.40083978,0.41620672
0.46594593,0.42568347
0.490526,0.45431587
0.5351522,0.48713353
0.55233437,0.49491698
0.53019226,0.48454818
0.5021906,0.45532328
0.48452643,0.4259565
0.44440076,0.36137062
0.35788116,0.3304339
0.33075747,0.29728574
0.29073107,0.26095012
0.26326153,0.2404164
0.24760835,0.23221216
0.23683651,0.23205556
0.22781673,0.23733607
0.23245633,0.26129752
0.2645149,0.2845041
0.30723915,0.32033914
0.35585836,0.31558138
0.39829862,0.3543129
0.4414705,0.3604404
0.47320282,0.38431376
0.500923,0.4171694
0.51973635,0.4571615
0.5493245,0.4689584
0.6232622,0.4986167
0.64973146,0.5350482
0.60170925,0.54877734
0.55312246,0.52585006
0.5291904,0.4987477
0.50177246,0.4729331
0.4463194,0.4007024
0.38041484,0.3624785
0.31186745,0.3274819
0.30027017,0.29114014
0.27753308,0.2691544
0.26396215,0.25410303
0.26069778,0.25304478
0.2805012,0.2561021
0.292691,0.2837439
0.33858037,0.30576587
0.38992643,0.35193765
0.3958194,0.35177368
0.42669484,0.39634347
0.4220523,0.40942577
0.4659646,0.43555146
0.5341288,0.47076565
0.57907724,0.5157242
0.5861745,0.52621037
0.5873276,0.55717593
0.6133487,0.59140426
0.59977436,0.6033319
0.5830349,0.576059
0.5602349,0.5465038
0.5336959,0.5190713
0.4779456,0.43994415
0.4045041,0.40097985
0.336647,0.30379853
0.31475988,0.2665114
0.27336466,0.24920505
0.2628832,0.23990712
0.25618592,0.23606329
0.2652676,0.24111292
0.28460768,0.26766196
0.30779877,0.28451294
0.34807476,0.3270263
0.3653439,0.3301817
0.36345524,0.35563213
0.3607377,0.35296014
0.36260968,0.37298113
0.39079314,0.40212643
0.42155853,0.44157732
0.48208353,0.4497512
0.5637926,0.46792683
0.58327514,0.5118006
0.5509424,0.5282434
0.50165063,0.489517
0.47130138,0.46448755
0.447219,0.44876066
0.3621267,0.38657624
0.33484137,0.34669918
0.287819,0.2863015
0.2530429,0.2495984
0.23367335,0.23356329
0.22329211,0.22060508
0.22133614,0.2200158
0.23516108,0.22674975
0.26028013,0.25317475
0.29599664,0.26875985
0.30237797,0.3037306
0.30959457,0.30254468
0.3304003,0.33228874
0.36586764,0.33776274
0.3863034,0.3576247
0.41100138,0.39007238
0.44941574,0.42701644
0.49417263,0.4376993
0.5453767,0.4708244
0.58216524,0.50667065
0.5939089,0.51845723
0.5727627,0.49585688
0.5330012,0.46671662
0.5092146,0.44913685
0.42197812,0.37706116
0.3766169,0.34304872
0.31773242,0.30181822
0.27615982,0.26396367
0.24950929,0.24396357
0.2341691,0.22981653
0.22794989,0.23022746
0.23134446,0.23651037
0.24612896,0.262461
0.2716288,0.27967468
0.2942308,0.3169229
0.32107833,0.31586626
0.32710055,0.34865385
0.3639495,0.3561529
0.402837,0.37917167
0.44206157,0.4112628
0.48064297,0.45348847
0.52697945,0.4658111
0.576457,0.5011315
0.6131655,0.53561
0.6140351,0.5476455
0.59285307,0.5238963
0.5551467,0.49186283
0.5187271,0.47424287
0.4592226,0.3992536
0.3596912,0.36123267
0.32071427,0.32304686
0.28389034,0.28370836
0.25504458,0.25954837
0.23781867,0.2447435
0.23257622,0.2457374
0.23950146,0.25175726
0.25058725,0.2756118
0.2779399,0.29538295
0.31458253,0.33280414
0.3498126,0.33533317
0.37828103,0.3724913
0.41837275,0.3808266
0.45690897,0.40611464
0.49049506,0.4411447
0.5311046,0.4853065
0.5837213,0.49983576
0.6175835,0.5373587
0.63857,0.5705491
0.6388771,0.5849483
0.5992757,0.55793846
0.5586764,0.5240767
0.52988225,0.5045561
0.47987995,0.42705822
0.40875503,0.38527074
0.33498436,0.3440082
0.30614153,0.3043002
0.27805337,0.27914938
0.26051253,0.26512238
0.25161168,0.26391357
0.24871482,0.27245975
0.25193006,0.2895633
0.2806255,0.31183
0.3228486,0.35529807
0.37242982,0.36794683
0.40424073,0.40571094
0.42576525,0.4173466
0.45281523,0.44358933
0.48546338,0.48113358
0.47918814,0.5217671
0.5146629,0.53700024
0.57150835,0.5636594
0.6164721,0.6005397
0.6118296,0.61537033
0.58339846,0.5793699
0.5555304,0.54248154
0.5396478,0.52130204
0.4980998,0.44971183
0.44697925,0.4021682
0.38016033,0.36401975
0.35818085,0.32508567
0.32768127,0.29920357
0.3120625,0.28089443
0.30255583,0.27896714
0.29987416,0.28515044
0.29812357,0.30578616
0.3286988,0.32980713
0.38261256,0.3793407
0.44507682,0.3976547
0.4901973,0.44709015
0.5235495,0.4791015
0.5679635,0.5069059
0.6320245,0.55031985
0.67430174,0.5904803
0.7270048,0.6040357
0.76207864,0.63802123
0.771178,0.6670746
0.76595426,0.67520565
0.74587274,0.6454296
0.7155368,0.60247535
0.6837111,0.57204956
0.62130135,0.49018896
0.5450524,0.44379136
0.4665817,0.41972533
0.41974849,0.380337
0.3819571,0.3456056
0.35836166,0.32572195
0.35062867,0.32299644
0.35878617,0.32683682
0.37476853,0.34844148
0.43148625,0.37861443
0.50186235,0.43171638
0.5745983,0.4535111
0.57972336,0.5110419
0.63113475,0.53498816
0.6854622,0.5696125
0.71950424,0.61376536
0.7378784,0.66151357
0.77000767,0.6797389
0.83145195,0.70459807
0.8753176,0.7371309
0.88799727,0.7565026
0.84685457,0.7131469
0.80421185,0.67178774
0.7461965,0.63638985
0.6457684,0.5567905
0.55783576,0.4991816
0.49123302,0.4461237
0.4290758,0.40455598
0.39079657,0.36808157
0.35754508,0.34867594
0.3376444,0.343499
0.3275491,0.346873
0.33275816,0.3659919
0.36683115,0.39916772
0.422776,0.45334786
0.4716237,0.4851508
0.5129516,0.54095525
0.548871,0.55999833
0.59869295,0.5968397
0.6660234,0.64059347
0.67611617,0.686083
0.7047895,0.7049936
0.742261,0.71892637
0.7923149,0.7558051
0.7688447,0.78186643
0.70969784,0.72421694
0.6637038,0.68130463
0.606509,0.6498547
0.5585462,0.5791965
0.498059,0.51654357
0.43450546,0.4345819
0.3822082,0.39288846
0.34761047,0.35741198
0.32636943,0.33908114
0.31931987,0.3342288
0.32505366,0.3390773
0.35189778,0.35536724
0.410457,0.38576746
0.47193715,0.44184402
0.5266734,0.47421002
0.58511025,0.5316289
0.6397187,0.5618445
0.6882662,0.5968704
0.72213036,0.64398646
0.76638806,0.68894684
0.7896411,0.7098822
0.8155851,0.7376565
0.832017,0.76980025
0.83301586,0.7843413
0.7901157,0.73656404
0.74058753,0.6889267
0.7015084,0.6561242
0.6285617,0.57262254
0.5461594,0.5123448
0.47755694,0.4571607
0.42281336,0.41479334
0.38650337,0.37462345
0.35709897,0.35417354
0.35503194,0.3499372
0.3519464,0.35472217
0.36899054,0.3713141
0.41218695,0.40406567
0.46491167,0.45835957
0.51872665,0.49347812
0.5742318,0.55214834
0.61286527,0.5812572
0.65974224,0.61847186
0.695131,0.6659298
0.7331931,0.71400905
0.7844276,0.7370445
0.82763827,0.76501614
0.8645197,0.79665804
0.8618253,0.8165821
0.82179594,0.7657639
0.77429056,0.7179009
0.73308057,0.68394953
0.65449584,0.600164
0.5673552,0.53454095
0.49858767,0.46544755
0.44118062,0.42317754
0.39780337,0.3824503
0.37855762,0.36202294
0.36938605,0.35603464
0.37907007,0.36322337
0.40342072,0.37474334
0.43797716,0.40770447
0.4841535,0.46294832
0.53135276,0.50893295
0.57818896,0.5624578
0.62800205,0.5924193
0.6461079,0.62709045
0.671654,0.67641306
0.73919165,0.71746576
0.79048175,0.74060315
0.79694515,0.76226014
0.76600385,0.79623663
0.7392772,0.81599844
0.71531075,0.76026785
0.699411,0.70930403
0.67275745,0.6777145
0.61155295,0.6015074
0.54242283,0.532219
