true,forecasted
0.2074246,0.2228276
0.17354989,0.19204709
0.14849187,0.16153143
0.13271461,0.15122075
0.13549884,0.14482549
0.1638051,0.18225038
0.20974478,0.22364733
0.2612529,0.29106128
0.29048723,0.32066745
0.31554523,0.3583964
0.34106728,0.39138734
0.35591647,0.43271422
0.38886312,0.4520867
0.41067284,0.49445963
0.43201855,0.51834136
0.43155453,0.5072936
0.4487239,0.5155375
0.45522043,0.5335861
0.43433875,0.4952703
0.39721578,0.45426184
0.36426914,0.419994
0.3438515,0.373069
0.2825986,0.31339425
0.2199536,0.25586274
0.17354989,0.19653131
0.13967517,0.16032845
0.11647332,0.1371209
0.10533643,0.12108539
0.10951276,0.12519109
0.14199536,0.16176584
0.19535963,0.21613835
0.24733178,0.25713986
0.2812065,0.30173957
0.30812064,0.31843525
0.3299304,0.34781837
0.34570765,0.37155664
0.36334106,0.37109214
0.38700697,0.40830827
0.40185615,0.43072528
0.40696055,0.42462116
0.41995358,0.42971164
0.43526682,0.44112098
0.425058,0.4420238
0.41160092,0.40625477
0.37679815,0.37171042
0.3610209,0.37414318
0.3025522,0.2866322
0.23990719,0.21499318
0.1837587,0.20993893
0.14988399,0.17283383
0.122969836,0.14189833
0.11136891,0.13192251
0.11461717,0.12355625
0.13921113,0.16039744
0.18329467,0.18446362
0.2361949,0.24345456
0.2723898,0.27192256
0.3062645,0.3031391
0.34106728,0.34162349
0.36287704,0.37709194
0.38654292,0.3848539
0.4148492,0.4428537
0.4287703,0.45049697
0.44037122,0.44493002
0.46264502,0.44717544
0.4737819,0.48305434
0.46264502,0.462717
0.43712297,0.42919827
0.3911833,0.39453876
0.35034803,0.35411793
0.28677493,0.2633203
0.21763341,0.21926033
0.15962876,0.2034911
0.11090487,0.16408964
0.08399072,0.13617921
0.06914153,0.117093265
0.05986079,0.113871396
0.06914153,0.104495704
0.0774942,0.123358965
0.10394432,0.1561698
0.15081206,0.18517822
0.19767982,0.22986652
0.2412993,0.29862338
0.27563804,0.3442527
0.31322506,0.3683681
0.34802786,0.41050476
0.38700697,0.45856923
0.41670534,0.48081762
0.4598608,0.5190124
0.47703016,0.5287713
0.47471,0.5142496
0.45290023,0.46791685
0.40417632,0.44963348
0.35638052,0.40776932
0.2974478,0.32235867
0.22320186,0.24617001
0.15962876,0.22577725
0.11647332,0.1896227
0.08584687,0.15847364
0.06403712,0.14485702
0.055684455,0.14069279
0.055684455,0.12968184
0.055684455,0.12518795
0.08306264,0.1783941
0.12529002,0.20078178
0.1712297,0.25930017
0.19443156,0.31241328
0.21113689,0.32809603
0.22041763,0.36950314
0.22645012,0.39729244
0.22784223,0.35838318
0.23526682,0.40767443
0.26218098,0.41521937
0.29048723,0.4364732
0.2951276,0.4410897
0.27192575,0.44538444
0.25382832,0.41715723
0.24454756,0.3929894
0.21113689,0.3422643
0.17401393,0.2659098
0.13828306,0.17210922
0.11740139,0.16548236
0.09976798,0.12869674
0.0974478,0.12725154
0.10858469,0.14251497
0.14849187,0.1841417
0.21020882,0.24797265
0.2561485,0.32038355
0.29187936,0.34491986
0.3113689,0.3561877
0.3299304,0.3722613
0.33781904,0.38831705
0.34849188,0.40435135
0.35684454,0.4055947
0.35406032,0.3908295
0.34524363,0.41559738
0.34849188,0.38844055
0.3461717,0.43527925
0.3313225,0.4100746
0.312761,0.39339405
0.29651973,0.3765939
0.28213456,0.33354253
0.23897912,0.27437252
0.18979119,0.22916563
0.14802784,0.16670294
0.11322506,0.13748969
0.09837587,0.12120394
0.09651972,0.122589715
0.10394432,0.13551977
0.14338747,0.16877672
0.2,0.22550155
0.2510441,0.28691524
0.28445476,0.30724484
0.2988399,0.31037384
0.312761,0.33003503
0.32714617,0.33994335
0.3396752,0.3422556
0.3396752,0.3351332
0.33178654,0.31244248
0.3150812,0.31046236
0.31044084,0.3091151
0.31925753,0.31615597
0.30719256,0.32421207
0.2974478,0.30957228
0.28955916,0.29787844
0.27470997,0.2876523
0.23109049,0.23280448
0.18932715,0.17912178
0.15962876,0.18472153
0.13689095,0.16406256
0.12111369,0.13606226
0.11136891,0.13877712
0.12575406,0.1502831
0.15684454,0.1910936
0.21577726,0.26556104
0.26914153,0.31591976
0.29976797,0.32986116
0.32157773,0.34972155
0.33689097,0.36441946
0.35034803,0.36885768
0.36148492,0.3751325
0.37958238,0.39820904
0.3786543,0.41586316
0.37354988,0.39916545
0.38561484,0.40494978
0.39721578,0.4344774
0.40417632,0.39896
0.38700697,0.38227296
0.362413,0.38514924
0.3475638,0.33123702
0.30348027,0.27263206
0.23387471,0.22913192
0.18143852,0.20008546
0.14709976,0.16354707
0.1262181,0.14213952
0.118329465,0.13726756
0.12529002,0.14275101
0.1638051,0.18490115
0.212529,0.23848385
0.2700696,0.3035493
0.31322506,0.3283471
0.34802786,0.3390091
0.37354988,0.36657155
0.39535964,0.3726881
0.43201855,0.3973893
0.47471,0.44878262
0.5058005,0.46240014
0.5211137,0.46508217
0.54292345,0.46447563
0.5517401,0.49938834
0.5368909,0.48656315
0.50348026,0.47675455
0.46914154,0.46788418
0.44315544,0.41744298
0.39303944,0.33506012
0.312297,0.25366783
0.30835742,0.25866228
0.30441782,0.23732896
0.30047825,0.19569951
0.29653865,0.18946987
0.29259908,0.18612257
0.2886595,0.22045995
0.2847199,0.25619766
0.28078035,0.30637586
0.27684075,0.3508196
0.27290118,0.34533328
0.2689616,0.342431
0.265022,0.3469587
0.26108244,0.33289838
0.25714287,0.3434636
0.25320327,0.32787406
0.24926369,0.3261242
0.24532412,0.29184607
0.24138454,0.30454057
0.23744495,0.24220702
0.23350537,0.25486785
0.2295658,0.24827744
0.22562622,0.22100846
0.22168663,0.20046867
0.21774705,0.16474608
0.21380748,0.22294627
0.2098679,0.17600924
0.20592831,0.15122211
0.20198873,0.1499053
0.19804914,0.143181
0.19410957,0.14473431
0.19016999,0.17418623
0.1862304,0.21365502
0.18229082,0.23302881
0.17835125,0.25197184
0.17441167,0.25749198
0.17047209,0.2752066
0.1665325,0.26652706
0.16259293,0.28387758
0.15865335,0.30374807
0.15471376,0.28693658
0.15077418,0.26653847
0.1468346,0.28301626
0.14289503,0.28223604
0.13895544,0.27849436
0.13501586,0.27379626
0.13107628,0.23348315
0.1271367,0.19522773
0.12319712,0.14055252
0.11925754,0.13488545
0.07981438,0.099162795
0.055684455,0.076013625
0.040835265,0.07389505
0.03387471,0.066846296
0.034338746,0.07363882
0.034338746,0.100728065
0.06542923,0.11928805
0.11229698,0.15478061
0.15962876,0.20375142
0.20046404,0.2429017
0.24733178,0.25756598
0.28306264,0.27264637
0.32296982,0.3228733
0.35591647,0.3374533
0.39675173,0.3426708
0.42784223,0.33743066
0.4524362,0.36198807
0.44825986,0.36296856
0.42969838,0.35324448
0.39303944,0.3304497
0.3726218,0.30746168
0.3262181,0.269324
0.27192575,0.19892718
0.21716937,0.225147
0.17401393,0.19562072
0.14895591,0.1643738
0.14060324,0.16331974
0.14617169,0.17706949
0.1837587,0.21464738
0.23480278,0.27119565
0.29280743,0.34962863
0.33828306,0.36107242
0.37447795,0.4083442
0.4013921,0.43516773
0.41438514,0.44990897
0.4287703,0.50224066
0.43805104,0.51564896
0.4301624,0.51642317
0.4190255,0.5730956
0.42412993,0.54011834
0.42830625,0.5729969
0.41299304,0.5688166
0.4,0.53942454
0.3935035,0.508897
0.3786543,0.48550278
0.3336427,0.41128182
0.27795824,0.33126408
0.22830626,0.25759214
0.20092808,0.23708941
0.17819026,0.19771093
0.16751741,0.19878776
0.17679815,0.21134022
0.21299304,0.2412367
0.27424595,0.32475245
0.3359629,0.38488984
0.3911833,0.41132116
0.43480277,0.44298935
0.46682134,0.47207344
0.4900232,0.46135312
0.50348026,0.4935825
0.5090487,0.5143548
0.49837586,0.5054694
0.46542925,0.50522226
0.43712297,0.48959547
0.41716936,0.56673247
0.39860788,0.4824295
0.38515082,0.48660165
0.36983758,0.46497023
0.3689095,0.42035115
0.33317864,0.36432606
0.27146173,0.31168008
0.22273782,0.25695732
0.187471,0.21924962
0.16705337,0.18615149
0.1512761,0.17875667
0.1638051,0.1975848
0.19582367,0.22836041
0.24593967,0.30119276
0.31044084,0.3371064
0.3549884,0.36475646
0.40649652,0.40451664
0.45707658,0.41685385
0.499768,0.430627
0.5387471,0.4369244
0.5758701,0.46791607
0.5986079,0.47253746
0.60417634,0.47799152
0.62691414,0.4917724
0.6408353,0.5215
0.6222738,0.45754266
0.58793503,0.4690938
0.54199535,0.4467829
0.5048724,0.38141835
0.43851507,0.3311683
0.35916474,0.2805741
0.27470997,0.307652
0.22737819,0.27630776
0.18886311,0.23566067
0.1698376,0.22382353
0.16798145,0.23063219
0.19721578,0.26961148
0.23990719,0.3163758
0.29791182,0.38210672
0.33039442,0.4074958
0.3512761,0.42500687
0.3689095,0.45831382
0.3786543,0.47486567
0.39675173,0.5177646
0.4074246,0.53431064
0.4051044,0.5327143
0.39443156,0.54377
0.38561484,0.56387264
0.38700697,0.5681352
0.3684455,0.54588836
0.36287704,0.5166989
0.3573086,0.4777847
0.35591647,0.46264094
0.31925753,0.36627537
0.26450115,0.3205769
0.21531323,0.22535299
0.18468678,0.192662
0.16194895,0.15824303
0.15220417,0.1545476
0.15684454,0.15444511
0.18979119,0.19477053
0.24361949,0.21984185
0.29976797,0.2612611
0.33410674,0.2926005
0.36055684,0.3149746
0.38143852,0.36157054
0.40464038,0.35301983
0.42459396,0.3635075
0.43341067,0.36053658
0.42598608,0.35622644
0.41809744,0.37406772
0.43897912,0.38889527
0.44454756,0.38047087
0.42320186,0.3651104
0.39814386,0.35587138
0.37587008,0.3458938
0.3684455,0.3223039
0.32482597,0.26457137
0.26032484,0.2118767
0.21067286,0.2085038
0.16798145,0.16729112
0.13828306,0.13656828
0.115081206,0.13210958
0.10858469,0.13075772
0.1187935,0.12788978
0.13457076,0.18128294
0.16844548,0.20524804
0.21763341,0.22859602
0.27053365,0.29157686
0.32296982,0.3106899
0.37958238,0.35558748
0.43062645,0.39172113
0.46821347,0.40260142
0.4965197,0.44543952
0.50765663,0.4704846
0.5290023,0.48287398
0.5475638,0.48311538
0.54617167,0.43743134
0.5331786,0.4133169
0.49048725,0.40606695
0.4440835,0.3653484
0.37958238,0.32780033
0.30812064,0.28503573
0.23897912,0.32740474
0.19071926,0.27395684
0.15684454,0.23220669
0.12714617,0.21527722
0.11276102,0.21893625
0.10858469,0.21305996
0.10487239,0.23306657
0.14060324,0.28192616
0.20464037,0.3101465
0.2510441,0.40168673
0.26450115,0.44388294
0.29559165,0.50495017
0.3689095,0.5368211
0.4301624,0.5883429
0.46450117,0.6379834
0.512761,0.62479883
0.57030165,0.6586833
0.5860789,0.6528442
0.5587007,0.63421524
0.54245937,0.60673887
0.5095128,0.5717468
0.46635732,0.5344672
0.41438514,0.45349705
0.34477958,0.3653229
0.2839907,0.29250628
0.23944315,0.2546695
0.21299304,0.20934229
0.19953597,0.21378542
0.20556845,0.21389586
0.24037123,0.25874287
0.29605567,0.31795457
0.35545245,0.3727407
0.40092808,0.3953898
0.43062645,0.46720505
0.46635732,0.515967
0.4923434,0.52141255
0.51554525,0.5905791
0.53410673,0.6073036
0.5364269,0.6247234
0.5368909,0.64060324
0.54570764,0.6419538
0.55684453,0.6673983
0.52668214,0.6357952
0.48306265,0.5701185
0.44918793,0.5354904
0.4185615,0.47191173
0.36426914,0.42013747
0.29837587,0.36475432
0.24269141,0.2626624
0.21206497,0.24081491
0.18607889,0.1983465
0.1712297,0.1867667
0.18051045,0.20082673
0.212529,0.26276428
0.26821345,0.30412695
0.32436195,0.34603816
0.35777262,0.3660189
0.38329467,0.39358693
0.39675173,0.41716307
0.39675173,0.41914272
0.40788862,0.42885613
0.4153132,0.43544573
0.4074246,0.43259513
0.39814386,0.45779848
0.3976798,0.43396455
0.39582366,0.45032263
0.39164734,0.4277928
0.37726218,0.41211534
0.35777262,0.39075655
0.36426914,0.3812992
0.3238979,0.304258
0.26821345,0.24926378
0.21856149,0.26572514
0.1837587,0.2308554
0.15962876,0.19976984
0.14292343,0.1991681
0.15220417,0.20261101
0.18143852,0.23204906
0.23016241,0.28369278
0.28538284,0.34933007
0.33271462,0.38016224
0.3684455,0.41078025
0.40928075,0.43786573
0.44686776,0.45715106
0.4937355,0.47394937
0.54617167,0.5055879
0.57772624,0.5276848
0.6018562,0.5096636
0.60046405,0.51901317
0.6097448,0.56429815
0.5986079,0.5184341
0.56937355,0.5009542
0.5285383,0.50055534
0.5020882,0.43536007
0.42737818,0.355878
0.34106728,0.2813086
0.26821345,0.3003111
0.225058,0.25052607
0.19025522,0.21162125
0.16844548,0.20156433
0.17354989,0.20032759
0.20510441,0.2380666
0.25568447,0.2858882
0.31740138,0.33596736
0.36705336,0.37298304
0.4213457,0.43818313
0.47842228,0.48855126
0.5211137,0.5542515
0.5786543,0.5830121
0.63201857,0.6303072
0.6714617,0.6658942
0.7030162,0.6580847
0.72761023,0.67405325
0.7109049,0.6892465
0.63155454,0.6655188
0.562413,0.6432168
0.51090485,0.5976706
0.49327147,0.5531108
0.43851507,0.47265118
0.36426914,0.3966158
0.29698375,0.31389844
0.2547564,0.270329
0.22412993,0.21852191
0.20417634,0.1918824
0.20417634,0.21478306
0.23016241,0.2319433
0.27703017,0.28624535
0.3396752,0.3273281
0.39164734,0.36731398
0.4649652,0.42629713
0.51972157,0.4593796
0.56937355,0.50113016
0.62784225,0.5456619
0.67795825,0.6010859
0.72529,0.6255008
0.7489559,0.62844527
0.775406,0.64712715
0.7767981,0.673513
0.749884,0.625552
0.6988399,0.59841925
0.6487239,0.54431313
0.612529,0.49673826
0.5447796,0.4619714
0.45800465,0.36418802
0.38654292,0.4033329
0.32853827,0.33696026
0.27935034,0.2986362
0.23294663,0.24574171
0.22088167,0.25541723
0.21763341,0.27234793
0.21670534,0.2645092
0.23897912,0.3087682
0.27331787,0.33405048
0.3048724,0.39941418
0.3201856,0.4165591
0.32714617,0.43786675
0.33828306,0.44848245
0.36380512,0.4713484
0.41345707,0.46771336
0.44686776,0.4882059
0.4974478,0.44550866
0.53039443,0.47356236
0.53085846,0.43612242
0.50719255,0.45432574
0.46589327,0.39896315
0.44222736,0.41956472
0.38700697,0.31644154
0.34431556,0.29382288
0.25290024,0.29984915
0.17679815,0.26320988
0.15313224,0.22776094
0.1350348,0.2109811
0.11972158,0.19545755
0.121577725,0.17769758
0.12714617,0.2168582
0.14338747,0.23543932
0.1823666,0.27762914
0.225058,0.36793435
0.26171693,0.41717196
0.31368908,0.473058
0.38422275,0.5305435
0.4399072,0.5653952
0.4812065,0.6146956
0.5141531,0.609929
0.52946633,0.6140942
0.54199535,0.6619502
0.46032482,0.6114822
0.3726218,0.5605179
0.3313225,0.5607194
0.29698375,0.46901697
0.2589327,0.41287947
0.20139211,0.37770325
0.15591647,0.18349561
0.12436195,0.15279835
0.109048724,0.1251814
0.09698376,0.11573591
0.101160094,0.11240423
0.12668213,0.13832054
0.16102087,0.17915723
0.2037123,0.21635821
0.24686775,0.24506588
0.287703,0.30896875
0.33410674,0.33910912
0.3897912,0.3531978
0.42784223,0.4079393
0.4538283,0.41560143
0.4714617,0.4334547
0.48399073,0.46719456
0.4965197,0.4906171
0.49327147,0.49734002
0.48445475,0.47899055
0.46635732,0.46661824
0.4176334,0.44541228
0.37819025,0.41584605
0.3238979,0.35515404
0.2663573,0.29628527
0.21392111,0.24061391
0.16798145,0.21082345
0.13596287,0.1738704
0.11183295,0.15320435
0.10487239,0.17644536
0.10394432,0.21398424
0.10394432,0.2776248
0.13178654,0.3086232
0.19907193,0.3394968
0.27470997,0.4147368
0.3610209,0.46122873
0.44454756,0.47988647
0.49141532,0.5180981
0.5350348,0.5568138
0.5638051,0.59336984
0.5953596,0.607195
0.62041765,0.63217753
0.63851506,0.61678356
0.6292343,0.62155706
0.61160094,0.59161556
0.55777264,0.5370992
0.48816705,0.54452085
0.42412993,0.46014726
0.37215778,0.3772264
0.29791182,0.35216653
0.2412993,0.31557974
0.19814385,0.26859897
0.17633411,0.24879076
0.17262182,0.26377314
0.20092808,0.27994722
0.2510441,0.35999638
0.32575405,0.41592842
0.4162413,0.47793478
0.48074245,0.56244266
0.5716937,0.6028289
0.6510441,0.68280786
0.6955916,0.7560587
0.737819,0.8035889
0.7651972,0.8342388
0.7721578,0.85771793
0.7563805,0.87269956
0.74199533,0.8642665
0.7336427,0.8629013
0.7099768,0.7624695
0.6561485,0.7545416
0.6143851,0.7207517
0.5336427,0.6075282
0.43712297,0.5314629
0.35962877,0.38565904
0.30533642,0.32724762
0.26774943,0.27643085
0.24176334,0.2599414
0.23526682,0.2640165
0.2510441,0.3023448
0.2988399,0.36797416
0.36983758,0.4416337
0.45150813,0.45727307
0.48399073,0.5338321
0.5262181,0.5778964
0.5605568,0.5679845
0.61067283,0.6364934
0.65429235,0.65459126
0.6835267,0.6339509
0.6774942,0.6870571
0.69048727,0.7060656
0.700232,0.7265102
0.69187933,0.711909
0.67331785,0.6474007
0.62320185,0.59499484
0.575406,0.56293744
0.5025522,0.48843437
0.4185615,0.38552415
0.3387471,0.37783617
0.27285382,0.33385932
0.22645012,0.28888446
0.19953597,0.26916382
0.18932715,0.27483165
0.20417634,0.29967183
0.24269141,0.3636781
0.29698375,0.41682273
0.3475638,0.4526586
0.40649652,0.5103284
0.4723898,0.5355981
0.5327146,0.59339404
0.58422273,0.6390552
0.63526684,0.66209847
0.65707654,0.7153371
0.66960555,0.6874219
0.68816704,0.7257046
0.69791186,0.7152906
0.68584687,0.6810539
0.6510441,0.6260007
0.58561486,0.55088973
0.5164733,0.5164961
0.43805104,0.4651361
0.3475638,0.3848282
0.28167054,0.29895705
0.22088167,0.26367557
0.18561485,0.20949684
0.15916473,0.20423645
0.14941995,0.20236722
0.15823665,0.17383571
0.16798145,0.23072334
0.19396752,0.25364602
0.2450116,0.2782934
0.3090487,0.3891312
0.34153134,0.4404865
0.34338748,0.46823
0.31740138,0.53464055
0.32343388,0.5599837
0.35266823,0.5781381
0.38700697,0.5974164
0.4190255,0.61072
0.42784223,0.6127164
0.412529,0.59027386
0.39675173,0.5671144
0.37030163,0.5410585
0.35916474,0.4626615
0.31925753,0.4053794
0.2561485,0.32904524
0.21113689,0.25624537
0.1698376,0.22090702
0.1438515,0.17230082
0.12575406,0.16993621
0.10858469,0.1614157
0.10858469,0.16330227
0.1099768,0.17409262
0.13410673,0.19880809
0.17401393,0.237397
0.22320186,0.31700635
0.2737819,0.3594994
0.31322506,0.4276957
0.3461717,0.454243
0.3675174,0.48552215
0.37958238,0.5050053
0.40046403,0.52515674
0.4162413,0.49203557
0.45290023,0.4768077
0.46403712,0.49347168
0.450116,0.47575122
0.40417632,0.43863267
0.37772623,0.4431206
0.32946634,0.35090452
0.26357308,0.2928694
0.20696056,0.21972509
0.17262182,0.18450262
0.14802784,0.14765617
0.13781902,0.1352612
0.14431554,0.12673843
0.17911834,0.14103337
0.22691415,0.17172547
0.29419953,0.20963627
0.3573086,0.23973869
0.412529,0.31824654
0.48167053,0.34438145
0.524826,0.39083415
0.5832947,0.43291092
0.62784225,0.4668041
0.66078883,0.51341075
0.6756381,0.5192677
0.70440835,0.5559904
0.71925753,0.5464736
0.71554524,0.5438914
0.68584687,0.5264727
0.62412995,0.5122689
0.562413,0.4435169
0.48399073,0.40173072
0.38468677,0.32648188
0.31183293,0.35801435
0.26171693,0.2981537
0.22180974,0.25988585
0.20185615,0.24260044
0.19860789,0.23852117
0.2236659,0.2427619
0.27099767,0.2915715
0.34338748,0.3380366
0.4074246,0.38502324
0.4723898,0.4638371
0.5433875,0.5400685
0.58561486,0.57115984
0.6436195,0.67360723
0.68955916,0.7253317
0.73178655,0.7617118
0.7494199,0.7921329
0.77308583,0.79178137
0.7846868,0.8071691
0.7763341,0.7814219
0.7322506,0.731842
0.6756381,0.6766874
0.6190255,0.63099325
0.5331786,0.5396072
0.45197216,0.4511686
0.37169373,0.41896123
0.31600928,0.3533957
0.27424595,0.30666634
0.24779582,0.27394438
0.24222738,0.2928415
0.26960558,0.32197648
0.32111368,0.36097544
0.39071926,0.4277708
0.45707658,0.46182078
0.5132251,0.5164451
0.58468676,0.57002765
0.6515081,0.6016292
0.71183294,0.6326364
0.76983756,0.709094
0.7990719,0.7321983
0.81716937,0.72940713
0.8296984,0.7288354
0.82320184,0.75579077
0.8102088,0.742513
0.77308583,0.6891771
0.7071926,0.6472476
0.6529002,0.5924108
0.574478,0.50969255
0.4788863,0.4226933
0.4153132,0.39271426
0.36194897,0.34843904
0.32343388,0.3017678
0.30812064,0.2648576
0.31322506,0.2878251
0.34663573,0.30358216
0.3939675,0.37994945
0.45707658,0.42137802
0.5401392,0.46399117
0.587007,0.5490192
0.6524362,0.6101048
0.70951277,0.67757934
0.75452435,0.7585555
0.79025525,0.77880824
0.81716937,0.8316093
0.8264501,0.84231997
0.825058,0.8381929
0.8310905,0.8500044
0.8139211,0.84455025
0.7842227,0.7550414
0.71925753,0.71730965
0.6682135,0.67784435
0.5823666,0.5645354
0.48167053,0.47855812
0.3976798,0.44689
0.34431556,0.38657445
0.30023202,0.32846987
0.27146173,0.29411006
0.262645,0.3007525
0.28074247,0.31399018
0.3201856,0.34959114
0.38515082,0.4094779
0.45707658,0.43392116
0.52204174,0.4882136
0.58515084,0.54314876
0.6412993,0.5719444
0.6886311,0.6081806
0.7410673,0.63016623
0.77447796,0.7017684
0.79443157,0.6989732
0.8162413,0.68473846
0.8199536,0.699089
0.80417633,0.6493916
0.7726218,0.6037755
0.7030162,0.5673191
0.6412993,0.5172525
0.55406034,0.4425558
0.45197216,0.386469
0.37958238,0.40096253
0.31090486,0.3407641
0.25939676,0.2941695
0.22598608,0.2671569
0.20510441,0.256715
0.20649652,0.27544928
0.21809745,0.28257138
0.25011602,0.31647587
0.2974478,0.367859
0.34570765,0.4361289
0.37354988,0.48370516
0.38422275,0.5016218
0.38654292,0.5504289
0.37911832,0.54192704
0.38468677,0.55558527
0.3911833,0.5691367
0.4227378,0.5486836
0.4487239,0.60668707
0.44918793,0.57254755
0.4464037,0.54236877
0.4213457,0.50535583
0.40232018,0.4713146
0.3475638,0.42081684
0.28816706,0.33441758
0.2287703,0.29422772
0.18329467,0.23993163
0.15684454,0.20888449
0.1350348,0.19088516
0.12668213,0.17764066
0.124825984,0.19099936
0.1276102,0.17867129
0.15452436,0.21242832
0.21577726,0.250063
0.2812065,0.3237512
0.34292343,0.3866164
0.40788862,0.44563597
0.4612529,0.49625558
0.5016241,0.56569976
0.5327146,0.5836543
0.55359626,0.5980818
0.5795824,0.6088427
0.5981439,0.5834176
0.58097446,0.6029002
0.54570764,0.57486576
0.51090485,0.55038255
0.4849188,0.5047084
0.42691416,0.4397384
0.35591647,0.36472756
0.30301625,0.31266993
0.25986078,0.2656982
0.23062645,0.21975681
0.21763341,0.22868058
0.21809745,0.21377237
0.26171693,0.23438029
0.3201856,0.30844742
0.38468677,0.35697633
0.44222736,0.40024656
0.49930394,0.45631963
0.562413,0.4861623
0.6143851,0.5168123
0.66542923,0.5487857
0.700232,0.5599392
0.7187935,0.58116204
0.7322506,0.6121424
0.74338746,0.60483557
0.7303944,0.64704645
0.71229696,0.6039541
0.66078883,0.5803428
0.59675175,0.5464893
0.49280742,0.4618984
0.41577727,0.41181654
0.33178654,0.37501085
0.27099767,0.32923704
0.22645012,0.28678304
0.19721578,0.24065469
0.18143852,0.2191446
0.18468678,0.2371765
0.21484919,0.26389015
0.27053365,0.3280571
0.32853827,0.38421494
0.37030163,0.4033243
0.40464038,0.45738876
0.450116,0.48351258
0.5020882,0.5303388
0.5651972,0.5799045
0.63109046,0.6301847
0.6774942,0.6787595
0.6909513,0.6801801
0.70533645,0.6792852
0.69791186,0.68288904
0.6723898,0.6905877
0.6338747,0.63763964
0.5902552,0.61182773
0.5549884,0.5376371
0.48074245,0.46703857
0.3897912,0.37649268
0.3238979,0.34789246
0.27099767,0.30054548
0.23712297,0.26127762
0.21484919,0.23393272
0.21531323,0.24951485
0.24269141,0.2733065
0.30023202,0.3231371
0.35406032,0.36617965
0.40417632,0.41275787
0.45290023,0.46565032
0.5206497,0.50084513
0.5670534,0.52987933
0.63201857,0.5687032
0.68074244,0.6198301
0.7211137,0.65358645
0.7438515,0.6723544
0.7716937,0.67740005
0.7846868,0.7093454
0.76705337,0.6761067
0.7401392,0.6542145
0.6946636,0.6222037
0.6477958,0.5265852
0.5633411,0.4784292
0.47935036,0.39634204
0.4051044,0.3867579
0.35591647,0.34712487
0.3187935,0.31414837
0.29234338,0.29094875
0.29559165,0.29307824
0.3225058,0.2955169
0.37911832,0.38281363
0.43665892,0.44635957
0.48955917,0.48966843
0.5600928,0.5613079
0.6222738,0.60952884
0.6849188,0.6858712
0.73967516,0.7713539
0.79396755,0.8120622
0.837587,0.81491596
0.85475636,0.8210175
0.86589324,0.84287435
0.86589324,0.8505017
0.8464037,0.8184168
0.7795824,0.75580245
0.71229696,0.69279313
0.6338747,0.63215286
0.5276102,0.5296525
0.43805104,0.43758637
