true,forecasted
0.1429646,0.14489254
0.11837136,0.11729142
0.09856623,0.10279648
0.089395456,0.097779736
0.09256161,0.10019328
0.10979078,0.1177568
0.13750388,0.1490366
0.1530173,0.17307557
0.15938635,0.18324187
0.1646814,0.18716632
0.16202606,0.19122963
0.1752906,0.19100668
0.19856742,0.19967525
0.22289206,0.21763737
0.24193749,0.23514713
0.24815568,0.2578395
0.260249,0.28309226
0.269935,0.3044657
0.2750849,0.31622776
0.26497334,0.30580196
0.25721174,0.28735268
0.23136057,0.2584789
0.19143806,0.21645275
0.15420885,0.17327578
0.121831894,0.12653856
0.10516794,0.103386775
0.09448323,0.089643165
0.090794496,0.08537074
0.097727135,0.085983455
0.116791636,0.09951632
0.14390095,0.12434982
0.15892772,0.14205909
0.16358711,0.14628875
0.15734455,0.15566678
0.14944917,0.16340066
0.14429156,0.17384075
0.15629207,0.1859861
0.17474467,0.20291151
0.2052335,0.22015296
0.2359144,0.24837066
0.2604585,0.27219367
0.2753409,0.2907771
0.27773356,0.299275
0.2713714,0.29427972
0.26727805,0.27768236
0.246794,0.2534509
0.20702071,0.21852407
0.16335952,0.17437601
0.13283475,0.12476633
0.11814154,0.103008136
0.0974831,0.09165415
0.097700536,0.08607124
0.10218837,0.09181799
0.117615506,0.10862685
0.1417152,0.14395377
0.1563948,0.17151845
0.16193612,0.18311588
0.15790713,0.18532848
0.16213042,0.18121171
0.1806502,0.17846875
0.20452109,0.18039021
0.22253373,0.1880952
0.22890623,0.2010595
0.24152271,0.2235242
0.27507335,0.24803591
0.29346928,0.26917717
0.2926105,0.2799011
0.28291145,0.2767237
0.2776414,0.26304337
0.26011357,0.23867811
0.22347657,0.20117965
0.18318596,0.15927854
0.14836036,0.13791546
0.12574416,0.113271564
0.109777786,0.099363565
0.1012575,0.09084963
0.10052134,0.091869436
0.09900943,0.09683349
0.10610286,0.11650936
0.11288628,0.12600401
0.11683671,0.12939373
0.12231164,0.13573468
0.12804502,0.14201954
0.15072842,0.15389365
0.16502532,0.16939293
0.19277659,0.18970364
0.22747329,0.2134762
0.25388563,0.25222495
0.28444672,0.29185766
0.31344497,0.32067537
0.31430152,0.32884765
0.29031065,0.3197502
0.27889606,0.30451578
0.26457316,0.28275326
0.23340319,0.24177253
0.19439307,0.19731832
0.162761,0.15038353
0.13484001,0.122328356
0.11528074,0.10358773
0.103292,0.0942872
0.096895345,0.089709684
0.09319809,0.091689795
0.09339745,0.09992318
0.0995182,0.10648045
0.117067546,0.12665409
0.14025606,0.1499928
0.17969032,0.17470726
0.23019259,0.20489329
0.27149445,0.24224022
0.3150194,0.29035312
0.35024273,0.33020568
0.37097102,0.37643054
0.39883456,0.41204876
0.42126113,0.44557577
0.42599788,0.4504883
0.40608475,0.43239307
0.3853057,0.40404716
0.35547262,0.36680895
0.30173355,0.31584272
0.24376369,0.25917214
0.20209597,0.1936633
0.17351373,0.16071117
0.15625146,0.1405792
0.14760165,0.12765272
0.14844623,0.12969851
0.16808327,0.14055005
0.19875644,0.16555378
0.2330881,0.18984054
0.2629161,0.21463308
0.27953193,0.24129096
0.30552158,0.26492324
0.3155556,0.2833343
0.32349503,0.3057485
0.35323673,0.32725722
0.38287795,0.34424645
0.42135412,0.36344308
0.44566578,0.37511244
0.44745237,0.37935638
0.41803083,0.3584045
0.3813995,0.32514235
0.36156535,0.29273456
0.33190018,0.2604618
0.2929723,0.21837154
0.24483666,0.17070863
0.19606395,0.17774923
0.16487956,0.14404151
0.14321148,0.12792778
0.13133076,0.11801844
0.1313478,0.11887172
0.14325614,0.13177092
0.17510909,0.16768119
0.19409563,0.19573043
0.19968385,0.21112102
0.20604904,0.22176343
0.2106863,0.22670512
0.23407967,0.23903105
0.24072808,0.25860798
0.26206177,0.28759694
0.29468316,0.3160283
0.34207064,0.3526283
0.38943845,0.38344002
0.42033637,0.40509266
0.42190024,0.39975226
0.39240238,0.37125483
0.3600845,0.34271988
0.32330823,0.3066964
0.2643137,0.25736234
0.20875128,0.20728546
0.16211031,0.16672945
0.13187242,0.13677117
0.117181644,0.121809855
0.106862776,0.11392434
0.11111612,0.113918886
0.1265735,0.124232836
0.15603545,0.15007484
0.18342878,0.17386308
0.20489201,0.20345314
0.2263394,0.2321432
0.26074862,0.2575323
0.29966515,0.27972156
0.3194372,0.28655145
0.32464454,0.28751504
0.2823493,0.2851616
0.24903986,0.2875348
0.28261727,0.294982
0.2869959,0.2991649
0.30794567,0.3056289
0.30247298,0.3043399
0.28959683,0.29099345
0.27171636,0.27056077
0.22982268,0.23406944
0.18637262,0.19259071
0.14827853,0.14051962
0.12426432,0.11736457
0.11298109,0.10416429
0.10674726,0.097336054
0.10862766,0.102862716
0.124403596,0.11785164
0.14835365,0.15371242
0.1702682,0.17868026
0.18137053,0.19246028
0.17815444,0.2042312
0.20024562,0.2099344
0.21932676,0.22550496
0.23901029,0.24209681
0.25411725,0.26980704
0.28190345,0.29590833
0.31599128,0.3312377
0.35549495,0.3619871
0.3843876,0.38451755
0.38375703,0.3870387
0.36784345,0.36310762
0.35082218,0.33572674
0.32242,0.30301988
0.26851872,0.25638473
0.21105905,0.20625511
0.20968832,0.16370581
0.2083176,0.13374901
0.20694686,0.11774495
0.20557614,0.10918084
0.20420541,0.10629244
0.20283468,0.1121322
0.20146397,0.13693306
0.20009324,0.16096044
0.19872251,0.18584588
0.19735178,0.21329623
0.19598106,0.23498465
0.19461033,0.25229025
0.1932396,0.25541934
0.19186887,0.24632742
0.19049814,0.24399503
0.18912742,0.24397035
0.18775669,0.25440106
0.18638596,0.25898737
0.18501523,0.26832727
0.18364452,0.2694981
0.18227379,0.25406688
0.18090306,0.2362885
0.17953233,0.20651516
0.1781616,0.17151609
0.17679088,0.14079714
0.17542015,0.11596015
0.17404942,0.09981345
0.1726787,0.08937348
0.17130797,0.08779339
0.16993724,0.08989768
0.16856651,0.09977194
0.16719578,0.10924302
0.16582507,0.12318627
0.16445434,0.14059553
0.16308361,0.15517564
0.16171288,0.17093556
0.16034216,0.19085148
0.15897143,0.21596952
0.1576007,0.23887561
0.15622997,0.27134866
0.15485924,0.30078796
0.15348852,0.32833862
0.15211779,0.33123654
0.15074706,0.3198309
0.14937633,0.29846016
0.14800562,0.27393815
0.14663489,0.2365973
0.14526416,0.19241138
0.14389344,0.1254144
0.116898224,0.10594542
0.1011499,0.09515624
0.090004735,0.08245301
0.08684143,0.08524128
0.08370268,0.08599171
0.08181254,0.09444903
0.08687817,0.100193575
0.09984385,0.113119215
0.11152744,0.13842374
0.12814166,0.1562156
0.1573289,0.18152823
0.1985459,0.20705861
0.23970382,0.23420377
0.27949357,0.26387614
0.31399292,0.30095595
0.34585643,0.33639383
0.3574046,0.3625971
0.35916135,0.36279902
0.34346807,0.34903517
0.32974714,0.32448995
0.30998403,0.2971678
0.2632176,0.2535909
0.20942958,0.20699738
0.16684604,0.15623966
0.13873908,0.13022509
0.12018619,0.11638522
0.11138777,0.10750592
0.113887794,0.1118772
0.12647504,0.12183567
0.1470683,0.14911269
0.1714433,0.17078352
0.1944095,0.19079384
0.21692398,0.20894945
0.24163945,0.22771092
0.2726728,0.2524847
0.3085383,0.2859115
0.3486813,0.32694745
0.39119866,0.36774945
0.4318155,0.40741202
0.4578492,0.4416865
0.47097427,0.46893775
0.45845664,0.46193352
0.42829144,0.43149
0.39526704,0.39641276
0.35991478,0.3546024
0.29858568,0.29998812
0.23722795,0.24460036
0.19231999,0.18969743
0.168737,0.15470451
0.15024015,0.13655035
0.14012918,0.12619731
0.1419982,0.12583442
0.15790468,0.1392199
0.18107027,0.17170182
0.20814952,0.20121157
0.2281187,0.22285444
0.24201058,0.23808587
0.24806981,0.24813543
0.2584443,0.25558415
0.2694033,0.27009457
0.289649,0.2891745
0.31517574,0.31026763
0.34654042,0.33465925
0.37671435,0.35757264
0.39905748,0.37373322
0.3839828,0.36831778
0.36165082,0.34552044
0.34456176,0.31803152
0.31689698,0.28368175
0.2673355,0.23783544
0.21522407,0.19097704
0.17439647,0.1590617
0.14783676,0.13118912
0.12815505,0.11393644
0.1212953,0.10714562
0.1244913,0.10826224
0.13958527,0.12484412
0.16036391,0.16509405
0.18443152,0.19796866
0.20129403,0.21884274
0.216696,0.23663896
0.22258793,0.24766721
0.23408332,0.25850993
0.23138432,0.26442903
0.23243965,0.26902086
0.2403066,0.26962763
0.25307962,0.27359766
0.26768774,0.27866584
0.2794611,0.2801429
0.2767367,0.27676252
0.26897755,0.26950255
0.26399252,0.2478035
0.25138336,0.21981713
0.2161462,0.18405172
0.18049002,0.14553641
0.14721693,0.13214582
0.12309024,0.10967648
0.1175412,0.09733157
0.10560545,0.09146126
0.111038566,0.094347015
0.12713487,0.10648765
0.1552262,0.1439338
0.1789438,0.17547342
0.1997005,0.19472104
0.21869314,0.20962483
0.22886217,0.21305089
0.2359091,0.22428517
0.23029795,0.22466788
0.244699,0.22852497
0.23965672,0.23450015
0.23462336,0.24936606
0.23607133,0.26632607
0.2549454,0.2790592
0.26448444,0.28688055
0.27085146,0.2831015
0.27211305,0.26324397
0.26370767,0.23940358
0.22703151,0.20682552
0.19138466,0.16560885
0.15798123,0.14810254
0.13814583,0.12400785
0.12491176,0.11147851
0.11853703,0.10200925
0.12178804,0.101330906
0.135753,0.10657276
0.16322248,0.13467473
0.19236933,0.15914114
0.22553766,0.1813192
0.2543954,0.20388266
0.26260263,0.2156431
0.26420286,0.22973642
0.2658185,0.23107296
0.26545164,0.22932112
0.26767334,0.2331975
0.29442105,0.2445672
0.31911764,0.25701883
0.3213188,0.2705908
0.3189601,0.27955523
0.31731114,0.27900475
0.3120094,0.2616734
0.2968358,0.2437054
0.26102066,0.21391204
0.22220361,0.17528433
0.19150607,0.192813
0.16747683,0.16364747
0.15130602,0.14899933
0.13961492,0.13626844
0.13861239,0.13658814
0.14749162,0.14183442
0.15612093,0.16506386
0.17742193,0.19002818
0.21192433,0.21714547
0.2426233,0.25355542
0.2720501,0.2885251
0.29517713,0.31512517
0.31418437,0.3276457
0.3483524,0.32826287
0.36126244,0.33866388
0.38682714,0.35509238
0.40434542,0.3751914
0.41468906,0.381428
0.4217281,0.3820208
0.40683207,0.3680817
0.38958564,0.3464209
0.36648217,0.32319957
0.32613555,0.28382483
0.27793962,0.23726243
0.2311742,0.21795347
0.19459325,0.18195826
0.16929288,0.15766278
0.15129769,0.14061491
0.14252608,0.13771784
0.13536564,0.13949005
0.13969713,0.15151897
0.16454782,0.17265272
0.20760278,0.20175278
0.26841193,0.240471
0.33940536,0.284402
0.40503857,0.32182756
0.43710142,0.36149266
0.44430774,0.39334393
0.43180352,0.42312163
0.4085811,0.44989476
0.3998637,0.46740246
0.4504687,0.4781385
0.4743743,0.45397162
0.44625494,0.41120836
0.40911385,0.37084955
0.37628558,0.33632642
0.32066914,0.28963524
0.26572755,0.23594837
0.21932434,0.225849
0.187217,0.19029884
0.16747257,0.16766511
0.1581946,0.14961013
0.16149901,0.14980265
0.1728805,0.15679124
0.20214531,0.1801453
0.2381976,0.2090124
0.28163302,0.2440061
0.33529902,0.285464
0.3520056,0.3276692
0.38292992,0.37496513
0.42499676,0.41732273
0.43870613,0.46266592
0.48868033,0.50063986
0.5281613,0.5332221
0.521978,0.55682427
0.49658993,0.56950945
0.4846087,0.5473727
0.4468916,0.5031737
0.41859585,0.45465276
0.39045194,0.40640974
0.34006923,0.34611657
0.28311428,0.28446358
0.2292065,0.23243734
0.18838987,0.19531712
0.16837013,0.17213501
0.15383,0.15781283
0.15179977,0.15658607
0.16948879,0.16418815
0.19843587,0.19707873
0.23609,0.23516344
0.27345484,0.26438072
0.30312914,0.28734818
0.32060987,0.2992258
0.3192372,0.31523973
0.31669313,0.3325167
0.3437188,0.34991527
0.3708094,0.36559516
0.39693284,0.3847924
0.44246206,0.39977437
0.492298,0.4121204
0.47788253,0.39691204
0.42449388,0.3647506
0.38591903,0.3315714
0.34617132,0.29826292
0.29637596,0.2587445
0.24479078,0.21086763
0.19904068,0.2059786
0.16800591,0.17116679
0.15570696,0.15127538
0.14127727,0.13833702
0.14075854,0.13676006
0.1569322,0.14258528
0.18578121,0.16753373
0.22209053,0.20052294
0.24866974,0.23017934
0.27137506,0.26116616
0.30130884,0.28677982
0.34399918,0.3192541
0.3764894,0.3430346
0.42177784,0.36699885
0.45327327,0.39058656
0.47191992,0.4178863
0.5022975,0.4425124
0.5263773,0.4605376
0.505968,0.45258942
0.47923893,0.42070597
0.45127347,0.38550225
0.4165977,0.3512866
0.35688403,0.30587032
0.29312274,0.25249583
0.23986542,0.23454821
0.19396427,0.19345118
0.16621119,0.16887972
0.15047991,0.15152384
0.1483029,0.14813474
0.15696509,0.15199567
0.17978492,0.17234662
0.20882519,0.2000473
0.23444916,0.22904977
0.26158467,0.2596801
0.29726908,0.28691673
0.34049296,0.3239257
0.3976152,0.35377756
0.4306863,0.38529414
0.47199547,0.4153471
0.5049131,0.45122266
0.5461709,0.48149818
0.5664472,0.5024296
0.55268306,0.48499826
0.5196477,0.44149294
0.47687146,0.39703253
0.43343684,0.3581949
0.36689776,0.3068544
0.30352136,0.2513281
0.24418373,0.2464922
0.20625958,0.20336069
0.18053448,0.17785653
0.15721115,0.15987667
0.16060348,0.15536489
0.17084256,0.15897468
0.18589044,0.17877635
0.21706225,0.20682003
0.2520907,0.23541279
0.2957951,0.26961592
0.34354094,0.30183733
0.40056595,0.3458746
0.44842485,0.38767532
0.4844351,0.42904043
0.5212333,0.46778297
0.56169647,0.50871617
0.5819525,0.5395507
0.58759415,0.55949867
0.5677902,0.53465086
0.5224888,0.48305088
0.4770412,0.43357697
0.4316811,0.38811225
0.3727556,0.33210796
0.30918878,0.2732441
0.25001702,0.2689457
0.20849141,0.22310321
0.18048637,0.19552034
0.16132157,0.17575702
0.15128227,0.16979562
0.14855891,0.16960937
0.1499886,0.18391576
0.1674673,0.2090687
0.20539409,0.24042979
0.24099647,0.28111044
0.29239082,0.32080835
0.3428795,0.3623007
0.3722178,0.39909258
0.41570196,0.4288137
0.4461045,0.45642036
0.47713217,0.4867338
0.4959829,0.51093835
0.5040949,0.5224891
0.4783166,0.49879545
0.43816507,0.4525812
0.41238758,0.41023833
0.38812956,0.37296936
0.35156545,0.32431826
0.31096098,0.26919922
0.26678774,0.25683245
0.23292243,0.21972114
0.21115792,0.19699511
0.19211493,0.18014558
0.18414749,0.17892253
0.1833624,0.18238236
0.18311511,0.2017175
0.198525,0.23268569
0.23801893,0.27774975
0.2930346,0.33301926
0.34579512,0.38838613
0.40350714,0.4478494
0.47422203,0.49221498
0.54678094,0.5321379
0.5695125,0.56226975
0.6190524,0.58969796
0.6392124,0.6100888
0.64377093,0.6208056
0.6299706,0.61058515
0.59231645,0.5741065
0.55661845,0.5307816
0.5184324,0.48699242
0.47002348,0.43090305
0.40687978,0.36582625
0.34688434,0.32070607
0.29961583,0.27272737
0.27111155,0.24366957
0.24747576,0.22136532
0.23925291,0.21944962
0.23933554,0.22735608
0.2595051,0.25502223
0.29365343,0.29470992
0.34176672,0.34517783
0.42201233,0.39664057
0.4750664,0.4501648
0.49783242,0.51029176
0.562899,0.55927193
0.6229478,0.606292
0.6672315,0.64214617
0.69915223,0.6727749
0.7424358,0.6975317
0.77697533,0.70806617
0.7758185,0.684576
0.7362696,0.6317947
0.66773236,0.5768192
0.61093146,0.5195603
0.5436061,0.44745073
0.47390145,0.37730706
0.40737453,0.37769783
0.35331592,0.3257155
0.30782446,0.2929828
0.27764565,0.26799917
0.26024714,0.26325703
0.2564642,0.27112716
0.25527003,0.30652097
0.27584076,0.35659906
0.3096478,0.40478405
0.36135158,0.45589155
0.41013464,0.50279266
0.4719908,0.5553274
0.5399421,0.5953861
0.5812523,0.6302942
0.57351345,0.6549153
0.5940584,0.6779817
0.58407575,0.696431
0.5484429,0.70196646
0.53011537,0.6771569
0.51372975,0.6242397
0.48069906,0.57157695
0.44920242,0.5146146
0.40215907,0.4477549
0.35048476,0.38074017
0.29806432,0.32225764
0.25325665,0.27862185
0.22981028,0.24825041
0.21017976,0.22775052
0.20943873,0.22395541
0.2186509,0.23194876
0.25063196,0.25465068
0.3042805,0.29559317
0.3659866,0.35025337
0.43077582,0.41460067
0.49835905,0.48198867
0.56586474,0.557609
0.63762516,0.61865175
0.6860641,0.6740445
0.7282767,0.7097319
0.76873565,0.73712456
0.79884017,0.75046223
0.8206883,0.7581629
0.816085,0.7354159
0.7709608,0.68309623
0.70654595,0.6284667
0.63904005,0.5681783
0.5500756,0.49887064
0.4603218,0.42529702
0.38396594,0.39014864
0.3298657,0.3339685
0.2907098,0.29609576
0.26535603,0.2697658
0.2521317,0.26224178
0.25728828,0.2644412
0.28425813,0.29155737
0.33538306,0.33829486
0.4015017,0.39958012
0.47060436,0.46179911
0.54645187,0.532461
0.6137496,0.6104065
0.66259605,0.67369455
0.70303017,0.72660005
0.74559665,0.76439035
0.7854916,0.79414135
0.8170142,0.81345063
0.8322694,0.8219258
0.8150792,0.785641
0.75890934,0.7213958
0.69043195,0.6552955
0.6258285,0.5913241
0.54345626,0.5125067
0.45982057,0.43410927
0.38707483,0.40233862
0.3383131,0.3509244
0.30476448,0.31670457
0.28462985,0.29022965
0.27811748,0.28293982
0.28866696,0.28426844
0.32065046,0.3102604
0.36297008,0.3540158
0.41280216,0.40033823
0.45703325,0.46068132
0.4999201,0.51835
0.54660696,0.5801091
0.601415,0.6218777
0.66049737,0.64824647
0.7114526,0.6662333
0.75858426,0.68513995
0.7531534,0.6981397
0.7188938,0.69964796
0.6843076,0.6741112
0.6446693,0.6253932
0.6110364,0.58047414
0.5661723,0.53015155
0.5012434,0.47015
0.43248245,0.404581
