true,forecasted
0.21065886,0.20561625
0.18353534,0.16195658
0.15547371,0.14713679
0.1520434,0.12563165
0.15217283,0.13967288
0.17766614,0.16198564
0.21742977,0.1959863
0.25584507,0.23199356
0.28458986,0.2715642
0.30005145,0.30110186
0.317068,0.34256306
0.3388231,0.3880489
0.36140305,0.426954
0.39498085,0.4533729
0.41879106,0.47540155
0.44071573,0.5032881
0.45203325,0.51540315
0.45112664,0.5151967
0.43164915,0.5040102
0.40780583,0.47783458
0.3868446,0.44621798
0.35294357,0.40311125
0.29970548,0.34143436
0.23922852,0.29376101
0.19473968,0.18196471
0.15594542,0.14653641
0.13440055,0.1329442
0.120970316,0.12602326
0.12637313,0.13779369
0.16016997,0.1608624
0.19710402,0.2052833
0.23953784,0.2413039
0.26544443,0.27056307
0.27712008,0.28230265
0.2878447,0.31026924
0.30607843,0.34825742
0.3198696,0.3782418
0.33314988,0.39487284
0.35394862,0.4146726
0.3741082,0.4341202
0.38514557,0.44509438
0.39793766,0.45308736
0.39083576,0.43979588
0.3743662,0.42235345
0.36501324,0.39790234
0.33524376,0.354376
0.28574082,0.29808235
0.2279769,0.2497626
0.18907121,0.1616955
0.1632624,0.12982614
0.1399495,0.12003046
0.13258056,0.10923425
0.14186215,0.12144454
0.16911213,0.15152356
0.20538981,0.19912991
0.23518115,0.23422575
0.24589518,0.2542263
0.25760272,0.26530954
0.27512482,0.29340333
0.288192,0.3315977
0.30597177,0.35546595
0.327613,0.37306535
0.33715045,0.38849294
0.35909542,0.4094456
0.37773076,0.43087438
0.38418362,0.43494207
0.36982805,0.41149753
0.3603975,0.39071816
0.34400454,0.3616891
0.32437965,0.31795037
0.2829016,0.25281516
0.22965397,0.1943734
0.18488148,0.15471053
0.1547914,0.1134533
0.13337027,0.09371952
0.12326656,0.08389845
0.11974699,0.08110726
0.13013834,0.104149155
0.13807173,0.13642868
0.16237888,0.16283035
0.193134,0.19872952
0.2259245,0.22360194
0.25754076,0.2693222
0.28781676,0.31504685
0.31758082,0.35948467
0.3473475,0.38820893
0.38297847,0.41304815
0.41501683,0.43894377
0.45625532,0.45050353
0.48681796,0.4555265
0.49300414,0.4334881
0.4651457,0.41028345
0.4274024,0.36939496
0.39548725,0.32988235
0.34568614,0.27129072
0.28727517,0.2152207
0.23382933,0.2179839
0.19241892,0.17628756
0.1605535,0.15692773
0.14281341,0.14238869
0.13116634,0.14488
0.12781109,0.17141227
0.13162996,0.20831826
0.15378095,0.24282113
0.19543017,0.27894175
0.24894345,0.30690548
0.30412206,0.35053712
0.36733046,0.40340173
0.42678586,0.44945225
0.48277706,0.48338413
0.519329,0.5096914
0.54724,0.5451289
0.56710726,0.5565002
0.58231986,0.55846804
0.57984877,0.52981687
0.54770017,0.49752715
0.5224922,0.45603156
0.49342346,0.40603653
0.42982063,0.3411407
0.35848808,0.27683955
0.29806963,0.2681462
0.25933713,0.22386974
0.23762475,0.19534507
0.22599033,0.17228872
0.23204559,0.17484827
0.25582248,0.19649667
0.30042288,0.23876695
0.35099238,0.27216578
0.39287856,0.32807586
0.41409478,0.37883252
0.42529678,0.44413087
0.4464882,0.5131573
0.46766138,0.5675869
0.48397592,0.6006263
0.49664462,0.61591506
0.5111601,0.6443315
0.5317067,0.6412531
0.54462844,0.64392424
0.53495854,0.6168771
0.5048414,0.5775068
0.4776812,0.5386095
0.442692,0.49419376
0.37200725,0.42161238
0.2993167,0.37117925
0.24376594,0.25543487
0.1960908,0.21866134
0.1773579,0.20183155
0.16409603,0.18574513
0.16272217,0.19609328
0.18328068,0.22659326
0.22307147,0.27262694
0.2601458,0.31094024
0.2824661,0.3470721
0.3130522,0.3680574
0.34391037,0.39536363
0.37481722,0.43721414
0.40444303,0.46341547
0.43494776,0.48884165
0.4674913,0.5017231
0.48108557,0.5229693
0.50471747,0.5434836
0.52123094,0.552812
0.51010585,0.5294337
0.48561525,0.5064472
0.45781538,0.46544802
0.42381078,0.4319862
0.3539688,0.36247966
0.28256774,0.30654824
0.22589053,0.22976108
0.19043575,0.1947982
0.16863663,0.17343596
0.158291,0.15593037
0.16520883,0.16204266
0.18808356,0.1894352
0.23107132,0.22572309
0.2581999,0.25982934
0.27749485,0.29549778
0.29951492,0.3176988
0.32274646,0.35480615
0.33947387,0.39716238
0.38273114,0.431372
0.4179681,0.45609006
0.4384271,0.4678335
0.45257482,0.49646112
0.47732264,0.5018835
0.49270657,0.5164825
0.5004995,0.5008674
0.48547238,0.47799373
0.4608505,0.43826392
0.4273882,0.40708333
0.36465496,0.34432238
0.28978038,0.2940086
0.23605615,0.23301679
0.20235361,0.1978527
0.17950296,0.17870018
0.16739754,0.16183358
0.16691601,0.16620483
0.18685235,0.20087837
0.22622046,0.24412997
0.2660701,0.28065696
0.29884547,0.3189654
0.3276331,0.33998528
0.35845667,0.37449718
0.3908774,0.4212439
0.435454,0.4577112
0.4740846,0.48794004
0.5130403,0.5021573
0.54614115,0.5313267
0.57292813,0.54440165
0.5812765,0.5532987
0.5606634,0.526931
0.5272235,0.4982833
0.4889343,0.46353844
0.45437783,0.42133325
0.38048115,0.3550843
0.30976817,0.29384118
0.3078973,0.24477994
0.30602646,0.19828036
0.3041556,0.1819114
0.30228475,0.16632703
0.30041388,0.16797946
0.29854304,0.1925492
0.29667217,0.22034961
0.29480132,0.2652406
0.29293045,0.299759
0.2910596,0.3356168
0.28918874,0.3823792
0.2873179,0.42103183
0.28544703,0.4658666
0.2835762,0.49519682
0.28170532,0.52637583
0.27983448,0.5436117
0.2779636,0.55818075
0.27609277,0.5564447
0.2742219,0.5358521
0.27235106,0.51088434
0.2704802,0.47394362
0.26860934,0.43658593
0.26673847,0.37205833
0.26486763,0.3165421
0.26299676,0.15739772
0.26112592,0.12205672
0.25925505,0.10958178
0.2573842,0.100021385
0.25551334,0.111545935
0.2536425,0.1310335
0.25177163,0.17099577
0.24990077,0.19801024
0.24802992,0.22769487
0.24615906,0.2338155
0.2442882,0.25407928
0.24241735,0.29008013
0.2405465,0.31406185
0.23867564,0.33363253
0.23680478,0.35058483
0.23493393,0.3738124
0.23306307,0.38868818
0.23119222,0.38966948
0.22932136,0.37920207
0.2274505,0.3635483
0.22557965,0.34146997
0.2237088,0.29776803
0.22183794,0.24209416
0.21996708,0.18916605
0.21809623,0.14472434
0.1777603,0.100804165
0.15115121,0.09131888
0.13226444,0.0782829
0.123417385,0.08941004
0.12130344,0.10457136
0.1250439,0.1376114
0.14871502,0.16646636
0.19300698,0.1943995
0.24230659,0.20614572
0.2897307,0.2334448
0.3340152,0.27966964
0.37452048,0.31150353
0.41352156,0.3286336
0.449235,0.34944448
0.4832614,0.3781462
0.51693285,0.3991278
0.53741693,0.39857757
0.53379816,0.3833097
0.5055811,0.3599963
0.45983052,0.33345622
0.4216534,0.29240474
0.36235946,0.23210722
0.29335055,0.17584968
0.23987864,0.247147
0.19998102,0.21132985
0.1740413,0.18412158
0.16105677,0.16901867
0.1618174,0.17862652
0.17683266,0.20915385
0.20201948,0.2581159
0.24377468,0.28884998
0.29592746,0.33170226
0.35552752,0.3688079
0.4250943,0.4229451
0.49339575,0.49372858
0.5416744,0.5516559
0.5836429,0.58328146
0.61686647,0.61009234
0.6332732,0.6412317
0.6321197,0.64605325
0.62225777,0.65826
0.60163414,0.6102824
0.5647091,0.5816346
0.5290978,0.5314452
0.48702064,0.47184736
0.41901174,0.39472854
0.3494257,0.32874978
0.29171067,0.2935635
0.2543083,0.24874315
0.23061779,0.22160536
0.22002275,0.20519933
0.22379053,0.20757674
0.25390574,0.23198433
0.29321906,0.27097544
0.34088647,0.30508056
0.37550414,0.35975394
0.40554547,0.4116364
0.4418997,0.47288695
0.4750546,0.54832697
0.49930575,0.5986868
0.5063993,0.6313489
0.50775045,0.6542744
0.5056173,0.66597104
0.502425,0.67573583
0.49480152,0.6727321
0.47682697,0.64111197
0.45845562,0.6127305
0.4438789,0.56471807
0.42276892,0.5170801
0.3703496,0.443536
0.31054166,0.37698272
0.25785965,0.24890305
0.22295548,0.20803326
0.20150363,0.18808642
0.19457486,0.17372957
0.2047549,0.1766656
0.23199919,0.19934542
0.26569816,0.23097585
0.29800597,0.27663478
0.32162505,0.31674996
0.34405935,0.35753652
0.3513635,0.40354213
0.35570747,0.44180512
0.3541184,0.47856668
0.35097438,0.49313724
0.34873846,0.50590396
0.3500347,0.51396924
0.35477272,0.5208093
0.36206403,0.533708
0.3610845,0.5264124
0.35017267,0.51038355
0.3434771,0.4748289
0.32380083,0.4380063
0.28114206,0.3884163
0.23097664,0.3492888
0.19464701,0.1809195
0.16977212,0.15344217
0.15753165,0.13610803
0.15009955,0.1323885
0.15774807,0.13404141
0.18487522,0.16431113
0.22798537,0.20222092
0.25929022,0.23965567
0.28094122,0.2659296
0.29543203,0.2799316
0.30443835,0.30508253
0.3218691,0.33435535
0.34608516,0.35604748
0.3782888,0.36403245
0.37657344,0.36909464
0.36987653,0.38495144
0.372858,0.39239755
0.38326505,0.4079033
0.3782827,0.40113124
0.3779589,0.3933858
0.38090426,0.3668483
0.3614975,0.3344964
0.31685996,0.2817306
0.2699738,0.23495066
0.2365796,0.20398563
0.21162951,0.17078716
0.19695485,0.15143469
0.19032288,0.14059448
0.19892693,0.14272313
0.22353345,0.17006683
0.25922796,0.21122897
0.29878825,0.24926381
0.32864812,0.27649254
0.3625624,0.29707134
0.39625874,0.33373523
0.41508093,0.37086242
0.43264994,0.40725508
0.44241035,0.42789018
0.46453285,0.44852078
0.4838089,0.47291192
0.49507055,0.47725493
0.49681348,0.4878587
0.4787719,0.46661362
0.4573016,0.45027354
0.44159365,0.41100025
0.41867626,0.37459484
0.37301734,0.31065524
0.3223748,0.25314415
0.27905336,0.25549972
0.24617442,0.21391809
0.22371945,0.19597219
0.20775087,0.1801766
0.20365077,0.18005137
0.2077562,0.20212485
0.21093114,0.23746361
0.23778339,0.269806
0.282072,0.31196654
0.3287595,0.3415696
0.37704873,0.38645783
0.4324212,0.42823118
0.4902204,0.4659628
0.5246147,0.49795294
0.55612916,0.51891637
0.5796214,0.54508835
0.58907557,0.5586306
0.59151244,0.5640534
0.5893159,0.5430113
0.5606809,0.5155211
0.51600224,0.47083327
0.47708753,0.44086045
0.4230611,0.36980838
0.36614025,0.30593306
0.30779216,0.2791332
0.26744145,0.23337919
0.23363352,0.2129857
0.21155255,0.19370022
0.20041962,0.20209986
0.19240057,0.21992327
0.19403265,0.25730208
0.22540106,0.29893425
0.2904309,0.33703884
0.3654555,0.37213716
0.43649012,0.42584065
0.4986671,0.4769075
0.5527573,0.51438653
0.58961767,0.55317086
0.6085226,0.58471066
0.63042384,0.6075548
0.64875025,0.62207633
0.6574476,0.6194209
0.658401,0.5918812
0.6361986,0.5569341
0.60062176,0.5151813
0.5645177,0.4688607
0.48951527,0.39701352
0.41829,0.33041734
0.35624024,0.3214125
0.31722742,0.27715248
0.28774837,0.24859923
0.27068242,0.23408905
0.2711764,0.2311956
0.2913447,0.26280874
0.331005,0.30114883
0.37898684,0.33492187
0.42811415,0.3868912
0.48826274,0.4316356
0.55106074,0.4849231
0.6106189,0.55738485
0.6508667,0.6008657
0.668171,0.63759804
0.6807042,0.6642508
0.7171843,0.6774778
0.7357581,0.6916249
0.74885666,0.69333553
0.73366475,0.6474464
0.6963411,0.6150898
0.6436853,0.55977297
0.5837359,0.5161308
0.50069577,0.43357557
0.4150267,0.36325493
0.34664378,0.3469786
0.30426756,0.3107085
0.25588372,0.27886668
0.23844174,0.24608824
0.23554,0.23787054
0.25538644,0.27993894
0.28688732,0.319148
0.3292097,0.36782724
0.37550598,0.4118811
0.4057188,0.46660396
0.45404777,0.5334618
0.51694113,0.5870573
0.56667906,0.6251193
0.6098103,0.6610922
0.6059799,0.68920916
0.6014388,0.6843348
0.6111239,0.69381464
0.6200762,0.67482674
0.60197264,0.65320975
0.57435477,0.62247384
0.5362908,0.5814068
0.49982566,0.55400616
0.42526475,0.46639904
0.35310617,0.41738796
0.298036,0.29807225
0.25728425,0.25577098
0.22634833,0.23680565
0.21079952,0.21466683
0.2131065,0.21005587
0.23265484,0.23423038
0.27073893,0.26375386
0.31240535,0.31004497
0.3471963,0.3526408
0.38919786,0.39420533
0.42837825,0.44670865
0.4775628,0.4906842
0.5188157,0.52217734
0.5464805,0.55851454
0.57388765,0.5791683
0.589246,0.5972693
0.60555816,0.6150328
0.61741483,0.60160995
0.61120516,0.59199965
0.5800783,0.5557704
0.5397791,0.5318359
0.49840504,0.48942336
0.42269483,0.421979
0.34704542,0.3650119
0.28700545,0.29751638
0.24436659,0.2523047
0.21584696,0.23498568
0.19617076,0.2164183
0.19507821,0.21715464
0.2173157,0.2435715
0.2501844,0.2778775
0.29303336,0.32125515
0.3293264,0.35944942
0.3636686,0.39293665
0.41412768,0.44057277
0.46237284,0.48849267
0.50949526,0.5182271
0.55243474,0.5569659
0.5903322,0.58164257
0.62079954,0.60168415
0.64615345,0.6191732
0.6559259,0.6121885
0.6389795,0.5934217
0.6058484,0.562423
0.5557981,0.5345861
0.51116264,0.48429003
0.43565628,0.41749787
0.35868084,0.35514805
0.30139652,0.3020585
0.25672495,0.26329094
0.22545364,0.24382791
0.20778392,0.21936634
0.20459747,0.22267662
0.22514199,0.2437848
0.25874624,0.27850473
0.3020709,0.3209699
0.34823647,0.35891584
0.40160528,0.40493062
0.46399766,0.465102
0.5283679,0.5285466
0.58519787,0.56130904
0.6354935,0.6001283
0.6595344,0.62643504
0.6631636,0.64508516
0.6627014,0.65010905
0.6574774,0.6429682
0.62502295,0.62683105
0.58087695,0.59667265
0.54704946,0.5616068
0.51080626,0.5098781
0.4510685,0.44758064
0.38850793,0.38614354
0.33183357,0.30236387
0.28852904,0.26102254
0.25460035,0.23793629
0.23525877,0.22559763
0.22367652,0.22324704
0.22305661,0.23346116
0.22884323,0.27514482
0.259123,0.31376597
0.31770653,0.3496833
0.37883148,0.38899654
0.44525516,0.4502152
0.5177645,0.49905008
0.5820987,0.5391269
0.6334814,0.57759964
0.6698499,0.60359615
0.6883062,0.6266328
0.6977698,0.6269059
0.67562103,0.6254867
0.60617334,0.61897624
0.5710743,0.57554823
0.53790873,0.54414755
0.5084021,0.5003105
0.45982385,0.42850727
0.40226668,0.37063137
0.3489082,0.31010818
0.30469826,0.26955876
0.27290583,0.24422702
0.25456908,0.22328338
0.24615495,0.22495039
0.24578579,0.23887445
0.24999385,0.26764458
0.278077,0.29852304
0.3327328,0.34745914
0.41174024,0.3907633
0.48895216,0.45403084
0.5513792,0.51197267
0.60386914,0.550585
0.658953,0.5911415
0.6929802,0.61269486
0.72679156,0.6344901
0.7560105,0.6451569
0.7753114,0.64325225
0.7682112,0.622524
0.7453576,0.58298033
0.7068256,0.5508929
0.6600901,0.50092375
0.5880382,0.42737842
0.5115639,0.35982874
0.44307894,0.39821032
0.39793694,0.33962455
0.36301222,0.31179252
0.33910456,0.28203222
0.32944587,0.2756969
0.34186423,0.311454
0.3669316,0.35399672
0.413822,0.39086154
0.46784738,0.4494637
0.5284051,0.5055677
0.59761286,0.56961817
0.664945,0.6517402
0.72598565,0.697671
0.7775219,0.7356003
0.8126924,0.76909715
0.8182294,0.7728419
0.78587735,0.7675768
0.7543496,0.7488416
0.72555095,0.71017027
0.6806693,0.67266273
0.62852263,0.6273344
0.57814366,0.58262914
0.50916845,0.49776047
0.4336763,0.43983963
0.37500358,0.35913393
0.3324772,0.31278288
0.3043099,0.2905943
0.28280434,0.27112776
0.2755591,0.26240534
0.27797374,0.2828976
0.28816202,0.31994632
0.329949,0.36366048
0.3989655,0.4052908
0.47633663,0.4533777
0.5512806,0.5137616
0.61746365,0.5772007
0.67056143,0.6107808
0.71475065,0.6536848
0.739691,0.6816822
0.75136876,0.69707483
0.76381207,0.709822
0.76846296,0.69689614
0.7533385,0.66986346
0.71443653,0.6237191
0.6625054,0.59642106
0.6065665,0.5408279
0.55938214,0.46766597
0.49395403,0.39596605
0.4218613,0.3903693
0.372315,0.33944666
0.33495578,0.30653197
0.31194907,0.27946576
0.30123013,0.27332819
0.32497475,0.29637444
0.35535672,0.33426523
0.40370607,0.37203196
0.4678966,0.42996162
0.53823143,0.48816958
0.60643154,0.5617859
0.6743509,0.6324051
0.73249716,0.6727929
0.7764193,0.7228109
0.7903184,0.7579046
0.7922829,0.7672815
0.8065503,0.77328223
0.82176745,0.7324199
0.8062664,0.7091668
0.77183646,0.66421264
0.7134379,0.64497036
0.6634842,0.58084863
0.58295685,0.5004179
0.49858442,0.43954158
0.42965803,0.4100769
0.37665462,0.3607958
0.3434149,0.32437938
0.32107764,0.29844785
0.3154933,0.27690503
0.33466503,0.31394994
0.36871228,0.34639132
0.42647356,0.38007793
0.48451814,0.44112805
0.57188606,0.50133795
0.62400454,0.5782891
0.6809164,0.6674148
0.7134877,0.6950737
0.73132205,0.74333733
0.75605935,0.75955003
0.76210797,0.76957977
0.778723,0.77185893
0.8015933,0.73426974
0.78859776,0.7136363
0.7482662,0.6592031
0.7032344,0.6296914
0.64817274,0.58998126
0.5711532,0.49989563
0.48964682,0.43347326
0.4197182,0.40551022
0.3656244,0.35240307
0.3341884,0.32654434
0.3115224,0.30647182
0.31063604,0.29180798
0.32947037,0.30740768
0.36690423,0.34266895
0.40197286,0.3821952
0.48948258,0.43361607
0.56736135,0.5004644
0.63724935,0.5726389
0.70780313,0.6450607
0.75685674,0.68770325
0.7846177,0.72540396
0.7934601,0.75367516
0.7919706,0.76340216
0.7905274,0.7652019
0.7939981,0.73328745
0.7513249,0.72240424
0.7012813,0.6632937
0.6594693,0.6338263
0.61561376,0.58327305
0.5493954,0.5084414
0.48892394,0.43135354
0.4276403,0.3909709
0.3772139,0.34276062
0.33511853,0.32225016
0.3108033,0.3008214
0.29471546,0.29354766
0.29678476,0.30558798
0.30282,0.3480757
0.33563083,0.38892344
0.40598655,0.42505684
0.4926862,0.48707485
0.57462096,0.5515861
0.63925177,0.6200752
0.69366235,0.6631357
0.70722955,0.7045256
0.7034527,0.73594815
0.7037099,0.7499293
0.7076356,0.7430415
0.6884073,0.72544444
0.6498475,0.71373206
0.6177128,0.6648474
0.5851891,0.6289224
0.5520484,0.57791966
0.49368638,0.5177393
0.43156663,0.4517136
0.37607792,0.362208
0.33464298,0.32709748
0.29630658,0.3003113
0.27648917,0.27543515
0.27033716,0.27715692
0.26587385,0.28853995
0.26534018,0.32514846
0.29941946,0.3566859
0.353743,0.39901686
0.4197477,0.4575715
0.4852512,0.5178659
0.54493254,0.57727444
0.59729755,0.6170219
0.6418549,0.66261667
0.6538729,0.6887999
0.62622905,0.70118016
0.5956478,0.69750607
0.58401763,0.6815485
0.57885003,0.67650086
0.55922925,0.63289344
0.53074634,0.6088535
0.49784583,0.5659725
0.43630937,0.4918778
0.36924168,0.43945712
0.31630838,0.32333675
0.27448657,0.2879676
0.25312424,0.26984358
0.24317639,0.24934956
0.24389054,0.25379798
0.27130398,0.26565835
0.3079953,0.30149513
0.35306567,0.32923365
0.39133376,0.36507112
0.4233012,0.40975153
0.47367898,0.45920742
0.5343078,0.51400435
0.5770087,0.5521667
0.6250997,0.594333
0.6520885,0.61327726
0.6779703,0.6342035
0.7048194,0.6389417
0.7136376,0.64480424
0.7024619,0.6290771
0.67285424,0.5916438
0.6200143,0.55609715
0.56289494,0.51679295
0.4799462,0.4464752
0.39494622,0.3831621
0.33506182,0.3593228
0.29000384,0.31475693
0.26192352,0.29492632
0.24105434,0.26594174
0.23916605,0.27620497
0.2572084,0.2948926
0.29361495,0.3382058
0.34011284,0.3666916
0.4006976,0.40349782
0.46028307,0.4588114
0.524182,0.5238006
0.579713,0.5916493
0.633211,0.6331095
0.677396,0.6791826
0.70933557,0.7074328
0.7399663,0.7248028
0.7612771,0.733977
0.77647007,0.7201607
0.7688257,0.6962838
0.7303715,0.6564182
0.66812,0.61522
0.6028975,0.5716321
0.51933414,0.4838513
0.43495372,0.41966578
0.3644797,0.38723648
0.3113674,0.34124005
0.27505168,0.31396765
0.25707814,0.2889479
0.25476304,0.2933025
0.27440292,0.3203478
0.3061542,0.3676235
0.35666782,0.3955365
0.42252356,0.43931878
0.49434623,0.48969406
0.5654486,0.5562093
0.631893,0.6302099
0.6850377,0.6754092
0.7270108,0.7244293
0.75972503,0.75074834
0.7888436,0.76729006
0.80506915,0.766095
0.8172257,0.7483973
0.80458903,0.7230412
0.7776216,0.6786642
0.72219354,0.64052564
0.6576841,0.5930084
0.5680185,0.4980173
0.48097178,0.43626153
0.4132831,0.4258269
0.36183956,0.37498704
0.32974154,0.3450026
0.3070478,0.3185596
0.3056508,0.31271502
0.3256521,0.34151208
0.36081013,0.3821714
0.41516992,0.41507122
0.48149872,0.4636194
0.5528824,0.5220724
0.62929505,0.5852437
0.6994485,0.66458
0.7674532,0.7174895
0.816587,0.7584098
0.84286267,0.7880623
0.8680089,0.79731345
0.8861814,0.7817389
0.876483,0.76370716
0.84252757,0.73804486
0.8101188,0.687498
0.7714829,0.6494731
0.7240492,0.598364
0.6394212,0.5068603
0.556379,0.4391975
0.474661,0.45390457
0.41212562,0.3892942
0.37131009,0.3602141
0.34023586,0.33295682
0.33178505,0.31251696
0.35025015,0.35452908
0.37770474,0.40001005
0.4180649,0.45325083
0.46467277,0.49742445
0.5080427,0.5556762
0.5657149,0.6247881
0.619186,0.69705856
0.6762487,0.7579186
0.73513854,0.78490144
0.7737346,0.8164539
0.7954007,0.80823976
0.8054668,0.77491087
0.77980304,0.7526568
0.7162787,0.74622744
0.67761093,0.6890415
0.6362033,0.6538841
0.5974973,0.60295385
0.5372201,0.52402234
0.47245494,0.4672631
0.41458732,0.3755911
0.3698687,0.33701414
0.3376012,0.30926806
0.31527352,0.28441072
0.3022962,0.27345037
0.30344188,0.29645926
0.3128013,0.3290322
0.3493924,0.36052015
0.40776473,0.41378492
0.47292387,0.46033606
0.5349397,0.5162782
0.59369826,0.5717227
0.6522664,0.61329484
0.71016645,0.65241396
0.75040466,0.6678565
0.7732267,0.6889241
0.77324265,0.688546
0.7600733,0.67577076
0.7473271,0.66767657
0.70604587,0.6200346
0.67377263,0.5892928
0.6242758,0.5516276
0.548159,0.4828828
0.48265713,0.41179165
0.42923227,0.38897425
0.39047277,0.3496213
0.35650456,0.32810587
0.33337703,0.3018804
0.3216014,0.2882073
0.32397667,0.30308908
0.3254796,0.33144748
0.34846157,0.36986563
0.39737552,0.41655403
0.4515749,0.48439416
0.49413022,0.5542122
0.52639276,0.6248904
0.55233383,0.669093
0.5784689,0.70593905
0.61664045,0.7232954
0.6581621,0.7362321
0.69926375,0.73199594
0.7255018,0.71946174
0.7327685,0.70857763
0.7079385,0.65595955
0.6647819,0.62944096
0.6125516,0.577306
0.5338787,0.5061865
0.4543241,0.428943
0.38850582,0.39898342
0.3389978,0.3489754
0.3057012,0.32534558
0.2861345,0.30041906
0.28153673,0.29531816
0.3037843,0.31501478
0.33669943,0.3574776
0.38598156,0.38847658
0.44781303,0.43587342
0.51009476,0.4907313
0.5708667,0.5524744
0.637656,0.6158614
0.69805086,0.6543931
0.74403125,0.6995828
0.7757067,0.72769034
0.7994246,0.7416976
0.8062046,0.7400373
0.8085203,0.7162613
0.7824301,0.70091367
0.7479162,0.65302354
0.7011811,0.61345327
0.65433645,0.57327956
0.5719869,0.4951652
0.48983154,0.42222208
0.4223866,0.42617744
0.3739492,0.37451857
0.3384055,0.3503253
0.31179065,0.32625654
0.30765387,0.3240219
0.32887357,0.33699167
0.36032513,0.38327223
0.40571967,0.41830978
0.45219266,0.45704564
0.5134089,0.5197814
0.5751213,0.5866544
0.6346951,0.6495248
0.68953466,0.7001593
0.7353758,0.738569
0.76125145,0.768475
0.7906221,0.78329575
0.8130592,0.76691574
0.8227795,0.7498121
0.8038521,0.73491573
0.7697766,0.68416274
0.7146312,0.65002847
0.6508935,0.6016723
0.5684279,0.5212477
0.47966957,0.4568651
0.41362485,0.44671524
0.36893302,0.3935532
0.33379734,0.36566615
0.32173556,0.34336245
0.32632223,0.33264634
0.35141256,0.35965526
0.39149952,0.4033287
0.42707127,0.42615768
0.46578076,0.47791216
0.50797,0.5365919
0.55130816,0.59188646
0.61270857,0.6567361
0.6682974,0.6945683
0.7058555,0.72836274
0.725779,0.7445653
0.7306693,0.7500931
0.7369078,0.7368609
0.74763614,0.72315514
0.731503,0.71346635
0.7076011,0.6737194
0.66850233,0.6341453
0.62056834,0.6011201
0.5451845,0.52162606
0.47076118,0.4577463
0.40741912,0.41362798
0.35736838,0.3704085
0.32440054,0.3454344
0.3001174,0.3209676
0.29309306,0.31669807
0.3086941,0.34323972
0.3431783,0.3834113
0.39414054,0.41708493
0.4532776,0.46350044
0.5205343,0.51468796
0.5866041,0.5678801
0.65804785,0.63228565
0.7107108,0.6714753
0.76322675,0.7111179
0.78986686,0.73850805
0.8010119,0.74763536
0.8156182,0.7473892
0.8306949,0.73460793
0.80945116,0.7103916
0.7639398,0.66081536
0.7150717,0.62225425
0.6594384,0.5839082
0.5895645,0.49757317
0.5035349,0.43568113
