true,forecasted
0.109851845,0.09238909
0.072878845,0.07331861
0.0547596,0.061873406
0.049018193,0.05297271
0.052288033,0.051990375
0.06704188,0.07985618
0.11562111,0.11058117
0.16882741,0.15871747
0.20990135,0.19124997
0.21880029,0.21113706
0.23772925,0.2383352
0.2541345,0.26779416
0.26948,0.28625026
0.2816397,0.2946942
0.2896055,0.3169367
0.29069522,0.3346249
0.293815,0.32797083
0.29927674,0.31793502
0.28478408,0.29367584
0.26166135,0.27429923
0.24675025,0.26354283
0.22780812,0.2377466
0.17717782,0.19239077
0.12900251,0.1482674
0.079648264,0.09782134
0.05686827,0.07632758
0.0455981,0.05902434
0.03543167,0.049495347
0.041658875,0.05255758
0.062636346,0.081726335
0.11580538,0.1146915
0.15957037,0.16070862
0.18166114,0.19341312
0.20627408,0.21719775
0.22555244,0.23832144
0.24746664,0.27244908
0.25830093,0.29269868
0.2674332,0.30619508
0.2771545,0.32606238
0.29661748,0.34452468
0.30261716,0.34702235
0.30382603,0.3563098
0.2789806,0.344264
0.25557467,0.32119042
0.24510618,0.30816102
0.23386335,0.27404928
0.1830488,0.22347671
0.14285912,0.17487651
0.103294045,0.09842099
0.07531178,0.07155955
0.054903015,0.05217117
0.045997065,0.044183843
0.050533544,0.04689764
0.06563303,0.07732674
0.11226341,0.12106041
0.16249782,0.1689107
0.19090863,0.20673294
0.21495901,0.22711846
0.23855454,0.23483635
0.25285798,0.2607885
0.2691612,0.2791361
0.27671623,0.29598612
0.28444374,0.31017694
0.30137447,0.32109296
0.2940413,0.33624947
0.295283,0.34430984
0.2726276,0.32080275
0.24368057,0.3029209
0.2228002,0.28693137
0.201373,0.24901836
0.1581885,0.1965526
0.11842036,0.14430541
0.08228444,0.08469325
0.054141153,0.05943026
0.03379598,0.04505696
0.026213758,0.03217925
0.023823386,0.026010673
0.026155982,0.044017952
0.04035822,0.064355865
0.07557143,0.11243072
0.1143261,0.15105368
0.15026835,0.17675143
0.17915334,0.20570718
0.20004636,0.24397396
0.22395658,0.25810406
0.24088764,0.27102345
0.2636673,0.3084844
0.28195697,0.32625723
0.30420464,0.32884926
0.3147651,0.33231914
0.30662408,0.32778123
0.28570578,0.29057908
0.2684212,0.2769766
0.2541313,0.25606745
0.21422364,0.21293488
0.16886382,0.1731324
0.12579557,0.1140549
0.09788015,0.08563961
0.07524255,0.053230353
0.05879455,0.047144264
0.058592334,0.03377584
0.053436894,0.029529473
0.059328727,0.036927406
0.0926948,0.070690006
0.14396662,0.10422574
0.2019034,0.15581322
0.25537655,0.19090569
0.30615145,0.22895035
0.34896004,0.26566544
0.3896451,0.29117644
0.42313987,0.31353614
0.4463024,0.34584016
0.4605975,0.35874945
0.4584965,0.36975542
0.4472631,0.3592519
0.4220965,0.3286204
0.39955136,0.29948598
0.3832191,0.2769954
0.3351537,0.22934413
0.27557233,0.18573688
0.2303484,0.21386723
0.192432,0.19114318
0.17335124,0.16632816
0.15570857,0.15579522
0.159569,0.16459563
0.18513012,0.17718577
0.23112753,0.21458085
0.29335687,0.27394077
0.3165201,0.31751868
0.3373292,0.36105675
0.377591,0.4158138
0.4221999,0.45034218
0.44850373,0.48601395
0.45837855,0.50926197
0.46749082,0.53495616
0.42943272,0.5559755
0.4216951,0.55482167
0.4033186,0.54488796
0.3791202,0.5290207
0.3562939,0.49173704
0.34521893,0.45810273
0.32047778,0.4134064
0.26834667,0.3522765
0.20601527,0.28614074
0.15105073,0.16140293
0.11220905,0.12782544
0.090663396,0.10382468
0.071973056,0.0932382
0.077306435,0.08983117
0.098741844,0.115135215
0.14621443,0.14764401
0.2025516,0.20186399
0.24476004,0.24393569
0.26058513,0.26845086
0.2823397,0.2869071
0.30163208,0.3100892
0.31798178,0.33142808
0.3232832,0.34972978
0.35183775,0.36452606
0.3554476,0.37416774
0.37636745,0.38275093
0.39347115,0.3801966
0.37351862,0.36436847
0.3357407,0.34823164
0.3120344,0.33635408
0.279423,0.3068585
0.23603648,0.25980633
0.17732705,0.20724106
0.12455971,0.13529189
0.10317576,0.1043006
0.08039286,0.091005825
0.0740342,0.08112029
0.07927955,0.07953538
0.10176109,0.11112667
0.15010647,0.15548968
0.21478003,0.20678337
0.25146365,0.25738174
0.2806633,0.27481228
0.3040163,0.31596962
0.30622736,0.32367805
0.3022541,0.32681784
0.29003558,0.34771973
0.29691404,0.36971322
0.29356387,0.36498845
0.31254616,0.370753
0.327018,0.37928352
0.31590918,0.3729414
0.28514543,0.35713798
0.26443428,0.33400768
0.24838218,0.30079734
0.19847307,0.25468984
0.15018733,0.19359235
0.10443607,0.11322038
0.07561194,0.088149786
0.05328442,0.06775068
0.048499916,0.061105497
0.055497874,0.06551365
0.079770654,0.09298228
0.12877022,0.14502361
0.17731747,0.20235804
0.21256487,0.24092445
0.23187247,0.26256377
0.25297096,0.28454107
0.27691025,0.312641
0.30222318,0.32898375
0.31756812,0.35455942
0.34628898,0.38066387
0.34945574,0.3982973
0.37519857,0.407552
0.37902516,0.4047146
0.35836598,0.38747087
0.3263209,0.35205075
0.30695093,0.3319372
0.28447127,0.2993119
0.24096799,0.24296862
0.18738887,0.18427336
0.1855984,0.16352364
0.18380792,0.14171115
0.18201746,0.12596354
0.180227,0.12336943
0.17843652,0.11816119
0.17664605,0.14055297
0.17485557,0.17797406
0.17306511,0.23527844
0.17127463,0.2775084
0.16948417,0.30657154
0.1676937,0.34655112
0.16590323,0.36471653
0.16411276,0.37517494
0.16232228,0.39160013
0.16053182,0.40313742
0.15874135,0.39542896
0.15695088,0.39066437
0.15516041,0.3834454
0.15336993,0.3744767
0.15157947,0.3475591
0.149789,0.3308608
0.14799853,0.29732352
0.14620806,0.25438538
0.14441758,0.20378727
0.14262712,0.1011979
0.14083664,0.075614944
0.13904618,0.05053144
0.13725571,0.049157187
0.13546523,0.04335587
0.13367477,0.055100165
0.13188429,0.08642317
0.13009383,0.12989987
0.12830336,0.16010275
0.12651289,0.19584373
0.12472242,0.2166984
0.12293195,0.2412653
0.12114148,0.268524
0.11935101,0.29223233
0.117560536,0.30454174
0.115770064,0.33128506
0.1139796,0.34653604
0.11218913,0.3619617
0.11039866,0.36905026
0.108608186,0.34528348
0.106817715,0.32419106
0.10502724,0.29669675
0.10323678,0.24275199
0.10144631,0.18752341
0.09965584,0.08575563
0.071982965,0.057645313
0.048368122,0.03949675
0.038157247,0.036130004
0.032433618,0.037659757
0.038301345,0.0605593
0.038328696,0.09798439
0.068336725,0.13621919
0.10976073,0.16373755
0.15215549,0.1876644
0.18614103,0.2103514
0.21342827,0.23529463
0.24059346,0.25773346
0.26679644,0.29437
0.29377702,0.30794096
0.326585,0.32498926
0.34033528,0.3463484
0.36293954,0.35022247
0.34206685,0.33193097
0.32190734,0.31179202
0.31002536,0.3064257
0.2952599,0.27213135
0.26424146,0.21775645
0.21224266,0.16291079
0.16590133,0.1557818
0.12772751,0.11643643
0.10674491,0.08516232
0.09156594,0.07935887
0.09133945,0.078711316
0.116117515,0.10721908
0.14519684,0.16590716
0.20173162,0.20566405
0.2511493,0.24328448
0.30004168,0.26958072
0.35144237,0.28118995
0.39018473,0.31134546
0.4294869,0.34960666
0.46380392,0.39521223
0.49058175,0.40595248
0.520038,0.42465383
0.5330545,0.45661825
0.5355371,0.48735753
0.5092118,0.45569098
0.45491335,0.42386606
0.41354695,0.39655071
0.37952754,0.34093544
0.32665405,0.27798554
0.2598901,0.20106049
0.2001385,0.1852917
0.16889493,0.14875656
0.14919658,0.13254008
0.13285576,0.11713851
0.13553159,0.12875737
0.16154759,0.17485583
0.19408889,0.23040132
0.24897361,0.27054337
0.2710068,0.30822265
0.2953801,0.30280602
0.32297978,0.3201183
0.34800348,0.33834213
0.36341423,0.34762472
0.3883094,0.37126023
0.41464812,0.39465058
0.4422075,0.39770162
0.4431182,0.4082098
0.4442276,0.40628427
0.41137418,0.3704828
0.38313943,0.34842446
0.3547512,0.33948928
0.33597332,0.30390802
0.27607164,0.25221756
0.21513712,0.19479065
0.16877614,0.18748851
0.13158348,0.16489403
0.10337951,0.15452671
0.09433237,0.14715314
0.09877996,0.16019617
0.119147524,0.20518163
0.14739287,0.2681038
0.19814213,0.3274147
0.22798076,0.35443872
0.25101647,0.3480596
0.25878808,0.38054496
0.27110183,0.38305163
0.27432758,0.38286868
0.28096622,0.3829502
0.28050485,0.4030449
0.27711195,0.40253985
0.27475986,0.3871137
0.2571348,0.37161067
0.24725826,0.36427838
0.23000431,0.34417695
0.22244704,0.3290367
0.20331073,0.30546224
0.17010021,0.2616262
0.11944632,0.20523463
0.09084801,0.11985035
0.06941841,0.094184704
0.05556813,0.0816934
0.04935203,0.06778417
0.056538876,0.07376996
0.08100413,0.10000842
0.120184086,0.1302896
0.1679218,0.16288161
0.19300772,0.19416302
0.21543986,0.20424703
0.23085214,0.23858042
0.2335837,0.26186857
0.24277188,0.264876
0.23866855,0.2803592
0.24694067,0.30364883
0.2338102,0.3123759
0.24700254,0.31368208
0.2434758,0.30521303
0.23641065,0.29049957
0.22331044,0.26806653
0.22106895,0.25665793
0.21753211,0.232342
0.17536642,0.19104323
0.1354328,0.1476204
0.10015343,0.116979524
0.07353251,0.090142995
0.061043046,0.07654257
0.053725094,0.07091046
0.060933135,0.08048649
0.08481686,0.11204125
0.12427031,0.15639569
0.18192302,0.20624314
0.21482004,0.23994994
0.23987246,0.25019428
0.25712743,0.27317202
0.27050543,0.28035274
0.27669656,0.27066013
0.28120568,0.28255415
0.28814897,0.2800586
0.28017855,0.27171785
0.28311864,0.27499455
0.28600678,0.261968
0.2783697,0.24191871
0.2606477,0.2399308
0.2581628,0.22929625
0.24561507,0.20009153
0.21481952,0.16025579
0.17906667,0.122411475
0.14841096,0.12934655
0.11844139,0.098825395
0.10420941,0.08099281
0.09155414,0.07345439
0.09337615,0.06519981
0.099322684,0.08373935
0.11389773,0.11138633
0.14824498,0.16726032
0.18901686,0.20738362
0.24158096,0.22816968
0.27617452,0.25523487
0.31095612,0.2662705
0.3231285,0.26290825
0.32066923,0.27412152
0.33607197,0.28381753
0.3716819,0.28132492
0.38865247,0.28044483
0.40146706,0.27056602
0.40127268,0.26953533
0.37918857,0.25694102
0.35949415,0.24017842
0.34659463,0.23098269
0.3028334,0.19354478
0.25681975,0.15822293
0.20932887,0.20479442
0.1765057,0.17347562
0.14499018,0.14212114
0.13156776,0.12561011
0.11902855,0.11762269
0.114227295,0.13545528
0.12508363,0.1619391
0.17332424,0.217265
0.2378137,0.2652922
0.30510172,0.2925018
0.3700151,0.3181156
0.41913944,0.3565575
0.4519621,0.3828431
0.48032933,0.39728516
0.4818464,0.42589337
0.4734307,0.44220263
0.43587378,0.4333428
0.39563435,0.44165295
0.37776467,0.42658716
0.36501506,0.39330438
0.3479375,0.3665832
0.33812797,0.34299856
0.30549282,0.29719603
0.25057802,0.2453524
0.21506293,0.22749336
0.17813148,0.18997349
0.15766408,0.16439709
0.14550367,0.14805979
0.15244164,0.1402219
0.17315535,0.1540277
0.21925634,0.1779261
0.28778163,0.21724771
0.3338934,0.26702392
0.3671034,0.3023674
0.40775374,0.3414849
0.46507585,0.3785976
0.5244759,0.40207657
0.57303643,0.43112475
0.59317875,0.45066848
0.6113007,0.46902263
0.6025453,0.47041553
0.6025335,0.4742032
0.5784702,0.45085216
0.5272426,0.4278936
0.47390231,0.40506732
0.43134773,0.3669177
0.3596328,0.3197657
0.27017912,0.2646057
0.22616525,0.28224194
0.1826748,0.24943508
0.16782744,0.21509743
0.15521406,0.20541269
0.15212215,0.20013341
0.18679264,0.22585773
0.22405623,0.27104524
0.27513027,0.32357123
0.3173324,0.36119092
0.33688065,0.39286315
0.35254097,0.4038012
0.3767413,0.44166258
0.40935507,0.47439197
0.4459067,0.4854163
0.47724974,0.50200695
0.49546507,0.5096034
0.45185974,0.50051934
0.41681302,0.49231753
0.3956617,0.46144828
0.3656118,0.41697782
0.34944242,0.383115
0.32606605,0.3466781
0.2831185,0.2925888
0.23048823,0.24160606
0.17825404,0.21033554
0.15058339,0.17564411
0.1323715,0.14791286
0.11742039,0.13544774
0.12361033,0.13239495
0.14867146,0.15096793
0.1996638,0.1868894
0.25738162,0.24048077
0.30567762,0.2914476
0.34413537,0.3279752
0.36721757,0.36973614
0.39839533,0.40598005
0.42360792,0.43162125
0.44232234,0.46595603
0.47017607,0.48750558
0.47113296,0.49972582
0.47030598,0.5109257
0.47631797,0.5092328
0.4640916,0.48591492
0.43333042,0.45446414
0.3959964,0.42951125
0.37296256,0.39463085
0.3130019,0.3383001
0.26079592,0.27482304
0.20331004,0.23158877
0.1590391,0.2020252
0.1310705,0.17422959
0.11501292,0.16550574
0.111662574,0.16560094
0.12974575,0.1847867
0.17461789,0.22699015
0.22747718,0.29495013
0.2742843,0.34626555
0.30622426,0.39329195
0.3528314,0.44238603
0.39413252,0.4844709
0.4362401,0.52416945
0.4636381,0.55966246
0.5004598,0.5952547
0.5252719,0.6179556
0.5383159,0.627226
0.54603124,0.61139387
0.52515036,0.58639663
0.47595644,0.5342048
0.43860757,0.50313437
0.40728468,0.47081771
0.34242,0.40441984
0.28357452,0.33380404
0.22372359,0.22402067
0.18601283,0.19123866
0.16037461,0.16222292
0.13980757,0.15177613
0.14450763,0.14909376
0.1602724,0.16345382
0.19519655,0.19505766
0.25020725,0.25082713
0.3050255,0.29927185
0.35361874,0.34688473
0.40380734,0.4034682
0.45346174,0.44981232
0.48858556,0.48794243
0.52325535,0.52772427
0.55306304,0.56450003
0.5643209,0.5877636
0.56177175,0.59847295
0.558873,0.5888054
0.5248628,0.5645227
0.47467852,0.5156352
0.43495482,0.481874
0.39227083,0.45109305
0.33633178,0.3887931
0.27707535,0.32192692
0.22948141,0.22890402
0.18875533,0.19251508
0.16207406,0.16472799
0.14439754,0.14604884
0.13750215,0.13989039
0.13899203,0.15673184
0.14675578,0.18436731
0.18472551,0.23955663
0.23178,0.29319352
0.28076467,0.3306625
0.30961052,0.37941563
0.35417137,0.42403552
0.39259085,0.4480262
0.42571077,0.47381943
0.46843013,0.51048356
0.48192725,0.5279494
0.49524918,0.5233331
0.46232188,0.5154043
0.43158105,0.48876724
0.3933356,0.44347623
0.3717267,0.40678766
0.35391378,0.38030878
0.3160249,0.3284687
0.2789873,0.27424046
0.24449867,0.2522881
0.21130337,0.21374583
0.19226927,0.18195483
0.17351414,0.16308466
0.16996244,0.15225874
0.1650981,0.14650312
0.17900872,0.14765267
0.20359893,0.17746772
0.2554251,0.22453329
0.32304883,0.27358407
0.38424897,0.3275472
0.4494586,0.37437358
0.49608555,0.41059628
0.53755844,0.45035636
0.56801504,0.48966482
0.57239187,0.51070595
0.5845321,0.5309849
0.60444874,0.527754
0.60452,0.5056727
0.57206947,0.46467322
0.54162025,0.4475146
0.5144106,0.42673174
0.45745158,0.37154236
0.40431485,0.31771582
0.34890294,0.3785336
0.30482566,0.33508518
0.27458072,0.30092576
0.2554919,0.28425562
0.24124233,0.27425462
0.2590575,0.29682538
0.2910364,0.33251807
0.3595738,0.3956976
0.42008388,0.4624862
0.44710276,0.5125985
0.49823952,0.5554064
0.55286133,0.61179125
0.59534484,0.65944684
0.63673055,0.69554853
0.66236055,0.7358824
0.6965244,0.750742
0.7156559,0.7588032
0.7238046,0.75259304
0.69939405,0.71363515
0.6311061,0.6494535
0.5892521,0.6170408
0.5458188,0.5762478
0.46769306,0.50639915
0.3977813,0.43375316
0.3332768,0.37041658
0.2942442,0.31892082
0.26504263,0.28415027
0.2457701,0.2618456
0.23736225,0.25309032
0.2366033,0.27411133
0.24881567,0.3106403
0.27602598,0.37000737
0.31366888,0.4316246
0.3720643,0.48041338
0.43764278,0.5333426
0.5005285,0.58528113
0.551485,0.6301831
0.6013231,0.6730126
0.6325592,0.7208605
0.6378023,0.737066
0.6405397,0.7509089
0.63615996,0.7408297
0.603214,0.7075429
0.56560296,0.64136904
0.5238641,0.5908476
0.49578094,0.55702686
0.45261133,0.48735952
0.4024935,0.41063473
0.34396905,0.35409325
0.3005666,0.30670473
0.27036765,0.26735562
0.2500835,0.24848843
0.24428825,0.23983918
0.26744464,0.2551974
0.31300327,0.2722949
0.39139873,0.32638627
0.4672064,0.37871224
0.53432107,0.43486345
0.6041805,0.47857815
0.66320205,0.53365195
0.7180157,0.5860698
0.7515373,0.6254017
0.78336203,0.64644533
0.7953753,0.6651946
0.7979185,0.669005
0.79919004,0.66561514
0.7635909,0.63180035
0.71865433,0.584108
0.662126,0.5542214
0.63079256,0.5081978
0.55004346,0.44702733
0.4868355,0.38346192
0.4148339,0.41125858
0.36411455,0.372016
0.32811916,0.3336655
0.3066224,0.32195023
0.30051175,0.315247
0.31580678,0.3413949
0.35790905,0.38477364
0.4299069,0.46899492
0.50868714,0.53448594
0.59337395,0.6020955
0.6579967,0.65364
0.7201712,0.7158487
0.749176,0.76695913
0.7919837,0.8029414
0.80898046,0.83200943
0.83674854,0.84834504
0.85102856,0.8451268
0.8499207,0.8273534
0.8281997,0.76816857
0.76181555,0.7084209
0.7100839,0.66188276
0.66339576,0.60804063
0.572278,0.5322268
0.50159603,0.4606465
0.4301021,0.44955385
0.3851493,0.40667126
0.35405925,0.36212736
0.33522224,0.3486338
0.3424718,0.34031552
0.3529897,0.36157423
0.3875229,0.4040946
0.4349256,0.49454746
0.48770833,0.5665321
0.54420686,0.6388993
0.60198003,0.676887
0.6659042,0.7490207
0.71004033,0.7939722
0.75395775,0.82356036
0.7602108,0.84821683
0.7175258,0.85816056
0.6539149,0.85017025
0.6483376,0.8351896
0.65161175,0.78656393
0.62023723,0.72521245
0.5808742,0.67061555
0.5510703,0.61597764
0.48646802,0.5386717
0.44049674,0.4770744
0.38833812,0.40563452
0.33751535,0.3693724
0.30947393,0.3195295
0.28549892,0.30836296
0.2741737,0.2979442
0.2717165,0.29377693
0.28888193,0.31027535
0.33151788,0.3684968
0.39894813,0.41193992
0.4738529,0.4778669
0.5446855,0.50818336
0.5954445,0.55582106
0.62704253,0.60085696
0.6547055,0.62050635
0.6431352,0.6364109
0.6244852,0.6499362
0.6089293,0.6453336
0.5640621,0.6386804
0.5057342,0.61120784
0.46401057,0.569643
0.4424302,0.5328526
0.4260277,0.50066173
0.3874065,0.4416866
0.34629565,0.38982365
0.3021818,0.2948621
0.2672968,0.2522334
0.24436688,0.21659437
0.22254704,0.19446355
0.21693349,0.18341304
0.21447407,0.18419683
0.22555262,0.19950908
0.260039,0.22702731
0.3036298,0.26901874
0.36757874,0.30432582
0.41368932,0.35001594
0.4495962,0.38302723
0.46174756,0.41110817
0.48314413,0.44142342
0.50062,0.46135202
0.53281957,0.47040325
0.5173606,0.46932417
0.47800753,0.4713197
0.42311338,0.45763853
0.3850312,0.4169116
0.36631298,0.38716367
0.3630876,0.36572984
0.3280152,0.32284185
0.2788124,0.26446527
0.24286914,0.24497648
0.20639083,0.21158078
0.18554994,0.18356764
0.1751695,0.17354023
0.17630707,0.1640504
0.20437942,0.17405751
0.24214146,0.18898486
0.30466312,0.23562823
0.35170528,0.2838832
0.36434567,0.32907197
0.3913558,0.3727727
0.41829315,0.41535676
0.44782615,0.44200885
0.50692546,0.47207206
0.55163217,0.49052712
0.584795,0.5057646
0.6207755,0.51426315
0.6440799,0.5106875
0.63015956,0.49015245
0.5879342,0.46332034
0.5338324,0.44710475
0.47821262,0.41490036
0.41304404,0.36262164
0.33981135,0.31299394
0.2876599,0.30566764
0.2314089,0.2655335
0.19969286,0.23984385
0.1784354,0.2232221
0.17593682,0.2276153
0.20350184,0.26357147
0.22971132,0.3094394
0.302424,0.3845883
0.3552052,0.4582995
0.4079363,0.50128216
0.4631159,0.5682983
0.5081834,0.63156784
0.554676,0.6724211
0.59227276,0.7210125
0.6241705,0.76715505
0.6610281,0.79163533
0.70137453,0.7952847
0.709907,0.7954969
0.6949528,0.76063865
0.6374615,0.7117537
0.5871416,0.68190384
0.5391738,0.6319102
0.46577993,0.5545592
0.39465234,0.47034502
0.33016714,0.30991226
0.27475235,0.26066467
0.24858029,0.22591162
0.224701,0.20019215
0.21648975,0.19386108
0.2286486,0.21077037
0.28272274,0.2377849
0.3424648,0.29310954
0.40571,0.36618954
0.48202708,0.4130193
0.5508089,0.4734456
0.6114224,0.52811956
0.6683389,0.5636554
0.6991149,0.6085983
0.7269704,0.6502051
0.7529539,0.67323774
0.77089566,0.6863075
0.7707039,0.69744426
0.74782884,0.6607497
0.6944566,0.6178598
0.6431535,0.57830644
0.58759785,0.5370744
0.50808376,0.47366637
0.4420579,0.40027228
0.3715561,0.34626418
0.32563356,0.30210602
0.2919111,0.26599175
0.28169525,0.25247163
0.2677272,0.24603146
0.2846769,0.27313462
0.3343821,0.31377968
0.40741664,0.3978072
0.45929325,0.46389174
0.5243136,0.5217233
0.59775996,0.5639542
0.65864426,0.62671316
0.7185083,0.67336094
0.76496094,0.7132008
0.79612315,0.74093693
0.8195048,0.76382047
0.8214817,0.76854295
0.82660806,0.7629439
0.80306983,0.7102174
0.75927866,0.6642389
0.7070187,0.6300791
0.68249685,0.5792401
0.6191127,0.50283796
0.5604383,0.43429545
0.4937868,0.43818945
0.4414846,0.39359042
0.40692383,0.35903335
0.37904567,0.34742016
0.3729966,0.33977938
0.38727865,0.3717002
0.40798894,0.41516146
0.47671556,0.49577168
0.5347715,0.5567472
0.58232427,0.6094468
0.6305873,0.65103394
0.6902276,0.70138323
0.74325013,0.7382795
0.7792107,0.76287425
0.7864767,0.78833777
0.79764223,0.79442334
0.7881522,0.78588325
0.76099026,0.7727018
0.71093243,0.7295047
0.6693691,0.67787987
0.634686,0.6335647
0.60660356,0.5874921
0.5403104,0.51574355
0.4753775,0.45201036
0.415985,0.4028021
0.37555173,0.35068515
0.3272144,0.31194127
0.3008904,0.28789195
0.285048,0.27512068
0.28135526,0.28663033
0.29758617,0.30244896
0.3470136,0.35230163
0.42459676,0.41206595
0.50578773,0.45671207
0.582227,0.5061632
0.6536356,0.55162066
0.70216376,0.5828655
0.7174145,0.6130917
0.7351486,0.6347549
0.7320689,0.6425331
0.7273765,0.6426504
0.7014901,0.6356779
0.6615153,0.60188895
0.6233773,0.56496394
0.58201027,0.5354326
0.5554958,0.50382555
0.51426053,0.45442665
0.46573293,0.39720702
0.43084687,0.40022242
0.39489558,0.3559415
0.3732048,0.31879613
0.35260457,0.30392417
0.32197347,0.2933676
0.30736184,0.29119194
0.30428192,0.29849362
0.3239324,0.3328142
0.35167843,0.37815017
0.39012492,0.42861876
0.42303887,0.47906917
0.43391484,0.5155985
0.44610482,0.5457313
0.46591547,0.578313
0.46437055,0.60057884
0.4606886,0.5979739
0.46640915,0.615827
0.48341507,0.6105543
0.49494728,0.5923066
0.4941514,0.55226976
0.47906646,0.5325625
0.4618911,0.49439135
0.41749883,0.44407117
0.3611466,0.38721636
0.3073745,0.30858386
0.27613539,0.27251303
0.24321717,0.24166471
0.23119026,0.23139822
0.23228818,0.22519076
0.25279146,0.23765677
0.28592387,0.26016164
0.34696743,0.31323612
0.4031511,0.36372972
0.46052468,0.41895878
0.51747,0.49026048
0.5830261,0.53770965
0.6294926,0.58642006
0.67582315,0.6250341
0.7297691,0.6666635
0.73428833,0.6910767
0.7469251,0.69978803
0.74494976,0.6969025
0.7176815,0.6788388
0.66827494,0.62503934
0.62574226,0.5851084
0.5815508,0.5553957
0.51057345,0.48801166
0.43423894,0.41796985
0.37308648,0.3571397
0.32665217,0.3178968
0.28878433,0.2883849
0.2652893,0.2739877
0.26260406,0.27131328
0.28500253,0.3044104
0.3228085,0.34715715
0.38929927,0.42266756
0.4450257,0.4941607
0.5024787,0.5409938
0.5654021,0.59792525
0.617352,0.65846515
0.6635966,0.6911193
0.70489395,0.72517776
0.7335352,0.7590012
0.7797512,0.77744585
0.7734342,0.76627237
0.77759606,0.7645878
0.73739237,0.7277921
0.6814196,0.6841748
0.63181764,0.6446661
0.57133406,0.6025005
0.49066877,0.5312172
0.41501665,0.45986184
0.352609,0.4063323
0.3083485,0.36216936
0.28106844,0.32111076
0.25868535,0.30948815
0.26047215,0.30024877
0.28392255,0.3059039
0.31673753,0.33129445
0.3595562,0.38587368
0.39903805,0.44269446
0.4155397,0.5095233
0.4368028,0.5623376
0.45226622,0.61989266
0.48616922,0.6741998
0.50634533,0.71527624
0.54090023,0.74576837
0.5940859,0.7637606
0.61470675,0.78031665
0.6284807,0.775263
0.6077013,0.7496696
0.57230806,0.69538456
0.54229337,0.65861887
0.5166622,0.6122833
0.45589262,0.53617644
0.38918817,0.4597265
0.32718977,0.33368897
0.2911513,0.29558817
0.25555006,0.2603413
0.24091397,0.25037926
0.24132678,0.24910414
0.2550309,0.26695397
0.30118576,0.3069764
0.36855054,0.37058464
0.43671137,0.42676347
0.4886958,0.48286897
0.5450448,0.5278948
0.5958674,0.57614994
0.62645334,0.61865616
0.6568041,0.65531975
0.6561985,0.6793745
0.6579536,0.69303226
0.68063587,0.7013524
0.6868969,0.70418507
0.6840893,0.6739696
0.60808605,0.6291884
0.5719717,0.587848
0.52791286,0.5371911
0.4722145,0.4661639
0.39630118,0.39523184
