true,forecasted
0.3732028,0.37254325
0.3530285,0.35370266
0.33769643,0.3396798
0.32946375,0.33135277
0.32656845,0.32984918
0.33136445,0.33311442
0.3458011,0.35684487
0.37262285,0.38448706
0.40106872,0.41833648
0.41981223,0.4351097
0.43285844,0.45386297
0.44620425,0.47423965
0.45774576,0.48860502
0.46649933,0.4915773
0.47881025,0.51536494
0.48762152,0.52153486
0.49345067,0.51359653
0.49352038,0.5194368
0.48382792,0.51379377
0.4602516,0.497711
0.44087216,0.4752082
0.42699742,0.46151173
0.4148209,0.44159436
0.38708335,0.4080433
0.36152232,0.36160493
0.3427745,0.34135062
0.33017626,0.3296136
0.3207968,0.3124122
0.31679899,0.31222904
0.32078746,0.32617244
0.3339586,0.35054094
0.3582522,0.37688306
0.38206062,0.41426066
0.39973047,0.42866492
0.41213185,0.43926817
0.42393285,0.45904872
0.43174657,0.47368935
0.4397104,0.48402503
0.44958106,0.50868875
0.45650733,0.5123373
0.46286955,0.5119811
0.46697098,0.51898557
0.46425793,0.5134341
0.4513404,0.496238
0.43688366,0.48320174
0.42718825,0.46994418
0.41431344,0.44738567
0.38953835,0.41076186
0.36073032,0.3772976
0.34200704,0.34730592
0.32796848,0.3387738
0.3179592,0.32657528
0.3146516,0.31852302
0.3175996,0.33618098
0.3281951,0.35512885
0.35233063,0.37737104
0.37679768,0.40950266
0.39720005,0.42669484
0.41271353,0.4495697
0.4286182,0.4690691
0.43875304,0.48412645
0.45005706,0.5057445
0.46401194,0.52411467
0.47714913,0.53204775
0.4898366,0.53306377
0.5014422,0.5452433
0.5055951,0.5406914
0.4974778,0.5261463
0.47957394,0.5058189
0.45748132,0.48680478
0.44341636,0.47075528
0.41292104,0.43352756
0.38449973,0.39766324
0.3591787,0.36898246
0.3412024,0.3597087
0.32721135,0.34120595
0.32104108,0.3298686
0.3170092,0.3399033
0.3176849,0.3476459
0.32546914,0.36539814
0.34228083,0.38225928
0.3651074,0.39976898
0.389489,0.418864
0.4150632,0.45313272
0.43476376,0.47961843
0.4548898,0.5013839
0.4733634,0.5220206
0.49475035,0.5424208
0.5132883,0.5431322
0.5234793,0.55588204
0.5145459,0.5569626
0.49578547,0.538932
0.47864687,0.52097386
0.46717596,0.5066919
0.45445693,0.48540282
0.43083027,0.45664564
0.40173692,0.37741154
0.37538588,0.36433434
0.35187125,0.34823936
0.33579278,0.33701533
0.32631084,0.32882196
0.32093653,0.33055794
0.3187778,0.3320816
0.31731027,0.3532789
0.32427055,0.3775088
0.33295187,0.40248314
0.34312794,0.40996897
0.3490227,0.44483602
0.35175884,0.46234637
0.34977227,0.46027103
0.34972286,0.481068
0.34742424,0.48693955
0.34682494,0.47312623
0.34666833,0.4763293
0.3516092,0.47986087
0.3511019,0.4737289
0.34767568,0.46490267
0.35006827,0.4449796
0.34556964,0.43538338
0.33277053,0.41087678
0.3174375,0.3255849
0.30495527,0.31459984
0.2986436,0.31295076
0.29312086,0.30466253
0.2936941,0.31107035
0.3012805,0.32357433
0.31833938,0.33421403
0.3430227,0.36768714
0.36518237,0.40057865
0.3779295,0.41102225
0.3869615,0.42318237
0.39442056,0.4404826
0.39811388,0.44004288
0.4011706,0.43882397
0.4059113,0.45283705
0.40656728,0.44938272
0.4073494,0.4424114
0.40892595,0.44615364
0.40743786,0.43909392
0.40183896,0.44239575
0.39999813,0.4383851
0.4019361,0.41659576
0.3922784,0.408633
0.37145948,0.38958597
0.3492627,0.33670634
0.33341822,0.3258853
0.32182997,0.3157132
0.31531602,0.30984122
0.31369418,0.30881023
0.31927848,0.31965616
0.335172,0.33900788
0.35702905,0.37247726
0.3786792,0.3917614
0.38998303,0.39759547
0.3997672,0.3987956
0.41213745,0.41063282
0.4205002,0.41000718
0.42279595,0.41126192
0.42293835,0.41222525
0.42119646,0.40501848
0.41897708,0.39683613
0.4168079,0.3954135
0.4164449,0.38466054
0.41270015,0.38292694
0.4090402,0.3840596
0.40793878,0.3752858
0.3976504,0.36157405
0.37757862,0.34070686
0.35600922,0.3412404
0.34062296,0.32801247
0.32928753,0.32066846
0.32175383,0.31590927
0.3176961,0.31204623
0.32283068,0.3138438
0.33804402,0.32718873
0.36336634,0.3551773
0.38708314,0.36402872
0.4011329,0.37421295
0.41109726,0.3720259
0.41996372,0.39109686
0.4282466,0.40257776
0.4397743,0.40071845
0.45530763,0.40841842
0.4672962,0.4178642
0.4741527,0.40993813
0.48003376,0.41478997
0.4806044,0.41982815
0.47134656,0.40915883
0.45912564,0.40169898
0.45184886,0.39757484
0.4384959,0.38093317
0.41178235,0.36703002
0.38242885,0.38938552
0.36024728,0.36312947
0.34489968,0.34834376
0.33434382,0.33478516
0.3305202,0.32747498
0.33420935,0.3383952
0.34948227,0.35083106
0.37573445,0.37416863
0.402711,0.4046581
0.42266515,0.4215742
0.4410434,0.4297744
0.46467263,0.45904845
0.48000783,0.47541118
0.4864386,0.4761602
0.4941911,0.48866415
0.49299768,0.49343932
0.48725623,0.48239186
0.47435662,0.48979023
0.4551846,0.48021808
0.4323411,0.4714216
0.41604123,0.45258185
0.41114736,0.43726945
0.40103674,0.4168771
0.3779189,0.3928331
0.37757522,0.36239004
0.3772315,0.34507278
0.37688783,0.33475268
0.37654412,0.321945
0.3762004,0.32830805
0.37585673,0.33349094
0.37551302,0.35907546
0.3751693,0.38112423
0.37482563,0.41402677
0.37448192,0.40729964
0.37413824,0.4103465
0.37379453,0.42250574
0.37345082,0.4115581
0.37310714,0.4096764
0.37276343,0.43157017
0.37241971,0.4168952
0.37207603,0.41490686
0.37173232,0.41860363
0.37138864,0.41219965
0.37104493,0.40176657
0.37070122,0.39575693
0.37035754,0.38818032
0.37001383,0.37954295
0.36967012,0.35840192
0.36932644,0.34437418
0.36898273,0.33497983
0.36863905,0.3288133
0.36829534,0.31180477
0.36795163,0.3082885
0.36760795,0.31772378
0.36726424,0.32639757
0.36692053,0.33606473
0.36657685,0.3468831
0.36623314,0.34551963
0.36588946,0.36856014
0.36554575,0.38080359
0.36520204,0.39649627
0.36485836,0.40140274
0.36451465,0.4163128
0.36417094,0.43224913
0.36382726,0.42306876
0.36348355,0.4342188
0.36313984,0.43740937
0.36279616,0.4263941
0.36245245,0.4239556
0.36210877,0.42887437
0.36176506,0.41737825
0.36142135,0.38793048
0.36107767,0.34847772
0.34041756,0.3386617
0.32503802,0.32386443
0.31413716,0.3138184
0.30925485,0.3103749
0.30411717,0.30435818
0.2975178,0.30744082
0.30030406,0.31158307
0.31181034,0.32031026
0.33110642,0.33095697
0.3538757,0.35624856
0.37820175,0.37621492
0.40311962,0.40814948
0.42696416,0.42609105
0.449215,0.43564856
0.46905977,0.45609218
0.48500958,0.46287894
0.49752688,0.4748489
0.49546814,0.48362747
0.48176217,0.4796296
0.46333084,0.46913925
0.453117,0.4608143
0.44290143,0.44290525
0.419921,0.41370073
0.38983175,0.36923188
0.3670013,0.35573274
0.34787145,0.34113103
0.33601692,0.32826024
0.32858473,0.33025602
0.33292148,0.33194757
0.3461514,0.3437145
0.37149936,0.366441
0.4024038,0.41203475
0.43085465,0.43635944
0.4592866,0.4935943
0.4918312,0.52160984
0.520364,0.55283195
0.54500985,0.5741386
0.56220514,0.6062408
0.5777294,0.62652034
0.58844274,0.62600267
0.5970007,0.6349115
0.59672993,0.62981784
0.57857054,0.62033635
0.5498359,0.59116894
0.5205223,0.5691317
0.49702373,0.5482992
0.4626549,0.49995294
0.42358306,0.41559213
0.39319688,0.39645827
0.3716068,0.3691661
0.35747162,0.3584265
0.348894,0.35712752
0.35178322,0.35557655
0.36364743,0.37826625
0.3919154,0.40273723
0.42340833,0.44455028
0.45144337,0.4672947
0.4780095,0.504848
0.5053961,0.52978957
0.52977777,0.56141585
0.5484047,0.5820413
0.56513053,0.6120551
0.5785895,0.6223618
0.59245956,0.63044655
0.60350186,0.6372048
0.6033463,0.6329264
0.5828019,0.6117151
0.5523946,0.5838567
0.52439696,0.56615907
0.5030998,0.5436669
0.47079763,0.4931788
0.43231365,0.42439598
0.40218985,0.3956684
0.3796545,0.37909132
0.36599663,0.36627406
0.35730106,0.36163783
0.35949758,0.36954287
0.37277594,0.39206165
0.40633082,0.4284946
0.44212103,0.46583742
0.4764601,0.4926817
0.50814515,0.51494366
0.5381875,0.5447377
0.56716394,0.57497627
0.59198385,0.59815294
0.6170003,0.6226384
0.63679045,0.6316505
0.65366626,0.6380261
0.6623097,0.64144343
0.65935147,0.62554926
0.63984674,0.6071709
0.6063427,0.58546454
0.57319605,0.55491465
0.54413754,0.5254908
0.5029793,0.48318848
0.46068162,0.4466225
0.4285015,0.41282463
0.40313298,0.3920131
0.38514218,0.37307692
0.37294433,0.3691674
0.3737967,0.37278858
0.38534066,0.40206808
0.41659704,0.42940465
0.4525404,0.4808754
0.484525,0.49704057
0.51452047,0.53295434
0.54419976,0.56080365
0.5722703,0.5838085
0.5974571,0.6109928
0.6193822,0.6421794
0.63091165,0.65173024
0.63894814,0.6559055
0.6392552,0.6572617
0.6276786,0.65271646
0.5974152,0.629605
0.5637484,0.60036844
0.5356428,0.578398
0.5139308,0.55211776
0.47772485,0.50145334
0.43993056,0.43449467
0.4103183,0.39780986
0.3873689,0.3802591
0.37153286,0.36228323
0.36403155,0.3547154
0.36538813,0.35174093
0.37555298,0.3597203
0.40157214,0.37488565
0.43317536,0.40776274
0.4651839,0.43081188
0.49394003,0.45560867
0.52809495,0.4880687
0.55682945,0.51671237
0.5809183,0.546125
0.6041362,0.5644588
0.61673164,0.58233297
0.62669986,0.5970514
0.6355283,0.6041958
0.63133276,0.6040226
0.61345065,0.5921611
0.58294266,0.5665044
0.5485112,0.538582
0.5248614,0.5125358
0.48845455,0.4801011
0.45095083,0.46691263
0.41688398,0.43039948
0.3945353,0.41342294
0.37479782,0.39303476
0.36458498,0.3747505
0.35849503,0.38027826
0.35418952,0.3794671
0.36871865,0.38815498
0.39682755,0.41131604
0.43199518,0.43508807
0.46862566,0.472395
0.5059399,0.50811124
0.5416315,0.5433019
0.5719031,0.57463324
0.5931556,0.5936687
0.613408,0.6152452
0.6309455,0.6179067
0.64079446,0.6345967
0.63834834,0.6355834
0.6180343,0.6236081
0.5932923,0.5947779
0.56919795,0.570814
0.54969895,0.5510209
0.52237934,0.51530266
0.4920504,0.47991824
0.4650065,0.44947353
0.43126804,0.4246543
0.4043703,0.4098727
0.38508448,0.3858586
0.37632987,0.39778188
0.37254474,0.4057827
0.37644127,0.4301563
0.39899108,0.45084932
0.43628943,0.48595324
0.48078468,0.5057758
0.5250383,0.54818535
0.55271906,0.59322673
0.5612173,0.61065274
0.5623647,0.6229391
0.5509574,0.64754397
0.53884655,0.63057864
0.5150975,0.64458686
0.4994228,0.62983096
0.48583582,0.61628604
0.47108543,0.5902736
0.45930308,0.56432045
0.45134306,0.5382135
0.43224928,0.4964613
0.40776542,0.42135087
0.38713893,0.4018858
0.37457237,0.3831348
0.3649063,0.37585014
0.36178628,0.36837777
0.36940527,0.3753414
0.38806337,0.3885843
0.4207044,0.41545907
0.45009473,0.4423882
0.47387227,0.46580294
0.48657697,0.48517972
0.49666607,0.5179556
0.4961792,0.5320254
0.50222707,0.54795414
0.5069749,0.5664043
0.5042726,0.5671945
0.4975625,0.5629878
0.49272546,0.56038564
0.48966622,0.550281
0.48271134,0.5387442
0.47744155,0.5257394
0.4741069,0.5085155
0.46544358,0.49141198
0.4407789,0.4579182
0.41064224,0.39996427
0.38820013,0.38194293
0.36982277,0.36846018
0.3562553,0.36033988
0.35016033,0.35462758
0.3534352,0.36217877
0.36695954,0.38057524
0.3916391,0.42392525
0.4159409,0.45665285
0.42946965,0.48633602
0.43971977,0.49052858
0.452775,0.52645284
0.46729943,0.5500579
0.48405144,0.55450225
0.5028026,0.5688674
0.51699305,0.5781634
0.52696365,0.5676998
0.5323905,0.5677794
0.52882326,0.5594717
0.51120293,0.5475472
0.48940465,0.5314973
0.47296166,0.50851583
0.45539322,0.48148024
0.42661348,0.45066306
0.39457533,0.39672726
0.37033883,0.3719383
0.34969655,0.35634795
0.33765322,0.34483463
0.33180237,0.3394632
0.3358598,0.34488586
0.35024866,0.36845657
0.379517,0.40070102
0.4076277,0.4338487
0.43044522,0.45788997
0.44455788,0.48000383
0.45649728,0.5082527
0.47653016,0.5366995
0.501869,0.56035906
0.5305101,0.5851689
0.5513756,0.6022129
0.5678499,0.6036607
0.57973146,0.6071527
0.5768177,0.6096602
0.56394756,0.58633816
0.5439351,0.56567836
0.5264336,0.54757804
0.5062108,0.52298325
0.47653213,0.4802614
0.4415438,0.46514487
0.41205505,0.43478033
0.39357558,0.41283402
0.37989473,0.395252
0.37375298,0.38411355
0.37768105,0.39497092
0.3939504,0.41289
0.42346513,0.4426558
0.45953575,0.47568575
0.49536318,0.50085336
0.53672904,0.5308022
0.5840887,0.5668452
0.62499964,0.59953934
0.6607651,0.62556285
0.6729885,0.6437645
0.6531933,0.66305536
0.62852526,0.655939
0.60624117,0.66006
0.600241,0.65312743
0.59802556,0.632228
0.5891475,0.60832864
0.5732163,0.5884998
0.5581435,0.56054866
0.5261933,0.51669365
0.48613596,0.4808941
0.4544853,0.4521261
0.43058133,0.42485434
0.41365907,0.41136146
0.40338296,0.39929074
0.40377492,0.40233627
0.4169639,0.41746196
0.44535252,0.44014797
0.48462805,0.4667837
0.5309294,0.48795727
0.5762102,0.5248439
0.6146496,0.5545514
0.64861435,0.5841827
0.67585444,0.6124638
0.68649215,0.6233129
0.6743577,0.6404212
0.66582996,0.639987
0.6508538,0.6465671
0.63806665,0.6369454
0.6304845,0.62341607
0.6155817,0.59771353
0.5960623,0.57848066
0.5753531,0.5554478
0.53973824,0.51361984
0.49868354,0.48861074
0.4639926,0.4530676
0.43674603,0.42969316
0.41617486,0.41637546
0.40370393,0.40315273
0.39723983,0.40114805
0.39601272,0.40728948
0.40098125,0.42533976
0.41455925,0.4491917
0.43594283,0.47457334
0.4529918,0.4993158
0.47588235,0.534391
0.50248545,0.55941135
0.5260161,0.5848412
0.54360867,0.5974562
0.55637145,0.6050507
0.56401277,0.6048559
0.564325,0.6025325
0.5501666,0.60140854
0.5365815,0.5956738
0.51956713,0.56908226
0.5101063,0.5443217
0.49788362,0.5211424
0.47697455,0.4884075
0.45031852,0.45694023
0.42712653,0.43031266
0.4058444,0.40508267
0.3894636,0.3905276
0.3821134,0.37855807
0.37607053,0.3807418
0.37429896,0.38388178
0.37509903,0.39705917
0.38399354,0.42116112
0.39641142,0.44673786
0.40821925,0.4607951
0.41702023,0.48956186
0.4187441,0.5078404
0.4199398,0.5236961
0.42189136,0.5348898
0.41933692,0.53302914
0.42039567,0.5376073
0.42251045,0.5367697
0.4314315,0.53103316
0.4338424,0.52609473
0.42707816,0.51226157
0.421301,0.49309486
0.4140796,0.4772066
0.39577365,0.44446853
0.3709888,0.40586093
0.35110348,0.37971103
0.33732852,0.35792583
0.32665965,0.34916455
0.3227248,0.34379464
0.32639542,0.3483637
0.3356976,0.37019268
0.35326144,0.3928028
0.380858,0.4276942
0.4101098,0.44796655
0.4401482,0.47576708
0.47303662,0.50091225
0.5023579,0.5272101
0.53183955,0.55730385
0.5587888,0.57592183
0.5752625,0.58466643
0.59187204,0.5951874
0.60686535,0.6044588
0.60883176,0.6034636
0.5909931,0.58752745
0.5637534,0.5611255
0.5314399,0.5401503
0.50668603,0.51491034
0.47574806,0.4738529
0.44238535,0.44976616
0.41293165,0.42873216
0.38793707,0.40202785
0.37042055,0.38723803
0.3596846,0.3801309
0.35460988,0.38650095
0.35291728,0.40166512
0.36177114,0.42529297
0.38769203,0.46184963
0.42561772,0.49165168
0.47387525,0.5360151
0.5238045,0.5800445
0.5664964,0.6224894
0.59768784,0.6554249
0.6205329,0.6822827
0.63777435,0.70749396
0.6463497,0.7100358
0.6473046,0.7164903
0.635384,0.7094084
0.6250639,0.69096094
0.60789335,0.6647691
0.5829553,0.6416305
0.55983263,0.61282474
0.53444874,0.56074876
0.5047334,0.5174728
0.4734112,0.48564112
0.44454023,0.45821995
0.42398474,0.43457854
0.413092,0.42281038
0.4155933,0.42867574
0.4319022,0.43791708
0.46999663,0.46363142
0.52464706,0.5035697
0.5738865,0.53510183
0.62129813,0.5711767
0.6665376,0.62178034
0.7031136,0.65930456
0.7290517,0.6791548
0.7464546,0.71158785
0.7378711,0.7202369
0.71639663,0.7147715
0.7013439,0.7231892
0.6755757,0.70302343
0.638698,0.6860049
0.60021824,0.6497908
0.57377374,0.6168893
0.5518079,0.58922505
0.5187234,0.5421291
0.4828634,0.497365
0.4545532,0.46314377
0.43357983,0.43447882
0.4176493,0.41346473
0.4095435,0.402819
0.40927047,0.4142141
0.42079502,0.44229385
0.44718507,0.4669464
0.4714927,0.5042893
0.49552575,0.51304775
0.51855695,0.523593
0.54363656,0.5495838
0.56747264,0.56643695
0.5885272,0.5708929
0.60401344,0.59318686
0.6120352,0.594117
0.6153592,0.5846684
0.60992604,0.5956436
0.5982659,0.5907802
0.580085,0.55943644
0.5537663,0.52906567
0.5261104,0.5247728
0.5042816,0.5018726
0.46909755,0.46323416
0.43447894,0.46766353
0.40356472,0.42987186
0.38276112,0.40643394
0.36787236,0.3878653
0.360464,0.37495476
0.36451882,0.38293654
0.37624532,0.40618277
0.40016982,0.42278755
0.4287659,0.45601377
0.45552072,0.46509364
0.4767023,0.48516303
0.49911308,0.5096524
0.52200603,0.52438265
0.5426975,0.5452278
0.5628898,0.56204575
0.5775351,0.5675705
0.5911897,0.5683831
0.59834844,0.5797321
0.5880122,0.57440865
0.55462074,0.55362964
0.52800655,0.52650577
0.5110031,0.51519996
0.4931557,0.4966089
0.4673892,0.45685062
0.43557903,0.4466757
0.41097045,0.41308784
0.39167517,0.39279318
0.37881607,0.37443012
0.3699804,0.36114067
0.36582977,0.36670157
0.362714,0.3832913
0.36923558,0.38973847
0.3789815,0.4191667
0.3922712,0.42523432
0.40323663,0.44092613
0.41029048,0.465004
0.41827413,0.47008824
0.42268097,0.4892005
0.42944744,0.5114305
0.43611938,0.50991637
0.4410362,0.5140879
0.45294443,0.5195313
0.46298227,0.5220339
0.4651405,0.5032428
0.4532241,0.490423
0.4402876,0.48369694
0.4295672,0.47521716
0.40864706,0.44098464
0.38287804,0.39991376
0.363152,0.37907404
0.34735602,0.36168143
0.33560294,0.345708
0.3249299,0.3338132
0.32414576,0.34331688
0.3185063,0.3474764
0.31895438,0.35814252
0.33457494,0.3747776
0.35622817,0.39511684
0.383795,0.4112923
0.4125606,0.44312122
0.44302392,0.4756419
0.46648344,0.49803278
0.48751616,0.5066433
0.5062224,0.5265567
0.5234215,0.5311593
0.53726417,0.5497475
0.5446957,0.5468715
0.53912896,0.5364392
0.52360314,0.52315086
0.50099874,0.5067453
0.4859212,0.4871288
0.45695424,0.45390072
0.4224699,0.43298173
0.3938971,0.41313565
0.37311208,0.39501673
0.35883847,0.37780738
0.3524116,0.37135637
0.35684806,0.3709856
0.3725678,0.37712142
0.40233216,0.4004772
0.43981037,0.42703703
0.47106636,0.45113745
0.5046248,0.47784895
0.53558725,0.525307
0.56515896,0.55363464
0.58868307,0.5689578
0.61518073,0.6016819
0.6379177,0.621086
0.65643674,0.61972404
0.6677316,0.6284475
0.67088956,0.62456346
0.6580972,0.6025838
0.63300073,0.5809029
0.60074675,0.55930835
0.5754747,0.53788406
0.53547615,0.5036801
0.4924559,0.49438536
0.45559123,0.46809196
0.42764702,0.4340865
0.40873516,0.418137
0.39734054,0.41178787
0.3978111,0.40438947
0.41148198,0.4120991
0.4408795,0.43545145
0.48118493,0.46533898
0.5190988,0.49633986
0.5577694,0.5210717
0.5953186,0.5605423
0.628672,0.58931667
0.64766717,0.6003185
0.644529,0.61961234
0.62344265,0.6300269
0.6071054,0.62610257
0.58990645,0.6264362
0.5731016,0.61812407
0.55524325,0.6049506
0.5302856,0.5762176
0.5136948,0.5530725
0.49590862,0.5297881
0.47068393,0.49528316
0.43770874,0.44376844
0.40991843,0.4222278
0.38934848,0.40154743
0.3764469,0.3915391
0.3692843,0.3803649
0.37154254,0.38065478
0.38769224,0.39660838
0.41116533,0.43350834
0.43289036,0.46526077
0.45098084,0.49336264
0.46154523,0.50581896
0.47151166,0.53583866
0.484253,0.54926157
0.49384427,0.55358964
0.49362874,0.57370967
0.4891089,0.58217984
0.49185738,0.57316303
0.49331528,0.57180023
0.5057517,0.5718381
0.5050217,0.5505433
0.50204736,0.53312665
0.48912373,0.51842475
0.46714938,0.5039393
0.4346178,0.4707378
0.40515336,0.42645568
0.3822052,0.4024545
0.36708963,0.38055128
0.35663894,0.36767173
0.35245985,0.3617523
0.35777667,0.3574198
0.37537128,0.3765355
0.40073124,0.39903337
0.42459232,0.4277112
0.44061747,0.44495967
0.45108315,0.45033395
0.46236995,0.48227036
0.4717067,0.5007231
0.484766,0.5196809
0.50599015,0.53456837
0.52448946,0.54335886
0.5379136,0.55377805
0.5469419,0.55127555
0.5533471,0.5572832
0.5437195,0.54093933
0.5219447,0.53081113
0.51161003,0.5189561
0.5001245,0.4966349
0.47264242,0.46353307
0.441992,0.44481218
0.4135004,0.40688148
0.39609262,0.3920195
0.38224632,0.37478173
0.37574795,0.3638853
0.37893167,0.36976025
0.39334092,0.39067054
0.42006966,0.4063747
0.45010012,0.43506414
0.47887275,0.4519122
0.50529784,0.4756587
0.5357506,0.509861
0.5792763,0.53484017
0.6222003,0.5645506
0.6558908,0.59147364
0.6814733,0.61043686
0.70399296,0.61928475
0.717672,0.62891495
0.70291334,0.6306484
0.67281747,0.6004884
0.64973766,0.5798794
0.6338887,0.5601755
0.5933309,0.5410142
0.52543217,0.49988493
0.4874363,0.5019351
0.45280164,0.4759476
0.43163508,0.44264475
0.41142884,0.422086
0.40218315,0.4108962
0.39724228,0.3974059
0.39915588,0.3925632
0.40325332,0.39320165
0.4157615,0.40750092
0.45139334,0.43967167
0.4928473,0.4685375
0.52805716,0.5153564
0.5618663,0.56551695
0.58540183,0.5870773
0.6012342,0.6117206
0.60817033,0.6398626
0.61471725,0.65273273
0.61941904,0.65885276
0.6095461,0.6578067
0.592142,0.6406657
0.56584996,0.6191525
0.5441541,0.6012194
0.52427304,0.57847816
0.4921493,0.5400235
0.45750424,0.45799595
0.4270297,0.43638948
0.40106285,0.41141924
0.38495946,0.3944292
0.369965,0.38932
0.36168912,0.37759268
0.35680118,0.3755997
0.35487428,0.38452226
0.3632622,0.40653956
0.3839756,0.43225697
0.40785617,0.46124655
0.43826258,0.50602573
0.46618098,0.5358987
0.49187297,0.5547698
0.5120597,0.5816968
0.5237944,0.59876305
0.5342305,0.60634613
0.546992,0.6059607
0.5525468,0.6042661
0.54434425,0.59420925
0.5231289,0.5772649
0.50764984,0.5533547
0.49360397,0.5368701
0.46781808,0.50249213
0.4333622,0.44878536
0.40815273,0.42224348
0.38803703,0.3998154
0.37353382,0.38412184
0.36620447,0.3758953
0.3727555,0.38310906
0.3875385,0.3970781
0.41387966,0.41755018
0.4445326,0.44828317
0.46849564,0.4678809
0.491296,0.48915637
0.515136,0.51852715
0.5333529,0.541816
0.5491207,0.56221503
0.56511676,0.56833917
0.57843214,0.5780242
0.5891279,0.57821727
0.59522754,0.5838662
0.59187555,0.5766108
0.57301205,0.5713458
0.5478395,0.5559696
0.5242609,0.5327365
0.5026972,0.513441
0.46876624,0.4770436
0.43130106,0.43063098
0.40130335,0.4011643
0.38009378,0.3772663
0.36343202,0.3652752
0.35563877,0.3530714
0.3591346,0.361702
0.37268513,0.3844799
0.39760423,0.4033396
0.42793795,0.4298003
0.45215333,0.4463736
0.4729198,0.45666522
0.49487275,0.4810191
0.5154253,0.5031821
0.53417885,0.52092665
0.55315256,0.53317505
0.56684905,0.54152787
0.57746744,0.54471946
0.5881473,0.5586459
0.5885932,0.5503984
0.57535714,0.5328958
0.5508264,0.5110842
0.5245314,0.49611467
0.50056124,0.4748398
0.46650878,0.43956652
0.4299971,0.45135716
0.40040556,0.42125022
0.3800337,0.39299276
0.36556783,0.38003743
0.357378,0.36608517
0.36008433,0.37202597
0.37352931,0.3944566
0.397583,0.41170308
0.43189994,0.4409624
0.4616091,0.46572754
0.48560882,0.4857751
0.5117722,0.51745456
0.53746057,0.55215687
0.5619409,0.58247477
0.59158915,0.5999749
0.6112048,0.6168863
0.6280619,0.62640166
0.6412572,0.6399495
0.643537,0.6355569
0.62067115,0.6129632
0.5926542,0.5897591
0.5738813,0.5722933
0.553686,0.5477245
0.5140546,0.5007516
0.4721519,0.4863956
0.43866426,0.4560139
0.41372758,0.42025715
0.39698595,0.40801233
0.3894524,0.4002157
0.393167,0.40675557
0.41065493,0.43496796
0.4425294,0.45981362
0.48373425,0.5017366
0.53140944,0.5323222
0.57592016,0.5619216
0.6170796,0.5958821
0.6469983,0.63817865
0.66829467,0.66573864
0.6800923,0.68711406
0.6847245,0.70044667
0.6850708,0.7100245
0.68150365,0.71894306
0.6690115,0.70210004
0.641097,0.6795668
0.6076005,0.6477756
0.5773271,0.62203795
0.551674,0.5939963
0.51356256,0.5375343
0.5126403,0.4818443
0.51171803,0.44766024
0.5107958,0.42273957
0.5098735,0.40773976
0.50895125,0.3975967
0.508029,0.39741367
0.50710666,0.41977218
0.5061844,0.44085068
0.50526214,0.4712123
0.5043399,0.48824576
0.5034176,0.5102062
0.50249535,0.536544
0.5015731,0.5551989
0.50065076,0.57321954
0.4997285,0.5947409
0.49880624,0.603058
0.49788398,0.6049844
0.4969617,0.60368174
0.49603942,0.6007994
0.49511716,0.57836264
0.4941949,0.55421275
0.4932726,0.5450728
0.49235034,0.5238503
0.49142808,0.48442492
0.49050578,0.4532252
0.48958352,0.43079326
0.48866126,0.40539673
0.487739,0.38926494
0.4868167,0.37391752
0.48589444,0.3719235
0.48497218,0.37417755
0.4840499,0.38170078
0.48312762,0.38999006
0.48220536,0.40805784
0.48128307,0.44015306
0.4803608,0.4653468
0.47943854,0.5092591
0.47851628,0.5199419
0.477594,0.53236157
0.47667173,0.5561855
0.47574946,0.5490371
0.47482717,0.5618592
0.4739049,0.56036747
0.47298265,0.5453019
0.47206035,0.5211966
0.4711381,0.51780796
0.47021583,0.50022954
0.46929353,0.4609131
0.46837127,0.42393428
0.467449,0.40788496
0.46652675,0.3816168
0.46560445,0.37271535
0.4646822,0.3615166
0.46375993,0.35113642
0.46283764,0.35690853
0.46191537,0.3687377
0.4609931,0.3780767
0.46007082,0.40221497
0.45914856,0.41525626
0.4582263,0.4498889
0.45730403,0.48798978
0.45638174,0.5089959
0.45545948,0.5192855
0.4545372,0.54371864
0.45361492,0.5520409
0.45269266,0.55571145
0.4517704,0.55937284
0.4508481,0.5482135
0.44992584,0.53948164
0.44900358,0.5255249
0.4480813,0.50238055
0.44715902,0.4696543
0.44623676,0.3947187
0.4453145,0.37478995
0.4443922,0.3584392
0.44346994,0.34975904
0.44254768,0.33950627
0.4416254,0.34926745
0.44070312,0.36933038
0.43978086,0.3998502
0.4388586,0.42448875
0.4379363,0.44155315
0.43701404,0.46789724
0.43609178,0.4908746
0.4351695,0.5213338
0.43424723,0.54575974
0.43332496,0.5517079
0.43240267,0.56687456
0.4314804,0.56363577
0.43055815,0.5734193
0.42963588,0.5705505
0.4287136,0.5571256
0.42779133,0.53952444
0.42686906,0.52587014
0.42594677,0.5002345
0.4250245,0.4627479
0.42410225,0.3513449
0.39607975,0.34202963
0.37764004,0.32791886
0.36142486,0.31820035
0.35261643,0.31785297
0.34638545,0.32074538
0.34978837,0.33415312
0.35204193,0.35829198
0.3642555,0.38646048
0.38819134,0.40320477
0.4162052,0.4347217
0.44911185,0.46441254
0.47952065,0.49199492
0.511365,0.5112186
0.5370523,0.52575153
0.55933446,0.5448906
0.58326155,0.54800653
0.59696186,0.56222785
0.59239906,0.56612676
0.5704649,0.55946493
0.54316777,0.5406878
0.52487165,0.5241826
0.49964812,0.50410765
0.47331518,0.47110105
0.44437185,0.40231204
0.42028388,0.38562703
0.4001358,0.36908108
0.3859514,0.35429585
0.37230876,0.34870768
0.36495617,0.3557504
0.36265534,0.3663678
0.36154437,0.39543292
0.36972797,0.4230039
0.40395278,0.44566026
0.4460791,0.4718591
0.49123386,0.51772213
0.5336152,0.55642045
0.5732166,0.5726873
0.60447264,0.592018
0.6320507,0.6208379
0.6528614,0.6176051
0.66446054,0.6379075
0.66032904,0.6407491
0.64009845,0.62526774
0.60936797,0.5965663
0.5912583,0.5780867
0.563895,0.5524254
0.5323789,0.5221598
0.50093526,0.45657486
0.47240886,0.42760646
0.4467043,0.40542287
0.42699438,0.39673716
0.41547644,0.37967363
0.40806502,0.38961557
0.40898696,0.40382597
0.4081569,0.43286395
0.4250022,0.45686108
0.46028042,0.49160177
0.50825745,0.51898134
0.5622598,0.5612031
0.60902923,0.6017394
0.6468591,0.62810576
0.6758537,0.640877
0.69668335,0.668204
0.7135462,0.6663512
0.7220921,0.6852287
0.7236125,0.6812026
0.70604986,0.6644074
0.6863553,0.6299948
0.6687907,0.6057893
0.63978356,0.57965976
0.5996717,0.54361755
0.55922836,0.50527716
0.5291785,0.4685011
0.5033958,0.44619465
0.48442104,0.43132347
0.47500437,0.41627425
0.47354117,0.4200065
0.48628712,0.42936775
0.51619595,0.45026588
0.5481515,0.4743478
0.5849759,0.49748304
0.62452066,0.533678
0.6554246,0.56608903
0.68633187,0.5987206
0.7223619,0.63026327
0.74933463,0.63890177
0.7456937,0.6542582
0.72463155,0.64971447
0.7117331,0.64862317
0.6946932,0.6394044
0.6739468,0.6382788
0.669702,0.6121803
0.6550408,0.5908353
0.6239389,0.5614956
0.5825304,0.5253813
0.5425309,0.5005158
0.5084745,0.4569782
0.489078,0.43241462
0.4740652,0.4175263
0.46766534,0.40364993
0.47178653,0.4078608
0.48394728,0.42726544
0.5080061,0.44500047
0.5190063,0.4731117
0.52653223,0.48795018
0.5497199,0.50084484
0.5680086,0.52593845
0.5871882,0.5416507
0.6083978,0.5595164
0.62419206,0.5690213
0.62512803,0.56915015
0.6174227,0.5650398
0.5994858,0.5647859
0.5669061,0.5672862
0.54543835,0.5534115
0.5414376,0.5224227
0.5340325,0.51044774
0.50980645,0.48600775
0.47984192,0.45580947
0.44858798,0.44661984
0.42280954,0.41348204
0.4067151,0.38948363
0.39413157,0.3761328
0.3881865,0.36410478
0.38915175,0.36197576
0.4057655,0.37760195
0.4370874,0.3855379
0.4554447,0.40337807
0.4655016,0.4135312
0.4701013,0.41830724
0.47348797,0.43508592
0.47534943,0.44483745
0.47995415,0.4588925
0.48544088,0.4694808
0.4830545,0.4652552
0.47968864,0.4699749
0.4753651,0.46608123
0.47025818,0.47263494
0.46192366,0.45975634
0.4654815,0.4454182
0.458458,0.44313622
0.44121808,0.42500502
0.41661453,0.3974118
0.39112177,0.38679725
0.37088886,0.36261466
0.3566878,0.34907812
0.34673852,0.3394807
0.34263512,0.33046532
0.34726143,0.33723718
0.36492926,0.34719884
0.39452222,0.36231837
0.414215,0.37679765
0.427808,0.38428667
0.43699956,0.38634652
0.4440755,0.39642593
0.44681466,0.40262783
0.44661334,0.40857032
0.44873205,0.40555865
0.44488323,0.40154448
0.43850228,0.39980328
0.43594638,0.4038234
0.42918333,0.40342432
0.4233124,0.40300515
0.4251706,0.3964347
0.4216473,0.38880068
0.40631843,0.37725723
0.3874201,0.35820368
0.3653445,0.3492839
0.34844756,0.33625987
0.3345297,0.3238773
0.32854366,0.3079216
0.32099816,0.30751523
0.3220229,0.313946
0.32561958,0.325011
0.3338345,0.33584744
0.34144932,0.35893038
0.35393962,0.36547968
0.3673692,0.38534683
0.37898633,0.40525723
0.38891697,0.42589933
0.39286488,0.4346321
0.40274477,0.45126426
0.4124012,0.46362928
0.4207099,0.4609671
0.42826122,0.47078124
0.42705673,0.46799478
0.41647413,0.461261
0.40854052,0.4541298
0.3993247,0.44564348
0.38560995,0.43064094
0.36521816,0.39755362
0.34756082,0.35253483
0.33110467,0.3369802
0.31969458,0.32971182
0.30919412,0.31218082
0.30525005,0.31020594
0.30110925,0.31555128
0.30528247,0.31859627
0.30658963,0.32624468
0.3107227,0.34329897
0.3236777,0.34720412
0.33763853,0.36687988
0.35000393,0.39124438
0.36430767,0.40897846
0.38304293,0.42413804
0.40301576,0.4448229
0.4229349,0.4563909
0.4458673,0.4601579
0.45568228,0.4677994
0.45825303,0.47056812
0.45027554,0.46534714
0.45152548,0.46317276
0.44536895,0.45221293
0.42794603,0.44043815
0.40350935,0.4118252
0.37685117,0.38303763
0.3591855,0.36452872
0.346353,0.35020828
0.33774427,0.34016538
0.33602977,0.335132
0.3430357,0.33858818
0.36428285,0.34938443
0.39758217,0.3722929
0.4205179,0.39338437
0.4387094,0.4066448
0.44982645,0.42418283
0.4586795,0.4385126
0.46049085,0.4477109
0.4625402,0.45407966
0.46175504,0.46210504
0.45813927,0.46652046
0.45136264,0.45619145
0.44920108,0.44804403
0.4445055,0.4571697
0.43983886,0.45276535
0.44241554,0.44287458
0.43527046,0.440978
0.41721436,0.4244306
0.39501137,0.39966348
0.39447778,0.3513407
0.3939442,0.33936316
0.39341062,0.32895178
0.39287704,0.32082015
0.39234346,0.31544167
0.3918099,0.32000545
0.39127633,0.33984396
0.39074275,0.36764356
0.39020917,0.38552594
0.3896756,0.39058074
0.389142,0.3954808
0.38860843,0.40426025
0.38807487,0.41801733
0.3875413,0.41959384
0.3870077,0.41925782
0.38647413,0.42885774
0.38594055,0.41620076
0.38540697,0.41682383
0.3848734,0.42106846
0.38433984,0.41654846
0.38380626,0.4150718
0.38327268,0.4164334
0.3827391,0.39817894
0.38220552,0.3725817
0.38167194,0.32812196
0.38113835,0.3181109
0.38060477,0.30917835
0.38007122,0.30086797
0.37953764,0.29753253
0.37900406,0.31112722
0.37847048,0.33022782
0.3779369,0.36109456
0.37740332,0.38061467
0.37686974,0.3864252
0.3763362,0.39855337
0.3758026,0.4055461
0.37526903,0.41976047
0.37473544,0.42507383
0.37420186,0.41780472
0.37366828,0.4285867
0.3731347,0.41499522
0.37260115,0.4223209
0.37206757,0.41812173
0.371534,0.4181562
0.3710004,0.4171975
0.37046683,0.4118786
0.36993325,0.3983702
0.36939967,0.36878803
0.36886612,0.32226378
0.36833254,0.31306785
0.36779895,0.3058218
0.36726537,0.29703385
0.3667318,0.298815
0.3661982,0.3012512
0.36566463,0.32340965
0.36513108,0.35507324
0.3645975,0.37657768
0.36406392,0.3885597
0.36353034,0.3983878
0.36299676,0.40749052
0.36246318,0.42255116
0.3619296,0.42702532
0.36139604,0.43552947
0.36086246,0.444493
0.36032888,0.4411458
0.3597953,0.44226518
0.35926172,0.44217932
0.35872814,0.43316227
0.35819456,0.4278306
0.357661,0.42396677
0.35712743,0.39948583
0.35659385,0.37164605
0.35606027,0.3097657
0.3555267,0.29639748
0.3549931,0.29632565
0.35445952,0.28656214
0.35392594,0.28045285
0.3533924,0.296788
0.3528588,0.31503847
0.35232523,0.3485346
0.35179165,0.3730137
0.35125807,0.38859046
0.3507245,0.4034444
0.3501909,0.41814628
0.34965736,0.4335012
0.34912378,0.44320163
0.3485902,0.45149973
0.3480566,0.468539
0.34752303,0.4602668
0.34698945,0.47419584
0.34645587,0.47277525
0.34592232,0.46360517
0.34538874,0.45335284
0.34485516,0.4440995
0.34432158,0.42745757
0.343788,0.3979257
0.34325442,0.30210572
0.33212838,0.2980585
0.31999472,0.2970592
0.31441396,0.285985
0.31095615,0.2777043
0.30815336,0.30054668
0.31086406,0.29564634
0.31378177,0.3197499
0.3199274,0.32961565
0.3307131,0.34157875
0.3443225,0.34500095
0.3497286,0.3656029
0.35763282,0.38209808
0.360356,0.36692634
0.36346972,0.36741257
0.3628877,0.37978312
0.3618799,0.35313913
0.365144,0.37264314
0.37050486,0.37854522
0.37552154,0.37810907
0.38007367,0.3729038
0.37500966,0.37068075
0.36229318,0.36542875
0.34561133,0.35517594
0.32747236,0.3090588
0.31621015,0.30505002
0.3070137,0.30074832
0.30233622,0.28562117
0.30243334,0.28632617
0.31074676,0.29969236
0.33209977,0.3002765
0.36482367,0.3162405
0.3833696,0.3321499
0.3971735,0.3375888
0.4078041,0.35223585
0.41866404,0.36976725
0.42721376,0.38917413
0.4340885,0.38867953
0.43887135,0.39490873
0.4380532,0.40519652
0.43717274,0.39523947
0.43860945,0.41001758
0.4376718,0.40551975
0.43165734,0.41050276
0.43404487,0.412745
0.4231194,0.40169698
0.40315464,0.39147425
0.37836203,0.37014905
0.35477215,0.34588316
0.33817482,0.33251664
0.3272034,0.3212762
0.3207477,0.31450444
0.317284,0.3088119
0.3224107,0.32153398
0.3414269,0.33602262
0.37430337,0.36433247
0.39734358,0.3825362
0.41124484,0.39288834
0.41873202,0.3918547
0.4225098,0.4072146
0.42374128,0.41029656
0.42386958,0.41781315
0.42479917,0.41445348
0.41973773,0.4154556
0.4169228,0.4059563
0.41695848,0.40900537
0.41696435,0.40891606
0.41781452,0.41070157
0.42732668,0.40869036
0.41745692,0.40138423
0.401831,0.38941866
0.3791262,0.36746812
0.35565242,0.35871375
0.34054688,0.33583105
0.32829,0.3331691
0.32306334,0.31900924
0.32041186,0.31361026
0.32648763,0.32139775
0.34762767,0.3300726
0.37908506,0.3422633
0.39961195,0.358815
0.41351852,0.35702974
0.42259324,0.38250047
0.4318312,0.39670148
0.43913528,0.40600008
0.4530098,0.42695153
0.465856,0.43038088
0.47273824,0.4374044
0.47625434,0.4383921
0.48008347,0.44329098
0.47511348,0.4419109
0.46860793,0.44364586
0.47136292,0.43893936
0.45844817,0.43113357
0.4360625,0.42018902
0.40861762,0.39765096
0.3822849,0.39344966
0.36333504,0.368716
0.35025334,0.35300443
0.34329447,0.34627664
0.3387709,0.34253335
0.34436145,0.34333512
0.36367297,0.3586388
0.39886785,0.37608328
0.4196203,0.3948984
0.43273264,0.40163222
0.4439822,0.42287642
0.45899153,0.43671152
0.4724261,0.44471803
0.4800714,0.46636847
0.48161337,0.4618438
0.47679394,0.46719548
0.46975014,0.4667357
0.46595642,0.4651273
0.46166155,0.4663475
0.45865995,0.46935278
0.46384487,0.45732376
0.45533556,0.44491178
0.4391889,0.429363
0.4146875,0.40364474
0.3884251,0.40960318
0.3706074,0.38691634
0.35709724,0.3661566
0.34818172,0.35584688
0.34413764,0.34595335
0.34767053,0.34981528
0.36728978,0.36214533
0.39966962,0.3776993
0.42061746,0.3988512
0.43784666,0.41225463
0.44755465,0.413652
0.45356196,0.44399247
0.4639165,0.46090147
0.47586176,0.4752814
0.48489448,0.48305047
0.48959842,0.486013
0.49021316,0.4885256
0.48337868,0.5006928
0.47464454,0.50279903
0.46864024,0.4952579
0.46850246,0.47894284
0.45707014,0.46176243
0.440895,0.44316822
0.42098862,0.42007807
0.3968818,0.41234052
0.3781688,0.38550052
0.36104667,0.37263763
0.34980267,0.35623485
0.34086388,0.34814072
0.3390704,0.35407552
0.34044522,0.3534807
0.34897727,0.35817453
0.35746744,0.37043393
0.3735874,0.3750429
0.39311704,0.3945005
0.41461006,0.4164228
0.43553397,0.43225187
0.44815698,0.43979326
0.45789844,0.44483715
0.46635777,0.4521876
0.47264275,0.4465701
0.47319806,0.45831677
0.46258423,0.46006635
0.44232136,0.46163955
0.4367847,0.44315192
0.4235234,0.4332056
0.4074162,0.42120463
0.3846145,0.4035878
0.3617021,0.367756
0.3441708,0.34863585
0.32953647,0.33148307
0.3203667,0.3187899
0.3131594,0.31613004
0.30964127,0.31499127
0.3108567,0.32356104
0.31395575,0.32809594
0.31372046,0.34260625
0.32854116,0.35005042
0.3416218,0.36522835
0.3563894,0.39204293
0.37458846,0.41318917
0.3939884,0.42546526
0.40744734,0.44657254
0.4170774,0.4585206
0.4180777,0.46168432
0.42215154,0.46749583
0.428632,0.47604483
0.42688388,0.4662936
0.42807668,0.45183483
0.4186783,0.44753963
0.4039877,0.43067306
0.38474023,0.40542144
0.36413234,0.3655865
0.3481929,0.3477779
0.33621144,0.34097913
0.32873106,0.33345914
0.32730606,0.3257748
0.33553728,0.3388615
0.35769647,0.35361806
0.39255816,0.37945688
0.41516146,0.4020101
0.42833826,0.41251302
0.4354071,0.43014526
0.4437552,0.4507402
0.45451263,0.45480168
0.46714526,0.46784475
0.4783861,0.47342837
0.48433876,0.47402865
0.4843399,0.4629778
0.48721844,0.46316978
0.4809594,0.46159503
0.47028723,0.46094686
0.47223017,0.44872454
0.45914167,0.44206905
0.44134814,0.42655164
0.41482517,0.4008075
0.387209,0.39244118
0.3686309,0.36715388
0.35467482,0.35811186
0.34344336,0.3455245
0.33956614,0.3372504
0.34508252,0.35051987
0.3640618,0.3694863
0.3982165,0.39996973
0.4194797,0.42098185
0.43278775,0.43375316
0.44013467,0.4314549
0.4471853,0.4603097
0.4515697,0.46143597
0.46275467,0.4694096
0.47438824,0.4785484
0.48010927,0.47542176
0.48361188,0.4705059
0.47885188,0.4719853
0.47162956,0.4672114
0.4678849,0.45502782
0.47016197,0.4474086
0.45658067,0.43540984
0.4367791,0.4202674
0.4085243,0.39780667
0.3826174,0.3792522
0.36138308,0.35719675
0.34755915,0.3432522
0.34036076,0.3362925
0.33621028,0.33107275
0.34306768,0.34217772
0.36269832,0.3651097
0.3960067,0.39581516
0.4181469,0.41921318
0.4316291,0.43024504
0.4420139,0.4272747
0.44713062,0.45238173
0.44883293,0.46018383
0.4540284,0.46873674
0.45879838,0.47739407
0.45606336,0.4764073
0.45286962,0.46916616
0.44975737,0.46851143
0.4459417,0.46719855
0.44549933,0.45636225
0.446743,0.44603226
0.43676397,0.43412566
0.41918772,0.41506505
0.39453432,0.39246705
0.37094617,0.36756173
0.35182378,0.35021245
0.34072435,0.33523244
0.33282784,0.33320194
0.3308937,0.3248413
0.33711043,0.33177984
0.35771796,0.3574622
0.3931655,0.38957217
0.4126197,0.4087257
0.4249863,0.42363337
0.43305317,0.42576987
0.44294548,0.4415955
0.44680372,0.45248884
0.45142365,0.4645858
0.45268416,0.46556062
0.45195213,0.46536005
0.44799858,0.46058235
0.4478497,0.46082637
0.44487357,0.4565421
0.4411753,0.4456046
0.44520822,0.4378002
0.43343458,0.42785728
0.41451064,0.40777504
0.3892793,0.3787593
0.09676226,0.37093395
0.0,0.35237715
0.0,0.3413157
0.0,0.33277
0.0,0.33020133
0.0,0.33673427
0.0,0.3593196
0.0,0.38616726
0.0,0.40604898
0.0,0.4111225
0.0,0.41919124
0.0,0.43558937
0.0,0.4434848
0.0,0.4562529
0.0,0.46173614
0.0,0.4606888
0.041073106,0.46217242
0.08214621,0.45992076
0.123219326,0.45116034
0.16429242,0.4442088
0.20536554,0.44035164
0.24643865,0.4301914
0.28751177,0.412782
0.32858485,0.3842614
0.36965796,0.39026225
0.35036963,0.36874053
0.3366959,0.3570572
0.3267678,0.3394822
0.32117626,0.33840227
0.32039988,0.34559876
0.32642654,0.35101584
0.33807915,0.35714027
0.3454856,0.38194713
0.35795015,0.38766232
0.37506324,0.4190598
0.391872,0.4439314
0.4133485,0.45929897
0.43327916,0.47153702
0.45185673,0.49587786
0.47030687,0.50394666
0.48664853,0.506029
0.49520785,0.522075
0.4909111,0.5171644
0.47494435,0.51180345
0.46430606,0.49019447
0.44696227,0.4762327
0.42652363,0.46786952
0.40291134,0.4386137
0.37859714,0.44244277
0.35760334,0.4054941
0.34133813,0.38856217
0.32842857,0.3639151
0.321259,0.35891873
0.31596175,0.36358878
0.3170417,0.36806473
0.32090893,0.35756043
0.32457158,0.375519
0.33927217,0.37478808
0.36175364,0.40536892
0.38978216,0.42684636
0.41830283,0.4484533
0.44616878,0.47606698
0.4708898,0.48917335
0.4919801,0.49458647
0.50682336,0.5089928
0.5126326,0.51933646
0.5077055,0.5071007
0.49090064,0.5108497
0.4797505,0.4952123
0.4592653,0.47549748
0.43536347,0.46227294
0.40702468,0.4301464
0.37755746,0.448098
0.35652444,0.4087839
0.34253109,0.38981402
0.33456263,0.367374
0.33150825,0.36003488
0.3368417,0.36882904
0.35946992,0.38887975
0.39355686,0.40872717
0.4149568,0.45345682
0.43583563,0.47369012
0.4586349,0.5009473
0.48611847,0.53502625
0.5125851,0.562307
0.5375213,0.5882948
0.5637098,0.6164022
0.58306307,0.6315373
0.5973044,0.6404393
0.60266054,0.65299684
0.58714634,0.6463074
0.5592931,0.6273378
0.5427396,0.5961223
0.51548773,0.56896424
0.48542792,0.5445465
0.4508334,0.50270754
0.41393763,0.43270946
0.38694194,0.4124648
0.36963105,0.37693524
0.35808972,0.35858703
0.34993592,0.36015487
0.35134923,0.35510114
0.3697124,0.3840722
0.40281573,0.39500025
0.42137045,0.45029458
0.43990877,0.46134102
0.4623558,0.5057578
0.49127406,0.5388088
0.51961756,0.56798524
0.54677755,0.5923847
0.57319206,0.634718
0.59297806,0.65166146
0.6092656,0.65999675
0.6119352,0.6709798
0.5973284,0.6871016
0.56806177,0.6595795
0.55054474,0.62028784
0.52327335,0.6147769
0.4963349,0.5891253
0.46069306,0.5333475
0.4281806,0.48734534
0.40622175,0.4512098
0.38796696,0.4234348
0.37538436,0.40030754
0.36978462,0.39429465
0.37582278,0.41231003
0.39649805,0.44222227
0.4308609,0.4553388
0.45024428,0.4929948
0.4664226,0.48953733
0.48047003,0.5125276
0.4978477,0.5355827
0.52075,0.55289644
0.5481994,0.58342946
0.56079113,0.58949643
0.56243503,0.5866378
0.55184644,0.5908469
0.54293966,0.5964448
0.532614,0.58390105
0.52598846,0.5729246
0.5203517,0.5602645
0.50347316,0.5457199
0.47932583,0.5253237
0.4489957,0.48009112
0.41736537,0.44975618
0.3917162,0.4299462
0.37360656,0.40085697
0.3639373,0.385984
0.35791844,0.3791769
0.36257634,0.3937068
0.3830943,0.42504346
0.42148602,0.44274312
0.4422185,0.47459212
0.45227915,0.4799554
0.45855904,0.49104047
0.46496838,0.51060134
0.4668333,0.5253403
0.46742073,0.5375876
0.46705705,0.5466899
0.46407038,0.5393549
0.46576554,0.5353745
0.47345006,0.5409898
0.4685867,0.52538496
0.4579674,0.5109435
0.45300558,0.50400215
0.4378971,0.49681938
0.4189146,0.48318666
0.39212117,0.43605444
0.36383775,0.36739856
0.34693536,0.3550712
0.33314666,0.3372451
0.32234445,0.32624722
0.3176462,0.32849997
0.3197512,0.3430437
0.3372235,0.36113393
0.36751297,0.39020994
0.3826474,0.41671404
0.38963333,0.42012075
0.39782065,0.4273829
0.40575728,0.4453093
0.4089248,0.4518282
0.40519136,0.44901994
0.40098256,0.45686805
0.39321345,0.45568007
0.3838138,0.4445016
0.38068363,0.43393442
0.38226444,0.42271358
0.3929195,0.42655268
0.39650562,0.43574205
0.38708404,0.42817497
0.37588146,0.4203351
0.35650548,0.38761362
0.33782336,0.34385693
0.32467407,0.32983288
0.31404158,0.3183342
0.30901387,0.311018
0.30869222,0.31224954
0.30964842,0.3136893
0.31669536,0.32646877
0.32885313,0.3371301
0.33647224,0.35507467
0.34053493,0.3620101
0.34197146,0.36137587
0.34184298,0.37431106
0.3394473,0.37946287
0.33809838,0.3747106
0.33589143,0.3927341
0.3365693,0.38852692
0.33725756,0.38940394
0.34089333,0.4003114
0.34841886,0.39969108
0.35915038,0.3994175
0.3636401,0.39364034
0.35818073,0.3844061
0.3484838,0.3757121
0.33595222,0.35781267
0.32238737,0.33241612
0.31280184,0.32517928
0.30521402,0.30986732
0.30081624,0.30413377
0.29619727,0.30651662
0.2970554,0.30319405
0.30207017,0.30978513
0.3113768,0.3130988
0.31466982,0.32710344
0.32104114,0.3278763
0.32508007,0.33656058
0.32842582,0.3430904
0.3316153,0.35154375
0.33496997,0.35237214
0.33227363,0.36060938
0.33425087,0.35890597
0.33456424,0.35792375
0.34045678,0.36306638
0.34829652,0.36537442
0.36162123,0.3766516
0.36416432,0.37879637
0.3589556,0.37522113
0.3486019,0.36762166
0.33394402,0.34681487
0.31834182,0.33304548
0.31200305,0.32142305
0.30796397,0.3196716
0.30476934,0.31548476
0.307116,0.31780237
0.3142558,0.32326913
0.33522156,0.33640248
0.3691971,0.36982825
0.38500354,0.3928404
0.39067048,0.4027335
0.3918017,0.40110642
0.3911863,0.4140968
0.39123526,0.41575456
0.39273503,0.40326983
0.3961572,0.42052272
0.392933,0.41613108
0.38843688,0.4066011
0.38863054,0.40827453
0.3950126,0.40557644
0.40395525,0.40508235
0.4079689,0.40353623
0.39853567,0.3920657
0.38427174,0.38279086
0.3645116,0.3672324
0.3452518,0.33995968
0.33433542,0.32894516
0.32679698,0.32272226
0.32124928,0.31424212
0.32084414,0.3182698
0.330508,0.32088718
0.35292324,0.34042194
0.39168447,0.36305782
0.40919894,0.38679078
0.41112375,0.38293695
0.40811327,0.38585442
0.40370956,0.38921812
0.40079737,0.38698745
0.39993286,0.38343057
0.4006189,0.39561552
0.39693904,0.39248833
0.39427832,0.3877027
0.3947751,0.38484678
0.3995222,0.3888295
0.40892082,0.39217234
0.41029206,0.3980888
0.4015639,0.3916313
0.3856706,0.3828581
0.36426902,0.35780743
0.34418058,0.3475242
0.3315819,0.33718443
0.3254378,0.32760882
0.3220209,0.31936222
0.32193732,0.3213964
0.33094537,0.32519966
0.35342625,0.34474954
0.39035925,0.37201408
0.40821773,0.39306772
0.40463936,0.3930354
0.40011624,0.38884956
0.39991626,0.39439917
0.4011102,0.4019525
0.40060705,0.39950293
0.4060449,0.39549518
0.4080566,0.39893657
0.40946987,0.3950533
0.40952525,0.39797512
0.41108832,0.3988406
0.4166745,0.40638182
0.41345766,0.4150732
0.4028335,0.4023909
0.38792956,0.38766456
0.36677158,0.36332107
0.34907383,0.35049784
0.33722514,0.34001887
0.32687438,0.3260867
0.31986803,0.31972176
0.3184185,0.32076055
0.32348228,0.3270049
0.34283412,0.34845623
0.37807834,0.38622305
0.40073293,0.4124805
0.41158327,0.42031804
0.41674975,0.41489553
0.42026925,0.42234573
0.4176035,0.4287932
0.41567612,0.4312537
0.41551363,0.42577478
0.41231814,0.41889563
0.40991846,0.41340402
0.41128066,0.40934196
0.4098281,0.40616438
0.41715336,0.40704608
0.41546172,0.4110643
0.4058481,0.39934152
0.38985282,0.381455
0.36965793,0.35778388
0.3501196,0.3540311
0.3362199,0.33686423
0.32701963,0.32327726
0.32079905,0.31457204
0.3192196,0.31346366
0.3234553,0.32278532
0.34400105,0.34234917
0.37639588,0.36536202
0.39798203,0.3923028
0.41074193,0.39352873
0.4166941,0.39974833
0.42170253,0.40438488
0.42285737,0.40060186
0.4218055,0.4057037
0.4225501,0.4061435
0.41971198,0.39618656
0.4144831,0.3892908
0.41299295,0.38885182
0.41065103,0.3870258
0.41439912,0.39036387
0.4089885,0.38525495
0.40000513,0.3790484
0.38770294,0.36791503
0.37033552,0.34522942
0.35085508,0.33804333
0.33736804,0.32289577
0.32691595,0.3123014
0.32078263,0.3059973
0.31720436,0.30018196
0.31838787,0.3041998
0.32738206,0.3137919
0.34331295,0.3287119
0.350259,0.346187
0.36089125,0.3513316
0.37451112,0.34482235
0.37865537,0.35261106
0.38170505,0.35597378
0.37869555,0.3546216
0.37217733,0.34859848
0.36828992,0.3434108
0.36580953,0.33846602
0.3675218,0.34992868
0.36994904,0.35210556
0.37773857,0.36169437
0.37638232,0.3602554
0.36890993,0.34947324
0.3608398,0.34139824
0.3458439,0.3290681
0.33062512,0.3357685
0.32170776,0.322138
0.31310782,0.31321585
0.30894762,0.30415285
0.3066606,0.30152258
0.30808437,0.3007205
0.31181887,0.3072653
0.32270268,0.3148614
0.32393563,0.3210914
0.3285114,0.3203744
0.3295025,0.3184138
0.33051506,0.3241507
0.3315787,0.33096611
0.3344086,0.3313604
0.33363876,0.3304246
0.33248922,0.33334562
0.33416262,0.33050764
0.34110793,0.33858928
0.35336065,0.34584567
0.3708613,0.35459805
0.37148193,0.35783455
0.36752138,0.3552398
0.35436302,0.3468328
0.34262073,0.33235922
0.3271978,0.33722526
0.31838068,0.32378814
0.31267306,0.31811106
0.30899295,0.3093469
0.31072292,0.31015092
0.3189669,0.31635898
0.34306535,0.33560953
0.38063467,0.36525005
0.4033429,0.39259
0.41233596,0.39522454
0.41618612,0.4005844
0.4190262,0.40562218
0.41843772,0.40845203
0.41667965,0.40653518
0.41573346,0.41114652
0.40961635,0.40884694
0.40565765,0.39802212
0.40687045,0.39511845
0.4115407,0.397064
0.41910008,0.39976552
0.41620687,0.40478435
0.40649012,0.40117913
0.39099565,0.3878495
0.37299454,0.36703464
0.35394832,0.34137654
0.34081692,0.32889542
0.33433598,0.322096
0.32929048,0.3156368
0.3295796,0.314313
0.33815882,0.32499608
0.36129072,0.3470553
0.3976274,0.3776798
0.41389984,0.40825602
0.4109751,0.4123291
0.40720153,0.410442
0.40406865,0.41345975
0.4001565,0.4144109
0.39764896,0.4107169
0.39899746,0.4161318
0.395999,0.41376293
0.39447924,0.40767998
0.3977209,0.41304758
0.40412927,0.41349393
0.41383743,0.41745055
0.41472414,0.4159707
0.40505737,0.4059729
0.3893872,0.39222485
0.37157333,0.36500016
0.3520638,0.34483436
0.3399565,0.33513242
0.33298814,0.325275
0.32841605,0.3192848
0.326133,0.32094854
0.33439234,0.32884794
0.3557271,0.34985772
0.39237362,0.38210607
0.4139861,0.40787318
0.41405544,0.41122916
0.41070393,0.40489936
0.4091559,0.41521958
0.40667918,0.41835654
0.40941066,0.41735387
0.4136848,0.4171896
0.41644228,0.41850644
0.4140663,0.4091101
0.41120103,0.41588357
0.41605106,0.42066807
0.42268008,0.4231011
0.4183079,0.42498028
0.40714532,0.41043687
0.38988975,0.39802653
0.36798078,0.37750763
0.34840858,0.34527242
0.33572406,0.33585912
0.32627022,0.32434314
0.31932253,0.31738955
0.31839827,0.3169258
0.3248402,0.3221628
0.34450412,0.33580843
0.37871456,0.36627132
0.40064025,0.38571158
0.40821084,0.39025646
0.4124965,0.38760972
0.4155161,0.3941578
0.41774046,0.4006508
0.4164439,0.39696893
0.41784725,0.38318074
0.41516915,0.38313085
0.41269618,0.37115276
0.412392,0.37203392
0.41780415,0.37115052
0.4210094,0.3811291
0.41447067,0.38622707
0.40407753,0.37597704
0.38991714,0.3626235
0.3689377,0.34623137
0.34945562,0.35284892
0.33389753,0.3354726
0.3254812,0.32360315
0.3188987,0.3128096
0.31759304,0.31346732
0.3244824,0.3187897
0.34358913,0.34260744
0.37679297,0.36295444
0.3983017,0.39159384
0.40537444,0.39212355
0.40954635,0.3886453
0.4092278,0.39585498
0.4091371,0.39696792
0.403544,0.39498976
0.39898273,0.4005171
0.39321625,0.39177528
0.38958114,0.39023796
0.39095306,0.39586627
0.3953418,0.3932785
0.4052083,0.39210525
0.40199408,0.38919345
0.3934533,0.38410896
0.3828856,0.3697421
0.36376944,0.34857622
0.3502906,0.32962495
0.33610967,0.31988084
0.33108225,0.31127954
0.32387587,0.29952013
0.32192037,0.30157682
0.3216587,0.30603805
0.3297792,0.31362048
0.34484565,0.32739684
0.35545024,0.3423839
0.36086532,0.3432018
0.3584544,0.33925498
0.3559001,0.35155207
0.354397,0.3564632
0.35656586,0.347695
0.35448328,0.34864324
0.35699204,0.3535459
0.35826954,0.34299365
0.36492914,0.35857823
0.3692413,0.361823
0.37838235,0.3702337
0.3747108,0.3690801
0.36893946,0.3615387
0.36041987,0.3510521
0.34731537,0.34050798
0.33439422,0.3317163
0.32422814,0.32064706
0.3168378,0.31179258
0.3112657,0.3111832
0.30919492,0.30698588
0.3083841,0.30801424
0.3134714,0.31399813
0.32403973,0.3245029
0.32899836,0.32520008
0.32815227,0.32680425
0.32539865,0.32048738
0.32747522,0.3202533
0.32692647,0.32792515
0.3255324,0.32281289
0.32940382,0.3144528
0.3293042,0.31490543
0.3334131,0.30996805
0.34131414,0.31972745
0.35440478,0.32971302
0.36918038,0.3459967
0.37059382,0.35239744
0.3651905,0.3495329
0.35457724,0.34440154
0.34074143,0.33350363
0.32831937,0.33211613
0.32014668,0.3199193
0.31531352,0.31246936
0.3118153,0.31373817
0.31493407,0.31454623
0.32513946,0.32250014
0.35210744,0.35128498
0.39133537,0.38476226
0.4144236,0.41673598
0.418239,0.4185982
0.41944864,0.42441607
0.41747293,0.4243633
0.41100487,0.42229626
0.4079388,0.43310714
0.4088536,0.43132088
0.40546232,0.4237361
0.40620053,0.41950327
0.4077346,0.41998065
0.4109103,0.4268221
0.41907883,0.4319629
0.41494593,0.43294728
0.40408304,0.4216839
0.3883052,0.40854663
0.36768934,0.38079485
0.34771094,0.3509575
0.33478642,0.33202022
0.32675523,0.32877845
0.32191944,0.3134836
0.32151824,0.31180134
0.32828405,0.31967184
0.34790647,0.33464608
0.38461372,0.35993597
0.404526,0.38503143
0.40797263,0.38605243
0.41288492,0.40051967
0.4199731,0.41675505
0.4254659,0.42710325
0.43290642,0.44191772
0.4412555,0.44370872
0.44669345,0.45414788
0.4516032,0.45132115
0.45047453,0.45785823
0.44872713,0.46376958
0.45276362,0.46128
0.44391948,0.45408708
0.4302513,0.44418997
0.4106795,0.4248436
0.38685822,0.40257248
0.3629015,0.35382646
0.34578535,0.3422415
0.33497128,0.32986304
0.3258034,0.32607085
0.32173368,0.32107568
0.32559004,0.32868356
0.3467032,0.34626567
0.3821551,0.38164708
0.4063173,0.4066592
0.41637364,0.41586033
0.42227575,0.42095268
0.4261211,0.433102
0.42711622,0.4345574
0.42841083,0.44251293
0.4299495,0.43316412
0.42722613,0.42783874
0.42369983,0.4177971
0.42300612,0.41852716
0.42746893,0.4202272
0.43064728,0.42605236
0.4256297,0.4215529
0.41329333,0.4066732
0.3976753,0.39317727
0.37887254,0.37103173
0.36033276,0.37796348
0.34567425,0.36345503
0.33552927,0.34309924
0.3297701,0.33928925
0.32797801,0.33375782
0.33265075,0.34230772
0.3539382,0.36400667
0.38706422,0.39082453
0.41110477,0.40206435
0.41892934,0.40810183
0.42555115,0.39925402
0.43083307,0.4135941
0.4315053,0.42428607
0.43256786,0.43292072
0.43527612,0.4220125
0.43491814,0.4190827
0.4312732,0.41298386
0.42917073,0.41131708
0.4324234,0.4097876
0.4361468,0.40578052
0.43255627,0.40768763
0.42220315,0.39971668
0.40692842,0.3786829
0.38423187,0.35773584
0.36319914,0.37672135
0.34827915,0.34961346
0.33671644,0.34206295
0.3307067,0.3339765
0.3281625,0.32624644
0.33359775,0.3381159
0.35215002,0.3624129
0.38570872,0.38422897
0.4095224,0.4129795
0.42189524,0.41404018
0.4297524,0.41419142
0.43606916,0.42372057
0.43997428,0.4303377
0.43998337,0.43140644
0.44130692,0.42703032
0.437641,0.4200501
0.43277726,0.40771535
0.4283345,0.41813126
0.4252874,0.41791272
0.42112702,0.4143816
0.4104056,0.402393
0.39541936,0.3918259
0.38436028,0.37625265
0.36490238,0.3582922
0.34884438,0.32871675
0.3333075,0.3187494
0.32487404,0.31300408
0.31764093,0.30997318
0.31469798,0.31466654
0.3164305,0.31144854
0.32651067,0.31992343
0.34197643,0.33270928
0.35414362,0.34557977
0.36129498,0.34753555
0.36171988,0.3495155
0.36163026,0.3538055
0.35585356,0.35123888
0.35308725,0.34961352
0.3496018,0.35247207
0.3508697,0.34717557
0.352554,0.3497921
0.36041716,0.3500363
0.3703748,0.35332367
0.3803947,0.37092626
0.3765738,0.37274954
0.3710663,0.36184913
0.36251947,0.3542704
0.3498124,0.3427476
0.33474314,0.33766255
0.3270323,0.324537
0.31720337,0.31652978
0.31499645,0.31150258
0.31209248,0.31386048
0.31303054,0.3063664
0.3148645,0.31332055
0.32356822,0.31592456
0.33371913,0.33464363
0.34127402,0.33324105
0.35172063,0.34780002
0.36003634,0.34765998
0.3637205,0.3464593
0.36777765,0.35570243
0.3688986,0.35169697
0.36786792,0.34374568
0.37090462,0.35041365
0.37674594,0.34795406
0.3879046,0.35174567
0.39523616,0.37566733
0.39388528,0.38210478
0.38816804,0.37358916
0.37946072,0.36783618
0.3620609,0.35279265
0.34923646,0.35441524
0.34034735,0.34099153
0.3341278,0.33144146
0.3312678,0.3333066
0.33404028,0.3354145
0.34484234,0.34054136
0.37257156,0.3633664
0.41444784,0.39243433
0.4395309,0.4230062
0.43969643,0.4343007
0.4334115,0.43752962
0.42996445,0.4435656
0.42512164,0.44599915
0.4216721,0.441914
0.42064846,0.4495632
0.4163223,0.44475394
0.4150159,0.4452171
0.42147744,0.44392875
0.4370753,0.44576487
0.45094007,0.4536762
0.44754168,0.45044008
0.44104147,0.44295812
0.42762744,0.4314735
0.40841997,0.4075917
0.38938025,0.39852417
0.3760724,0.38865966
0.3701701,0.3724044
0.3665745,0.3682533
0.36639875,0.36930373
0.37459016,0.3788832
0.39820045,0.3939351
0.43664914,0.41746435
0.46191838,0.44416782
0.4684351,0.45846656
0.4722955,0.45060414
0.4709579,0.46114352
0.4727056,0.46981317
0.4735904,0.46196404
0.47120297,0.4649671
0.46767128,0.45759368
0.46299216,0.45817816
0.45673558,0.45977378
0.4637414,0.45636666
0.46950126,0.46748713
0.46281922,0.4677837
0.4535247,0.4561317
0.4394693,0.44572896
0.41772735,0.42218518
0.39770803,0.40858918
0.38382116,0.39032802
0.37663022,0.38236862
0.3721814,0.3747217
0.37268227,0.3675595
0.38186964,0.3794208
0.4065447,0.38253054
0.44533783,0.41168723
0.4658413,0.43523866
0.4662728,0.4504563
0.45694736,0.44483542
0.45473096,0.45674714
0.4500129,0.4652444
0.44987097,0.4564019
0.4502116,0.44922653
0.4448451,0.45498058
0.4403509,0.44452682
0.44381565,0.44923526
0.45745715,0.45705974
0.4656787,0.47336146
0.46032935,0.47186154
0.44937307,0.45848137
0.4323913,0.4493904
0.41034257,0.43160722
0.39079806,0.42880744
0.37658268,0.40793172
0.3680901,0.3840922
0.36207518,0.38401467
0.36264324,0.37783003
0.37208185,0.3866902
0.39753732,0.4237441
0.4357106,0.46511436
0.45815492,0.49577227
0.4552514,0.50806516
0.44652095,0.4909836
0.44070095,0.49085465
0.43297088,0.4982108
0.42447695,0.48849145
0.4200608,0.4899928
0.4148486,0.48587447
0.41445884,0.4751039
0.42129573,0.47689757
0.43381095,0.4875274
0.44235188,0.4740979
0.4381491,0.4621785
0.4285877,0.46040756
0.4136817,0.44175518
0.39310744,0.40879574
0.37534064,0.37162387
0.3629515,0.35743108
0.3555599,0.34057307
0.3514107,0.34102374
0.35157785,0.33739334
0.35801116,0.34717837
0.38042444,0.3703011
0.41630378,0.400796
0.43841806,0.42087808
0.43941632,0.43556127
0.43625984,0.42249584
0.4374311,0.42429218
0.4336728,0.4389874
0.4273026,0.4370091
0.42799956,0.4220052
0.42349544,0.41809756
0.4208661,0.41357377
0.42145815,0.4234682
0.4261201,0.41619667
0.4288928,0.4231165
0.42092517,0.4218513
0.4094185,0.40498275
0.39796048,0.39109302
0.37843004,0.3690078
0.36059326,0.35542417
0.34384045,0.3465761
0.33576995,0.33137065
0.32926962,0.32462764
0.32681334,0.32393545
0.3314459,0.32549703
0.33896184,0.33530763
0.35630327,0.34579393
0.36934707,0.36112484
0.371482,0.3569557
0.36935812,0.35786808
0.3676646,0.3617432
0.36118877,0.3643602
0.35926732,0.35785738
0.3529181,0.35347608
0.3502393,0.3534819
0.34971038,0.34379667
0.35581884,0.35651082
0.36859956,0.36727557
0.3843923,0.38201228
0.3812475,0.38455048
0.3789085,0.38079286
0.37072042,0.37473947
0.36157537,0.35906228
0.35012257,0.34854522
0.34054992,0.34470576
0.3337406,0.3321561
0.32908836,0.32739043
0.32695836,0.32556003
0.32528788,0.32327315
0.32855013,0.32889953
0.33606768,0.3385088
0.34382266,0.34333235
0.3463397,0.3408118
0.34388563,0.3357154
0.34277934,0.33841795
0.3402932,0.3429222
0.3411477,0.33661896
0.34222007,0.33568576
0.34769928,0.3385654
0.35183826,0.33228326
0.3561348,0.33462653
0.3715007,0.3506243
0.38848498,0.36255497
0.38605538,0.37024462
0.38318306,0.37149602
0.3752157,0.3634534
0.36159855,0.34646133
0.34745872,0.34125987
0.33494815,0.33233935
0.32706907,0.32178098
0.32112297,0.3145926
0.3191555,0.315516
0.32206982,0.32389656
0.33115748,0.33944246
0.35723776,0.36564404
0.39277747,0.38651517
0.4115708,0.39198288
0.41758317,0.4041608
0.4208213,0.40678123
0.4213996,0.41930416
0.42027858,0.41565707
0.41696554,0.4132933
0.4213942,0.41830462
0.4206055,0.4059825
0.41807976,0.4135323
0.42503166,0.4135622
0.436002,0.4157498
0.4285513,0.4100511
0.41728693,0.40834802
0.4059475,0.397568
0.3874028,0.3716776
0.3660749,0.34604883
0.34533352,0.33658826
0.33411375,0.32220322
0.32580897,0.3200249
0.3210623,0.31602573
0.32140356,0.31951028
0.33013982,0.3349592
0.35373768,0.36788157
0.38983968,0.39384323
0.40475622,0.4022062
0.4061481,0.40597546
0.40547445,0.41858697
0.40547407,0.42759472
0.40548807,0.41852176
0.40604588,0.42249048
0.41002268,0.43037957
0.4110353,0.41431352
0.414057,0.41810176
0.4282173,0.43514022
0.44134367,0.43622407
0.43403736,0.43251398
0.4277374,0.4293509
0.419388,0.4196509
0.4025308,0.3979058
0.37916332,0.3599655
0.35985303,0.34224543
0.3472324,0.33756185
0.33844736,0.32753205
0.33473906,0.3220806
0.33356756,0.32589722
0.33989903,0.33743915
0.36278772,0.36370525
0.3959377,0.39149824
0.4158706,0.3982648
0.42344445,0.41098952
0.4260979,0.41405216
0.4283273,0.41812226
0.4295105,0.4196393
0.42884445,0.420505
0.42930937,0.42207643
0.42597643,0.4084566
0.42514154,0.41267887
0.43603832,0.4231362
0.44215256,0.42556652
0.43511122,0.4204763
0.42706984,0.41634357
0.41442478,0.40588242
0.39888647,0.3858888
0.3776305,0.38224247
0.3771014,0.35570213
0.37657228,0.345561
0.3760432,0.3359003
0.3755141,0.33211923
0.37498498,0.3381188
0.37445587,0.3558869
0.37392676,0.36977702
0.37339765,0.39970154
0.37286854,0.40388876
0.37233943,0.4143663
0.37181032,0.41832086
0.3712812,0.42154172
0.37075213,0.42261901
0.37022302,0.43551537
0.3696939,0.43385386
0.3691648,0.43118712
0.36863568,0.44144213
0.36810657,0.45016795
0.36757746,0.44877896
0.36704835,0.4345725
0.36651924,0.43013364
0.36599016,0.42246765
0.36546105,0.3999503
0.36493194,0.35082665
0.36440283,0.33670676
0.35051513,0.32516557
0.34275386,0.32861996
0.3383961,0.32800204
0.33907548,0.3247748
0.34709322,0.3466163
0.37046805,0.36771455
0.4009779,0.38598746
0.41124943,0.3870174
0.41066885,0.3890375
0.41133896,0.38715562
0.41609713,0.38332838
0.41847175,0.38219035
0.419129,0.37900874
0.4207683,0.37181056
0.4193649,0.37116963
0.42062026,0.3638356
0.4346536,0.368045
0.44304764,0.38093585
0.435593,0.38502508
0.42819673,0.38430822
0.4207055,0.37302244
0.40963936,0.3559995
0.3915109,0.3768987
0.37578994,0.360096
0.36239368,0.34748363
0.35656962,0.35164565
0.3530189,0.34491467
0.3530031,0.3445017
0.35543832,0.3534138
0.36838764,0.37293145
0.3809966,0.38875192
0.383604,0.40514472
0.38113952,0.39998597
0.3780987,0.4000841
0.37539288,0.40617132
0.37165877,0.40006682
0.36715373,0.39759713
0.3615914,0.39982086
0.3607088,0.3987557
0.3676631,0.40067893
0.38664863,0.41595212
0.40048686,0.4309162
0.3988144,0.42261025
0.3944117,0.41737115
0.38810015,0.40563124
0.37747574,0.38733307
0.3644637,0.37140825
0.3533379,0.3599142
0.34178492,0.34943703
0.3364816,0.33982897
0.33133632,0.33602187
0.32797992,0.33932066
0.3284242,0.34634528
0.33624005,0.3662076
0.33966693,0.37792367
0.34201744,0.38489005
0.34055248,0.37463814
0.34001523,0.3836147
0.3405799,0.39822567
0.34096256,0.38897422
0.34303346,0.38539347
0.3442164,0.38772348
0.34262955,0.38174155
0.3515468,0.3898609
0.3694057,0.3960826
0.3891393,0.40097073
0.3899282,0.40630537
0.38621572,0.40064782
0.37932295,0.3904888
0.36753604,0.37459013
0.35370672,0.35173577
0.34175152,0.34477723
0.33268756,0.3308782
0.326849,0.3290891
0.32477254,0.32872522
0.3260062,0.33453703
0.3379248,0.35662606
0.36480927,0.38445595
0.4022773,0.41136566
0.41397455,0.418608
0.41226867,0.42122847
0.40967095,0.4258985
0.4090752,0.43530488
0.40940887,0.42427447
0.40880433,0.42545864
0.4100807,0.43059915
0.40987456,0.4174306
0.41160795,0.4286932
0.4236253,0.43431693
0.4372292,0.44060555
0.43022802,0.43521032
0.42308047,0.43021107
0.41366994,0.420451
0.40134674,0.39421126
0.3806119,0.3552621
0.36492184,0.3455749
0.35222518,0.33014914
0.34667894,0.33427644
0.3440148,0.33222625
0.34633833,0.33295494
0.35497877,0.35528734
0.38034606,0.38655725
0.418367,0.4124388
0.4312056,0.4263681
0.42509153,0.41910154
0.41917515,0.42008033
0.41537237,0.42420626
0.4148644,0.41426325
0.41206154,0.41982323
0.41281348,0.42511648
0.41176677,0.4181859
0.41619205,0.42144218
0.4284756,0.4386305
0.44155642,0.44500133
0.43462762,0.43517926
0.42963195,0.42675018
0.42027932,0.41246098
0.40581152,0.38499472
0.38502023,0.35144806
0.36656046,0.33868754
0.35472205,0.33657962
0.3459625,0.32527083
0.3430514,0.3252242
0.34250733,0.32979432
0.3497623,0.34644896
0.37440518,0.3753613
0.40868703,0.40429947
0.42060387,0.4061799
0.41553718,0.40983832
0.40904212,0.41087395
0.40774757,0.4173105
0.40871978,0.41158754
0.4078241,0.4115226
0.4092172,0.41623163
0.40876228,0.40690014
0.41011432,0.40781647
0.42195782,0.4152987
0.43355235,0.4238258
0.426518,0.4282878
0.41867602,0.42331326
0.40960115,0.41043854
0.39372653,0.38780093
0.37569067,0.36840034
0.35924396,0.35600197
0.34758726,0.34094244
0.3401235,0.33443213
0.33570185,0.33334744
0.3346494,0.3311554
0.34346655,0.33982104
0.3672031,0.35460457
0.40151855,0.36801353
0.4150469,0.37422326
0.4127878,0.3654434
0.41137215,0.37385604
0.414197,0.3833536
0.41453484,0.38474226
0.41177586,0.37958843
0.41707408,0.38364154
0.41912523,0.3796329
0.42002398,0.3838059
0.43185025,0.39810643
0.43806905,0.40979022
0.4285164,0.40994295
0.4190013,0.40280044
0.4084946,0.3872878
0.39215466,0.37038067
0.37042806,0.37303472
0.352593,0.34927535
0.33921883,0.33638254
0.33019084,0.32939816
0.3235578,0.3208061
0.32226044,0.32691836
0.32978734,0.34384802
0.3493446,0.36250457
0.3842901,0.39400706
0.40463912,0.39995274
0.40856892,0.3975957
0.40454817,0.4073123
0.40307158,0.41011345
0.40222734,0.40877718
0.40245476,0.40866852
0.40436286,0.40453964
0.40269586,0.39078647
0.40540263,0.39472124
0.42085698,0.40968978
0.4328806,0.41613016
0.42592388,0.40985605
0.42092213,0.40538138
0.41428953,0.39483386
0.40224886,0.3783212
0.38799962,0.37300068
0.37171638,0.35745567
0.3593199,0.3512004
0.3509896,0.3467691
0.3507086,0.34113145
0.34863254,0.34478027
0.35309538,0.3495442
0.3625822,0.3612895
0.3787418,0.3834778
0.38196936,0.385896
0.38130707,0.37788957
0.376941,0.38229316
0.37439242,0.3775304
0.36922222,0.36896962
0.36686122,0.36812156
0.3604803,0.364319
0.36101648,0.36071333
0.36582866,0.3697681
0.38014126,0.38309306
0.39404333,0.40354395
0.39303514,0.4010199
0.38911712,0.39058405
0.38495642,0.384867
0.37579578,0.3723044
0.36398098,0.37018874
0.35045296,0.35615477
0.3406335,0.34377939
0.33174998,0.33607435
0.3295366,0.3311805
0.328639,0.33846444
0.33182627,0.34333098
0.33898792,0.3530007
0.34826806,0.3542565
0.3486329,0.35253438
0.34390023,0.33688414
0.34237874,0.34644008
0.33890206,0.35649198
0.34386864,0.3491406
0.34375614,0.3443467
0.34523728,0.34913647
0.34727743,0.34297842
0.35678867,0.3504581
0.37410474,0.3635338
0.39287478,0.37423527
0.39154372,0.38269082
0.38952395,0.38318628
0.38279873,0.3744883
0.37204018,0.36047623
0.3581901,0.3676805
0.3442162,0.3531752
0.33701167,0.3420183
0.33030865,0.3396805
0.32776186,0.3386344
0.32938218,0.33317327
0.3397736,0.35202476
0.3655843,0.38207722
0.40133324,0.41019395
0.4211395,0.42231545
0.4300819,0.42944437
0.43268046,0.4285889
0.43284652,0.43237382
0.42806667,0.43269607
0.42666888,0.4269804
0.43271625,0.42877954
0.43283424,0.4221964
0.43667462,0.417515
0.4487695,0.4283739
0.45381385,0.43751857
0.44296515,0.43328455
0.4353514,0.42849928
0.42729446,0.4121495
0.41108018,0.39156458
0.3931411,0.40089992
0.37535524,0.38500512
0.3616239,0.35965735
0.35419288,0.3603785
0.34812856,0.35726082
0.34752154,0.35529095
0.35479748,0.37275884
0.37565753,0.3918978
0.40802205,0.4294599
0.42712632,0.44500807
0.43972406,0.45531118
0.44530204,0.46073455
0.44993985,0.46628052
0.45343506,0.46347895
0.45300102,0.46914405
0.45225105,0.46168345
0.45049602,0.45885828
0.44969636,0.46145308
0.46197346,0.46850342
0.46293262,0.47702983
0.45341498,0.4610493
0.44472095,0.4522099
0.4351342,0.44391572
0.4199689,0.41762814
0.4007136,0.40817285
0.3835847,0.3844824
0.36949414,0.37142715
0.36124557,0.3675676
0.35464215,0.36558172
0.35417816,0.36886904
0.36270353,0.38667133
0.38410437,0.4123972
0.41454563,0.45412424
0.42789483,0.4671248
0.43684328,0.4782396
0.43927336,0.4767839
0.43687436,0.474339
0.4264387,0.4734526
0.4216149,0.4750628
0.42282847,0.470196
0.4217815,0.4688129
0.42383352,0.46902016
0.43910107,0.47730127
0.45243272,0.4913244
0.44512856,0.47681618
0.43835288,0.46550125
0.42997524,0.45551622
0.4176756,0.43076706
0.39741382,0.40807143
0.3786606,0.3857683
0.36668608,0.3743067
0.35763806,0.37030292
0.35143617,0.3652453
0.34753042,0.37015337
0.3469613,0.38645816
0.3542738,0.4109665
0.36208764,0.43959373
0.35909146,0.44486922
0.35536554,0.4423827
0.35400566,0.44334602
0.35473946,0.4440627
0.35545513,0.4392337
0.35346606,0.43682253
0.35007292,0.4366598
0.34873736,0.43169782
0.3526084,0.43145403
0.36783025,0.44454324
0.37464556,0.45651427
0.37068412,0.45382503
0.36901417,0.44891816
0.36799535,0.43878818
0.36495784,0.41919816
0.35744178,0.38938487
0.34873766,0.37050515
0.3422304,0.36001635
0.33759874,0.3642062
0.3354349,0.3613895
0.33853132,0.36330006
0.3460455,0.37983632
0.3620601,0.4043068
0.3817419,0.4268346
0.3870975,0.44223493
0.38927847,0.44745004
0.38877583,0.44649404
0.39134845,0.45126215
0.39112732,0.44991747
0.39173603,0.45300856
0.39389554,0.44940642
0.3971609,0.44953087
0.4072598,0.4496394
0.42785886,0.4607574
0.43718195,0.46835163
0.43218952,0.46031
0.426315,0.4583544
0.42057475,0.44745207
0.4102413,0.42714074
0.3961404,0.4004568
0.38127905,0.38572258
0.37038508,0.37666813
0.36172268,0.37432998
0.35634032,0.36647826
0.35470456,0.3717037
0.35662785,0.38640177
0.36613804,0.4066997
0.37967205,0.42175123
0.38652673,0.4281595
0.39147973,0.41755128
0.3975548,0.41685537
0.39726973,0.42082494
0.39390466,0.4170436
0.38945386,0.4120126
0.37993795,0.4068251
0.3758058,0.40401143
0.37962732,0.40689048
0.40425935,0.4178206
0.42077768,0.4289067
0.4222651,0.43156117
0.41942784,0.43446022
0.4140254,0.42385465
0.40556118,0.40423906
0.39113513,0.38514656
0.3765918,0.37662798
0.3635779,0.36606067
0.35549125,0.35655916
0.35029456,0.35405004
0.3483911,0.35375524
0.3497457,0.35158256
0.3566578,0.36399245
0.36569518,0.37712255
0.37234613,0.38644996
0.3804534,0.37938374
0.3864699,0.3838646
0.39726892,0.40290257
0.3997658,0.39841357
0.40429872,0.37990642
0.41029805,0.3842128
0.41247126,0.38749024
0.4172738,0.3928869
0.43263078,0.40394995
0.44791016,0.42750037
0.44799995,0.4394162
0.44591862,0.43513346
0.4374252,0.42168546
0.42130575,0.4130111
0.40484685,0.40443343
0.40639228,0.3981148
0.40793774,0.383219
0.4094832,0.38590634
0.41102865,0.3828862
0.4125741,0.38149717
0.41411957,0.39311388
0.41566503,0.42569754
0.41721046,0.44639075
0.41875592,0.47444108
0.42030138,0.4699188
0.42184684,0.47880754
0.4233923,0.4981197
0.42493775,0.49251333
0.42648318,0.48978812
0.42802864,0.49364787
0.4295741,0.49233922
0.43111956,0.4931642
0.43266502,0.5046409
0.43421048,0.5134457
0.43575594,0.5129152
0.43730137,0.5094729
0.43884683,0.49102384
0.4403923,0.47262406
0.44193774,0.4653163
0.4434832,0.44909063
0.43033525,0.4334527
0.4225181,0.43011796
0.4188306,0.423854
0.42137554,0.4348345
0.43019512,0.4501144
0.45355928,0.47057965
0.48814192,0.48524356
0.5029455,0.4955686
0.50322664,0.48673576
0.5003924,0.48716566
0.49770927,0.4947041
0.4934699,0.48933432
0.48929772,0.48686242
0.48901922,0.48024148
0.49193275,0.47817203
0.49931356,0.48222038
0.52193815,0.48527327
0.5355904,0.4901881
0.5295197,0.4939343
0.52472764,0.49724835
0.5158211,0.48739523
0.49774396,0.46421143
0.47417164,0.4929539
0.45135972,0.46034378
0.43577772,0.45663404
0.42639726,0.4415921
0.41808698,0.4334883
0.41652426,0.445724
0.42256594,0.46022955
0.4450419,0.49665615
0.47849014,0.5296322
0.49128667,0.5437777
0.48800766,0.53580374
0.47955498,0.5364779
0.47333664,0.53910637
0.46610925,0.5353933
0.45862707,0.5394035
0.454291,0.5334007
0.45104578,0.52255315
0.45617518,0.51379895
0.4807326,0.5183726
0.4972828,0.5206112
0.491256,0.52172655
0.48455533,0.51596445
0.47470635,0.49578196
0.4567203,0.47184578
