true,forecasted
0.12917612,0.12893115
0.10900521,0.10126762
0.096046016,0.084109314
0.08430522,0.07963699
0.07993415,0.09135859
0.102337666,0.1155596
0.12636742,0.14986962
0.16588901,0.1910144
0.19371942,0.23330471
0.21749078,0.2682827
0.25388137,0.3077324
0.278631,0.34044436
0.28532535,0.36488092
0.30652985,0.3936639
0.32777828,0.40832818
0.32613263,0.42873514
0.32839203,0.44351292
0.36389905,0.44892436
0.35105565,0.4331424
0.3285255,0.40922296
0.2909787,0.38075423
0.25744244,0.34914786
0.21894476,0.29152128
0.17676677,0.23243119
0.13559155,0.13683614
0.10412248,0.11162484
0.093714744,0.090323746
0.0878703,0.08693609
0.094235525,0.094640166
0.11257599,0.11500749
0.1415438,0.15353231
0.17978425,0.18968494
0.2053718,0.22839355
0.23101583,0.26047423
0.26064304,0.2910912
0.2708112,0.31181467
0.2764007,0.334495
0.29224843,0.35810086
0.28717917,0.3733263
0.27144265,0.38590062
0.26932472,0.39294615
0.2657619,0.39677542
0.25198704,0.3803432
0.24514665,0.35839045
0.23460487,0.3321435
0.22058298,0.30668706
0.19443871,0.2510453
0.15437524,0.19498473
0.12574454,0.09832469
0.09740645,0.07681913
0.08917711,0.063506514
0.08884456,0.06169009
0.08628968,0.073512904
0.112257704,0.09429322
0.13959813,0.13605477
0.17842267,0.17034769
0.20141657,0.20757744
0.23511595,0.23523664
0.26379058,0.26017156
0.28322852,0.27773845
0.28363124,0.28822827
0.3037474,0.30315927
0.30417064,0.30683324
0.29839578,0.31431094
0.29205394,0.31778812
0.28832456,0.31881112
0.28032,0.30454355
0.25661308,0.28671497
0.24328026,0.27400452
0.24023141,0.24769045
0.20925745,0.20081542
0.16397813,0.15235251
0.122685984,0.08330854
0.09482705,0.05730415
0.07881044,0.042549536
0.0704345,0.038468774
0.06362093,0.050037604
0.06846316,0.07906903
0.06683863,0.11959046
0.103453964,0.1600296
0.13305323,0.203549
0.16218817,0.23175299
0.19580941,0.2576389
0.22788711,0.27827603
0.25684524,0.28986627
0.27535683,0.31053934
0.30146515,0.3173152
0.32561755,0.33144704
0.3517065,0.33237457
0.35908192,0.32881445
0.3571431,0.314781
0.3434344,0.29656658
0.31219062,0.28302446
0.29219025,0.25469467
0.25796667,0.20117646
0.20335597,0.14632712
0.16231936,0.15225132
0.13119082,0.11817393
0.104249686,0.09283091
0.08678309,0.084840834
0.078945056,0.08961649
0.074556306,0.10669243
0.07328029,0.13923512
0.094167076,0.17081977
0.1387699,0.21516556
0.1855956,0.26132488
0.2345039,0.30102888
0.28303173,0.34533745
0.3268234,0.37811953
0.36849543,0.41585764
0.4065197,0.44451442
0.40068895,0.47230762
0.3730633,0.48924103
0.34457806,0.49545425
0.3225784,0.4742717
0.31454584,0.44522062
0.3014606,0.41973227
0.28729442,0.37751916
0.26762775,0.31252572
0.21661177,0.24771
0.18711919,0.16782814
0.15854095,0.14140134
0.14054672,0.1160717
0.13257521,0.10299127
0.14148448,0.11515355
0.18103573,0.13847715
0.2185991,0.1817732
0.24192782,0.21495233
0.28405675,0.26123986
0.3120794,0.3010125
0.3131934,0.33690724
0.30520535,0.38074392
0.30346844,0.41086835
0.29581124,0.44809255
0.28005758,0.46339396
0.27654272,0.49313313
0.26923686,0.5039181
0.26154086,0.5122831
0.24747907,0.49688604
0.22743991,0.4655243
0.21365248,0.43480346
0.21491764,0.38510388
0.18463618,0.326811
0.138548,0.26219073
0.103048965,0.09913529
0.08488647,0.07627408
0.07704216,0.062335536
0.061208658,0.059677836
0.0685356,0.070358366
0.089800574,0.1004873
0.12420442,0.15181568
0.16185048,0.18909733
0.2008855,0.22689107
0.2227437,0.2509186
0.2439927,0.2729359
0.25761014,0.2904668
0.2780794,0.29556906
0.28120127,0.3127844
0.29310519,0.3125364
0.294019,0.31781328
0.28566188,0.31770203
0.26171142,0.31458402
0.24852349,0.3028265
0.2353829,0.28558305
0.22712505,0.27004975
0.22178997,0.2337684
0.19198936,0.18901627
0.1476381,0.13743775
0.124859825,0.111404486
0.104302734,0.08664787
0.09104464,0.06561841
0.08223462,0.06398383
0.09123003,0.07121156
0.12723103,0.09444115
0.16111124,0.13198358
0.18640673,0.15756483
0.21488571,0.19385307
0.23954007,0.22838476
0.25813094,0.26348665
0.2704222,0.28578356
0.2754213,0.30018783
0.282637,0.32510743
0.2847943,0.33761436
0.27945638,0.34689093
0.28077632,0.3567653
0.27974957,0.35119927
0.26581895,0.3319563
0.25988325,0.30997023
0.24921654,0.29787552
0.23981044,0.27077848
0.20460516,0.21568523
0.15429252,0.16684495
0.11116251,0.12330032
0.08859244,0.10153653
0.07687389,0.08205347
0.06594707,0.07263087
0.07672159,0.08504032
0.09327952,0.11286597
0.12956801,0.1561495
0.16792196,0.18776935
0.19217303,0.22463319
0.22245508,0.25641912
0.24404347,0.2828603
0.25255516,0.30638504
0.2659513,0.32417756
0.28405902,0.34724328
0.2950891,0.35968387
0.2992434,0.37976974
0.31042233,0.3856539
0.31202918,0.38654304
0.30648023,0.37015864
0.2888197,0.34607252
0.28447372,0.32813597
0.260748,0.29962236
0.22202384,0.24194904
0.18209441,0.18899871
0.18087775,0.13765776
0.17966107,0.11327787
0.17844439,0.09197946
0.1772277,0.08550236
0.17601103,0.095296144
0.17479435,0.12156222
0.17357767,0.15496865
0.172361,0.18496971
0.17114432,0.22108158
0.16992764,0.25877735
0.16871096,0.29292282
0.16749428,0.32436782
0.1662776,0.34343046
0.16506092,0.37209818
0.16384426,0.39009008
0.16262758,0.40535647
0.1614109,0.41540265
0.16019422,0.4186762
0.15897754,0.39786947
0.15776086,0.37357077
0.15654418,0.3500082
0.15532751,0.31410015
0.15411083,0.26376346
0.15289415,0.20769434
0.15167747,0.10542512
0.1504608,0.083219066
0.14924411,0.0662003
0.14802743,0.063598946
0.14681077,0.06921006
0.14559409,0.08581792
0.14437741,0.1290987
0.14316073,0.14730054
0.14194405,0.18368644
0.14072737,0.21831736
0.13951069,0.24014068
0.13829403,0.26088244
0.13707735,0.27967006
0.13586067,0.30301282
0.13464399,0.31300426
0.1334273,0.32018536
0.13221063,0.3269447
0.13099395,0.3266366
0.12977728,0.31590834
0.1285606,0.30069366
0.12734392,0.2840166
0.12612724,0.26138788
0.12491056,0.21030931
0.12369388,0.16049938
0.12247721,0.08848612
0.09510655,0.066442974
0.080368236,0.047056206
0.06380746,0.047026
0.0558291,0.0537992
0.056595165,0.07498938
0.054909024,0.12051503
0.074629314,0.14214611
0.106605485,0.18392017
0.14164591,0.21940863
0.17190914,0.24250755
0.1965943,0.26941967
0.22702807,0.28346473
0.25449,0.31052396
0.2891665,0.31694955
0.3121239,0.32326242
0.34367338,0.32910442
0.37498903,0.33063805
0.3827335,0.31776288
0.36748752,0.30582914
0.33384976,0.28340006
0.3181674,0.25736088
0.27475333,0.20513014
0.22502878,0.15195084
0.17148703,0.18875296
0.13417408,0.15400605
0.11343788,0.12563139
0.10205759,0.112856165
0.09868474,0.13075706
0.11317322,0.15656728
0.13878131,0.21246488
0.19068767,0.2489654
0.22812726,0.29458755
0.2770407,0.33440804
0.33915174,0.3729644
0.40236196,0.41256696
0.45371276,0.44534063
0.5140618,0.4785348
0.5708241,0.49739754
0.60798645,0.52399534
0.59219515,0.5367804
0.5907857,0.53851134
0.5723939,0.5167359
0.5646694,0.48614565
0.55101025,0.44567293
0.51535094,0.39936852
0.45872098,0.3342028
0.37881193,0.2663083
0.3058756,0.2817176
0.25898483,0.24076034
0.22117165,0.20708197
0.20495084,0.18505116
0.2046314,0.20005476
0.2295453,0.22891209
0.2584344,0.28097638
0.29807633,0.32240143
0.33591464,0.3684782
0.37049475,0.41146383
0.40562072,0.4540374
0.42154494,0.4993462
0.4456882,0.53668356
0.4828848,0.5715338
0.5251557,0.5867646
0.5454949,0.6066921
0.5114339,0.6172762
0.49873826,0.60664403
0.51402074,0.57991886
0.49061787,0.54554236
0.46037632,0.5059386
0.44494495,0.45182034
0.39051166,0.38474956
0.3239046,0.31813985
0.26111478,0.2718876
0.23153262,0.23306759
0.2000567,0.21221413
0.17705254,0.1980125
0.17079797,0.20498344
0.19512263,0.23434111
0.23102039,0.2809033
0.2841697,0.3267826
0.3422599,0.3626894
0.39577827,0.4033679
0.44168788,0.4455224
0.4616797,0.47455382
0.48361832,0.49607772
0.52843446,0.52192974
0.54078734,0.5367507
0.5529873,0.5526248
0.5426423,0.5582603
0.54825,0.5482033
0.5083069,0.53361607
0.45365116,0.5083393
0.40740725,0.47011966
0.3864258,0.42295438
0.31987408,0.36510244
0.25700152,0.3114773
0.2102802,0.23682858
0.16989158,0.19795276
0.14022216,0.17876458
0.12595786,0.16136311
0.13453002,0.1657632
0.15436496,0.19051245
0.18930557,0.23319528
0.2218784,0.27862397
0.25797352,0.3164463
0.28369683,0.35849798
0.30822513,0.40248957
0.31554008,0.43119466
0.33792362,0.45277482
0.37276328,0.48385993
0.3959876,0.4983924
0.4048849,0.5146942
0.41547915,0.5205163
0.40221366,0.51269966
0.37222937,0.50113064
0.34244186,0.47988614
0.3249051,0.44861412
0.30068198,0.41179794
0.26233146,0.3484849
0.21177867,0.29261172
0.16697335,0.1822155
0.14673457,0.15307282
0.123454325,0.13364747
0.1202988,0.11055748
0.12452442,0.10329531
0.14938356,0.09696331
0.17843807,0.09439285
0.22480346,0.09782182
0.2636976,0.12312177
0.28920415,0.16817188
0.3222407,0.21137026
0.367629,0.24817733
0.40272075,0.2836585
0.4143697,0.31405875
0.40068153,0.33156496
0.4189929,0.35508394
0.42651835,0.36425656
0.43629295,0.3754447
0.44919452,0.3655053
0.42044175,0.34452173
0.3868827,0.33670038
0.37289333,0.30497092
0.33099368,0.26211956
0.26604027,0.21890502
0.23078936,0.19869645
0.2029236,0.16562669
0.18472117,0.1356047
0.16719069,0.12023975
0.15872462,0.11555818
0.16579431,0.12054494
0.17461574,0.14026237
0.2010515,0.14695081
0.22545545,0.1898255
0.27340716,0.23484045
0.305648,0.28285354
0.33409047,0.33106387
0.34916133,0.36642098
0.36924896,0.40527603
0.39242938,0.42573518
0.4055768,0.44947585
0.4249862,0.46362758
0.43686792,0.46866822
0.4501374,0.4535509
0.42308846,0.4287131
0.3890149,0.404804
0.3712534,0.37207115
0.33170328,0.31300136
0.28326502,0.25978833
0.22882886,0.2082215
0.19607465,0.17392868
0.16745992,0.1436143
0.15113758,0.12981766
0.1478326,0.1382154
0.1416847,0.14878765
0.14232926,0.18210351
0.17197645,0.20209412
0.22769603,0.25063848
0.2981659,0.3005496
0.3670084,0.3421369
0.41520366,0.39730808
0.46834612,0.42960614
0.5248369,0.46777597
0.56149274,0.4917475
0.6069865,0.51264274
0.59769905,0.5325853
0.5997081,0.5374147
0.57342744,0.5138764
0.5645855,0.48646876
0.5386431,0.44859156
0.51867247,0.40173078
0.46819267,0.34593585
0.39724022,0.28072852
0.32787126,0.2770235
0.28239113,0.23391776
0.25056955,0.19689918
0.23010488,0.17524149
0.23908202,0.17983365
0.26287106,0.21123183
0.29310292,0.25753465
0.34419474,0.29628274
0.38350755,0.35578635
0.4323069,0.41496813
0.4843068,0.4651049
0.5079573,0.5174711
0.55160576,0.55364203
0.6048475,0.6026648
0.5940382,0.61500955
0.51805866,0.6302927
0.46819153,0.63966936
0.4720772,0.62299746
0.4735631,0.5986885
0.43954885,0.5583881
0.41163173,0.5179224
0.38728768,0.479675
0.3423158,0.40514082
0.2757567,0.3337326
0.2203474,0.21087652
0.17731722,0.17207165
0.15461765,0.15667668
0.13684818,0.14444502
0.14654975,0.15677795
0.17777297,0.18400958
0.22003254,0.23479076
0.2570694,0.27749652
0.2949887,0.31049225
0.3207719,0.34642115
0.33550966,0.37487713
0.35305497,0.39919743
0.36248502,0.41414505
0.37175593,0.4296243
0.3681515,0.44147143
0.3783921,0.45378998
0.33717924,0.45797592
0.3237067,0.4524191
0.3464992,0.4375388
0.3409548,0.42278865
0.33033144,0.38885295
0.3139241,0.34281555
0.27655128,0.293076
0.23241562,0.24127825
0.18980297,0.15185316
0.16121162,0.12098707
0.14119756,0.10657062
0.13126898,0.101076394
0.13255468,0.10944601
0.15253165,0.14188749
0.1916956,0.18909222
0.24521281,0.23155211
0.27192238,0.26523194
0.2888465,0.29445398
0.3132248,0.32352123
0.32066694,0.3421269
0.33261767,0.35707164
0.35316107,0.37656978
0.3740581,0.38640165
0.3965677,0.39807358
0.37165782,0.4013659
0.3710874,0.39501172
0.34495682,0.3763444
0.3560502,0.35073084
0.34241563,0.33100027
0.33119732,0.29357988
0.28457296,0.23737235
0.2294044,0.18621346
0.16151337,0.18902835
0.13633253,0.15755077
0.116066344,0.13264485
0.08995059,0.12029244
0.091612205,0.12925757
0.11591177,0.15071884
0.14956951,0.1898076
0.18777914,0.21926804
0.21881014,0.26817214
0.25484422,0.30827704
0.29300252,0.3475276
0.33778104,0.38550955
0.37178445,0.41378373
0.4193688,0.45178515
0.4620562,0.46992344
0.46221074,0.49388635
0.48841608,0.5041236
0.51382965,0.50892943
0.4944533,0.48985115
0.49843934,0.44949207
0.46625784,0.42647928
0.41966087,0.38911116
0.35431498,0.32507876
0.2995657,0.26645
0.2460519,0.24553604
0.20314091,0.20552978
0.16510753,0.17399722
0.15212211,0.15535922
0.14945999,0.16141939
0.1700821,0.1819159
0.19859017,0.21777919
0.24893646,0.25153208
0.30528978,0.3031312
0.38294685,0.35517237
0.42176738,0.40517026
0.45504695,0.45910275
0.46774432,0.4979753
0.49085003,0.5465134
0.47630793,0.57187426
0.47208402,0.5994255
0.4935606,0.617716
0.51416165,0.61736304
0.5120888,0.5926169
0.46870092,0.5526403
0.4671511,0.51423013
0.4588111,0.4679244
0.4069207,0.39696226
0.3379647,0.32422513
0.28103584,0.25096223
0.23785906,0.21191745
0.20690621,0.179542
0.18885095,0.16354579
0.19514145,0.16589075
0.19315071,0.18041801
0.20718971,0.21472211
0.23092969,0.23901607
0.26677325,0.28717256
0.32798362,0.33800274
0.42529368,0.3895202
0.5165859,0.43631825
0.5156196,0.4743476
0.4764591,0.5182224
0.50642055,0.5435697
0.50976944,0.56523144
0.5275087,0.5778989
0.50141007,0.57655007
0.5253634,0.5540273
0.49291492,0.51354706
0.4406452,0.4759012
0.4198645,0.4360071
0.38207868,0.36841342
0.33854252,0.30611408
0.28940436,0.23403864
0.2500847,0.19233505
0.21838291,0.15994145
0.1944678,0.14220648
0.18736103,0.14656067
0.19020055,0.16539466
0.19537304,0.20704049
0.21536028,0.24216478
0.2396667,0.29285443
0.27418178,0.34599704
0.30862042,0.39961573
0.3354235,0.44296324
0.35881385,0.4802907
0.36836255,0.5266485
0.39228392,0.5504686
0.39203122,0.57430285
0.4030533,0.586014
0.4492835,0.5802929
0.48572314,0.55624306
0.47040987,0.51165116
0.44468656,0.47896352
0.38533172,0.43622077
0.32720673,0.36477265
0.27064124,0.2952023
0.22900455,0.2356688
0.19008304,0.19320466
0.16381213,0.16424572
0.15106799,0.14898802
0.15930359,0.15759698
0.18278575,0.18117553
0.20869559,0.23387048
0.24282621,0.26573652
0.28670803,0.32209897
0.32046902,0.37283427
0.3557764,0.42743674
0.37271193,0.46864456
0.3851435,0.5020999
0.39599615,0.54893225
0.36778414,0.57095754
0.3993947,0.59939873
0.41913778,0.61392564
0.4336428,0.6108007
0.43404552,0.5896335
0.46177667,0.5412159
0.4360699,0.5083991
0.41363558,0.469716
0.37559593,0.39866987
0.31813547,0.33044523
0.26020098,0.25692356
0.22224118,0.21843801
0.1969086,0.18623106
0.17555007,0.16584107
0.17451991,0.17664656
0.18641815,0.19604191
0.19280106,0.2507685
0.21190359,0.28615874
0.2532026,0.33695564
0.3060393,0.38626754
0.36431718,0.43627417
0.4003313,0.48359662
0.45813346,0.5170863
0.5045188,0.5620365
0.53364176,0.5814844
0.52203786,0.6117695
0.5626769,0.62347037
0.583457,0.62552327
0.58236927,0.6027765
0.5568627,0.56891763
0.53503984,0.5222725
0.4993623,0.46963456
0.45788532,0.39112213
0.4063018,0.32019854
0.3413946,0.30665892
0.290981,0.2639365
0.2507521,0.22504401
0.22784033,0.19778405
0.2212093,0.20888744
0.24055198,0.23718593
0.28636464,0.29034826
0.34746948,0.31857195
0.42104754,0.38295728
0.5010912,0.43887922
0.582562,0.49323472
0.59858036,0.55404574
0.6546097,0.59373826
0.6893854,0.65016836
0.73419356,0.6679535
0.7667305,0.7003981
0.79172367,0.7100283
0.80470055,0.70292205
0.80191636,0.6758609
0.7591109,0.6296607
0.6975805,0.5760988
0.6839106,0.51949424
0.61846834,0.4416156
0.53249294,0.36072886
0.45130107,0.4395914
0.38966116,0.37475112
0.34352908,0.32576245
0.31196076,0.29553178
0.2878996,0.30002564
0.29187995,0.33701205
0.3336712,0.3744531
0.40163296,0.42707396
0.487824,0.4837667
0.57829595,0.55891913
0.6560294,0.6194908
0.7184559,0.69719315
0.7767327,0.753333
0.7822748,0.79466915
0.80635756,0.8133849
0.82351613,0.83082443
0.83748955,0.83801126
0.8313878,0.81160945
0.77569735,0.76570594
0.7451883,0.71170306
0.6902485,0.645092
0.6352048,0.5858148
0.5692555,0.5093118
0.4929092,0.41819042
0.42584297,0.4187925
0.37002414,0.35885817
0.33759052,0.32085234
0.3125551,0.28924006
0.3069679,0.2879153
0.32978955,0.32046917
0.3557011,0.3513631
0.40622252,0.4066135
0.4579378,0.4533982
0.50600415,0.52458423
0.54675555,0.5899257
0.57101804,0.649513
0.622281,0.6970232
0.68137056,0.7353115
0.7115859,0.75229156
0.7355654,0.77253
0.73787105,0.77911156
0.7312126,0.75399244
0.70527995,0.7274288
0.6571383,0.6814847
0.5889672,0.6170188
0.52808595,0.55840576
0.47466743,0.49256477
0.40716028,0.41570222
0.3437578,0.33877778
0.27606812,0.2911492
0.23017903,0.2581231
0.2021159,0.23374616
0.19336177,0.24266593
0.18859312,0.2695943
0.18677635,0.3110173
0.2036908,0.35182253
0.26729804,0.39470693
0.32454917,0.4484964
0.39135358,0.5068684
0.42884335,0.5531975
0.48532328,0.59043396
0.5243903,0.6257998
0.5704163,0.6486271
0.5674638,0.6714414
0.57654417,0.6817255
0.5756127,0.65873283
0.5633779,0.6352042
0.5829619,0.59634495
0.5630163,0.5498536
0.53481,0.4873603
0.48512992,0.4217135
0.43285906,0.35715914
0.3823325,0.33205372
0.33133823,0.2825655
0.29477423,0.249935
0.25820908,0.22163521
0.24294372,0.22566842
0.24014527,0.23109508
0.2410893,0.259482
0.25178054,0.26824772
0.27702415,0.32842132
0.2952551,0.38686538
0.31712127,0.4368951
0.32492793,0.50463843
0.33971244,0.5478787
0.3653,0.6005423
0.41122845,0.62185824
0.46526816,0.65172774
0.49600312,0.6662452
0.47192717,0.6637598
0.44620386,0.6512841
0.42883992,0.6211213
0.40023547,0.5690717
0.40069064,0.521388
0.3623949,0.457056
0.31041777,0.3873797
0.24821262,0.26266605
0.21668763,0.22205399
0.19174238,0.19431871
0.17690139,0.18413691
0.17661902,0.18346573
0.20311525,0.19618323
0.23338817,0.22147319
0.27793622,0.23996449
0.30896494,0.2809487
0.34700972,0.32899526
0.39099535,0.36918166
0.42955524,0.40562406
0.47653723,0.43836206
0.5102526,0.4737855
0.5492146,0.4921083
0.5406955,0.5194498
0.5657611,0.5376375
0.5912106,0.543099
0.5782891,0.5167046
0.54124135,0.47635174
0.5115531,0.43937486
0.48371017,0.40752897
0.432397,0.35829723
0.35692978,0.3031972
0.283196,0.29732528
0.2372356,0.24874263
0.20656681,0.21372245
0.19006935,0.19656518
0.17634295,0.19587195
0.1922643,0.22056925
0.22326563,0.25686517
0.29141676,0.29067943
0.34482676,0.35333326
0.39764008,0.4053917
0.46625727,0.47258496
0.51201457,0.5246939
0.56273395,0.57118374
0.5795976,0.61932206
0.62599605,0.6510036
0.662742,0.6808103
0.6898959,0.6990025
0.69854736,0.69180244
0.6864986,0.6673368
0.6503099,0.60577154
0.61603725,0.56371653
0.57307893,0.5223887
0.5126883,0.4511868
0.43008286,0.3755014
0.35002208,0.3544833
0.30526412,0.30374482
0.26946616,0.26093793
0.26120433,0.24106784
0.25616872,0.24965419
0.26978844,0.27316278
0.29066783,0.3169919
0.36254776,0.36012742
0.40995243,0.42619336
0.45683634,0.48952505
0.52926385,0.5531875
0.6072746,0.61195356
0.622982,0.6586296
0.652818,0.72010314
0.68333447,0.745877
0.70733345,0.7663151
0.7377638,0.782343
0.74857485,0.7749773
0.72274256,0.74272287
0.68428135,0.6789491
0.6427679,0.63899994
0.6137904,0.58576536
0.5570789,0.502897
0.47362813,0.41921228
0.38915122,0.36994267
0.33712333,0.30758813
0.30825934,0.27030778
0.2900712,0.24755771
0.27417606,0.2506843
0.2797336,0.27073905
0.32355267,0.31515464
0.38032067,0.36229864
0.45650434,0.4284896
0.52640265,0.4962098
0.58746016,0.568809
0.64267206,0.63072103
0.7079786,0.6777756
0.76666373,0.740302
0.80467945,0.76727414
0.7943767,0.7916947
0.81987464,0.8024538
0.82553715,0.78048486
0.81439126,0.7533876
0.79722184,0.6983577
0.70782346,0.6473521
0.5945994,0.59445184
0.5325728,0.5096224
0.4534384,0.4220621
0.37912735,0.39721692
0.33941013,0.33210704
0.30059984,0.29449278
0.28903416,0.26612887
0.28775245,0.26452202
0.30573356,0.28699985
0.3342074,0.328752
0.3676484,0.37069446
0.4122301,0.43533295
0.44807538,0.5065345
0.4966055,0.5867911
0.5609879,0.65139145
0.63522875,0.70735705
0.69220096,0.77048874
0.66302323,0.7951538
0.67814773,0.8175427
0.7049902,0.83327645
0.7127632,0.80000466
0.69202983,0.78262365
0.64384085,0.7311369
0.60998744,0.6757368
0.56774217,0.6234607
0.49790603,0.53748506
0.42882738,0.45240462
0.36309707,0.34254164
0.31265607,0.28665912
0.27060872,0.2521096
0.24528298,0.2265981
0.22601958,0.2267214
0.22463462,0.23707396
0.23103578,0.2677826
0.2668748,0.29161766
0.34051844,0.34912395
0.43180436,0.41083527
0.52114004,0.46724156
0.58697075,0.52387404
0.6393089,0.57094276
0.66059273,0.6202817
0.69134766,0.63351536
0.71968,0.6553931
0.6944507,0.6698287
0.6687268,0.65595526
0.61986357,0.6353167
0.6132645,0.59150565
0.58534396,0.54831046
0.53319854,0.49771875
0.47700554,0.43477824
0.4215415,0.3620445
0.36859813,0.32476938
0.3237135,0.27652118
0.28441212,0.24370065
0.26724443,0.21722098
0.25352943,0.22097802
0.25762612,0.23511979
0.26284313,0.25966972
0.27485257,0.28097448
0.30693883,0.32920986
0.3580609,0.38441724
0.42293388,0.4454873
0.48204115,0.49295515
0.53602725,0.5371394
0.58702093,0.5827181
0.63247085,0.6014217
0.66069025,0.6296884
0.64239204,0.64393544
0.62875,0.6330142
0.6174456,0.6073426
0.608238,0.5580795
0.5819323,0.52144116
0.5576658,0.47752464
0.49503285,0.42015782
0.4158448,0.35496658
0.35950518,0.35562778
0.3083854,0.29908285
0.26613325,0.26641983
0.24544497,0.24688189
0.24655956,0.24738552
0.28532305,0.27093932
0.31237715,0.31098047
0.34830683,0.34296098
0.4021104,0.40126562
0.46780822,0.45858586
0.53289056,0.51973903
0.5808736,0.5746168
0.6285281,0.6186091
0.6432608,0.6625273
0.6701437,0.69242615
0.6515888,0.7214423
0.6220631,0.73940873
0.5879262,0.7198267
0.51964843,0.69298625
0.4927107,0.64059806
0.46686816,0.5927339
0.4360163,0.5379274
0.3835412,0.4668574
0.32658726,0.3852507
0.26389837,0.24186741
0.22185159,0.20013371
0.20087866,0.17711449
0.1850714,0.1632259
0.19238295,0.1661976
0.21877079,0.19727978
0.2576963,0.24068439
0.2962533,0.27508652
0.32670704,0.3126919
0.36085764,0.35650414
0.4033311,0.39573082
0.423429,0.43208224
0.46358773,0.45191056
0.4946233,0.4855014
0.5429366,0.5030588
0.5478108,0.52252924
0.5772219,0.5395528
0.6069084,0.5344079
0.58461726,0.50408924
0.58373654,0.46494797
0.5533963,0.4305442
0.53025293,0.3924541
0.46571082,0.32717904
0.3978774,0.27253878
0.3417317,0.31681645
0.28527117,0.26546848
0.25597537,0.23717931
0.2427532,0.2229193
0.24840656,0.22729543
0.27173585,0.2503333
0.30713904,0.2962281
0.3416684,0.33392596
0.3942022,0.38836217
0.43098354,0.43882263
0.4612844,0.49326053
0.48694497,0.5316171
0.53415745,0.566198
0.5855926,0.60863703
0.63814414,0.63609123
0.6550101,0.6627409
0.62909055,0.6756686
0.64764094,0.67529684
0.6394789,0.6535433
0.6292086,0.5974343
0.58142465,0.5565097
0.5474891,0.52067757
0.47022334,0.4470615
0.38985568,0.3881659
0.3233131,0.341408
0.26679152,0.28803748
0.22877581,0.2566968
0.21013874,0.23491137
0.20724788,0.23980287
0.21838632,0.26409665
0.2572622,0.31287444
0.30512035,0.34898132
0.35795766,0.40912116
0.40606052,0.46745828
0.45058176,0.5296777
0.49746794,0.58077043
0.5565695,0.6177982
0.62223995,0.6673316
0.67986524,0.69579965
0.7199253,0.72095317
0.74789035,0.7329836
0.7694639,0.72149926
0.7454353,0.6977703
0.70062256,0.6454761
0.66775537,0.60037255
0.6311338,0.5530796
0.4738985,0.47934452
0.3690322,0.40572888
