true,forecasted
0.14258178,0.15275228
0.10453709,0.11631128
0.07450541,0.09180766
0.05627215,0.07576994
0.06358708,0.08900053
0.09944315,0.12782381
0.15155703,0.18358466
0.20826067,0.23413382
0.23635933,0.2660552
0.25602692,0.27809736
0.26648507,0.29063657
0.28031513,0.30863705
0.2987634,0.33040044
0.31814578,0.34998935
0.33842045,0.36879736
0.3655575,0.38680834
0.39218548,0.41260383
0.40665594,0.43035698
0.37399316,0.401886
0.35192683,0.38207906
0.31646132,0.34168452
0.29239267,0.31373227
0.2326698,0.2573457
0.17329781,0.18870856
0.11408491,0.13254678
0.084671,0.099913254
0.055789046,0.074897185
0.040250406,0.06421242
0.052305344,0.078364715
0.07798026,0.11953952
0.14648508,0.17533608
0.19144098,0.22774504
0.22111171,0.2544813
0.23029613,0.27113953
0.23581576,0.28071442
0.25567973,0.30141768
0.26172248,0.3265458
0.28972432,0.34936386
0.3060789,0.3679033
0.3283529,0.38596237
0.35209784,0.408572
0.3609424,0.42007208
0.3347749,0.3902443
0.3068158,0.3662413
0.2905284,0.3261776
0.275573,0.29208273
0.2193552,0.2361139
0.16873369,0.17314658
0.10480154,0.1145576
0.06715201,0.08640139
0.046301387,0.06354706
0.0324988,0.060729258
0.037158497,0.07245009
0.07827189,0.11785693
0.12462214,0.17272979
0.17983311,0.22499737
0.20938292,0.24864501
0.22406651,0.27579048
0.22974128,0.28661445
0.25605533,0.3059348
0.28529578,0.3234598
0.28263476,0.3310195
0.27977434,0.3441679
0.28279692,0.35822356
0.28882745,0.3829358
0.3134937,0.40785056
0.28454855,0.40850753
0.26629788,0.39080936
0.24850374,0.37037995
0.22655652,0.34562135
0.18646033,0.296858
0.14440517,0.23954159
0.10456519,0.20109162
0.06384084,0.17470692
0.040265065,0.14789522
0.031790636,0.13696282
0.024494644,0.1299191
0.026423385,0.13907167
0.033764265,0.14292258
0.05865437,0.16335319
0.10255949,0.20143454
0.13274783,0.24167132
0.15122722,0.28286085
0.16944644,0.32371193
0.20241214,0.3604418
0.21116477,0.37244362
0.25020406,0.4133796
0.29306388,0.43659955
0.33508486,0.4738578
0.35974225,0.50044
0.37322664,0.49539393
0.35629827,0.46220052
0.33928344,0.4354179
0.31426844,0.39777353
0.27204806,0.35409707
0.22046982,0.31375372
0.16619053,0.18217748
0.13492484,0.14425303
0.0977926,0.1095572
0.078674674,0.093224674
0.06318337,0.07878548
0.05965905,0.07446703
0.056149084,0.06535924
0.08914564,0.088907264
0.12216235,0.1462346
0.17180727,0.19857377
0.21807875,0.25278145
0.25700992,0.3059655
0.30770382,0.35423383
0.35801506,0.4008407
0.39603257,0.45246667
0.4325901,0.49707556
0.45871574,0.54467815
0.47789657,0.5777121
0.4809558,0.5888334
0.45993358,0.5502516
0.45117393,0.5223342
0.43560416,0.49237797
0.38233596,0.43491435
0.32891172,0.37413287
0.25625962,0.27658638
0.22336903,0.23427027
0.18879889,0.20967057
0.18220343,0.19427632
0.19272752,0.20710222
0.23621123,0.2540403
0.2941327,0.30531138
0.36086023,0.35432923
0.40884364,0.37855998
0.4431026,0.39578542
0.4648672,0.41727838
0.47600663,0.45377213
0.47311413,0.48729703
0.4886537,0.49680084
0.47714323,0.49432653
0.4864504,0.49176043
0.485108,0.49034575
0.49420416,0.47705024
0.4336018,0.42025262
0.38866055,0.38820192
0.35869056,0.3575327
0.32866895,0.32966384
0.27526578,0.27386937
0.19940391,0.20408043
0.13565804,0.15909004
0.10336171,0.11977722
0.08359944,0.093114644
0.055123027,0.0808124
0.06582027,0.09223598
0.10526816,0.13533376
0.16645102,0.19640091
0.2290548,0.24416217
0.2556278,0.26623175
0.2818075,0.2807002
0.28944856,0.29779223
0.28435433,0.3201156
0.32085964,0.34623614
0.33904433,0.371879
0.36276576,0.39610094
0.3977274,0.42101705
0.4211624,0.45648986
0.44268453,0.47753003
0.41800758,0.4514829
0.38395995,0.41947326
0.3590964,0.38359007
0.32971242,0.35356224
0.27712828,0.2895419
0.19922619,0.22921272
0.14130594,0.15600702
0.101259515,0.11988856
0.07912908,0.09149878
0.0645374,0.08200708
0.077801615,0.09639996
0.1335815,0.13703059
0.18487361,0.19610448
0.23953797,0.24109273
0.27746233,0.26634732
0.29809982,0.28274292
0.31713682,0.30417913
0.30694923,0.32571396
0.28251842,0.35328057
0.3175857,0.38156563
0.33987555,0.4103793
0.34872958,0.4444312
0.37786347,0.48078117
0.39821294,0.5004112
0.38456243,0.48121065
0.3610343,0.44471538
0.3308994,0.40924093
0.30792186,0.37458593
0.25760022,0.31634238
0.18718682,0.2623908
0.13115011,0.13705778
0.090824895,0.100491166
0.0581902,0.079176724
0.05092475,0.06953766
0.06255247,0.082148574
0.08875995,0.12058387
0.1582499,0.17593238
0.20546222,0.22399476
0.24063243,0.2542377
0.25748754,0.2731907
0.2752099,0.29721633
0.2862104,0.33198225
0.30891126,0.36481002
0.3337461,0.39653617
0.3693643,0.4282453
0.40237275,0.45917308
0.45440632,0.49761406
0.46298212,0.5166484
0.42874363,0.4873237
0.39665708,0.4453029
0.36032218,0.40743473
0.3343324,0.37249973
0.26893416,0.31279674
0.20785758,0.25676215
0.20676954,0.15952627
0.20568152,0.12439357
0.2045935,0.10125138
0.20350546,0.08699705
0.20241743,0.10106285
0.20132941,0.14185208
0.20024137,0.19866031
0.19915335,0.24464664
0.19806533,0.26985288
0.19697729,0.28060636
0.19588926,0.2986661
0.19480124,0.31687945
0.1937132,0.3338609
0.19262518,0.34660274
0.19153716,0.3638816
0.19044912,0.3820246
0.1893611,0.41095242
0.18827307,0.42738992
0.18718503,0.40335792
0.18609701,0.3803368
0.18500899,0.34596333
0.18392095,0.3188776
0.18283293,0.26625037
0.1817449,0.21019794
0.18065687,0.143377
0.17956884,0.10873164
0.17848082,0.0800827
0.17739278,0.0651064
0.17630476,0.053746924
0.17521673,0.050076623
0.1741287,0.042648315
0.17304067,0.064256586
0.17195265,0.10781395
0.17086461,0.1432336
0.16977659,0.17864949
0.16868857,0.21335103
0.16760053,0.24590811
0.1665125,0.2815819
0.16542447,0.31851706
0.16433644,0.35198933
0.16324842,0.3900487
0.16216038,0.41998157
0.16107236,0.4376105
0.15998434,0.40846166
0.1588963,0.3948228
0.15780827,0.3697668
0.15672025,0.32397586
0.15563221,0.27207723
0.15454419,0.13573602
0.11740127,0.10087775
0.084527165,0.074909955
0.06951774,0.06477647
0.04577065,0.056104794
0.04510341,0.054739393
0.04551047,0.050906267
0.06296533,0.07711236
0.09613962,0.122493066
0.13730218,0.16054252
0.1654842,0.20035215
0.19633856,0.240188
0.2230139,0.2788431
0.25927275,0.3134269
0.29833373,0.35455608
0.3442983,0.39163
0.37506256,0.43234026
0.4067848,0.46544647
0.41205218,0.48178697
0.39771366,0.4528138
0.35786605,0.43826172
0.33926114,0.41015968
0.28285187,0.36089662
0.22442318,0.30651376
0.16579844,0.17022131
0.12776658,0.13693304
0.106267646,0.112805426
0.08486918,0.1069383
0.09822196,0.11392176
0.11724736,0.15759075
0.14768305,0.20507765
0.18198141,0.25340992
0.2333453,0.29721534
0.27882674,0.33934945
0.34490752,0.38098627
0.39525175,0.4381798
0.433669,0.49226695
0.472038,0.5350483
0.5218295,0.5822725
0.5582615,0.6162787
0.5953498,0.6562548
0.5878382,0.67622614
0.5458285,0.6352461
0.53554904,0.5834968
0.50511086,0.54108703
0.46631682,0.49605286
0.40577585,0.43038404
0.32597494,0.35948223
0.27096277,0.2712378
0.21882233,0.22751585
0.18461466,0.20397867
0.17870964,0.19071184
0.18146381,0.20544825
0.23337278,0.25784704
0.2989848,0.32001454
0.34989458,0.37298024
0.3978413,0.40178168
0.4221402,0.42147127
0.4480918,0.44772533
0.4822335,0.48433447
0.5169493,0.5172254
0.52244055,0.5281153
0.5104418,0.5313424
0.5029241,0.53327036
0.49691314,0.5446366
0.47929916,0.54264647
0.44813028,0.4956659
0.41313383,0.46228456
0.39412126,0.4243122
0.37210563,0.3980255
0.31781322,0.33593595
0.2637193,0.26783752
0.19551589,0.20199072
0.16072068,0.16136472
0.13073541,0.13686442
0.11326467,0.1254897
0.12724651,0.13630374
0.1687856,0.18421008
0.22356692,0.24814942
0.27854735,0.2933793
0.30844405,0.31449318
0.3190396,0.3221505
0.3252115,0.33432257
0.33178988,0.32939526
0.33230627,0.337096
0.32833976,0.33323213
0.3261609,0.32875982
0.32153818,0.3181112
0.31918862,0.3231565
0.31626222,0.32261705
0.2834208,0.29551297
0.26032478,0.27570963
0.24956217,0.25665605
0.22834022,0.22905794
0.18678159,0.18557864
0.14471819,0.13785915
0.09278936,0.11968712
0.070743814,0.089977905
0.0431994,0.06970103
0.048112866,0.06683658
0.054809716,0.0770148
0.10852161,0.12714179
0.16497545,0.18939233
0.21597777,0.237464
0.2581514,0.25421336
0.27103972,0.2740672
0.28503928,0.28156516
0.28850344,0.2873054
0.30243796,0.29373258
0.3057821,0.28556186
0.29642698,0.28551507
0.30311832,0.28189147
0.28931573,0.29335764
0.3043548,0.29907066
0.2872227,0.2900185
0.2683952,0.27486417
0.26053485,0.25995657
0.24070938,0.23172802
0.20596181,0.19556756
0.15330803,0.15597552
0.12136746,0.13289137
0.08868941,0.105834976
0.06933604,0.08428517
0.06638247,0.07895069
0.079041734,0.08092188
0.13083191,0.10508614
0.18719171,0.12630738
0.2493988,0.15866104
0.2947193,0.18950172
0.32310718,0.2208209
0.341389,0.2484029
0.36408803,0.2790072
0.38222387,0.3022129
0.38932413,0.3102779
0.416627,0.32977134
0.4377045,0.3444878
0.4247145,0.3674812
0.4231568,0.37200308
0.37696597,0.36853594
0.3589721,0.3531066
0.34254026,0.33604565
0.33181033,0.3080225
0.3004988,0.2745323
0.26123935,0.23457707
0.21068075,0.20071079
0.17595273,0.16369265
0.14956477,0.13654353
0.13131624,0.12608087
0.13334453,0.12595126
0.13299549,0.15127456
0.1440485,0.18291421
0.17594814,0.21222591
0.22514051,0.25530034
0.27350622,0.2831925
0.30747572,0.3320742
0.3503966,0.37029156
0.3913393,0.4052797
0.39878035,0.41909707
0.4265883,0.4546252
0.47923017,0.48306537
0.478209,0.5226518
0.49353018,0.5452435
0.49036074,0.5362861
0.47200286,0.50809497
0.45358485,0.47377524
0.43016207,0.44457278
0.3820599,0.3891755
0.3298034,0.3399871
0.2836767,0.26891005
0.21602297,0.2249818
0.1833556,0.18716216
0.15395878,0.16648114
0.13805492,0.14961003
0.12355852,0.1489461
0.1378375,0.14946601
0.16395947,0.18567464
0.21899486,0.24485466
0.2706693,0.3085065
0.33120355,0.3744739
0.38334462,0.42968792
0.41930297,0.4823145
0.45813096,0.51786226
0.49401575,0.558616
0.52904516,0.5860562
0.56381655,0.62318933
0.5735968,0.64531314
0.600765,0.6424472
0.58089703,0.6154504
0.5504064,0.582636
0.5408262,0.5509502
0.48369837,0.48769864
0.41778925,0.4192083
0.35274738,0.36463812
0.29599273,0.31931692
0.26897693,0.27996087
0.25358912,0.26311713
0.2676339,0.26582855
0.31029737,0.30461943
0.3807477,0.34625125
0.4162923,0.4105631
0.4840807,0.46350247
0.5316604,0.51901454
0.5816718,0.57794243
0.6375372,0.63281804
0.682072,0.6857716
0.6795871,0.7160421
0.66254455,0.7439552
0.6761642,0.7559198
0.73037875,0.77681416
0.75276965,0.78590065
0.7181064,0.7556427
0.66529167,0.7133883
0.6268023,0.67005914
0.5927599,0.62710905
0.50101674,0.5549262
0.40040952,0.47782624
0.3162671,0.3107334
0.2674525,0.26131833
0.22488308,0.22656675
0.20292792,0.20693369
0.20167619,0.21339495
0.2472221,0.26013595
0.30286822,0.31028935
0.35683298,0.36145443
0.41046026,0.40098777
0.45276096,0.42124683
0.47903472,0.43741143
0.5312167,0.46362925
0.5677495,0.49693808
0.59245485,0.5156533
0.6261977,0.5193591
0.5452254,0.51883996
0.516862,0.5069209
0.5262797,0.47781843
0.5228119,0.42134875
0.4884039,0.3885369
0.45128325,0.36104926
0.42826205,0.3274858
0.36838832,0.27111
0.2961723,0.20754248
0.23201111,0.23582755
0.18520007,0.19388236
0.15217113,0.16316329
0.13521127,0.14714564
0.14137343,0.15522563
0.1787133,0.19834559
0.2430345,0.25307825
0.30537197,0.30807853
0.34894884,0.34489202
0.37127838,0.36947003
0.39289027,0.3912852
0.42455664,0.41903502
0.4415458,0.4492899
0.46603557,0.46922243
0.47059172,0.48825684
0.48320246,0.50178695
0.48998052,0.52211136
0.50074035,0.5244438
0.47628513,0.48414612
0.44932458,0.44857144
0.41385755,0.4132469
0.39591044,0.37546802
0.33410278,0.31959286
0.26021454,0.25919104
0.19456771,0.18985254
0.15007962,0.15063976
0.122118376,0.12238833
0.10884409,0.11095909
0.11078016,0.12133625
0.15469444,0.16400903
0.20960157,0.21909747
0.25685388,0.27197284
0.30843854,0.31502077
0.33423072,0.34217566
0.3634599,0.3684877
0.40026844,0.403249
0.43417376,0.4406301
0.47489384,0.4781446
0.49984717,0.5156943
0.53899425,0.5503639
0.56258893,0.591659
0.5962983,0.61003923
0.56372344,0.5767418
0.5243797,0.5266106
0.47364852,0.48444963
0.4398287,0.44179368
0.37833983,0.3822241
0.29904556,0.31685543
0.23740615,0.2395503
0.19439211,0.2008872
0.16941345,0.17835331
0.15886432,0.16609474
0.15951446,0.17836325
0.19956331,0.23141494
0.26260254,0.29616773
0.3166693,0.35080343
0.36107278,0.39913535
0.409506,0.43060753
0.45984748,0.47320473
0.51030225,0.5200999
0.5635167,0.5676222
0.61058486,0.59756285
0.63603103,0.6184047
0.6333004,0.6327749
0.6217554,0.6279576
0.5654958,0.5993134
0.50489867,0.5291628
0.45577317,0.47899264
0.4347433,0.4430268
0.41776237,0.40311462
0.3736441,0.3457815
0.3197053,0.28547162
0.26776642,0.2685902
0.22826326,0.22441453
0.18809073,0.19447677
0.16381381,0.17530341
0.15902647,0.15970665
0.15624848,0.16392893
0.16882867,0.16911288
0.19709896,0.19831738
0.25615978,0.25507745
0.31529847,0.31154943
0.36260238,0.38068637
0.4182873,0.43980896
0.47255346,0.4971769
0.49689725,0.5291864
0.52856207,0.5645713
0.5434744,0.58810484
0.55144095,0.6044802
0.5497547,0.5911124
0.52095246,0.5567995
0.47212473,0.51424396
0.4407106,0.49268207
0.42619404,0.4548043
0.38719904,0.4030005
0.33798683,0.3492325
0.2895912,0.2989388
0.24620794,0.25983936
0.22067472,0.22930829
0.20431493,0.20509346
0.19624054,0.19323228
0.19241421,0.18613113
0.19667631,0.17721586
0.2233272,0.20108572
0.25840548,0.25208127
0.30736455,0.31307477
0.36816815,0.3688511
0.45015582,0.41346198
0.5015014,0.46089134
0.54161406,0.5027842
0.5698208,0.5396647
0.5971796,0.56330717
0.64702666,0.6069271
0.64108133,0.651094
0.6621695,0.6733975
0.6498737,0.6558001
0.6186483,0.6348886
0.59974074,0.60263807
0.54217076,0.5406583
0.48455343,0.47101182
0.42097828,0.4236257
0.3750989,0.3781486
0.3333885,0.34122437
0.312813,0.3224762
0.318835,0.3292163
0.35267562,0.3756196
0.39714965,0.4247729
0.4537119,0.48361105
0.48597983,0.5373158
0.54653454,0.58210593
0.5680191,0.6377651
0.6183502,0.6907018
0.63987386,0.747839
0.6870437,0.7780848
0.73920894,0.800863
0.76439494,0.81227994
0.7785008,0.80653524
0.77035433,0.77832365
0.7170131,0.71227854
0.6672439,0.65786463
0.61639214,0.6108925
0.5864643,0.55843365
0.5223114,0.4921149
0.41640714,0.4205194
0.33730188,0.36381918
0.30243185,0.31387967
0.26170322,0.2774138
0.24271111,0.25908768
0.22330797,0.26432556
0.23985678,0.3093005
0.25399742,0.36107928
0.30233932,0.4264397
0.36266622,0.49338484
0.41568828,0.55195016
0.47546184,0.61430204
0.5280295,0.6706627
0.5747889,0.72103524
0.6048063,0.76031184
0.62984234,0.7999621
0.6848893,0.81852055
0.6808001,0.84204465
0.70432943,0.84750575
0.68083245,0.80756336
0.6430134,0.75252223
0.60316306,0.7069157
0.5483008,0.6626269
0.52022845,0.5852504
0.47238612,0.50918496
0.39930803,0.3938822
0.341247,0.34600228
0.30585143,0.30403054
0.28427553,0.2840139
0.28092375,0.28401965
0.34039378,0.32335705
0.38296288,0.35737756
0.44626534,0.4254731
0.5137963,0.49949208
0.57873225,0.56615007
0.63608634,0.63324773
0.70275277,0.6983778
0.7316109,0.7622771
0.7633008,0.7970672
0.7545454,0.81984043
0.7372301,0.8154887
0.7096145,0.799369
0.7335366,0.77396035
0.72045594,0.744477
0.69956285,0.72459614
0.64926535,0.6877652
0.61599606,0.6496009
0.54026645,0.5815194
0.46814507,0.5042233
0.38963684,0.38992125
0.34982434,0.33869267
0.30030462,0.3038441
0.28234312,0.28638083
0.28914624,0.2979262
0.3289502,0.3478617
0.39930344,0.40173608
0.47990227,0.47771823
0.5615699,0.5362363
0.6151566,0.58159626
0.6888296,0.62026423
0.72198826,0.66605294
0.72633773,0.70005465
0.7103242,0.70513433
0.66470903,0.7066485
0.67508656,0.6832253
0.7132436,0.6785978
0.76928884,0.6855999
0.74221563,0.6817418
0.71952975,0.6681772
0.66101825,0.630813
0.61805004,0.6056585
0.54889506,0.5374418
0.47647262,0.46768558
0.3897831,0.38024485
0.33967614,0.32898176
0.2998673,0.2983178
0.2837967,0.28206664
0.28539014,0.2932667
0.3317584,0.34654614
0.38938275,0.40554154
0.46894762,0.47700697
0.54344934,0.5326843
0.61566293,0.5660888
0.6766644,0.60269254
0.7037327,0.6373802
0.7218762,0.6562786
0.7077795,0.6536365
0.7138928,0.65869886
0.7398789,0.6369634
0.74783725,0.6398362
0.7698553,0.6520722
0.7251856,0.6449466
0.67572415,0.62588316
0.63069373,0.59497327
0.6021736,0.5702028
0.5412467,0.505777
0.4772959,0.4446544
0.409564,0.40321225
0.36090818,0.35261223
0.31587195,0.31558672
0.29544613,0.2891816
0.27643475,0.27431345
0.26981914,0.28191456
0.28092957,0.28737816
0.31542733,0.329866
0.38445342,0.39874873
0.46853626,0.4706438
0.5294037,0.5412806
0.5944764,0.60412127
0.6275933,0.65741146
0.6496993,0.68186796
0.6524761,0.706838
0.6849168,0.70502025
0.7031675,0.6946091
0.6796363,0.66433895
0.610223,0.632196
0.5913445,0.5995301
0.56594837,0.5798039
0.53724754,0.54478174
0.4931732,0.490228
0.42708665,0.43714768
0.36660677,0.36026222
0.32745877,0.3138919
0.28622046,0.27852273
0.26613513,0.24942721
0.23866215,0.23735936
0.24433875,0.24436516
0.24545702,0.24423164
0.27219373,0.26754567
0.31790024,0.31699896
0.38085946,0.36381546
0.44519806,0.40832934
0.48091337,0.45078734
0.5432258,0.48868847
0.5706252,0.5082269
0.60933316,0.51380837
0.5527895,0.5028085
0.49131778,0.4837502
0.4919844,0.4648524
0.4807842,0.4537592
0.48186156,0.44686505
0.4648275,0.43493342
0.44469756,0.40896434
0.3975845,0.3612511
0.32077047,0.3103963
0.26440975,0.28844965
0.22242543,0.24793333
0.1891119,0.21818419
0.17782864,0.20365451
0.19428615,0.20918138
0.25391772,0.24726114
0.31084153,0.2961594
0.36482552,0.34367776
0.40401873,0.39529777
0.42156398,0.44003588
0.4414542,0.49084237
0.47892904,0.5310146
0.53944194,0.5689503
0.57506347,0.59709984
0.6142808,0.63563246
0.6565143,0.6637034
0.6794118,0.6951848
0.6893789,0.7137923
0.6760631,0.68348294
0.62829685,0.6342587
0.5639439,0.6031439
0.52415586,0.5570798
0.4425957,0.49330363
0.37036377,0.43187755
0.2888696,0.29269254
0.23525144,0.24697267
0.20470336,0.21308535
0.19055662,0.19734998
0.18441159,0.19125567
0.23675388,0.21676481
0.2951493,0.24559128
0.35789597,0.29088497
0.4122177,0.3512177
0.45333293,0.40340856
0.49890202,0.4584811
0.5368655,0.5061485
0.5758874,0.55318296
0.610627,0.5826929
0.652211,0.6232689
0.6808596,0.6492769
0.71530825,0.68424994
0.7318476,0.70008534
0.7141695,0.6801861
0.6609541,0.6393646
0.6076814,0.6062195
0.5558735,0.566131
0.49038973,0.5029019
0.39838794,0.43418455
0.31942713,0.32827955
0.27156925,0.28030872
0.23673587,0.2466466
0.20709047,0.23069836
0.21889256,0.23446862
0.26030004,0.28147304
0.32267752,0.3335021
0.3769296,0.3928519
0.45590052,0.45832568
0.51078016,0.5093896
0.552202,0.5635665
0.61033934,0.6124384
0.6344156,0.6586338
0.6848869,0.69319904
0.71902955,0.73058385
0.7503337,0.7504117
0.7818776,0.7721146
0.7896851,0.77937436
0.77258474,0.74081755
0.7323417,0.6892237
0.6740336,0.64421606
0.62215364,0.5983789
0.5381267,0.52963287
0.45784634,0.45270133
0.38054585,0.4113763
0.32619634,0.36251634
0.28483254,0.32439336
0.26388603,0.30797678
0.26978648,0.31375486
0.31529206,0.36401868
0.38294733,0.41539818
0.45336804,0.47859156
0.5190051,0.5469714
0.58912534,0.604257
0.6390378,0.6614402
0.6870221,0.7121887
0.7366572,0.7614739
0.776387,0.80299896
0.8159683,0.8503744
0.85351735,0.87650555
0.89037174,0.9092483
0.9144459,0.9227802
0.876523,0.8789626
0.82536864,0.81239206
0.7881912,0.76249653
0.7607146,0.7097339
0.68772507,0.63170505
0.5923055,0.54863286
0.5000774,0.48067582
0.42604318,0.42237982
0.36629102,0.38246256
0.3296611,0.35730374
0.32629284,0.35812455
0.36141938,0.39898354
0.41106704,0.44482705
0.4652761,0.49224877
0.5297451,0.5493075
0.5691328,0.589354
0.60903937,0.6340783
0.66839886,0.67636377
0.7252338,0.71732104
0.77539265,0.7464383
0.81216395,0.7771226
0.84464777,0.79676574
0.83966315,0.79994
0.8052576,0.7685441
0.6531906,0.67763865
0.58360445,0.59095037
0.52833796,0.5493708
0.5021588,0.48826444
0.45247728,0.4219796
0.3943347,0.3552794
0.33835724,0.36124104
0.27877668,0.31720448
0.2619921,0.27692747
0.2297318,0.2551711
0.22202173,0.24267103
0.21796972,0.25341848
0.22010611,0.26340833
0.27911717,0.29949123
0.35458726,0.34932178
0.44993442,0.40806255
0.5007929,0.462
0.54722375,0.5074395
0.56485635,0.54540217
0.5930161,0.5658428
0.63539743,0.6028566
0.66612047,0.6175564
0.7056603,0.6466852
0.7248594,0.66253877
0.7154832,0.6459761
0.700013,0.6029046
0.6787583,0.57839334
0.6215234,0.5345157
0.5387518,0.4801685
0.45114127,0.42885143
0.40270868,0.38852543
0.35278127,0.34107292
0.30280197,0.30781406
0.2806428,0.2806208
0.27051693,0.26885736
0.2596267,0.26660106
0.27125317,0.26393667
0.29453275,0.29470414
0.3399742,0.34655657
0.3781053,0.40476176
0.41597196,0.4553825
0.45997357,0.50103194
0.4550149,0.5394138
0.47700885,0.5629002
0.5018223,0.589408
0.55109745,0.5990041
0.5961486,0.6275584
0.6334943,0.65480447
0.6641352,0.6620492
0.65766495,0.6382613
0.610867,0.6179207
0.5949476,0.58687323
0.5071401,0.5264959
0.3990219,0.47132647
0.3199536,0.37514383
0.26191485,0.32811567
0.22821257,0.29331365
0.20239139,0.27738312
0.2037787,0.2863924
0.2508649,0.3348808
0.30370954,0.38871267
0.37983188,0.44526166
0.4383452,0.505356
0.5240108,0.54990494
0.5718796,0.60109043
0.60818434,0.64923334
0.6590373,0.6968882
0.70579064,0.7279667
0.73476756,0.75997424
0.766728,0.7823612
0.7784348,0.80098873
0.7835959,0.8061547
0.74612105,0.7640413
0.6963161,0.7094069
0.65588707,0.66620785
0.6140405,0.62027794
0.5418797,0.54965836
0.46733767,0.47449577
0.38850757,0.3906671
0.33821923,0.3420195
0.31137654,0.30766964
0.2730619,0.29083732
0.26914945,0.298936
0.31912756,0.3494084
0.37369663,0.40532112
0.42029086,0.45938152
0.48077747,0.5198445
0.52885705,0.55954874
0.5704447,0.6105561
0.609324,0.6527607
0.65705144,0.69573736
0.6925872,0.72803074
0.7192308,0.76495385
0.7491406,0.79379994
0.7691447,0.8237842
0.77341413,0.83592695
0.7282848,0.7890747
0.6825074,0.72429127
0.6330772,0.677804
0.5968363,0.6301442
0.5304618,0.55798584
0.45189646,0.47970098
0.37877285,0.40457344
0.33080566,0.3548655
0.3032466,0.31850368
0.2688331,0.30094403
0.2747314,0.30721498
0.33855116,0.348844
0.39545786,0.3947121
0.43526977,0.44067538
0.45935002,0.48576975
0.48969716,0.51607776
0.5130643,0.5449614
0.54589814,0.5718799
0.59163857,0.6050521
0.6484457,0.6291316
0.7083857,0.6607395
0.7402472,0.6893634
0.77213466,0.7333197
0.78540313,0.757061
0.7557904,0.7232968
0.71955997,0.6632371
0.66689885,0.6209252
0.63429195,0.5713832
0.56082785,0.50169456
0.47405773,0.42514366
0.406513,0.3919797
0.3420385,0.34259787
0.30197105,0.30139357
0.26940688,0.28342772
0.27137807,0.28708357
0.32000732,0.32844353
0.36949408,0.37357602
0.4350954,0.42806274
0.49440083,0.48744327
0.5468885,0.5367326
0.5940031,0.58065635
0.64363486,0.6241457
0.6871668,0.6639223
0.7177421,0.69613665
0.7212258,0.730961
0.716101,0.7534265
0.7687288,0.77512586
0.7840702,0.7835506
0.753869,0.7453683
0.71567225,0.6898682
0.65702766,0.64704376
0.6171611,0.5984623
0.538953,0.52811486
0.47205845,0.4555366
