true,forecasted
0.15762326,0.17192654
0.13418792,0.15197325
0.12011597,0.13886021
0.11545521,0.13132411
0.120137125,0.14286391
0.15104347,0.1753071
0.19278432,0.22983873
0.23101151,0.2628794
0.2480113,0.2800044
0.2561155,0.2936263
0.2722613,0.3039289
0.28342995,0.3129289
0.30124903,0.31714022
0.3146751,0.32303986
0.31536072,0.32628182
0.3121677,0.33277404
0.33130687,0.33650908
0.33573502,0.3475562
0.33409894,0.3462302
0.31061834,0.3432603
0.29854453,0.33673894
0.27773374,0.29506505
0.23540792,0.2562958
0.17918356,0.2072286
0.15076262,0.15468659
0.12984905,0.13089001
0.114384666,0.12055653
0.10944685,0.11310203
0.11961094,0.122270405
0.15116486,0.15017816
0.19930997,0.19433191
0.23487835,0.22907484
0.24895242,0.25518122
0.257815,0.27028736
0.27103043,0.27887434
0.2830095,0.2894422
0.29338297,0.29797488
0.30446362,0.30336982
0.30557987,0.3129501
0.3030179,0.31866348
0.31151885,0.3281389
0.30602485,0.34346688
0.29326496,0.3430251
0.284072,0.33842054
0.27775955,0.32474825
0.26038206,0.28653654
0.2210145,0.24789108
0.17238382,0.19770095
0.13947637,0.14421487
0.12098857,0.1223539
0.10601611,0.10990192
0.10097213,0.10061489
0.10841142,0.1081858
0.1404839,0.1340186
0.18249334,0.1785489
0.2168059,0.20758983
0.23946086,0.22937083
0.24967529,0.24578142
0.26269528,0.2526284
0.26885888,0.2567092
0.277035,0.25972497
0.28320366,0.26260874
0.27354503,0.26660544
0.27527118,0.27316326
0.28391933,0.28020218
0.28930634,0.2933953
0.26419517,0.29158047
0.24613963,0.29230183
0.23525988,0.28911704
0.21777368,0.25170106
0.17761813,0.21438456
0.13103887,0.17289169
0.10366987,0.10411535
0.073121354,0.08383356
0.05780797,0.07195869
0.05702547,0.06256415
0.052321143,0.06328208
0.07127168,0.075003825
0.079191886,0.09050268
0.105966195,0.11266441
0.13289277,0.15282682
0.15856862,0.1829584
0.16331185,0.2044698
0.1833063,0.22463046
0.19262528,0.24612612
0.20877615,0.2565154
0.2275114,0.27923325
0.25334162,0.3037833
0.27765083,0.33028337
0.28718045,0.3540375
0.2894489,0.34124926
0.2710224,0.3334017
0.2517373,0.3253569
0.22865175,0.28550842
0.18520926,0.24279508
0.13871248,0.19396195
0.09544808,0.11121428
0.06657624,0.09223807
0.051280625,0.078933
0.039633587,0.06826565
0.03775812,0.07185252
0.037033986,0.08905249
0.0451716,0.117586985
0.07773305,0.14813691
0.12332297,0.18845458
0.16373356,0.2241607
0.20074809,0.2609172
0.24068579,0.29147494
0.278482,0.32665092
0.31624898,0.3464559
0.3428173,0.37381303
0.3644089,0.4071732
0.3849401,0.43415865
0.40694538,0.46011084
0.40094504,0.44769648
0.3786141,0.42486033
0.368148,0.41239566
0.34218878,0.36541182
0.30179128,0.30709022
0.25283405,0.25011373
0.21642016,0.21986318
0.18598288,0.19541818
0.17793874,0.17664428
0.1709787,0.1660763
0.18250096,0.17348845
0.21571293,0.20431119
0.26357424,0.26326475
0.3075023,0.3196743
0.34512675,0.35257828
0.37187272,0.37863684
0.40205577,0.4062935
0.41936603,0.42209235
0.42515147,0.43846104
0.42290464,0.4419094
0.41245082,0.44736007
0.40532663,0.44692582
0.39450017,0.44591457
0.39531526,0.4577419
0.37686127,0.45732835
0.35492453,0.4418936
0.3340186,0.42300427
0.30428177,0.3732627
0.25061724,0.31916013
0.20473124,0.2675498
0.17058237,0.17215444
0.15053295,0.15363212
0.13044037,0.14128086
0.1287252,0.13429755
0.1320557,0.14463437
0.1543727,0.1851761
0.20808713,0.23986137
0.24301216,0.271333
0.26469132,0.28488705
0.28397432,0.30047637
0.29640046,0.31590426
0.31047198,0.3352826
0.31872338,0.34968746
0.3353996,0.3573609
0.33618042,0.36663142
0.3486019,0.37857574
0.3686137,0.39079896
0.3800725,0.39982405
0.36378288,0.39045835
0.349038,0.3819398
0.33611652,0.37690604
0.3175636,0.32874766
0.2575316,0.2814387
0.20885567,0.22482799
0.17036581,0.17582299
0.14463794,0.154194
0.13040061,0.14030965
0.12625757,0.12898321
0.13333985,0.13837898
0.16559465,0.16543591
0.21302916,0.21117726
0.25056395,0.24161515
0.27447048,0.26371968
0.29002878,0.28080004
0.30511755,0.3018732
0.29657727,0.31434524
0.3020087,0.3220016
0.30533284,0.33085057
0.30505833,0.33411047
0.30505708,0.34306604
0.31053206,0.34804145
0.3115032,0.35914424
0.30758563,0.3537235
0.3025023,0.34697363
0.29168302,0.33653954
0.27574363,0.29566246
0.23460257,0.2545792
0.1854825,0.20762642
0.15184627,0.15652747
0.12548606,0.1355857
0.11339913,0.122441456
0.10454542,0.11446644
0.115961514,0.12549086
0.14991455,0.15893635
0.18379356,0.20667899
0.22559068,0.23925698
0.252785,0.26127502
0.27037567,0.27981803
0.28532106,0.2980063
0.30076894,0.3123345
0.3198117,0.32890397
0.3312684,0.33966798
0.34307194,0.3553937
0.35761467,0.36300012
0.36932555,0.37827784
0.3796271,0.39386144
0.37018588,0.38706145
0.35199627,0.37748185
0.33376566,0.3696798
0.3072912,0.32554764
0.25961223,0.2771429
0.2067095,0.22366582
0.20433302,0.17288508
0.20195656,0.15151313
0.19958009,0.13576823
0.1972036,0.124104984
0.19482714,0.13091044
0.19245067,0.15207908
0.1900742,0.1897426
0.18769772,0.22025523
0.18532126,0.24479258
0.18294479,0.264265
0.18056831,0.2847699
0.17819184,0.29712665
0.17581537,0.3029537
0.1734389,0.3107773
0.17106242,0.3152225
0.16868596,0.32038274
0.16630949,0.32582805
0.16393301,0.3333772
0.16155654,0.32991722
0.15918007,0.32717836
0.15680361,0.31572124
0.15442713,0.276914
0.15205066,0.23653032
0.14967419,0.19083188
0.14729771,0.11403577
0.14492124,0.105515204
0.14254478,0.10061151
0.14016831,0.09566542
0.13779183,0.10786208
0.13541536,0.13477746
0.1330389,0.17363492
0.13066243,0.18746269
0.12828594,0.2151339
0.12590948,0.2317678
0.123533,0.24465342
0.121156536,0.2572265
0.11878006,0.26574525
0.116403595,0.27530813
0.11402712,0.2853452
0.111650646,0.3015252
0.10927418,0.31097433
0.106897704,0.33271292
0.10452124,0.32172415
0.10214476,0.32120728
0.099768296,0.31965137
0.09739182,0.28178757
0.095015354,0.23536155
0.09263888,0.19466226
0.090262406,0.07994267
0.063831136,0.065126166
0.043475468,0.068621136
0.038191244,0.06716623
0.036072563,0.079984374
0.03453928,0.102852724
0.044227943,0.1339813
0.076758936,0.15484077
0.11223765,0.18931927
0.1443812,0.20665127
0.17068219,0.2223788
0.19445972,0.23857436
0.21448505,0.25077847
0.23495702,0.26513892
0.25864363,0.2859293
0.28878438,0.30730683
0.320016,0.3292599
0.33565465,0.34968156
0.33477867,0.33663908
0.32329702,0.33361948
0.30367902,0.33294767
0.2843275,0.28677538
0.23661804,0.24348533
0.1894758,0.19994715
0.141826,0.16202769
0.117751546,0.15083261
0.10547089,0.13393828
0.09992823,0.12620147
0.10947943,0.13900757
0.1316966,0.17356816
0.18130478,0.22701061
0.22933611,0.27747458
0.2770316,0.30981773
0.31241006,0.33842516
0.35295388,0.3737955
0.39836448,0.40134937
0.43265462,0.42997065
0.4673665,0.44700718
0.4919891,0.46182016
0.5058525,0.48756412
0.517231,0.5021587
0.5280993,0.5172942
0.51150435,0.5078022
0.4778148,0.4798071
0.45270997,0.46174616
0.42383727,0.41218603
0.35374063,0.35089177
0.29556,0.29622737
0.24639384,0.24957696
0.21358708,0.22376758
0.19660886,0.198795
0.18156026,0.18656561
0.18708643,0.18816069
0.21848723,0.22153935
0.2667863,0.27122906
0.3066098,0.32829428
0.33146676,0.3578857
0.34846908,0.389326
0.37662905,0.4175319
0.39460126,0.44093788
0.41543826,0.45723316
0.44234243,0.46852326
0.44956896,0.47269818
0.46191645,0.47517356
0.476644,0.47427863
0.47694686,0.47196934
0.45351574,0.46906087
0.42424503,0.45586497
0.4089841,0.44053137
0.38248938,0.39560255
0.32764563,0.3415335
0.26446375,0.28444457
0.21656989,0.23006234
0.18815824,0.2014959
0.16936293,0.1858436
0.15329073,0.1757479
0.16449112,0.17893538
0.18889676,0.21113789
0.22853754,0.2573038
0.26207563,0.29863963
0.2863802,0.3267761
0.29372135,0.34570777
0.3114004,0.36304426
0.32449743,0.37405562
0.33465853,0.37664294
0.34155262,0.3866109
0.3313479,0.38498393
0.3238067,0.38604972
0.32170492,0.38237402
0.32237872,0.389097
0.3113907,0.39800978
0.30206537,0.3827934
0.29745072,0.36909506
0.2815735,0.3318803
0.23712985,0.29280174
0.19081284,0.24581648
0.16515899,0.16327557
0.14102659,0.1305516
0.13320154,0.11913164
0.12912153,0.105943725
0.1343165,0.11066105
0.16780174,0.13287482
0.2141141,0.17405367
0.24657826,0.21421656
0.274042,0.24564722
0.28603843,0.26092046
0.29811394,0.264454
0.3051937,0.26802662
0.30404827,0.26378626
0.3014085,0.26277545
0.28738815,0.2640129
0.28610146,0.2592876
0.2835725,0.26446912
0.29408255,0.27229193
0.29122874,0.27678034
0.2869288,0.27939773
0.28265253,0.27148554
0.2755271,0.23634745
0.23356798,0.20121749
0.20018384,0.16541776
0.1639442,0.16452502
0.15306783,0.13215001
0.13653585,0.11884889
0.13658577,0.10708026
0.14259243,0.114105836
0.16854532,0.1379911
0.21374865,0.18243775
0.25018707,0.22071216
0.27669576,0.24861798
0.29359528,0.26805568
0.3125543,0.27751243
0.32079852,0.28437603
0.32191938,0.2880737
0.3215095,0.291832
0.31280342,0.30046484
0.3044429,0.29585555
0.3024304,0.30389923
0.30349207,0.31247073
0.29428685,0.3126094
0.2864339,0.31220374
0.27902466,0.30318305
0.26701555,0.2635466
0.230715,0.2194039
0.18722855,0.17997585
0.15454613,0.15626058
0.1284748,0.12865071
0.116367996,0.11250496
0.094568714,0.10040238
0.09897569,0.10404304
0.10713191,0.12229112
0.13002247,0.15425526
0.16033581,0.18404871
0.20092447,0.21685171
0.23380738,0.24190494
0.27102366,0.26731807
0.29875857,0.28316724
0.32219854,0.29937598
0.34213844,0.31388173
0.35787985,0.33383527
0.38062447,0.34138736
0.37846816,0.36126938
0.38223052,0.37680644
0.37889284,0.36888075
0.3640168,0.35736868
0.3464223,0.35058212
0.3224367,0.30673075
0.27462825,0.25832513
0.22278127,0.21131599
0.1779582,0.19440284
0.14581339,0.16488633
0.12193519,0.14988664
0.10389108,0.13024549
0.10121365,0.12784079
0.1004413,0.13435668
0.111037664,0.15708621
0.16277637,0.19091868
0.21691208,0.23137933
0.26424253,0.273405
0.31229585,0.30961007
0.35314676,0.33837065
0.38588884,0.36537173
0.40907294,0.37587693
0.4170164,0.39709088
0.42659467,0.40857485
0.44075754,0.41428643
0.46172822,0.43235564
0.4568602,0.42587125
0.44134971,0.41359285
0.40983555,0.3906235
0.38472733,0.34701723
0.3334945,0.3038422
0.2759044,0.25172693
0.22936614,0.23819952
0.20071341,0.21355972
0.18552904,0.1900115
0.17751239,0.17302072
0.18631196,0.17768116
0.21992281,0.20417878
0.27206716,0.24945444
0.32357913,0.30932456
0.3671963,0.35597813
0.39688492,0.39367133
0.44642583,0.43968487
0.4875077,0.4717039
0.52579665,0.49931014
0.55528814,0.516717
0.551898,0.5351488
0.55060583,0.5472607
0.5611087,0.55562675
0.55995864,0.5671456
0.54766273,0.5575107
0.5191754,0.5327974
0.46492887,0.5115937
0.41863808,0.45950502
0.33974522,0.4007507
0.28170294,0.33882487
0.2429428,0.24341632
0.20290188,0.21471845
0.186946,0.19587687
0.17864554,0.18271354
0.1825458,0.18501264
0.20927273,0.22010183
0.2557416,0.26004356
0.29604602,0.30190828
0.32352668,0.32529816
0.35398427,0.356762
0.38957208,0.37913954
0.41056392,0.403437
0.44983375,0.41722167
0.48208642,0.43132615
0.47436503,0.43705437
0.45214573,0.4389732
0.43492854,0.43453196
0.43609554,0.4323289
0.43355218,0.4245031
0.41542897,0.40991768
0.3940971,0.39118516
0.3691331,0.3415842
0.3207393,0.29380345
0.25797236,0.24250218
0.21691164,0.22436371
0.19030441,0.19442338
0.17200018,0.17882197
0.16397424,0.16554877
0.17054641,0.16930474
0.19538307,0.20238632
0.23881328,0.24936754
0.28257808,0.29174525
0.31642622,0.3222059
0.33843148,0.34759322
0.3592169,0.3722518
0.36284643,0.39759287
0.38648352,0.41650534
0.4006367,0.43299964
0.400267,0.44758114
0.40279472,0.45735335
0.398455,0.46446848
0.40870282,0.4775039
0.40523696,0.47014356
0.38095737,0.4521
0.3633282,0.43529236
0.3406356,0.39217725
0.28621778,0.3399455
0.23245598,0.2831597
0.19212787,0.19508086
0.16527657,0.16763029
0.14882962,0.14907143
0.14407454,0.1364541
0.1426009,0.13718572
0.16748324,0.16138312
0.21002519,0.19641887
0.25205958,0.22868332
0.27643308,0.2628018
0.30062768,0.29096442
0.32975414,0.318399
0.36243108,0.34125683
0.38910133,0.361179
0.42608455,0.38349837
0.4457808,0.40349385
0.46184283,0.4208392
0.48838115,0.43745446
0.49971306,0.45169142
0.4938278,0.43918896
0.46407786,0.42050487
0.44336435,0.40554452
0.40609223,0.3617456
0.33871064,0.30991495
0.27158833,0.254205
0.22438477,0.23646034
0.182303,0.20499383
0.16348866,0.18187113
0.15021232,0.16532183
0.1556556,0.16259043
0.17444159,0.18254718
0.20735538,0.21369573
0.2575663,0.25225872
0.29692283,0.2950464
0.32915774,0.33797687
0.37182534,0.38016504
0.41601396,0.41811976
0.45785123,0.44842097
0.47394755,0.47542876
0.47930834,0.4953303
0.48033953,0.51691574
0.48042032,0.52774435
0.48252377,0.5306946
0.46211228,0.5152608
0.43262628,0.49212533
0.40329888,0.46595505
0.37372747,0.42008033
0.3143012,0.36113575
0.25309756,0.30081296
0.19902658,0.21822195
0.1594501,0.18528688
0.14049533,0.16467816
0.12109473,0.14580742
0.11758532,0.14291725
0.11966466,0.15775016
0.13152699,0.1820556
0.15916543,0.21673045
0.20495288,0.25701603
0.24636509,0.29772753
0.2764593,0.33645463
0.30929103,0.36772564
0.326636,0.39357722
0.3358991,0.4123028
0.3385774,0.43113384
0.3517611,0.44512942
0.35575652,0.45222077
0.36429214,0.45804334
0.35224667,0.44288805
0.3372146,0.42749107
0.32405964,0.40604842
0.30208185,0.36157906
0.26645386,0.30550593
0.22171791,0.2517234
0.1793997,0.18914296
0.14986126,0.15786058
0.13018954,0.14068414
0.12046662,0.12450123
0.11440285,0.12155671
0.11905261,0.12884708
0.13286698,0.1525538
0.15841126,0.19097427
0.21528277,0.2405658
0.25545564,0.28487584
0.29030076,0.3275708
0.33041653,0.3618672
0.36594093,0.3957564
0.3994105,0.4111728
0.4231787,0.4415192
0.4438093,0.4604178
0.47676158,0.4804188
0.48823437,0.5037897
0.48093045,0.49645323
0.45500335,0.47713318
0.42458552,0.45652795
0.39608338,0.4095158
0.3368009,0.35723156
0.2797044,0.30073005
0.22737604,0.24828736
0.18233134,0.22415107
0.16773617,0.20106162
0.15253022,0.1830611
0.15080872,0.18387116
0.1637399,0.21237975
0.19666977,0.2512738
0.23958607,0.3086844
0.28398445,0.36066264
0.320384,0.40748072
0.35919785,0.45970237
0.39049545,0.5012751
0.42038158,0.5390442
0.45143598,0.56030136
0.48647225,0.58446294
0.51124036,0.6068936
0.54505426,0.62041026
0.549682,0.6284625
0.5115817,0.6131436
0.4799868,0.5797942
0.44112214,0.55594075
0.40465158,0.49771312
0.35694253,0.4357677
0.29701757,0.3691311
0.25030127,0.2531986
0.20921436,0.22606567
0.18614066,0.1991214
0.16440101,0.18477303
0.1533897,0.18209787
0.15673122,0.20805427
0.16199641,0.24285512
0.1967476,0.29218706
0.25459024,0.33601993
0.3118031,0.38063926
0.3666422,0.42576164
0.41332763,0.46149334
0.43980333,0.4905302
0.45760167,0.5137689
0.47654334,0.5283683
0.49571848,0.5434788
0.5206131,0.5508224
0.5314484,0.5500042
0.5291356,0.53548765
0.5108204,0.51516896
0.4657651,0.49118143
0.41847777,0.4381583
0.37085843,0.37736273
0.31260464,0.31536996
0.25889656,0.27849287
0.2163715,0.24508421
0.1905747,0.2227527
0.17290366,0.20524278
0.17985229,0.20207903
0.2062438,0.22895834
0.2633585,0.26367435
0.34726912,0.31989276
0.41507706,0.37237
0.47209448,0.4223312
0.52822113,0.4733166
0.574374,0.5206057
0.6152478,0.5556811
0.65476465,0.5816695
0.6725372,0.60523343
0.6861544,0.6182034
0.7047721,0.6258592
0.71677995,0.6300636
0.71449125,0.6166646
0.69471544,0.58752006
0.6378981,0.55789983
0.5851383,0.50319123
0.51029164,0.43862975
0.4257631,0.3713451
0.35897282,0.37770024
0.31191772,0.33978093
0.28015697,0.30712152
0.25871807,0.28959957
0.25868633,0.28041092
0.27610782,0.31051978
0.3230407,0.35500398
0.38900447,0.42260242
0.45564035,0.47631785
0.51682746,0.53334635
0.5801692,0.5891066
0.6328825,0.6543898
0.65104544,0.6982846
0.66461235,0.736076
0.6693404,0.75433964
0.6786348,0.7743315
0.6947421,0.77206475
0.7054188,0.7631621
0.6932067,0.74193174
0.6579915,0.701157
0.6131837,0.66673404
0.5699895,0.6152573
0.49754784,0.5434466
0.41921037,0.4664613
0.3581899,0.37452048
0.31133613,0.3321659
0.28702566,0.30323672
0.27166194,0.28372553
0.2626547,0.28081053
0.2839908,0.31300744
0.32384393,0.35701936
0.38145563,0.40859586
0.43546572,0.4542407
0.49700645,0.50746953
0.5536001,0.5590847
0.5991104,0.6084812
0.6317159,0.652048
0.6446073,0.6864472
0.6134548,0.70351434
0.5827595,0.70798635
0.5916386,0.7073632
0.59281445,0.7018299
0.5689151,0.6752245
0.54160744,0.63161796
0.5069861,0.5926765
0.47861803,0.54639494
0.41665897,0.47310692
0.35412046,0.4069509
0.28916463,0.31723654
0.2501232,0.2755803
0.2223287,0.2557217
0.20117614,0.23419216
0.19872881,0.23341519
0.19622861,0.2545405
0.21130343,0.29459238
0.2571962,0.329773
0.32028204,0.37102118
0.37883234,0.41396448
0.4300398,0.45286107
0.48398897,0.48349187
0.51331085,0.5116148
0.542041,0.5341787
0.55124956,0.54947793
0.5708811,0.54873896
0.5900482,0.54686064
0.60585016,0.55123305
0.5905177,0.52888113
0.5509374,0.49730006
0.5072665,0.4641184
0.47270906,0.42039847
0.4123628,0.36179167
0.3481468,0.30482787
0.29415575,0.31649646
0.2507103,0.27787185
0.21891063,0.24607293
0.20371145,0.22575098
0.18974948,0.21598539
0.18987975,0.21945336
0.19192103,0.23652613
0.22636472,0.2736581
0.278309,0.31488007
0.32388029,0.35971224
0.37077934,0.3994223
0.41276634,0.4402607
0.42865413,0.46348584
0.41854504,0.48098505
0.381363,0.49181148
0.34955192,0.4958781
0.34222853,0.49376956
0.3438722,0.49724618
0.33346912,0.49844947
0.31615677,0.4742334
0.30755177,0.4538679
0.29839987,0.42068055
0.2625532,0.36672485
0.22350076,0.31610996
0.18520461,0.19090448
0.16371833,0.16280293
0.14650199,0.14189117
0.14446156,0.12351948
0.15107308,0.11408353
0.18897162,0.11725526
0.23835985,0.13371259
0.28703454,0.168701
0.31910238,0.21666089
0.3538066,0.25878933
0.3841906,0.2974348
0.42330307,0.33178782
0.4599111,0.36745012
0.49404138,0.37855542
0.5247967,0.40533605
0.550267,0.42584395
0.5881647,0.4475925
0.6073462,0.4712938
0.59789145,0.47885615
0.56410545,0.4533226
0.5147325,0.4364663
0.47101337,0.39633808
0.40466172,0.35710818
0.32958537,0.30247575
0.2692992,0.2940951
0.22909841,0.26106626
0.20171332,0.23392211
0.1849246,0.21924588
0.1870454,0.21602532
0.21231349,0.24555108
0.2579622,0.2792254
0.30510148,0.33501798
0.3583223,0.3898498
0.39706635,0.44326267
0.438218,0.49838144
0.48066184,0.55298173
0.5306207,0.59407914
0.56681085,0.6352797
0.5919795,0.65991646
0.61809903,0.685617
0.64291286,0.7003736
0.66420585,0.6965615
0.65354097,0.6783979
0.6224895,0.63833076
0.5739489,0.606589
0.5148158,0.54904836
0.4371648,0.47835082
0.36239597,0.40631485
0.30470812,0.3184276
0.2634283,0.28290206
0.23336664,0.2524158
0.22117947,0.23546612
0.22159398,0.22886735
0.24733074,0.25422624
0.28202438,0.28748763
0.34515256,0.3400691
0.40029493,0.39146072
0.45266852,0.45070422
0.50890005,0.5091482
0.5657094,0.5690401
0.6104872,0.6169158
0.65354013,0.6625941
0.6681129,0.6894836
0.6916552,0.7181029
0.6988475,0.7298741
0.7053613,0.7254653
0.6949997,0.70074874
0.6619886,0.65624577
0.61470133,0.62090164
0.5655,0.56683487
0.4856889,0.49276987
0.4154201,0.41787344
0.34948295,0.36428484
0.3071766,0.3249969
0.2829507,0.28997275
0.26224947,0.27069548
0.2587794,0.26070175
0.28898317,0.282477
0.3331502,0.31797495
0.39162606,0.37421483
0.42786697,0.43073684
0.4729193,0.4979868
0.5331116,0.5610049
0.596974,0.626819
0.65177166,0.68448853
0.69914484,0.7307898
0.71809536,0.75885195
0.73530114,0.7857622
0.7488063,0.7973001
0.76021606,0.79144436
0.7573652,0.7637917
0.7323513,0.710868
0.683013,0.66918296
0.6432462,0.6191721
0.57451576,0.54071033
0.5025525,0.46292704
0.43826833,0.44461387
0.39101148,0.39814228
0.3573761,0.35953474
0.3320987,0.33681297
0.32261646,0.32797864
0.33742183,0.35125193
0.37023452,0.38960958
0.42801628,0.45048776
0.477064,0.5115146
0.5163618,0.57133394
0.5784473,0.63126713
0.6143536,0.6830451
0.647289,0.72831637
0.6812048,0.76341254
0.69688785,0.77633744
0.6989947,0.7785274
0.6945805,0.7745384
0.6837921,0.7653895
0.65558857,0.7440262
0.61150575,0.69271994
0.5683746,0.6579304
0.52328503,0.6118979
0.45102823,0.54089594
0.37916565,0.4709661
0.32193968,0.34356883
0.2762089,0.30303502
0.24354722,0.2761139
0.22363146,0.2543805
0.21193197,0.25127533
0.210375,0.27096596
0.22085124,0.29395247
0.264196,0.3305765
0.3276507,0.37378642
0.39157236,0.42221975
0.4520197,0.46845376
0.5082326,0.50883865
0.56277394,0.5401315
0.59621817,0.5711193
0.60898435,0.5932653
0.62229455,0.60461473
0.61988276,0.6202829
0.6265383,0.621999
0.61699635,0.59608716
0.58638567,0.5587671
0.54611003,0.53325987
0.5152375,0.48684996
0.4579646,0.42254096
0.39578137,0.3633994
0.33614656,0.35766277
0.2910363,0.31680924
0.2589913,0.28061572
0.24023491,0.26039016
0.22631142,0.24745652
0.22433697,0.24858165
0.23309678,0.26246747
0.26259083,0.30329695
0.29864433,0.35164434
0.32611486,0.40076303
0.36116257,0.44503373
0.3861676,0.48847955
0.4050771,0.5155386
0.4207297,0.53202784
0.4427159,0.5454864
0.4765294,0.5463293
0.5168321,0.5506674
0.5532346,0.5518097
0.5597463,0.55319196
0.54287803,0.5265768
0.5105827,0.50725865
0.47681615,0.4706198
0.41768172,0.41345036
0.34708005,0.36012477
0.30129048,0.32233685
0.26742837,0.28419822
0.23760316,0.25921795
0.22049594,0.24329826
0.22696237,0.24286933
0.25929374,0.2720989
0.3091633,0.3085547
0.36000955,0.36847505
0.39658418,0.42757457
0.4568881,0.47644573
0.5152527,0.5274949
0.5662136,0.58080775
0.6111576,0.6179009
0.654167,0.6551692
0.6650954,0.6804303
0.6830536,0.6999096
0.698551,0.716224
0.7020993,0.72230375
0.6919145,0.716853
0.6520855,0.6692945
0.62150234,0.63943464
0.5665799,0.5845026
0.4823127,0.52451694
0.40591586,0.4556123
0.35425285,0.36705428
0.31063274,0.3295502
0.28133833,0.2963648
0.2588974,0.27925524
0.25486052,0.27555668
0.2780844,0.30315974
0.32188934,0.34465593
0.3739656,0.40000874
0.42548478,0.4496377
0.46753103,0.5045803
0.505243,0.5576699
0.555635,0.6135309
0.59506977,0.6614831
0.6253865,0.70026577
0.6401179,0.7205884
0.663818,0.7371035
0.67424136,0.7435922
0.6824856,0.7365472
0.6653864,0.7160653
0.62392724,0.66371405
0.57960415,0.62921363
0.53652877,0.5808649
0.46022242,0.50824195
0.3839017,0.43676347
0.3282437,0.34657502
0.2926085,0.30691403
0.2662174,0.27504125
0.26004112,0.25752154
0.25582618,0.2561401
0.2889815,0.2859899
0.33066398,0.32709017
0.370685,0.37280914
0.4040002,0.41649607
0.4249328,0.46377087
0.45997584,0.5097761
0.5035659,0.5455625
0.53794533,0.5815035
0.5713764,0.61290234
0.5942238,0.6271056
0.61404485,0.63222134
0.63776445,0.6388255
0.6567598,0.6303472
0.6452202,0.60754645
0.6123356,0.56418014
0.57405764,0.53588694
0.5246817,0.48993492
0.45996568,0.42078587
0.38674662,0.3583901
0.3336396,0.3466076
0.29522163,0.30730873
0.2715118,0.2802608
0.2558448,0.2605788
0.2538492,0.25879604
0.27983594,0.28248003
0.32328728,0.31713128
0.37486145,0.3607868
0.41478604,0.40900168
0.4656179,0.45948017
0.5224179,0.507027
0.5663574,0.54550475
0.60268587,0.5784786
0.63236684,0.60977596
0.64126664,0.62523603
0.64674586,0.6334624
0.65194505,0.6369602
0.6636276,0.6377664
0.6611393,0.61518276
0.62593806,0.5733926
0.5925518,0.5394194
0.5462352,0.49498886
0.47736686,0.43078786
0.41408983,0.37303734
0.4111449,0.35875922
0.40819997,0.32072398
0.40525505,0.29009554
0.4023101,0.27230147
0.3993652,0.26939538
0.39642027,0.30134648
0.39347532,0.34589282
0.3905304,0.39647332
0.38758546,0.44428378
0.38464054,0.4929574
0.3816956,0.5374709
0.37875068,0.5790718
0.37580574,0.61924374
0.37286082,0.64837104
0.3699159,0.66398424
0.36697096,0.67386854
0.36402604,0.6845276
0.3610811,0.6794233
0.35813618,0.6569573
0.35519123,0.6158345
0.3522463,0.5840825
0.34930137,0.53918636
0.34635645,0.466443
0.34341154,0.40137368
0.3404666,0.2854205
0.33752167,0.25310907
0.33457673,0.23193215
0.3316318,0.2197974
0.32868686,0.21638732
0.32574195,0.22904044
0.322797,0.25881994
0.31985208,0.2913524
0.31690717,0.3334797
0.31396222,0.3714558
0.3110173,0.3932761
0.30807236,0.4127554
0.30512744,0.4380949
0.3021825,0.45664907
0.29923758,0.4758455
0.29629266,0.48427442
0.29334772,0.5007521
0.2904028,0.51782846
0.28745785,0.5095584
0.28451294,0.47486416
0.281568,0.45009774
0.27862307,0.41147643
0.27567813,0.36696088
0.2727332,0.32036853
0.2697883,0.23250782
0.26684335,0.20770131
0.26389843,0.19474144
0.2609535,0.18325761
0.25800857,0.18259652
0.25506362,0.20021647
0.2521187,0.23034744
0.24917378,0.24457124
0.24622884,0.27317804
0.24328391,0.31453866
0.24033898,0.33927256
0.23739405,0.36401182
0.23444912,0.39649805
0.2315042,0.41691396
0.22855927,0.44559276
0.22561434,0.46319726
0.22266941,0.48197335
0.21972448,0.49954063
0.21677954,0.48054028
0.21383461,0.45127615
0.21088968,0.42411152
0.20794477,0.38083306
0.20499983,0.3393954
0.2020549,0.29208302
0.19910997,0.16099836
0.19616504,0.14218834
0.19322011,0.13251542
0.19027518,0.12842411
0.18733025,0.13346674
0.18438531,0.16356698
0.1814404,0.18757416
0.17849547,0.18558434
0.17555054,0.19995594
0.1726056,0.22734681
0.16966067,0.24648894
0.16671574,0.25296047
0.16377081,0.27242115
0.16082588,0.2862833
0.15788096,0.3096461
0.15493603,0.31226876
0.1519911,0.33373356
0.14904617,0.34720537
0.14610124,0.32817915
0.1431563,0.32401553
0.14021137,0.31399557
0.13726644,0.26691848
0.13432151,0.22181024
0.1313766,0.1843095
0.12843166,0.10441354
0.09775456,0.100255415
0.08292548,0.09370299
0.072331235,0.09294075
0.069619544,0.09499196
0.06900243,0.1245239
0.08229145,0.14352678
0.10328115,0.14407529
0.13498016,0.16837636
0.16638562,0.19234392
0.19287822,0.20182788
0.21425156,0.21789056
0.24602586,0.23583886
0.2793939,0.2492905
0.3133897,0.26115397
0.34976846,0.2871523
0.38725927,0.29919922
0.41312376,0.32266465
0.40035585,0.30807266
0.36384127,0.31054693
0.33237574,0.31160325
0.2904602,0.27494746
0.24631137,0.22870812
0.19972576,0.18807305
0.16982271,0.17055413
0.13481815,0.14929782
0.11017183,0.12916178
0.09207993,0.118899845
0.08297667,0.12116804
0.08734811,0.14985105
0.092325255,0.19156063
0.115519084,0.24261236
0.17003335,0.29189667
0.23110668,0.3307767
0.2935691,0.38105273
0.3589284,0.42055014
0.40927383,0.46780387
0.45234877,0.49313328
0.485897,0.5235
0.5161731,0.5596312
0.5453448,0.59131914
0.5550817,0.60886073
0.5360386,0.59521586
0.49037504,0.5560584
0.44961593,0.53047836
0.39049715,0.47412902
0.3266787,0.4058168
0.26663828,0.3408805
0.22330873,0.22554946
0.18186142,0.1950649
0.15974575,0.16797155
0.14288555,0.15179169
0.13771427,0.14729194
0.14605236,0.17333305
0.15681623,0.20800304
0.1758852,0.26638815
0.23513383,0.32130376
0.31267908,0.37885946
0.4025938,0.44303608
0.46847552,0.49772504
0.52500015,0.55399203
0.5695673,0.59065074
0.6078914,0.6275973
0.6366842,0.6594469
0.6625677,0.6909414
0.6749431,0.6946465
0.64608985,0.6673511
0.6150101,0.6304618
0.5853883,0.59703064
0.51719123,0.5347364
0.4407423,0.45456177
0.37874097,0.38065034
0.32047787,0.3326745
0.2832819,0.29604775
0.25173602,0.26661158
0.2295514,0.24795532
0.22766705,0.24887289
0.26121446,0.2850388
0.32634243,0.33590895
0.3672792,0.416982
0.41966507,0.47621137
0.4734383,0.53468716
0.5292075,0.59351313
0.58713263,0.64587206
0.6376456,0.6876639
0.6898914,0.7174619
0.7068887,0.7446405
0.73569196,0.7603593
0.7599665,0.77226895
0.7754241,0.7613304
0.75493145,0.7339892
0.71270627,0.6925064
0.67525864,0.6587857
0.5888529,0.5894477
0.5053991,0.51160944
0.43258104,0.4338286
0.3799748,0.3766141
0.3316186,0.33561182
0.29628247,0.30132133
0.27811992,0.2841894
0.28326118,0.27779514
0.31414554,0.3071269
0.3652371,0.34776577
0.41389653,0.42377824
0.46538696,0.48810112
0.51533777,0.55098903
0.56671864,0.6150045
0.6378033,0.6820078
0.6931416,0.7262483
0.7302436,0.77255005
0.7485212,0.794478
0.75536495,0.8192801
0.78720903,0.82899934
0.7928169,0.8132409
0.7579781,0.7859931
0.7125434,0.73937005
0.6707201,0.7024902
0.5898672,0.6377725
0.50007343,0.56317645
0.41874593,0.4836247
0.363917,0.3783476
0.32321706,0.3404807
0.28836057,0.30442482
0.27641872,0.28391838
0.27426407,0.27583966
0.30777976,0.30155164
0.363925,0.33621132
0.39942655,0.39108396
0.43791348,0.44668403
0.49350166,0.51196295
0.5580561,0.5747596
0.6313796,0.63860404
0.6863376,0.6959187
0.7341976,0.74021554
0.72985196,0.7620345
0.67899096,0.7912742
0.60668594,0.7991618
0.5468473,0.78796226
0.500051,0.75531554
0.46504012,0.6973746
0.43797016,0.6605817
0.40320668,0.60659873
0.33632338,0.5344612
0.28467306,0.45892304
0.24174154,0.24732682
0.22096248,0.21658686
0.20509204,0.18962121
0.19679454,0.16788527
0.20100568,0.1575475
0.23402521,0.16499436
0.28502244,0.17451386
0.31906727,0.19754037
0.3450747,0.23408702
0.38031697,0.28022912
0.4278712,0.3132928
0.47182167,0.35002258
0.50859255,0.38752174
0.5496215,0.40741637
0.592191,0.42932487
0.60348827,0.45042524
0.63063014,0.46552277
0.61579216,0.47478622
0.5704454,0.45349142
0.5236987,0.42088854
0.49124384,0.39709708
0.43361732,0.36076227
0.3765593,0.3050576
0.3108624,0.25529218
0.28137133,0.2740548
0.24069849,0.23224404
0.21179366,0.20956324
0.19576713,0.18823373
0.18979938,0.18002236
0.19632462,0.18745801
0.2117374,0.20295629
0.23452306,0.23950505
0.27753663,0.28023928
0.31992844,0.3296669
0.35390982,0.3665344
0.39573187,0.40955392
0.4354124,0.43789795
0.48465008,0.46089545
0.52124757,0.47618487
0.5479449,0.4919288
0.5645229,0.4934888
0.5175698,0.49420446
0.4533288,0.48297793
0.41736788,0.46111143
0.3769687,0.42959914
0.33589447,0.38955772
0.2869732,0.33448535
0.23870797,0.28514928
0.19547401,0.2024739
0.16447969,0.16968706
0.14551307,0.1485231
0.13400732,0.13213554
0.12836102,0.12688868
0.13499665,0.13961777
0.15392943,0.15344648
0.17620751,0.1848599
0.21074848,0.2188519
0.24859288,0.25092247
0.28264996,0.280725
0.32003546,0.31312326
0.35040927,0.33845335
0.36823556,0.35398504
0.38107622,0.3681788
0.3910961,0.3868255
0.3972584,0.39736092
0.407631,0.40858635
0.39248723,0.40539113
0.37905693,0.3833203
0.36457217,0.37141073
0.32948768,0.33331132
0.2835374,0.28871515
0.23873292,0.24389774
0.2047689,0.21318279
0.18891114,0.18526627
0.17227173,0.16849855
0.17147781,0.15550524
0.19065337,0.16040681
0.23490965,0.18794256
0.3005012,0.23018065
0.344093,0.28151503
0.37002727,0.3220069
0.39021924,0.3565195
0.42009988,0.39064825
0.46682802,0.41830015
0.5044195,0.44371983
0.5245463,0.45867708
0.52544767,0.47898045
0.514787,0.4876746
0.520196,0.50193757
0.53403324,0.5130772
0.52564186,0.510905
0.5039225,0.4854426
0.47101462,0.46594125
0.41144583,0.41474184
0.34462848,0.35835165
0.28606677,0.30204695
0.28391516,0.25397182
0.28176352,0.22636133
0.27961192,0.20466353
0.27746028,0.1935164
0.27530867,0.19536659
0.27315703,0.23543876
0.27100542,0.28383103
0.2688538,0.32492876
0.26670218,0.35189304
0.26455057,0.38357383
0.26239893,0.4176222
0.26024732,0.45373908
0.2580957,0.48085594
0.25594407,0.5075482
0.25379246,0.5233346
0.25164083,0.54051495
0.24948922,0.5514306
0.2473376,0.5547512
0.24518597,0.5422227
0.24303435,0.51729834
0.24088274,0.5013494
0.23873112,0.4476814
0.2365795,0.3860271
0.23442787,0.32266086
0.23227625,0.18114682
0.23012464,0.1607934
0.22797301,0.14992322
0.22582139,0.14211026
0.22366977,0.15009429
0.22151814,0.17655608
0.21936652,0.21202895
0.21721491,0.22297493
0.21506329,0.24223489
0.21291167,0.2679429
0.21076004,0.28600442
0.20860842,0.29221976
0.20645681,0.30863932
0.20430519,0.31759155
0.20215356,0.33321908
0.20000194,0.33778358
0.19785032,0.34847003
0.1956987,0.36210027
0.19354708,0.35119662
0.19139546,0.3467246
0.18924384,0.34064078
0.18709221,0.29571238
0.18494059,0.25389743
0.18278897,0.21479332
0.18063736,0.14687844
0.17848574,0.13693263
0.17633411,0.12699132
0.17418249,0.12031907
0.17203087,0.12625156
0.16987926,0.1535899
0.16772763,0.1811834
0.16557601,0.18352392
0.16342439,0.20540991
0.16127276,0.22721025
0.15912114,0.23968163
0.15696953,0.24452874
0.15481791,0.25300825
0.15266629,0.25952289
0.15051466,0.26529965
0.14836304,0.2739683
0.14621143,0.2751883
0.1440598,0.29617608
0.14190818,0.28542045
0.13975656,0.28923616
0.13760494,0.2914245
0.13545331,0.25393927
0.1333017,0.21352011
0.13115008,0.18181387
0.12899846,0.10658412
0.12684684,0.09769218
0.12469522,0.098024294
0.122543596,0.09726088
0.12039197,0.110212736
0.11824036,0.14010757
0.11608873,0.17954376
0.11393711,0.19484907
0.111785494,0.21646664
0.10963387,0.22717023
0.10748225,0.22766124
0.10533063,0.23239528
0.10317901,0.23364869
0.10102739,0.23803458
0.09887577,0.24399015
0.096724145,0.25903857
0.09457253,0.2662215
0.092420906,0.2850925
0.09026928,0.27931762
0.08811767,0.28659558
0.08596604,0.29020566
0.08381442,0.25457045
0.081662804,0.21672945
0.07951118,0.17860882
0.077359565,0.070430264
0.047553368,0.04995498
0.036918513,0.061190493
0.02600407,0.061831858
0.022885054,0.07512795
0.02762491,0.101729296
0.045741346,0.14211233
0.07656014,0.1688993
0.105157465,0.19556779
0.1330497,0.20647264
0.16115849,0.20399892
0.17572701,0.21210061
0.19155177,0.21452251
0.1930529,0.21760319
0.19666089,0.22842932
0.19719806,0.23797283
0.21663842,0.25088766
0.23484367,0.26504728
0.23427561,0.256325
0.24140148,0.26448628
0.22847493,0.25991422
0.19948931,0.21390915
0.16503802,0.18080097
0.14094537,0.14326897
0.11323164,0.1294806
0.10695892,0.11049863
0.09654697,0.101410165
0.09555636,0.09549357
0.11037909,0.11355997
0.15513998,0.1448524
0.21794921,0.20168842
0.2588517,0.25184676
0.27568442,0.27701163
0.2869474,0.2904908
0.2955359,0.30101368
0.29925555,0.30804506
0.31115848,0.31072876
0.32328093,0.3114255
0.31480157,0.31873673
0.30723456,0.3209514
0.32979518,0.3282852
0.33899742,0.33872822
0.33662367,0.34238905
0.33648792,0.3373814
0.31336007,0.33473703
0.2719394,0.28837207
0.22171496,0.24189457
0.17614111,0.19836989
0.14762583,0.1589374
0.12671015,0.14204119
0.12250198,0.13088591
0.108146206,0.12856615
0.12149698,0.14326155
0.1532349,0.18193144
0.21533819,0.24467719
0.24877477,0.27952915
0.25123987,0.29179588
0.26201007,0.30197132
0.27564678,0.31280398
0.3120683,0.32298473
0.27070475,0.32958046
0.3058696,0.3343902
0.3048274,0.3378702
0.30427542,0.3428338
0.31783387,0.34880775
0.3334095,0.36014515
0.32535902,0.35700625
0.32557812,0.34979686
0.30719098,0.3444311
0.26695085,0.3003603
0.2132119,0.25328004
0.16969877,0.20404606
0.14042892,0.14627887
0.114659175,0.12807135
0.10986095,0.117386445
0.103167795,0.112451896
0.11510584,0.12471243
0.15276118,0.16096845
0.21278046,0.21398516
0.2415343,0.24366426
0.25096282,0.25977677
0.25669158,0.27429235
0.26587564,0.2871334
0.2819601,0.29922593
0.29158786,0.31050816
0.31156284,0.319134
0.30830002,0.32844612
0.31599098,0.33906984
0.33269975,0.35023987
0.3440524,0.36398554
0.33690962,0.3569755
0.3411508,0.34981704
0.31526515,0.3425279
0.27711704,0.30007738
0.22350118,0.25407422
0.17470933,0.20140406
0.14451866,0.14952698
0.123414755,0.1306258
0.11639126,0.11951922
0.11132486,0.11378468
0.12526569,0.12433549
0.16456471,0.15995842
0.22142564,0.21076173
0.25175336,0.24054924
0.2577431,0.25407827
0.26385975,0.2675277
0.27408642,0.27678007
0.27727142,0.28488204
0.28406906,0.2903993
0.2991773,0.29830536
0.30996695,0.30254835
0.32066146,0.3106143
0.33256438,0.31645873
0.33530527,0.32839805
0.32683942,0.32379207
0.32712325,0.32018623
0.31052867,0.31234926
0.26532367,0.2726593
0.21835484,0.23133792
0.16975799,0.18382181
0.13700283,0.14966868
0.11916851,0.12669799
0.10859837,0.11945258
0.10417405,0.11364686
0.12118272,0.12638462
0.15177944,0.16354659
0.20664985,0.22218075
0.23074588,0.2517825
0.24429123,0.26423532
0.24678552,0.27447277
0.26195338,0.2811332
0.268386,0.28560027
0.2691888,0.28656656
0.27141196,0.2911361
0.26560196,0.2932489
0.26200372,0.2946549
0.26647922,0.29830778
0.26436308,0.3114133
0.261843,0.30815667
0.2577892,0.30666757
0.24361363,0.29808843
0.21507594,0.25562453
0.1800532,0.2162553
0.1373099,0.17106554
0.103574276,0.120120406
0.0874179,0.09460896
0.075934134,0.08776298
0.06933192,0.08140707
0.06940171,0.08807179
0.07801644,0.11623002
0.10464948,0.16160236
0.12629648,0.18294889
0.1590893,0.21022114
0.18652725,0.22776967
0.20059709,0.23338564
0.20902486,0.23187149
0.21371354,0.23004067
0.20848134,0.22474644
0.19778346,0.22426793
0.19362688,0.2219771
0.19699124,0.23166217
0.20486617,0.2403073
0.19557595,0.2364516
0.19594182,0.24770573
0.17948726,0.24538648
0.15804878,0.2045215
0.12993872,0.16740836
0.09803584,0.13055764
0.07222507,0.085261285
0.05830835,0.05613038
0.04705976,0.048924312
0.03863706,0.036945775
0.04183052,0.041159812
0.049979553,0.048131876
0.07391993,0.07065171
0.10051913,0.09591268
0.13632226,0.1344589
0.1707173,0.1593605
0.19067368,0.17390403
0.20485517,0.18513787
0.21180254,0.18852931
0.21112324,0.1872495
0.2062108,0.19814146
0.21004762,0.20218207
0.22415975,0.2171519
0.23620269,0.23349978
0.23365258,0.23322429
0.24041636,0.2378791
0.23542018,0.23167634
0.20097058,0.19186552
0.16277891,0.15620899
0.13509944,0.12501256
0.1116882,0.12669799
0.10273044,0.10615823
0.107133605,0.10078158
0.1067487,0.09494968
0.12081177,0.11025614
0.16592288,0.13799648
0.22564228,0.1912304
0.2581259,0.23514202
0.28423995,0.26360226
0.292507,0.27718115
0.31093937,0.28838825
0.3153493,0.2932506
0.31196383,0.293157
0.29970306,0.2889065
0.28863043,0.29518303
0.27658325,0.29265976
0.28552705,0.29673776
0.2958265,0.31599313
0.29982486,0.32479346
0.30200827,0.31963184
0.28432286,0.31506428
0.2547793,0.2706523
0.20966524,0.22920406
0.16827758,0.18929692
0.13691062,0.1530442
0.12384704,0.13468915
0.11503436,0.12676187
0.11183286,0.12574612
0.12321765,0.14315157
0.16593853,0.18262017
0.22464405,0.25159386
0.2640137,0.28873459
0.27647623,0.29869348
0.2811721,0.30788288
0.29218003,0.31476384
0.29769054,0.31530824
0.3041663,0.31840608
0.2954919,0.31686193
0.2854302,0.31795225
0.2815388,0.31145757
0.28088066,0.31725523
0.29169402,0.33182436
0.2989053,0.33420086
0.30663773,0.3324465
0.2842099,0.32729673
0.25013083,0.28400886
0.20936197,0.23481154
0.16593176,0.19204523
0.13705443,0.14394712
0.12424209,0.12606898
0.11506988,0.11645551
0.1157919,0.11169518
0.12895826,0.12248717
0.1632666,0.15947342
0.23047307,0.21828604
0.26353362,0.25259393
0.26986557,0.2680728
0.2675976,0.27615833
0.26404965,0.27088934
0.2625553,0.26567647
0.25267375,0.26120505
0.25796008,0.2579175
0.25420153,0.25233248
0.24917491,0.2497657
0.2552023,0.25163817
0.27131638,0.2644175
0.2785539,0.27122238
0.30284745,0.27961782
0.28680655,0.28166404
0.24670558,0.2467967
0.2045223,0.20986581
0.16345143,0.17371286
0.13326922,0.14776829
0.12530756,0.12522365
0.111734726,0.1178941
0.10658839,0.112056345
0.12415707,0.12468793
0.16174431,0.16185668
0.22247504,0.22109729
0.26578596,0.2515299
0.27749982,0.26801705
0.2726758,0.2818091
0.28098473,0.28611416
0.27719614,0.2851148
0.28073516,0.28652573
0.28188607,0.2827951
0.2644227,0.28327486
0.2663773,0.27841684
0.2695957,0.28307614
0.28110105,0.29375985
0.29337746,0.2954776
0.3077827,0.30180958
0.2893592,0.2967202
0.2567639,0.25761208
0.20857862,0.21370524
0.16451818,0.17535609
0.16203153,0.1491239
0.15954487,0.12588015
0.15705822,0.118734434
0.15457158,0.11239513
0.15208492,0.12414457
0.14959827,0.16083187
0.14711161,0.22090314
0.14462496,0.25370118
0.14213832,0.2697894
0.13965166,0.28121787
0.13716501,0.28421497
0.13467835,0.28418848
0.1321917,0.28355128
0.12970506,0.2823618
0.1272184,0.28034925
0.12473174,0.27726462
0.122245096,0.27952397
0.11975844,0.29097918
0.11727179,0.29436994
0.114785135,0.29831135
0.11229848,0.29217803
0.109811835,0.25389338
0.10732518,0.2123622
0.10483853,0.17394188
0.102351874,0.08312991
0.08466476,0.06951861
0.07742597,0.06440535
0.06534115,0.060331956
0.07574041,0.075428315
0.08081992,0.096463524
0.11112099,0.1332665
0.13091409,0.16580252
0.15680861,0.19478324
0.17836638,0.20856875
0.18442804,0.20923774
0.18934849,0.21649195
0.18518262,0.20957416
0.185359,0.21042751
0.18806604,0.21437109
0.19439162,0.21416502
0.2011423,0.22814234
0.21159782,0.23735861
0.21135461,0.23766196
0.21879643,0.24724609
0.20271069,0.24702518
0.17771669,0.20386429
0.14180104,0.17288028
0.11571957,0.1421046
0.077477574,0.10661432
0.050977774,0.09503289
0.048714858,0.089232296
0.03556161,0.08506578
0.039616246,0.101932235
0.04686265,0.1346103
0.058120128,0.18447085
0.08494477,0.2233943
0.112271905,0.24931028
0.13843712,0.26375988
0.1510054,0.27648914
0.16574438,0.29108325
0.18443014,0.29985484
0.20391406,0.30951554
0.21629411,0.32261387
0.23745638,0.33846337
0.26533213,0.35190904
0.2926876,0.37267965
0.29339775,0.3652912
0.29263598,0.35624865
0.27457157,0.35135365
0.23941265,0.3053843
0.18479729,0.25634548
0.1424926,0.20843412
0.11771306,0.122695014
0.096376084,0.10887135
0.08953954,0.09616693
0.08938897,0.08804755
0.1024978,0.10217502
0.14743295,0.13353328
0.21299914,0.1838418
0.24664424,0.22825995
0.26609346,0.25476113
0.28144112,0.27731115
0.3005029,0.3027511
0.32060435,0.32125294
0.3448717,0.33861503
0.36225766,0.35201094
0.37176698,0.3645159
0.38077295,0.38553107
0.3928675,0.39886135
0.40440542,0.41839764
0.39493838,0.410964
0.39254856,0.39225787
0.3573194,0.38376904
0.30672866,0.3383928
0.25265598,0.28338185
0.20180468,0.23393388
0.1679629,0.17140454
0.13966122,0.15173541
0.12831196,0.13725533
0.124813534,0.13253585
0.13354966,0.14160883
0.17007184,0.17808902
0.22902142,0.23043886
0.25984952,0.26814076
0.27221012,0.2892925
0.28900814,0.30615938
0.3050431,0.32164872
0.33401138,0.34032288
0.35857776,0.35525313
0.38559613,0.365013
0.4043314,0.37461364
0.42031223,0.38760576
0.43746215,0.4002364
0.44538364,0.4106169
0.43249094,0.40450943
0.42624697,0.39507875
0.39283916,0.38331085
0.33593634,0.33741575
0.28238097,0.29017565
0.22362764,0.23144247
0.18779871,0.1926515
0.16022372,0.1687958
0.14469546,0.15121768
0.13757849,0.14063454
0.14751205,0.14610773
0.18564028,0.18018344
0.2482617,0.22663625
0.27354628,0.26443812
0.28727183,0.29010463
0.30285126,0.3137145
0.32622483,0.33669907
0.36383155,0.3556087
0.39125723,0.37137747
0.42179346,0.3889803
0.44527662,0.3996506
0.4606653,0.41333094
0.4763348,0.42144412
0.47563985,0.4326957
0.44952795,0.42650077
0.43312073,0.41284963
0.39379802,0.39858925
0.3403852,0.35337
0.2814005,0.30426508
0.22413267,0.24825881
0.18307662,0.19179481
0.16216771,0.16601393
0.14190257,0.15091397
0.13725196,0.13922846
0.14249387,0.14463775
0.17733304,0.17793187
0.23899305,0.21715441
0.2601452,0.25204444
0.2697856,0.27581006
0.2893114,0.2993826
0.3071817,0.31981438
0.32377455,0.34096375
0.338327,0.35532966
0.35162702,0.37208733
0.3589022,0.3824791
0.36281428,0.3967083
0.37523833,0.40308037
0.37842628,0.41074094
0.381061,0.40047926
0.3900196,0.3871981
0.3622382,0.36859256
0.32647145,0.32664257
0.27057615,0.2800919
0.2286344,0.226936
0.22501405,0.19343916
0.22139369,0.16535646
0.21777333,0.15119188
0.21415298,0.14026612
0.21053264,0.14971696
0.20691228,0.18685156
0.20329192,0.24003685
0.19967157,0.27734846
0.19605121,0.29669508
0.19243085,0.31616116
0.18881051,0.33726233
0.18519016,0.3524903
0.1815698,0.36593154
0.17794944,0.3796847
0.17432909,0.39137515
0.17070873,0.39079306
0.16708839,0.39989328
0.16346803,0.4124111
0.15984768,0.40877876
0.15622732,0.39659253
0.15260696,0.3845544
0.14898661,0.33843672
0.14536627,0.2894489
0.14174591,0.23493646
0.13812555,0.111196384
0.1345052,0.1011308
0.13088484,0.09923707
0.12726448,0.09141085
0.123644136,0.09676511
0.12002378,0.11656283
0.11640343,0.14200854
0.112783074,0.13848737
0.10916272,0.1628226
0.10554237,0.17462039
0.10192201,0.18398546
0.09830166,0.18303408
0.09468131,0.1788865
0.09106095,0.17506449
0.087440595,0.16554871
0.083820246,0.17268533
0.08019989,0.16674896
0.07657953,0.18876511
0.072959185,0.18845223
0.06933883,0.19881432
0.06571847,0.20485324
0.06209812,0.17649414
0.058477767,0.14990413
0.05485741,0.12911434
0.051237058,0.060733546
0.033646803,0.05367843
0.025219029,0.06169016
0.020799788,0.06635285
0.02110729,0.09237227
0.031548847,0.13137352
0.05619263,0.18093885
0.07746615,0.22016656
0.104402035,0.2338449
0.120618045,0.2311829
0.12641661,0.21710716
0.13444255,0.21513645
0.13881145,0.19142461
0.13254847,0.19095527
0.13134637,0.19101062
0.13818038,0.18487124
0.15120631,0.20007016
0.16679125,0.20509444
0.18057473,0.2064344
0.19464034,0.2213877
0.18190837,0.22521219
0.16588566,0.18033491
0.13629477,0.15649872
0.11255149,0.12571222
0.09055976,0.11104663
0.08378667,0.09529856
0.07666504,0.096183494
0.08401253,0.097900905
0.10160575,0.119274795
0.14668049,0.15996489
0.2105205,0.22218779
0.25160405,0.27625474
0.26545012,0.29267102
0.26497808,0.29058057
0.26609644,0.2786035
0.25885892,0.27269724
0.25716573,0.25833267
0.2501727,0.2529718
0.24522601,0.2551143
0.23850705,0.2501325
0.24942572,0.2603506
0.2667368,0.2708846
0.28251716,0.28181684
0.29537728,0.29034773
0.26873243,0.28766692
0.24045274,0.24373235
0.1978283,0.21134819
0.15934858,0.17195755
0.14017725,0.13838866
0.12736492,0.12698965
0.11441681,0.11937329
0.11847018,0.11929294
0.13772483,0.13342245
0.18120877,0.17370558
0.24885175,0.23852839
0.286513,0.28080675
0.29525208,0.29149824
0.28961384,0.2920176
0.2805499,0.28355733
0.2607881,0.2783747
0.26047763,0.27622175
0.25997472,0.2699083
0.24589178,0.26389387
0.24158505,0.26643726
0.25451496,0.26535043
0.27074832,0.2853443
0.28395358,0.29450178
0.2990208,0.30275318
0.2764352,0.30327985
0.24901967,0.26983988
0.20717604,0.22755061
0.17034973,0.18969531
0.1524469,0.14476718
0.13557824,0.13145599
0.12999877,0.12668379
0.13075083,0.1280097
0.14383513,0.14540915
0.19050956,0.18818495
0.25966552,0.25757882
0.2814462,0.28807604
0.2753896,0.29054338
0.2658917,0.2868183
0.26681423,0.27363187
0.255245,0.26465487
0.2521979,0.261098
0.25033554,0.25656927
0.243683,0.25064334
0.24185024,0.25268868
0.25222877,0.2549266
0.2683695,0.27182925
0.28100967,0.27481285
0.29895353,0.28316665
0.2768273,0.2819884
0.24021375,0.24680729
0.20048077,0.20771602
0.1654851,0.16683912
0.13539974,0.14278837
0.119962856,0.12677026
0.12057828,0.12104501
0.11663151,0.12055953
0.13734035,0.13789518
0.17782624,0.1801824
0.24794997,0.2447543
0.28290588,0.27389044
0.2866251,0.27865294
0.27487782,0.2793826
0.26533845,0.27175575
0.24927685,0.26749027
0.24623142,0.26653555
0.23493038,0.26476216
0.20193918,0.26501715
0.20430107,0.26411968
0.24016003,0.26882726
0.26963672,0.28274477
0.28086248,0.28220174
0.2908248,0.28873906
0.27502924,0.2842122
0.23595397,0.2465193
0.19916405,0.20642252
0.1612139,0.16444784
0.12793425,0.13895646
0.11826081,0.12305686
0.106272005,0.119265124
0.10249484,0.11960433
0.11386187,0.13833359
0.15330766,0.1883463
0.22073492,0.26612124
0.25008008,0.29274994
0.26032707,0.29256728
0.24397781,0.29257524
0.24628091,0.2858842
0.23813315,0.27831244
0.23107031,0.27468634
0.22867204,0.27127495
0.21848892,0.2657294
0.21576665,0.26175317
0.2229805,0.26706475
0.23031318,0.2738861
0.23999846,0.28091794
0.24125174,0.2937939
0.22623698,0.29331762
0.19957983,0.25644624
0.16835752,0.2167015
0.13039215,0.17859022
0.09930772,0.11122388
0.078339174,0.09688656
0.07144468,0.09196874
0.066242516,0.08707899
0.06836669,0.100807756
0.085056014,0.12359524
0.10869269,0.1619342
0.14180443,0.18181705
0.17931469,0.20373589
0.2081438,0.22649387
0.22263958,0.23093118
0.23205331,0.23308386
0.23526411,0.22572663
0.23279563,0.22641471
0.22069262,0.2255151
0.21880446,0.22027358
0.2203111,0.23034914
0.22625813,0.245737
0.22629789,0.24244231
0.21926042,0.25648254
0.19973253,0.2545209
0.174832,0.22265577
0.15011589,0.1873757
0.11678716,0.15704054
0.09196784,0.0931489
0.073304504,0.076327376
0.06546804,0.0620914
0.058018614,0.055339262
0.060973514,0.058870725
0.06618668,0.0655595
0.08926292,0.08448024
0.11970949,0.10605813
0.139904,0.13255122
0.15062304,0.15693891
0.15411216,0.16384335
0.16371368,0.17009863
0.16550456,0.16375896
0.15251034,0.16275612
0.14452077,0.16923732
0.14615938,0.17313801
0.1626888,0.18925488
0.18660761,0.21213163
0.20877743,0.22171164
0.22333114,0.23032574
0.2165314,0.22506757
0.1874967,0.19848405
0.15593687,0.16482386
0.1278065,0.13646826
0.113770925,0.12014131
0.101143435,0.10585977
0.095635034,0.10832527
0.10090149,0.110241525
0.120877326,0.13126935
0.17039965,0.17020464
0.24208204,0.23037007
0.2811924,0.27830762
0.2904653,0.29064462
0.28012905,0.28598604
0.2777164,0.27019244
0.27848324,0.26265094
0.2688263,0.25204992
0.2695035,0.24345495
0.25879252,0.24119815
0.25062147,0.23923835
0.25661504,0.24538633
0.27295116,0.26240784
0.2931351,0.27018356
0.3019461,0.28468165
0.27776843,0.28590912
0.24195388,0.24662715
0.20399739,0.21171814
0.16676967,0.17267323
0.13867864,0.14434832
0.12299432,0.13007446
0.1173273,0.12391369
0.11880856,0.12266488
0.13569498,0.13884005
0.17938237,0.17536238
0.24840255,0.24105543
0.28072247,0.27641404
0.2831144,0.2859508
0.28126642,0.28957
0.26518154,0.2864657
0.26300701,0.2830653
0.26847735,0.28116295
0.26602325,0.27767774
0.25707185,0.2713756
0.25598478,0.27175137
0.2637819,0.27311036
0.27571997,0.29096648
0.29253745,0.2970473
0.30871284,0.30388847
0.28932282,0.30246374
0.25814494,0.2680401
0.2097215,0.22413236
0.17720278,0.18540026
0.15480117,0.15351819
0.13458425,0.13908479
0.13115689,0.13233106
0.12974796,0.13160351
0.1419216,0.14799698
0.18626754,0.18900111
0.25856453,0.25622553
0.2904729,0.29181993
0.29341638,0.29989046
0.27949205,0.29863104
0.2640209,0.28936976
0.25610155,0.279785
0.25947222,0.2760939
0.25928316,0.27022538
0.25498405,0.2631955
0.2497954,0.2613151
0.25250497,0.2625769
0.2687155,0.27800092
0.29082057,0.2857364
0.29555792,0.2980937
0.27917525,0.29886925
0.25413895,0.26615143
0.20894238,0.22610407
0.17870264,0.1908306
0.15363039,0.15311706
0.14232257,0.13685995
0.13530204,0.13189903
0.14181247,0.13303241
0.15711188,0.14683415
0.21031155,0.18738878
0.27471834,0.25080535
0.3116948,0.2840465
0.31314224,0.2904465
0.3006264,0.28772536
0.2850013,0.27420074
0.27262717,0.26605803
0.27008635,0.26085317
0.2759805,0.25367388
0.2616404,0.24948964
0.25476196,0.24779639
0.25900823,0.25052157
0.27532405,0.26648542
0.29625326,0.27282262
0.3010164,0.28233197
0.28631377,0.28026262
0.25696948,0.24594963
0.20388234,0.2087308
0.17088099,0.1693008
0.14209966,0.15054527
0.12874466,0.12963748
0.115250915,0.123570025
0.122244805,0.12207723
0.1318108,0.136315
0.16685428,0.18140134
0.23310271,0.24922043
0.2667055,0.28222057
0.27018788,0.2862873
0.27937573,0.2921907
0.2782853,0.29021192
0.26986852,0.28787342
0.27189246,0.28700447
0.26706335,0.2846346
0.25541842,0.2824932
0.2475638,0.27695724
0.24424979,0.28343275
0.2520765,0.29117426
0.26064894,0.29330856
0.2569864,0.29844263
0.24002257,0.29381248
0.20938608,0.25382513
0.17908502,0.20819074
0.14194612,0.17075227
0.110519946,0.11103067
0.086638786,0.088841915
0.07779607,0.083569385
0.07112914,0.07654092
0.07350499,0.08713579
0.08745597,0.11788461
0.11511387,0.16096835
0.14750105,0.1875327
0.16853347,0.20545653
0.18110599,0.21795729
0.18673748,0.21474597
0.18476006,0.20879242
0.17712663,0.19803709
0.17251918,0.19341199
0.16578498,0.19311002
0.16120544,0.18654367
0.16487475,0.19553263
0.17576467,0.20530757
0.19335999,0.20320398
0.1909833,0.21913984
0.178061,0.22209962
0.1561217,0.1862097
0.13312626,0.15225457
0.105720446,0.12532306
0.08135541,0.084365144
0.065537415,0.068532996
0.0597655,0.06304446
0.05584156,0.05846521
0.05983233,0.0673455
0.07018845,0.079907574
0.097422525,0.10845877
0.12582698,0.13369647
0.15154597,0.16504306
0.16455287,0.18192694
0.17333001,0.18434182
0.17009892,0.19201794
0.15645671,0.18688205
0.14385712,0.18608628
0.13787246,0.19094
0.14862871,0.19516306
0.17361891,0.20952305
0.20236385,0.22624622
0.22958228,0.23565027
0.23966643,0.24671678
0.22748645,0.24587673
0.19672771,0.2159765
0.16802844,0.18613257
0.14072204,0.1544354
0.12119667,0.1312045
0.11112733,0.11964105
0.106516905,0.11667992
0.110343985,0.117474355
0.12866092,0.13831593
0.18142068,0.17773739
0.25187603,0.24336533
0.29821292,0.2955613
0.29987308,0.309992
0.28885332,0.306494
0.28143477,0.29198283
0.2648884,0.28083727
0.25704688,0.26467466
0.2472601,0.25593886
0.23486185,0.24805155
0.22996128,0.2434204
0.24410428,0.24348697
0.26614338,0.2610612
0.29497716,0.27521247
0.30147702,0.29286036
0.2889523,0.29728398
0.25992268,0.26014557
0.22080514,0.22651996
0.18456423,0.19123332
0.16304454,0.16547546
0.15689532,0.15512502
0.15169105,0.15281644
0.15463875,0.1566785
0.17881219,0.17949624
0.22633722,0.22503945
0.30060104,0.3001671
0.33750433,0.342187
0.33301654,0.33965123
0.3137323,0.32358798
0.294127,0.3021372
0.28205147,0.28527457
0.26817197,0.2757528
0.26247492,0.26552925
0.25051025,0.25651386
0.24722752,0.25242415
0.2605191,0.2502633
0.27631298,0.27199796
0.3022206,0.28328428
0.3089751,0.2937401
0.28808817,0.29671472
0.25459152,0.26451957
0.21499726,0.22396627
0.1757968,0.18587276
0.15406606,0.15629213
0.13884573,0.1437162
0.13522083,0.14139782
0.1373928,0.1450893
0.15380338,0.1646007
0.20264047,0.21265614
0.274668,0.28375745
0.31089666,0.3187142
0.3094268,0.31652805
0.29648507,0.30781356
0.2895229,0.29406834
0.2766226,0.28674203
0.26433644,0.28442293
0.2612466,0.2785435
0.25466344,0.27705938
0.2594794,0.27949598
0.2685645,0.28446046
0.2767774,0.30096608
0.29894677,0.30223313
0.29702857,0.30780998
0.27799642,0.305896
0.23948413,0.26891175
0.19645193,0.22712734
0.1544408,0.18473811
0.12927042,0.13249591
0.11980847,0.11489058
0.110238664,0.11165056
0.1094274,0.111211844
0.12676091,0.1288067
0.16498683,0.18013641
0.23473497,0.24688473
0.27521494,0.2742216
0.2783014,0.27211285
0.26995015,0.27036658
0.26544845,0.26308525
0.26107192,0.25720978
0.26737848,0.25370976
0.27548352,0.2553787
0.2718434,0.25896913
0.2772689,0.2588975
0.28453222,0.26572746
0.28488582,0.27622062
0.29617122,0.27436754
0.29876575,0.27979484
0.2741545,0.2774291
0.241459,0.23937206
0.19976763,0.19990921
0.15326197,0.15355942
0.12879118,0.12872916
0.10642005,0.10885456
0.09758664,0.098535836
0.09670009,0.09212302
0.10567646,0.10519033
0.14322901,0.14293358
0.21184398,0.19489902
0.24539605,0.22130695
0.25708497,0.23220661
0.26415455,0.24433666
0.26927128,0.25058877
0.27126816,0.2533786
0.2703025,0.25595787
0.26325023,0.26144293
0.24280363,0.2687007
0.24472436,0.26945683
0.25537783,0.2792979
0.25609645,0.2903114
0.2628226,0.28487915
0.25247496,0.28615332
0.24014482,0.27948904
0.21193239,0.23873638
0.17366078,0.19518259
0.13682812,0.15294008
0.103263386,0.10779859
0.08253339,0.08700302
0.08629829,0.07495366
0.088351406,0.06867193
0.08951374,0.076665565
0.10049333,0.1066744
0.121352755,0.14929882
0.1521817,0.16835177
0.1731198,0.18943596
0.18796113,0.20820048
0.19872247,0.21996962
0.20978834,0.2274791
0.21845804,0.23983842
0.22801432,0.2480558
0.23545317,0.26230362
0.23765899,0.2742749
0.22644678,0.29457924
0.2338611,0.31025675
0.24059908,0.2958359
0.22810271,0.29822928
0.21868984,0.29517663
0.19554423,0.25074768
0.16521186,0.20355728
0.13116534,0.15753257
0.098211795,0.11007649
0.074502364,0.08747654
0.06298096,0.0771579
0.055282813,0.0678785
0.05292938,0.07345437
0.058870062,0.077340856
0.07597305,0.10160689
0.10369736,0.11974803
0.13390115,0.15965179
0.16063105,0.1820004
0.17851442,0.19878279
0.1884649,0.20279516
0.19592744,0.20412654
0.18880497,0.20540757
0.18740493,0.21432176
0.19631109,0.22177495
0.21717177,0.22882965
0.23452221,0.25391218
0.24726094,0.26267606
0.24553943,0.2638792
0.22773305,0.26265132
0.19423385,0.22765653
0.16737919,0.19578955
0.13665049,0.16129255
0.10996542,0.122584715
0.10687897,0.10415022
0.101214916,0.09810896
0.10515324,0.09598669
0.12209,0.11219279
0.16192746,0.14855435
0.23846349,0.20493475
0.27385336,0.25576603
0.29222655,0.27473745
0.29830047,0.28661773
0.2957051,0.28261858
0.30032566,0.28062335
0.30403557,0.27276623
0.30044666,0.2745949
0.28673592,0.27877268
0.27825865,0.27730134
0.2904306,0.28552914
0.30981553,0.3053721
0.3240148,0.32099882
0.31944627,0.31915894
0.29737923,0.31152704
0.26767412,0.2735334
0.22202161,0.23344728
0.18532813,0.19851854
0.16398354,0.16151457
0.15188688,0.14860752
0.1437573,0.14411232
0.14816809,0.1433563
0.16232252,0.16359243
0.21667902,0.2035414
0.28737926,0.27671668
0.34037378,0.31622982
0.34954345,0.3257696
0.32092625,0.3319795
0.3029367,0.3261457
0.2867782,0.32267886
0.28035662,0.32377174
0.2803325,0.32108927
0.26621613,0.31756327
0.27637514,0.3088397
0.2905795,0.31728896
0.3067553,0.33598343
0.31279963,0.35062242
0.3214448,0.358854
0.32001305,0.3553603
0.3042822,0.32008782
0.26671016,0.27745822
0.22684184,0.23975527
0.2059786,0.20183209
0.19279277,0.19186328
0.19101882,0.18782006
0.19383287,0.18796596
0.2175994,0.2078254
0.2636897,0.24387813
0.33490515,0.31470585
0.37721065,0.3613236
0.37622893,0.36754364
0.36327448,0.36521685
0.35174122,0.3502478
0.34431887,0.33765554
0.3416283,0.33306155
0.34188676,0.32504416
0.32613942,0.31168512
0.31955495,0.30485392
0.33895215,0.30678234
0.3730989,0.3294557
0.40242842,0.35230222
0.41645765,0.36841145
0.40553516,0.36881673
0.3724712,0.34470052
0.33026087,0.30644408
0.29115897,0.27398172
0.26678842,0.28058562
0.25781924,0.26832038
0.25434196,0.26761454
0.26165476,0.26491395
0.28245753,0.28285706
0.33058402,0.31553212
0.406541,0.38151562
0.44039252,0.43678468
0.43240294,0.44674182
0.40749353,0.4330134
0.3866464,0.41020495
0.35518423,0.38884744
0.3349115,0.37649503
0.32009256,0.3647527
0.30039164,0.3523779
0.30116442,0.34717616
0.31647485,0.3497771
0.34682244,0.3717937
0.38306758,0.40270093
0.39483517,0.41007015
0.38495067,0.40511683
0.3588637,0.38300875
0.3196294,0.34748602
0.28537732,0.30726743
0.264229,0.2675462
0.25337547,0.2519113
0.25138876,0.24803749
0.2592531,0.24742895
0.27538157,0.26237956
0.32105398,0.29777476
0.3894211,0.36518046
0.4228877,0.42074606
0.41770205,0.43050522
0.39296183,0.41361013
0.3626375,0.38592046
0.344557,0.36202434
0.31241557,0.34207153
0.29524067,0.32688993
0.27370703,0.31288806
0.26143146,0.30296388
0.26804888,0.30508032
0.29662338,0.32219398
0.3163357,0.34861717
0.31735718,0.3653949
0.3037725,0.3589351
0.28050295,0.33521816
0.24612525,0.30157354
0.21337558,0.26447153
0.1881887,0.20285708
0.17569783,0.18453088
0.16267231,0.18684609
0.16872212,0.18384883
0.1717684,0.19835292
0.19556622,0.23047787
0.22643197,0.27815366
0.25644752,0.31610098
0.28235644,0.3273633
0.28785554,0.3231322
0.28062055,0.3021297
0.26435503,0.28679448
0.23842373,0.27063838
0.2119527,0.25437316
0.1926625,0.24224308
0.18515004,0.22709478
0.19583017,0.23399355
0.2180596,0.24383469
0.2375634,0.24600358
0.23239084,0.26859283
0.22002305,0.26580623
0.20159192,0.23694375
0.16979945,0.20880613
0.13863382,0.18275537
0.11663827,0.1329854
0.10300452,0.12459962
0.094078064,0.11595784
0.08766111,0.112099275
0.09288147,0.122914106
0.10430348,0.13591951
0.121460184,0.16002429
0.14917435,0.18106079
0.180263,0.20408893
0.1929442,0.20988858
0.17988443,0.19723113
0.17369504,0.18503883
0.16409521,0.16681108
0.15926991,0.15404181
0.15389009,0.14758128
0.16053122,0.14753215
0.17497623,0.15223776
0.20599678,0.17859177
0.2488141,0.18809779
0.24232356,0.2053072
0.23286372,0.20501962
0.22064483,0.18327029
0.19020417,0.15961406
0.16517463,0.13503867
0.14321716,0.14365539
0.13102914,0.13118666
0.12666659,0.12973174
0.12777309,0.12953405
0.13750489,0.14928952
0.16400765,0.18685484
0.22486484,0.25061682
0.30325437,0.29891708
0.3305341,0.31382784
0.3218644,0.3135945
0.3080124,0.30050486
0.2942196,0.29189655
0.28564125,0.28701794
0.27613068,0.2814171
0.2721729,0.2800664
0.27053344,0.2792889
0.26577878,0.28368983
0.2998955,0.3036091
0.3406686,0.3196966
0.34523925,0.32378614
0.32821155,0.32458884
0.30676675,0.28922394
0.26967523,0.25044844
0.23007886,0.20760377
0.19397415,0.19844773
0.17170875,0.17740677
0.15944883,0.16298695
0.14885627,0.16112718
0.15912482,0.17610006
0.17160343,0.2072337
0.21763071,0.27598354
0.28064847,0.32488483
0.31426057,0.34031665
0.3183499,0.34541738
0.30762875,0.34472245
0.3036972,0.34345338
0.29550588,0.34402353
0.29296505,0.34266272
0.2855888,0.33754376
0.26704982,0.33076695
0.2704074,0.33275527
0.2837772,0.3462444
0.32321158,0.3611081
0.32503206,0.36284304
0.31039628,0.35304862
0.2893131,0.31989437
0.25129908,0.27165914
0.2133134,0.22967803
0.18111148,0.18717043
0.15064377,0.1695872
0.14242283,0.15898424
0.14105873,0.15430966
0.14688055,0.16702269
0.17219898,0.19928864
0.22617142,0.26159132
0.3001988,0.3112617
0.3231659,0.33183402
0.311518,0.3378189
0.299599,0.32675356
0.2898435,0.32297412
0.292688,0.31585437
0.28203455,0.3146741
0.28198463,0.30811194
0.26908305,0.297256
0.27932498,0.2996661
0.30174136,0.31581938
0.3476574,0.34552792
0.35572395,0.35923854
0.34244594,0.3560077
0.33186436,0.33140197
0.3002559,0.29995358
0.26723635,0.26763624
0.22113717,0.21627839
0.21930006,0.19013706
0.21746294,0.17742932
0.21562582,0.16980791
0.2137887,0.17439893
0.2119516,0.19608608
0.21011448,0.24398766
0.20827736,0.3006862
0.20644026,0.32494107
0.20460314,0.3262547
0.20276602,0.31497854
0.2009289,0.30872926
0.19909179,0.30644932
0.19725467,0.29767263
0.19541755,0.2923138
0.19358045,0.29147124
0.19174333,0.29123023
0.18990621,0.31223017
0.1880691,0.32949963
0.18623199,0.3347441
0.18439487,0.32830307
0.18255775,0.30167124
0.18072064,0.26368797
0.17888352,0.22221078
0.1770464,0.14045008
0.1752093,0.13186093
0.15956219,0.12867202
0.15277894,0.12026811
0.15551981,0.1307175
0.1714059,0.14150321
0.20560722,0.1755656
0.27404836,0.19935235
0.3118014,0.22881061
0.32651415,0.25172898
0.32900253,0.2615798
0.34144348,0.27569923
0.3384429,0.2813941
0.33460397,0.28515497
0.33420596,0.2875002
0.31517377,0.29109272
0.30064884,0.30023125
0.31471148,0.32688192
0.34937638,0.34907386
0.34713885,0.34807146
0.33364043,0.33524877
0.31823993,0.3133833
0.2931795,0.29191333
0.26016378,0.26059002
0.22167942,0.22105637
0.19119394,0.20645417
0.17983325,0.20107256
0.17292777,0.20052227
0.1719046,0.21558625
0.18017375,0.24531528
0.20385358,0.30352798
0.23916817,0.3560507
0.2671581,0.36872607
0.2714293,0.3619457
0.24751726,0.34191537
0.23238407,0.3232789
0.21543969,0.31715745
0.20203267,0.30718222
0.2085008,0.29644147
0.20339718,0.2936766
0.20351604,0.29433143
0.23790304,0.3236036
0.2695462,0.3443215
0.26099494,0.35176378
0.25035077,0.35051686
0.2371438,0.3249514
0.2208394,0.28597867
0.19298227,0.24976943
0.16670495,0.1780353
0.15219143,0.17029518
0.1464174,0.16691326
0.14737585,0.16136214
0.14978978,0.17853539
0.16263299,0.19403878
0.18284187,0.2352744
0.21262692,0.26984084
0.24202071,0.29030055
0.25175124,0.30049306
0.25198516,0.2914433
0.2417149,0.2827159
0.23618872,0.27532583
0.2246614,0.2694075
0.21273181,0.26513496
0.21660246,0.26333222
0.22135119,0.26906666
0.26467735,0.30358455
0.31775182,0.33568618
0.32585052,0.3478035
0.31714103,0.34594125
0.30763087,0.3262034
0.28869343,0.29744586
0.2593335,0.27094823
0.24202704,0.24063836
0.22327404,0.23386261
0.22027557,0.22958185
0.22355066,0.22636819
0.23427899,0.24495979
0.26429668,0.27631274
0.3201395,0.33000976
0.40096325,0.3818551
0.42998353,0.3944957
0.40119585,0.389598
0.37146538,0.36972314
0.35094604,0.3456919
0.3246721,0.33274284
0.30926228,0.3153635
0.30258647,0.3025426
0.29373994,0.29672167
0.29647532,0.29884923
0.33490175,0.3315318
0.38139895,0.36542517
0.38587022,0.37710997
0.37084278,0.38130653
0.35644472,0.3548821
0.32750475,0.31764
0.2851083,0.28615212
0.2544346,0.251886
0.22406374,0.23640753
0.22252199,0.22997513
0.21402907,0.22819927
0.22233376,0.2447259
0.23704314,0.2728433
0.2794269,0.33663625
0.34328806,0.39488155
0.36410055,0.40023965
0.3706888,0.39040858
0.34370133,0.3729735
0.31977618,0.35840303
0.298973,0.35331202
0.28512692,0.34468666
0.27707306,0.32995525
0.27779508,0.32785287
0.2751168,0.32830003
0.31665757,0.35265753
0.35981032,0.38915545
0.3613009,0.3907762
0.3582415,0.38646704
0.34720355,0.37092894
0.31692532,0.33423007
0.28095132,0.29671443
0.25273424,0.2545088
0.23984915,0.23517089
0.22992279,0.22880854
0.22869489,0.22404137
0.23419483,0.23463789
0.2643796,0.2597962
0.3230665,0.31310612
0.40338942,0.3738663
0.42743596,0.39953974
0.3992176,0.39336157
0.36321568,0.3691457
0.3402803,0.3503574
0.32936797,0.3411325
0.31285587,0.3290973
0.30282715,0.3178506
0.29672235,0.31162736
0.30035654,0.3132932
0.32831773,0.33332962
0.36752284,0.36413008
0.3666071,0.37585434
0.35535723,0.36960846
0.33596933,0.3482532
0.30703363,0.3157533
0.25877178,0.27636752
0.22181435,0.23488678
0.20121674,0.21414144
0.1927399,0.20562918
0.19261597,0.20204064
0.2001187,0.2112608
0.22665022,0.24149367
0.27980295,0.29846722
0.35337645,0.36023048
0.3813389,0.37885702
0.35948378,0.36560154
0.3295025,0.34039336
0.30853224,0.31798372
0.28848913,0.29772833
0.2742167,0.2814883
0.27562776,0.26927572
0.2626217,0.26048175
0.27084434,0.2543396
0.2896172,0.27457988
0.33039072,0.298762
0.3324079,0.31622243
0.32764393,0.31685746
0.31784445,0.2938483
0.29095593,0.26450318
0.24277318,0.23072241
0.21377191,0.2217798
0.19318192,0.19886506
0.1832272,0.19336
0.17808382,0.19266742
0.1824261,0.20292464
0.20725217,0.24000862
0.24770126,0.2965696
0.30622533,0.35427016
0.33809647,0.36856586
0.341048,0.3557167
0.3193735,0.33301282
0.2992471,0.31824598
0.28557444,0.30916786
0.27551904,0.29915616
0.27369305,0.29487273
0.26249227,0.28648144
0.26194537,0.28616863
0.27920315,0.30262244
0.3055033,0.32061797
0.28972888,0.33015922
0.27223212,0.32102573
0.25527123,0.29408056
0.22399902,0.2605067
0.18663257,0.2208834
0.15138312,0.15217322
0.118175365,0.130017
0.09929842,0.121950775
0.091533445,0.11023972
0.083996035,0.112027965
0.088588275,0.122337155
0.1089617,0.14509836
0.1378031,0.18230313
0.17900464,0.21314499
0.21091725,0.23595533
0.21319285,0.2371674
0.20332654,0.2349441
0.19403802,0.22782028
0.18732202,0.22291657
0.18057008,0.22014624
0.18088011,0.20988831
0.18901223,0.21719019
0.22357942,0.23265551
0.2664733,0.25305364
0.26504746,0.26359585
0.25800747,0.2576755
0.2501964,0.23928945
0.23372406,0.22250128
0.20920166,0.20160374
0.18350467,0.17038801
0.16579936,0.15538552
0.15657006,0.14717141
0.1485513,0.13759698
0.15130784,0.14312102
0.16046396,0.1516091
0.17571306,0.18134634
0.20772718,0.21658787
0.23411192,0.24403718
0.2368879,0.25934008
0.22183043,0.2541631
0.2142228,0.24510173
0.20393012,0.2347706
0.19268492,0.22110046
0.18818447,0.2188718
0.18866201,0.22078162
0.19953711,0.23033477
0.24092986,0.26216906
0.2865278,0.29586288
0.28787836,0.30654752
0.28042597,0.30301225
0.27014685,0.28210607
0.24578941,0.25639307
0.21873848,0.22673059
0.19435821,0.2008522
0.17945935,0.19676204
0.17511031,0.19579937
0.1791142,0.19684193
0.18999903,0.21905254
0.21834384,0.25541103
0.27749053,0.32003537
0.347926,0.37270778
0.38156688,0.38550782
0.3704989,0.38124794
0.34980232,0.36344373
0.3387504,0.3481221
0.32517248,0.34215406
0.31345397,0.3325827
0.31694648,0.32151613
0.32056966,0.31670207
0.33095285,0.3172863
0.36764678,0.3471507
0.41262084,0.3790544
0.41123137,0.3887998
0.40076104,0.38949192
0.38502088,0.36105648
0.35036826,0.32444248
0.31675908,0.29054338
0.2888051,0.29051694
0.2653689,0.26853952
0.25560752,0.2626236
0.2553533,0.25820604
0.25943416,0.27047175
0.27525765,0.2971483
0.32327121,0.35793516
0.3848978,0.41740274
0.4188263,0.44023106
0.42989767,0.4458298
0.4358557,0.43596727
0.44219017,0.4288345
0.44174266,0.43834493
0.4432108,0.429836
0.44371542,0.423645
0.4341143,0.41450533
0.4275713,0.41966423
0.4360181,0.44484374
0.44953895,0.4696157
0.43838847,0.458971
0.41876668,0.44560313
0.38641587,0.41372716
0.34663847,0.37073135
0.2986769,0.31982362
0.25978902,0.25360614
0.22642055,0.22115879
0.20112538,0.2065518
0.18876141,0.192325
0.18468858,0.18997549
0.19385698,0.20657274
0.22618748,0.25114217
0.28698462,0.30986476
0.31440187,0.35486105
0.33162284,0.3712411
0.32313672,0.36634934
0.32551932,0.36308798
0.324214,0.35788047
0.32649726,0.3517217
0.3166948,0.34345505
0.31183398,0.33578998
0.3016445,0.33911106
0.32462388,0.35665372
0.34299198,0.38195178
0.3301839,0.38534883
0.31699935,0.37420803
0.29693383,0.3478208
0.26672497,0.31945506
0.2214747,0.28375396
0.17700863,0.18995477
0.1441033,0.16426733
0.12531349,0.15183128
0.11458811,0.13876872
0.11135701,0.14121753
0.118620336,0.14693448
0.13330603,0.17103766
0.15990649,0.2109507
0.19061826,0.25039703
0.21913184,0.2792269
0.23687649,0.28053662
0.24698305,0.2794641
0.23788951,0.27059796
0.21227415,0.26564127
0.17844886,0.2639648
0.15983035,0.24752706
0.14901572,0.26139307
0.1581338,0.27878743
0.18139108,0.30537185
0.1802795,0.3111027
0.18259443,0.29921693
0.17511709,0.27819762
0.16491494,0.2573097
0.15178283,0.23197803
0.12582402,0.12947553
0.10708835,0.12306956
0.09619759,0.10349545
0.09445747,0.093835056
0.08743228,0.10326186
0.10428022,0.10742187
0.12644918,0.11718993
0.16009979,0.1420744
0.1900925,0.1675336
0.20763877,0.19389766
0.21063133,0.20333014
0.19807363,0.19943012
0.19250135,0.19460022
0.18252675,0.1840867
0.17109628,0.18270344
0.17914084,0.17387837
0.18784904,0.18633197
0.22478913,0.22289687
0.26723593,0.2581196
0.27495438,0.27085462
0.2724381,0.27122658
0.26939395,0.2570524
0.25545397,0.23453075
0.2299507,0.21723582
0.20370087,0.22558516
0.1860899,0.22312531
0.17779705,0.2248351
0.17294468,0.2260932
0.18172184,0.25390574
0.1924231,0.2910583
0.21506494,0.34917724
0.24088798,0.40015224
0.27823284,0.40922764
0.28564042,0.40420678
0.2836262,0.3814339
0.264715,0.3563385
0.24345797,0.34079698
0.22722167,0.32500276
0.21525106,0.31226417
0.20601794,0.2990306
0.21606994,0.3050017
0.267631,0.33381575
0.31490645,0.37170467
0.3197085,0.38984883
0.32176712,0.39566225
0.31816843,0.36551183
0.29798156,0.33738655
0.2691262,0.3092075
0.24100937,0.26078272
0.21712145,0.2496085
0.20425455,0.24677362
0.19514494,0.24448377
0.19353172,0.26555318
0.20078446,0.29781774
0.21763071,0.3502062
0.24857894,0.3986771
0.27474162,0.4098072
0.29308477,0.41557062
0.28075758,0.40556985
0.26486853,0.39047125
0.26705065,0.37966457
0.2694853,0.36644423
0.27161667,0.3643717
0.27773458,0.35114282
0.290898,0.3564261
0.32285753,0.3872483
0.34253305,0.41113076
0.33450964,0.41364488
0.31969157,0.40902686
0.3001658,0.36774012
0.27641913,0.33254528
0.24498829,0.29512015
0.21010219,0.2113521
0.21299823,0.20226857
0.21589427,0.19314347
0.21879031,0.19003838
0.22168635,0.20550308
0.22458239,0.23316795
0.22747843,0.29286048
0.23037447,0.3493604
0.23327051,0.37150037
0.23616655,0.37720385
0.23906259,0.37312222
0.24195863,0.36878878
0.24485467,0.36804268
0.24775071,0.3656802
0.25064674,0.36058018
0.25354278,0.36315104
0.25643882,0.36456284
0.2593349,0.39964685
0.26223093,0.44505322
0.26512697,0.442798
0.268023,0.43654716
0.27091905,0.40964085
0.2738151,0.3756616
0.27671114,0.3451857
0.27960718,0.23083197
0.28250322,0.22519197
0.26989517,0.22046182
0.26803324,0.21486542
0.2696634,0.2276584
0.2858079,0.24326158
0.33894327,0.2765762
0.42445865,0.30493048
0.45693633,0.32194898
0.44803482,0.33858413
0.4369584,0.34492695
0.43983674,0.33849418
0.44121775,0.34328035
0.44507444,0.33975407
0.44249344,0.33195546
0.43417647,0.32921907
0.4464491,0.3419744
0.48635846,0.37849167
0.54716533,0.41025814
0.54835683,0.42103
0.54596364,0.42422163
0.5364916,0.40116507
0.49666595,0.3728842
0.44521952,0.34767592
0.40331075,0.4234532
0.3807256,0.40366477
0.36998793,0.39766982
0.36441693,0.38574666
0.36727414,0.39633387
0.39029962,0.424119
0.4345322,0.4705366
0.5029827,0.5382506
0.5283408,0.56867015
0.52229524,0.5702325
0.5017759,0.546781
0.4902913,0.5227309
0.46732756,0.50234634
0.4512067,0.48307368
0.45207804,0.46461198
0.45881224,0.44727457
0.47544742,0.45196748
0.50648063,0.47533283
0.5427156,0.5311219
0.53527296,0.53252876
0.5273798,0.523242
0.50698525,0.49991757
0.46539456,0.4800038
0.41121277,0.4358911
