true,forecasted
0.19570024,0.2649619
0.164881,0.2137279
0.15962394,0.19490933
0.1495509,0.186421
0.1565237,0.21258803
0.22676255,0.25412735
0.30913162,0.35935012
0.37006196,0.40401602
0.39415625,0.42085594
0.4115598,0.44405004
0.44233522,0.49877083
0.42957604,0.48993042
0.44542584,0.49510953
0.4521682,0.519539
0.43360645,0.47332704
0.42012653,0.48646343
0.41530395,0.47558057
0.42814955,0.46538767
0.39669296,0.44088298
0.38603002,0.46237585
0.3672426,0.4515019
0.36659747,0.3989257
0.29678112,0.33816203
0.21593155,0.26663193
0.18159679,0.2665887
0.15883718,0.21377365
0.14390555,0.19890991
0.1401914,0.18757218
0.15723245,0.21403186
0.21639605,0.25938946
0.29520822,0.35880235
0.36805996,0.40208536
0.37928224,0.4212074
0.3933749,0.44177467
0.41589925,0.49488908
0.41677305,0.48924232
0.41471282,0.49453196
0.4265814,0.52033806
0.4071867,0.4687912
0.38486457,0.48542187
0.38540107,0.46775907
0.36693293,0.46322453
0.35745642,0.4320215
0.33674923,0.45801815
0.34633076,0.44966245
0.33696166,0.3917176
0.28111976,0.33156422
0.20866588,0.25997484
0.16158694,0.24647446
0.15056631,0.19833474
0.13037102,0.18602851
0.1298747,0.17194262
0.13598575,0.20367588
0.18966903,0.24306893
0.2719715,0.34646234
0.3360327,0.38790613
0.36536723,0.40314955
0.3854665,0.42986685
0.39646673,0.47167218
0.3939174,0.47065827
0.3840286,0.4731762
0.38195157,0.4949511
0.36106676,0.44765407
0.34013212,0.46501428
0.34689128,0.4525513
0.31662354,0.44684768
0.29791236,0.42219466
0.27858424,0.44362
0.27608174,0.43529192
0.26569963,0.38113734
0.21497555,0.3217828
0.15099539,0.253641
0.11019733,0.22187199
0.08065814,0.16732678
0.06800938,0.16172612
0.060780913,0.14512023
0.06722622,0.1822029
0.088333696,0.22802122
0.11101529,0.32086372
0.15040307,0.36821955
0.19282086,0.3777384
0.21734363,0.41639537
0.23913105,0.4277112
0.2442987,0.44552898
0.24709345,0.4511412
0.2462863,0.4630378
0.25532594,0.41564912
0.26618153,0.43782917
0.2911442,0.41820043
0.29452348,0.42335713
0.29244944,0.39415073
0.27095428,0.41570538
0.24999745,0.41404238
0.24057494,0.35711697
0.19529277,0.2921293
0.13148963,0.22597815
0.08010603,0.20042501
0.052194376,0.14299819
0.037434384,0.13671535
0.025383944,0.11771805
0.025493765,0.16482851
0.038225345,0.21408054
0.04920577,0.30265465
0.09391723,0.34378624
0.15287137,0.3528339
0.1894752,0.40037745
0.21752727,0.39850062
0.24524088,0.42491987
0.27522117,0.44037652
0.29808098,0.4445482
0.3124221,0.4027629
0.31995723,0.42369512
0.34706113,0.4084217
0.3573586,0.41245067
0.34292927,0.38366726
0.33096045,0.39987037
0.31746012,0.39605558
0.29164228,0.34820983
0.24809626,0.27566174
0.19516614,0.21081632
0.18429674,0.21005358
0.15759793,0.15678546
0.14848328,0.14829999
0.14350888,0.1346721
0.17366558,0.1785497
0.2295555,0.21682425
0.3143917,0.31562194
0.39478457,0.35586506
0.42623395,0.36276147
0.4545387,0.4066124
0.49786088,0.42108482
0.51062065,0.43573794
0.5004318,0.4435815
0.49129793,0.4612591
0.46621704,0.41521823
0.4398837,0.43674785
0.40915808,0.42841
0.41407788,0.4223373
0.39661196,0.40244287
0.3781636,0.41456038
0.35275027,0.4066858
0.3416756,0.35837016
0.2946123,0.29397738
0.2384385,0.2312046
0.20142241,0.23997594
0.16722028,0.1842726
0.15094438,0.17384979
0.14851269,0.16371047
0.16226988,0.19458151
0.22143887,0.24159962
0.2976807,0.3371005
0.34719315,0.38475603
0.40051454,0.39469212
0.4254652,0.42950156
0.4333592,0.45880824
0.4324038,0.4642918
0.43594632,0.46621236
0.4344226,0.4850709
0.42873767,0.4356274
0.40810007,0.4541905
0.39816207,0.43890896
0.39985022,0.43588874
0.39408484,0.41139206
0.38399258,0.43345407
0.37437385,0.42900488
0.37867013,0.3711842
0.28898793,0.3094854
0.24621609,0.24303812
0.202364,0.23588409
0.17235191,0.1831421
0.1564541,0.17457345
0.15682077,0.16269422
0.19444299,0.19642007
0.2398746,0.23725176
0.32640433,0.3382705
0.37252787,0.38479912
0.4180669,0.39307085
0.42827556,0.42704448
0.45614943,0.458443
0.43518057,0.45933327
0.43321517,0.46185002
0.43898714,0.48468587
0.42234698,0.43720764
0.41946638,0.45494023
0.39894164,0.44429225
0.39421806,0.43525702
0.38246948,0.41775656
0.3814571,0.43607727
0.36243984,0.42723593
0.35151762,0.37425908
0.27898392,0.31321764
0.23299,0.24814627
0.18134955,0.2386839
0.1598904,0.1815424
0.15323864,0.1729227
0.14376932,0.15892604
0.16613106,0.19393617
0.22048287,0.23937517
0.3174169,0.3360641
0.39154214,0.38136685
0.4240207,0.39246368
0.41783825,0.42840943
0.43255144,0.4526661
0.43356445,0.4601718
0.44486472,0.46383068
0.45725664,0.48078167
0.43358123,0.43107015
0.43134338,0.452361
0.41376403,0.43284535
0.40954998,0.4345575
0.38935408,0.4069622
0.37551528,0.42990017
0.3815567,0.4270068
0.37729645,0.36834547
0.3149462,0.3046108
0.23823747,0.2367498
0.23519604,0.24127172
0.23215461,0.18967094
0.22911318,0.18119109
0.22607176,0.170026
0.22303033,0.2005906
0.2199889,0.23658668
0.21694747,0.34312695
0.21390603,0.38656688
0.2108646,0.39773276
0.20782319,0.42844212
0.20478176,0.46562648
0.20174032,0.46552983
0.1986989,0.46557373
0.19565746,0.48621142
0.19261605,0.4412827
0.18957461,0.4579425
0.18653318,0.4520401
0.18349175,0.44189408
0.18045032,0.4218418
0.1774089,0.43992952
0.17436747,0.43160352
0.17132604,0.37553737
0.16828461,0.3206213
0.16524318,0.24979647
0.16220176,0.20950587
0.15916033,0.15717252
0.1561189,0.14963135
0.15307747,0.1309737
0.15003604,0.17537
0.14699462,0.21389155
0.14395319,0.31163335
0.14091176,0.34980053
0.13787033,0.35947824
0.1348289,0.40160155
0.13178748,0.41190892
0.12874605,0.43290865
0.12570462,0.4440702
0.122663185,0.45969132
0.11962176,0.41340005
0.11658033,0.43739057
0.1135389,0.42367512
0.110497475,0.42400646
0.10745604,0.3973444
0.10441461,0.412171
0.10137319,0.403579
0.09833176,0.35331243
0.09529033,0.29091394
0.0922489,0.22374032
0.08920747,0.19521339
0.061769314,0.14363332
0.045475412,0.13744137
0.030644009,0.11771234
0.03583986,0.16548066
0.041974302,0.20732905
0.054120764,0.29971516
0.096309915,0.3364812
0.15581557,0.34679386
0.18082623,0.39164853
0.20873728,0.39554572
0.22633585,0.42168668
0.23953792,0.43853548
0.24820788,0.4475108
0.256636,0.4049943
0.2803558,0.42664602
0.30862752,0.4200446
0.32401645,0.41801
0.32984844,0.3895167
0.30980137,0.40177408
0.29276332,0.39301327
0.2882378,0.3482603
0.24979581,0.2815515
0.17980362,0.21616995
0.1446449,0.20956562
0.121172346,0.15333734
0.092982836,0.14534727
0.096236095,0.13418826
0.12085789,0.1744354
0.17660978,0.21923095
0.24680181,0.31391722
0.32901666,0.35654312
0.3844685,0.36289945
0.42969367,0.41059646
0.4792865,0.42110068
0.5073692,0.43695214
0.5305507,0.44642296
0.5821617,0.45915702
0.5788539,0.41205978
0.577389,0.43334335
0.58700174,0.42206535
0.58451843,0.42043954
0.5738699,0.39579785
0.5518964,0.4122076
0.5158099,0.40854934
0.48791924,0.35640964
0.4120549,0.28861043
0.3208922,0.2257598
0.2620779,0.24963276
0.21426621,0.1944961
0.19884068,0.18331444
0.19332317,0.17764011
0.20499194,0.20326751
0.27024314,0.2519948
0.33848056,0.3500078
0.4111031,0.40253508
0.460079,0.41031402
0.4989813,0.44469553
0.53977996,0.4817348
0.56535715,0.47589543
0.5849787,0.4714662
0.61912143,0.4936913
0.5933348,0.44408578
0.5873252,0.46128172
0.5973742,0.44583595
0.5758437,0.439266
0.5558626,0.41991693
0.5286663,0.4427872
0.51456404,0.44154456
0.4836368,0.37941393
0.40001705,0.31875238
0.3243693,0.25418106
0.27075806,0.27181137
0.22587436,0.22341669
0.21037923,0.2120234
0.20203993,0.20383093
0.2127545,0.22517201
0.25781643,0.26699105
0.33974683,0.37148425
0.4101723,0.41950744
0.44730183,0.434119
0.46778518,0.45309725
0.5390088,0.5136224
0.55887884,0.49512583
0.5690899,0.48470104
0.568638,0.5136522
0.5671545,0.4655354
0.5731983,0.4768773
0.55303603,0.46382278
0.5524581,0.45129347
0.5123862,0.43614212
0.48596045,0.46006057
0.4639576,0.4534866
0.4309353,0.3915851
0.3563366,0.33896175
0.28766227,0.2712777
0.23134868,0.27135932
0.19278006,0.22081538
0.17812748,0.21235377
0.17286563,0.20001507
0.1865346,0.22277135
0.23785219,0.26582485
0.32117188,0.36844167
0.36907896,0.41573793
0.41660622,0.4332782
0.4240123,0.45215768
0.4535263,0.50617546
0.47059914,0.49320427
0.47841212,0.48539785
0.4925288,0.51100063
0.48150817,0.46033102
0.45841306,0.47566918
0.44256148,0.45731702
0.4482524,0.45261085
0.42163342,0.42788342
0.3988036,0.45601073
0.37725502,0.451894
0.3722074,0.3871617
0.319701,0.3331833
0.26839057,0.26238373
0.22233544,0.24496911
0.17407846,0.1919276
0.15167414,0.18555781
0.1327697,0.17070091
0.15974337,0.20211172
0.20550984,0.2410991
0.27268025,0.34609023
0.34973466,0.39018506
0.40360877,0.40331465
0.43944985,0.43343806
0.4352328,0.46608388
0.45084316,0.46789765
0.45690796,0.46789014
0.4352058,0.48627135
0.4368417,0.4391337
0.4142135,0.45883805
0.40653917,0.44407782
0.3830384,0.44219714
0.36214158,0.41439968
0.34639677,0.43816796
0.33387223,0.43207684
0.32154515,0.3738267
0.25876883,0.31575185
0.19662444,0.24525541
0.16144831,0.22888778
0.1238975,0.16740419
0.10190005,0.15884948
0.08862836,0.1458287
0.09395864,0.18387341
0.11174144,0.22415951
0.13139302,0.33081985
0.17689964,0.37378114
0.23041968,0.38253233
0.2734766,0.4247044
0.3061346,0.4423946
0.32586962,0.45369217
0.34437618,0.46553758
0.3465942,0.48161784
0.35318595,0.43587226
0.36679792,0.4582391
0.37887117,0.44397026
0.38283256,0.4440682
0.37247086,0.41450337
0.34991708,0.4335586
0.3410659,0.42440632
0.3222785,0.37364337
0.26868224,0.3054274
0.21299155,0.2360965
0.15671036,0.22967185
0.14379454,0.16764328
0.10477643,0.15348986
0.09452755,0.14433715
0.08770717,0.18438359
0.09878241,0.2241981
0.115584016,0.33080706
0.15968636,0.37194496
0.22515121,0.3811216
0.2927609,0.42350864
0.33683264,0.44635445
0.37274152,0.45655885
0.40935552,0.47405803
0.4403524,0.49259618
0.4512422,0.44700724
0.4811577,0.46646637
0.5236085,0.45509335
0.5478996,0.45268595
0.5385011,0.4238937
0.5162918,0.43956193
0.47155273,0.42833272
0.45577133,0.38202885
0.389968,0.3104041
0.30909383,0.2410348
0.2624578,0.25306457
0.23363154,0.18728359
0.20366447,0.17113349
0.19421914,0.16443226
0.2329594,0.19630072
0.25159857,0.24388768
0.32451215,0.35068688
0.41899648,0.39754677
0.47115424,0.40824872
0.5117273,0.44591215
0.5341118,0.4829998
0.5633683,0.48039022
0.59542805,0.49573106
0.6022358,0.52094537
0.61150587,0.47083133
0.5884822,0.48936927
0.5812886,0.47111452
0.5701173,0.4679982
0.53892297,0.4387949
0.48311228,0.46090847
0.47154492,0.45208925
0.44808197,0.40001118
0.37738645,0.3236818
0.31372017,0.25437027
0.25781524,0.27643096
0.2231192,0.21671371
0.20905115,0.19936314
0.19236897,0.1948694
0.20859566,0.21965814
0.26447597,0.26104397
0.3282617,0.37474918
0.40343234,0.41823882
0.45266092,0.43372896
0.47628048,0.4607972
0.49287927,0.5220414
0.5152098,0.503315
0.52725244,0.50980204
0.5365183,0.5403442
0.54160494,0.48999423
0.51427,0.50414234
0.5118917,0.49145967
0.496435,0.48093578
0.46865895,0.454329
0.4466495,0.4782577
0.4333886,0.4677424
0.41581464,0.41195813
0.34126693,0.3463457
0.277414,0.27376777
0.21953528,0.26962143
0.18592787,0.20442383
0.1609082,0.18944702
0.16022286,0.1812208
0.1761861,0.20952941
0.22598839,0.25542912
0.29929683,0.36520365
0.36504796,0.41051662
0.4006922,0.42515826
0.4161267,0.4544266
0.43660045,0.5024839
0.44044903,0.49326083
0.45640746,0.50569373
0.4827078,0.53185797
0.45725724,0.48051614
0.44361466,0.4982684
0.45534167,0.47897878
0.45642006,0.47559413
0.43993533,0.44440398
0.42510512,0.46895343
0.40799567,0.45936486
0.3746997,0.4055688
0.3212517,0.33387896
0.23679538,0.2613047
0.19666044,0.25723702
0.15755051,0.19284989
0.14228883,0.17675278
0.13744524,0.16727209
0.14933066,0.1991094
0.19665624,0.24215348
0.26566482,0.35521814
0.3421845,0.39669496
0.36689875,0.4108394
0.410737,0.4456715
0.45166832,0.48439395
0.46690118,0.48188853
0.48386422,0.49812326
0.51955163,0.52152663
0.5290018,0.47266567
0.54949594,0.49312314
0.5534765,0.4747424
0.5753438,0.47271946
0.56102365,0.44055018
0.51178306,0.46198747
0.48396024,0.45034233
0.45538965,0.40102014
0.3622736,0.32757533
0.28287992,0.2545342
0.23242289,0.26805133
0.19243498,0.20052962
0.16000502,0.18458101
0.14504398,0.17693734
0.14468631,0.20481376
0.18699428,0.2500667
0.2477464,0.36430642
0.321826,0.40744847
0.38164914,0.42334357
0.43698874,0.4561924
0.495551,0.500222
0.52288234,0.49423623
0.5540311,0.51075006
0.5646496,0.5342879
0.5631991,0.48480272
0.572342,0.50367546
0.5739047,0.48343897
0.5682185,0.48221058
0.5469544,0.447489
0.5184372,0.47099432
0.4762289,0.4614923
0.43840143,0.4081408
0.37406838,0.33559918
0.29537204,0.25959674
0.24000722,0.27285522
0.19105351,0.20603946
0.16616526,0.18853426
0.14499238,0.18214846
0.14289194,0.20947963
0.1495155,0.25245008
0.16055652,0.3703459
0.21192634,0.4142909
0.28891292,0.43073332
0.3573502,0.4617833
0.40859157,0.51235515
0.45786998,0.5018432
0.4777478,0.5184411
0.49287987,0.5478188
0.4911335,0.49880254
0.4936072,0.5151731
0.47425628,0.4991352
0.47262034,0.49303252
0.43303934,0.4612444
0.41189826,0.48157427
0.39226946,0.46844372
0.37970954,0.4179105
0.3282269,0.34590834
0.27626896,0.27024278
0.22730446,0.261658
0.18895668,0.1905597
0.15394439,0.17122757
0.14230083,0.16375798
0.1317603,0.19813883
0.13536163,0.2415396
0.1471162,0.35950482
0.20840122,0.40238076
0.2606424,0.41453406
0.31267115,0.4515458
0.3332355,0.49377555
0.37722084,0.48969272
0.4048126,0.5166848
0.39895543,0.54574966
0.39841112,0.49461037
0.40590724,0.51538604
0.42708373,0.49935198
0.453114,0.49407688
0.4502364,0.4592136
0.4279815,0.47893676
0.40798005,0.46089098
0.39177316,0.41771168
0.33053738,0.3378679
0.26125634,0.26375246
0.20416556,0.2551422
0.16482459,0.1843985
0.14656949,0.16211241
0.13013996,0.15516976
0.13306676,0.19120428
0.1619392,0.2330186
0.20791753,0.35576162
0.2690651,0.39518058
0.32600224,0.4073939
0.37716442,0.4486872
0.40334353,0.48750055
0.4392662,0.48478162
0.46724507,0.51318914
0.47942874,0.54046357
0.4871943,0.49326468
0.49637556,0.51279336
0.50809294,0.49978894
0.5133158,0.49307564
0.49052557,0.46177757
0.47042212,0.47740903
0.41734195,0.45997426
0.3918488,0.42096648
0.3311945,0.33492923
0.26394787,0.26288942
0.20306014,0.2622608
0.16914967,0.19262871
0.13597195,0.17420268
0.123434804,0.16797817
0.11760703,0.20021746
0.122778274,0.2409305
0.13925222,0.36314464
0.18503548,0.40207487
0.24050052,0.41515788
0.31302583,0.4547888
0.3557599,0.49995005
0.4141163,0.49114487
0.44211137,0.51744264
0.4589328,0.54498637
0.46831807,0.49631453
0.49208888,0.5147528
0.51643944,0.50203604
0.53081113,0.4932512
0.52204156,0.46288732
0.4969829,0.47906998
0.45723864,0.46231997
0.42234758,0.4182183
0.36115918,0.34101787
0.3207878,0.26675504
0.2542409,0.25936997
0.21019739,0.18154602
0.1885426,0.16406634
0.1712981,0.15971681
0.18456799,0.19465533
0.23238328,0.23792812
0.30484855,0.35887533
0.4145088,0.4005577
0.49024773,0.41170838
0.5633869,0.45559338
0.64957523,0.4939633
0.7171915,0.48837683
0.75040406,0.51559025
0.78701025,0.5457276
0.8021981,0.49408185
0.8082569,0.5141126
0.81207013,0.4995983
0.79296285,0.49355793
0.7824157,0.46106756
0.7472444,0.4781027
0.7275544,0.46235976
0.6622726,0.41739252
0.5668274,0.33379436
0.46262172,0.26107955
0.3849924,0.3151145
0.32999846,0.23030208
0.29176712,0.20850709
0.27752802,0.21142024
0.28843585,0.22629726
0.32192922,0.2825706
0.39115444,0.40717986
0.4837712,0.46240467
0.5585812,0.47916672
0.64538753,0.5065619
0.726419,0.57308966
0.7923129,0.5455161
0.8134162,0.56433535
0.8431456,0.5947981
0.86085343,0.5433835
0.8357635,0.55626917
0.7995354,0.5275774
0.76075673,0.5256722
0.74199635,0.48991388
0.71886885,0.5189459
0.6639829,0.51184165
0.64340115,0.4537527
0.5562077,0.36833623
0.43493032,0.28883573
0.3695537,0.33745384
0.32900167,0.25366604
0.29154626,0.229217
0.2872512,0.23091084
0.301045,0.24197209
0.33057398,0.29552272
0.40439433,0.42792872
0.47112426,0.4798633
0.5397487,0.50300217
0.59091634,0.521651
0.6643088,0.605854
0.6706425,0.56808925
0.71178263,0.5866338
0.7304896,0.6216605
0.74166626,0.56936723
0.73751223,0.5800204
0.71083504,0.5532838
0.6907681,0.54986304
0.68495476,0.5079178
0.6180592,0.5406183
0.5721163,0.5297544
0.54400903,0.47245112
0.46627706,0.3883515
0.38136408,0.30443496
