true,forecasted
0.14724001,0.14944561
0.12557313,0.11953177
0.10865217,0.10490695
0.10251662,0.09627158
0.109304056,0.10352409
0.13071723,0.12694499
0.16737917,0.17337774
0.20779486,0.21630564
0.23827682,0.24205437
0.25389224,0.2621121
0.27873218,0.2773273
0.29092345,0.29724157
0.30126545,0.30629227
0.3105557,0.31847513
0.3112913,0.32318953
0.30798715,0.32873845
0.31735355,0.33905563
0.31887156,0.33515942
0.3051039,0.33025908
0.28165287,0.32268924
0.26228604,0.302735
0.26433396,0.27361184
0.21374623,0.2294668
0.17644225,0.18863575
0.13845004,0.1361435
0.10848245,0.10920604
0.095522635,0.09549263
0.09585628,0.08857548
0.09754259,0.09261486
0.119792424,0.11861195
0.16033556,0.16736844
0.19730708,0.215835
0.22960055,0.23961496
0.24585518,0.25572282
0.2631876,0.27107704
0.2704631,0.290121
0.2794664,0.2974717
0.28578597,0.30753845
0.28335044,0.3047024
0.28239855,0.31392056
0.29351014,0.3155371
0.28389052,0.31144753
0.27119327,0.3096582
0.2523869,0.3040999
0.25685602,0.2825493
0.26260298,0.25984973
0.2228348,0.21625735
0.17113933,0.17922519
0.12936457,0.14308678
0.10786077,0.119759
0.10187552,0.10427177
0.08199243,0.09894042
0.10413425,0.10748796
0.12244093,0.13671076
0.15833728,0.18870273
0.19994539,0.23700091
0.2337121,0.25763777
0.2656293,0.27386194
0.2797992,0.2843436
0.28853363,0.2980735
0.30137488,0.30335617
0.31643164,0.30612528
0.31773114,0.30105338
0.31649488,0.29789922
0.31645626,0.29886115
0.32035607,0.2944319
0.31501037,0.29062113
0.2915687,0.29123485
0.2644415,0.2798189
0.25265077,0.25363448
0.21671985,0.21275902
0.16514933,0.17535315
0.12539524,0.13014661
0.10332946,0.104747996
0.075081944,0.09133379
0.06826076,0.08335541
0.06769013,0.08850344
0.07031352,0.11619931
0.077035576,0.15906838
0.10390826,0.20552197
0.13440906,0.229884
0.16813137,0.25032482
0.19899446,0.26547727
0.22220398,0.29376847
0.24491277,0.3026139
0.26321128,0.31482312
0.2806729,0.31883818
0.3100489,0.33028144
0.3366775,0.33816803
0.34533447,0.33385074
0.34425598,0.32609788
0.32063192,0.31510893
0.29297763,0.29463348
0.26733172,0.26896018
0.22080015,0.22144023
0.17335412,0.18057726
0.1331914,0.13627599
0.100214906,0.10385757
0.08306844,0.08794117
0.0728244,0.07691228
0.062348228,0.08248478
0.062266625,0.10447615
0.06264574,0.14377385
0.082754456,0.18484628
0.11272062,0.2151953
0.15172146,0.25215882
0.19325876,0.28038302
0.23522575,0.32198548
0.26818022,0.34642097
0.2966459,0.37645638
0.28558773,0.39772806
0.2804153,0.41771758
0.26769793,0.43653572
0.25672373,0.43032998
0.2460178,0.42427525
0.23988225,0.40776676
0.21701571,0.37130737
0.21120705,0.33472285
0.1789587,0.27464545
0.14551899,0.2224392
0.128522,0.116932556
0.122834615,0.086364396
0.10363503,0.070068896
0.096153796,0.06090398
0.09529228,0.058818426
0.14216757,0.07084328
0.1831238,0.09719036
0.2243913,0.122953296
0.25552952,0.14469375
0.26520067,0.17416087
0.28403452,0.19955769
0.28215078,0.21601388
0.2971083,0.22923848
0.30476162,0.2414035
0.28529233,0.251478
0.29231486,0.25743484
0.26358104,0.2695017
0.2555878,0.27244055
0.25320458,0.27503186
0.23846383,0.26850373
0.23662864,0.25435433
0.2359712,0.23001325
0.20415823,0.19055241
0.17793433,0.15186459
0.1428025,0.13577364
0.12229407,0.11408219
0.1110349,0.10117717
0.104975626,0.09616606
0.11420311,0.10466944
0.14271474,0.14101312
0.17278798,0.18952315
0.2106973,0.2370297
0.23839703,0.25089768
0.2516135,0.26201895
0.26444894,0.2726285
0.26301906,0.2853604
0.2717094,0.28838915
0.2872217,0.2900534
0.27419603,0.28094387
0.24963619,0.27659416
0.24229269,0.27845323
0.24886858,0.26722473
0.24087226,0.26079112
0.2270616,0.26112545
0.23125015,0.25492954
0.23879285,0.23451188
0.20082918,0.19132017
0.18059114,0.15680377
0.1547306,0.13854016
0.14058357,0.122028284
0.12890527,0.10278668
0.12514628,0.10070294
0.13055688,0.108305424
0.14415577,0.14186765
0.18879898,0.18131746
0.20465104,0.22313166
0.23471777,0.24024874
0.26287812,0.25208968
0.27308804,0.26863906
0.28151727,0.28535473
0.29095036,0.28729042
0.29145193,0.28953516
0.28429878,0.28049782
0.28745097,0.2793861
0.28319493,0.278577
0.28661066,0.2716303
0.28503415,0.26628274
0.27197745,0.2640877
0.25933743,0.2564139
0.25541228,0.23473813
0.21807833,0.19743726
0.19407858,0.16563946
0.1559812,0.15172683
0.13751307,0.13057277
0.12127941,0.118000686
0.113914125,0.11238044
0.12439799,0.118249744
0.14995603,0.15156606
0.16936761,0.20185284
0.20992899,0.25342327
0.2335514,0.27396134
0.2584045,0.29309437
0.29234496,0.30487493
0.29217795,0.32442614
0.31698096,0.32830685
0.33568463,0.33702853
0.3417954,0.33334097
0.33037958,0.3361389
0.34414074,0.33698508
0.34829932,0.3288558
0.3185627,0.3202543
0.31442744,0.31326362
0.2874248,0.30028594
0.2666493,0.27636245
0.2251024,0.23081636
0.18282297,0.18968183
0.18130024,0.14251275
0.1797775,0.11752965
0.17825477,0.099930644
0.17673205,0.0929999
0.17520931,0.09716231
0.17368658,0.1272687
0.17216384,0.16381241
0.17064111,0.2062538
0.16911839,0.23100698
0.16759565,0.25134307
0.16607292,0.26989323
0.16455019,0.2990621
0.16302745,0.30771238
0.16150472,0.32270265
0.159982,0.33022532
0.15845926,0.33814335
0.15693653,0.34604397
0.15541379,0.3441511
0.15389106,0.33955774
0.15236832,0.32413477
0.1508456,0.30400687
0.14932287,0.27360967
0.14780013,0.22897214
0.1462774,0.18753219
0.14475466,0.10301718
0.14323193,0.08537245
0.14170921,0.06962954
0.14018647,0.06657479
0.13866374,0.067902885
0.137141,0.07920513
0.13561827,0.09930245
0.13409555,0.12076673
0.13257281,0.14531407
0.13105008,0.17555924
0.12952735,0.19613218
0.12800461,0.21738318
0.12648188,0.22576204
0.12495915,0.23354188
0.12343641,0.2385109
0.12191369,0.24333067
0.12039095,0.25066656
0.11886822,0.25341198
0.11734549,0.242659
0.115822755,0.24155532
0.11430003,0.23030081
0.11277729,0.22377248
0.11125456,0.1829369
0.10973183,0.15167248
0.108209096,0.09226
0.07919671,0.080158316
0.06367958,0.068035856
0.044464488,0.06169828
0.03785862,0.065754786
0.042415515,0.07625378
0.041866317,0.08453861
0.059046067,0.10458826
0.09833139,0.13881427
0.13761494,0.17993991
0.16689666,0.20404205
0.18521412,0.24800587
0.21416621,0.25584817
0.25081712,0.26505446
0.27139983,0.28123742
0.2911209,0.29110023
0.3280011,0.30889356
0.33429608,0.31350783
0.33234766,0.3016968
0.31137434,0.2905401
0.28577545,0.2714747
0.2738227,0.26633602
0.2383397,0.2223916
0.18622534,0.1851194
0.15034972,0.14656436
0.116389826,0.119213
0.095709294,0.097927555
0.095875226,0.08794668
0.10686791,0.09174284
0.13130516,0.117183276
0.16530675,0.15811346
0.19709247,0.20403254
0.24646834,0.23552462
0.29161027,0.27554563
0.33090353,0.3084125
0.36156908,0.34952638
0.39664358,0.37452677
0.4427913,0.40914994
0.46239606,0.42764437
0.47898412,0.44911754
0.4847107,0.4683555
0.48367813,0.46006554
0.45959017,0.45334658
0.42973295,0.44017863
0.40669754,0.40141883
0.39662486,0.36119977
0.34854034,0.29920802
0.29266283,0.2473833
0.23913395,0.23685826
0.1971595,0.20193064
0.18179256,0.17761791
0.16793749,0.16189905
0.16815114,0.16356824
0.19400728,0.18853639
0.22818415,0.23406239
0.28008974,0.28917402
0.33169174,0.3269157
0.38625637,0.36588073
0.4295817,0.39711195
0.46910617,0.43257836
0.50420755,0.4617124
0.54629725,0.4784537
0.56226027,0.49028704
0.57155246,0.49472994
0.56600314,0.49994522
0.5688138,0.5000153
0.54723066,0.48873064
0.5126259,0.4604741
0.4765489,0.4259045
0.45071647,0.3936168
0.39447108,0.33505952
0.3370668,0.28228664
0.27617607,0.27507433
0.24073832,0.23551267
0.20070861,0.2091423
0.17624837,0.18994309
0.17224364,0.18901122
0.19187848,0.21433304
0.22602396,0.26094547
0.2804421,0.3140792
0.3353459,0.35846633
0.3846005,0.39622784
0.43191504,0.4338342
0.47462347,0.46408552
0.5077173,0.49121842
0.5540357,0.5043927
0.5686288,0.50601184
0.581544,0.5155327
0.600834,0.5074435
0.5864809,0.5110216
0.5639858,0.50909877
0.5289293,0.4795049
0.4879811,0.4473902
0.45349205,0.41065353
0.3951502,0.35951674
0.3205285,0.30721664
0.25713804,0.26732913
0.21836223,0.22250512
0.19190288,0.19407861
0.17600392,0.1744763
0.17776841,0.17227763
0.19338311,0.19383125
0.21866626,0.22963293
0.25056082,0.28046632
0.29379356,0.32484323
0.32297435,0.36710173
0.3438361,0.40653232
0.35631552,0.44534665
0.37740716,0.4717999
0.39408818,0.48980474
0.4168994,0.49365792
0.42280695,0.50736386
0.4185972,0.5022795
0.41063547,0.50813836
0.3896952,0.50145686
0.364637,0.4731989
0.34373462,0.4352843
0.34054083,0.3952654
0.30683663,0.34162867
0.25088215,0.29088736
0.20869558,0.20451309
0.17844363,0.17065394
0.15630122,0.1493845
0.15592197,0.13534896
0.15502137,0.13525866
0.17165868,0.1469162
0.21834303,0.17851046
0.2564261,0.2160627
0.2868171,0.25281012
0.30659965,0.2864039
0.33537942,0.31269214
0.34266084,0.34924567
0.3676108,0.37125114
0.37560016,0.3865556
0.37435362,0.39752832
0.36513525,0.41137588
0.3620419,0.4101081
0.36120796,0.41773906
0.34624714,0.41249615
0.3259578,0.38673753
0.31289473,0.3545386
0.2909842,0.32691258
0.2491712,0.2837333
0.21007466,0.24103318
0.17466392,0.16610633
0.14391962,0.13977036
0.11791518,0.12291218
0.11585792,0.111514606
0.114568725,0.117323816
0.11753263,0.14187633
0.12642185,0.18046512
0.15860742,0.21888873
0.19509727,0.24591139
0.21575174,0.2738622
0.2587265,0.2969428
0.28089938,0.32910758
0.2837362,0.3462846
0.29899228,0.36338562
0.3208702,0.37556094
0.34008554,0.38118392
0.37045795,0.39119285
0.3985033,0.39009652
0.40011984,0.3772849
0.3951201,0.35210934
0.35613397,0.33187783
0.34407133,0.3027337
0.3025428,0.25119412
0.2455007,0.20525575
0.20029064,0.20587148
0.15522686,0.16939527
0.12479464,0.15170313
0.11442103,0.13823578
0.10395884,0.14047499
0.101546615,0.17485328
0.103947826,0.23024829
0.13144942,0.28808594
0.18082078,0.32168356
0.25000146,0.3592806
0.32182837,0.3961425
0.37355617,0.43541774
0.41517022,0.46449414
0.46517286,0.49379647
0.49623883,0.509866
0.5143554,0.525559
0.5365902,0.53211784
0.55358225,0.5203587
0.5295651,0.51270807
0.49382636,0.48484114
0.4499717,0.44266582
0.40141058,0.40690657
0.34868756,0.3408255
0.2881469,0.28088027
0.24056469,0.23621348
0.21074739,0.19304386
0.18549481,0.16464633
0.1761027,0.14275628
0.1852899,0.1439141
0.21456061,0.16265132
0.25147897,0.1940503
0.29953057,0.2358416
0.33566415,0.28143248
0.37060198,0.33578044
0.3986986,0.38745952
0.4228047,0.4382553
0.45553285,0.47975573
0.4618298,0.5107175
0.466251,0.5354277
0.45147908,0.5568134
0.4315466,0.5735503
0.42555317,0.5736058
0.41210777,0.5562265
0.38161418,0.5151342
0.344262,0.47363862
0.33712235,0.4303146
0.29683352,0.36321867
0.26054585,0.3005647
0.22161038,0.20211904
0.18757516,0.16861475
0.17601919,0.15171771
0.17261387,0.13677403
0.17078757,0.14103295
0.19048293,0.17049922
0.2296703,0.21264096
0.26261127,0.26312718
0.28124875,0.2858993
0.30221367,0.31370607
0.31482857,0.33398324
0.32443553,0.35864282
0.32978112,0.38070342
0.33432427,0.3903999
0.3301582,0.39778572
0.31953317,0.39923245
0.31041393,0.40420133
0.30584672,0.39961326
0.29969698,0.39277712
0.2894617,0.3762576
0.28421587,0.34869137
0.28030422,0.3223801
0.2425324,0.2683629
0.19714564,0.22537155
0.17979239,0.16331242
0.17095089,0.13503838
0.15077692,0.122724146
0.1471796,0.11475986
0.1471153,0.12128425
0.17993274,0.15405917
0.20630941,0.20226808
0.24156809,0.25085405
0.27698582,0.2715462
0.30893487,0.29226768
0.3289448,0.307856
0.3473016,0.33233154
0.37335056,0.3413569
0.39934823,0.34997857
0.4162879,0.3520068
0.42658475,0.35327476
0.43130675,0.35707077
0.4276784,0.34918803
0.4108163,0.33796617
0.39521796,0.32754147
0.36101905,0.31244877
0.33480653,0.28580222
0.28943837,0.23649013
0.24385488,0.19326243
0.20206757,0.19219033
0.16999699,0.16069156
0.1590716,0.14218913
0.14282654,0.13147339
0.15130693,0.13579272
0.16677786,0.16418704
0.20298676,0.21188037
0.2356192,0.25692683
0.2703333,0.2891902
0.30264014,0.3217442
0.33519727,0.34922025
0.3645697,0.3865617
0.39590538,0.4065501
0.45108017,0.4300518
0.50562954,0.4467248
0.53567314,0.4551126
0.5632342,0.46862513
0.576217,0.4643168
0.57150364,0.44856015
0.5393164,0.42018205
0.50432396,0.38941288
0.46916953,0.35325384
0.41516572,0.2969727
0.3577529,0.24096912
0.29507506,0.28674975
0.24620007,0.24058148
0.22183813,0.21121572
0.20261653,0.19178852
0.19691291,0.18886253
0.21745926,0.21416983
0.255295,0.2572019
0.3083634,0.31135905
0.36975005,0.35828215
0.407449,0.4104442
0.44570205,0.4636061
0.4805071,0.5190793
0.5316801,0.55635273
0.57655346,0.58964884
0.6079035,0.6009733
0.6367414,0.6185498
0.6546839,0.6212931
0.64605427,0.6131262
0.6253087,0.59715104
0.5814076,0.5572666
0.5357172,0.51251054
0.5130174,0.4675865
0.45068684,0.3970466
0.3843418,0.3348891
0.32198328,0.30970314
0.27367562,0.26237693
0.23475023,0.23123498
0.22056316,0.20990525
0.18727896,0.20422679
0.1924034,0.22653694
0.18863389,0.26527315
0.21165462,0.31816578
0.26623368,0.36382645
0.3355861,0.4157989
0.40823033,0.47117788
0.4379729,0.5238855
0.45047104,0.5636572
0.4552057,0.5916798
0.441231,0.5991254
0.43531978,0.61332345
0.42888245,0.6133153
0.4373819,0.60796446
0.43048775,0.59010565
0.42012197,0.54764533
0.39295912,0.50491965
0.3732409,0.46184647
0.34405273,0.3924342
0.2953382,0.3328995
0.24938853,0.23540454
0.21462895,0.19517496
0.18686798,0.17336404
0.16936974,0.16041853
0.16559194,0.1593687
0.15073037,0.17706956
0.15615387,0.21120954
0.17076553,0.25465694
0.2009771,0.2918304
0.23682217,0.33376253
0.2689484,0.36729896
0.2882997,0.41213977
0.29761544,0.44630024
0.30824676,0.46337262
0.34470934,0.47963563
0.39346352,0.49250486
0.4360489,0.49931777
0.453784,0.49961925
0.44889358,0.48200414
0.43119293,0.4485652
0.38557687,0.41137597
0.34902227,0.3836246
0.3046819,0.32611704
0.2542659,0.27235293
0.20245142,0.19780622
0.17227988,0.1597737
0.13827096,0.1330058
0.1359786,0.11709606
0.13574007,0.11732276
0.1372274,0.13625106
0.16187537,0.15823126
0.20112066,0.19209275
0.24188253,0.22874391
0.2842475,0.28654137
0.32359463,0.32913473
0.3587716,0.38925576
0.41036922,0.42838785
0.4314818,0.46814716
0.4536073,0.5037056
0.47768056,0.5248815
0.49866062,0.55275273
0.51374733,0.5501358
0.49623054,0.5335809
0.4749583,0.4977706
0.4240168,0.4568463
0.38580868,0.4096795
0.33272475,0.34075725
0.28783366,0.27906692
0.23376198,0.22652735
0.19363491,0.18821049
0.15972595,0.16180322
0.13681406,0.14721103
0.13194272,0.14613502
0.12833415,0.16906492
0.11972906,0.21008734
0.14546403,0.2518591
0.20170976,0.2896781
0.25943834,0.3377621
0.33519074,0.38224232
0.40242702,0.42869923
0.45581424,0.46854857
0.48313072,0.50227773
0.51062804,0.5225715
0.5557038,0.5396366
0.56624395,0.5518524
0.5784331,0.54902524
0.5694306,0.5314102
0.53693175,0.49439004
0.48723304,0.44945008
0.43562406,0.4128437
0.37033916,0.34178865
0.32271808,0.28144318
0.25988814,0.26143664
0.21074928,0.21249616
0.17557387,0.1821848
0.15604609,0.16129115
0.14766532,0.15431589
0.17531556,0.17647192
0.21833391,0.20213003
0.2839817,0.24262822
0.3679479,0.2876226
0.44002342,0.3488164
0.5305031,0.4093515
0.5962806,0.46439135
0.656403,0.515486
0.7145744,0.5527384
0.72786003,0.5789161
0.73073286,0.6002965
0.7358969,0.61607414
0.73263013,0.6120981
0.73813426,0.593809
0.7209813,0.54854745
0.671311,0.50228083
0.6285999,0.45808986
0.54630953,0.38068035
0.4552731,0.31592184
0.38511094,0.39108977
0.32464138,0.33995685
0.28524426,0.30252436
0.2579415,0.2743714
0.25679645,0.26903567
0.2758378,0.29293692
0.31091386,0.33498484
0.3744603,0.3979491
0.45302764,0.45712662
0.52168685,0.52637327
0.6104573,0.5920816
0.6658632,0.6621471
0.709359,0.7061402
0.7268958,0.736553
0.7110902,0.74311405
0.6937058,0.7445171
0.6769569,0.74174225
0.6625769,0.72503924
0.6378349,0.70754945
0.59749895,0.66694933
0.5567497,0.61783695
0.5282049,0.563979
0.46224114,0.48466596
0.3933329,0.4134853
0.32555535,0.32410547
0.290086,0.27771363
0.2594657,0.24600367
0.24466619,0.22533534
0.2454243,0.22152236
0.25085172,0.2476631
0.28474516,0.29269332
0.32574686,0.34868884
0.37010512,0.3944705
0.40188494,0.44762993
0.4480554,0.49904278
0.4813879,0.5573991
0.5167956,0.5951848
0.56106156,0.6215262
0.5854601,0.63750196
0.5957208,0.6419034
0.5974506,0.6476837
0.59880424,0.63660944
0.57652885,0.6167985
0.53107065,0.57208854
0.47043267,0.52722657
0.4250948,0.4839978
0.36505648,0.41632324
0.28700873,0.35401618
0.2271021,0.24400322
0.1901628,0.19643167
0.15693924,0.17071463
0.14304447,0.15115884
0.13498348,0.14337234
0.12775002,0.16143827
0.12524103,0.18812792
0.1543091,0.21644536
0.1993121,0.25478756
0.24772614,0.30829424
0.29221207,0.36130837
0.33561155,0.4152562
0.35279995,0.45861956
0.37476057,0.4951355
0.3729982,0.520273
0.36354297,0.5508479
0.3688293,0.562586
0.3786498,0.5609685
0.38101006,0.54572016
0.3659911,0.49542513
0.3275508,0.44784003
0.31719592,0.40350488
0.28840512,0.3398061
0.24589226,0.2827668
0.19400421,0.20207964
0.16746977,0.16641277
0.14040461,0.14471729
0.115724325,0.12929216
0.10795434,0.1322772
0.1042772,0.15342286
0.104355134,0.19503523
0.12544203,0.2353552
0.16641828,0.2692771
0.20115192,0.3021433
0.23018137,0.34289873
0.27504972,0.36858737
0.31195244,0.40258136
0.3447458,0.42185903
0.37089464,0.44058827
0.37995866,0.44862312
0.39952067,0.45701158
0.40249464,0.45825896
0.40007225,0.4448386
0.38342038,0.41338816
0.35216346,0.38996175
0.33568925,0.35985023
0.29268783,0.29607373
0.24018747,0.24350397
0.18994996,0.19674751
0.15625359,0.15836164
0.13638341,0.13873917
0.12734698,0.1248475
0.1273844,0.1270454
0.15554048,0.14647506
0.19411223,0.18023033
0.25016466,0.22032067
0.30739328,0.26163727
0.35699537,0.3060141
0.40208343,0.3400546
0.4442354,0.38549078
0.4942075,0.4193718
0.53187305,0.442657
0.5665215,0.4676973
0.58078337,0.48176125
0.60348135,0.49236178
0.6103537,0.49729246
0.59801626,0.48483774
0.561661,0.45285973
0.49972054,0.41766316
0.45656785,0.38181672
0.39219436,0.32040685
0.3235456,0.26337934
0.25565732,0.26712802
0.21314043,0.22334257
0.1935558,0.19488455
0.18015434,0.17426126
0.17766856,0.172126
0.19754313,0.19787695
0.23343498,0.23845597
0.28497836,0.2839558
0.33794537,0.32971567
0.3896566,0.3843153
0.4502344,0.44358915
0.5029045,0.50415474
0.55649483,0.54775524
0.6015044,0.58517236
0.62082845,0.6053774
0.6357175,0.62766063
0.65230954,0.6358436
0.6565201,0.6287818
0.6337422,0.60821205
0.5900846,0.55502737
0.54786664,0.51035464
0.5076148,0.4649523
0.44593087,0.38988936
0.3702803,0.32420683
0.3087256,0.30492336
0.2581323,0.25984177
0.22781487,0.22715747
0.21254894,0.2055917
0.20870683,0.2020448
0.2333857,0.22469102
0.26656237,0.26310027
0.3181395,0.31130475
0.36219028,0.35856652
0.39154983,0.4173234
0.43171453,0.4766799
0.47415978,0.54042274
0.5086242,0.58441144
0.5565428,0.61973405
0.5871617,0.637295
0.58703,0.6534367
0.59435487,0.66049576
0.5843104,0.6499783
0.56509984,0.62687606
0.518184,0.57721233
0.48792425,0.5318455
0.4624006,0.48622048
0.40349224,0.41225007
0.34307158,0.34703618
0.29076794,0.2754788
0.25437534,0.23238677
0.22572929,0.20292011
0.22384578,0.18487331
0.21589872,0.18280572
0.24033101,0.20506649
0.2869596,0.24312685
0.3380521,0.28467476
0.37838155,0.32544282
0.41296834,0.37669578
0.4416305,0.42947844
0.4602893,0.48930544
0.48199525,0.5315635
0.5102409,0.5662319
0.5250301,0.5872262
0.53531027,0.6068558
0.54610765,0.6185971
0.55751604,0.61091805
0.55464876,0.5839588
0.52547103,0.5348077
0.4734346,0.4879957
0.44425142,0.45098728
0.3823979,0.3785578
0.31567696,0.31679595
0.25925344,0.26713654
0.22364669,0.2283363
0.19371665,0.20020564
0.17735814,0.18275283
0.17325084,0.18541005
0.19730175,0.21578671
0.22637963,0.2598736
0.27486485,0.30058342
0.33493006,0.33752128
0.38015375,0.3867576
0.43719265,0.43808517
0.4940553,0.49520794
0.53920627,0.5313177
0.584973,0.56714195
0.61724985,0.59316695
0.6440101,0.5985106
0.6671201,0.6131417
0.6572806,0.60621613
0.6349075,0.5833565
0.61333084,0.5369984
0.5436684,0.49426326
0.5145827,0.44710702
0.42898703,0.37375665
0.35658985,0.31069613
0.2958076,0.30183953
0.25247785,0.25313514
0.22326602,0.22279823
0.20702703,0.19932139
0.18722484,0.19595645
0.19516915,0.21992026
0.19000836,0.25989538
0.21459022,0.30580205
0.27377132,0.35045838
0.32531518,0.4099981
0.36060226,0.47486168
0.40543368,0.5357923
0.4230995,0.58297926
0.43338215,0.6200777
0.4442719,0.63981116
0.43431023,0.653939
0.41360766,0.65982217
0.40497154,0.6512343
0.3736238,0.63067305
0.3562653,0.57965815
0.32371733,0.53322256
0.31951195,0.48413312
0.29663536,0.4052614
0.2484415,0.3406794
0.2071065,0.19807099
0.17093585,0.16369438
0.15510914,0.13738753
0.14314076,0.12526754
0.12903447,0.12006362
0.13052075,0.13178374
0.12006767,0.13401997
0.14235659,0.15888058
0.17646748,0.18931457
0.22156395,0.22909646
0.27005994,0.25967163
0.32208845,0.29722866
0.38313067,0.32402754
0.43425432,0.3404553
0.46781248,0.36360514
0.48294136,0.37466654
0.50072914,0.39266407
0.50762707,0.40040067
0.49354875,0.38761592
0.46352515,0.36054376
0.42348418,0.33777907
0.40634352,0.31073457
0.34719536,0.26179588
0.29005307,0.21836223
0.24293698,0.23721643
0.21176726,0.19617021
0.18312013,0.16795337
0.16826957,0.15043882
0.18837829,0.14944348
0.21600378,0.16897057
0.25789922,0.20588426
0.30131176,0.24481583
0.36054802,0.28763482
0.40274775,0.34304264
0.4534686,0.3936695
0.49429348,0.4492486
0.5481625,0.49214953
0.59755,0.5284634
0.62460375,0.5543787
0.63824826,0.57671016
0.6333947,0.59163195
0.6217261,0.587401
0.6170299,0.5681878
0.5659236,0.52346534
0.5100636,0.4797725
0.47052658,0.43969262
0.40606058,0.3670729
0.3393131,0.3025381
0.28090528,0.28055197
0.23654597,0.23341167
0.21348733,0.20879617
0.196839,0.18706979
0.19082154,0.18445428
0.21483989,0.20827366
0.24850924,0.25014693
0.2938073,0.2958789
0.33695036,0.33815616
0.3804868,0.39301
0.43143693,0.44690356
0.4713136,0.5058917
0.5045193,0.54940206
0.5447515,0.58157265
0.5783735,0.6044326
0.59390163,0.62002635
0.5959673,0.6261989
0.59181416,0.6222348
0.571202,0.59943116
0.5253032,0.547602
0.4818831,0.50417644
0.43864682,0.46233827
0.37717077,0.38751253
0.31192636,0.32263905
0.254458,0.25942686
0.20527415,0.21881309
0.19016966,0.1898331
0.17687847,0.17131199
0.16111168,0.16859514
0.18919338,0.18865134
0.22150604,0.21675779
0.2747174,0.2481409
0.31607133,0.28687137
0.36570764,0.33898136
0.415291,0.38365927
0.4609111,0.43702227
0.5092774,0.4769266
0.55469954,0.50719327
0.58207667,0.5318296
0.60033256,0.54361856
0.62788725,0.55505586
0.6326309,0.55783033
0.6167986,0.5377033
0.58020586,0.49439898
0.5153941,0.45393926
0.47486117,0.41402906
0.4079429,0.34702325
0.3346548,0.2911284
0.26558644,0.27808177
0.22523873,0.2323915
0.19759381,0.20143704
0.19118787,0.18047832
0.18964167,0.17661013
0.20782483,0.20090532
0.23961304,0.23802097
0.29642573,0.282228
0.35024583,0.32764676
0.4167858,0.38403213
0.47988635,0.44470623
0.54590046,0.50279766
0.5943107,0.5485904
0.6570182,0.5820997
0.6881628,0.5992658
0.70917743,0.6202147
0.7173901,0.62729055
0.7050717,0.6207795
0.6308232,0.6023501
0.54635125,0.5519848
0.4750516,0.50735974
0.42629153,0.45771736
0.37055838,0.38643324
0.3131599,0.32436877
0.31134555,0.25350848
0.30953118,0.20355493
0.3077168,0.17350946
0.30590242,0.15358394
0.30408806,0.14112048
0.3022737,0.14380457
0.30045933,0.14290808
0.29864496,0.16569439
0.2968306,0.21148789
0.2950162,0.27175277
0.29320183,0.32170466
0.29138747,0.3800266
0.2895731,0.42442656
0.28775874,0.45352638
0.28594437,0.48089215
0.28413,0.51300704
0.2823156,0.52997696
0.28050125,0.53835773
0.27868688,0.52080816
0.27687252,0.4771108
0.27505815,0.43486893
0.27324378,0.39690566
0.27142942,0.33573186
0.26961502,0.28199387
0.26780066,0.21941967
0.2659863,0.2006504
0.26417193,0.18359719
0.26235756,0.17604475
0.2605432,0.18310496
0.25872883,0.21404698
0.25691444,0.26213145
0.25510007,0.3154422
0.2532857,0.342319
0.25147134,0.37257704
0.24965698,0.38616326
0.2478426,0.41619164
0.24602823,0.41880843
0.24421386,0.43729496
0.2423995,0.43502015
0.24058512,0.4387071
0.23877075,0.43918166
0.23695639,0.42025712
0.23514201,0.4074572
0.23332764,0.40790078
0.23151328,0.38609555
0.22969891,0.36236936
0.22788453,0.30875468
0.22607017,0.26462257
0.2242558,0.18939847
0.22244142,0.17834857
0.22062705,0.15916175
0.21881269,0.15815012
0.21699832,0.16343068
0.21518394,0.19255376
0.21336958,0.23598738
0.21155521,0.2872566
0.20974083,0.31278193
0.20792647,0.3473312
0.2061121,0.37107775
0.20429774,0.4008963
0.20248336,0.40754876
0.20066899,0.4299149
0.19885463,0.42911232
0.19704024,0.4388103
0.19522588,0.44096506
0.19341151,0.4192205
0.19159715,0.40431392
0.18978277,0.40731078
0.1879684,0.38371634
0.18615404,0.36133093
0.18433967,0.30688107
0.18252529,0.2639333
0.18071093,0.15427727
0.17889656,0.14161813
0.17708218,0.12494974
0.17526782,0.124978974
0.17345345,0.1304982
0.17163908,0.15374853
0.1698247,0.18531717
0.16801034,0.22581461
0.16619597,0.24747348
0.1643816,0.28730005
0.16256723,0.31144932
0.16075286,0.3369942
0.1589385,0.35340706
0.15712412,0.37113822
0.15530975,0.3766698
0.15349539,0.37716419
0.151681,0.38361424
0.14986664,0.37246457
0.14805228,0.35932836
0.14623791,0.36474925
0.14442353,0.34334034
0.14260916,0.325007
0.1407948,0.26873472
0.13898042,0.22929227
0.13716605,0.11256487
0.10781659,0.10392015
0.1012645,0.086151406
0.09289024,0.08662914
0.079728015,0.088046454
0.08017417,0.112135366
0.09025026,0.13354751
0.10068806,0.17052984
0.13630536,0.19701746
0.18621752,0.23612496
0.23007263,0.25332588
0.27597803,0.28816712
0.33579928,0.2980581
0.37398314,0.30856794
0.40985945,0.31443956
0.4555416,0.31973147
0.48394012,0.3322325
0.4950278,0.32422322
0.4823191,0.31782517
0.4418849,0.32119387
0.4160458,0.30158365
0.38616127,0.28825718
0.33266175,0.24111564
0.27118462,0.20504063
0.2257519,0.21674836
0.18284322,0.1750651
0.15368563,0.14682361
0.12768559,0.12714425
0.10741663,0.12545468
0.10462363,0.14104302
0.11095543,0.16350247
0.12773593,0.1987117
0.18632884,0.2404868
0.26165584,0.29887694
0.3415352,0.34906635
0.42130136,0.41417536
0.477989,0.45568693
0.51016885,0.4976801
0.5378948,0.52344984
0.5703889,0.5550822
0.6013407,0.5735267
0.60495186,0.56956416
0.5740234,0.5561045
0.53197753,0.5167979
0.49926338,0.46935338
0.43623698,0.42361176
0.3906003,0.35372305
0.33026493,0.29536158
0.2701392,0.26550272
0.22778158,0.22002655
0.20330015,0.18947092
0.18377759,0.16677074
0.17111683,0.16014525
0.17735139,0.17253286
0.17529993,0.19259429
0.18315567,0.22515067
0.2368468,0.27336627
0.31927353,0.3403718
0.41391644,0.401019
0.49767464,0.46765015
0.5533664,0.5212278
0.6012218,0.5609752
0.6138309,0.5879202
0.6503149,0.61922514
0.65666026,0.63328516
0.67582655,0.632837
0.66518104,0.6101614
0.615492,0.55460453
0.57924545,0.50789666
0.5159367,0.46939558
0.43509606,0.39209434
0.3623279,0.32541782
0.301504,0.301531
0.25672552,0.2547778
0.22879955,0.21851905
0.20635986,0.19418572
0.21664819,0.1887359
0.24350372,0.20299585
0.30891913,0.22377823
0.3481026,0.2569957
0.41543195,0.30386028
0.48652977,0.37306148
0.5662069,0.4414467
0.6512852,0.5099578
0.71252096,0.5679546
0.744396,0.60629916
0.7678127,0.6300148
0.77096295,0.6484078
0.7785009,0.66209227
0.77180314,0.65767145
0.7522388,0.63405895
0.74607694,0.5807653
0.71335286,0.5366955
0.6354709,0.48504445
0.55545676,0.40440115
0.47513428,0.3419547
0.40743873,0.40261456
0.35376307,0.3506716
0.3194274,0.31103608
0.30314198,0.2809859
0.29824042,0.2752794
0.32279292,0.2955425
0.37614155,0.33275145
0.42235547,0.3882986
0.47182006,0.44805905
0.53263104,0.5185922
0.6020927,0.59310955
0.6550259,0.669971
0.6929303,0.71678275
0.692761,0.75414956
0.65613914,0.7606735
0.6270469,0.7627088
0.6352211,0.7600496
0.63354343,0.7431046
0.6422436,0.72136116
0.63752156,0.6745592
0.6157353,0.6249558
0.5617298,0.5651143
0.48531544,0.48427016
0.4218238,0.41718405
0.3633435,0.36657044
0.31703532,0.32368973
0.28568485,0.28653547
0.26932266,0.26267886
0.26811308,0.26677305
0.2945564,0.30369633
0.35032257,0.3448037
0.37622705,0.4092319
0.40489504,0.4571324
0.43294263,0.51383847
0.47471017,0.57109267
0.5162628,0.6399618
0.54752994,0.6683445
0.5703264,0.70305145
0.5765248,0.72466546
0.5668779,0.7127534
0.57343096,0.72268397
0.5640486,0.69914234
0.53014106,0.67764723
0.50093406,0.6405997
0.49984798,0.5954111
0.4498033,0.5386028
0.38105056,0.46299207
0.31974515,0.40031886
0.27474108,0.26616827
0.23396592,0.22385672
0.20266496,0.19755141
0.1906388,0.18084264
0.19461712,0.18069342
0.2189511,0.21425281
0.27248317,0.25889665
0.30890277,0.3064882
0.32653874,0.3386764
0.34263515,0.38381004
0.3543431,0.4280618
0.36827752,0.4735558
0.37245113,0.50596255
0.38775128,0.5377263
0.3871675,0.55988616
0.3815429,0.56335664
0.38778764,0.5819859
0.38056815,0.5681591
0.35759515,0.54525363
0.33381912,0.5104531
0.3259873,0.4671468
0.29709122,0.42560434
0.25787577,0.3529425
0.21727414,0.29701638
0.17571825,0.17153323
0.13919276,0.13580005
0.12440036,0.124062926
0.11127581,0.1114276
0.105765134,0.1148835
0.12467502,0.14177911
0.1373179,0.18346338
0.14919494,0.22512919
0.1781435,0.24456045
0.20040399,0.27505818
0.2216362,0.29536423
0.23727922,0.32415336
0.25073802,0.3414014
0.2583545,0.3607899
0.2723478,0.37202862
0.27509236,0.3812706
0.26712707,0.39540148
0.252297,0.38232887
0.23962843,0.3767403
0.2531648,0.35878676
0.25694224,0.32766193
0.22491445,0.3004473
0.19887236,0.24817255
0.16836445,0.20483658
0.13288619,0.13949007
0.10709684,0.10949785
0.0902839,0.09635839
0.0781027,0.08620259
0.076629214,0.09215361
0.0802758,0.11779163
0.09849779,0.15602416
0.10471163,0.19415507
0.13091396,0.2113238
0.15376273,0.23682092
0.18783727,0.2516367
0.21672447,0.2681111
0.2312563,0.28265747
0.24484657,0.2870039
0.2583334,0.2963738
0.28109264,0.2856665
0.29494348,0.29198176
0.3008347,0.29202196
0.29631215,0.28967366
0.28583714,0.28825617
0.28537607,0.27723533
0.25641224,0.25136143
0.20746335,0.2033557
0.170421,0.16507915
0.13881128,0.14004508
0.11517217,0.11106334
0.103554845,0.098438665
0.102603674,0.08987902
0.11098966,0.096928746
0.13702345,0.12555303
0.19788896,0.17740329
0.23506361,0.2246016
0.25545964,0.24850863
0.27652842,0.27753544
0.31325963,0.30398777
0.33951646,0.33416802
0.36005804,0.3529689
0.388194,0.3736492
0.40696377,0.38681778
0.41679007,0.39144897
0.43376055,0.3976638
0.42538616,0.39626855
0.41672173,0.3904976
0.38730976,0.3745728
0.37633803,0.34914532
0.32721668,0.31544697
0.27654323,0.2571245
0.22244632,0.20617332
0.22096732,0.18209589
0.21948832,0.14869252
0.21800932,0.1312394
0.21653032,0.120400846
0.21505132,0.12511484
0.21357232,0.1545233
0.21209332,0.2061675
0.21061434,0.24976993
0.20913534,0.2798565
0.20765634,0.31449223
0.20617734,0.34589908
0.20469834,0.3838512
0.20321934,0.40868416
0.20174034,0.43818033
0.20026134,0.45666498
0.19878235,0.4679849
0.19730335,0.48383617
0.19582435,0.47654754
0.19434536,0.46293375
0.19286636,0.43338478
0.19138736,0.39716113
0.18990836,0.3602637
0.18842937,0.2965656
0.18695037,0.2395551
0.18547137,0.13670182
0.18399237,0.11891028
0.18251337,0.10196814
0.18103437,0.09752735
0.17955537,0.10205299
0.17807637,0.11818185
0.17659739,0.1471617
0.17511839,0.17729974
0.17363939,0.19866928
0.17216039,0.23153414
0.17068139,0.25350073
0.16920239,0.27339664
0.16772339,0.28539973
0.1662444,0.29577422
0.1647654,0.2995303
0.1632864,0.3026196
0.1618074,0.304821
0.1603284,0.30277044
0.1588494,0.29173854
0.1573704,0.29548186
0.1558914,0.27981764
0.15441242,0.26523829
0.15293342,0.21997988
0.15145442,0.18437432
0.14997542,0.124339
0.14849642,0.113626905
0.14701742,0.09680353
0.14553842,0.09505547
0.14405942,0.1029169
0.14258043,0.12130933
0.14110143,0.1511526
0.13962243,0.18219209
0.13814344,0.20382044
0.13666444,0.24076302
0.13518544,0.2599235
0.13370644,0.27826694
0.13222745,0.28900287
0.13074845,0.29722795
0.12926945,0.3027402
0.12779045,0.29747042
0.12631145,0.3098219
0.12483245,0.30374497
0.12335346,0.29225087
0.12187446,0.2994385
0.12039546,0.28593847
0.11891646,0.2742666
0.11743747,0.22490586
0.11595847,0.1914788
0.11447947,0.09933234
0.11300047,0.08685507
0.111521475,0.07663484
0.110042475,0.07361812
0.108563475,0.07847743
0.107084475,0.101396546
0.10560548,0.12422708
0.10412648,0.15705389
0.10264748,0.18861228
0.10116849,0.22410218
0.09968949,0.23671052
0.09821049,0.27033338
0.09673149,0.27791846
0.0952525,0.28084034
0.0937735,0.28676435
0.0922945,0.2892447
0.0908155,0.30544597
0.08933651,0.30374208
0.08785751,0.2994266
0.08637851,0.30041555
0.08489951,0.28158838
0.083420515,0.27114668
0.081941515,0.2271132
0.080462515,0.19120036
0.078983516,0.077221006
0.059892897,0.05675166
0.05117955,0.049774032
0.040120665,0.042161368
0.043561872,0.045687724
0.050507415,0.0627287
0.057419796,0.07479148
0.06507135,0.0984111
0.08447986,0.13774437
0.1187253,0.17644902
0.14315414,0.1958819
0.16281646,0.24825078
0.17909989,0.2581678
0.1943311,0.25888088
0.20966843,0.27204737
0.22377092,0.2861604
0.23460703,0.310543
0.2464367,0.31173348
0.24028683,0.311882
0.23796237,0.30519828
0.24613717,0.2782106
0.2088962,0.26555222
0.17198083,0.22490558
0.13447633,0.18696852
0.116565704,0.119464636
0.09533586,0.09759623
0.090685286,0.082650855
0.0912417,0.075988755
0.09796755,0.08264267
0.12562726,0.11278448
0.18273781,0.15505354
0.22492333,0.19778863
0.24490401,0.22276175
0.27105078,0.25285876
0.29219073,0.27026036
0.29965624,0.29840982
0.30838248,0.31249484
0.3078148,0.32585382
0.31364632,0.33188745
0.30615845,0.33386877
0.305576,0.33654416
0.3063803,0.3372404
0.28979322,0.34487894
0.2880028,0.34817111
0.2902384,0.32422724
0.25340226,0.28485355
0.20803292,0.23991975
0.16897511,0.19942465
0.12508848,0.14063501
0.10468841,0.11567282
0.09530909,0.10360769
0.09935623,0.096014656
0.10317975,0.10641348
0.13466145,0.13826963
0.19436343,0.19431068
0.23787236,0.24344635
0.2578894,0.26229152
0.2678428,0.27861625
0.27268738,0.2903028
0.2848102,0.30610248
0.2992745,0.30936065
0.31049055,0.3184468
0.3023006,0.31671193
0.29523104,0.31467438
0.29427904,0.31910497
0.29919422,0.3126636
0.28530845,0.30889112
0.29184324,0.30461973
0.2929034,0.28985268
0.24638909,0.26205543
0.21245348,0.21527451
0.16966927,0.17564592
0.13869023,0.13875839
0.12181297,0.11692584
0.11497284,0.10428047
0.10336286,0.099388
0.112985454,0.10640217
0.13857168,0.14150737
0.19957659,0.19628434
0.23776576,0.2490671
0.26028067,0.26927963
0.27656963,0.28680867
0.2960357,0.29713407
0.31113142,0.31374872
0.32548064,0.31641775
0.35067376,0.32572505
0.36262414,0.32177785
0.37241596,0.32271177
0.37165084,0.32621777
0.3675426,0.3177754
0.35456467,0.3133338
0.34015188,0.3089967
0.33519417,0.2934516
0.2912918,0.26659283
0.23229666,0.22186685
0.18437545,0.18147586
0.1533507,0.14798819
0.12192987,0.121775106
0.11452076,0.10561759
0.09997163,0.09877673
0.113761455,0.10568175
0.13814092,0.13803083
0.1999384,0.19254543
0.23610502,0.2443695
0.2559951,0.26989773
0.27992332,0.28791767
0.30779752,0.30694875
0.33645484,0.32729638
0.36593458,0.33980843
0.3995523,0.35811713
0.41675124,0.36148533
0.4361126,0.3684087
0.4465985,0.38069752
0.43703404,0.3706844
0.41314718,0.36615348
0.3934993,0.35860935
0.37719077,0.32877108
0.34416547,0.2964111
0.28699914,0.24587741
0.22421364,0.20339924
0.18933587,0.18781255
0.14614458,0.15153262
0.12924422,0.13125204
0.12165107,0.119016
0.129212,0.123218715
0.15685503,0.1467301
0.21650785,0.20063853
0.23965757,0.25057048
0.27714914,0.28749353
0.29429325,0.3141557
0.32922006,0.34524992
0.35000068,0.37341553
0.37208244,0.39560184
0.3938308,0.41580635
0.4000353,0.42279628
0.4069349,0.4386628
0.40419587,0.4408137
0.38269114,0.440337
0.35492697,0.43779364
0.31926253,0.4132098
0.2986411,0.37643296
0.26208138,0.34225214
0.21061651,0.29167286
0.16795832,0.2433544
0.13237572,0.1402136
0.11081023,0.10895246
0.0927641,0.09045309
0.08229255,0.0764299
0.079507135,0.07551551
0.08980079,0.08503928
0.11415195,0.09521983
0.122603066,0.11546031
0.1479485,0.14411938
0.16672918,0.17144994
0.18296795,0.18633707
0.19253948,0.21187744
0.19453658,0.22540745
0.20710638,0.23641662
0.21740691,0.24926075
0.22685102,0.2597487
0.23515788,0.26832646
0.23224775,0.27922103
0.22944409,0.2884961
0.2281858,0.28237048
0.22226605,0.25902832
0.18964759,0.23085257
0.15557282,0.19775195
0.122990124,0.1712388
0.09541758,0.10279767
0.074337326,0.07722038
0.05866067,0.06411385
0.05863485,0.056450058
0.05410721,0.06214467
0.062436227,0.086776234
0.0751915,0.123550035
0.081173316,0.15573189
0.10977165,0.17597443
0.14062195,0.19830884
0.16041645,0.2162553
0.1720879,0.2401571
0.1850008,0.24906968
0.19580233,0.25719625
0.19502288,0.26104608
0.19698055,0.26193818
0.21116038,0.25891662
0.22083533,0.26237738
0.22208911,0.27049977
0.24749364,0.27326405
0.24481553,0.25405258
0.21183334,0.22347526
0.17776935,0.18533924
0.15037909,0.15281427
0.13046509,0.13417879
0.11109293,0.11282437
0.09836633,0.10123785
0.09922938,0.096118405
0.10533035,0.10536203
0.13543935,0.1421961
0.2020145,0.19572997
0.24422465,0.24023002
0.26859415,0.25979653
0.29232767,0.27594957
0.31279927,0.29347086
0.3302057,0.30234092
0.33281252,0.31259504
0.34570304,0.31386068
0.34310085,0.3077537
0.3490143,0.30179244
0.33888125,0.29281494
0.32694983,0.2924664
0.3266232,0.30354983
0.33910298,0.3057025
0.3351808,0.29342198
0.30746198,0.26297113
0.2674049,0.22056898
0.22378336,0.18627055
0.18326154,0.19752206
0.15831643,0.17263639
0.14074607,0.16042677
0.13707604,0.14662693
0.14800927,0.15557085
0.17383592,0.18358797
0.23982279,0.23312886
0.2731064,0.28731447
0.29512575,0.31713
0.3165259,0.33124572
0.33197162,0.34512076
0.33672062,0.36268976
0.3438143,0.3685023
0.3530346,0.37126517
0.3386754,0.36724988
0.34273037,0.36669186
0.33912465,0.35567212
0.33186892,0.35695982
0.3214187,0.3629668
0.3284296,0.35485145
0.311703,0.3360811
0.28946337,0.31094134
0.2423429,0.27354896
0.20072566,0.2372813
0.15567313,0.17199342
0.13409899,0.1466589
0.1289736,0.13684556
0.12289253,0.1253599
0.12572071,0.13577263
0.16163991,0.16522913
0.21711472,0.21680225
0.25666428,0.26767603
0.27012768,0.29375276
0.28525943,0.30813554
0.30710763,0.31246197
0.31369466,0.32160926
0.3240036,0.3292008
0.32922137,0.3277891
0.331455,0.32423124
0.3221947,0.31673697
0.32965472,0.31483433
0.32173136,0.3142674
0.3211863,0.31556138
0.32931268,0.32115364
0.3325573,0.30734378
0.29561725,0.28018016
0.24692479,0.2390392
0.20815478,0.20641994
0.17504102,0.17747152
0.14028618,0.15034366
0.13132021,0.14084043
0.12557183,0.12906532
0.13218172,0.1368423
0.16273819,0.16442892
0.22559664,0.21481897
0.25927487,0.26756412
0.27825016,0.29753935
0.29595232,0.31414747
0.30441162,0.3235996
0.31260455,0.34127626
0.30864197,0.34757623
0.30850294,0.3501943
0.30875129,0.34861243
0.30517116,0.349747
0.3008264,0.339217
0.2879495,0.3421268
0.28632927,0.3461339
0.30236644,0.34110427
0.29511723,0.32105374
0.2622696,0.295003
0.22405446,0.25821877
0.18290658,0.22196682
0.18134432,0.15754917
0.17978205,0.13293798
0.17821978,0.12299499
0.17665751,0.113754794
0.17509525,0.12269303
0.17353298,0.1548708
0.1719707,0.20775886
0.17040843,0.25767067
0.16884616,0.27899694
0.1672839,0.29440063
0.16572163,0.30190286
0.16415936,0.3158788
0.16259709,0.3210922
0.16103482,0.3217625
0.15947254,0.31699404
0.15791027,0.31324434
0.156348,0.30596554
0.15478574,0.30408475
0.15322347,0.30612227
0.1516612,0.3071255
0.15009893,0.2923248
0.14853667,0.2649213
0.14697438,0.22538453
0.14541212,0.19213472
0.14384985,0.10831894
0.11146862,0.09271549
0.0998815,0.07883942
0.07307466,0.073910326
0.068731904,0.080115795
0.073838465,0.09659471
0.10737612,0.11488401
0.12704164,0.13646638
0.15309215,0.1582405
0.18077199,0.18582791
0.20259295,0.1985284
0.22055143,0.21829487
0.22936249,0.22346155
0.2372585,0.22611348
0.25393975,0.22873127
0.27169806,0.2247888
0.28168106,0.22409382
0.28234655,0.22908828
0.26626354,0.22767784
0.2590129,0.23359527
0.24218787,0.22130443
0.2132996,0.21146928
0.17980163,0.17682177
0.14136195,0.15278277
0.10555419,0.11014783
0.0839489,0.08404876
0.06648798,0.07099905
0.053891182,0.06352508
0.057544038,0.06907065
0.06298756,0.08978136
0.07192333,0.13540925
0.08863169,0.17646676
0.1137078,0.20041004
0.1433504,0.22582869
0.16223387,0.24264023
0.18893081,0.26776168
0.22077729,0.2771679
0.24510902,0.29554468
0.2598537,0.3001754
0.28954175,0.3106569
0.31186253,0.318904
0.31494132,0.31483677
0.3100322,0.31661662
0.31207347,0.31774732
0.29551232,0.29242414
0.25626194,0.2635886
0.20985402,0.21702915
0.17169528,0.17793924
0.13380018,0.13458408
0.11564355,0.10749941
0.11000319,0.091189474
0.10402552,0.081991635
0.114754915,0.092339665
0.15238115,0.1190236
0.20995611,0.16982399
0.24596497,0.21943882
0.2732567,0.24826568
0.2957647,0.27867016
0.3239953,0.3042227
0.36148736,0.33356166
0.39463025,0.35537225
0.42487678,0.37818867
0.43839195,0.39090934
0.45348862,0.40072733
0.472319,0.4154002
0.46523738,0.40884483
0.44439495,0.40540454
0.43491462,0.397557
0.40646917,0.36633533
0.36208582,0.32680172
0.29549196,0.27242172
0.2395704,0.2234723
0.193938,0.19896263
0.17160526,0.16101024
0.14804113,0.14180665
0.14233716,0.12806268
0.14611438,0.1333566
0.17217861,0.16167139
0.22973011,0.21419215
0.2625646,0.26849756
0.29660597,0.3019759
0.33000863,0.33386844
0.36103624,0.36228967
0.39474836,0.39795995
0.4393084,0.41952127
0.4930641,0.44469428
0.51623136,0.45750505
0.53425,0.46889287
0.54501253,0.47804683
0.5419617,0.47442693
0.50807774,0.46493635
0.49467534,0.44336188
0.46158192,0.40232837
0.4050187,0.36830872
0.34510055,0.30478972
0.27104262,0.2536652
0.21956792,0.22830589
0.19005786,0.18691546
0.16358714,0.16171116
0.13959865,0.14336206
0.1449345,0.14654335
0.16305998,0.1684971
0.22093469,0.21253122
0.2558757,0.2602832
0.28384218,0.29830983
0.31103218,0.3423959
0.34722307,0.37956852
0.38858983,0.41956577
0.4264012,0.451229
0.46553454,0.47734392
0.48360127,0.49221727
0.48344103,0.50678647
0.48932597,0.5187468
0.45900863,0.51623017
0.45007086,0.5032267
0.4531307,0.47521532
0.42563784,0.43407327
0.37372708,0.3946292
0.32245538,0.33061793
0.25530297,0.2763525
0.2188901,0.21327393
0.1847316,0.17706466
0.16867901,0.15205267
0.1583419,0.13707171
0.16124243,0.14005494
0.19295745,0.16036123
0.2530524,0.20115048
0.2946527,0.25058258
0.31553057,0.2873535
0.32881334,0.32068706
0.35159177,0.35448167
0.36648437,0.39018372
0.39796546,0.4179197
0.42128277,0.43949234
0.42484894,0.44898108
0.40776086,0.46583754
0.4010105,0.47370028
0.38515443,0.47231805
0.37131545,0.46166787
0.37519345,0.43504333
0.35618135,0.3964759
0.31832746,0.3658417
0.26444456,0.30746523
0.20971379,0.2601785
0.20727682,0.17538594
0.20483986,0.14345136
0.20240289,0.12791193
0.19996592,0.116409115
0.19752896,0.120613754
0.195092,0.145633
0.19265503,0.19563793
0.19021806,0.23995385
0.1877811,0.26756904
0.18534413,0.29544577
0.18290716,0.31829065
0.1804702,0.34547
0.17803323,0.36352232
0.17559627,0.38161784
0.1731593,0.39247036
0.17072235,0.3989042
0.16828538,0.4087516
0.16584842,0.40455937
0.16341145,0.39561954
0.16097449,0.37333345
0.15853752,0.3451458
0.15610056,0.31502873
0.15366359,0.26058137
0.15122662,0.21460421
0.14878966,0.120169885
0.1463527,0.10272527
0.14391573,0.088423386
0.14147876,0.08429174
0.1390418,0.08761069
0.13660483,0.10285616
0.13416786,0.12015722
0.1317309,0.13236645
0.12929393,0.16064349
0.12685697,0.1885028
0.12442001,0.20864494
0.121983044,0.21676454
0.11954608,0.22496848
0.11710911,0.22225347
0.11467215,0.223831
0.11223518,0.22330846
0.109798215,0.2254045
0.10736125,0.2327744
0.104924284,0.23954016
0.10248732,0.248589
0.10005035,0.2467155
0.09761339,0.22991063
0.09517642,0.1989778
0.09273946,0.17360012
0.0903025,0.07897564
0.0734976,0.06612848
0.0645931,0.05865329
0.060427643,0.051967323
0.06322585,0.056981623
0.06315645,0.0665823
0.08631375,0.074503854
0.10391135,0.08642113
0.13095175,0.11859306
0.1464023,0.14530532
0.15133002,0.15520938
0.16456224,0.1800903
0.16145054,0.17912169
0.1638162,0.17268988
0.1643815,0.17450207
0.16332138,0.17857714
0.17206599,0.18289721
0.1906639,0.19402885
0.19384834,0.20194563
0.22640924,0.20554195
0.21971668,0.19658868
0.19418542,0.19752954
0.1654825,0.17190513
0.14355838,0.14884864
0.11813702,0.1348995
0.11207005,0.117573045
0.10642057,0.10833353
0.10018707,0.10708356
0.11513024,0.11468862
0.15322751,0.15030076
0.20715576,0.20374458
0.26359028,0.2550531
0.2866841,0.2742917
0.2905383,0.29095948
0.29955107,0.29822305
0.29776773,0.30781385
0.30014667,0.3092642
0.30707175,0.31495103
0.29941154,0.3047029
0.28168222,0.2990406
0.26809505,0.28996083
0.28067955,0.28348455
0.28058645,0.2965134
0.30022898,0.3083545
0.29192615,0.29262596
0.25492194,0.26774114
0.21912828,0.2310418
0.18537293,0.19714858
0.15978459,0.16137403
0.1437005,0.13767368
0.13104649,0.1334306
0.1323062,0.12573396
0.13549715,0.13656507
0.18011394,0.1679747
0.24996343,0.22096218
0.29829904,0.2764081
0.3121687,0.29703355
0.31377295,0.30732697
0.29478845,0.30453926
0.28984284,0.31069922
0.29754993,0.30874717
0.29545772,0.30347985
0.28413296,0.29325578
0.27764493,0.2863213
0.27572352,0.2779709
0.284204,0.27444082
0.2899743,0.28146502
0.3029122,0.29550943
0.28621367,0.28548402
0.24582912,0.2616116
0.21362993,0.22659457
0.1677411,0.19666708
0.1433356,0.14991209
0.13306077,0.12585786
0.12476432,0.11969942
0.1226251,0.11209333
0.1412267,0.12458195
0.16649242,0.15707149
0.2296285,0.21865463
0.28062046,0.2747772
0.29286537,0.29354253
0.28326598,0.30273157
0.2874761,0.3016517
0.27921116,0.30988982
0.2723831,0.30147585
0.2869738,0.3024758
0.27457052,0.2911068
0.25954634,0.28748927
0.26594839,0.28210747
0.26288036,0.2763442
0.26698282,0.2780095
0.29494062,0.2900343
0.28152707,0.2778565
0.25776386,0.2527729
0.21632072,0.21249077
0.16811644,0.18091606
0.14732505,0.15352905
0.13385963,0.13130501
0.12525205,0.123305574
0.11987273,0.11705358
0.13280945,0.12959091
0.15617745,0.16297607
0.21044858,0.22320859
0.25899076,0.28093243
0.26435977,0.2995357
0.28394476,0.30910525
0.29461303,0.3108923
0.2932523,0.3217826
0.29385668,0.3146737
0.29978734,0.31650525
0.27630553,0.30426428
0.2700711,0.3012667
0.27786854,0.29417956
0.26837838,0.2867608
0.26199728,0.28702503
0.28254187,0.29660144
0.27271816,0.2848977
0.24834143,0.2604747
0.19913292,0.2197852
0.16790195,0.18599468
0.14139405,0.1458086
0.11810599,0.1209676
0.11359327,0.116093636
0.11640416,0.107012615
0.1381395,0.121827394
0.16380033,0.15164135
0.20686074,0.20861213
0.2565764,0.2560114
0.28144464,0.2740681
0.28500122,0.28351387
0.29329896,0.28249666
0.28857756,0.2855647
0.2816981,0.28386235
0.27852705,0.28107962
0.26448578,0.26945126
0.23913527,0.26159453
0.23674898,0.25512072
0.23762044,0.2507353
0.22471368,0.25705078
0.24756032,0.27045304
0.23325565,0.26354486
0.22039913,0.23966245
0.18212289,0.20403314
0.14791688,0.17457028
0.122893006,0.13174611
0.105256915,0.11385485
0.09758452,0.10927153
0.09672241,0.10275277
0.09933704,0.11218162
0.11608355,0.1475543
0.12985536,0.18890266
0.15485734,0.22271886
0.17561616,0.23749709
0.20097272,0.23841536
0.22479635,0.24602783
0.23123617,0.24371707
0.22146696,0.24073373
0.22787337,0.23065525
0.21903886,0.21354237
0.21396227,0.20942327
0.21644756,0.19769514
0.21711555,0.19793808
0.22125176,0.20948952
0.21598436,0.21560471
0.20031705,0.21879373
0.18249987,0.2023663
0.16977717,0.17483246
0.1396594,0.15200125
0.11631651,0.10972301
0.097173184,0.09047067
0.08461097,0.08139258
0.08893051,0.076486915
0.08584461,0.08417584
0.08783816,0.10804986
0.100669,0.14957474
0.12003451,0.18315244
0.13687256,0.201653
0.16006729,0.2115065
0.16957702,0.21988457
0.17445666,0.22373775
0.18491885,0.22440732
0.18535197,0.22355974
0.1742058,0.21193093
0.17357665,0.21201582
0.19089971,0.20360607
0.20362929,0.20377143
0.21432894,0.21457995
0.2339729,0.22528638
0.22799489,0.21819651
0.20504344,0.20148714
0.17154616,0.1727671
0.14790659,0.14826599
0.12225036,0.12845652
0.11975997,0.10839017
0.113241516,0.09869086
0.11745044,0.09801841
0.12203066,0.105554074
0.17485212,0.13857575
0.23140909,0.1901785
0.28752372,0.23881981
0.29686975,0.25691077
0.29595587,0.267135
0.2992898,0.27440315
0.30217966,0.27926514
0.2991403,0.27680042
0.29775602,0.27891254
0.2909931,0.26755992
0.27747238,0.2653527
0.28308657,0.2534848
0.27989855,0.25257266
0.29805565,0.2657813
0.31092167,0.27711406
0.293732,0.2645454
0.2625235,0.24053492
0.21832752,0.20597917
0.18304268,0.17409979
0.16126056,0.16387095
0.14280878,0.13998877
0.13324304,0.13406965
0.1383476,0.12636983
0.15039554,0.13680825
0.17753662,0.16938557
0.24601388,0.226461
0.2948067,0.2806714
0.30190358,0.3060359
0.3158527,0.31602567
0.3371374,0.3172464
0.32977507,0.3267304
0.32830834,0.32181093
0.32688567,0.32103103
0.3026277,0.31135854
0.28902584,0.30698943
0.2871229,0.29845542
0.28458515,0.2947868
0.29858118,0.30031925
0.31369656,0.31051213
0.29899216,0.29775158
0.26561674,0.27151343
0.23197605,0.23604512
0.19178149,0.20427711
0.17066711,0.17425682
0.14855443,0.15019682
0.14791676,0.14567037
0.14351301,0.13634956
0.15104471,0.14882019
0.18545051,0.17991383
0.2579942,0.23331673
0.30274165,0.28684586
0.31300333,0.3082228
0.31367853,0.31705242
0.31242868,0.3134962
0.29009974,0.31831095
0.29240286,0.31348354
0.29967174,0.30656257
0.27656347,0.29804057
0.26202074,0.28601626
0.26366797,0.28023818
0.25888026,0.2757093
0.27019343,0.28164876
0.2886736,0.2972964
0.27541155,0.29044807
0.25434136,0.26451045
0.20128635,0.22960663
0.17708786,0.20104574
0.1527103,0.15355924
0.14492692,0.1323696
0.145009,0.12610257
0.13811629,0.12041105
0.14967498,0.13044484
0.18145348,0.16569467
0.24020167,0.22409438
0.29102153,0.28050295
0.29856506,0.29554945
0.29187298,0.30254132
0.2989089,0.30081123
0.29055393,0.30369598
0.2961629,0.29516256
0.30502123,0.2918203
0.28588998,0.2768633
0.28329358,0.2717943
0.2733543,0.26429936
0.27363333,0.2576626
0.28448766,0.2590662
0.29306492,0.27125877
0.28138945,0.2642679
0.24815217,0.2418503
0.20667088,0.2036758
0.17949808,0.17363709
0.14585015,0.15219782
0.12802859,0.12949498
0.11977691,0.12267184
0.12290414,0.11422303
0.13016863,0.12523669
0.15929757,0.15926233
0.21019559,0.21811901
0.26402506,0.26991275
0.2763959,0.28906187
0.29518935,0.29950368
0.30829412,0.30490944
0.29850003,0.31384933
0.29455155,0.31549513
0.28931734,0.3167661
0.2863032,0.30527368
0.2706269,0.30170804
0.2587746,0.29294747
0.24783333,0.2860267
0.25221586,0.28714508
0.2622895,0.29328752
0.24563299,0.2808295
0.21908493,0.2559165
0.19825801,0.21575156
0.15475264,0.18332818
0.12368417,0.13587293
0.10857708,0.11299059
0.10543765,0.10647443
0.09989453,0.09755882
0.10699902,0.11167678
0.12317275,0.14538689
0.14627498,0.19787572
0.17484063,0.24116454
0.18352555,0.25523895
0.19203316,0.26088735
0.202274,0.26316366
0.21587941,0.26318774
0.22247498,0.26462424
0.21634583,0.25612676
0.20027737,0.24320462
0.18693443,0.23071241
0.19240008,0.22552267
0.19203351,0.2216965
0.20279856,0.22621813
0.20896834,0.23771569
0.20508714,0.236412
0.17999409,0.2135299
0.15570298,0.17833702
0.12680678,0.15115312
0.11043277,0.103431284
0.09924466,0.08511166
0.087494336,0.077140525
0.0858625,0.07396608
0.08677826,0.08245578
0.09436254,0.10739764
0.10463902,0.14779288
0.12923855,0.1775018
0.14406364,0.1948987
0.1706407,0.2025428
0.17195098,0.21273756
0.17725107,0.21127297
0.18477613,0.21036996
0.17621486,0.2089176
0.17525694,0.19382313
0.17233981,0.19473067
0.1773566,0.18295643
0.19117081,0.18333325
0.20955756,0.19368309
0.23267733,0.20472498
0.22776121,0.20178889
0.20657566,0.19073278
0.19310053,0.16026711
0.15909185,0.13553692
0.14555109,0.1464605
0.14637434,0.12729268
0.14203052,0.12071353
0.15143247,0.11999097
0.1591115,0.132062
0.20672667,0.16331665
0.2702383,0.21082787
0.32569227,0.25846586
0.33715943,0.2773081
0.3261724,0.2878967
0.31894085,0.28796908
0.30207282,0.2913308
0.2984543,0.2879467
0.29709062,0.28479052
0.2810396,0.27522525
0.2610062,0.26201844
0.257037,0.2529775
0.26102078,0.2516856
0.27661937,0.26196086
0.2936287,0.28470987
0.28163168,0.2779647
0.24619403,0.25301984
0.21134621,0.21946263
0.17386658,0.1901413
0.15045454,0.16546282
0.15042268,0.14557195
0.13904259,0.14083968
0.13733163,0.13494782
0.14883193,0.14593989
0.17972262,0.18296684
0.25214955,0.23751046
0.2993085,0.2943809
0.3061819,0.3063053
0.3009053,0.31133142
0.29608226,0.30257356
0.28987092,0.30241603
0.28694254,0.28601092
0.2861728,0.27876014
0.27907613,0.2648486
0.27440944,0.25235662
0.27249643,0.24411845
0.2749185,0.24022835
0.28257963,0.24284285
0.2870437,0.26551294
0.28192076,0.2614212
0.2565096,0.23677419
0.21734935,0.20078984
0.17893964,0.17400083
0.15358697,0.16123267
0.13902315,0.13881683
0.12469089,0.1328038
0.11551824,0.12569101
0.115218714,0.13439853
0.1406062,0.16905577
0.20204033,0.22179826
0.25050458,0.27962717
0.26264906,0.29419285
0.2743725,0.30752498
0.290826,0.3016927
0.2927107,0.31232312
0.29285672,0.30364567
0.29746264,0.30058414
0.28196934,0.29363862
0.283924,0.2856103
0.2841017,0.28161958
0.27071977,0.27676472
0.29432878,0.27587107
0.31373718,0.29068038
0.29218635,0.28046542
0.26406106,0.2553317
0.22024491,0.21395451
0.17342126,0.18283685
0.13511543,0.15465292
0.1175106,0.1293302
0.11703436,0.121920064
0.117417626,0.11373527
0.12665944,0.12371983
0.15636896,0.15683843
0.21832173,0.21425281
0.26737094,0.27255327
0.28116432,0.28725347
0.2884294,0.30511487
0.30274507,0.30419955
0.2998084,0.3123176
0.30547258,0.31095317
0.31423,0.3146957
0.31052727,0.31294712
0.30603233,0.3004434
0.3036213,0.3032261
0.28401095,0.29661965
0.2923458,0.29642108
0.31125033,0.3087654
0.28815344,0.29389673
0.24955457,0.26750097
0.2159564,0.22062652
0.16813634,0.18497254
0.1441945,0.14012612
0.12508494,0.11654836
0.11191466,0.108440846
0.11563289,0.099483475
0.12820873,0.109187305
0.15106958,0.13987784
0.21268764,0.19628955
0.27156126,0.24739549
0.28073758,0.26686156
0.28714222,0.28223985
0.30494437,0.29188353
0.31106663,0.3075255
0.31230918,0.3109441
0.31336764,0.31947428
0.32063,0.3148268
0.30087176,0.3163021
0.30327296,0.31430286
0.30689788,0.30847734
0.2976031,0.3048693
0.29449317,0.30324143
0.2779485,0.2861579
0.2556623,0.2616608
0.21588357,0.21697846
0.1814074,0.17927685
0.1488382,0.14857058
0.11620933,0.12195398
0.107730016,0.112041265
0.09413372,0.10362633
0.08781566,0.116248265
0.105965644,0.14589055
0.11852088,0.20419095
0.14501043,0.25215164
0.16727518,0.2697216
0.1881695,0.29002377
0.2001561,0.29728925
0.20141023,0.31480607
0.18968987,0.31788778
0.18858592,0.32857206
0.17692596,0.3254247
0.17883909,0.32299536
0.17687064,0.32684737
0.17933805,0.3167131
0.18699257,0.31141114
0.19583929,0.3139493
0.1803757,0.29495233
0.16448964,0.26973915
0.13521326,0.22068277
0.116716474,0.18089284
0.09623682,0.09821315
0.07928044,0.07907541
0.066899315,0.06362992
0.059592776,0.055150986
0.06826372,0.059588928
0.071232714,0.068197735
0.09034537,0.08687412
0.11040339,0.09895881
0.14020552,0.119094394
0.1519973,0.13906035
0.17646511,0.15935355
0.19156237,0.16737345
0.19714944,0.16849329
0.19802208,0.1708183
0.19897172,0.16698736
0.19693364,0.17131884
0.1971633,0.16742721
0.20730227,0.17686969
0.22171697,0.18810785
0.22704573,0.1937276
0.21331903,0.18931328
0.18228728,0.17718112
0.14607541,0.15111808
0.12739612,0.12746309
0.10385911,0.10711534
0.09310805,0.08416128
0.09256134,0.078921184
0.088099435,0.073869586
0.10420507,0.08584015
0.1395585,0.11685484
0.20404914,0.16753764
0.2572773,0.20747796
0.2830471,0.22354102
0.28918988,0.23325893
0.29790464,0.24419753
0.31034476,0.24355675
0.3019776,0.24946365
0.30646285,0.24946816
0.30038747,0.23835275
0.30040357,0.23325959
0.3010841,0.22497675
0.2961738,0.22356687
0.3165618,0.23340356
0.3271661,0.25023854
0.31397605,0.23784906
0.28521666,0.21746384
0.23677124,0.18007885
0.20671506,0.15011631
0.18137969,0.19365767
0.16701272,0.17077965
0.16238797,0.1667958
0.16016442,0.15687913
0.17537075,0.16575839
0.2131724,0.19210947
0.27689818,0.2354735
0.32881382,0.28161126
0.3409415,0.31291008
0.3343091,0.3204031
0.32833415,0.3206388
0.3118019,0.32716393
0.30106148,0.3238338
0.3062479,0.31808108
0.29965565,0.30809695
0.29457337,0.30328012
0.30120894,0.2950831
0.29394504,0.29632142
0.30670908,0.31447604
0.3176661,0.3250394
0.31442353,0.3144676
0.29492038,0.29446992
0.26047453,0.26338553
0.22188576,0.23784272
0.20413549,0.21288258
0.1897196,0.1923905
0.18218993,0.19019781
0.18401754,0.18069689
0.19563557,0.19046108
0.22565965,0.21473728
0.28457022,0.25311577
0.335132,0.30032736
0.3435913,0.33104032
0.3455178,0.33730188
0.33969033,0.33143
0.32994112,0.33100188
0.3251791,0.32217976
0.3215042,0.31100532
0.3125137,0.30055314
0.3047827,0.29193452
0.30924046,0.2821901
0.31640676,0.28544325
0.34414807,0.30597973
0.3531543,0.3226906
0.3423104,0.3197322
0.3172171,0.3046721
0.27810636,0.2755453
0.23530594,0.25251824
0.21028204,0.22596225
0.19672602,0.2023536
0.1918985,0.1979929
0.19589116,0.18879433
0.20813027,0.19189581
0.239316,0.21336131
0.29344833,0.25474864
0.35098606,0.3046314
0.3628289,0.3392973
0.36163363,0.34019276
0.36190924,0.33952403
0.34415624,0.33725208
0.32815436,0.32349256
0.3201822,0.31740212
0.30160016,0.30409193
0.29346088,0.3020485
0.29165125,0.29038203
0.29629758,0.2935497
0.31880334,0.31557217
0.32991388,0.32624975
0.31925875,0.32076013
0.2875815,0.3025585
0.25653732,0.2784241
0.21672009,0.24785326
0.19344068,0.20640163
0.17670815,0.18239531
0.16993411,0.1776596
0.17236409,0.16857477
0.1876704,0.17491025
0.21857695,0.19687045
0.2741805,0.24441417
0.32639295,0.29642844
0.32834065,0.32318115
0.32847545,0.3250787
0.31052977,0.31975588
0.30174655,0.31673443
0.29379073,0.30004385
0.28820863,0.29205617
0.28718212,0.28088528
0.27851096,0.27387998
0.275618,0.26150146
0.27896172,0.26652873
0.29564416,0.2798327
0.2895703,0.29546815
0.27839926,0.29070747
0.25277752,0.2722802
0.22250909,0.24340484
0.1759666,0.21545161
0.13877515,0.16865273
0.1151923,0.14586335
0.11341444,0.14193165
0.1147831,0.13730189
0.10066236,0.14270931
0.10654125,0.16999738
0.14095476,0.21439974
0.1760577,0.26291072
0.19143434,0.28440627
0.21880542,0.28740525
0.23267756,0.28201324
0.22602598,0.28397802
0.22103193,0.27273476
0.20970146,0.26698732
0.20110881,0.25432274
0.1913531,0.25150177
0.19122435,0.23857474
0.19359346,0.24236909
0.22011665,0.25439826
0.22472459,0.2703001
0.20792158,0.2622699
0.1880019,0.24400009
0.15991865,0.21354452
0.14240573,0.18921342
0.12344611,0.12104227
0.0985409,0.09924811
0.09062867,0.09083314
0.10160761,0.08576175
0.102483936,0.09190616
0.111366056,0.11703528
0.11958622,0.15606965
0.14690448,0.19425076
0.16932651,0.20263302
0.19084026,0.21411042
0.19223866,0.21286222
0.18406112,0.21283516
0.17853516,0.20398031
0.17464934,0.20033997
0.17081872,0.19538066
0.16958494,0.18566985
0.17895159,0.17857784
0.20025061,0.18499772
0.23108019,0.19623426
0.24568723,0.21572486
0.23987858,0.21041903
0.22564745,0.18980083
0.19892778,0.15473974
0.17102385,0.13213399
0.14939877,0.1545231
0.13586088,0.1401462
0.13250329,0.12950052
0.12917507,0.1290685
0.13545237,0.13574648
0.15219177,0.16886549
0.1863844,0.22194043
0.2579067,0.2754337
0.3016435,0.2946307
0.3099776,0.30518615
0.31331766,0.3123282
0.30453905,0.31224248
0.3037395,0.31351623
0.30453953,0.31454936
0.30263257,0.29855493
0.2937694,0.29658943
0.29880977,0.28131285
0.30794084,0.27918696
0.33011487,0.2895356
0.3307413,0.3016181
0.31759077,0.29115286
0.29387113,0.26838076
0.25530723,0.23318544
0.20982441,0.19847101
0.1762164,0.18594359
0.15443368,0.16010639
0.14093947,0.15055704
0.13093126,0.13965161
0.13306314,0.1470763
0.14112057,0.17411308
0.18357895,0.22758721
0.24599494,0.28316563
0.2783296,0.31390744
0.29920653,0.32829517
0.2981002,0.3359979
0.3018369,0.35264492
0.30603018,0.35361293
0.3019435,0.35861787
0.29907045,0.3549812
0.2928187,0.35314417
0.28730577,0.34259456
0.2933274,0.34277943
0.31366113,0.34670007
0.33282435,0.34987348
0.31735674,0.32740864
0.2987805,0.30240017
0.28230843,0.26488093
0.23806234,0.2318933
0.20792289,0.21602757
0.18701105,0.19442707
0.17364618,0.18584202
0.16004254,0.17701514
0.1522523,0.18400216
0.17782418,0.20814477
0.21467917,0.2489873
0.27537507,0.29930285
0.31048784,0.33484915
0.32023302,0.34480733
0.32712242,0.34493423
0.33401394,0.34724206
0.32995662,0.3500643
0.3237562,0.3405358
0.32296845,0.3299192
0.31631687,0.3225529
0.30947056,0.31279612
0.30636784,0.3165173
0.32956743,0.331556
0.33146742,0.34532896
0.3195572,0.3372469
0.3023623,0.31876907
0.27224857,0.28595412
0.23933305,0.2561582
0.19994137,0.19441712
0.19896092,0.16836494
0.19798046,0.1552707
0.19700001,0.14459828
0.19601956,0.14831938
0.19503911,0.17124788
0.19405866,0.21622734
0.1930782,0.277863
0.19209775,0.30674794
0.1911173,0.32329565
0.19013686,0.32817817
0.18915641,0.34193462
0.18817596,0.33881256
0.18719551,0.3386444
0.18621506,0.33915544
0.1852346,0.33789587
0.18425415,0.3262765
0.1832737,0.3333252
0.18229325,0.33635652
0.1813128,0.33449286
0.18033235,0.3162377
0.1793519,0.2967365
0.17837144,0.26129368
0.177391,0.22641927
0.17641054,0.15303439
0.17543009,0.1409093
0.16193672,0.13408662
0.15616062,0.13090108
0.15628771,0.13849302
0.16033259,0.16343206
0.20158623,0.19244789
0.25341102,0.21790624
0.28959447,0.24274519
0.30937546,0.26006687
0.30805856,0.27635476
0.29304445,0.28233317
0.283388,0.28544077
0.27898446,0.28343916
0.27028248,0.27347684
0.255223,0.27568537
0.24434723,0.26287952
0.24761966,0.2665021
0.27438328,0.29123792
0.28728327,0.30067748
0.27475375,0.29462415
0.26388162,0.28015146
0.24309629,0.24925546
0.21659881,0.22750597
0.19177733,0.19615556
0.16555606,0.17560464
0.15789041,0.17129669
0.14658055,0.16437916
0.14593033,0.17048252
0.14539629,0.19348942
0.16464692,0.23788998
0.18412034,0.28797108
0.20979539,0.30964708
0.22487381,0.31316325
0.23733062,0.30673483
0.23809087,0.3018192
0.22853413,0.28924838
0.22203735,0.2795986
0.2111894,0.26483694
0.20507956,0.25896955
0.20794693,0.24462155
0.22387846,0.24799262
0.25880504,0.2588131
0.2723132,0.27322376
0.26382253,0.2727276
0.23951982,0.2593176
0.23245135,0.23158787
0.21265851,0.20749427
0.18523721,0.19529116
0.14770333,0.17892209
0.13657966,0.1724469
0.13004392,0.1711047
0.12959646,0.17723003
0.12846538,0.19848098
0.15699561,0.24194808
0.18388216,0.28592262
0.20567435,0.31167
0.2134492,0.3209896
0.21438533,0.32454914
0.20669848,0.31899858
0.20473479,0.3170112
0.19547875,0.31209704
0.1839409,0.29590926
0.17112985,0.2953046
0.1816547,0.28387132
0.19854783,0.2876685
0.23849925,0.3136916
0.2622838,0.3287713
0.2593399,0.3250931
0.24924724,0.30987796
0.22391175,0.2798389
0.19152969,0.2513516
0.17315479,0.19567506
0.1736733,0.17653763
0.15823032,0.16928703
0.16292898,0.1655114
0.17070323,0.16814798
0.19558594,0.19040702
0.23199157,0.23555104
0.29027656,0.2768932
0.33547038,0.30553254
0.34735325,0.31025648
0.33811697,0.3095825
0.32914284,0.306103
0.3179589,0.30262667
0.30690366,0.29604614
0.30466306,0.28225854
0.2837079,0.27713245
0.2872262,0.26722297
0.29401103,0.26957783
0.30983287,0.29620636
0.32391688,0.30942342
0.32229668,0.30707332
0.29693383,0.28821415
0.26134068,0.26199833
0.24080843,0.2293363
0.20649134,0.20854883
0.19210908,0.18540543
0.17020757,0.18027435
0.16787092,0.17432322
0.17803809,0.17756116
0.19136162,0.20437992
0.23309931,0.25128418
0.2961552,0.30805063
0.33176163,0.3392963
0.33997872,0.34532812
0.32150054,0.3463337
0.31301484,0.3468682
0.29714665,0.33760908
0.28967312,0.33128622
0.28598365,0.31912705
0.2657816,0.31887007
0.23386715,0.30511552
0.21173647,0.3072796
0.24299811,0.32452205
0.30078706,0.3353384
0.30982494,0.32632333
0.3022441,0.30993772
0.27859706,0.28096396
0.2427932,0.25141472
0.2169373,0.22312045
0.20255186,0.20373699
0.20114967,0.19614805
0.18796672,0.18958753
0.19449987,0.1952742
0.21542911,0.21798678
0.24268673,0.2579683
0.30940247,0.30951434
0.344055,0.33514938
0.34074926,0.33253703
0.32994953,0.3249876
0.32175446,0.31703788
0.3101203,0.30571917
0.30775097,0.2922936
0.30368927,0.2729256
0.29243094,0.26794222
0.28335825,0.25115916
0.28635237,0.25249678
0.3129518,0.2600344
0.32514426,0.2745844
0.3106809,0.28064924
0.30249247,0.26975095
0.27531478,0.24264692
0.23927335,0.21526551
0.20892629,0.22363819
0.19143647,0.19780749
0.18031256,0.19333662
0.17580779,0.18230934
0.1738403,0.19173908
0.1850123,0.21618919
0.22804178,0.2619871
0.28860125,0.3215419
0.32790482,0.34216756
0.3329106,0.35184234
0.3261402,0.3439207
0.31241694,0.34257355
0.3059833,0.32781205
0.29893294,0.31748533
0.28897303,0.31384248
0.27389708,0.295212
0.2593129,0.28649518
0.2681378,0.28835547
0.2983796,0.2965541
0.30173883,0.31926388
0.29446298,0.3149928
0.27897665,0.29172522
0.2496787,0.2581329
0.22286476,0.22825342
0.18592213,0.19405669
0.15936685,0.17180422
0.14994726,0.16168968
0.13026445,0.15226476
0.13100113,0.15879956
0.14251542,0.18425699
0.16504262,0.2356062
0.22789729,0.29457694
0.27617642,0.31106937
0.29050645,0.32059872
0.3023534,0.31774566
0.31998476,0.3205352
0.319732,0.30932692
0.3173146,0.3049983
0.31935158,0.29460624
0.30622715,0.28930876
0.29319012,0.27729487
0.29032263,0.2767112
0.2962373,0.28312424
0.29786012,0.29362875
0.2745518,0.28373095
0.27196953,0.26496932
0.25485906,0.22836486
0.22852774,0.19981384
0.19959648,0.19118203
0.17539515,0.16692498
0.16036339,0.16295457
0.15888801,0.15179554
0.15046223,0.15848432
0.15502326,0.18442498
0.1742071,0.2165946
0.20441441,0.25798
0.22569719,0.28793266
0.24485035,0.29589254
0.24246158,0.30121005
0.23669603,0.302527
0.22475372,0.31266075
0.22033125,0.29712224
0.20652188,0.28934583
0.19801652,0.2856574
0.20301022,0.27387932
0.22090366,0.28310457
0.26243943,0.29967782
0.276455,0.3078947
0.26995867,0.30597025
0.25328714,0.28740212
0.23762897,0.25650215
0.21107322,0.2303019
0.18306944,0.18948604
0.17390318,0.17068079
0.15953752,0.16325183
0.15819846,0.16202062
0.15310813,0.16571291
0.15505406,0.18968737
0.16986032,0.23514062
0.19272816,0.2870385
0.21010262,0.3128066
0.22055665,0.31800243
0.22431207,0.31738788
0.21887435,0.31377816
0.20511615,0.30772156
0.20388037,0.30179232
0.19051586,0.28733566
0.185426,0.28453067
0.19975258,0.27042875
0.21880211,0.27456847
0.25866032,0.28902826
0.28074706,0.30559742
0.2716791,0.29939672
0.2602571,0.28406277
0.24902931,0.25526494
0.23027481,0.22699867
0.21114665,0.21903284
0.19913551,0.20282194
0.18579185,0.19440632
0.17743394,0.1942569
0.18419626,0.19585669
0.21043377,0.21991356
0.24680966,0.26399493
0.31328687,0.31106573
0.34869123,0.34449315
0.36644456,0.3533388
0.37220562,0.35550377
0.37673694,0.35446447
0.3673947,0.35335383
0.36926636,0.34950536
0.3609814,0.33014092
0.35956416,0.3319403
0.34786573,0.31853378
0.35588098,0.31769502
0.3832059,0.34277984
0.38066918,0.35986665
0.37157848,0.35267702
0.3593859,0.33624408
0.3199933,0.30703497
0.28002682,0.27334377
0.24138273,0.24635461
0.2155344,0.2185143
0.20395464,0.20496337
0.19121428,0.18989904
0.17667581,0.18747787
0.18384959,0.20596708
0.21913421,0.23935409
0.275902,0.292718
0.31488982,0.33334833
0.33718774,0.3394581
0.34762338,0.35223982
0.36425915,0.36214507
0.3557989,0.35931578
0.35301173,0.36059892
0.35320038,0.35059622
0.34132865,0.35472056
0.331493,0.34043574
0.34559798,0.34540856
0.36150026,0.3664864
0.35589212,0.35463136
0.34399197,0.33765548
0.32464755,0.3214575
0.2920319,0.29731524
0.25540647,0.26516432
0.22258204,0.2221802
0.19898641,0.19000232
0.17618631,0.17964463
0.16251351,0.16734959
0.1690136,0.17249067
0.18543488,0.19216597
0.2161048,0.22651316
0.26868454,0.2812465
0.3058575,0.32035777
0.3233978,0.3370092
0.34697068,0.33891323
0.355628,0.35452455
0.3584069,0.36182404
0.34618676,0.35766542
0.35046685,0.35812777
0.33374178,0.3510661
0.32646152,0.3410688
0.3215216,0.35218638
0.34116203,0.3665319
0.3341813,0.376261
0.3225031,0.3511857
0.30121878,0.33081275
0.2784194,0.29745016
0.23630057,0.26682442
0.2197271,0.20683517
0.16877317,0.17971087
0.15842254,0.17209545
0.14069301,0.16044807
0.13541152,0.16614416
0.13220908,0.18572097
0.14407843,0.22079878
0.16619183,0.2644236
0.18725432,0.3010191
0.207016,0.30986705
0.22913153,0.31398317
0.23766604,0.31830376
0.23047936,0.32455084
0.21782547,0.31828502
0.18902567,0.31123617
0.16914922,0.30893487
0.15538035,0.2998116
0.16057242,0.30911613
0.17237522,0.32522267
0.17623724,0.33015952
0.17911516,0.3168024
0.17845096,0.30208015
0.17018591,0.27163607
0.1445259,0.24600507
0.1302918,0.12978357
0.119088545,0.11240016
0.107579246,0.10814856
0.10074432,0.10259003
0.09870364,0.10807721
0.11132732,0.12343963
0.1404655,0.14189473
0.17142761,0.16075324
0.18251409,0.18100291
0.19527279,0.19060753
0.22102578,0.19357269
0.2455238,0.18948653
0.23930569,0.1886445
0.22707628,0.17516677
0.22752114,0.16659173
0.22162057,0.16232544
0.23153085,0.15290481
0.2622742,0.16605417
0.292881,0.19034928
0.29479223,0.20804074
0.29359043,0.21283208
0.27725443,0.20319124
0.25136277,0.18306844
0.22884598,0.16471411
0.19679022,0.21728517
0.1767419,0.1997245
0.16166905,0.19586627
0.15384458,0.19230148
0.1459301,0.19574931
0.1600969,0.21161787
0.18078738,0.24729443
0.1998562,0.28168738
0.2267931,0.31213373
0.23650002,0.31546757
0.24939185,0.31925848
0.25055525,0.31331664
0.24382953,0.31015232
0.22413547,0.30431885
0.2116988,0.28856826
0.21026263,0.29337093
0.20935066,0.27995348
0.23957253,0.29008994
0.26575342,0.3226082
0.27106014,0.3334489
0.26928347,0.3311761
0.2572662,0.31749558
0.24381354,0.29569528
0.22557296,0.26646435
0.19697498,0.2053799
0.18196051,0.18488836
0.17748262,0.17141923
0.17018697,0.16317217
0.16717225,0.16481492
0.16012521,0.18008056
0.17890328,0.2200215
0.20191015,0.26308718
0.21607709,0.29124722
0.23776753,0.2999842
0.25416726,0.31049272
0.25687227,0.31516945
0.2679232,0.31178468
0.2678069,0.31403923
0.2671138,0.30471176
0.26238495,0.30732876
0.2677734,0.2960829
0.27932236,0.29797846
0.3106605,0.32407802
0.3051842,0.3204686
0.29555082,0.3097955
0.28808948,0.29591358
0.25807723,0.27149296
0.23455492,0.2413878
0.210574,0.21347438
0.21417338,0.19268605
0.21777275,0.18508716
0.22137213,0.18004085
0.2249715,0.18482266
0.22857088,0.20034799
0.23217025,0.24594389
0.23576963,0.29029995
0.23936899,0.32772332
0.24296837,0.34718436
0.24656774,0.35694352
0.25016713,0.36386487
0.2537665,0.36261258
0.25736588,0.3644663
0.26096526,0.3550233
0.26456463,0.36306503
0.268164,0.35074443
0.27176338,0.35663402
0.27536276,0.38876626
0.27896214,0.3979956
0.28256148,0.3813979
0.28616086,0.3618825
0.28976023,0.33283967
0.2933596,0.30030924
0.29695898,0.24925514
0.30055836,0.23451132
0.28752548,0.2291914
0.27837783,0.22523771
0.27883133,0.23257065
0.2941702,0.24669687
0.33779305,0.28044093
0.39701086,0.31676984
0.4438179,0.3464921
0.45545042,0.35893148
0.46685335,0.3657881
0.4661991,0.36610827
0.4629597,0.3616471
0.46423814,0.35592473
0.45979637,0.34306547
0.44164222,0.34446824
0.4479468,0.33125585
0.4554317,0.3401121
0.4926806,0.37478814
0.49011904,0.3869222
0.47822976,0.38101134
0.46395707,0.37016878
0.4300274,0.3500735
0.39024854,0.3229866
0.35520697,0.35975924
0.33241385,0.32820135
0.31614372,0.31723878
0.31208605,0.29628813
0.3157879,0.2951601
0.33094144,0.31241724
0.35927078,0.34309047
0.42518032,0.39337406
0.46729168,0.44071394
0.47818667,0.45144194
0.4847756,0.45896485
0.48645633,0.45788562
0.47380304,0.4506187
0.45155498,0.44044048
0.44104755,0.41960564
0.42125875,0.41644663
0.40944564,0.39559162
0.41191897,0.40736878
0.43435204,0.44125944
0.44331196,0.4500239
0.44369665,0.43857712
0.4237316,0.4162042
0.4016722,0.38898128
0.35856822,0.35346615
