true,forecasted
0.16045894,0.14917774
0.12777814,0.12342346
0.10453888,0.101968154
0.08261825,0.09252529
0.10852333,0.10137857
0.14291976,0.13941135
0.22027689,0.19653971
0.27976286,0.2552455
0.29946542,0.29443106
0.31634706,0.3149246
0.33151174,0.3304776
0.3431096,0.34347302
0.34498322,0.35259962
0.35942265,0.37176672
0.3508096,0.37228915
0.35194325,0.3820798
0.35936114,0.38945496
0.3708382,0.39746842
0.35286885,0.39821768
0.33696532,0.38380075
0.32075334,0.36216435
0.2851391,0.3269002
0.225375,0.2713376
0.17722853,0.214072
0.13011947,0.129049
0.10971498,0.11041054
0.0807473,0.09846661
0.08169552,0.09142065
0.105232246,0.10497432
0.14458221,0.14603116
0.20300113,0.2186807
0.27208638,0.27402908
0.29924816,0.3041042
0.29902646,0.31624153
0.31413206,0.32929152
0.32659158,0.33940142
0.32905397,0.34685615
0.3474702,0.36584452
0.34283587,0.36501443
0.3351818,0.37353095
0.3429242,0.38186225
0.33330667,0.3875755
0.31978709,0.3750538
0.30370912,0.36729592
0.29776365,0.34930834
0.27389386,0.3048099
0.22859555,0.24472533
0.17760618,0.19213948
0.13651313,0.12647088
0.11335472,0.10354857
0.09976747,0.08880379
0.096384555,0.083004035
0.100310124,0.09490528
0.13603354,0.13534711
0.2050575,0.20903529
0.2670566,0.26565439
0.29535884,0.29207477
0.30094972,0.31119952
0.31337914,0.3155229
0.32091174,0.3235361
0.32386556,0.32216692
0.3349518,0.33115366
0.32947844,0.32406664
0.32439482,0.3290889
0.32769296,0.33631727
0.32306477,0.34112564
0.30398706,0.32834643
0.27940586,0.3282258
0.26904643,0.3107055
0.2510171,0.26866856
0.20193318,0.21327502
0.1477494,0.16368021
0.10195435,0.09430568
0.07744435,0.0759079
0.061476015,0.060553566
0.050102886,0.05472964
0.051043194,0.057199918
0.064255856,0.08200576
0.09318465,0.12387884
0.13262996,0.1694656
0.17583476,0.2096403
0.19967248,0.23483765
0.21924827,0.25461644
0.23702824,0.2726231
0.24502218,0.28240985
0.25970507,0.29747897
0.2782887,0.31043828
0.29898626,0.32465902
0.32657203,0.33313912
0.33566996,0.3520857
0.33134037,0.34028262
0.31584945,0.33268583
0.29334134,0.31519055
0.27442244,0.28118098
0.2229247,0.21817292
0.16753806,0.16866268
0.119931616,0.120421275
0.08405376,0.0844919
0.0651742,0.061910614
0.051955603,0.050070554
0.046016496,0.041527696
0.050400138,0.05205572
0.063843265,0.07796153
0.11033431,0.12160051
0.16487356,0.18081696
0.20457593,0.22932002
0.24707285,0.26748776
0.2923584,0.30103266
0.32810664,0.33091027
0.35901228,0.352549
0.3856931,0.3784296
0.40161532,0.40417096
0.4314139,0.4179138
0.45541507,0.44891584
0.44821665,0.44334084
0.43126053,0.4224496
0.41097072,0.39998332
0.38512146,0.3665286
0.3282602,0.29886878
0.26318508,0.23725906
0.21662506,0.20711337
0.20065431,0.17432126
0.18386276,0.14888345
0.16998067,0.14311312
0.18594286,0.15266404
0.23098455,0.19184256
0.30631784,0.26695663
0.37184045,0.33759287
0.42389384,0.37388003
0.4587481,0.41109276
0.48811364,0.43784446
0.50671923,0.46357372
0.5117317,0.47785974
0.5012905,0.49018124
0.49690136,0.47880352
0.47442138,0.47872898
0.4567036,0.4769925
0.45856026,0.47740257
0.43328702,0.453021
0.40408847,0.45
0.37374568,0.4149786
0.34001428,0.36504748
0.2821389,0.30344805
0.22746389,0.23774362
0.18367887,0.16942497
0.14466086,0.14369425
0.12709598,0.12237392
0.11996918,0.1163629
0.12807979,0.12659658
0.1743006,0.17841122
0.23731692,0.26021427
0.29614908,0.3245808
0.3254151,0.35775968
0.34065756,0.36999902
0.36035508,0.3822474
0.37437314,0.405118
0.37449354,0.4107278
0.3906829,0.4243227
0.39267448,0.437231
0.4026347,0.43487605
0.41523772,0.44358325
0.4190651,0.43861073
0.40334564,0.43358493
0.38303936,0.41435814
0.3631782,0.39265126
0.3408722,0.34442148
0.28122497,0.28190756
0.22281748,0.21715426
0.17433466,0.18601324
0.14470546,0.16002816
0.1317683,0.13683443
0.12069353,0.13100849
0.13338023,0.13797283
0.1717543,0.17479655
0.2383227,0.23253599
0.29641756,0.29314417
0.33717358,0.32528648
0.3587961,0.35481954
0.3653576,0.36238438
0.3689231,0.38557675
0.36207354,0.38658473
0.36671314,0.3921601
0.35802013,0.38940918
0.35854322,0.3862031
0.35117233,0.39007592
0.35995477,0.3864504
0.34549028,0.37332627
0.33228815,0.36418813
0.3176167,0.33775604
0.3025234,0.29723123
0.24848133,0.24627551
0.20661911,0.19155006
0.16148911,0.15164213
0.13520285,0.12857908
0.11180255,0.10791186
0.11335472,0.10195412
0.119939305,0.113505594
0.16394687,0.15650138
0.22403923,0.22665341
0.2808864,0.28813007
0.3149467,0.32642555
0.33601645,0.34269458
0.34639588,0.35472208
0.37307164,0.38269562
0.38024393,0.39309815
0.40382504,0.40376353
0.4069285,0.42229518
0.4200256,0.42230305
0.42917252,0.432902
0.4260104,0.43359083
0.41839302,0.42495275
0.39250112,0.4012776
0.37520096,0.37857473
0.35288072,0.33488706
0.28751186,0.2729719
0.22906944,0.20893106
0.22644573,0.18566622
0.22382204,0.15686351
0.22119834,0.13524768
0.21857463,0.1279747
0.21595094,0.13401514
0.21332723,0.1710785
0.21070354,0.22638887
0.20807983,0.27578562
0.20545612,0.30642128
0.20283243,0.3327094
0.20020872,0.3466437
0.19758503,0.3717311
0.19496132,0.37060046
0.19233762,0.37353313
0.18971393,0.366579
0.18709022,0.3606948
0.18446651,0.36612767
0.18184282,0.36285043
0.17921911,0.34760153
0.17659542,0.33943152
0.17397171,0.31388777
0.171348,0.2703565
0.16872431,0.2230516
0.1661006,0.17167874
0.16347691,0.1463013
0.1608532,0.10997613
0.1582295,0.0944947
0.15560581,0.08506345
0.1529821,0.08380155
0.1503584,0.08915139
0.1477347,0.10147211
0.145111,0.13618742
0.1424873,0.18740824
0.1398636,0.23215568
0.13723989,0.26067138
0.1346162,0.28791803
0.13199249,0.31102866
0.12936878,0.31865004
0.12674509,0.33314714
0.12412139,0.35726687
0.12149768,0.3729391
0.11887398,0.39302224
0.116250284,0.3942224
0.113626584,0.3732828
0.11100288,0.354157
0.10837918,0.31409538
0.10575548,0.2616345
0.10313178,0.2042161
0.10050807,0.07707359
0.07079254,0.06308325
0.049288243,0.0599565
0.03485054,0.04551521
0.029731568,0.05384218
0.03680366,0.07340446
0.0537334,0.10874446
0.096915565,0.14931864
0.13954936,0.19047266
0.17643234,0.22530672
0.2045243,0.24918617
0.23398036,0.2816487
0.2576711,0.30789894
0.27074492,0.31301656
0.29629168,0.34186703
0.32073838,0.36001042
0.3507191,0.38151544
0.36439487,0.39212757
0.36092848,0.38785076
0.35034472,0.37223738
0.3336639,0.36423174
0.3117459,0.31296143
0.25216612,0.25132328
0.18678145,0.20307133
0.14307925,0.15887864
0.11446969,0.12928438
0.08977317,0.11323955
0.080020316,0.10645397
0.09613696,0.12329502
0.13599838,0.1785964
0.19426306,0.2781855
0.2657059,0.35335454
0.31635013,0.39322895
0.36809593,0.42097035
0.410541,0.45287097
0.45775706,0.49369818
0.49636948,0.522558
0.5318158,0.541747
0.5574307,0.55697775
0.5704738,0.5592991
0.5835313,0.5751298
0.5896554,0.5705965
0.5722272,0.55803263
0.52888817,0.54182863
0.49416372,0.5072856
0.46326753,0.44487533
0.39165395,0.36589828
0.32290748,0.2911524
0.2580492,0.23951326
0.2205893,0.20231816
0.18261707,0.1758999
0.17369248,0.16318016
0.19041021,0.17070873
0.22767347,0.21395344
0.29099804,0.2920582
0.35461017,0.3583435
0.39281815,0.4050166
0.42480755,0.4373631
0.44499037,0.4651264
0.47692552,0.49350235
0.50127095,0.50539744
0.5244294,0.52816224
0.5463513,0.5300388
0.5537819,0.53362495
0.5643211,0.5378297
0.56643724,0.5274604
0.53923243,0.5218812
0.5041879,0.49743158
0.47627938,0.46707326
0.4479699,0.41444924
0.3744654,0.35218662
0.29978576,0.2820175
0.24084923,0.23529376
0.20056972,0.20599416
0.17445153,0.18362585
0.1572531,0.1711807
0.15889205,0.18889403
0.19984165,0.24270946
0.2636858,0.33470064
0.31810465,0.41160467
0.35432127,0.4457044
0.37134197,0.4491573
0.4086248,0.44962436
0.42304403,0.45712984
0.43720734,0.45738953
0.44624066,0.4663835
0.44272265,0.45471406
0.4300535,0.44032088
0.4257002,0.43588138
0.43298867,0.43142223
0.4039685,0.43542576
0.37448147,0.42396015
0.36455593,0.39809486
0.34681395,0.35146052
0.27738926,0.30168638
0.22739841,0.24158336
0.17993455,0.18190123
0.14295842,0.15470481
0.1254768,0.13362294
0.116642065,0.12592699
0.13403735,0.14109656
0.16573785,0.17996567
0.24072224,0.2510381
0.2937915,0.31143728
0.33426282,0.33814365
0.35288203,0.35767448
0.37026897,0.35955328
0.3794438,0.37961444
0.3773292,0.37594926
0.37794852,0.38066086
0.36633393,0.37183988
0.36219198,0.3673133
0.35960963,0.37509716
0.359897,0.36669642
0.35118574,0.35428017
0.3414575,0.3427984
0.33390382,0.31587535
0.316873,0.27067456
0.2635891,0.22031754
0.21583349,0.16739716
0.16642463,0.17508455
0.1467513,0.14564797
0.12349886,0.12209192
0.123506546,0.10875107
0.1275703,0.109879196
0.1696619,0.12771615
0.23376286,0.16513775
0.29923695,0.20834844
0.33664894,0.24995019
0.3633882,0.28388476
0.38965955,0.30120772
0.3993933,0.33090156
0.40560505,0.33694875
0.40086657,0.34156874
0.39337575,0.34235534
0.3786955,0.3443741
0.3824374,0.3542651
0.3749604,0.36228296
0.3625022,0.3492357
0.34374192,0.33462805
0.33318233,0.30482292
0.31456023,0.26928458
0.27152988,0.22108065
0.21932076,0.17036746
0.17721511,0.17957783
0.14803016,0.14274275
0.1265999,0.117685035
0.116962604,0.1024441
0.11325344,0.0957001
0.13074824,0.1058603
0.15376934,0.12700732
0.19778241,0.16366932
0.24913427,0.22178224
0.2914638,0.26601687
0.32960474,0.30210912
0.35058376,0.33579177
0.37769893,0.3571099
0.4068538,0.37033167
0.4305707,0.38308442
0.45248452,0.39583614
0.47265896,0.41043556
0.470491,0.42729333
0.45290413,0.418457
0.43162853,0.3973711
0.40879878,0.36899674
0.38335904,0.33500066
0.32981917,0.28037322
0.27201894,0.2211763
0.21494547,0.22334026
0.1798012,0.1852873
0.15076673,0.15809241
0.13332993,0.13884449
0.1287815,0.13526212
0.12927605,0.14402127
0.1490713,0.17244633
0.19698885,0.21592082
0.26049072,0.27516824
0.31897554,0.33450973
0.37851292,0.3869403
0.42657128,0.43042642
0.46194273,0.46518216
0.4811848,0.49071404
0.4956359,0.49514735
0.4932355,0.5112756
0.49624622,0.52014947
0.5172338,0.5379427
0.51168007,0.51675475
0.48718742,0.49570745
0.45882258,0.4572871
0.4297064,0.41370663
0.36296332,0.35206416
0.30235842,0.28760743
0.24648295,0.24813665
0.21937634,0.21453455
0.19524291,0.1894108
0.18462797,0.17367
0.19762027,0.18060464
0.24247961,0.21232569
0.31593338,0.27475896
0.4001888,0.34981647
0.4526708,0.40708667
0.494999,0.46439472
0.5300284,0.5110701
0.56261843,0.56730276
0.60516614,0.6054914
0.62874484,0.6367993
0.63268113,0.64515114
0.6321394,0.65905386
0.6278091,0.66683674
0.62454045,0.6669904
0.61238366,0.6417176
0.57738304,0.61273104
0.5272044,0.5690031
0.4754107,0.5088365
0.4085681,0.4310356
0.34429356,0.3577617
0.28460065,0.27344975
0.24129434,0.23593476
0.21852897,0.20682734
0.19876644,0.1972986
0.21269949,0.20270795
0.25297415,0.2421633
0.32205197,0.31928504
0.39637968,0.3839604
0.44198313,0.42195314
0.4687914,0.45217162
0.49668938,0.46965152
0.5262797,0.48781973
0.5507752,0.49447903
0.5730594,0.51029634
0.5564377,0.5079055
0.54767936,0.50372463
0.537024,0.49831164
0.5303094,0.49141443
0.50437045,0.47808942
0.48235646,0.45770508
0.4565342,0.42905617
0.43139982,0.383995
0.36898747,0.3246699
0.31411734,0.25910607
0.26284873,0.24609838
0.21849887,0.2134009
0.21104516,0.18555696
0.19117981,0.1735016
0.20374613,0.18159515
0.24388985,0.21562058
0.30595225,0.27731627
0.37343898,0.34332874
0.4294201,0.39248815
0.44492227,0.4295454
0.4603574,0.4542349
0.4768921,0.4947217
0.48892763,0.5164808
0.5043964,0.5388735
0.5101909,0.5557109
0.50175124,0.56024724
0.5080089,0.5724036
0.50868005,0.5669644
0.4958846,0.5562082
0.4712586,0.5188568
0.45091036,0.48594072
0.42365238,0.4382349
0.35889077,0.37415177
0.2960065,0.30169776
0.2414255,0.23690902
0.20721956,0.20334983
0.18055981,0.17518686
0.17084892,0.16387416
0.17613465,0.17050046
0.21446432,0.20227292
0.2705942,0.2593037
0.33015928,0.3257924
0.38685092,0.3770386
0.42045203,0.41462126
0.47942898,0.43955445
0.5072986,0.47754347
0.54244024,0.5009985
0.5755512,0.5225796
0.6026297,0.5407967
0.59775984,0.5482821
0.6133376,0.5596573
0.6192035,0.5615238
0.5946373,0.54627764
0.5495251,0.5100955
0.49540326,0.4756633
0.45782846,0.4327291
0.38483432,0.3678222
0.30937648,0.2965588
0.24777302,0.24480893
0.2038006,0.20917362
0.17328998,0.18245319
0.16180152,0.16740401
0.17494652,0.1725407
0.19831035,0.19950166
0.2535614,0.24489008
0.31460923,0.30827186
0.3715454,0.36451668
0.40303743,0.41220382
0.45651928,0.4491545
0.50170857,0.4967339
0.544838,0.52753985
0.56966966,0.5580687
0.5858518,0.5723798
0.59062845,0.58938146
0.59184957,0.6005332
0.5966051,0.6059555
0.5741987,0.5847355
0.52874976,0.54505175
0.49630776,0.5081753
0.46152467,0.45891753
0.38921398,0.39242825
0.31623766,0.32188615
0.2529388,0.2547386
0.20499906,0.21519135
0.17451744,0.1872189
0.16058703,0.16480976
0.14702548,0.16066518
0.1600826,0.16939017
0.17829934,0.19357489
0.21756515,0.23704304
0.2796205,0.29772136
0.33178923,0.35458094
0.37091005,0.39907736
0.40607935,0.44096377
0.43065768,0.47403067
0.4435373,0.501351
0.44088092,0.5111586
0.45414412,0.52836335
0.45703995,0.53997827
0.45664757,0.5512984
0.44343513,0.53470755
0.4247403,0.5017121
0.40445226,0.46702835
0.38791996,0.42381015
0.34020805,0.3666821
0.2841419,0.30110022
0.23522605,0.2482204
0.19893539,0.21297935
0.16627523,0.18966809
0.155057,0.1680577
0.15160443,0.16883609
0.1562181,0.18003252
0.17030516,0.20960493
0.21911271,0.2647531
0.2710479,0.3320137
0.33419272,0.3968647
0.39066488,0.44763064
0.4287028,0.5047559
0.46939754,0.5482304
0.5033218,0.5845267
0.51915705,0.6028589
0.5329657,0.6279085
0.55329907,0.6456532
0.5604522,0.6593075
0.5437942,0.63907677
0.5134787,0.60385585
0.48416522,0.5637276
0.45722032,0.5128267
0.39639837,0.4428075
0.32616362,0.37351364
0.26289245,0.27215686
0.2236119,0.238626
0.19939478,0.21294972
0.176607,0.19972645
0.18449198,0.20956829
0.20895979,0.24814677
0.256606,0.3182084
0.32441768,0.3980039
0.3802459,0.46059793
0.42378289,0.51023376
0.4803851,0.5547542
0.5283057,0.6178568
0.5609254,0.65910363
0.59327316,0.6876064
0.6203308,0.71097624
0.64820373,0.71938425
0.65920734,0.72915643
0.6674849,0.7275267
0.6378645,0.70439136
0.5783161,0.66659987
0.5427083,0.6230761
0.50401783,0.56015086
0.4293795,0.4759974
0.36022457,0.39799264
0.30361816,0.29401267
0.2554025,0.2597703
0.22527108,0.2338953
0.1993036,0.22000258
0.19945651,0.22842377
0.194907,0.26802567
0.2180676,0.3343924
0.2544769,0.40567902
0.32349384,0.46131787
0.38745794,0.5079258
0.4480301,0.54652584
0.5027247,0.59937054
0.5339243,0.630932
0.558429,0.65935975
0.56960154,0.6748332
0.591504,0.68165046
0.61735255,0.68565345
0.6508805,0.679818
0.64174527,0.65916336
0.61763865,0.6215447
0.5578543,0.58400947
0.5152934,0.52302915
0.45873624,0.45114616
0.3858581,0.37546352
0.3195006,0.3235533
0.2746819,0.28755903
0.2501058,0.2581615
0.22868563,0.24146129
0.22972678,0.24876407
0.2637495,0.27892467
0.33453038,0.3384228
0.4364821,0.4197784
0.5230305,0.48828495
0.5908409,0.55523825
0.65512574,0.6111141
0.69916695,0.6874878
0.73970175,0.73538435
0.783489,0.7737028
0.7965118,0.79347265
0.8110633,0.8068494
0.8244882,0.8169961
0.8451884,0.8119925
0.8356618,0.77936023
0.78990525,0.73456657
0.7307365,0.68473566
0.6813714,0.61467487
0.5880123,0.5344411
0.48537952,0.45011175
0.3985795,0.42039177
0.3475482,0.37633872
0.30647293,0.34014535
0.2803543,0.3149699
0.27783832,0.3177588
0.30521756,0.34410036
0.3851177,0.41237816
0.46907458,0.49543533
0.55024856,0.5752916
0.62930745,0.64352477
0.7020092,0.7015329
0.7620005,0.7733509
0.7973172,0.81782424
0.8197959,0.86004215
0.8200437,0.8786628
0.8230002,0.887243
0.82332116,0.8876592
0.83039194,0.8748609
0.8118204,0.8392367
0.76503366,0.7842225
0.7177337,0.73241043
0.6592517,0.66237324
0.5637154,0.5776176
0.48373616,0.48771346
0.41149998,0.39890134
0.35303846,0.35748133
0.31545177,0.32048684
0.29715177,0.3012734
0.30036268,0.30228767
0.31637672,0.3305428
0.39603147,0.39426598
0.46652588,0.46380922
0.5337758,0.5276445
0.6009589,0.58057255
0.6831287,0.62202173
0.7441427,0.66491526
0.779539,0.6961735
0.795869,0.72826225
0.7858158,0.7368095
0.7577058,0.73847413
0.7283552,0.7336434
0.7045946,0.7259129
0.6737399,0.6929633
0.6243361,0.65173864
0.5799781,0.60815555
0.5530209,0.5542349
0.4791449,0.4815991
0.39763173,0.40280953
0.33198762,0.34634116
0.29016888,0.30840743
0.26107115,0.2702326
0.23413657,0.25194168
0.2251186,0.24784863
0.23096237,0.25346488
0.24820869,0.2823225
0.31690422,0.3274136
0.38999063,0.38656825
0.44880038,0.44142058
0.51922977,0.48299456
0.56500787,0.52325517
0.61111623,0.55360866
0.636683,0.57029915
0.6540442,0.5792131
0.66214883,0.5777854
0.6853857,0.5809522
0.70379114,0.5859425
0.6890966,0.5523518
0.6374545,0.52275866
0.59336215,0.4850716
0.5500161,0.4412621
0.47333038,0.3843557
0.40331554,0.31714216
0.34310126,0.34053007
0.2940615,0.30392015
0.25624022,0.2714286
0.2360842,0.2528726
0.22618502,0.24919343
0.22711214,0.2534318
0.23903452,0.27771646
0.28114894,0.31489494
0.34189755,0.36740658
0.38723406,0.424415
0.4319583,0.4660915
0.4674732,0.5109692
0.48418918,0.5406413
0.46913677,0.5503313
0.44424823,0.55593055
0.419227,0.55406344
0.41234648,0.56078714
0.40114823,0.5632546
0.3897729,0.5330304
0.37319776,0.5060161
0.3643415,0.47951344
0.3459044,0.4259686
0.2989061,0.3782079
0.2549765,0.3129721
0.21681663,0.23531382
0.19911861,0.20096965
0.18701148,0.17671806
0.1735077,0.15629901
0.19115521,0.15385854
0.21485385,0.1609424
0.30524877,0.17619283
0.37305912,0.22334434
0.42490906,0.28666824
0.43599615,0.33596864
0.47831488,0.3762694
0.5233746,0.4220711
0.55198395,0.45666888
0.59614927,0.48006868
0.61675256,0.50734544
0.64482826,0.5256931
0.6669104,0.54770166
0.6839232,0.5588692
0.6609245,0.5512421
0.6167119,0.513476
0.5620474,0.48352453
0.5167039,0.441308
0.43700257,0.3795832
0.3619848,0.31449327
0.28905326,0.29957846
0.24268086,0.25880098
0.1991988,0.23013484
0.19006176,0.20235625
0.19135755,0.19916588
0.22287548,0.2073355
0.29649356,0.2331344
0.3726639,0.2929705
0.42141518,0.37176788
0.4680198,0.43714666
0.5113114,0.49752396
0.55595255,0.5603132
0.60536146,0.6102129
0.6481354,0.6546098
0.67894083,0.67681503
0.7041526,0.70169806
0.73006445,0.7161751
0.7442394,0.7279674
0.7356305,0.7046456
0.69301516,0.6598252
0.63612515,0.6133246
0.5836502,0.56194955
0.49609926,0.4864351
0.40983292,0.4106678
0.3342459,0.33823842
0.29271102,0.29601958
0.26035097,0.27137828
0.24139298,0.24769719
0.24017498,0.2484052
0.2702741,0.2763787
0.33804777,0.3348532
0.41916725,0.40691605
0.49358633,0.4842476
0.5380144,0.54498005
0.6020809,0.60884774
0.66240346,0.6715459
0.70877016,0.72025615
0.7508231,0.7725557
0.7712889,0.79256946
0.78123575,0.81769127
0.78253216,0.82395715
0.7707557,0.82467794
0.7414125,0.7995667
0.7006609,0.7523311
0.6556695,0.7091918
0.6119089,0.64345455
0.52269244,0.553519
0.44843414,0.4760066
0.38705283,0.38243416
0.33878398,0.3375206
0.30001774,0.31177258
0.2797844,0.2858795
0.28386575,0.28843838
0.32050088,0.31396154
0.3873048,0.38171008
0.46408808,0.45926663
0.5247552,0.5429453
0.5677919,0.6107695
0.63056016,0.6778366
0.6929453,0.74728304
0.7515369,0.79964304
0.8034813,0.8537734
0.8274238,0.87468624
0.83178353,0.8959224
0.84613705,0.9030641
0.8621572,0.898491
0.8509203,0.8683915
0.8120432,0.818456
0.75833654,0.7658386
0.71344274,0.69466054
0.63115203,0.59797484
0.54529124,0.5173228
0.4760241,0.46510848
0.42190447,0.41809452
0.3798476,0.38370702
0.33910343,0.36302364
0.34231827,0.36288127
0.36852193,0.39417857
0.41157863,0.47336167
0.48388335,0.5494328
0.55210805,0.61731726
0.5911522,0.67620045
0.6436329,0.7218411
0.7043951,0.768762
0.7354912,0.7993579
0.7777159,0.8307635
0.8049122,0.8336585
0.808843,0.83051485
0.7973069,0.81804204
0.7724511,0.8033196
0.74206966,0.7638173
0.685148,0.7257868
0.6308135,0.68126565
0.5827404,0.61678493
0.5009425,0.53711843
0.42376575,0.45829502
0.3530934,0.36600518
0.29795676,0.32411495
0.26804724,0.28941518
0.2464177,0.26843512
0.22637023,0.2643519
0.23555054,0.27471316
0.25572568,0.3159766
0.3083665,0.37301442
0.38263425,0.43768036
0.4583878,0.50105417
0.5259301,0.54884034
0.59347796,0.5968254
0.6442476,0.6365528
0.68789244,0.66550046
0.7039186,0.68132937
0.72045904,0.688966
0.7446182,0.69261545
0.7357015,0.69563967
0.7234223,0.6625178
0.6723205,0.6221105
0.63114196,0.57862324
0.5847895,0.52897084
0.5234983,0.45851496
0.44857806,0.38602266
0.3773404,0.3638458
0.32725772,0.3281613
0.302376,0.2952481
0.26903522,0.27355087
0.25738636,0.27414498
0.264152,0.2870898
0.26495916,0.31756297
0.30144513,0.36975542
0.35237145,0.42501292
0.3912607,0.48321766
0.43777153,0.5178966
0.46763337,0.5712332
0.5079715,0.60412794
0.5190342,0.61732626
0.52562606,0.62758386
0.5522386,0.62568563
0.5869041,0.6382026
0.61892474,0.63290995
0.63061666,0.6041633
0.60916114,0.56726766
0.56826645,0.5311504
0.53341985,0.47863075
0.44896582,0.4258293
0.39273313,0.3558407
0.33084166,0.3486599
0.28979364,0.31532872
0.26489413,0.2879722
0.24871993,0.26731408
0.2607827,0.27396715
0.2932137,0.30028093
0.3620217,0.34545276
0.42972574,0.4182509
0.505532,0.4892717
0.5431336,0.54846716
0.6028964,0.6013337
0.6547839,0.67374176
0.7020819,0.7228654
0.7458443,0.7599469
0.77169377,0.7844665
0.7809288,0.79740983
0.78545064,0.8118962
0.7975984,0.80980897
0.7725649,0.78269786
0.7208872,0.73223764
0.6571224,0.6889383
0.6043374,0.6254927
0.5147701,0.5468642
0.4360179,0.46773824
0.36996138,0.3848175
0.31988597,0.3432352
0.29284197,0.31208742
0.26381212,0.28987116
0.26140332,0.29147068
0.29948345,0.31882375
0.37285152,0.374136
0.45297444,0.44635156
0.50880396,0.5205947
0.5511089,0.57446957
0.59558356,0.625871
0.6305863,0.68221205
0.6670791,0.7227082
0.7096312,0.76368976
0.7342789,0.78109866
0.7366833,0.79052436
0.7543943,0.79016596
0.7608633,0.78951085
0.7362586,0.7617934
0.691144,0.7159221
0.6392787,0.67152923
0.58530056,0.6132191
0.50223655,0.53223324
0.41231704,0.452737
0.35800496,0.3424693
0.31209788,0.30305302
0.28085345,0.27338654
0.26771855,0.25492954
0.26671213,0.25786847
0.30903286,0.2934767
0.3738039,0.35725778
0.43229136,0.42825097
0.47888127,0.48515356
0.5006874,0.5261202
0.53373116,0.5592055
0.5730871,0.5927678
0.6074495,0.61873996
0.6443045,0.6508799
0.6670681,0.6592199
0.6830398,0.66581446
0.70421034,0.66842216
0.7188517,0.6602023
0.6949142,0.6381579
0.65657884,0.60244834
0.6200423,0.56994957
0.5701618,0.5160803
0.4942061,0.44736913
0.42542404,0.37457433
0.3603977,0.3596906
0.3178544,0.32169744
0.27259523,0.29203206
0.26239395,0.2714628
0.2681661,0.27673241
0.29140514,0.30160564
0.35639852,0.36364445
0.43204376,0.43289632
0.49631566,0.49479493
0.54565775,0.54573286
0.6044626,0.5882079
0.6617868,0.6336898
0.69233453,0.6677403
0.7227815,0.7012693
0.73046297,0.7089152
0.73272216,0.7153391
0.74404955,0.7177602
0.7494614,0.7092366
0.7227415,0.67457765
0.6924222,0.6376061
0.6522583,0.59704995
0.60444003,0.5381021
0.52585894,0.4650455
0.45497325,0.39166656
