true,forecasted
0.40911385,0.42322308
0.3850977,0.39358824
0.3668459,0.37709498
0.35704547,0.36565462
0.3535988,0.3616376
0.3593081,0.3679557
0.37649393,0.38633612
0.40842345,0.4248916
0.44228637,0.45098293
0.46459925,0.4740423
0.4801299,0.4936293
0.49601716,0.50960034
0.50975657,0.531313
0.5201771,0.54278165
0.5348324,0.5623682
0.54532164,0.5677884
0.5522609,0.5734862
0.55234385,0.5776416
0.54080564,0.5680563
0.5127396,0.5553458
0.48966968,0.5389037
0.47315273,0.5261463
0.4586574,0.50783443
0.42563772,0.48208463
0.39520904,0.41307855
0.372891,0.3894559
0.35789365,0.3726948
0.34672803,0.35831872
0.3419689,0.35872924
0.3467169,0.36744162
0.36239624,0.38704845
0.39131618,0.423094
0.4196585,0.45295668
0.44069326,0.4728328
0.4554563,0.4891844
0.46950457,0.50736755
0.4788063,0.5284662
0.4882867,0.54457134
0.500037,0.5592572
0.5082823,0.5678724
0.5158561,0.5775238
0.5207386,0.5835999
0.51750886,0.5779483
0.5021314,0.5591844
0.48492163,0.54592496
0.4733799,0.53467286
0.4580533,0.5135784
0.42856023,0.4869402
0.3942662,0.40465558
0.3719774,0.37817007
0.35526544,0.36357448
0.34335005,0.3523432
0.3394126,0.3496862
0.34292194,0.3564591
0.3555352,0.37514743
0.3842669,0.41397437
0.41339332,0.44080663
0.43768096,0.45826995
0.45614874,0.47646853
0.4750822,0.4908769
0.48714703,0.50904506
0.5006037,0.5191902
0.517216,0.53227776
0.532855,0.54056656
0.54795855,0.54727507
0.56177425,0.5543459
0.566718,0.5462727
0.5570549,0.5296558
0.5357415,0.5149238
0.5094418,0.50132704
0.4926984,0.48453993
0.45639575,0.45836383
0.4225621,0.43022132
0.3924191,0.40056348
0.37101954,0.3809
0.35436413,0.36543232
0.3470188,0.36126125
0.34221914,0.3669428
0.3430235,0.37970963
0.35229015,0.4115086
0.37230334,0.44055384
0.39947683,0.46365064
0.4285015,0.4860618
0.45894584,0.5118762
0.48239803,0.5339834
0.5063568,0.5494173
0.5283483,0.56370693
0.55380803,0.57446617
0.57587624,0.5843483
0.5880079,0.5895681
0.5773733,0.58408064
0.5550403,0.56632763
0.5346379,0.5480103
0.5209826,0.5300382
0.50584143,0.5122939
0.4777155,0.48623824
0.4430818,0.47128814
0.41171265,0.4373995
0.38372007,0.41447505
0.36457974,0.39754748
0.35329214,0.38908207
0.34689438,0.39237258
0.34432453,0.39390287
0.34257755,0.4151694
0.35086328,0.43704152
0.3611978,0.46383417
0.37331173,0.49454445
0.38032907,0.51529175
0.38358626,0.5424164
0.38122135,0.5550872
0.38116255,0.5671611
0.3784262,0.5717282
0.3777128,0.5803143
0.37752637,0.57901484
0.3834081,0.58823955
0.38280421,0.57460296
0.37872553,0.56042945
0.38157374,0.55057484
0.37621844,0.5361273
0.36098194,0.5170158
0.342729,0.37247258
0.32786974,0.35452878
0.3203561,0.34199706
0.31378168,0.33314222
0.3144641,0.3331707
0.32349518,0.33855036
0.34380263,0.35628504
0.37318647,0.38637057
0.39956605,0.407784
0.41474068,0.4155925
0.42549264,0.42773402
0.43437216,0.43512893
0.43876883,0.44375226
0.44240764,0.44660002
0.44805112,0.45006147
0.44883204,0.4526803
0.4497631,0.45902136
0.45163986,0.46739796
0.4498684,0.46262413
0.44320327,0.4575351
0.4410119,0.4583467
0.44331893,0.44632435
0.4318221,0.43555698
0.40703854,0.41680753
0.3806148,0.39381674
0.36175296,0.3688806
0.34795794,0.35384244
0.34020352,0.34415847
0.3382728,0.34425175
0.34492058,0.35238066
0.36384073,0.37798735
0.3898601,0.4183741
0.4156331,0.44963044
0.4290896,0.4640559
0.44073698,0.47723845
0.45546296,0.48795667
0.46541822,0.5012261
0.46815118,0.50666994
0.4683207,0.512329
0.46624708,0.5106326
0.46360505,0.5113971
0.4610228,0.51130944
0.46059066,0.5101034
0.4561328,0.49912134
0.45177588,0.49013343
0.4504647,0.4812439
0.43821707,0.46579117
0.41432297,0.44231474
0.38864604,0.39093184
0.37032974,0.36907727
0.35683566,0.35636953
0.34786728,0.34284818
0.34303686,0.34392565
0.34914923,0.3529698
0.36725968,0.37987956
0.3974042,0.4204897
0.42563748,0.45162868
0.44236276,0.46509206
0.45422465,0.47214898
0.4647796,0.48212665
0.47463977,0.48883227
0.48836273,0.49391413
0.5068541,0.49731904
0.52112573,0.5000182
0.52928793,0.4967923
0.536289,0.50077814
0.53696823,0.49376628
0.5259474,0.48871687
0.5113992,0.48053557
0.50273675,0.46787152
0.4868409,0.45367453
0.45504022,0.42937845
0.42009687,0.42535454
0.39369118,0.39802247
0.37542087,0.3793877
0.36285487,0.3654513
0.3583031,0.36078095
0.36269477,0.368205
0.38087615,0.3903962
0.4121276,0.4274181
0.44424137,0.46767837
0.46799546,0.48745227
0.48987353,0.5111614
0.5180025,0.5365993
0.5362581,0.55535954
0.5439135,0.5714926
0.5531423,0.5756698
0.5517216,0.5802961
0.54488677,0.5835971
0.5295307,0.57877445
0.50670767,0.57458735
0.47951403,0.55567884
0.46011013,0.54537225
0.45428428,0.52931875
0.4422483,0.51091945
0.41472808,0.4821357
0.41431892,0.40143967
0.41390976,0.3818643
0.4135006,0.3661557
0.41309145,0.35330838
0.41268232,0.35365173
0.41227317,0.3599767
0.411864,0.3754614
0.41145486,0.41063103
0.4110457,0.42892355
0.41063657,0.44193035
0.41022742,0.45222923
0.40981826,0.45719433
0.4094091,0.4668962
0.40899995,0.4680999
0.4085908,0.47299227
0.40818167,0.47353095
0.4077725,0.4717035
0.40736336,0.47916576
0.4069542,0.47472575
0.40654504,0.47252622
0.40613592,0.46616668
0.40572676,0.45648253
0.4053176,0.44738886
0.40490845,0.4245916
0.4044993,0.37755445
0.40409014,0.3584984
0.403681,0.34622812
0.40327185,0.33451602
0.4028627,0.33316025
0.40245354,0.3367752
0.4020444,0.34748843
0.40163526,0.3757761
0.4012261,0.39354748
0.40081695,0.40762174
0.4004078,0.41881612
0.39999864,0.4302715
0.39958948,0.4431888
0.39918035,0.44840842
0.3987712,0.45637152
0.39836204,0.46260953
0.39795288,0.46727192
0.39754373,0.47418207
0.3971346,0.46510592
0.39672545,0.46081486
0.3963163,0.45635304
0.39590713,0.44384623
0.39549798,0.4333935
0.39508882,0.4126284
0.3946797,0.37554485
0.37008524,0.35412562
0.3517769,0.3383633
0.3388002,0.3269661
0.3329881,0.3220775
0.32687202,0.3224734
0.31901595,0.3245104
0.32233277,0.33525285
0.33603024,0.34933698
0.35900095,0.3663417
0.38610622,0.38609496
0.41506478,0.40181231
0.44472784,0.42035362
0.47311315,0.43135512
0.49960127,0.44162235
0.5232251,0.45100695
0.5422123,0.45428756
0.55711335,0.46095696
0.5546625,0.4548663
0.53834647,0.4523911
0.5164052,0.4441847
0.50424635,0.44283295
0.4920854,0.4322783
0.46472874,0.41102928
0.4289095,0.44567156
0.40173137,0.4121458
0.37895858,0.39108726
0.36484656,0.376551
0.35599902,0.36927116
0.36116165,0.37553656
0.37691098,0.38630974
0.407086,0.42062992
0.4438757,0.4575882
0.47774452,0.48035514
0.51159084,0.5086916
0.550333,0.5353207
0.5842994,0.56202525
0.61363864,0.5795646
0.6341084,0.5966247
0.652589,0.60814893
0.6653425,0.61964524
0.67553025,0.62309647
0.67520785,0.61525613
0.6535904,0.5874133
0.61938375,0.5743538
0.58448786,0.55090845
0.5565144,0.53418493
0.51560056,0.5073467
0.46908817,0.48440933
0.43291545,0.44827902
0.4072139,0.42431042
0.3903869,0.40355247
0.38017586,0.3942644
0.38361526,0.40550205
0.3977388,0.41601685
0.43138996,0.45734224
0.46888018,0.49400496
0.502254,0.52396995
0.53387916,0.55193985
0.5664812,0.58125126
0.59550583,0.60954773
0.61767995,0.63097334
0.63759094,0.6474704
0.653613,0.6570546
0.67012435,0.6681708
0.6832694,0.66944456
0.6830842,0.6599129
0.6586275,0.632445
0.62242967,0.6105702
0.5891003,0.58559984
0.5637475,0.5680071
0.52529395,0.53175586
0.47948137,0.479981
0.44362098,0.44578838
0.41679418,0.41985545
0.40053537,0.40136558
0.3901839,0.3965019
0.3927987,0.4016983
0.40860572,0.41429093
0.44855055,0.44899163
0.4911564,0.48598737
0.53203475,0.5152107
0.56975365,0.5422691
0.605517,0.5707185
0.64001155,0.59676534
0.66955805,0.6136028
0.69933844,0.63201946
0.72289723,0.6429473
0.7429868,0.65123314
0.7532762,0.6536323
0.7497546,0.6426184
0.72653556,0.6166525
0.68665123,0.59480226
0.6471924,0.57054025
0.6126002,0.5500373
0.56360406,0.5158084
0.5132515,0.51343775
0.47494322,0.47447443
0.4447437,0.44698027
0.42332688,0.42414638
0.40880615,0.41826075
0.40982085,0.42538008
0.42356315,0.44284236
0.46077177,0.4823297
0.50355995,0.5294455
0.54163545,0.5657163
0.577343,0.5933529
0.61267424,0.6290565
0.6460903,0.6561156
0.67607355,0.68065536
0.7021739,0.6990343
0.71589893,0.70957303
0.7254659,0.7161157
0.7258314,0.7204139
0.7120502,0.7063766
0.67602366,0.6831988
0.6359456,0.6528144
0.6024878,0.62857074
0.57664114,0.60403794
0.5335403,0.56516534
0.48854876,0.47930777
0.45329735,0.4465289
0.42597765,0.42142788
0.4071259,0.40538114
0.3981961,0.39540723
0.399811,0.400012
0.41191158,0.41430688
0.44288564,0.44258982
0.48050717,0.4800796
0.5186112,0.5027757
0.5528434,0.5278828
0.5935026,0.5584737
0.6277091,0.57922846
0.65638524,0.5968304
0.68402463,0.6074089
0.6990186,0.61941737
0.7108851,0.6261014
0.72139484,0.6284916
0.7164002,0.61594206
0.69511276,0.5974417
0.6587951,0.57923627
0.61780673,0.55315715
0.58965325,0.5345164
0.5463133,0.50185126
0.5016677,0.5054522
0.46111333,0.46785086
0.43450877,0.44267908
0.41101262,0.42036352
0.3988549,0.40885508
0.39160523,0.4082108
0.3864798,0.4060882
0.40377578,0.4195233
0.43723753,0.44406265
0.47910225,0.4726817
0.5227084,0.5071965
0.5671285,0.5419175
0.60961694,0.57345116
0.64565325,0.5964276
0.6709529,0.6149744
0.69506204,0.6307006
0.7159393,0.6461256
0.72766376,0.65007395
0.72475183,0.6385721
0.70056933,0.6193886
0.6711156,0.5916437
0.6424329,0.57040316
0.6192207,0.5522405
0.5866985,0.5212539
0.550594,0.5558238
0.5184,0.5132827
0.47823662,0.47999534
0.44621667,0.4549796
0.4232582,0.43919265
0.4128364,0.43876
0.40833044,0.43483022
0.41296902,0.44404575
0.43981308,0.4738031
0.48421425,0.5095716
0.53718287,0.5537007
0.58986384,0.59829485
0.6228159,0.6331325
0.6329325,0.66134137
0.63429844,0.6815043
0.6207188,0.69703525
0.6063016,0.7151669
0.57803,0.7098236
0.5593703,0.7035634
0.5431959,0.6852069
0.52563655,0.65404993
0.51161045,0.6318766
0.5021346,0.61176413
0.47940472,0.5767019
0.4502583,0.46700138
0.42570388,0.43423527
0.41074422,0.41236797
0.39923742,0.3959569
0.39552325,0.3889665
0.40459314,0.38785478
0.42680436,0.39800397
0.46566132,0.42518517
0.50064856,0.4501987
0.5289541,0.48194593
0.5440782,0.5106115
0.5560886,0.5370491
0.55550903,0.568358
0.5627086,0.5825921
0.5683605,0.6044386
0.5651436,0.6129925
0.5571557,0.6203176
0.55139756,0.6305896
0.5477558,0.62032545
0.5394764,0.6059406
0.5332031,0.5846343
0.5292334,0.5671944
0.5189203,0.5483828
0.4895587,0.51986307
0.45368296,0.45217395
0.42696717,0.4223304
0.40509015,0.40241125
0.388939,0.3854441
0.38168335,0.38275746
0.38558185,0.38563368
0.40168166,0.4077624
0.43106106,0.44525307
0.4599907,0.47301227
0.47609574,0.49936724
0.48829785,0.5255102
0.5038392,0.5495955
0.52112955,0.5723293
0.5410717,0.5850483
0.5633938,0.5990074
0.58028644,0.60734856
0.5921558,0.6128216
0.59861606,0.62092227
0.5943696,0.61267596
0.5733937,0.60142744
0.54744434,0.58061385
0.52787006,0.56333333
0.50695604,0.5369603
0.47269568,0.5080236
0.4345564,0.44099224
0.40570447,0.41310483
0.38113126,0.39458555
0.36679447,0.37310869
0.35982943,0.3735736
0.36465952,0.3828347
0.3817885,0.40590507
0.41663048,0.44287023
0.4500944,0.47725725
0.47725713,0.50263244
0.4940573,0.52138364
0.5082703,0.5468218
0.53211814,0.5660817
0.5622824,0.58665377
0.5963777,0.6006029
0.62121665,0.6128337
0.64082813,0.62021744
0.6549724,0.62534285
0.6515037,0.61444044
0.63618267,0.5997112
0.6123592,0.5772554
0.59152484,0.56357807
0.56745094,0.53879005
0.53212047,0.50511676
0.4904692,0.48968554
0.45536485,0.45633322
0.4333663,0.4303864
0.41708013,0.40485936
0.40976882,0.39922887
0.41444492,0.40843943
0.4338125,0.42811152
0.4689478,0.4611274
0.51188743,0.50362486
0.5545376,0.5401569
0.60378087,0.56928325
0.6601593,0.61079264
0.7088611,0.64283943
0.7514375,0.6750776
0.7659886,0.695007
0.7424238,0.71216905
0.7130581,0.7203499
0.6865304,0.7230238
0.67938757,0.7118745
0.67675024,0.69091487
0.66618156,0.6605156
0.6472165,0.6399997
0.62927336,0.6136262
0.5912388,0.57609516
0.54355323,0.5201522
0.50587523,0.48136425
0.47741917,0.4493554
0.45727432,0.43196347
0.44504133,0.41928884
0.4455079,0.4249778
0.46120852,0.44215083
0.49500325,0.47508428
0.5417581,0.5163645
0.59687674,0.5512783
0.6507805,0.5828406
0.69654006,0.61612517
0.7369728,0.64817005
0.76940036,0.6713707
0.78206384,0.6972042
0.76761854,0.708303
0.75746685,0.71706104
0.73963875,0.71759725
0.7244165,0.7032947
0.7153905,0.6801356
0.6976496,0.6515306
0.67441314,0.6256049
0.64976025,0.6024195
0.6073631,0.56206757
0.5584902,0.53485906
0.517193,0.50303173
0.4847578,0.46894
0.46026918,0.44728592
0.4454234,0.4315934
0.43772832,0.43274465
0.43626752,0.44579306
0.44218224,0.4663413
0.45834595,0.49189585
0.48380163,0.52586144
0.50409734,0.5596489
0.531347,0.5890871
0.5630162,0.61827755
0.59102786,0.6336363
0.6119706,0.6524346
0.6271638,0.6638521
0.6362603,0.6685443
0.63663197,0.67390966
0.6197774,0.6646294
0.6036053,0.64420176
0.5833508,0.6208931
0.57208836,0.60023814
0.55753803,0.5785363
0.53264713,0.545624
0.50091493,0.48807353
0.47330645,0.45698878
0.4479715,0.43112573
0.42847124,0.41088364
0.4197213,0.40275657
0.41252768,0.3992543
0.41041875,0.4042655
0.41137117,0.42071456
0.42195952,0.4450721
0.43674216,0.47546625
0.45079857,0.51184094
0.46127558,0.54173106
0.46332768,0.57196575
0.4647511,0.58842
0.4670743,0.60211545
0.46403342,0.61036813
0.4652938,0.62078214
0.4678113,0.62956357
0.47843122,0.6236742
0.48130122,0.60917795
0.47324884,0.59088707
0.46637154,0.5735768
0.45777497,0.55765134
0.4359829,0.5280779
0.40647823,0.43078345
0.38280612,0.4015442
0.36640796,0.3837072
0.35370737,0.36616024
0.34902316,0.36287814
0.3533928,0.3616077
0.36446643,0.37353128
0.385375,0.39634803
0.41822687,0.42189616
0.45304915,0.44862217
0.48880786,0.47680283
0.52795935,0.5044814
0.56286436,0.53376466
0.5979603,0.5503833
0.6300415,0.5675889
0.64965236,0.58234614
0.6694249,0.5942761
0.68727344,0.60627735
0.6896143,0.5941339
0.66837865,0.57783437
0.6359516,0.55612516
0.59748447,0.5404
0.56801665,0.5210468
0.5311871,0.4924702
0.49147105,0.51067984
0.45640838,0.4713357
0.426654,0.44437754
0.40580174,0.42341036
0.39302132,0.41493106
0.38698024,0.4174951
0.3849653,0.4344009
0.39550525,0.46878365
0.4263623,0.5109434
0.4715103,0.5450681
0.52895766,0.5810726
0.58839506,0.61778915
0.6392169,0.6562817
0.6763482,0.6802698
0.7035437,0.7061961
0.7240686,0.72554547
0.73427695,0.73677206
0.7354137,0.74186575
0.721223,0.73440737
0.7089376,0.7053971
0.6884972,0.6726911
0.65881014,0.64806646
0.6312841,0.618233
0.6010663,0.58280873
0.5656922,0.5723734
0.52840525,0.5303602
0.49403626,0.4955742
0.46956635,0.46502337
0.45659927,0.44965732
0.4595769,0.45808026
0.47899154,0.46419838
0.5243404,0.502929
0.5893981,0.5413614
0.6480143,0.5870654
0.70445466,0.63321614
0.75830925,0.6819597
0.8018505,0.72462237
0.8327281,0.75884914
0.85344505,0.7878198
0.843227,0.7987755
0.8176631,0.8127465
0.79974383,0.8129978
0.7690685,0.8026143
0.72516805,0.7721226
0.6793605,0.7353879
0.6478801,0.70699507
0.62173116,0.68242776
0.5823464,0.6378206
0.5396574,0.5343286
0.50595605,0.5008287
0.48098865,0.4683525
0.46202445,0.45260513
0.45237505,0.4401968
0.45204997,0.44270298
0.4657692,0.4661499
0.49718478,0.5018388
0.5261214,0.5358689
0.55473113,0.5698185
0.5821482,0.60289884
0.6120038,0.635879
0.6403791,0.6651011
0.6654431,0.683707
0.6838785,0.7069499
0.6934278,0.7130258
0.6973848,0.7206835
0.69091696,0.72763544
0.67703635,0.7124987
0.6553932,0.694204
0.6240626,0.6692735
0.59114015,0.64476544
0.5651544,0.61506575
0.52327013,0.5765639
0.482059,0.48553032
0.44525766,0.45429158
0.42049238,0.42769668
0.4027683,0.41152358
0.39394915,0.40577972
0.39877614,0.40762854
0.4127358,0.42621997
0.44121626,0.4609309
0.47525796,0.49072748
0.50710785,0.5205167
0.53232306,0.5497178
0.55900156,0.57146263
0.5862541,0.5950379
0.6108859,0.608467
0.63492346,0.6254526
0.65235776,0.63240623
0.6686126,0.63491505
0.67713463,0.6418599
0.6648301,0.62747675
0.62507975,0.608744
0.5933973,0.5868437
0.5731559,0.56917083
0.55190974,0.542794
0.5212364,0.5090762
0.48336858,0.48076272
0.45407373,0.4483454
0.43110397,0.42655504
0.41579607,0.40765804
0.4052778,0.40064096
0.40033674,0.39891174
0.39662763,0.4093542
0.40439114,0.42971596
0.415993,0.456393
0.43181348,0.48557216
0.44486713,0.5122386
0.45326424,0.53703773
0.46276826,0.5639425
0.4680143,0.57866776
0.4760693,0.59600765
0.4840118,0.6049422
0.48986498,0.61486715
0.5040409,0.6261995
0.51599026,0.6202956
0.5185595,0.60693145
0.5043738,0.5888526
0.4889738,0.5732167
0.47621188,0.55617446
0.45130786,0.52678066
0.4206316,0.4296408
0.39714906,0.40291703
0.378345,0.3845792
0.36435372,0.36967522
0.35164818,0.36160845
0.35071474,0.35818622
0.34400135,0.3518885
0.34453475,0.3586473
0.36312997,0.37566513
0.3889067,0.4010902
0.42172316,0.42618802
0.45596668,0.457169
0.49223122,0.48006633
0.52015823,0.49546903
0.54519624,0.50870293
0.5674648,0.5237073
0.5879392,0.54014724
0.6044179,0.5507374
0.6132646,0.5429345
0.60663784,0.5372969
0.5881554,0.5192607
0.56124634,0.5040533
0.5432976,0.49254826
0.50881433,0.47083008
0.46776304,0.48770502
0.433749,0.45166668
0.40900585,0.42712674
0.3920141,0.4095735
0.38436332,0.39813834
0.38964462,0.4009927
0.40835792,0.40132326
0.4437904,0.4238755
0.48840567,0.45342076
0.52561384,0.48626053
0.56556284,0.5227797
0.60242164,0.559355
0.6376248,0.5962605
0.6656287,0.6197127
0.69717234,0.6457369
0.7242392,0.6650652
0.74628484,0.68277067
0.7597306,0.6914479
0.76348996,0.68917996
0.7482615,0.663925
0.7183858,0.6357193
0.67998964,0.6147288
0.64990497,0.5939687
0.6022894,0.5645607
0.55107665,0.53204376
0.5071918,0.49851376
0.47392604,0.458254
0.45141274,0.43930435
0.43784818,0.42405772
0.4384084,0.43109784
0.45468262,0.44675374
0.4896784,0.46904635
0.53765935,0.51256734
0.58279324,0.54217774
0.628828,0.5848819
0.67352784,0.62684107
0.7132328,0.65397555
0.73584527,0.68463737
0.7321095,0.7023125
0.70700765,0.7114179
0.6875591,0.7208011
0.667085,0.71371233
0.6470799,0.70941377
0.62582076,0.68693256
0.59611034,0.661815
0.5763602,0.64046484
0.5551869,0.62154275
0.5251586,0.5829879
0.48590386,0.47426963
0.45282134,0.4458657
0.4283342,0.42028645
0.41297576,0.39862433
0.40444914,0.39655924
0.40713742,0.4055085
0.42636254,0.42974672
0.4543057,0.46531633
0.48016787,0.50148565
0.5017034,0.5320302
0.5142796,0.5534103
0.52614397,0.57798755
0.5413116,0.5998086
0.5527294,0.6168576
0.55247283,0.6313458
0.54709226,0.63838434
0.55036414,0.6469574
0.5520997,0.65227437
0.5669045,0.64509517
0.5660354,0.62960756
0.56249464,0.6084307
0.54710996,0.594155
0.520951,0.56822926
0.4822243,0.53508794
0.44714886,0.4499925
0.41983062,0.42194504
0.40183654,0.402939
0.38939568,0.38702115
0.38442075,0.38516635
0.39075005,0.38699725
0.41169527,0.40965638
0.44188464,0.44946277
0.47028962,0.47709543
0.48936647,0.50129133
0.5018252,0.52066094
0.51526135,0.53646445
0.5263761,0.55914897
0.54192233,0.56860954
0.56718826,0.58236915
0.58921045,0.5883303
0.605191,0.59039545
0.6159386,0.60382104
0.6235636,0.5951763
0.6121025,0.5829231
0.5861811,0.562244
0.57387835,0.5489445
0.56020564,0.5246491
0.52749,0.49588758
0.4910028,0.46821457
0.45708543,0.43742025
0.43636265,0.41722974
0.41987953,0.3901444
0.41214368,0.38789082
0.4159337,0.3967608
0.43308693,0.4182059
0.4649057,0.45221013
0.50065494,0.48819155
0.5349068,0.52296096
0.5663641,0.5396014
0.60261613,0.56530976
0.65443057,0.5860782
0.7055287,0.6074963
0.7456349,0.61560243
0.7760892,0.6346722
0.80289733,0.6355655
0.8191813,0.64654577
0.8016121,0.6370738
0.765785,0.6244552
0.73831004,0.59232736
0.71944296,0.5753127
0.6711616,0.55399597
0.5903327,0.5197845
0.54510117,0.57849574
0.50387096,0.5364592
0.47867358,0.5020968
0.45461938,0.47872153
0.443613,0.46163136
0.43773124,0.46313056
0.44000927,0.4720359
0.44488698,0.5013461
0.45977715,0.5407786
0.5021944,0.57529265
0.5515426,0.6075793
0.5934576,0.6452909
0.633705,0.68164355
0.66172254,0.7067569
0.6805699,0.73104674
0.688827,0.7435614
0.6966206,0.7538578
0.70221776,0.7589578
0.69046474,0.7518253
0.6697463,0.7277113
0.63844734,0.69689286
0.61261994,0.6657466
0.5889528,0.65056604
0.5507117,0.60579246
0.50946903,0.5277442
0.47319114,0.49321705
0.44227937,0.46364856
0.42310935,0.43985477
0.40525946,0.4277017
0.3954076,0.42937386
0.38958883,0.43254206
0.38729498,0.4501638
0.39728025,0.47898996
0.42193815,0.50902385
0.45036635,0.54179996
0.48656315,0.5767724
0.51979816,0.6066653
0.55038273,0.6286244
0.57441366,0.644454
0.588383,0.658852
0.6008065,0.6680266
0.6159982,0.67360616
0.62261087,0.66858053
0.6128463,0.64955366
0.5875908,0.625646
0.56916404,0.6018901
0.5524433,0.58147854
0.521747,0.5493809
0.48072955,0.4726437
0.45071942,0.4444923
0.426773,0.4191356
0.4095079,0.4007479
0.4007828,0.39641833
0.40858138,0.39770603
0.42617953,0.41659757
0.45753694,0.44578078
0.4940272,0.47720772
0.52255356,0.50692844
0.54969585,0.5378829
0.57807577,0.56466484
0.59976184,0.593222
0.6185323,0.6103617
0.63757455,0.6320086
0.6534256,0.64217365
0.6661582,0.6527034
0.67341936,0.66275847
0.66942906,0.64921033
0.6469734,0.6307397
0.61700714,0.61140776
0.58893836,0.5946587
0.56326824,0.5683475
0.5228757,0.5387313
0.47827592,0.47257677
0.44256568,0.4421985
0.4173171,0.4181166
0.3974824,0.39948732
0.38820505,0.39726716
0.39236662,0.40049484
0.4084976,0.42297104
0.43816212,0.46459043
0.4742724,0.5024897
0.50309914,0.5348754
0.5278202,0.56269664
0.55395377,0.5864068
0.5784202,0.610329
0.600745,0.6271444
0.62333196,0.64904875
0.6396367,0.65488803
0.6522772,0.6612053
0.66499084,0.66484547
0.6655216,0.64723444
0.649765,0.6309505
0.6205628,0.608953
0.5892604,0.58928174
0.5607255,0.5639339
0.52018833,0.5275218
0.47672364,0.47878593
0.4414969,0.44167295
0.41724557,0.41991398
0.40002492,0.40068823
0.39027548,0.3955831
0.39349717,0.40088943
0.40950254,0.41668916
0.43813685,0.45299467
0.47898886,0.48786294
0.5143556,0.51823545
0.54292566,0.54440117
0.5740714,0.57539785
0.6046517,0.60031736
0.63379395,0.6200997
0.6690882,0.63739264
0.69243926,0.6472385
0.7125065,0.6568037
0.7282146,0.6598744
0.73092854,0.6496191
0.70370835,0.6320088
0.6703561,0.60119027
0.64800817,0.5827566
0.623967,0.55758816
0.5767885,0.5236164
0.52690613,0.5376004
0.48704132,0.49572194
0.4573559,0.46529964
0.4374261,0.444191
0.42845792,0.43502906
0.43287987,0.43887988
0.45369813,0.45756984
0.4916425,0.49585924
0.5406941,0.5420669
0.5974483,0.5794274
0.65043527,0.6140152
0.69943285,0.65366316
0.735049,0.6890816
0.7604009,0.71512944
0.7744452,0.73929864
0.77995956,0.75349694
0.7803718,0.75935197
0.7761253,0.76540697
0.7612542,0.7557933
0.72802395,0.7305335
0.6881486,0.69521904
0.6521101,0.6689318
0.62157184,0.64134103
0.57620275,0.5989738
