true,forecasted
0.40911385,0.4260884
0.3850977,0.39624467
0.3668459,0.3784462
0.35704547,0.36578313
0.3535988,0.35725808
0.3593081,0.36397347
0.37649393,0.38244626
0.40842345,0.41067946
0.44228637,0.43589646
0.46459925,0.4567929
0.4801299,0.47648165
0.49601716,0.49982843
0.50975657,0.5163024
0.5201771,0.535026
0.5348324,0.55513537
0.54532164,0.5640661
0.5522609,0.56671816
0.55234385,0.569786
0.54080564,0.5611162
0.5127396,0.5440903
0.48966968,0.52421373
0.47315273,0.5089196
0.4586574,0.48877358
0.42563772,0.4536468
0.39520904,0.39480457
0.372891,0.37009177
0.35789365,0.35313275
0.34672803,0.34370187
0.3419689,0.3396517
0.3467169,0.34695357
0.36239624,0.36816305
0.39131618,0.39963952
0.4196585,0.42856395
0.44069326,0.4507955
0.4554563,0.46656147
0.46950457,0.4868225
0.4788063,0.50158364
0.4882867,0.52150303
0.500037,0.53957546
0.5082823,0.5513247
0.5158561,0.5584605
0.5207386,0.5616437
0.51750886,0.5547255
0.5021314,0.5426818
0.48492163,0.5224359
0.4733799,0.5086795
0.4580533,0.4907405
0.42856023,0.4552786
0.3942662,0.39177182
0.3719774,0.36902222
0.35526544,0.3537092
0.34335005,0.34302688
0.3394126,0.3380915
0.34292194,0.34488967
0.3555352,0.36369526
0.3842669,0.39005977
0.41339332,0.42009866
0.43768096,0.4428178
0.45614874,0.46435955
0.4750822,0.49427095
0.48714703,0.51537716
0.5006037,0.54198843
0.517216,0.5663197
0.532855,0.5809501
0.54795855,0.59335434
0.56177425,0.6008137
0.566718,0.5966535
0.5570549,0.5840921
0.5357415,0.5609848
0.5094418,0.54634875
0.4926984,0.52861404
0.45639575,0.49257514
0.4225621,0.43249455
0.3924191,0.4019961
0.37101954,0.38177386
0.35436413,0.367634
0.3470188,0.35791105
0.34221914,0.3603724
0.3430235,0.36720327
0.35229015,0.3815673
0.37230334,0.40811867
0.39947683,0.43504375
0.4285015,0.4698299
0.45894584,0.5088426
0.48239803,0.54152334
0.5063568,0.57294476
0.5283483,0.60490686
0.55380803,0.6247287
0.57587624,0.64141667
0.5880079,0.6561738
0.5773733,0.6565011
0.5550403,0.63895947
0.5346379,0.6129412
0.5209826,0.59232074
0.50584143,0.56967425
0.4777155,0.53362864
0.4430818,0.4150752
0.41171265,0.38882825
0.38372007,0.37265667
0.36457974,0.3616089
0.35329214,0.3520124
0.34689438,0.35275695
0.34432453,0.36381596
0.34257755,0.38186866
0.35086328,0.39664954
0.3611978,0.40891862
0.37331173,0.4201264
0.38032907,0.4269195
0.38358626,0.43354663
0.38122135,0.4353962
0.38116255,0.43816572
0.3784262,0.43332016
0.3777128,0.42541862
0.37752637,0.42785868
0.3834081,0.42891327
0.38280421,0.4306468
0.37872553,0.43367028
0.38157374,0.42953703
0.37621844,0.41768807
0.36098194,0.39465332
0.342729,0.35184196
0.32786974,0.3337755
0.3203561,0.32089487
0.31378168,0.31860662
0.3144641,0.3132547
0.32349518,0.32325488
0.34380263,0.34008193
0.37318647,0.37010157
0.39956605,0.39196795
0.41474068,0.4019191
0.42549264,0.41036886
0.43437216,0.42005315
0.43876883,0.4271303
0.44240764,0.4391643
0.44805112,0.4505575
0.44883204,0.45493758
0.4497631,0.45878574
0.45163986,0.46317804
0.4498684,0.46325275
0.44320327,0.4625251
0.4410119,0.45645088
0.44331893,0.45153978
0.4318221,0.43928567
0.40703854,0.40878975
0.3806148,0.37624922
0.36175296,0.35081387
0.34795794,0.34171042
0.34020352,0.33609277
0.3382728,0.33430248
0.34492058,0.3450287
0.36384073,0.3687045
0.3898601,0.41114908
0.4156331,0.4384434
0.4290896,0.45571175
0.44073698,0.4630145
0.45546296,0.4716069
0.46541822,0.477064
0.46815118,0.4824779
0.4683207,0.4880149
0.46624708,0.48065078
0.46360505,0.47097224
0.4610228,0.4647507
0.46059066,0.45923477
0.4561328,0.45840293
0.45177588,0.45724458
0.4504647,0.45206195
0.43821707,0.43794808
0.41432297,0.4130323
0.38864604,0.40012923
0.37032974,0.3741043
0.35683566,0.36061922
0.34786728,0.35099548
0.34303686,0.3466279
0.34914923,0.35078844
0.36725968,0.37030464
0.3974042,0.39815196
0.42563748,0.41914576
0.44236276,0.43730664
0.45422465,0.45076072
0.4647796,0.46786013
0.47463977,0.47754565
0.48836273,0.49141824
0.5068541,0.5046556
0.52112573,0.5121168
0.52928793,0.5133637
0.536289,0.51858515
0.53696823,0.51569724
0.5259474,0.5113711
0.5113992,0.501091
0.50273675,0.4897947
0.4868409,0.47210553
0.45504022,0.44151494
0.42009687,0.412881
0.39369118,0.38195157
0.37542087,0.3645361
0.36285487,0.35734472
0.3583031,0.3533215
0.36269477,0.3610622
0.38087615,0.38170877
0.4121276,0.4195966
0.44424137,0.45667538
0.46799546,0.47620672
0.48987353,0.4905423
0.5180025,0.5078844
0.5362581,0.5287673
0.5439135,0.53709906
0.5531423,0.5426067
0.5517216,0.5282697
0.54488677,0.50870967
0.5295307,0.49649167
0.50670767,0.48153865
0.47951403,0.46971688
0.46011013,0.46537113
0.45428428,0.46173206
0.4422483,0.448211
0.41472808,0.4234429
0.41431892,0.38948902
0.41390976,0.3663222
0.4135006,0.35120693
0.41309145,0.34329647
0.41268232,0.33593285
0.41227317,0.34179094
0.411864,0.35930887
0.41145486,0.3877784
0.4110457,0.4087472
0.41063657,0.41742203
0.41022742,0.42326647
0.40981826,0.4297762
0.4094091,0.43217814
0.40899995,0.437439
0.4085908,0.4450035
0.40818167,0.44617373
0.4077725,0.4426
0.40736336,0.44391978
0.4069542,0.44331893
0.40654504,0.44421402
0.40613592,0.44132316
0.40572676,0.43487862
0.4053176,0.42089665
0.40490845,0.39535365
0.4044993,0.37833044
0.40409014,0.3559488
0.403681,0.34022066
0.40327185,0.33205158
0.4028627,0.32310212
0.40245354,0.32637694
0.4020444,0.32992488
0.40163526,0.33978757
0.4012261,0.36038226
0.40081695,0.37635306
0.4004078,0.39506036
0.39999864,0.41690138
0.39958948,0.43434894
0.39918035,0.45507866
0.3987712,0.47376367
0.39836204,0.48657215
0.39795288,0.49916446
0.39754373,0.5083493
0.3971346,0.5119409
0.39672545,0.5054245
0.3963163,0.48341423
0.39590713,0.47591037
0.39549798,0.46449584
0.39508882,0.43627298
0.3946797,0.3776084
0.37008524,0.3520871
0.3517769,0.3346562
0.3388002,0.32919437
0.3329881,0.32160944
0.32687202,0.32725316
0.31901595,0.32384092
0.32233277,0.33496562
0.33603024,0.3543965
0.35900095,0.37748528
0.38610622,0.41115516
0.41506478,0.446096
0.44472784,0.47498426
0.47311315,0.50711477
0.49960127,0.53343445
0.5232251,0.5507358
0.5422123,0.5654892
0.55711335,0.577524
0.5546625,0.5778982
0.53834647,0.56830746
0.5164052,0.54544455
0.50424635,0.53172725
0.4920854,0.51271427
0.46472874,0.48428178
0.4289095,0.4252736
0.40173137,0.39600968
0.37895858,0.37552395
0.36484656,0.36566788
0.35599902,0.36023325
0.36116165,0.36767566
0.37691098,0.38543296
0.407086,0.41910118
0.4438757,0.4574226
0.47774452,0.49371248
0.51159084,0.5318837
0.550333,0.5734655
0.5842994,0.60781085
0.61363864,0.6428544
0.6341084,0.6759184
0.652589,0.69320947
0.6653425,0.70350087
0.67553025,0.7100621
0.67520785,0.69888407
0.6535904,0.67125225
0.61938375,0.63742226
0.58448786,0.6120593
0.5565144,0.5804913
0.51560056,0.53378135
0.46908817,0.46163902
0.43291545,0.4235473
0.4072139,0.39910161
0.3903869,0.38401207
0.38017586,0.37735182
0.38361526,0.38361007
0.3977388,0.40434417
0.43138996,0.44325417
0.46888018,0.48815995
0.502254,0.5260718
0.53387916,0.5610016
0.5664812,0.59842366
0.59550583,0.6353482
0.61767995,0.6668761
0.63759094,0.698444
0.653613,0.7167886
0.67012435,0.7267077
0.6832694,0.7316187
0.6830842,0.7224532
0.6586275,0.6935085
0.62242967,0.65725005
0.5891003,0.63132566
0.5637475,0.6015607
0.52529395,0.5525597
0.47948137,0.4751268
0.44362098,0.4346549
0.41679418,0.4101838
0.40053537,0.3933027
0.3901839,0.38210315
0.3927987,0.38934162
0.40860572,0.40735164
0.44855055,0.44454223
0.4911564,0.48831403
0.53203475,0.52638316
0.56975365,0.56418294
0.605517,0.60700333
0.64001155,0.6428473
0.66955805,0.6790597
0.69933844,0.716246
0.72289723,0.7385942
0.7429868,0.7510556
0.7532762,0.7562857
0.7497546,0.7496299
0.72653556,0.72264165
0.68665123,0.68298966
0.6471924,0.65153366
0.6126002,0.6220114
0.56360406,0.5730356
0.5132515,0.5087872
0.47494322,0.46597695
0.4447437,0.4420841
0.42332688,0.4240044
0.40880615,0.4136709
0.40982085,0.41928813
0.42356315,0.44129953
0.46077177,0.47732162
0.50355995,0.5187164
0.54163545,0.5629584
0.577343,0.5997757
0.61267424,0.6447764
0.6460903,0.67876744
0.67607355,0.71270275
0.7021739,0.74513817
0.71589893,0.7615832
0.7254659,0.76850843
0.7258314,0.7644254
0.7120502,0.74740976
0.67602366,0.7139645
0.6359456,0.67591864
0.6024878,0.6433763
0.57664114,0.6105771
0.5335403,0.5623254
0.48854876,0.49545458
0.45329735,0.45712766
0.42597765,0.4319205
0.4071259,0.41392142
0.3981961,0.402757
0.399811,0.40599707
0.41191158,0.41826168
0.44288564,0.4407687
0.48050717,0.4755674
0.5186112,0.51780427
0.5528434,0.55950284
0.5935026,0.6080964
0.6277091,0.65085804
0.65638524,0.6905589
0.68402463,0.727251
0.6990186,0.7458398
0.7108851,0.75663316
0.72139484,0.7613816
0.7164002,0.74992
0.69511276,0.7205085
0.6587951,0.68472314
0.61780673,0.65575373
0.58965325,0.62420857
0.5463133,0.57740504
0.5016677,0.5092629
0.46111333,0.47164777
0.43450877,0.44208267
0.41101262,0.4225526
0.3988549,0.40905112
0.39160523,0.41035303
0.3864798,0.41492948
0.40377578,0.43051818
0.43723753,0.46735626
0.47910225,0.5116351
0.5227084,0.56286746
0.5671285,0.6175478
0.60961694,0.6668009
0.64565325,0.715801
0.6709529,0.7604327
0.69506204,0.7875964
0.7159393,0.805973
0.72766376,0.82212347
0.72475183,0.8217704
0.70056933,0.798562
0.6711156,0.7581766
0.6424329,0.72659427
0.6192207,0.6931575
0.5866985,0.64392614
0.550594,0.5304066
0.5184,0.49183324
0.47823662,0.46056387
0.44621667,0.43988824
0.4232582,0.4219938
0.4128364,0.41683146
0.40833044,0.41527924
0.41296902,0.4195348
0.43981308,0.44177157
0.48421425,0.47352025
0.53718287,0.51237667
0.58986384,0.5565827
0.6228159,0.59229857
0.6329325,0.6237377
0.63429844,0.6445049
0.6207188,0.65086454
0.6063016,0.65053225
0.57803,0.65048915
0.5593703,0.63724315
0.5431959,0.60478556
0.52563655,0.5751414
0.51161045,0.55711037
0.5021346,0.5342815
0.47940472,0.50255847
0.4502583,0.4751186
0.42570388,0.44281766
0.41074422,0.42362818
0.39923742,0.40920073
0.39552325,0.39714175
0.40459314,0.401709
0.42680436,0.41441014
0.46566132,0.43071568
0.50064856,0.45651755
0.5289541,0.4774297
0.5440782,0.5038435
0.5560886,0.52345705
0.55550903,0.54586065
0.5627086,0.56489336
0.5683605,0.58005047
0.5651436,0.5844443
0.5571557,0.586069
0.55139756,0.5887409
0.5477558,0.58690965
0.5394764,0.57949585
0.5332031,0.5643098
0.5292334,0.5582645
0.5189203,0.54625225
0.4895587,0.5132725
0.45368296,0.44684738
0.42696717,0.41753206
0.40509015,0.4002619
0.388939,0.3904867
0.38168335,0.3818977
0.38558185,0.3896307
0.40168166,0.41179815
0.43106106,0.44130075
0.4599907,0.46844518
0.47609574,0.4889835
0.48829785,0.5120151
0.5038392,0.5353099
0.52112955,0.5531162
0.5410717,0.57112193
0.5633938,0.5886922
0.58028644,0.5927957
0.5921558,0.5949744
0.59861606,0.5946758
0.5943696,0.58293754
0.5733937,0.56369
0.54744434,0.54429924
0.52787006,0.5290926
0.50695604,0.50782
0.47269568,0.47113317
0.4345564,0.43411908
0.40570447,0.40189657
0.38113126,0.38506982
0.36679447,0.37219477
0.35982943,0.36538273
0.36465952,0.37261978
0.3817885,0.39397898
0.41663048,0.42710024
0.4500944,0.4619457
0.47725713,0.49386188
0.4940573,0.5229889
0.5082703,0.5569785
0.53211814,0.58563775
0.5622824,0.6181408
0.5963777,0.6511413
0.62121665,0.67191124
0.64082813,0.68622786
0.6549724,0.6981516
0.6515037,0.69636905
0.63618267,0.68195456
0.6123592,0.65493935
0.59152484,0.6317199
0.56745094,0.6061937
0.53212047,0.56182086
0.4904692,0.513889
0.45536485,0.47739595
0.4333663,0.45520723
0.41708013,0.4421523
0.40976882,0.43299216
0.41444492,0.4404459
0.4338125,0.46457094
0.4689478,0.49572226
0.51188743,0.5413558
0.5545376,0.58133405
0.60378087,0.6272978
0.6601593,0.67466503
0.7088611,0.7220044
0.7514375,0.75830543
0.7659886,0.7832571
0.7424238,0.7846696
0.7130581,0.78049374
0.6865304,0.7707217
0.67938757,0.7509774
0.67675024,0.7248685
0.66618156,0.7005274
0.6472165,0.6827361
0.62927336,0.6584775
0.5912388,0.6148958
0.54355323,0.54392004
0.50587523,0.5026459
0.47741917,0.4736671
0.45727432,0.45437294
0.44504133,0.44267058
0.4455079,0.44811484
0.46120852,0.46918738
0.49500325,0.5006188
0.5417581,0.5475961
0.59687674,0.5923591
0.6507805,0.6408462
0.69654006,0.6899753
0.7369728,0.7405281
0.76940036,0.77825093
0.78206384,0.81142163
0.76761854,0.824002
0.75746685,0.8275398
0.73963875,0.82920426
0.7244165,0.81321067
0.7153905,0.7849967
0.6976496,0.7533483
0.67441314,0.7288716
0.64976025,0.6995566
0.6073631,0.6516882
0.5584902,0.57272345
0.517193,0.5319498
0.4847578,0.5008314
0.46026918,0.476542
0.4454234,0.45946562
0.43772832,0.45794994
0.43626752,0.46495134
0.44218224,0.47747475
0.45834595,0.50531477
0.48380163,0.53572243
0.50409734,0.5778044
0.531347,0.6223031
0.5630162,0.65580344
0.59102786,0.68246394
0.6119706,0.7036157
0.6271638,0.711745
0.6362603,0.71828127
0.63663197,0.7153829
0.6197774,0.69748056
0.6036053,0.6669957
0.5833508,0.635955
0.57208836,0.6150078
0.55753803,0.58943135
0.53264713,0.55111414
0.50091493,0.50514835
0.47330645,0.47280192
0.4479715,0.45061505
0.42847124,0.43207982
0.4197213,0.4184729
0.41252768,0.41905364
0.41041875,0.42223403
0.41137117,0.4329753
0.42195952,0.4476302
0.43674216,0.46221718
0.45079857,0.47959098
0.46127558,0.4896966
0.46332768,0.49981174
0.4647511,0.50306094
0.4670743,0.5043396
0.46403342,0.5016902
0.4652938,0.5005409
0.4678113,0.5032552
0.47843122,0.50133336
0.48130122,0.49916384
0.47324884,0.48701787
0.46637154,0.48390788
0.45777497,0.4750931
0.4359829,0.4507357
0.40647823,0.43186378
0.38280612,0.40351775
0.36640796,0.38620037
0.35370737,0.3800154
0.34902316,0.37365115
0.3533928,0.39000556
0.36446643,0.41311738
0.385375,0.45264053
0.41822687,0.5001765
0.45304915,0.5393653
0.48880786,0.5815467
0.52795935,0.62416375
0.56286436,0.66375244
0.5979603,0.70485914
0.6300415,0.74241453
0.64965236,0.75870854
0.6694249,0.7718728
0.68727344,0.77499884
0.6896143,0.7667187
0.66837865,0.7453202
0.6359516,0.71184367
0.59748447,0.6866453
0.56801665,0.65664697
0.5311871,0.60481095
0.49147105,0.51149595
0.45640838,0.47372514
0.426654,0.45172754
0.40580174,0.43633103
0.39302132,0.4291094
0.38698024,0.43607974
0.3849653,0.45565468
0.39550525,0.4904815
0.4263623,0.5355154
0.4715103,0.58652127
0.52895766,0.6384762
0.58839506,0.690558
0.6392169,0.7389471
0.6763482,0.78465676
0.7035437,0.8234686
0.7240686,0.84417224
0.73427695,0.8579079
0.7354137,0.8643353
0.721223,0.85735714
0.7089376,0.83473206
0.6884972,0.79798436
0.65881014,0.76829857
0.6312841,0.7340003
0.6010663,0.6788554
0.5656922,0.58881557
0.52840525,0.54546547
0.49403626,0.51291883
0.46956635,0.4945108
0.45659927,0.48018467
0.4595769,0.47891238
0.47899154,0.4883527
0.5243404,0.5115634
0.5893981,0.54646075
0.6480143,0.58885396
0.70445466,0.64498335
0.75830925,0.70280915
0.8018505,0.75134397
0.8327281,0.7912086
0.85344505,0.8177
0.843227,0.82252324
0.8176631,0.8246867
0.79974383,0.82011265
0.7690685,0.7977344
0.72516805,0.75497276
0.6793605,0.71918935
0.6478801,0.69281775
0.62173116,0.6590035
0.5823464,0.6113012
0.5396574,0.5690561
0.50595605,0.5250972
0.48098865,0.49033663
0.46202445,0.47067076
0.45237505,0.45576113
0.45204997,0.45877427
0.4657692,0.477131
0.49718478,0.5078501
0.5261214,0.54881704
0.55473113,0.5851813
0.5821482,0.6250724
0.6120038,0.6624431
0.6403791,0.6970039
0.6654431,0.72260237
0.6838785,0.74478173
0.6934278,0.75790334
0.6973848,0.76398325
0.69091696,0.7609867
0.67703635,0.74263406
0.6553932,0.70828325
0.6240626,0.6715782
0.59114015,0.6403238
0.5651544,0.6117921
0.52327013,0.5636453
0.482059,0.49386463
0.44525766,0.45604876
0.42049238,0.43276083
0.4027683,0.41646224
0.39394915,0.40410823
0.39877614,0.41253057
0.4127358,0.43303326
0.44121626,0.4623036
0.47525796,0.50230646
0.50710785,0.5332583
0.53232306,0.5663673
0.55900156,0.6013935
0.5862541,0.6310382
0.6108859,0.65953046
0.63492346,0.68721735
0.65235776,0.6990508
0.6686126,0.7070979
0.67713463,0.7054329
0.6648301,0.6933901
0.62507975,0.66952723
0.5933973,0.6396715
0.5731559,0.614791
0.55190974,0.59341115
0.5212364,0.5507507
0.48336858,0.49336654
0.45407373,0.4587957
0.43110397,0.43863067
0.41579607,0.42106125
0.4052778,0.40877163
0.40033674,0.40963402
0.39662763,0.41411427
0.40439114,0.4234181
0.415993,0.4387389
0.43181348,0.45375863
0.44486713,0.4727769
0.45326424,0.4901298
0.46276826,0.5005533
0.4680143,0.50846756
0.4760693,0.5170555
0.4840118,0.5213509
0.48986498,0.5348734
0.5040409,0.5428341
0.51599026,0.54910904
0.5185595,0.5483845
0.5043738,0.5359698
0.4889738,0.5273666
0.47621188,0.51894885
0.45130786,0.4927792
0.4206316,0.43956402
0.39714906,0.41294974
0.378345,0.38947368
0.36435372,0.37995836
0.35164818,0.36749756
0.35071474,0.37602323
0.34400135,0.38026467
0.34453475,0.39414704
0.36312997,0.42624933
0.3889067,0.4547573
0.42172316,0.49271134
0.45596668,0.5270323
0.49223122,0.5619725
0.52015823,0.59507096
0.54519624,0.6255775
0.5674648,0.6463146
0.5879392,0.66561204
0.6044179,0.6782853
0.6132646,0.6857679
0.60663784,0.674423
0.5881554,0.64526254
0.56124634,0.628584
0.5432976,0.60776615
0.50881433,0.5657832
0.46776304,0.46765205
0.433749,0.43663988
0.40900585,0.4141835
0.3920141,0.39935854
0.38436332,0.39012223
0.38964462,0.3938835
0.40835792,0.4053533
0.4437904,0.4276654
0.48840567,0.46206236
0.52561384,0.496989
0.56556284,0.5392862
0.60242164,0.5824041
0.6376248,0.6218903
0.6656287,0.6601875
0.69717234,0.6940812
0.7242392,0.71439177
0.74628484,0.7295107
0.7597306,0.746303
0.76348996,0.7481346
0.7482615,0.72997993
0.7183858,0.7021094
0.67998964,0.6799682
0.64990497,0.6520177
0.6022894,0.60805655
0.55107665,0.55978626
0.5071918,0.51432556
0.47392604,0.4855239
0.45141274,0.463223
0.43784818,0.4483027
0.4384084,0.4450788
0.45468262,0.44932374
0.4896784,0.46873173
0.53765935,0.5016342
0.58279324,0.52940893
0.628828,0.56389326
0.67352784,0.5902247
0.7132328,0.62606144
0.73584527,0.6395199
0.7321095,0.6419411
0.70700765,0.63666594
0.6875591,0.62237084
0.667085,0.6165057
0.6470799,0.6029876
0.62582076,0.57775
0.59611034,0.55967104
0.5763602,0.55443805
0.5551869,0.5388528
0.5251586,0.5110117
0.48590386,0.5089529
0.45282134,0.46758455
0.4283342,0.44151095
0.41297576,0.42367518
0.40444914,0.41198587
0.40713742,0.41760057
0.42636254,0.43673077
0.4543057,0.46812022
0.48016787,0.50082445
0.5017034,0.52048886
0.5142796,0.5383562
0.52614397,0.55194354
0.5413116,0.56601286
0.5527294,0.5701896
0.55247283,0.57943535
0.54709226,0.5884347
0.55036414,0.5996413
0.5520997,0.60204524
0.5669045,0.5988691
0.5660354,0.5866972
0.56249464,0.56910264
0.54710996,0.5508239
0.520951,0.5385508
0.4822243,0.5023707
0.44714886,0.4468548
0.41983062,0.4146702
0.40183654,0.3989537
0.38939568,0.38853034
0.38442075,0.37992692
0.39075005,0.3893009
0.41169527,0.41378036
0.44188464,0.44589013
0.47028962,0.4824712
0.48936647,0.50151324
0.5018252,0.5184701
0.51526135,0.5340496
0.5263761,0.548962
0.54192233,0.5614015
0.56718826,0.57703465
0.58921045,0.5855887
0.605191,0.597268
0.6159386,0.5995359
0.6235636,0.60030687
0.6121025,0.59799016
0.5861811,0.5825445
0.57387835,0.57081425
0.56020564,0.55878794
0.52749,0.5247573
0.4910028,0.4923443
0.45708543,0.4588062
0.43636265,0.43699595
0.41987953,0.42255786
0.41214368,0.4137053
0.4159337,0.4223819
0.43308693,0.44238272
0.4649057,0.47269988
0.50065494,0.5130089
0.5349068,0.55239534
0.5663641,0.59328586
0.60261613,0.6388995
0.65443057,0.6744992
0.7055287,0.7088828
0.7456349,0.74143445
0.7760892,0.7599269
0.80289733,0.7775356
0.8191813,0.78726375
0.8016121,0.78119266
0.765785,0.7643859
0.73831004,0.73436874
0.71944296,0.70674986
0.6711616,0.67718357
0.5903327,0.62934965
0.54510117,0.570697
0.50387096,0.5275664
0.47867358,0.49527356
0.45461938,0.47114882
0.443613,0.45719272
0.43773124,0.45170197
0.44000927,0.45579925
0.44488698,0.4695755
0.45977715,0.5022455
0.5021944,0.5428973
0.5515426,0.58935356
0.5934576,0.6354062
0.633705,0.6767554
0.66172254,0.7123991
0.6805699,0.73873174
0.688827,0.75577116
0.6966206,0.7659138
0.70221776,0.7741192
0.69046474,0.7700873
0.6697463,0.7468676
0.63844734,0.7148008
0.61261994,0.6890059
0.5889528,0.6593758
0.5507117,0.6166056
0.50946903,0.5271755
0.47319114,0.48765782
0.44227937,0.45871735
0.42310935,0.43657172
0.40525946,0.41933286
0.3954076,0.41622958
0.38958883,0.41971847
0.38729498,0.42709354
0.39728025,0.45144254
0.42193815,0.47772214
0.45036635,0.50948924
0.48656315,0.54149806
0.51979816,0.57153666
0.55038273,0.5950715
0.57441366,0.6163421
0.588383,0.6327035
0.6008065,0.6457319
0.6159982,0.6588093
0.62261087,0.65961564
0.6128463,0.6455383
0.5875908,0.6236681
0.56916404,0.6071814
0.5524433,0.58851206
0.521747,0.55313545
0.48072955,0.48921657
0.45071942,0.456583
0.426773,0.43237585
0.4095079,0.41840723
0.4007828,0.40635264
0.40858138,0.4128707
0.42617953,0.4296848
0.45753694,0.45276368
0.4940272,0.48751813
0.52255356,0.5129631
0.54969585,0.5444017
0.57807577,0.57470936
0.59976184,0.5998231
0.6185323,0.62170625
0.63757455,0.6435051
0.6534256,0.653324
0.6661582,0.6644214
0.67341936,0.66915506
0.66942906,0.663183
0.6469734,0.6435856
0.61700714,0.62175936
0.58893836,0.6019556
0.56326824,0.58188957
0.5228757,0.5442508
0.47827592,0.47536048
0.44256568,0.43645146
0.4173171,0.41565913
0.3974824,0.4010001
0.38820505,0.39337224
0.39236662,0.40131643
0.4084976,0.4252785
0.43816212,0.46298426
0.4742724,0.5041511
0.50309914,0.53871113
0.5278202,0.5669817
0.55395377,0.5943215
0.5784202,0.61994576
0.600745,0.64311606
0.62333196,0.6674731
0.6396367,0.67924064
0.6522772,0.6840401
0.66499084,0.68460673
0.6655216,0.6751163
0.649765,0.6534572
0.6205628,0.62625223
0.5892604,0.6030738
0.5607255,0.5782268
0.52018833,0.5368143
0.47672364,0.4812891
0.4414969,0.43968055
0.41724557,0.4186339
0.40002492,0.40144566
0.39027548,0.39189595
0.39349717,0.39657947
0.40950254,0.41231003
0.43813685,0.44276315
0.47898886,0.48300856
0.5143556,0.5215146
0.54292566,0.55742586
0.5740714,0.5924151
0.6046517,0.62841916
0.63379395,0.66299033
0.6690882,0.6977855
0.69243926,0.72113705
0.7125065,0.73659277
0.7282146,0.7494002
0.73092854,0.7540302
0.70370835,0.7403782
0.6703561,0.710432
0.64800817,0.684908
0.623967,0.6599268
0.5767885,0.61230594
0.52690613,0.5380652
0.48704132,0.4982718
0.4573559,0.46905527
0.4374261,0.4518008
0.42845792,0.4396994
0.43287987,0.44387355
0.45369813,0.4627656
0.4916425,0.4943458
0.5406941,0.5373897
0.5974483,0.5820391
0.65043527,0.6300028
0.69943285,0.68231666
0.735049,0.7256608
0.7604009,0.76597047
0.7744452,0.80048025
0.77995956,0.8167355
0.7803718,0.8258291
0.7761253,0.8294865
0.7612542,0.8142041
0.72802395,0.78080076
0.6881486,0.74583054
0.6521101,0.7117651
0.62157184,0.67686844
0.57620275,0.6248933
