true,forecasted
0.109851845,0.101080686
0.072878845,0.07354175
0.0547596,0.056579504
0.049018193,0.047605798
0.052288033,0.04970585
0.06704188,0.068369284
0.11562111,0.10497558
0.16882741,0.14868742
0.20990135,0.17844309
0.21880029,0.2084441
0.23772925,0.22150637
0.2541345,0.23491338
0.26948,0.24789605
0.2816397,0.25601846
0.2896055,0.26233315
0.29069522,0.27076194
0.293815,0.2726481
0.29927674,0.28553757
0.28478408,0.28414813
0.26166135,0.26625428
0.24675025,0.24881223
0.22780812,0.22819902
0.17717782,0.18219009
0.12900251,0.13797963
0.079648264,0.07955298
0.05686827,0.056057163
0.0455981,0.04328252
0.03543167,0.03492036
0.041658875,0.044716675
0.062636346,0.07351064
0.11580538,0.12405783
0.15957037,0.17372508
0.18166114,0.20638525
0.20627408,0.2285475
0.22555244,0.24460363
0.24746664,0.26357758
0.25830093,0.27854043
0.2674332,0.29307854
0.2771545,0.30150998
0.29661748,0.3093808
0.30261716,0.3190028
0.30382603,0.32995847
0.2789806,0.32188043
0.25557467,0.30107313
0.24510618,0.279571
0.23386335,0.25255728
0.1830488,0.20424524
0.14285912,0.15412511
0.103294045,0.100276336
0.07531178,0.070924625
0.054903015,0.056229677
0.045997065,0.043713022
0.050533544,0.049234394
0.06563303,0.07457788
0.11226341,0.12182125
0.16249782,0.16834478
0.19090863,0.19800869
0.21495901,0.216293
0.23855454,0.2266019
0.25285798,0.24225527
0.2691612,0.2493059
0.27671623,0.25459796
0.28444374,0.2600022
0.30137447,0.2661487
0.2940413,0.27214044
0.295283,0.28344616
0.2726276,0.28095692
0.24368057,0.26569292
0.2228002,0.25068712
0.201373,0.22108923
0.1581885,0.18003184
0.11842036,0.13429746
0.08228444,0.08828995
0.054141153,0.06218119
0.03379598,0.04396401
0.026213758,0.03009929
0.023823386,0.032318566
0.026155982,0.038779076
0.04035822,0.061003774
0.07557143,0.095113404
0.1143261,0.12859204
0.15026835,0.16706708
0.17915334,0.19550867
0.20004636,0.2234246
0.22395658,0.23984396
0.24088764,0.26229513
0.2636673,0.27794558
0.28195697,0.2949933
0.30420464,0.31391335
0.3147651,0.32594264
0.30662408,0.3184666
0.28570578,0.30315408
0.2684212,0.28863713
0.2541313,0.25971413
0.21422364,0.22235927
0.16886382,0.17559622
0.12579557,0.11953436
0.09788015,0.0927923
0.07524255,0.069590434
0.05879455,0.05601252
0.058592334,0.05501811
0.053436894,0.062093966
0.059328727,0.0823973
0.0926948,0.12366785
0.14396662,0.17127237
0.2019034,0.22121672
0.25537655,0.26876587
0.30615145,0.3126158
0.34896004,0.3517145
0.3896451,0.38652533
0.42313987,0.4165432
0.4463024,0.44258866
0.4605975,0.46601063
0.4584965,0.4806084
0.4472631,0.46280658
0.4220965,0.43109038
0.39955136,0.4012482
0.3832191,0.3701613
0.3351537,0.31828737
0.27557233,0.26432025
0.2303484,0.21855941
0.192432,0.18453099
0.17335124,0.161663
0.15570857,0.14510025
0.159569,0.1509871
0.18513012,0.17103194
0.23112753,0.21488287
0.29335687,0.26791242
0.3165201,0.30703193
0.3373292,0.33943033
0.377591,0.35289863
0.4221999,0.37087497
0.44850373,0.38715622
0.45837855,0.39064366
0.46749082,0.38706237
0.42943272,0.3935631
0.4216951,0.38472372
0.4033186,0.38477263
0.3791202,0.36791304
0.3562939,0.34245718
0.34521893,0.32453313
0.32047778,0.2986074
0.26834667,0.2434701
0.20601527,0.19572803
0.15105073,0.14823955
0.11220905,0.11356945
0.090663396,0.09472425
0.071973056,0.07802106
0.077306435,0.08551286
0.098741844,0.11138195
0.14621443,0.16138041
0.2025516,0.21930675
0.24476004,0.25432777
0.26058513,0.28480023
0.2823397,0.30312994
0.30163208,0.32730073
0.31798178,0.3488208
0.3232832,0.36884564
0.35183775,0.38729835
0.3554476,0.4063967
0.37636745,0.4233337
0.39347115,0.43185923
0.37351862,0.41703293
0.3357407,0.3816404
0.3120344,0.35544524
0.279423,0.3226881
0.23603648,0.27399564
0.17732705,0.21220465
0.12455971,0.1509651
0.10317576,0.11757104
0.08039286,0.099825606
0.0740342,0.08597299
0.07927955,0.0919631
0.10176109,0.11346012
0.15010647,0.15224192
0.21478003,0.20075299
0.25146365,0.23065019
0.2806633,0.2517855
0.3040163,0.26227733
0.30622736,0.27440557
0.3022541,0.2865559
0.29003558,0.28783762
0.29691404,0.28891104
0.29356387,0.3030218
0.31254616,0.31241632
0.327018,0.31840587
0.31590918,0.31006747
0.28514543,0.29631898
0.26443428,0.28122073
0.24838218,0.25244963
0.19847307,0.21205679
0.15018733,0.16188772
0.10443607,0.10749817
0.07561194,0.078407645
0.05328442,0.06181157
0.048499916,0.04954334
0.055497874,0.059570733
0.079770654,0.08662097
0.12877022,0.13440977
0.17731747,0.18734977
0.21256487,0.22013012
0.23187247,0.24608982
0.25297096,0.26359096
0.27691025,0.28823665
0.30222318,0.3087845
0.31756812,0.3248493
0.34628898,0.34085822
0.34945574,0.35788718
0.37519857,0.37159348
0.37902516,0.384439
0.35836598,0.36850765
0.3263209,0.33941087
0.30695093,0.32295713
0.28447127,0.29007745
0.24096799,0.24387151
0.18738887,0.19207183
0.1855984,0.14717586
0.18380792,0.11653575
0.18201746,0.09715672
0.180227,0.08733856
0.17843652,0.09425312
0.17664605,0.11491836
0.17485557,0.15661831
0.17306511,0.19963945
0.17127463,0.23061049
0.16948417,0.24882433
0.1676937,0.25624028
0.16590323,0.26396117
0.16411276,0.2721514
0.16232228,0.26939064
0.16053182,0.2655816
0.15874135,0.27447
0.15695088,0.2791369
0.15516041,0.2842667
0.15336993,0.27674818
0.15157947,0.2649764
0.149789,0.25247654
0.14799853,0.22699021
0.14620806,0.18235373
0.14441758,0.13823034
0.14262712,0.08819163
0.14083664,0.064722285
0.13904618,0.04632916
0.13725571,0.03511546
0.13546523,0.036037
0.13367477,0.043833777
0.13188429,0.06441331
0.13009383,0.09170464
0.12830336,0.13001952
0.12651289,0.16764794
0.12472242,0.19707592
0.12293195,0.22761537
0.12114148,0.2503684
0.11935101,0.27144766
0.117560536,0.2879584
0.115770064,0.30295682
0.1139796,0.32005143
0.11218913,0.33337542
0.11039866,0.32351187
0.108608186,0.30566254
0.106817715,0.29038414
0.10502724,0.2644876
0.10323678,0.22417784
0.10144631,0.18217638
0.09965584,0.07574691
0.071982965,0.054696992
0.048368122,0.04253407
0.038157247,0.032859735
0.032433618,0.03966875
0.038301345,0.052436315
0.038328696,0.079984166
0.068336725,0.114553206
0.10976073,0.15080279
0.15215549,0.18554977
0.18614103,0.21608643
0.21342827,0.25315744
0.24059346,0.27807313
0.26679644,0.30337936
0.29377702,0.32107046
0.326585,0.3366561
0.34033528,0.35840696
0.36293954,0.37124294
0.34206685,0.35619453
0.32190734,0.34188592
0.31002536,0.32698897
0.2952599,0.29320043
0.26424146,0.24946272
0.21224266,0.20299344
0.16590133,0.13341933
0.12772751,0.10369977
0.10674491,0.08485176
0.09156594,0.076107964
0.09133945,0.083061695
0.116117515,0.11218305
0.14519684,0.16402332
0.20173162,0.22528534
0.2511493,0.27122596
0.30004168,0.3061021
0.35144237,0.3398441
0.39018473,0.37571588
0.4294869,0.40852848
0.46380392,0.43549377
0.49058175,0.45519435
0.520038,0.47369835
0.5330545,0.48756254
0.5355371,0.49605256
0.5092118,0.47351524
0.45491335,0.43328494
0.41354695,0.4016611
0.37952754,0.36439967
0.32665405,0.3003508
0.2598901,0.23852508
0.2001385,0.19947162
0.16889493,0.1596683
0.14919658,0.138187
0.13285576,0.124560244
0.13553159,0.12623394
0.16154759,0.15401486
0.19408889,0.20140705
0.24897361,0.2590263
0.2710068,0.299444
0.2953801,0.32994238
0.32297978,0.34641653
0.34800348,0.3662185
0.36341423,0.3880221
0.3883094,0.4004789
0.41464812,0.4113341
0.4422075,0.42604724
0.4431182,0.43782318
0.4442276,0.442851
0.41137418,0.4283963
0.38313943,0.39089796
0.3547512,0.3651785
0.33597332,0.3292134
0.27607164,0.27530158
0.21513712,0.21032135
0.16877614,0.16405404
0.13158348,0.12630174
0.10337951,0.10785726
0.09433237,0.09599131
0.09877996,0.101306275
0.119147524,0.13653298
0.14739287,0.20028877
0.19814213,0.2637088
0.22798076,0.29608658
0.25101647,0.30325907
0.25878808,0.30039567
0.27110183,0.298008
0.27432758,0.30169904
0.28096622,0.29347974
0.28050485,0.290642
0.27711195,0.29101482
0.27475986,0.29711705
0.2571348,0.29563934
0.24725826,0.29882368
0.23000431,0.28379345
0.22244704,0.25906524
0.20331073,0.22526634
0.17010021,0.1831643
0.11944632,0.12916383
0.09084801,0.10775511
0.06941841,0.07621362
0.05556813,0.062470067
0.04935203,0.051839437
0.056538876,0.05988333
0.08100413,0.09030405
0.120184086,0.14122799
0.1679218,0.18523501
0.19300772,0.21508029
0.21543986,0.22551711
0.23085214,0.22872451
0.2335837,0.24166296
0.24277188,0.24767223
0.23866855,0.24457546
0.24694067,0.24332166
0.2338102,0.24616522
0.24700254,0.2555462
0.2434758,0.2618396
0.23641065,0.2590529
0.22331044,0.24705327
0.22106895,0.23798977
0.21753211,0.20330356
0.17536642,0.16848914
0.1354328,0.12573454
0.10015343,0.11525215
0.07353251,0.08430558
0.061043046,0.06538494
0.053725094,0.05208156
0.060933135,0.05833361
0.08481686,0.07343849
0.12427031,0.10276801
0.18192302,0.13238454
0.21482004,0.162424
0.23987246,0.18374988
0.25712743,0.19779135
0.27050543,0.21361755
0.27669656,0.22350007
0.28120568,0.22088028
0.28814897,0.21898848
0.28017855,0.22437075
0.28311864,0.23370866
0.28600678,0.2454077
0.2783697,0.24851501
0.2606477,0.24038197
0.2581628,0.23601142
0.24561507,0.20901464
0.21481952,0.1743997
0.17906667,0.14109044
0.14841096,0.14528163
0.11844139,0.115037486
0.10420941,0.094225794
0.09155414,0.080470905
0.09337615,0.08005133
0.099322684,0.08609318
0.11389773,0.10063651
0.14824498,0.13131186
0.18901686,0.16648993
0.24158096,0.20871553
0.27617452,0.23744707
0.31095612,0.26764533
0.3231285,0.29445282
0.32066923,0.31213874
0.33607197,0.330146
0.3716819,0.34813863
0.38865247,0.3644691
0.40146706,0.3810437
0.40127268,0.37362573
0.37918857,0.3531128
0.35949415,0.34184948
0.34659463,0.31466973
0.3028334,0.27132013
0.25681975,0.22764835
0.20932887,0.19280761
0.1765057,0.15937461
0.14499018,0.13528475
0.13156776,0.12237492
0.11902855,0.11832483
0.114227295,0.12848452
0.12508363,0.15267575
0.17332424,0.19754088
0.2378137,0.2503149
0.30510172,0.2987873
0.3700151,0.34071797
0.41913944,0.3797048
0.4519621,0.41564673
0.48032933,0.4381994
0.4818464,0.45433378
0.4734307,0.47043064
0.43587378,0.4742397
0.39563435,0.47780097
0.37776467,0.45724705
0.36501506,0.420631
0.3479375,0.39035013
0.33812797,0.36078918
0.30549282,0.30140913
0.25057802,0.25258318
0.21506293,0.21414876
0.17813148,0.1761928
0.15766408,0.15189366
0.14550367,0.13639571
0.15244164,0.1347342
0.17315535,0.15251422
0.21925634,0.18914376
0.28778163,0.24502032
0.3338934,0.3014885
0.3671034,0.34715673
0.40775374,0.3919889
0.46507585,0.43495458
0.5244759,0.47459275
0.57303643,0.5000788
0.59317875,0.5194375
0.6113007,0.5375761
0.6025453,0.5509008
0.6025335,0.55535257
0.5784702,0.5310853
0.5272426,0.48930746
0.47390231,0.45198396
0.43134773,0.41309476
0.3596328,0.35048646
0.27017912,0.29009598
0.22616525,0.24386054
0.1826748,0.19904658
0.16782744,0.17476301
0.15521406,0.15674843
0.15212215,0.15663008
0.18679264,0.17987482
0.22405623,0.22349167
0.27513027,0.27604532
0.3173324,0.31932235
0.33688065,0.34971875
0.35254097,0.3693143
0.3767413,0.39105347
0.40935507,0.41037712
0.4459067,0.41854805
0.47724974,0.42930734
0.49546507,0.441304
0.45185974,0.44684964
0.41681302,0.44446754
0.3956617,0.42572877
0.3656118,0.3882801
0.34944242,0.36235544
0.32606605,0.32296902
0.2831185,0.2734326
0.23048823,0.21394096
0.17825404,0.18123923
0.15058339,0.14189576
0.1323715,0.119501546
0.11742039,0.10415981
0.12361033,0.105424926
0.14867146,0.12810157
0.1996638,0.16828148
0.25738162,0.22226126
0.30567762,0.26889962
0.34413537,0.30397266
0.36721757,0.3343165
0.39839533,0.36802015
0.42360792,0.40118688
0.44232234,0.42420888
0.47017607,0.44760388
0.47113296,0.47147956
0.47030598,0.49340522
0.47631797,0.4996165
0.4640916,0.4795052
0.43333042,0.4419692
0.3959964,0.4143055
0.37296256,0.37375456
0.3130019,0.32692868
0.26079592,0.26485106
0.20331004,0.19089377
0.1590391,0.15156521
0.1310705,0.12660094
0.11501292,0.11174565
0.111662574,0.11274764
0.12974575,0.13705796
0.17461789,0.17893071
0.22747718,0.2346346
0.2742843,0.28132498
0.30622426,0.31571105
0.3528314,0.3437228
0.39413252,0.3752055
0.4362401,0.40713477
0.4636381,0.43130493
0.5004598,0.45520693
0.5252719,0.4790443
0.5383159,0.49864137
0.54603124,0.507266
0.52515036,0.48606938
0.47595644,0.44321844
0.43860757,0.41671374
0.40728468,0.3764303
0.34242,0.32498938
0.28357452,0.26100147
0.22372359,0.2122751
0.18601283,0.1724451
0.16037461,0.14478937
0.13980757,0.12898204
0.14450763,0.12940206
0.1602724,0.14920846
0.19519655,0.19166961
0.25020725,0.25005344
0.3050255,0.30780673
0.35361874,0.34956142
0.40380734,0.38810965
0.45346174,0.4266375
0.48858556,0.46643502
0.52325535,0.49436367
0.55306304,0.5178432
0.5643209,0.54194
0.56177175,0.5591263
0.558873,0.56493145
0.5248628,0.5372698
0.47467852,0.4886461
0.43495482,0.4519599
0.39227083,0.41236776
0.33633178,0.351245
0.27707535,0.2881313
0.22948141,0.23220158
0.18875533,0.19314662
0.16207406,0.16670656
0.14439754,0.14933984
0.13750215,0.14415011
0.13899203,0.15374945
0.14675578,0.17607358
0.18472551,0.21724522
0.23178,0.26545194
0.28076467,0.31425148
0.30961052,0.3530162
0.35417137,0.3928682
0.39259085,0.4273869
0.42571077,0.45168626
0.46843013,0.4750352
0.48192725,0.4934782
0.49524918,0.50708246
0.46232188,0.5125228
0.43158105,0.4918394
0.3933356,0.45063356
0.3717267,0.4246016
0.35391378,0.3894097
0.3160249,0.33838588
0.2789873,0.28523058
0.24449867,0.24405552
0.21130337,0.20675461
0.19226927,0.18432333
0.17351414,0.16781822
0.16996244,0.16378453
0.1650981,0.1768687
0.17900872,0.19968463
0.20359893,0.246798
0.2554251,0.29881948
0.32304883,0.35351735
0.38424897,0.4036661
0.4494586,0.4563515
0.49608555,0.50209343
0.53755844,0.537218
0.56801504,0.5668609
0.57239187,0.58733344
0.5845321,0.6118059
0.60444874,0.62317216
0.60452,0.6068122
0.57206947,0.56868523
0.54162025,0.5405407
0.5144106,0.5009687
0.45745158,0.44952202
0.40431485,0.38869625
0.34890294,0.32920057
0.30482566,0.28675112
0.27458072,0.25765082
0.2554919,0.23995279
0.24124233,0.24246673
0.2590575,0.2678371
0.2910364,0.32105932
0.3595738,0.39324892
0.42008388,0.45479745
0.44710276,0.5044206
0.49823952,0.5516426
0.55286133,0.60017943
0.59534484,0.6449462
0.63673055,0.675704
0.66236055,0.6969067
0.6965244,0.714769
0.7156559,0.72616386
0.7238046,0.7305667
0.69939405,0.6985572
0.6311061,0.6485307
0.5892521,0.606434
0.5458188,0.5586133
0.46769306,0.4858829
0.3977813,0.41187024
0.3332768,0.34320432
0.2942442,0.30025613
0.26504263,0.2713715
0.2457701,0.25584286
0.23736225,0.25755224
0.2366033,0.28443518
0.24881567,0.33844966
0.27602598,0.4064734
0.31366888,0.47233745
0.3720643,0.52136606
0.43764278,0.57357126
0.5005285,0.6234744
0.551485,0.66808826
0.6013231,0.6984497
0.6325592,0.7209393
0.6378023,0.73542595
0.6405397,0.7459067
0.63615996,0.73575526
0.603214,0.6956495
0.56560296,0.63919365
0.5238641,0.5925478
0.49578094,0.5423182
0.45261133,0.46811286
0.4024935,0.39645535
0.34396905,0.34286106
0.3005666,0.30145645
0.27036765,0.27522394
0.2500835,0.2570495
0.24428825,0.25905237
0.26744464,0.28011492
0.31300327,0.32646263
0.39139873,0.39602438
0.4672064,0.46714422
0.53432107,0.52825695
0.6041805,0.592423
0.66320205,0.65516555
0.7180157,0.71024567
0.7515373,0.7488605
0.78336203,0.77497077
0.7953753,0.7924334
0.7979185,0.8009261
0.79919004,0.7915844
0.7635909,0.75166166
0.71865433,0.6957873
0.662126,0.6472248
0.63079256,0.60055137
0.55004346,0.5267829
0.4868355,0.4611417
0.4148339,0.40361956
0.36411455,0.3555513
0.32811916,0.32092467
0.3066224,0.29873586
0.30051175,0.2970308
0.31580678,0.31852508
0.35790905,0.36849937
0.4299069,0.44147417
0.50868714,0.5104802
0.59337395,0.57000154
0.6579967,0.6289623
0.7201712,0.6838411
0.749176,0.7332033
0.7919837,0.7678241
0.80898046,0.79361963
0.83674854,0.81018996
0.85102856,0.8164085
0.8499207,0.81148887
0.8281997,0.7715659
0.76181555,0.71003425
0.7100839,0.65980303
0.66339576,0.6091957
0.572278,0.5341984
0.50159603,0.45900136
0.4301021,0.43889964
0.3851493,0.38710603
0.35405925,0.35365096
0.33522224,0.331509
0.3424718,0.3288895
0.3529897,0.35012254
0.3875229,0.39403194
0.4349256,0.4589775
0.48770833,0.5192806
0.54420686,0.57609785
0.60198003,0.6248122
0.6659042,0.67030144
0.71004033,0.70932555
0.75395775,0.73324823
0.7602108,0.75061953
0.7175258,0.7573093
0.6539149,0.7565208
0.6483376,0.7475204
0.65161175,0.71532965
0.62023723,0.66017056
0.5808742,0.62068594
0.5510703,0.5741114
0.48646802,0.5083217
0.44049674,0.44176275
0.38833812,0.39318687
0.33751535,0.3476956
0.30947393,0.3159877
0.28549892,0.29586256
0.2741737,0.287106
0.2717165,0.29535538
0.28888193,0.3127074
0.33151788,0.35430533
0.39894813,0.40283996
0.4738529,0.45817533
0.5446855,0.500626
0.5954445,0.5396166
0.62704253,0.56890666
0.6547055,0.5855355
0.6431352,0.60052776
0.6244852,0.60324776
0.6089293,0.59574795
0.5640621,0.58331454
0.5057342,0.55712223
0.46401057,0.51683545
0.4424302,0.4944366
0.4260277,0.45826256
0.3874065,0.41102174
0.34629565,0.36450106
0.3021818,0.32029516
0.2672968,0.27890855
0.24436688,0.2524177
0.22254704,0.23125577
0.21693349,0.22530667
0.21447407,0.22851977
0.22555262,0.24132612
0.260039,0.27326936
0.3036298,0.31594035
0.36757874,0.36106846
0.41368932,0.3961894
0.4495962,0.43073183
0.46174756,0.45148718
0.48314413,0.46435732
0.50062,0.47519934
0.53281957,0.47878405
0.5173606,0.47164077
0.47800753,0.45676076
0.42311338,0.43231976
0.3850312,0.40156975
0.36631298,0.38531992
0.3630876,0.35444787
0.3280152,0.31594735
0.2788124,0.27832812
0.24286914,0.24539256
0.20639083,0.20523609
0.18554994,0.17896678
0.1751695,0.16004297
0.17630707,0.15710142
0.20437942,0.16595003
0.24214146,0.18698263
0.30466312,0.22760469
0.35170528,0.273068
0.36434567,0.31669477
0.3913558,0.3561857
0.41829315,0.40117964
0.44782615,0.43593344
0.50692546,0.4657817
0.55163217,0.49514347
0.584795,0.5173515
0.6207755,0.54225755
0.6440799,0.5538518
0.63015956,0.53640616
0.5879342,0.4983674
0.5338324,0.4749432
0.47821262,0.43591124
0.41304404,0.39488152
0.33981135,0.33846873
0.2876599,0.29219723
0.2314089,0.25205207
0.19969286,0.22129172
0.1784354,0.20376895
0.17593682,0.20210595
0.20350184,0.21386787
0.22971132,0.24772575
0.302424,0.3051251
0.3552052,0.36898997
0.4079363,0.42461812
0.4631159,0.4814234
0.5081834,0.53695107
0.554676,0.5884496
0.59227276,0.62685287
0.6241705,0.6547091
0.6610281,0.67609036
0.70137453,0.69707257
0.709907,0.7077453
0.6949528,0.6850836
0.6374615,0.63795984
0.5871416,0.59415317
0.5391738,0.5534848
0.46577993,0.48959222
0.39465234,0.4241073
0.33016714,0.32680267
0.27475235,0.28438744
0.24858029,0.25480387
0.224701,0.23769991
0.21648975,0.23840134
0.2286486,0.25689903
0.28272274,0.30315077
0.3424648,0.37320703
0.40571,0.44041032
0.48202708,0.5021736
0.5508089,0.56775475
0.6114224,0.63194203
0.6683389,0.6881618
0.6991149,0.73027766
0.7269704,0.7595597
0.7529539,0.7816348
0.77089566,0.8004844
0.7707039,0.80488265
0.74782884,0.7736889
0.6944566,0.7182447
0.6431535,0.6626437
0.58759785,0.61459506
0.50808376,0.53791595
0.4420579,0.4638266
0.3715561,0.37842616
0.32563356,0.32991838
0.2919111,0.2986487
0.28169525,0.2760765
0.2677272,0.2744242
0.2846769,0.29165226
0.3343821,0.33728147
0.40741664,0.41077042
0.45929325,0.48191777
0.5243136,0.55003923
0.59775996,0.62172294
0.65864426,0.69202656
0.7185083,0.750833
0.76496094,0.7948388
0.79612315,0.82780176
0.8195048,0.8505057
0.8214817,0.8694564
0.82660806,0.8713619
0.80306983,0.8384049
0.75927866,0.7792468
0.7070187,0.7189491
0.68249685,0.6648935
0.6191127,0.58755386
0.5604383,0.50871617
0.4937868,0.467892
0.4414846,0.41748446
0.40692383,0.3871095
0.37904567,0.36225176
0.3729966,0.36078402
0.38727865,0.38089094
0.40798894,0.4247023
0.47671556,0.4874614
0.5347715,0.5410948
0.58232427,0.5960191
0.6305873,0.64103466
0.6902276,0.6864502
0.74325013,0.72030294
0.7792107,0.740269
0.7864767,0.7549896
0.79764223,0.75668776
0.7881522,0.7559341
0.76099026,0.74612665
0.71093243,0.7147213
0.6693691,0.6724646
0.634686,0.6374115
0.60660356,0.5858096
0.5403104,0.52087194
0.4753775,0.45143875
0.415985,0.41990733
0.37555173,0.36730668
0.3272144,0.3350338
0.3008904,0.30793154
0.285048,0.30063504
0.28135526,0.30830184
0.29758617,0.33523542
0.3470136,0.39015764
0.42459676,0.44980845
0.50578773,0.5131316
0.582227,0.57039577
0.6536356,0.6240395
0.70216376,0.6646297
0.7174145,0.69360304
0.7351486,0.71751195
0.7320689,0.7276882
0.7273765,0.7317836
0.7014901,0.72193456
0.6615153,0.6921878
0.6233773,0.64353216
0.58201027,0.60411775
0.5554958,0.5578311
0.51426053,0.5011228
0.46573293,0.43997067
0.43084687,0.41088223
0.39489558,0.36581588
0.3732048,0.33441153
0.35260457,0.3122185
0.32197347,0.3046284
0.30736184,0.3156119
0.30428192,0.33615097
0.3239324,0.37028155
0.35167843,0.39857796
0.39012492,0.44129586
0.42303887,0.46293515
0.43391484,0.48388937
0.44610482,0.49450523
0.46591547,0.50219285
0.46437055,0.5102972
0.4606886,0.5094218
0.46640915,0.5125757
0.48341507,0.50645447
0.49494728,0.49238184
0.4941514,0.46679997
0.47906646,0.45722714
0.4618911,0.4229957
0.41749883,0.3876946
0.3611466,0.33176455
0.3073745,0.3231266
0.27613539,0.28475457
0.24321717,0.25418255
0.23119026,0.23809533
0.23228818,0.23850237
0.25279146,0.25566196
0.28592387,0.2934862
0.34696743,0.35220245
0.4031511,0.4155002
0.46052468,0.46728897
0.51747,0.5258338
0.5830261,0.582012
0.6294926,0.6304028
0.67582315,0.6683845
0.7297691,0.69915915
0.73428833,0.7180157
0.7469251,0.730544
0.74494976,0.7302133
0.7176815,0.6937686
0.66827494,0.64063215
0.62574226,0.5994561
0.5815508,0.5553501
0.51057345,0.49216938
0.43423894,0.43003577
0.37308648,0.38291055
0.32665217,0.3400329
0.28878433,0.30808544
0.2652893,0.29070312
0.26260406,0.2919019
0.28500253,0.31164673
0.3228085,0.35707232
0.38929927,0.41973338
0.4450257,0.48394075
0.5024787,0.5383814
0.5654021,0.5931263
0.617352,0.648545
0.6635966,0.6966933
0.70489395,0.7306739
0.7335352,0.7547418
0.7797512,0.76836574
0.7734342,0.78054214
0.77759606,0.7799485
0.73739237,0.7458427
0.6814196,0.6929164
0.63181764,0.64935243
0.57133406,0.60234
0.49066877,0.53209186
0.41501665,0.46247634
0.352609,0.3793001
0.3083485,0.3327694
0.28106844,0.302407
0.25868535,0.28019643
0.26047215,0.27481067
0.28392255,0.28851324
0.31673753,0.3184436
0.3595562,0.36475113
0.39903805,0.40210572
0.4155397,0.4482094
0.4368028,0.47819072
0.45226622,0.5080974
0.48616922,0.53175294
0.50634533,0.5485116
0.54090023,0.5646703
0.5940859,0.5737256
0.61470675,0.5828149
0.6284807,0.5862851
0.6077013,0.57198846
0.57230806,0.5393205
0.54229337,0.51119596
0.5166622,0.47210902
0.45589262,0.42354175
0.38918817,0.35701388
0.32718977,0.33277637
0.2911513,0.29283375
0.25555006,0.2674249
0.24091397,0.25220147
0.24132678,0.25789973
0.2550309,0.28517827
0.30118576,0.33517984
0.36855054,0.39864805
0.43671137,0.45070988
0.4886958,0.49001044
0.5450448,0.53058416
0.5958674,0.5747224
0.62645334,0.6084448
0.6568041,0.6302304
0.6561985,0.64435387
0.6579536,0.65081596
0.68063587,0.6517756
0.6868969,0.6474242
0.6840893,0.6163282
0.60808605,0.5712327
0.5719717,0.53288925
0.52791286,0.4887129
0.4722145,0.42532098
0.39630118,0.3653929
