true,forecasted
0.12474819,0.12790357
0.08558912,0.08780829
0.06061235,0.06453476
0.04635461,0.05718364
0.049339414,0.060586445
0.07383125,0.08717695
0.117402695,0.1326491
0.15498608,0.17599325
0.17415959,0.19959724
0.18474919,0.21939631
0.19525528,0.23676398
0.21254672,0.2612329
0.23188795,0.27727535
0.2534762,0.29497507
0.28153026,0.31822073
0.3106645,0.33918047
0.3405231,0.37457865
0.36111933,0.38910553
0.35520396,0.38263813
0.3331354,0.3668317
0.31973055,0.349944
0.29253814,0.3146582
0.22688706,0.25266442
0.15879102,0.18738285
0.10675495,0.105003715
0.06958175,0.07026185
0.048550878,0.046859764
0.03768236,0.041075546
0.040245205,0.044192504
0.067617334,0.075374424
0.1097642,0.12722501
0.14954132,0.16931899
0.16577548,0.19905102
0.1721984,0.21771874
0.1796221,0.23738724
0.19173963,0.26642212
0.20604122,0.29133794
0.22887062,0.31313726
0.26168197,0.3420437
0.28523853,0.36571768
0.30407798,0.4036215
0.31150907,0.4128922
0.29926836,0.40627843
0.28484914,0.3857223
0.2814246,0.3568911
0.26219875,0.3157957
0.20615263,0.25256905
0.14242744,0.18276134
0.09388464,0.09640181
0.062104292,0.0681554
0.038670678,0.046385325
0.026543453,0.034280237
0.0320272,0.03606989
0.056677528,0.05635384
0.0994233,0.08834687
0.13816848,0.1210764
0.16009125,0.15895821
0.1677768,0.18171988
0.17902829,0.20663032
0.19991635,0.23069167
0.2267498,0.25474355
0.23778027,0.2716768
0.23624796,0.29603988
0.24946016,0.3205226
0.26262668,0.36209542
0.27219638,0.38984284
0.26926926,0.39639556
0.25402826,0.38134477
0.24298371,0.34691817
0.2252936,0.3151451
0.18418166,0.25401917
0.12947202,0.19221386
0.0843964,0.1575981
0.05276093,0.12527041
0.033267215,0.1043689
0.019725569,0.09402397
0.018312067,0.09212502
0.021825403,0.10432266
0.030297179,0.12575865
0.057316106,0.15253395
0.089065544,0.19463429
0.1183511,0.24513867
0.14520347,0.2991256
0.17030388,0.34762317
0.1942845,0.39902243
0.22392763,0.428085
0.26383117,0.45469785
0.3054795,0.48167324
0.35170493,0.50603485
0.38153425,0.51594543
0.38921148,0.49392998
0.36829942,0.4779312
0.33964092,0.4459489
0.31719792,0.39934036
0.26631144,0.343978
0.20882784,0.28366005
0.1540093,0.1501843
0.11489844,0.10904197
0.08810629,0.08465134
0.0673398,0.06448668
0.05939933,0.056694094
0.05519966,0.05717352
0.055625536,0.0641242
0.08548946,0.1016462
0.13492692,0.15933241
0.1873328,0.23206903
0.24166664,0.29408866
0.29346186,0.36114058
0.3442842,0.41798684
0.39280602,0.46570367
0.44543752,0.5139024
0.46984586,0.5577402
0.50041735,0.603802
0.5261997,0.62479496
0.51263475,0.61266226
0.4880179,0.57980645
0.46776494,0.53737843
0.44461763,0.48558012
0.38096026,0.41580117
0.30676287,0.34014153
0.24510753,0.24019875
0.20348944,0.19285807
0.17383753,0.16512658
0.16213918,0.14900169
0.16753341,0.1454709
0.19571806,0.17179152
0.24238159,0.21386981
0.29709816,0.2567051
0.3471299,0.2863938
0.37859488,0.31638995
0.40798473,0.3354953
0.41857457,0.36652818
0.41950682,0.39184386
0.4301151,0.40985745
0.44063205,0.42639184
0.43609485,0.43073022
0.43384692,0.4440735
0.43143147,0.43708566
0.43265674,0.4113124
0.38585317,0.3972071
0.35369885,0.37543255
0.32852808,0.33504826
0.2592181,0.27265638
0.1885885,0.21253744
0.13042757,0.1333409
0.09223191,0.09278733
0.06878122,0.069043644
0.057687763,0.055448737
0.062562004,0.057907417
0.08392023,0.08447212
0.1255411,0.1320175
0.17156605,0.1720363
0.19730413,0.20287256
0.20303933,0.22820719
0.2246375,0.2476911
0.2387702,0.27836496
0.25532526,0.30689743
0.28817075,0.33798692
0.31563056,0.36972126
0.35360312,0.40244222
0.38840336,0.444611
0.40918505,0.45996693
0.4088051,0.4523892
0.37915155,0.4250705
0.36511576,0.38874987
0.3473952,0.34748918
0.28010523,0.2837721
0.20518716,0.21007577
0.14683267,0.12913892
0.106593,0.08933119
0.08200173,0.0695716
0.06935012,0.057350803
0.07283139,0.06273588
0.09624263,0.08764163
0.14056224,0.14070222
0.18564315,0.18263535
0.21476561,0.21335565
0.23571758,0.24177063
0.25657797,0.26091415
0.2490712,0.2919463
0.22553793,0.3226737
0.24723552,0.3529692
0.285514,0.38242656
0.30430385,0.4213777
0.3335615,0.46533275
0.36563253,0.48944494
0.36917356,0.48393142
0.35174736,0.4621811
0.3250535,0.42624998
0.30319673,0.3801477
0.23926713,0.31651533
0.1663197,0.24034584
0.115832314,0.120663896
0.07791949,0.0842618
0.0557951,0.06398126
0.04290818,0.050144907
0.048447754,0.054672685
0.070541695,0.07586949
0.102438316,0.12007478
0.14610988,0.16178833
0.174041,0.19789732
0.1924352,0.23231511
0.21106033,0.26525214
0.23490736,0.30491638
0.26825392,0.34577075
0.30000222,0.3819723
0.33666304,0.41888922
0.37356517,0.4577644
0.40637952,0.49854696
0.43033242,0.5165729
0.4179752,0.5029587
0.38317776,0.47681293
0.35400084,0.43438715
0.32653484,0.3850345
0.2597104,0.31866908
0.18960959,0.24674937
0.18867248,0.14335711
0.18773538,0.102874324
0.18679827,0.081024535
0.18586116,0.072956026
0.18492405,0.07633355
0.18398695,0.10101327
0.18304984,0.14298555
0.18211274,0.18213893
0.18117563,0.20767546
0.18023853,0.22897361
0.17930143,0.2464158
0.17836432,0.27126178
0.17742722,0.289644
0.17649011,0.30443808
0.17555301,0.3237927
0.1746159,0.34276968
0.1736788,0.3812365
0.1727417,0.39845982
0.17180459,0.39325112
0.17086749,0.38017783
0.16993038,0.359161
0.16899328,0.32560134
0.16805618,0.26891914
0.16711907,0.20928676
0.16618197,0.10248418
0.16524486,0.07018804
0.16430776,0.04685515
0.16337065,0.032757837
0.16243355,0.026924973
0.16149645,0.0312437
0.16055934,0.045477457
0.15962224,0.07302542
0.15868513,0.11868353
0.15774803,0.16184653
0.15681092,0.20270789
0.15587382,0.24684474
0.15493672,0.28980294
0.15399961,0.32418656
0.15306251,0.3647928
0.15212539,0.40256026
0.15118828,0.4450329
0.15025118,0.47068807
0.14931408,0.46745294
0.14837697,0.45114186
0.14743987,0.41735074
0.14650276,0.37488562
0.14556566,0.31348523
0.14462855,0.24856043
0.14369145,0.08682125
0.09807208,0.058177516
0.06835927,0.03513179
0.048092477,0.020838019
0.04066577,0.01686153
0.03221476,0.020710673
0.033802208,0.03165274
0.05757841,0.058299154
0.09975228,0.10368124
0.14358926,0.14516568
0.18571374,0.1905957
0.22624964,0.23171529
0.26315498,0.277181
0.29845652,0.3129879
0.33806846,0.35498103
0.3801159,0.39623186
0.42264366,0.4346527
0.44476226,0.46762893
0.44562486,0.46561685
0.41824812,0.45476916
0.38193265,0.42318296
0.35283926,0.3800028
0.29016608,0.3152731
0.21806623,0.25171047
0.15707622,0.15791258
0.11465136,0.11675351
0.08333126,0.092217915
0.072647065,0.078812376
0.074208446,0.08296011
0.086866505,0.10901725
0.11296817,0.15772599
0.15271206,0.2164905
0.20271058,0.26289085
0.25472313,0.31476542
0.31159514,0.36700654
0.36657286,0.4306092
0.4226282,0.4855572
0.46621647,0.53592306
0.49829075,0.5849929
0.541302,0.62659913
0.58652645,0.663355
0.60275644,0.6705562
0.58483195,0.6445686
0.5433735,0.6062361
0.51125586,0.5643633
0.4815998,0.50468147
0.41062763,0.42092824
0.33291253,0.33378792
0.26579952,0.2563857
0.22059402,0.20413461
0.18702851,0.17545117
0.16819713,0.15941003
0.17347832,0.15848492
0.20163691,0.18825708
0.24066979,0.23485684
0.2847084,0.28833565
0.31262153,0.32272366
0.33965635,0.36169493
0.35375792,0.38472515
0.37202224,0.4251857
0.40782923,0.45474792
0.42386636,0.47685525
0.4220976,0.49593782
0.4278773,0.5057435
0.43117934,0.523005
0.4240913,0.5179253
0.4112579,0.49161705
0.39132884,0.4723524
0.38195643,0.44447368
0.3637145,0.39722148
0.30662817,0.3311752
0.23775004,0.25927553
0.18498935,0.18275563
0.14443523,0.14419636
0.114999026,0.12109924
0.099980205,0.10914375
0.10348178,0.11296575
0.1284417,0.15021674
0.1626068,0.21326524
0.20090859,0.2521587
0.22649072,0.26674688
0.24206737,0.2686494
0.25049484,0.25843638
0.25805214,0.25621906
0.25471458,0.2554113
0.25432655,0.25794253
0.24749598,0.25607914
0.24916187,0.25315958
0.25525928,0.27006215
0.2654537,0.27714184
0.2573222,0.27868253
0.24596943,0.27900156
0.2416002,0.26265278
0.22090177,0.23500487
0.17412314,0.18187758
0.124452434,0.12956929
0.086864665,0.09721507
0.05939287,0.07269558
0.047700517,0.058488794
0.040013123,0.050490882
0.05229722,0.059691556
0.080156125,0.091364995
0.12305623,0.15142256
0.16575263,0.184843
0.18948086,0.20719448
0.20806907,0.21455906
0.2179818,0.21830967
0.22686999,0.22463506
0.22865008,0.23010094
0.23371233,0.23202668
0.23201598,0.23087579
0.23178644,0.23891342
0.23757656,0.2583555
0.2513219,0.27336216
0.24819316,0.28013545
0.24515045,0.27445018
0.24612331,0.2523293
0.2333958,0.2241449
0.19082744,0.17594835
0.14503759,0.12386061
0.10488859,0.1233879
0.077885576,0.093666725
0.061441027,0.07749832
0.05777497,0.06853325
0.06323611,0.07230893
0.08889528,0.08588675
0.13228956,0.12824707
0.17844461,0.15665688
0.2185168,0.19121699
0.24250339,0.21848014
0.26214337,0.24671075
0.26982823,0.27642852
0.28699142,0.31211242
0.2999946,0.32923707
0.31763417,0.3494671
0.329112,0.37533358
0.3333691,0.40348023
0.33324727,0.41641378
0.3217342,0.41061157
0.31127816,0.39893797
0.30961272,0.3647072
0.30567443,0.32385957
0.26942474,0.2763028
0.22038777,0.22201532
0.18060581,0.17750762
0.14501268,0.13440906
0.12200678,0.11375453
0.10962579,0.098747976
0.10441796,0.097573586
0.113182954,0.10939619
0.12271157,0.13189933
0.15573978,0.16919138
0.2014978,0.20802075
0.2424042,0.25919214
0.28761706,0.29983684
0.33100396,0.34527043
0.37284562,0.3868624
0.3895338,0.41718528
0.40386233,0.44655216
0.4160108,0.47875738
0.43619707,0.5135199
0.45320567,0.538298
0.46847504,0.5276732
0.454493,0.5064763
0.42969063,0.4747567
0.41024905,0.4278321
0.35998568,0.37028614
0.303256,0.30128455
0.24407147,0.22900313
0.19086759,0.18216
0.15742135,0.15222223
0.12810281,0.13264026
0.11399433,0.12428302
0.10550271,0.1333319
0.107862085,0.1466862
0.14967304,0.19183421
0.20193544,0.25292188
0.26752284,0.3273346
0.34286726,0.39475885
0.39979625,0.46600637
0.44702798,0.5167706
0.485091,0.56245047
0.5019995,0.60690355
0.53497833,0.64287186
0.5589232,0.68817604
0.5947691,0.7073504
0.58734614,0.69441956
0.5776205,0.6552061
0.5381477,0.6176588
0.5062028,0.56760937
0.43805027,0.49073744
0.3591261,0.40689895
0.2984284,0.29602495
0.24827528,0.25063834
0.21522032,0.21822044
0.19965519,0.20032454
0.20178433,0.19484043
0.22559445,0.2134435
0.26445198,0.24219203
0.32168734,0.2929553
0.3682385,0.36079925
0.43205047,0.429679
0.4894743,0.502843
0.5598792,0.57280535
0.61332184,0.6246333
0.6285732,0.6639126
0.63008547,0.69848204
0.64154476,0.7236645
0.686302,0.76230985
0.7253063,0.76980233
0.6903358,0.7523408
0.61742485,0.7129888
0.5651064,0.66398203
0.51594025,0.615077
0.43850154,0.5339287
0.36018616,0.45057645
0.28982487,0.29197553
0.23689207,0.2392427
0.19943003,0.20355155
0.17463206,0.18197094
0.17130028,0.17742188
0.19136268,0.20300676
0.2333739,0.24747697
0.27606267,0.2921033
0.3078061,0.3259699
0.35051888,0.35637656
0.39486432,0.37592173
0.45608804,0.40121695
0.51654816,0.42826763
0.548768,0.45031545
0.5796592,0.46663082
0.54138416,0.47084486
0.47591096,0.4737324
0.45508704,0.4593133
0.4706113,0.42744803
0.47230282,0.40382203
0.44756296,0.3783688
0.4152769,0.33424252
0.34526747,0.2739555
0.27257425,0.2071632
0.21236055,0.21509995
0.17179099,0.16894227
0.14251488,0.14360303
0.12908398,0.12717943
0.12851852,0.12977393
0.14995012,0.15200335
0.18687601,0.19838029
0.24439721,0.23899387
0.2842816,0.27419493
0.31846377,0.30892965
0.3534617,0.33221275
0.3802972,0.36799052
0.39319798,0.4042728
0.40459412,0.43465236
0.4257798,0.4581467
0.45820978,0.4841655
0.4710065,0.5068183
0.48178276,0.51483345
0.47177866,0.49588144
0.44589016,0.47108173
0.4273361,0.43830505
0.3984522,0.3924055
0.33146396,0.33370608
0.2543268,0.26203114
0.18931106,0.18412156
0.14021526,0.13829398
0.11184535,0.11519825
0.09686806,0.095417425
0.09970429,0.099357456
0.12055429,0.116779804
0.15551277,0.15658534
0.19927476,0.20086327
0.23151721,0.2393479
0.2586785,0.28600797
0.29164118,0.32359487
0.3294119,0.37215468
0.374075,0.41803613
0.417562,0.46156374
0.45951325,0.5006838
0.5032321,0.5416737
0.54613936,0.5772751
0.56773174,0.59343314
0.5554507,0.5734981
0.5202827,0.53917634
0.4723494,0.4956048
0.43750882,0.44261637
0.3609424,0.37614733
0.28181404,0.2978738
0.21506067,0.23612076
0.17114595,0.19240418
0.1391695,0.16495542
0.12317528,0.15061162
0.124711506,0.15425679
0.14419161,0.17705692
0.17914087,0.22203621
0.22835293,0.26674774
0.27715182,0.30494186
0.3255721,0.35007462
0.3755367,0.39932215
0.4269093,0.45917985
0.47656408,0.5119056
0.5210327,0.550791
0.54397124,0.5846498
0.5600231,0.6075376
0.5608809,0.6190166
0.5137839,0.60213935
0.4466418,0.554705
0.40744305,0.5202819
0.39054656,0.48591214
0.37355617,0.42815712
0.32609487,0.3645149
0.2715693,0.29285866
0.22355251,0.2266473
0.18378393,0.18456407
0.15987277,0.15446831
0.14183454,0.1391945
0.13465607,0.13395377
0.13836482,0.1440243
0.14491832,0.15866102
0.17433976,0.1869159
0.22018199,0.23147066
0.2734689,0.2930831
0.31929985,0.35869217
0.36337537,0.42788985
0.41310513,0.48460472
0.43244842,0.52578664
0.44392022,0.5647927
0.47254804,0.59128094
0.4918466,0.61217153
0.5100087,0.6024259
0.49634248,0.5602135
0.4755257,0.52217984
0.45372868,0.49108887
0.42651203,0.4389385
0.3788512,0.38048214
0.3207152,0.308575
0.2717089,0.2577851
0.23001374,0.2133515
0.20367053,0.18418111
0.18599728,0.16599023
0.17843585,0.15697427
0.17576341,0.16372034
0.17687008,0.17760241
0.20636211,0.2179213
0.25734872,0.28626066
0.31375173,0.3620707
0.3707527,0.43605
0.4481575,0.5060411
0.5078888,0.5594535
0.5629076,0.6015016
0.5839971,0.6427159
0.5772922,0.68241775
0.6108649,0.73417443
0.65709585,0.76767564
0.6438183,0.76599425
0.601492,0.7281419
0.56359786,0.68180436
0.5264673,0.6342549
0.46185303,0.5559627
0.38978338,0.4698012
0.32270497,0.34342587
0.2748787,0.30225703
0.24860658,0.2675028
0.23470065,0.2527137
0.2390092,0.25276253
0.24838625,0.28156766
0.27731514,0.33547544
0.33486056,0.39095065
0.3808117,0.45396176
0.42352676,0.509802
0.4663602,0.5830615
0.5154458,0.6505627
0.564657,0.7072217
0.6153686,0.74073786
0.6760153,0.76893115
0.70562893,0.7811388
0.74675936,0.7929204
0.76736367,0.7773672
0.74521667,0.7372718
0.6715038,0.6998919
0.5999428,0.6505238
0.55716866,0.59310824
0.48813,0.5114198
0.4132486,0.43314204
0.34956056,0.33261582
0.29259098,0.2806302
0.25200477,0.24348769
0.22552063,0.22211611
0.21264847,0.2202128
0.21150628,0.24067217
0.21812806,0.28048703
0.25986704,0.34274867
0.32485417,0.41205868
0.40221122,0.4851697
0.47954473,0.5608574
0.5471392,0.63609076
0.5821039,0.6957018
0.60991275,0.74372613
0.6283748,0.7854932
0.66570854,0.81832147
0.69516486,0.85246605
0.6730587,0.85680366
0.6512824,0.82910013
0.62006634,0.7776941
0.5754994,0.72361475
0.5355119,0.6634224
0.4880825,0.5756318
0.42444104,0.4817249
0.3555168,0.3482494
0.29411337,0.30234376
0.25409794,0.26667476
0.23028712,0.24815232
0.2307446,0.24880905
0.25274786,0.26979804
0.29993415,0.3133954
0.36507055,0.3670039
0.4328233,0.43426725
0.50655395,0.502577
0.5828597,0.5815082
0.64655465,0.65703714
0.7013732,0.71680367
0.73063457,0.75592494
0.7354184,0.78780705
0.7223363,0.8073801
0.7016021,0.8280423
0.7390833,0.81940794
0.7595953,0.78275967
0.7377002,0.74092674
0.6869542,0.68881816
0.64675194,0.6333102
0.5560461,0.55240107
0.46353573,0.4724751
0.38874364,0.3930708
0.32664764,0.33717802
0.28527293,0.29965943
0.26434863,0.2769914
0.26190713,0.27420667
0.2820422,0.3012448
0.3194401,0.3447153
0.3997711,0.404462
0.48230183,0.46369776
0.5548292,0.51484513
0.62820774,0.5621168
0.68236005,0.6064878
0.7190084,0.6405341
0.721138,0.6625202
0.7249139,0.676038
0.69132876,0.6784922
0.7257204,0.6931671
0.7769968,0.69849956
0.78305125,0.6730704
0.74691206,0.64616454
0.69471776,0.6009622
0.64481753,0.55660033
0.5654889,0.47491422
0.47138485,0.3979711
0.39221427,0.40453297
0.33238745,0.3457462
0.29180428,0.30990195
0.2683838,0.28653753
0.261547,0.28293774
0.27952087,0.30479616
0.3163757,0.34812966
0.38752,0.4095541
0.46493793,0.46668628
0.5414144,0.5201347
0.6220887,0.56161475
0.6867362,0.6059354
0.67963433,0.6368495
0.6381053,0.656909
0.6143411,0.6702186
0.6596732,0.6715541
0.7095721,0.68276775
0.7474256,0.6893172
0.732622,0.668997
0.67051107,0.63990617
0.62311065,0.6001612
0.5889982,0.55472904
0.52511287,0.47861636
0.4524363,0.40271437
0.39096066,0.3816266
0.33956385,0.33051857
0.30003288,0.29186064
0.27175134,0.26853663
0.25706705,0.26355878
0.25390115,0.2723861
0.25948316,0.30121493
0.2969964,0.34245065
0.36139917,0.4050268
0.4419865,0.47772145
0.51643604,0.5523129
0.5883935,0.62557375
0.63914204,0.6833085
0.66321725,0.7205987
0.6843886,0.74972826
0.7112073,0.7619128
0.72333425,0.7680052
0.7165962,0.7472911
0.68662065,0.698
0.64649236,0.6531304
0.6092668,0.6125242
0.57505906,0.5586087
0.5043706,0.49076182
0.42930996,0.41498083
0.36325377,0.3623252
0.30739847,0.31127658
0.27049956,0.27395085
0.24510777,0.25019047
0.23450063,0.24223666
0.22954704,0.24883401
0.23074529,0.27300426
0.26029247,0.30332384
0.31776083,0.35454255
0.3860629,0.40929356
0.45167127,0.45884928
0.504456,0.5083843
0.55085075,0.5470678
0.58916014,0.57239705
0.60220623,0.5920697
0.5365134,0.59512025
0.4732757,0.5990072
0.4531413,0.5906166
0.44114858,0.5563052
0.43054214,0.52440315
0.41407937,0.49586725
0.39853707,0.45445907
0.339284,0.39584893
0.27449992,0.33100495
0.21600331,0.24873006
0.1776127,0.20622396
0.14892189,0.17816256
0.13662188,0.16232465
0.1410038,0.1603169
0.16639559,0.17544863
0.21170214,0.2052894
0.26553074,0.24380514
0.29868606,0.29946247
0.32020372,0.35210502
0.34706762,0.41136745
0.38860637,0.46914217
0.44883227,0.5198831
0.5032591,0.5593065
0.5508062,0.59790057
0.5978956,0.632931
0.6446371,0.6705299
0.6756536,0.694013
0.67041254,0.67940646
0.640607,0.6420305
0.5825093,0.5976717
0.52550274,0.5485568
0.43688017,0.47902274
0.3406207,0.3974194
0.26708406,0.27527308
0.21314724,0.22620225
0.17904004,0.19499876
0.16025527,0.17478253
0.15924296,0.17079173
0.17736746,0.18390083
0.22127458,0.21124357
0.2866689,0.25583148
0.34336233,0.31177565
0.39792505,0.37240067
0.4476285,0.43331134
0.49655148,0.49617746
0.5468379,0.5436027
0.59180117,0.5882119
0.63313717,0.6305724
0.6716521,0.6637378
0.70922536,0.70266175
0.73955643,0.7234061
0.7343645,0.7070047
0.6957395,0.66594875
0.6298753,0.62408096
0.5715298,0.57518834
0.4816568,0.4960242
0.38478482,0.40962595
0.30779642,0.3087273
0.25038782,0.25605702
0.21434966,0.22127911
0.19375457,0.20115612
0.18934242,0.19892858
0.20806284,0.22087154
0.24390097,0.25673774
0.3106075,0.3157449
0.37004584,0.37464905
0.43770906,0.44086006
0.50690347,0.50987905
0.56443805,0.5772896
0.61394036,0.62703633
0.6566526,0.67397875
0.702177,0.71713746
0.73518515,0.74809337
0.76962453,0.7826617
0.79639935,0.7958952
0.7890045,0.77249783
0.7493598,0.7259083
0.6993276,0.679545
0.6468652,0.6243329
0.5511142,0.5336837
0.45503074,0.43828177
0.3737241,0.38997868
0.3123057,0.33591908
0.2695276,0.2967384
0.24404216,0.27611527
0.2420669,0.27364415
0.26390755,0.2986487
0.30281606,0.34472367
0.37451497,0.41373572
0.43238637,0.48987272
0.49089402,0.564894
0.5591753,0.6483697
0.6356827,0.7244597
0.700351,0.78138745
0.75971246,0.8253217
0.79527885,0.8646436
0.82932353,0.89199305
0.8712171,0.92763406
0.89487195,0.93757194
0.87532884,0.9173979
0.839099,0.86737
0.79866856,0.8077895
0.7604272,0.74649435
0.67855626,0.6500831
0.5984765,0.54972184
0.51690966,0.45866507
0.4506871,0.39889145
0.39309072,0.34921405
0.34949875,0.31723723
0.3293683,0.3063033
0.3348465,0.3356298
0.355233,0.37590992
0.40225598,0.44322264
0.45368114,0.5106378
0.5162863,0.5758974
0.56570065,0.63446695
0.63724774,0.6905516
0.6903289,0.7260613
0.7447534,0.75765204
0.782529,0.7856641
0.8167935,0.7855764
0.8251767,0.77860045
0.79457706,0.75525945
0.7199245,0.7087962
0.63429385,0.66825426
0.59422725,0.6282924
0.5554908,0.5779297
0.48232606,0.4888186
0.40682083,0.40404147
0.33835405,0.35001042
0.2829417,0.298951
0.24620406,0.2616033
0.22319193,0.23498352
0.21145806,0.22606517
0.21127234,0.22975445
0.21901742,0.24603605
0.2712858,0.28037646
0.3539397,0.34692353
0.44339398,0.41794965
0.5354231,0.48198193
0.60802126,0.54142576
0.64759123,0.5884945
0.68116343,0.62593704
0.70839965,0.6558136
0.746258,0.68191063
0.77998734,0.7118853
0.80050904,0.73191464
0.77896255,0.71335214
0.7343788,0.6684452
0.71215755,0.62549704
0.6864755,0.5816473
0.62055546,0.50983244
0.5327592,0.42683005
0.43963727,0.40257174
0.37332892,0.34765396
0.32631496,0.30939236
0.2938561,0.28484213
0.27427545,0.2791913
0.26951033,0.28642258
0.26987875,0.31966102
0.2928849,0.3663701
0.33620462,0.43412623
0.3827055,0.5016053
0.42781872,0.5578044
0.4670057,0.6161235
0.47279397,0.6611199
0.49048546,0.6918247
0.5183411,0.7140331
0.5340449,0.72923553
0.5820225,0.7500508
0.646195,0.76259947
0.6719075,0.74159276
0.6498186,0.7012221
0.62077487,0.6583573
0.58253837,0.6083486
0.5173955,0.5350616
0.45512232,0.45308596
0.388431,0.36892524
0.33584705,0.31795436
0.2977093,0.28033137
0.27505797,0.25960174
0.2756285,0.25667366
0.3015267,0.2718935
0.33752608,0.31598696
0.3748933,0.37295452
0.41885164,0.44279155
0.45683783,0.5031163
0.51184666,0.5644124
0.57352185,0.6274765
0.63000214,0.6782974
0.68027335,0.7182293
0.72066,0.75237674
0.75035,0.7741897
0.77294797,0.7983544
0.7858836,0.8081995
0.7669521,0.7839962
0.7210873,0.74367154
0.67606145,0.6972688
0.6275058,0.6466797
0.53434366,0.5601901
0.43826714,0.4750043
0.36717984,0.3950261
0.31103408,0.3368395
0.27639166,0.2975046
0.25256076,0.27396294
0.25089443,0.2693135
0.26946026,0.28559008
0.2997399,0.32295403
0.36093456,0.38481963
0.41654715,0.45218804
0.47084293,0.5173978
0.52203625,0.5780414
0.5728699,0.640841
0.6201995,0.6840556
0.66487277,0.71884614
0.70034707,0.7502916
0.7381588,0.76599675
0.7680659,0.7909847
0.785544,0.80142134
0.7639828,0.7795953
0.7148929,0.7376679
0.6623468,0.6950202
0.60587347,0.64392
0.5143094,0.55910087
0.42073253,0.4703875
0.34796134,0.36718446
0.295878,0.31132045
0.26394168,0.273498
0.2502976,0.25063705
0.24527295,0.24827607
0.27089268,0.2677271
0.31634134,0.31278515
0.358437,0.36736462
0.3812853,0.42635435
0.3986515,0.48031875
0.42939672,0.5232632
0.4679428,0.5699305
0.52342486,0.6026653
0.591015,0.63114977
0.64582795,0.655146
0.69040644,0.67225474
0.7323325,0.699591
0.7487415,0.7198913
0.7217067,0.70599824
0.68031514,0.6727787
0.6403052,0.63089997
0.59957623,0.5853394
0.51626736,0.5032177
0.42539635,0.41313678
0.34649548,0.3566343
0.29006872,0.3068608
0.25298664,0.2688695
0.22863623,0.24754901
0.22557437,0.24304573
0.24710424,0.2621052
0.28434667,0.29754
0.34448445,0.3468116
0.4028913,0.41256008
0.46282148,0.47332475
0.52746624,0.5412736
0.58994913,0.6028107
0.6401719,0.6515269
0.6832086,0.68986756
0.71577007,0.7240927
0.71948,0.74637836
0.7346596,0.7712304
0.7555606,0.77980185
0.7456393,0.7568927
0.7031397,0.7139678
0.65579194,0.6659662
0.60787106,0.6166006
0.5293919,0.5356353
0.44549567,0.4472874
