true,forecasted
0.14258178,0.14236468
0.10453709,0.13415177
0.07450541,0.07871975
0.05627215,0.07759387
0.06358708,0.07821929
0.09944315,0.12331011
0.15155703,0.17926642
0.20826067,0.22318211
0.23635933,0.2758004
0.25602692,0.27994487
0.26648507,0.32394314
0.28031513,0.33822313
0.2987634,0.3929339
0.31814578,0.40727523
0.33842045,0.42375088
0.3655575,0.4578774
0.39218548,0.47549796
0.40665594,0.48274383
0.37399316,0.46968934
0.35192683,0.43184754
0.31646132,0.39454168
0.29239267,0.39312035
0.2326698,0.322734
0.17329781,0.24061027
0.11408491,0.097812586
0.084671,0.103165805
0.055789046,0.035989225
0.040250406,0.033494376
0.052305344,0.035291888
0.07798026,0.10769791
0.14648508,0.14282517
0.19144098,0.18126117
0.22111171,0.21234143
0.23029613,0.22300372
0.23581576,0.25030136
0.25567973,0.27899668
0.26172248,0.34525865
0.28972432,0.33097073
0.3060789,0.33602574
0.3283529,0.3726823
0.35209784,0.38160396
0.3609424,0.39453384
0.3347749,0.38530368
0.3068158,0.36508682
0.2905284,0.33298752
0.275573,0.31065845
0.2193552,0.2459747
0.16873369,0.18719876
0.10480154,0.099957384
0.06715201,0.09728867
0.046301387,0.017272525
0.0324988,0.015436552
0.037158497,0.028107705
0.07827189,0.07577371
0.12462214,0.14450379
0.17983311,0.19603273
0.20938292,0.22756353
0.22406651,0.22702415
0.22974128,0.22693987
0.25605533,0.26199245
0.28529578,0.30094063
0.28263476,0.3139122
0.27977434,0.32013205
0.28279692,0.33595634
0.28882745,0.36934376
0.3134937,0.37377045
0.28454855,0.3704067
0.26629788,0.3329539
0.24850374,0.31754908
0.22655652,0.30090576
0.18646033,0.21973127
0.14440517,0.15314752
0.10456519,0.08526001
0.06384084,0.06808781
0.040265065,0.04677648
0.031790636,0.03315092
0.024494644,0.021959687
0.026423385,0.034583896
0.033764265,0.07832554
0.05865437,0.12560281
0.10255949,0.14121147
0.13274783,0.1621926
0.15122722,0.18878232
0.16944644,0.20184995
0.20241214,0.23769447
0.21116477,0.25287616
0.25020406,0.28366706
0.29306388,0.2959063
0.33508486,0.31366846
0.35974225,0.3278906
0.37322664,0.31607485
0.35629827,0.3053626
0.33928344,0.2804396
0.31426844,0.27941772
0.27204806,0.2064856
0.22046982,0.15328258
0.16619053,0.15728289
0.13492484,0.14937446
0.0977926,0.09567028
0.078674674,0.07896487
0.06318337,0.094547346
0.05965905,0.067108706
0.056149084,0.114939764
0.08914564,0.13522324
0.12216235,0.14897776
0.17180727,0.19298902
0.21807875,0.22507675
0.25700992,0.26430458
0.30770382,0.31288788
0.35801506,0.329667
0.39603257,0.3742912
0.4325901,0.4007103
0.45871574,0.4198891
0.47789657,0.43507698
0.4809558,0.4410993
0.45993358,0.39934367
0.45117393,0.378983
0.43560416,0.36985862
0.38233596,0.30540144
0.32891172,0.24356525
0.25625962,0.24510431
0.22336903,0.21316935
0.18879889,0.1690578
0.18220343,0.14489761
0.19272752,0.17915627
0.23621123,0.22791205
0.2941327,0.23271997
0.36086023,0.3068984
0.40884364,0.36048386
0.4431026,0.4318195
0.4648672,0.44893515
0.47600663,0.5086214
0.47311413,0.5296315
0.4886537,0.563869
0.47714323,0.5776821
0.4864504,0.58883536
0.485108,0.6604134
0.49420416,0.6395078
0.4336018,0.5934051
0.38866055,0.560175
0.35869056,0.5370447
0.32866895,0.45587665
0.27526578,0.37913775
0.19940391,0.31965506
0.13565804,0.087578826
0.10336171,0.069197945
0.08359944,0.039660953
0.055123027,0.036878794
0.06582027,0.04824342
0.10526816,0.097726054
0.16645102,0.15093504
0.2290548,0.20352137
0.2556278,0.24736956
0.2818075,0.23864166
0.28944856,0.25862676
0.28435433,0.28408974
0.32085964,0.31593114
0.33904433,0.3205598
0.36276576,0.3393404
0.3977274,0.34741318
0.4211624,0.36086258
0.44268453,0.35254422
0.41800758,0.31453013
0.38395995,0.33813816
0.3590964,0.32385185
0.32971242,0.26944786
0.27712828,0.19512181
0.19922619,0.15184413
0.14130594,0.11217605
0.101259515,0.09927621
0.07912908,0.04905148
0.0645374,0.044165373
0.077801615,0.064792626
0.1335815,0.10987554
0.18487361,0.18056376
0.23953797,0.23580146
0.27746233,0.2993582
0.29809982,0.28231895
0.31713682,0.3024874
0.30694923,0.3278153
0.28251842,0.36127737
0.3175857,0.3725309
0.33987555,0.39671478
0.34872958,0.41305137
0.37786347,0.44280192
0.39821294,0.43662235
0.38456243,0.42972732
0.3610343,0.40431017
0.3308994,0.36665875
0.30792186,0.34646314
0.25760022,0.2681383
0.18718682,0.20550352
0.13115011,0.1218353
0.090824895,0.10668578
0.0581902,0.07051709
0.05092475,0.05573979
0.06255247,0.07042197
0.08875995,0.118547544
0.1582499,0.16602023
0.20546222,0.23497117
0.24063243,0.29506242
0.25748754,0.28593263
0.2752099,0.31233513
0.2862104,0.34958512
0.30891126,0.37032288
0.3337461,0.3737457
0.3693643,0.40875623
0.40237275,0.42512012
0.45440632,0.4388399
0.46298212,0.44444308
0.42874363,0.4401387
0.39665708,0.4158639
0.36032218,0.37040964
0.3343324,0.33899787
0.26893416,0.26242405
0.20785758,0.21698584
0.20676954,0.12621349
0.20568152,0.104991734
0.2045935,0.074505076
0.20350546,0.08475282
0.20241743,0.07883434
0.20132941,0.074891485
0.20024137,0.13634177
0.19915335,0.20569745
0.19806533,0.2503313
0.19697729,0.2684524
0.19588926,0.2668776
0.19480124,0.28984618
0.1937132,0.3151438
0.19262518,0.3188652
0.19153716,0.35443553
0.19044912,0.36677927
0.1893611,0.37710243
0.18827307,0.4019348
0.18718503,0.3956895
0.18609701,0.36482254
0.18500899,0.32069045
0.18392095,0.3114788
0.18283293,0.2340055
0.1817449,0.1882269
0.18065687,0.11553704
0.17956884,0.08819664
0.17848082,0.05983401
0.17739278,0.030285686
0.17630476,0.042506248
0.17521673,0.02290841
0.1741287,0.060741536
0.17304067,0.07286953
0.17195265,0.07547997
0.17086461,0.10581849
0.16977659,0.15577142
0.16868857,0.16786148
0.16760053,0.16720471
0.1665125,0.20271626
0.16542447,0.23329154
0.16433644,0.24112076
0.16324842,0.25488073
0.16216038,0.2849219
0.16107236,0.30328348
0.15998434,0.28591073
0.1588963,0.27006224
0.15780827,0.25452104
0.15672025,0.2222312
0.15563221,0.17152551
0.15454419,0.07855209
0.11740127,0.068724155
0.084527165,0.04641559
0.06951774,0.027928464
0.04577065,0.017086694
0.04510341,0.015542349
0.04551047,0.050942887
0.06296533,0.0986716
0.09613962,0.08120256
0.13730218,0.117257014
0.1654842,0.12000561
0.19633856,0.15130529
0.2230139,0.19894391
0.25927275,0.20986912
0.29833373,0.22559896
0.3442983,0.25003254
0.37506256,0.2526247
0.4067848,0.25657195
0.41205218,0.256677
0.39771366,0.2510707
0.35786605,0.26485994
0.33926114,0.24527785
0.28285187,0.16966002
0.22442318,0.13154814
0.16579844,0.12806487
0.12776658,0.10037188
0.106267646,0.038352087
0.08486918,0.022444077
0.09822196,0.047965437
0.11724736,0.1281815
0.14768305,0.1912767
0.18198141,0.23782268
0.2333453,0.3139036
0.27882674,0.2879281
0.34490752,0.35853332
0.39525175,0.38517493
0.433669,0.39329758
0.472038,0.42795455
0.5218295,0.4660993
0.5582615,0.47646004
0.5953498,0.52015305
0.5878382,0.5051179
0.5458285,0.51229864
0.53554904,0.47892
0.50511086,0.408667
0.46631682,0.38328812
0.40577585,0.29934394
0.32597494,0.22577186
0.27096277,0.20288014
0.21882233,0.1793718
0.18461466,0.10134314
0.17870964,0.13068244
0.18146381,0.14707208
0.23337278,0.18029502
0.2989848,0.22692877
0.34989458,0.30690366
0.3978413,0.3591878
0.4221402,0.4167487
0.4480918,0.44678974
0.4822335,0.47354937
0.5169493,0.51229286
0.52244055,0.54704756
0.5104418,0.53864115
0.5029241,0.5439316
0.49691314,0.60460997
0.47929916,0.59140086
0.44813028,0.5703583
0.41313383,0.5566799
0.39412126,0.48289403
0.37210563,0.4114231
0.31781322,0.3132168
0.2637193,0.26107612
0.19551589,0.14002883
0.16072068,0.13094872
0.13073541,0.090111375
0.11326467,0.09598378
0.12724651,0.11926264
0.1687856,0.12816237
0.22356692,0.17444275
0.27854735,0.22380021
0.30844405,0.2988084
0.3190396,0.29934204
0.3252115,0.359191
0.33178988,0.38835582
0.33230627,0.3912705
0.32833976,0.3927302
0.3261609,0.44946072
0.32153818,0.4340285
0.31918862,0.45374653
0.31626222,0.42271894
0.2834208,0.39346907
0.26032478,0.39911598
0.24956217,0.36236396
0.22834022,0.31504142
0.18678159,0.24635698
0.14471819,0.21090387
0.09278936,0.116667725
0.070743814,0.07109944
0.0431994,0.051421404
0.048112866,0.027310655
0.054809716,0.04019074
0.10852161,0.074913055
0.16497545,0.1229865
0.21597777,0.16855642
0.2581514,0.19426975
0.27103972,0.2047939
0.28503928,0.18751495
0.28850344,0.2053784
0.30243796,0.18441388
0.3057821,0.21018046
0.29642698,0.22559562
0.30311832,0.21307242
0.28931573,0.2502184
0.3043548,0.2699773
0.2872227,0.24641111
0.2683952,0.23269352
0.26053485,0.2357798
0.24070938,0.20189187
0.20596181,0.16170599
0.15330803,0.114764035
0.12136746,0.14471939
0.08868941,0.10945631
0.06933604,0.07913346
0.06638247,0.0608278
0.079041734,0.06918555
0.13083191,0.06489539
0.18719171,0.111029424
0.2493988,0.16309968
0.2947193,0.17959827
0.32310718,0.20334059
0.341389,0.22267929
0.36408803,0.2426201
0.38222387,0.22534814
0.38932413,0.25799832
0.416627,0.28533766
0.4377045,0.28740287
0.4247145,0.3084033
0.4231568,0.3283741
0.37696597,0.35072976
0.3589721,0.31258586
0.34254026,0.28159478
0.33181033,0.26913393
0.3004988,0.2214864
0.26123935,0.17740367
0.21068075,0.16131747
0.17595273,0.12012913
0.14956477,0.11442903
0.13131624,0.10280388
0.13334453,0.09600702
0.13299549,0.08382708
0.1440485,0.124689154
0.17594814,0.19755384
0.22514051,0.19756562
0.27350622,0.24644597
0.30747572,0.25111705
0.3503966,0.2622719
0.3913393,0.2831574
0.39878035,0.31844714
0.4265883,0.3143101
0.47923017,0.32963178
0.478209,0.34248757
0.49353018,0.3694459
0.49036074,0.3621991
0.47200286,0.35177004
0.45358485,0.33172187
0.43016207,0.30394763
0.3820599,0.24047437
0.3298034,0.19908433
0.2836767,0.23732492
0.21602297,0.21142694
0.1833556,0.1836736
0.15395878,0.1668858
0.13805492,0.1539889
0.12355852,0.13682304
0.1378375,0.16156738
0.16395947,0.2044023
0.21899486,0.21418765
0.2706693,0.2728516
0.33120355,0.3411287
0.38334462,0.37784505
0.41930297,0.40459347
0.45813096,0.42823723
0.49401575,0.47289452
0.52904516,0.494882
0.56381655,0.480379
0.5735968,0.50398266
0.600765,0.5130189
0.58089703,0.47627184
0.5504064,0.4247981
0.5408262,0.40499425
0.48369837,0.34296352
0.41778925,0.30513132
0.35274738,0.33898693
0.29599273,0.31049952
0.26897693,0.25419858
0.25358912,0.237813
0.2676339,0.21501312
0.31029737,0.25637493
0.3807477,0.28081587
0.4162923,0.323771
0.4840807,0.35448307
0.5316604,0.41831523
0.5816718,0.48822802
0.6375372,0.5492935
0.682072,0.5859068
0.6795871,0.597337
0.66254455,0.6546256
0.6761642,0.67978835
0.73037875,0.66480446
0.75276965,0.68288434
0.7181064,0.6855755
0.66529167,0.61009556
0.6268023,0.5292741
0.5927599,0.50818306
0.50101674,0.43304867
0.40040952,0.39097363
0.3162671,0.33255643
0.2674525,0.30354437
0.22488308,0.26896393
0.20292792,0.24758217
0.20167619,0.24916628
0.2472221,0.3036401
0.30286822,0.33956566
0.35683298,0.42533576
0.41046026,0.47542357
0.45276096,0.5003314
0.47903472,0.57831395
0.5312167,0.62086946
0.5677495,0.65171933
0.59245485,0.6715691
0.6261977,0.69792444
0.5452254,0.73578167
0.516862,0.73343205
0.5262797,0.6678697
0.5228119,0.64887995
0.4884039,0.61056376
0.45128325,0.56787145
0.42826205,0.5276841
0.36838832,0.42679298
0.2961723,0.38094148
0.23201111,0.17774627
0.18520007,0.16112876
0.15217113,0.12237772
0.13521127,0.104897
0.14137343,0.12344108
0.1787133,0.16186413
0.2430345,0.20848724
0.30537197,0.27021593
0.34894884,0.3166404
0.37127838,0.33918715
0.39289027,0.3601352
0.42455664,0.3962513
0.4415458,0.4399448
0.46603557,0.45820454
0.47059172,0.47267368
0.48320246,0.4854756
0.48998052,0.5171788
0.50074035,0.50448763
0.47628513,0.45765814
0.44932458,0.44851848
0.41385755,0.44202593
0.39591044,0.3849646
0.33410278,0.3005705
0.26021454,0.24294977
0.19456771,0.20778415
0.15007962,0.19099951
0.122118376,0.14721254
0.10884409,0.13465285
0.11078016,0.12791933
0.15469444,0.18326761
0.20960157,0.22720522
0.25685388,0.27610332
0.30843854,0.3219268
0.33423072,0.33930808
0.3634599,0.3669327
0.40026844,0.41728354
0.43417376,0.47463885
0.47489384,0.46606663
0.49984717,0.5080096
0.53899425,0.5430094
0.56258893,0.53657305
0.5962983,0.5489993
0.56372344,0.52611095
0.5243797,0.48421583
0.47364852,0.44160923
0.4398287,0.41957548
0.37833983,0.33955908
0.29904556,0.2895357
0.23740615,0.23295367
0.19439211,0.21980128
0.16941345,0.16044298
0.15886432,0.14490888
0.15951446,0.15899907
0.19956331,0.1913989
0.26260254,0.2206319
0.3166693,0.27439085
0.36107278,0.32519078
0.409506,0.35851753
0.45984748,0.40762717
0.51030225,0.47006592
0.5635167,0.503551
0.61058486,0.5012735
0.63603103,0.5555567
0.6333004,0.57468784
0.6217554,0.5720527
0.5654958,0.59211373
0.50489867,0.5862435
0.45577317,0.5424151
0.4347433,0.47594643
0.41776237,0.43203917
0.3736441,0.3625775
0.3197053,0.31640917
0.26776642,0.24547476
0.22826326,0.22136742
0.18809073,0.1934875
0.16381381,0.17187107
0.15902647,0.16667727
0.15624848,0.13656338
0.16882867,0.16739585
0.19709896,0.19105405
0.25615978,0.20760196
0.31529847,0.2477292
0.36260238,0.35496336
0.4182873,0.38039827
0.47255346,0.40371776
0.49689725,0.42644742
0.52856207,0.48940346
0.5434744,0.5110596
0.55144095,0.48726097
0.5497547,0.48007578
0.52095246,0.49313036
0.47212473,0.46391788
0.4407106,0.4143609
0.42619404,0.40869802
0.38719904,0.35051525
0.33798683,0.30345285
0.2895912,0.2496764
0.24620794,0.255031
0.22067472,0.184193
0.20431493,0.18019304
0.19624054,0.16983634
0.19241421,0.15900213
0.19667631,0.17755102
0.2233272,0.1933673
0.25840548,0.19914939
0.30736455,0.28163213
0.36816815,0.3321731
0.45015582,0.40275654
0.5015014,0.4704577
0.54161406,0.45582327
0.5698208,0.52349514
0.5971796,0.5590465
0.64702666,0.5561638
0.64108133,0.5719583
0.6621695,0.5626629
0.6498737,0.5063409
0.6186483,0.45739225
0.59974074,0.43943346
0.54217076,0.36796236
0.48455343,0.33598292
0.42097828,0.40923238
0.3750989,0.37793863
0.3333885,0.31610706
0.312813,0.29445216
0.318835,0.29467425
0.35267562,0.3571977
0.39714965,0.3860663
0.4537119,0.448053
0.48597983,0.5174794
0.54653454,0.5792089
0.5680191,0.65546453
0.6183502,0.72961664
0.63987386,0.7840164
0.6870437,0.8044278
0.73920894,0.8544212
0.76439494,0.8922264
0.7785008,0.8932929
0.77035433,0.887088
0.7170131,0.8581715
0.6672439,0.7767523
0.61639214,0.6941174
0.5864643,0.6513112
0.5223114,0.5545821
0.41640714,0.48663312
0.33730188,0.3710462
0.30243185,0.33569005
0.26170322,0.28756812
0.24271111,0.2632683
0.22330797,0.25201914
0.23985678,0.31330007
0.25399742,0.36247835
0.30233932,0.4364566
0.36266622,0.46808794
0.41568828,0.51967937
0.47546184,0.54012775
0.5280295,0.61298317
0.5747889,0.6853884
0.6048063,0.6927419
0.62984234,0.7207351
0.6848893,0.75769866
0.6808001,0.7456205
0.70432943,0.7486875
0.68083245,0.7092158
0.6430134,0.64870965
0.60316306,0.6047894
0.5483008,0.55770594
0.52022845,0.45135224
0.47238612,0.4038854
0.39930803,0.32569143
0.341247,0.30094963
0.30585143,0.23787335
0.28427553,0.24231952
0.28092375,0.25331163
0.34039378,0.26356587
0.38296288,0.2942536
0.44626534,0.35310808
0.5137963,0.41572407
0.57873225,0.48604
0.63608634,0.553856
0.70275277,0.61489516
0.7316109,0.668351
0.7633008,0.6956981
0.7545454,0.744015
0.7372301,0.769861
0.7096145,0.7945023
0.7335366,0.7822986
0.72045594,0.73416275
0.69956285,0.6919243
0.64926535,0.6284832
0.61599606,0.5683944
0.54026645,0.47211152
0.46814507,0.41399038
0.38963684,0.38518238
0.34982434,0.3375767
0.30030462,0.3083027
0.28234312,0.2822063
0.28914624,0.2697997
0.3289502,0.31767914
0.39930344,0.35940245
0.47990227,0.44512486
0.5615699,0.51044095
0.6151566,0.54497063
0.6888296,0.6249006
0.72198826,0.6745194
0.72633773,0.69989145
0.7103242,0.7430996
0.66470903,0.78068954
0.67508656,0.805609
0.7132436,0.8111603
0.76928884,0.79119754
0.74221563,0.74569863
0.71952975,0.68586737
0.66101825,0.6276275
0.61805004,0.59908026
0.54889506,0.49851292
0.47647262,0.4381649
0.3897831,0.36736995
0.33967614,0.3062061
0.2998673,0.263509
0.2837967,0.2443246
0.28539014,0.2426645
0.3317584,0.29696137
0.38938275,0.35152
0.46894762,0.43827534
0.54344934,0.48791602
0.61566293,0.5487258
0.6766644,0.5547472
0.7037327,0.6031763
0.7218762,0.63237494
0.7077795,0.6892778
0.7138928,0.6869646
0.7398789,0.6860021
0.74783725,0.7198266
0.7698553,0.74995387
0.7251856,0.6773899
0.67572415,0.6275081
0.63069373,0.59612167
0.6021736,0.52543575
0.5412467,0.43458426
0.4772959,0.3656596
0.409564,0.3308329
0.36090818,0.2974908
0.31587195,0.25510067
0.29544613,0.23057109
0.27643475,0.21373233
0.26981914,0.2314724
0.28092957,0.27252844
0.31542733,0.32091448
0.38445342,0.34067932
0.46853626,0.39509624
0.5294037,0.45077962
0.5944764,0.49214104
0.6275933,0.5518002
0.6496993,0.5718522
0.6524761,0.6013548
0.6849168,0.6259776
0.7031675,0.59577215
0.6796363,0.6399305
0.610223,0.61760944
0.5913445,0.56450504
0.56594837,0.5160806
0.53724754,0.49147475
0.4931732,0.42714703
0.42708665,0.3653874
0.36660677,0.30918872
0.32745877,0.29744074
0.28622046,0.25239453
0.26613513,0.24584275
0.23866215,0.22643125
0.24433875,0.2167845
0.24545702,0.22514103
0.27219373,0.2835583
0.31790024,0.27860326
0.38085946,0.38855374
0.44519806,0.395568
0.48091337,0.45471466
0.5432258,0.53430825
0.5706252,0.5191498
0.60933316,0.5479887
0.5527895,0.5886327
0.49131778,0.5707319
0.4919844,0.6031321
0.4807842,0.5608854
0.48186156,0.5182672
0.4648275,0.48991534
0.44469756,0.44938022
0.3975845,0.37704498
0.32077047,0.3457937
0.26440975,0.29979837
0.22242543,0.2455295
0.1891119,0.23306921
0.17782864,0.19165796
0.19428615,0.18873385
0.25391772,0.24080156
0.31084153,0.2799843
0.36482552,0.3482776
0.40401873,0.36757705
0.42156398,0.41378695
0.4414542,0.4355108
0.47892904,0.46595752
0.53944194,0.49684536
0.57506347,0.5479317
0.6142808,0.5267347
0.6565143,0.55748165
0.6794118,0.56859726
0.6893789,0.602623
0.6760631,0.56765515
0.62829685,0.525078
0.5639439,0.510404
0.52415586,0.4657389
0.4425957,0.40650094
0.37036377,0.33703887
0.2888696,0.3128066
0.23525144,0.31340626
0.20470336,0.26257136
0.19055662,0.23464727
0.18441159,0.2162931
0.23675388,0.26441506
0.2951493,0.28458205
0.35789597,0.3386651
0.4122177,0.36492595
0.45333293,0.41870636
0.49890202,0.47656548
0.5368655,0.54733664
0.5758874,0.63162863
0.610627,0.62360656
0.652211,0.65848976
0.6808596,0.71286666
0.71530825,0.683709
0.7318476,0.69843274
0.7141695,0.6716197
0.6609541,0.6091694
0.6076814,0.5726755
0.5558735,0.54374045
0.49038973,0.4619046
0.39838794,0.4094804
0.31942713,0.36347064
0.27156925,0.3290277
0.23673587,0.2891219
0.20709047,0.25063878
0.21889256,0.25305966
0.26030004,0.29747105
0.32267752,0.35105318
0.3769296,0.38969135
0.45590052,0.46652707
0.51078016,0.4839726
0.552202,0.58464164
0.61033934,0.63671607
0.6344156,0.6758566
0.6848869,0.7137443
0.71902955,0.7797064
0.7503337,0.80195117
0.7818776,0.80312765
0.7896851,0.79255164
0.77258474,0.75555915
0.7323417,0.68976074
0.6740336,0.63665617
0.62215364,0.6081013
0.5381267,0.527077
0.45784634,0.44716245
0.38054585,0.38728473
0.32619634,0.3464967
0.28483254,0.29853734
0.26388603,0.28665724
0.26978648,0.2765869
0.31529206,0.3215456
0.38294733,0.38208607
0.45336804,0.44408607
0.5190051,0.49399063
0.58912534,0.5405479
0.6390378,0.5934438
0.6870221,0.65479106
0.7366572,0.71753466
0.776387,0.7437382
0.8159683,0.7828041
0.85351735,0.81627876
0.89037174,0.81542456
0.9144459,0.80876076
0.876523,0.7585576
0.82536864,0.7019215
0.7881912,0.64427745
0.7607146,0.59896415
0.68772507,0.49674898
0.5923055,0.43576208
0.5000774,0.46186703
0.42604318,0.40953004
0.36629102,0.3709471
0.3296611,0.33738002
0.32629284,0.32704797
0.36141938,0.39265406
0.41106704,0.44039413
0.4652761,0.4993485
0.5297451,0.5586078
0.5691328,0.61424357
0.60903937,0.6739297
0.66839886,0.7303023
0.7252338,0.8079802
0.77539265,0.82518697
0.81216395,0.87726194
0.84464777,0.90913427
0.83966315,0.90603256
0.8052576,0.8821709
0.6531906,0.8381905
0.58360445,0.7619363
0.52833796,0.70479566
0.5021588,0.666592
0.45247728,0.56400496
0.3943347,0.494065
0.33835724,0.30671802
0.27877668,0.29576695
0.2619921,0.24441382
0.2297318,0.21620867
0.22202173,0.20714048
0.21796972,0.22089356
0.22010611,0.2510625
0.27911717,0.27452818
0.35458726,0.29453003
0.44993442,0.36060482
0.5007929,0.3973462
0.54722375,0.47213137
0.56485635,0.5312393
0.5930161,0.51732576
0.63539743,0.5935654
0.66612047,0.6136341
0.7056603,0.59621376
0.7248594,0.60347295
0.7154832,0.5829741
0.700013,0.5241365
0.6787583,0.49109206
0.6215234,0.45216918
0.5387518,0.3779419
0.45114127,0.35160732
0.40270868,0.3469059
0.35278127,0.32672307
0.30280197,0.28682193
0.2806428,0.2557196
0.27051693,0.25710386
0.2596267,0.2502524
0.27125317,0.27306786
0.29453275,0.31614134
0.3399742,0.35979927
0.3781053,0.4325146
0.41597196,0.4883852
0.45997357,0.56047654
0.4550149,0.6051195
0.47700885,0.6204529
0.5018223,0.6931003
0.55109745,0.7134849
0.5961486,0.7246444
0.6334943,0.7241061
0.6641352,0.6866327
0.65766495,0.61109376
0.610867,0.581553
0.5949476,0.5493519
0.5071401,0.47051746
0.3990219,0.41273016
0.3199536,0.38780338
0.26191485,0.33696982
0.22821257,0.31502274
0.20239139,0.27524957
0.2037787,0.26796696
0.2508649,0.32145226
0.30370954,0.33847854
0.37983188,0.4190565
0.4383452,0.46136227
0.5240108,0.5281815
0.5718796,0.5740305
0.60818434,0.6288127
0.6590373,0.6779141
0.70579064,0.723675
0.73476756,0.733058
0.766728,0.7741093
0.7784348,0.7900299
0.7835959,0.8042002
0.74612105,0.7651903
0.6963161,0.68733853
0.65588707,0.65241027
0.6140405,0.6139675
0.5418797,0.5367248
0.46733767,0.46128917
0.38850757,0.40047356
0.33821923,0.35087445
0.31137654,0.31246975
0.2730619,0.29180628
0.26914945,0.29322842
0.31912756,0.3395899
0.37369663,0.378477
0.42029086,0.44346064
0.48077747,0.48480162
0.52885705,0.55403477
0.5704447,0.606491
0.609324,0.6602389
0.65705144,0.7176615
0.6925872,0.7604684
0.7192308,0.76877433
0.7491406,0.79784435
0.7691447,0.8141006
0.77341413,0.80744386
0.7282848,0.74988633
0.6825074,0.70576185
0.6330772,0.66784966
0.5968363,0.5958976
0.5304618,0.5066861
0.45189646,0.44315216
0.37877285,0.37375784
0.33080566,0.34367394
0.3032466,0.2959472
0.2688331,0.26518297
0.2747314,0.27153972
0.33855116,0.33540985
0.39545786,0.37258917
0.43526977,0.42344078
0.45935002,0.48621622
0.48969716,0.52375513
0.5130643,0.6016905
0.54589814,0.66067684
0.59163857,0.71461505
0.6484457,0.74521965
0.7083857,0.77510804
0.7402472,0.80709255
0.77213466,0.8184604
0.78540313,0.79438853
0.7557904,0.74392396
0.71955997,0.69213575
0.66689885,0.652794
0.63429195,0.6055656
0.56082785,0.5210746
0.47405773,0.44940913
0.406513,0.39087164
0.3420385,0.34034994
0.30197105,0.29483375
0.26940688,0.28009334
0.27137807,0.26836956
0.32000732,0.33717594
0.36949408,0.3711087
0.4350954,0.45998076
0.49440083,0.48523006
0.5468885,0.5655441
0.5940031,0.5773724
0.64363486,0.63328844
0.6871668,0.69975525
0.7177421,0.7269338
0.7212258,0.71182567
0.716101,0.7514011
0.7687288,0.75667804
0.7840702,0.78107667
0.753869,0.7349483
0.71567225,0.682445
0.65702766,0.62976855
0.6171611,0.56411034
0.538953,0.4725932
0.47205845,0.4184144
