true,forecasted
0.109851845,0.11528561
0.072878845,0.085260205
0.0547596,0.06599332
0.049018193,0.059131686
0.052288033,0.058540955
0.06704188,0.074862435
0.11562111,0.11001013
0.16882741,0.15146181
0.20990135,0.18309334
0.21880029,0.2087554
0.23772925,0.22398439
0.2541345,0.24100874
0.26948,0.24972203
0.2816397,0.2592266
0.2896055,0.26577014
0.29069522,0.2702757
0.293815,0.28366464
0.29927674,0.28858286
0.28478408,0.28399724
0.26166135,0.27174962
0.24675025,0.2505715
0.22780812,0.22451372
0.17717782,0.18429495
0.12900251,0.13876548
0.079648264,0.08635206
0.05686827,0.06053693
0.0455981,0.045058496
0.03543167,0.04444315
0.041658875,0.046626445
0.062636346,0.06764161
0.11580538,0.11384167
0.15957037,0.16200623
0.18166114,0.1933866
0.20627408,0.21440637
0.22555244,0.23301652
0.24746664,0.25034606
0.25830093,0.26106572
0.2674332,0.27539456
0.2771545,0.2839166
0.29661748,0.2869541
0.30261716,0.2977478
0.30382603,0.30194214
0.2789806,0.29252723
0.25557467,0.28350085
0.24510618,0.26217228
0.23386335,0.23208165
0.1830488,0.1891704
0.14285912,0.137666
0.103294045,0.094859324
0.07531178,0.06821904
0.054903015,0.05363924
0.045997065,0.050304633
0.050533544,0.051558763
0.06563303,0.07872263
0.11226341,0.12680314
0.16249782,0.17162955
0.19090863,0.20002884
0.21495901,0.22084633
0.23855454,0.23563853
0.25285798,0.24601905
0.2691612,0.25443354
0.27671623,0.26022968
0.28444374,0.2635756
0.30137447,0.26774505
0.2940413,0.2770488
0.295283,0.28164613
0.2726276,0.2732087
0.24368057,0.26402387
0.2228002,0.24938554
0.201373,0.2199206
0.1581885,0.17490336
0.11842036,0.12551387
0.08228444,0.07672457
0.054141153,0.05537875
0.03379598,0.034387935
0.026213758,0.028380092
0.023823386,0.02867096
0.026155982,0.039737143
0.04035822,0.06813775
0.07557143,0.102909304
0.1143261,0.14061835
0.15026835,0.17151098
0.17915334,0.19630514
0.20004636,0.22101651
0.22395658,0.24063632
0.24088764,0.25755012
0.2636673,0.2767104
0.28195697,0.29116902
0.30420464,0.3098318
0.3147651,0.32287818
0.30662408,0.3210387
0.28570578,0.3038035
0.2684212,0.28626966
0.2541313,0.26330715
0.21422364,0.21946801
0.16886382,0.17676984
0.12579557,0.13115188
0.09788015,0.097713105
0.07524255,0.07121376
0.05879455,0.06265102
0.058592334,0.053028204
0.053436894,0.054071173
0.059328727,0.07100269
0.0926948,0.104443945
0.14396662,0.16070077
0.2019034,0.2045144
0.25537655,0.24948993
0.30615145,0.2875769
0.34896004,0.3252073
0.3896451,0.36200157
0.42313987,0.3919564
0.4463024,0.41617444
0.4605975,0.4382916
0.4584965,0.45204678
0.4472631,0.43806756
0.4220965,0.4100702
0.39955136,0.3866862
0.3832191,0.3615397
0.3351537,0.3126675
0.27557233,0.25622863
0.2303484,0.22677433
0.192432,0.1879493
0.17335124,0.1630949
0.15570857,0.15173675
0.159569,0.15046449
0.18513012,0.17104985
0.23112753,0.21434115
0.29335687,0.26620615
0.3165201,0.31192335
0.3373292,0.3436456
0.377591,0.3617575
0.4221999,0.38139138
0.44850373,0.3997845
0.45837855,0.4084572
0.46749082,0.4176219
0.42943272,0.41157869
0.4216951,0.4094349
0.4033186,0.40165493
0.3791202,0.37698257
0.3562939,0.34242624
0.34521893,0.3177845
0.32047778,0.28831592
0.26834667,0.23623309
0.20601527,0.18243185
0.15105073,0.15173578
0.11220905,0.11751177
0.090663396,0.09428506
0.071973056,0.08421096
0.077306435,0.09163502
0.098741844,0.12110196
0.14621443,0.17730333
0.2025516,0.23012772
0.24476004,0.26777637
0.26058513,0.28745326
0.2823397,0.30702737
0.30163208,0.33290485
0.31798178,0.34816656
0.3232832,0.368487
0.35183775,0.3850559
0.3554476,0.39801702
0.37636745,0.4169075
0.39347115,0.42254028
0.37351862,0.40549222
0.3357407,0.3746776
0.3120344,0.34396803
0.279423,0.31489283
0.23603648,0.2614108
0.17732705,0.2004313
0.12455971,0.13527858
0.10317576,0.10797491
0.08039286,0.09403693
0.0740342,0.086296126
0.07927955,0.0925719
0.10176109,0.123104885
0.15010647,0.17836797
0.21478003,0.22416395
0.25146365,0.25284797
0.2806633,0.27402964
0.3040163,0.28462255
0.30622736,0.29541385
0.3022541,0.30375087
0.29003558,0.3066014
0.29691404,0.306733
0.29356387,0.30396554
0.31254616,0.30698213
0.327018,0.31472662
0.31590918,0.31049973
0.28514543,0.29122493
0.26443428,0.27323472
0.24838218,0.24708876
0.19847307,0.20233233
0.15018733,0.1572541
0.10443607,0.103519
0.07561194,0.081956714
0.05328442,0.06562291
0.048499916,0.058499653
0.055497874,0.06721538
0.079770654,0.09853265
0.12877022,0.15316442
0.17731747,0.20035374
0.21256487,0.2280426
0.23187247,0.24963775
0.25297096,0.26951584
0.27691025,0.28998312
0.30222318,0.30706233
0.31756812,0.32020292
0.34628898,0.33534932
0.34945574,0.34670988
0.37519857,0.3604505
0.37902516,0.37163043
0.35836598,0.35850522
0.3263209,0.3330747
0.30695093,0.3101253
0.28447127,0.28205204
0.24096799,0.22857736
0.18738887,0.18321858
0.1855984,0.13314638
0.18380792,0.107491426
0.18201746,0.09357249
0.180227,0.08538084
0.17843652,0.08705764
0.17664605,0.11133489
0.17485557,0.15730749
0.17306511,0.19532931
0.17127463,0.21766283
0.16948417,0.24402328
0.1676937,0.25027975
0.16590323,0.25664407
0.16411276,0.25904542
0.16232228,0.2537122
0.16053182,0.24945246
0.15874135,0.24742697
0.15695088,0.25184655
0.15516041,0.25899553
0.15336993,0.25870502
0.15157947,0.24324882
0.149789,0.22879556
0.14799853,0.20350796
0.14620806,0.16571666
0.14441758,0.13206127
0.14262712,0.09827656
0.14083664,0.07626997
0.13904618,0.055776868
0.13725571,0.046948414
0.13546523,0.041257903
0.13367477,0.046499297
0.13188429,0.0636039
0.13009383,0.09136826
0.12830336,0.13019323
0.12651289,0.16519731
0.12472242,0.20010242
0.12293195,0.22738074
0.12114148,0.24896544
0.11935101,0.27064413
0.117560536,0.28534055
0.115770064,0.30003417
0.1139796,0.31811953
0.11218913,0.33444256
0.11039866,0.33283082
0.108608186,0.32215545
0.106817715,0.30219275
0.10502724,0.27924663
0.10323678,0.24284118
0.10144631,0.1977107
0.09965584,0.098920025
0.071982965,0.095686324
0.048368122,0.08252356
0.038157247,0.06856969
0.032433618,0.07630133
0.038301345,0.095894516
0.038328696,0.11150709
0.068336725,0.12943721
0.10976073,0.13769083
0.15215549,0.17235681
0.18614103,0.20251544
0.21342827,0.2488987
0.24059346,0.25894213
0.26679644,0.2780793
0.29377702,0.29171622
0.326585,0.31493512
0.34033528,0.33862162
0.36293954,0.35793048
0.34206685,0.33849797
0.32190734,0.31588593
0.31002536,0.29428983
0.2952599,0.27088377
0.26424146,0.24061488
0.21224266,0.20457223
0.16590133,0.14523822
0.12772751,0.113754116
0.10674491,0.09369664
0.09156594,0.08825831
0.09133945,0.09187027
0.116117515,0.121295035
0.14519684,0.17040989
0.20173162,0.22906151
0.2511493,0.27909645
0.30004168,0.3172521
0.35144237,0.35068578
0.39018473,0.38652357
0.4294869,0.42334485
0.46380392,0.4537752
0.49058175,0.481313
0.520038,0.4950125
0.5330545,0.5058328
0.5355371,0.5056593
0.5092118,0.46604282
0.45491335,0.41914913
0.41354695,0.38700753
0.37952754,0.35054258
0.32665405,0.28725445
0.2598901,0.22506593
0.2001385,0.19441304
0.16889493,0.15577097
0.14919658,0.12916818
0.13285576,0.11652343
0.13553159,0.118925974
0.16154759,0.14440294
0.19408889,0.19542502
0.24897361,0.24786437
0.2710068,0.2876658
0.2953801,0.31011236
0.32297978,0.3261904
0.34800348,0.350032
0.36341423,0.364599
0.3883094,0.38043743
0.41464812,0.39709908
0.4422075,0.40568122
0.4431182,0.42038757
0.4442276,0.4208263
0.41137418,0.4056776
0.38313943,0.36985213
0.3547512,0.3411824
0.33597332,0.31274337
0.27607164,0.25938654
0.21513712,0.19874664
0.16877614,0.15823212
0.13158348,0.12066073
0.10337951,0.10182902
0.09433237,0.09301017
0.09877996,0.08988276
0.119147524,0.11759867
0.14739287,0.18303622
0.19814213,0.24290442
0.22798076,0.27519172
0.25101647,0.28661355
0.25878808,0.29046935
0.27110183,0.2950307
0.27432758,0.29238823
0.28096622,0.2901244
0.28050485,0.28343314
0.27711195,0.27520084
0.27475986,0.28084254
0.2571348,0.28420657
0.24725826,0.27906722
0.23000431,0.27436447
0.22244704,0.2504633
0.20331073,0.22054206
0.17010021,0.17554656
0.11944632,0.1210223
0.09084801,0.08246411
0.06941841,0.062507965
0.05556813,0.050873853
0.04935203,0.048308242
0.056538876,0.052508622
0.08100413,0.0883789
0.120184086,0.1467014
0.1679218,0.189087
0.19300772,0.20820802
0.21543986,0.21924058
0.23085214,0.23053646
0.2335837,0.23660527
0.24277188,0.2389549
0.23866855,0.23672093
0.24694067,0.23496623
0.2338102,0.23589675
0.24700254,0.24051207
0.2434758,0.24866107
0.23641065,0.24689494
0.22331044,0.24029519
0.22106895,0.2295532
0.21753211,0.20104204
0.17536642,0.1569432
0.1354328,0.11652461
0.10015343,0.09255528
0.07353251,0.07638789
0.061043046,0.0625306
0.053725094,0.056953
0.060933135,0.057592332
0.08481686,0.078820735
0.12427031,0.115360305
0.18192302,0.1424562
0.21482004,0.16717163
0.23987246,0.1937938
0.25712743,0.20754737
0.27050543,0.2130696
0.27669656,0.22181526
0.28120568,0.21984322
0.28814897,0.22078322
0.28017855,0.2232465
0.28311864,0.22426924
0.28600678,0.23874103
0.2783697,0.24461003
0.2606477,0.23437783
0.2581628,0.22820431
0.24561507,0.20612603
0.21481952,0.17024314
0.17906667,0.1415677
0.14841096,0.13649973
0.11844139,0.11216112
0.10420941,0.0910633
0.09155414,0.081268996
0.09337615,0.0770808
0.099322684,0.08773252
0.11389773,0.11013231
0.14824498,0.13461092
0.18901686,0.1730125
0.24158096,0.21293259
0.27617452,0.2374354
0.31095612,0.25931656
0.3231285,0.28174716
0.32066923,0.29773518
0.33607197,0.31148636
0.3716819,0.32780412
0.38865247,0.34043553
0.40146706,0.36004603
0.40127268,0.363956
0.37918857,0.34200314
0.35949415,0.3308116
0.34659463,0.30701756
0.3028334,0.27034318
0.25681975,0.22796613
0.20932887,0.22093683
0.1765057,0.18042432
0.14499018,0.15315151
0.13156776,0.14209934
0.11902855,0.1323768
0.114227295,0.13864112
0.12508363,0.15978868
0.17332424,0.20483205
0.2378137,0.26322505
0.30510172,0.31077725
0.3700151,0.34713185
0.41913944,0.38266027
0.4519621,0.41683957
0.48032933,0.44469085
0.4818464,0.46558195
0.4734307,0.47217068
0.43587378,0.47663152
0.39563435,0.473436
0.37776467,0.4442334
0.36501506,0.40679947
0.3479375,0.38066986
0.33812797,0.3471084
0.30549282,0.29779524
0.25057802,0.2385733
0.21506293,0.21457976
0.17813148,0.17700347
0.15766408,0.15018846
0.14550367,0.13659127
0.15244164,0.13330843
0.17315535,0.15366197
0.21925634,0.19207191
0.28778163,0.2500441
0.3338934,0.30919647
0.3671034,0.35767028
0.40775374,0.39676636
0.46507585,0.43733186
0.5244759,0.4750983
0.57303643,0.50604594
0.59317875,0.52975684
0.6113007,0.54211396
0.6025453,0.55345744
0.6025335,0.5531192
0.5784702,0.5245928
0.5272426,0.48091525
0.47390231,0.4462662
0.43134773,0.407356
0.3596328,0.34741044
0.27017912,0.28124738
0.22616525,0.23341274
0.1826748,0.19252251
0.16782744,0.16430975
0.15521406,0.15101485
0.15212215,0.14623044
0.18679264,0.16894135
0.22405623,0.22232679
0.27513027,0.27504817
0.3173324,0.3176864
0.33688065,0.34370598
0.35254097,0.3632195
0.3767413,0.38151884
0.40935507,0.39757162
0.4459067,0.4097261
0.47724974,0.4218465
0.49546507,0.42492953
0.45185974,0.4270423
0.41681302,0.4191522
0.3956617,0.39467975
0.3656118,0.36169168
0.34944242,0.33465022
0.32606605,0.3045003
0.2831185,0.2506787
0.23048823,0.19508135
0.17825404,0.17487246
0.15058339,0.14161626
0.1323715,0.11793012
0.11742039,0.10812907
0.12361033,0.11104889
0.14867146,0.13972723
0.1996638,0.19276397
0.25738162,0.2406503
0.30567762,0.2815103
0.34413537,0.3084973
0.36721757,0.33931386
0.39839533,0.36804765
0.42360792,0.3927015
0.44232234,0.41634104
0.47017607,0.43600684
0.47113296,0.4511297
0.47030598,0.46472126
0.47631797,0.47274834
0.4640916,0.4568645
0.43333042,0.42164764
0.3959964,0.39477405
0.37296256,0.36614776
0.3130019,0.3110111
0.26079592,0.25454393
0.20331004,0.19494492
0.1590391,0.16130222
0.1310705,0.13584554
0.11501292,0.122135594
0.111662574,0.12280266
0.12974575,0.14972049
0.17461789,0.19705866
0.22747718,0.24620962
0.2742843,0.28910562
0.30622426,0.32353997
0.3528314,0.3566544
0.39413252,0.38672736
0.4362401,0.41592956
0.4636381,0.4416168
0.5004598,0.46561015
0.5252719,0.4849303
0.5383159,0.49710274
0.54603124,0.50477755
0.52515036,0.47868675
0.47595644,0.43781823
0.43860757,0.4058022
0.40728468,0.37455523
0.34242,0.31634054
0.28357452,0.2628773
0.22372359,0.21852058
0.18601283,0.18025243
0.16037461,0.15172091
0.13980757,0.13814427
0.14450763,0.13451822
0.1602724,0.153765
0.19519655,0.19324364
0.25020725,0.24322778
0.3050255,0.29453304
0.35361874,0.33845124
0.40380734,0.37870502
0.45346174,0.41795728
0.48858556,0.4547607
0.52325535,0.48799947
0.55306304,0.5182006
0.5643209,0.54041886
0.56177175,0.5548734
0.558873,0.5580233
0.5248628,0.52468985
0.47467852,0.47830054
0.43495482,0.4426318
0.39227083,0.4088095
0.33633178,0.34941176
0.27707535,0.29181677
0.22948141,0.23722681
0.18875533,0.19635192
0.16207406,0.166077
0.14439754,0.1501569
0.13750215,0.13825919
0.13899203,0.14289513
0.14675578,0.1569726
0.18472551,0.19333255
0.23178,0.24519326
0.28076467,0.29350048
0.30961052,0.33031917
0.35417137,0.3655945
0.39259085,0.39690423
0.42571077,0.42316023
0.46843013,0.44592232
0.48192725,0.46076307
0.49524918,0.47422868
0.46232188,0.47581112
0.43158105,0.45611715
0.3933356,0.4183424
0.3717267,0.39176387
0.35391378,0.36033165
0.3160249,0.31426898
0.2789873,0.25969663
0.24449867,0.25267053
0.21130337,0.21548827
0.19226927,0.18890156
0.17351414,0.17309321
0.16996244,0.16699232
0.1650981,0.17972863
0.17900872,0.20495263
0.20359893,0.24844512
0.2554251,0.3029732
0.32304883,0.35883117
0.38424897,0.40752274
0.4494586,0.45738387
0.49608555,0.50252575
0.53755844,0.53868
0.56801504,0.569092
0.57239187,0.5903327
0.5845321,0.609826
0.60444874,0.6232813
0.60452,0.60875195
0.57206947,0.5729212
0.54162025,0.54328835
0.5144106,0.50613314
0.45745158,0.44743845
0.40431485,0.3835227
0.34890294,0.3393522
0.30482566,0.29978853
0.27458072,0.26907387
0.2554919,0.25394994
0.24124233,0.25009525
0.2590575,0.27773649
0.2910364,0.32141498
0.3595738,0.38791436
0.42008388,0.44458237
0.44710276,0.50361925
0.49823952,0.5547332
0.55286133,0.60493803
0.59534484,0.6502169
0.63673055,0.68217754
0.66236055,0.7093467
0.6965244,0.7199471
0.7156559,0.73186004
0.7238046,0.7334201
0.69939405,0.6992676
0.6311061,0.6488397
0.5892521,0.6082537
0.5458188,0.562501
0.46769306,0.48724812
0.3977813,0.4185994
0.3332768,0.33689556
0.2942442,0.29347232
0.26504263,0.26091105
0.2457701,0.24581064
0.23736225,0.24389403
0.2366033,0.26994172
0.24881567,0.31985292
0.27602598,0.3876832
0.31366888,0.44433492
0.3720643,0.49904785
0.43764278,0.5447874
0.5005285,0.591125
0.551485,0.63094527
0.6013231,0.66395545
0.6325592,0.68976647
0.6378023,0.69892776
0.6405397,0.7085455
0.63615996,0.7040062
0.603214,0.66830206
0.56560296,0.6165045
0.5238641,0.57157946
0.49578094,0.52795416
0.45261133,0.4571913
0.4024935,0.38779384
0.34396905,0.34884667
0.3005666,0.3075897
0.27036765,0.27553093
0.2500835,0.26412255
0.24428825,0.25772977
0.26744464,0.28317547
0.31300327,0.32709956
0.39139873,0.39827985
0.4672064,0.46241012
0.53432107,0.5258875
0.6041805,0.58907527
0.66320205,0.64552003
0.7180157,0.69735247
0.7515373,0.73743856
0.78336203,0.7681861
0.7953753,0.7740714
0.7979185,0.78110796
0.79919004,0.7737639
0.7635909,0.7325498
0.71865433,0.6721795
0.662126,0.62528175
0.63079256,0.5762228
0.55004346,0.50120515
0.4868355,0.43055603
0.4148339,0.41034672
0.36411455,0.36473203
0.32811916,0.32880795
0.3066224,0.31362486
0.30051175,0.30866605
0.31580678,0.3336391
0.35790905,0.38226458
0.4299069,0.45986676
0.50868714,0.5235454
0.59337395,0.5888641
0.6579967,0.6501938
0.7201712,0.7045878
0.749176,0.7543917
0.7919837,0.7936682
0.80898046,0.82146263
0.83674854,0.82742614
0.85102856,0.83607084
0.8499207,0.8307401
0.8281997,0.78611547
0.76181555,0.729214
0.7100839,0.67722416
0.66339576,0.62657434
0.572278,0.5458329
0.50159603,0.4708981
0.4301021,0.42919624
0.3851493,0.38243216
0.35405925,0.3453895
0.33522224,0.3286206
0.3424718,0.3215946
0.3529897,0.34055477
0.3875229,0.38139102
0.4349256,0.44409758
0.48770833,0.49826363
0.54420686,0.5576661
0.60198003,0.6086767
0.6659042,0.65572274
0.71004033,0.6933345
0.75395775,0.7225741
0.7602108,0.7440395
0.7175258,0.74891245
0.6539149,0.7563059
0.6483376,0.7488888
0.65161175,0.7111346
0.62023723,0.66453415
0.5808742,0.6230703
0.5510703,0.5794612
0.48646802,0.5087745
0.44049674,0.44192654
