true,forecasted
0.40911385,0.4022866
0.3850977,0.38185972
0.3668459,0.36968783
0.35704547,0.3605389
0.3535988,0.36234578
0.3593081,0.36791384
0.37649393,0.39324513
0.40842345,0.42275184
0.44228637,0.45683038
0.46459925,0.47149974
0.4801299,0.4866681
0.49601716,0.49375153
0.50975657,0.5015565
0.5201771,0.51802605
0.5348324,0.54584986
0.54532164,0.5649056
0.5522609,0.57709587
0.55234385,0.5825114
0.54080564,0.57252467
0.5127396,0.5457302
0.48966968,0.5220707
0.47315273,0.50607353
0.4586574,0.47816533
0.42563772,0.4440185
0.39520904,0.37965572
0.372891,0.35705
0.35789365,0.34233028
0.34672803,0.33088803
0.3419689,0.33291245
0.3467169,0.34315377
0.36239624,0.36757106
0.39131618,0.39992273
0.4196585,0.43897226
0.44069326,0.4584622
0.4554563,0.47618526
0.46950457,0.48763853
0.4788063,0.4985102
0.4882867,0.51280445
0.500037,0.53838176
0.5082823,0.55283254
0.5158561,0.5638228
0.5207386,0.57032853
0.51750886,0.5654924
0.5021314,0.5440242
0.48492163,0.5181245
0.4733799,0.5080937
0.4580533,0.4841091
0.42856023,0.44849157
0.3942662,0.42248917
0.3719774,0.39006156
0.35526544,0.3687027
0.34335005,0.35266048
0.3394126,0.34903345
0.34292194,0.3546458
0.3555352,0.3705074
0.3842669,0.3978458
0.41339332,0.44278827
0.43768096,0.47009408
0.45614874,0.5002121
0.4750822,0.5207619
0.48714703,0.53513205
0.5006037,0.5475934
0.517216,0.5624603
0.532855,0.5684641
0.54795855,0.5774275
0.56177425,0.5871733
0.566718,0.59280145
0.5570549,0.5799922
0.5357415,0.5525189
0.5094418,0.53985935
0.4926984,0.5234781
0.45639575,0.48658958
0.4225621,0.43256742
0.3924191,0.40594524
0.37101954,0.38582882
0.35436413,0.36859196
0.3470188,0.36304694
0.34221914,0.36174846
0.3430235,0.36666343
0.35229015,0.38044122
0.37230334,0.39979544
0.39947683,0.42927295
0.4285015,0.46702373
0.45894584,0.5079814
0.48239803,0.5420859
0.5063568,0.5693131
0.5283483,0.5906391
0.55380803,0.6036353
0.57587624,0.60830677
0.5880079,0.61152977
0.5773733,0.6042193
0.5550403,0.58650136
0.5346379,0.57268006
0.5209826,0.5627101
0.50584143,0.5438565
0.4777155,0.51249886
0.4430818,0.4232182
0.41171265,0.39956254
0.38372007,0.38301358
0.36457974,0.3680054
0.35329214,0.3645955
0.34689438,0.36412233
0.34432453,0.3738205
0.34257755,0.3927986
0.35086328,0.41711333
0.3611978,0.44339362
0.37331173,0.46974254
0.38032907,0.49676552
0.38358626,0.51768106
0.38122135,0.53314704
0.38116255,0.55144066
0.3784262,0.5597483
0.3777128,0.55710363
0.37752637,0.55084
0.3834081,0.54956675
0.38280421,0.53028387
0.37872553,0.51366085
0.38157374,0.5073009
0.37621844,0.4903829
0.36098194,0.46098545
0.342729,0.36065245
0.32786974,0.33462632
0.3203561,0.32112852
0.31378168,0.31085917
0.3144641,0.3148978
0.32349518,0.32732183
0.34380263,0.3555539
0.37318647,0.38671857
0.39956605,0.41871354
0.41474068,0.42387876
0.42549264,0.44015092
0.43437216,0.44469425
0.43876883,0.44948718
0.44240764,0.46042648
0.44805112,0.4733696
0.44883204,0.46720493
0.4497631,0.46840864
0.45163986,0.4713211
0.4498684,0.47816968
0.44320327,0.47764927
0.4410119,0.4773864
0.44331893,0.47716334
0.4318221,0.45975822
0.40703854,0.42686018
0.3806148,0.3499626
0.36175296,0.3361765
0.34795794,0.3274618
0.34020352,0.31985623
0.3382728,0.32212684
0.34492058,0.3338794
0.36384073,0.36219957
0.3898601,0.40153205
0.4156331,0.41821617
0.4290896,0.42616752
0.44073698,0.4303348
0.45546296,0.43657625
0.46541822,0.44158393
0.46815118,0.44314933
0.4683207,0.45052484
0.46624708,0.45508197
0.46360505,0.4513049
0.4610228,0.4507593
0.46059066,0.43843782
0.4561328,0.42713112
0.45177588,0.43937442
0.4504647,0.44415256
0.43821707,0.42780185
0.41432297,0.40520188
0.38864604,0.38980162
0.37032974,0.3662626
0.35683566,0.35402992
0.34786728,0.3420232
0.34303686,0.34225836
0.34914923,0.35303503
0.36725968,0.37493876
0.3974042,0.401454
0.42563748,0.41689286
0.44236276,0.41690654
0.45422465,0.42290318
0.4647796,0.427377
0.47463977,0.43092993
0.48836273,0.4374697
0.5068541,0.45523816
0.52112573,0.46457878
0.52928793,0.47020987
0.536289,0.481117
0.53696823,0.48306048
0.5259474,0.4698494
0.5113992,0.46821004
0.50273675,0.47041914
0.4868409,0.4570924
0.45504022,0.43257105
0.42009687,0.43276155
0.39369118,0.4121349
0.37542087,0.39593336
0.36285487,0.38338843
0.3583031,0.37959448
0.36269477,0.38154292
0.38087615,0.38148287
0.4121276,0.38353682
0.44424137,0.40666592
0.46799546,0.4248605
0.48987353,0.447181
0.5180025,0.46717328
0.5362581,0.48495018
0.5439135,0.48308435
0.5531423,0.48377386
0.5517216,0.48541176
0.54488677,0.4814236
0.5295307,0.49147594
0.50670767,0.4890973
0.47951403,0.47485977
0.46011013,0.46184757
0.45428428,0.4694465
0.4422483,0.463538
0.41472808,0.4444795
0.41431892,0.3724239
0.41390976,0.3615241
0.4135006,0.35756448
0.41309145,0.35326606
0.41268232,0.35791382
0.41227317,0.3694691
0.411864,0.39231724
0.41145486,0.41591576
0.4110457,0.44249362
0.41063657,0.44995102
0.41022742,0.45922625
0.40981826,0.45831674
0.4094091,0.45246848
0.40899995,0.44194892
0.4085908,0.4413464
0.40818167,0.4333384
0.4077725,0.4275765
0.40736336,0.4321891
0.4069542,0.43366694
0.40654504,0.4181983
0.40613592,0.4150525
0.40572676,0.42929825
0.4053176,0.4273892
0.40490845,0.41173115
0.4044993,0.39206856
0.40409014,0.36869842
0.403681,0.3533118
0.40327185,0.34065735
0.4028627,0.33942565
0.40245354,0.34592992
0.4020444,0.35775498
0.40163526,0.37659475
0.4012261,0.41126308
0.40081695,0.43331215
0.4004078,0.45972025
0.39999864,0.48030132
0.39958948,0.4957817
0.39918035,0.5022387
0.3987712,0.5087807
0.39836204,0.5084576
0.39795288,0.50507176
0.39754373,0.50871533
0.3971346,0.5151527
0.39672545,0.51346153
0.3963163,0.5042955
0.39590713,0.5072575
0.39549798,0.495804
0.39508882,0.4674575
0.3946797,0.3691271
0.37008524,0.35547423
0.3517769,0.34503004
0.3388002,0.33651817
0.3329881,0.33712062
0.32687202,0.33614773
0.31901595,0.3378745
0.32233277,0.3363495
0.33603024,0.3510902
0.35900095,0.37319568
0.38610622,0.41158724
0.41506478,0.44501072
0.44472784,0.4723067
0.47311315,0.5026857
0.49960127,0.52786255
0.5232251,0.5404942
0.5422123,0.55423224
0.55711335,0.56022435
0.5546625,0.5575223
0.53834647,0.5418914
0.5164052,0.52761525
0.50424635,0.5185051
0.4920854,0.5003188
0.46472874,0.469546
0.4289095,0.4172066
0.40173137,0.391347
0.37895858,0.37043566
0.36484656,0.35441196
0.35599902,0.3517108
0.36116165,0.3531822
0.37691098,0.3571259
0.407086,0.37118828
0.4438757,0.41154003
0.47774452,0.45290747
0.51159084,0.49823946
0.550333,0.53801274
0.5842994,0.56940424
0.61363864,0.5886825
0.6341084,0.60717154
0.652589,0.62291354
0.6653425,0.63821363
0.67553025,0.65678436
0.67520785,0.6626594
0.6535904,0.64806044
0.61938375,0.61664814
0.58448786,0.5979059
0.5565144,0.5704401
0.51560056,0.53054893
0.46908817,0.47143257
0.43291545,0.4330958
0.4072139,0.4052983
0.3903869,0.38498777
0.38017586,0.3794416
0.38361526,0.38124758
0.3977388,0.39855608
0.43138996,0.42053258
0.46888018,0.4581183
0.502254,0.49341032
0.53387916,0.54288226
0.5664812,0.5898425
0.59550583,0.62812436
0.61767995,0.6686147
0.63759094,0.7009012
0.653613,0.7126514
0.67012435,0.729877
0.6832694,0.735372
0.6830842,0.73281723
0.6586275,0.7016114
0.62242967,0.66322464
0.5891003,0.63737386
0.5637475,0.60419285
0.52529395,0.5529936
0.47948137,0.47157747
0.44362098,0.43331897
0.41679418,0.4068127
0.40053537,0.3866294
0.3901839,0.3853793
0.3927987,0.39372617
0.40860572,0.42351595
0.44855055,0.45972362
0.4911564,0.50229174
0.53203475,0.5309752
0.56975365,0.5772914
0.605517,0.6126656
0.64001155,0.6399908
0.66955805,0.67528003
0.69933844,0.70604825
0.72289723,0.70714116
0.7429868,0.7117945
0.7532762,0.7003519
0.7497546,0.67589843
0.72653556,0.6430947
0.68665123,0.6152834
0.6471924,0.5930496
0.6126002,0.5597803
0.56360406,0.5083792
0.5132515,0.5098846
0.47494322,0.4687721
0.4447437,0.44180104
0.42332688,0.41978663
0.40880615,0.41507128
0.40982085,0.4172637
0.42356315,0.44049785
0.46077177,0.4766264
0.50355995,0.52959687
0.54163545,0.56970465
0.577343,0.61686003
0.61267424,0.6527377
0.6460903,0.6805029
0.67607355,0.710334
0.7021739,0.73694766
0.71589893,0.7445357
0.7254659,0.74722636
0.7258314,0.7350714
0.7120502,0.70918643
0.67602366,0.6687203
0.6359456,0.63013726
0.6024878,0.6036789
0.57664114,0.573078
0.5335403,0.5262038
0.48854876,0.49601698
0.45329735,0.45606923
0.42597765,0.4275739
0.4071259,0.40437484
0.3981961,0.39639488
0.399811,0.3966871
0.41191158,0.40690395
0.44288564,0.43053582
0.48050717,0.46834454
0.5186112,0.5043733
0.5528434,0.5482486
0.5935026,0.5918812
0.6277091,0.6294601
0.65638524,0.65909976
0.68402463,0.68922806
0.6990186,0.7094364
0.7108851,0.7200252
0.72139484,0.722462
0.7164002,0.7043599
0.69511276,0.66398937
0.6587951,0.6277482
0.61780673,0.60538536
0.58965325,0.58108425
0.5463133,0.5398104
0.5016677,0.49431008
0.46111333,0.45856887
0.43450877,0.43245965
0.41101262,0.41084588
0.3988549,0.40199634
0.39160523,0.3993628
0.3864798,0.40416327
0.40377578,0.41436687
0.43723753,0.44782996
0.47910225,0.48318872
0.5227084,0.5319159
0.5671285,0.574625
0.60961694,0.61182547
0.64565325,0.65010244
0.6709529,0.6900307
0.69506204,0.717059
0.7159393,0.74005675
0.72766376,0.75178534
0.72475183,0.74609375
0.70056933,0.7131421
0.6711156,0.67609507
0.6424329,0.653491
0.6192207,0.62820685
0.5866985,0.58485585
0.550594,0.548673
0.5184,0.5100772
0.47823662,0.4793073
0.44621667,0.4555757
0.4232582,0.4402457
0.4128364,0.43097228
0.40833044,0.42924443
0.41296902,0.43545637
0.43981308,0.45864218
0.48421425,0.49892512
0.53718287,0.5418362
0.58986384,0.5911105
0.6228159,0.6340128
0.6329325,0.6598863
0.63429844,0.66685104
0.6207188,0.6778062
0.6063016,0.67514783
0.57803,0.6795481
0.5593703,0.6814297
0.5431959,0.6685059
0.52563655,0.6363514
0.51161045,0.6135203
0.5021346,0.5852001
0.47940472,0.5483461
0.4502583,0.46875668
0.42570388,0.43854403
0.41074422,0.41806
0.39923742,0.40437734
0.39552325,0.4036798
0.40459314,0.4047932
0.42680436,0.4208872
0.46566132,0.44178575
0.50064856,0.4821423
0.5289541,0.50888336
0.5440782,0.539154
0.5560886,0.5519139
0.55550903,0.56367373
0.5627086,0.57707506
0.5683605,0.5845848
0.5651436,0.58200794
0.5571557,0.58359313
0.55139756,0.5833338
0.5477558,0.58713216
0.5394764,0.5911633
0.5332031,0.57712096
0.5292334,0.5709308
0.5189203,0.5544511
0.4895587,0.5202621
0.45368296,0.44360334
0.42696717,0.41426224
0.40509015,0.39643642
0.388939,0.38305452
0.38168335,0.38076302
0.38558185,0.3894416
0.40168166,0.4196386
0.43106106,0.46400917
0.4599907,0.50094503
0.47609574,0.52043074
0.48829785,0.5383015
0.5038392,0.5551642
0.52112955,0.56956136
0.5410717,0.58296436
0.5633938,0.5980284
0.58028644,0.6050625
0.5921558,0.6053661
0.59861606,0.60805994
0.5943696,0.5996562
0.5733937,0.58339894
0.54744434,0.56274015
0.52787006,0.54338056
0.50695604,0.51312345
0.47269568,0.47488204
0.4345564,0.4261046
0.40570447,0.39740807
0.38113126,0.37655777
0.36679447,0.36049455
0.35982943,0.35750553
0.36465952,0.36436015
0.3817885,0.3872039
0.41663048,0.430947
0.4500944,0.46645898
0.47725713,0.4966716
0.4940573,0.5223892
0.5082703,0.55841804
0.53211814,0.59213614
0.5622824,0.6163139
0.5963777,0.6374196
0.62121665,0.6536729
0.64082813,0.65992844
0.6549724,0.6678373
0.6515037,0.6721231
0.63618267,0.6591308
0.6123592,0.639499
0.59152484,0.6166855
0.56745094,0.5885463
0.53212047,0.54665047
0.4904692,0.51811755
0.45536485,0.48801327
0.4333663,0.46215203
0.41708013,0.44450992
0.40976882,0.4397337
0.41444492,0.43567508
0.4338125,0.44784525
0.4689478,0.47696275
0.51188743,0.5169968
0.5545376,0.56165326
0.60378087,0.6030014
0.6601593,0.64654976
0.7088611,0.6888542
0.7514375,0.71871704
0.7659886,0.73353535
0.7424238,0.7481567
0.7130581,0.7494389
0.6865304,0.7441505
0.67938757,0.73350203
0.67675024,0.7171032
0.66618156,0.6925404
0.6472165,0.66651267
0.62927336,0.63751507
0.5912388,0.597063
0.54355323,0.533409
0.50587523,0.50545156
0.47741917,0.4781606
0.45727432,0.45976654
0.44504133,0.4523195
0.4455079,0.45135158
0.46120852,0.46168685
0.49500325,0.4902655
0.5417581,0.5253508
0.59687674,0.56796956
0.6507805,0.60650235
0.69654006,0.6448465
0.7369728,0.6782205
0.76940036,0.69268894
0.78206384,0.69905055
0.76761854,0.714938
0.75746685,0.72473884
0.73963875,0.73325545
0.7244165,0.72190183
0.7153905,0.69626117
0.6976496,0.6647969
0.67441314,0.63909006
0.64976025,0.6160358
0.6073631,0.5798015
0.5584902,0.54262674
0.517193,0.4989711
0.4847578,0.46642467
0.46026918,0.44110274
0.4454234,0.4266343
0.43772832,0.4218111
0.43626752,0.4236931
0.44218224,0.44482654
0.45834595,0.4863558
0.48380163,0.53091365
0.50409734,0.5747106
0.531347,0.6170307
0.5630162,0.6482105
0.59102786,0.65954995
0.6119706,0.66310024
0.6271638,0.6646141
0.6362603,0.65971625
0.63663197,0.6587581
0.6197774,0.65574676
0.6036053,0.6360543
0.5833508,0.60264593
0.57208836,0.585691
0.55753803,0.5699497
0.53264713,0.5395208
0.50091493,0.49159688
0.47330645,0.46159708
0.4479715,0.43967274
0.42847124,0.4228025
0.4197213,0.41687396
0.41252768,0.41112918
0.41041875,0.41819948
0.41137117,0.44398123
0.42195952,0.4688121
0.43674216,0.4963518
0.45079857,0.51606417
0.46127558,0.53632474
0.46332768,0.55443484
0.4647511,0.5664511
0.4670743,0.5699278
0.46403342,0.5725124
0.4652938,0.5703561
0.4678113,0.5609375
0.47843122,0.5553474
0.48130122,0.5484836
0.47324884,0.53715587
0.46637154,0.5221539
0.45777497,0.49636412
0.4359829,0.46624812
0.40647823,0.40975344
0.38280612,0.39103144
0.36640796,0.3772671
0.35370737,0.36703616
0.34902316,0.36858743
0.3533928,0.37108308
0.36446643,0.38380828
0.385375,0.40187055
0.41822687,0.42705846
0.45304915,0.45274475
0.48880786,0.4919567
0.52795935,0.52368647
0.56286436,0.5510636
0.5979603,0.5858864
0.6300415,0.6155196
0.64965236,0.62853235
0.6694249,0.64315057
0.68727344,0.64415294
0.6896143,0.6302657
0.66837865,0.6080337
0.6359516,0.59219736
0.59748447,0.576731
0.56801665,0.5541195
0.5311871,0.5170627
0.49147105,0.47615463
0.45640838,0.4421333
0.426654,0.41674888
0.40580174,0.39770988
0.39302132,0.39785674
0.38698024,0.40076423
0.3849653,0.42161497
0.39550525,0.44347855
0.4263623,0.49859077
0.4715103,0.5413054
0.52895766,0.6057728
0.58839506,0.6457879
0.6392169,0.67684364
0.6763482,0.71363986
0.7035437,0.7486016
0.7240686,0.7621709
0.73427695,0.7753202
0.7354137,0.78064686
0.721223,0.7672906
0.7089376,0.73768365
0.6884972,0.701544
0.65881014,0.6880831
0.6312841,0.6653899
0.6010663,0.615626
0.5656922,0.5767293
0.52840525,0.5394707
0.49403626,0.5077232
0.46956635,0.4843378
0.45659927,0.47435334
0.4595769,0.4614451
0.47899154,0.46684942
0.5243404,0.48378217
0.5893981,0.53198504
0.6480143,0.5844277
0.70445466,0.64224446
0.75830925,0.6946343
0.8018505,0.7357378
0.8327281,0.7725751
0.85344505,0.7914925
0.843227,0.7992726
0.8176631,0.81014824
0.79974383,0.8027236
0.7690685,0.7904449
0.72516805,0.7560348
0.6793605,0.70685613
0.6478801,0.6732934
0.62173116,0.63768727
0.5823464,0.58855444
0.5396574,0.54837716
0.50595605,0.5098152
0.48098865,0.48241374
0.46202445,0.45993814
0.45237505,0.45261672
0.45204997,0.45169693
0.4657692,0.4670659
0.49718478,0.48956922
0.5261214,0.5183629
0.55473113,0.53639185
0.5821482,0.5635352
0.6120038,0.5863076
0.6403791,0.60904396
0.6654431,0.6335677
0.6838785,0.66146624
0.6934278,0.676477
0.6973848,0.68734044
0.69091696,0.68797725
0.67703635,0.67283225
0.6553932,0.6413815
0.6240626,0.60963523
0.59114015,0.587756
0.5651544,0.5588362
0.52327013,0.5182547
0.482059,0.5006929
0.44525766,0.4674968
0.42049238,0.4437904
0.4027683,0.42482883
0.39394915,0.4168761
0.39877614,0.42144763
0.4127358,0.44264606
0.44121626,0.48330268
0.47525796,0.5164227
0.50710785,0.5465037
0.53232306,0.5700814
0.55900156,0.60215604
0.5862541,0.6280128
0.6108859,0.6426538
0.63492346,0.656159
0.65235776,0.6704618
0.6686126,0.67347836
0.67713463,0.6774011
0.6648301,0.66423696
0.62507975,0.6333931
0.5933973,0.60872525
0.5731559,0.5896352
0.55190974,0.56532305
0.5212364,0.52790064
0.48336858,0.47741818
0.45407373,0.44450217
0.43110397,0.42566106
0.41579607,0.41029233
0.4052778,0.40853187
0.40033674,0.4094357
0.39662763,0.42617857
0.40439114,0.4481066
0.415993,0.4851742
0.43181348,0.50827783
0.44486713,0.53458923
0.45326424,0.5456777
0.46276826,0.54953337
0.4680143,0.55809706
0.4760693,0.56802964
0.4840118,0.5675176
0.48986498,0.569014
0.5040409,0.5706424
0.51599026,0.5746308
0.5185595,0.56844896
0.5043738,0.55334634
0.4889738,0.54756814
0.47621188,0.5306617
0.45130786,0.5001654
0.4206316,0.40843797
0.39714906,0.38877183
0.378345,0.37520733
0.36435372,0.3638116
0.35164818,0.36577204
0.35071474,0.36855686
0.34400135,0.37781343
0.34453475,0.37982577
0.36312997,0.39687288
0.3889067,0.41228604
0.42172316,0.44951248
0.45596668,0.47095093
0.49223122,0.49021253
0.52015823,0.5209526
0.54519624,0.5484204
0.5674648,0.5595975
0.5879392,0.5761119
0.6044179,0.5850568
0.6132646,0.57658786
0.60663784,0.5616745
0.5881554,0.5504246
0.56124634,0.5492478
0.5432976,0.53567475
0.50881433,0.50025094
0.46776304,0.464545
0.433749,0.4333591
0.40900585,0.4111053
0.3920141,0.39391968
0.38436332,0.39131746
0.38964462,0.39311135
0.40835792,0.4085401
0.4437904,0.42628896
0.48840567,0.4650439
0.52561384,0.50194097
0.56556284,0.5531028
0.60242164,0.59239465
0.6376248,0.6226454
0.6656287,0.6515669
0.69717234,0.6754606
0.7242392,0.6890833
0.74628484,0.70391977
0.7597306,0.71604013
0.76348996,0.70960486
0.7482615,0.6780585
0.7183858,0.6388632
0.67998964,0.6205743
0.64990497,0.59924847
0.6022894,0.55552495
0.55107665,0.56711566
0.5071918,0.53546095
0.47392604,0.5054822
0.45141274,0.48468864
0.43784818,0.47612667
0.4384084,0.45806998
0.45468262,0.44923064
0.4896784,0.44007254
0.53765935,0.45800003
0.58279324,0.4968957
0.628828,0.544845
0.67352784,0.59326804
0.7132328,0.6325799
0.73584527,0.66052955
0.7321095,0.66178405
0.70700765,0.65830404
0.6875591,0.65985715
0.667085,0.6533508
0.6470799,0.65022224
0.62582076,0.6301934
0.59611034,0.5980044
0.5763602,0.5782431
0.5551869,0.55633307
0.5251586,0.52681017
0.48590386,0.47804475
0.45282134,0.4480098
0.4283342,0.4324117
0.41297576,0.4180646
0.40444914,0.4213933
0.40713742,0.42847574
0.42636254,0.45841855
0.4543057,0.50002027
0.48016787,0.54922396
0.5017034,0.5792566
0.5142796,0.60820735
0.52614397,0.6284596
0.5413116,0.64035904
0.5527294,0.6607396
0.55247283,0.677635
0.54709226,0.6735798
0.55036414,0.66421616
0.5520997,0.64694864
0.5669045,0.6362051
0.5660354,0.6257724
0.56249464,0.6182553
0.54710996,0.6132923
0.520951,0.5900716
0.4822243,0.55197525
0.44714886,0.44241357
0.41983062,0.41783577
0.40183654,0.40366146
0.38939568,0.39253384
0.38442075,0.39116728
0.39075005,0.40018713
0.41169527,0.43133667
0.44188464,0.48243743
0.47028962,0.5163759
0.48936647,0.5352111
0.5018252,0.5430715
0.51526135,0.55575055
0.5263761,0.57247794
0.54192233,0.58752537
0.56718826,0.60964495
0.58921045,0.6338123
0.605191,0.6488172
0.6159386,0.6600563
0.6235636,0.65713525
0.6121025,0.6396771
0.5861811,0.62677413
0.57387835,0.6068487
0.56020564,0.58096635
0.52749,0.54208064
0.4910028,0.4762898
0.45708543,0.44959885
0.43636265,0.43457618
0.41987953,0.4233552
0.41214368,0.4233908
0.4159337,0.4238603
0.43308693,0.4395657
0.4649057,0.45904028
0.50065494,0.49226764
0.5349068,0.5266238
0.5663641,0.5681241
0.60261613,0.6044824
0.65443057,0.6279186
0.7055287,0.6593148
0.7456349,0.674845
0.7760892,0.68439656
0.80289733,0.70003825
0.8191813,0.70745
0.8016121,0.71572447
0.765785,0.6972355
0.73831004,0.6670993
0.71944296,0.638383
0.6711616,0.610591
0.5903327,0.5676698
0.54510117,0.5465077
0.50387096,0.5160625
0.47867358,0.48889378
0.45461938,0.4684592
0.443613,0.45927
0.43773124,0.44812655
0.44000927,0.44527775
0.44488698,0.4474015
0.45977715,0.46998
0.5021944,0.50303936
0.5515426,0.5445594
0.5934576,0.58482295
0.633705,0.61978126
0.66172254,0.6495678
0.6805699,0.67748207
0.688827,0.7025352
0.6966206,0.72440994
0.70221776,0.7363836
0.69046474,0.7357354
0.6697463,0.70625854
0.63844734,0.6706167
0.61261994,0.64876556
0.5889528,0.62563366
0.5507117,0.59082264
0.50946903,0.5102666
0.47319114,0.4806093
0.44227937,0.4575037
0.42310935,0.43863723
0.40525946,0.43052456
0.3954076,0.41912276
0.38958883,0.41755137
0.38729498,0.42434657
0.39728025,0.44787616
0.42193815,0.48392543
0.45036635,0.52530354
0.48656315,0.5681475
0.51979816,0.6058576
0.55038273,0.63801414
0.57441366,0.66171193
0.588383,0.68025297
0.6008065,0.68977123
0.6159982,0.68720543
0.62261087,0.6781327
0.6128463,0.65654343
0.5875908,0.6327717
0.56916404,0.6122627
0.5524433,0.5905953
0.521747,0.55668604
0.48072955,0.48992032
0.45071942,0.45511776
0.426773,0.43116525
0.4095079,0.4112311
0.4007828,0.40527204
0.40858138,0.40832567
0.42617953,0.43018404
0.45753694,0.47334337
0.4940272,0.51284117
0.52255356,0.5433441
0.54969585,0.568512
0.57807577,0.5947494
0.59976184,0.61804414
0.6185323,0.63364035
0.63757455,0.65005267
0.6534256,0.6637661
0.6661582,0.66526294
0.67341936,0.6654368
0.66942906,0.65500057
0.6469734,0.6393902
0.61700714,0.6250437
0.58893836,0.60448295
0.56326824,0.5758033
0.5228757,0.53770584
0.47827592,0.48963457
0.44256568,0.4547863
0.4173171,0.42963532
0.3974824,0.41061246
0.38820505,0.4052007
0.39236662,0.40927184
0.4084976,0.43482652
0.43816212,0.4744991
0.4742724,0.5110403
0.50309914,0.53899485
0.5278202,0.5689725
0.55395377,0.59801763
0.5784202,0.62426853
0.600745,0.65067834
0.62333196,0.6784453
0.6396367,0.6938296
0.6522772,0.69895166
0.66499084,0.69223034
0.6655216,0.6662769
0.649765,0.63247824
0.6205628,0.6074411
0.5892604,0.58462197
0.5607255,0.5536317
0.52018833,0.5111662
0.47672364,0.47480005
0.4414969,0.44322628
0.41724557,0.42102054
0.40002492,0.40434742
0.39027548,0.4012279
0.39349717,0.40628457
0.40950254,0.4338056
0.43813685,0.47265494
0.47898886,0.5048351
0.5143556,0.52870363
0.54292566,0.5569508
0.5740714,0.5857201
0.6046517,0.6124091
0.63379395,0.646177
0.6690882,0.677036
0.69243926,0.69776976
0.7125065,0.7124108
0.7282146,0.71868855
0.73092854,0.70883375
0.70370835,0.68550825
0.6703561,0.6666996
0.64800817,0.64441586
0.623967,0.6130786
0.5767885,0.5655883
0.52690613,0.5092857
0.48704132,0.4747404
0.4573559,0.44915864
0.4374261,0.43119717
0.42845792,0.42973423
0.43287987,0.4374118
0.45369813,0.4732659
0.4916425,0.52302414
0.5406941,0.5687764
0.5974483,0.6047755
0.65043527,0.6481328
0.69943285,0.6897723
0.735049,0.72625744
0.7604009,0.7642205
0.7744452,0.79436517
0.77995956,0.80813366
0.7803718,0.81891346
0.7761253,0.81504613
0.7612542,0.7914845
0.72802395,0.7504599
0.6881486,0.7164931
0.6521101,0.6819179
0.62157184,0.6398955
0.57620275,0.5829452
