true,forecasted
0.16932602,0.16335769
0.1444091,0.14323254
0.12495,0.119686544
0.11789411,0.12272045
0.12569965,0.1351892
0.15032482,0.16076647
0.19248603,0.18999799
0.23896408,0.24008445
0.27401835,0.27547032
0.2919761,0.29096013
0.320542,0.32739723
0.33456197,0.34098446
0.34645525,0.35104173
0.35713905,0.37619215
0.35798502,0.37813768
0.35418522,0.37084857
0.3649566,0.37955868
0.3667023,0.3681997
0.35086948,0.37695557
0.3239008,0.36497638
0.30162895,0.3379901
0.30398405,0.31510812
0.24580817,0.2877875
0.20290859,0.22658795
0.15921755,0.1476904
0.12475482,0.13067801
0.10985103,0.11086197
0.110234715,0.11202569
0.11217398,0.1232824
0.1377613,0.14986598
0.18438588,0.17353691
0.22690314,0.22212653
0.26404062,0.25276712
0.28273344,0.26835385
0.30266574,0.30105796
0.31103256,0.31720012
0.32138634,0.32106847
0.32865387,0.34773037
0.325853,0.3449801
0.32475832,0.34293634
0.33753666,0.34633005
0.32647407,0.34130237
0.31187227,0.34296602
0.29024494,0.33803493
0.29538444,0.3162537
0.30199343,0.29013267
0.25626,0.26284528
0.19681023,0.20516378
0.14876924,0.15215845
0.12403989,0.13351126
0.11715685,0.113407105
0.09429129,0.114351586
0.11975438,0.12730931
0.14080706,0.15455627
0.18208787,0.18822876
0.22993721,0.23875375
0.26876894,0.2717128
0.30547372,0.2824199
0.3217691,0.3160482
0.33181366,0.32674623
0.3465811,0.33396968
0.36389637,0.3543283
0.3653908,0.35455123
0.36396912,0.3483098
0.3639247,0.34852567
0.36840948,0.3417667
0.36226192,0.34926713
0.33530402,0.34111467
0.30410773,0.31952363
0.29054838,0.29608178
0.24922782,0.2695161
0.18992174,0.21293274
0.14420453,0.1355985
0.11882888,0.12538403
0.086344235,0.10854976
0.07849987,0.10207455
0.07784364,0.11441251
0.08086055,0.13535339
0.08859091,0.16748112
0.119494505,0.21736355
0.15457042,0.2470928
0.19335108,0.2598857
0.22884363,0.29259124
0.2555346,0.31440994
0.28164968,0.32240742
0.30269298,0.33890525
0.32277384,0.3481385
0.35655624,0.34255594
0.3871791,0.33758596
0.39713463,0.32912958
0.39589438,0.33219773
0.3687267,0.3345943
0.33692428,0.31470764
0.3074315,0.28650674
0.25392017,0.25512075
0.19935723,0.19883418
0.15317011,0.1365829
0.11524714,0.12866443
0.0955287,0.10918032
0.083748065,0.09752019
0.07170046,0.113637194
0.07160662,0.12579298
0.07204261,0.16333152
0.09516763,0.21277149
0.12962872,0.24508129
0.17447968,0.26326546
0.22224757,0.29972968
0.2705096,0.32961655
0.30840725,0.35096276
0.34114277,0.36360946
0.32842588,0.38583997
0.3224776,0.3747753
0.30785263,0.37552395
0.2952323,0.35619158
0.28292045,0.36703616
0.27586457,0.36609867
0.24956806,0.33910707
0.24288811,0.31007352
0.20580252,0.27718383
0.16734685,0.21673828
0.1478003,0.13113235
0.1412598,0.12234758
0.119180284,0.10253739
0.11057686,0.094843596
0.10958612,0.11273717
0.1634927,0.12730284
0.21059237,0.16594023
0.25805,0.21021701
0.29385895,0.24540354
0.30498078,0.25611088
0.3266397,0.2923866
0.32447338,0.311814
0.3416745,0.32755738
0.35047585,0.34376952
0.3280862,0.35579723
0.3361621,0.34695485
0.3031182,0.3518846
0.29392597,0.33342546
0.2911853,0.34620392
0.2742334,0.34449375
0.27212295,0.3211631
0.27136686,0.29275802
0.23478197,0.27026203
0.20462449,0.20851457
0.16422288,0.13809857
0.14063817,0.1249333
0.12769014,0.10481969
0.12072197,0.102391645
0.13133357,0.11536232
0.16412196,0.13704558
0.19870618,0.17279163
0.24230188,0.22151758
0.2741566,0.2527772
0.28935552,0.26485372
0.3041163,0.29912663
0.3024719,0.31562522
0.31246585,0.32674402
0.33030495,0.34428906
0.31532544,0.35329175
0.2870816,0.34483993
0.2786366,0.3441458
0.28619888,0.33198184
0.2770031,0.34268284
0.26112083,0.3378674
0.26593766,0.31660143
0.27461177,0.2902166
0.23095356,0.2641193
0.20767981,0.20688814
0.1779402,0.1198896
0.16167112,0.10922982
0.14824104,0.08934915
0.14391823,0.088330135
0.1501404,0.10353005
0.16577914,0.123751104
0.21711883,0.15737486
0.2353487,0.20164596
0.26992545,0.23256974
0.30230984,0.2400732
0.31405124,0.27111688
0.32374483,0.28514147
0.3345929,0.2933066
0.33516973,0.3100892
0.32694358,0.31472418
0.33056864,0.3075575
0.32567418,0.31010947
0.32960227,0.29790145
0.32778928,0.31050378
0.31277406,0.30879685
0.29823804,0.29024383
0.29372412,0.26493767
0.2507901,0.24709956
0.22319037,0.18971142
0.17937838,0.14486237
0.15814003,0.13165711
0.13947132,0.11143449
0.13100123,0.10657734
0.14305769,0.12015588
0.17244942,0.14215043
0.19477277,0.1787543
0.24141833,0.2287216
0.2685841,0.259998
0.29716516,0.27308404
0.3361967,0.308085
0.33600464,0.3253684
0.3645281,0.33742082
0.38603732,0.35470194
0.39306474,0.36469886
0.37993652,0.35688788
0.39576185,0.3524219
0.40054423,0.34192955
0.36634707,0.35025525
0.36159155,0.34662834
0.33053854,0.32485393
0.30664667,0.2976396
0.25886777,0.2686033
0.21024641,0.21112466
0.20849527,0.15455727
0.20674413,0.13631912
0.204993,0.113831684
0.20324185,0.114948854
0.20149072,0.12663284
0.19973956,0.15470946
0.19798842,0.19469164
0.19623728,0.24353336
0.19448614,0.27679178
0.192735,0.2838438
0.19098386,0.3196808
0.1892327,0.32904333
0.18748157,0.3386122
0.18573043,0.3583797
0.18397929,0.36086515
0.18222815,0.35472956
0.18047701,0.35165185
0.17872587,0.34059116
0.17697471,0.3524663
0.17522357,0.344574
0.17347243,0.32523885
0.1717213,0.29531807
0.16997015,0.2752328
0.16821902,0.21500143
0.16646786,0.079084426
0.16471672,0.07952987
0.16296558,0.06316106
0.16121444,0.057239912
0.1594633,0.07352537
0.15771216,0.086023666
0.15596102,0.10804787
0.15420987,0.14564124
0.15245873,0.17192401
0.15070759,0.184973
0.14895645,0.21446306
0.14720531,0.23597911
0.14545417,0.24201958
0.14370303,0.25672895
0.14195187,0.26681715
0.14020073,0.26045316
0.1384496,0.26994738
0.13669845,0.2581809
0.13494731,0.2676345
0.13319618,0.27483097
0.13144502,0.2569578
0.12969388,0.23356418
0.12794274,0.21455057
0.1261916,0.16024104
0.12444046,0.07315855
0.09107621,0.07478303
0.073231526,0.05833377
0.051134158,0.052462973
0.043537416,0.06718477
0.04877784,0.07651822
0.048146266,0.099372566
0.067902975,0.13527824
0.1130811,0.16078825
0.15825717,0.17642024
0.19193114,0.20561077
0.21299623,0.23280449
0.24629115,0.2398563
0.2884397,0.25213695
0.3121098,0.26706895
0.33478904,0.26095936
0.37720126,0.27261695
0.38444048,0.25930813
0.3821998,0.26813927
0.35808048,0.27507514
0.32864177,0.25707713
0.3148961,0.2330068
0.27409068,0.2132801
0.21415913,0.16057718
0.17290217,0.14902283
0.1338483,0.13834192
0.11006569,0.116595045
0.11025651,0.11045988
0.122898094,0.124921575
0.15100093,0.14086066
0.19010276,0.1853761
0.22665633,0.23500045
0.2834386,0.2687225
0.33535182,0.28492793
0.38053906,0.3230901
0.41580445,0.34399036
0.45614013,0.3643637
0.50921,0.3796491
0.5317555,0.39663213
0.55083174,0.38566434
0.5574173,0.38565928
0.5562299,0.3643606
0.5285287,0.37803513
0.4941929,0.37377277
0.46770215,0.34908372
0.4561186,0.31678897
0.4008214,0.28772348
0.33656228,0.22719392
0.27500406,0.2162099
0.22673343,0.19258612
0.20906144,0.16321258
0.19312811,0.15929306
0.19337381,0.1659941
0.22310838,0.20366193
0.26241177,0.25319687
0.32210317,0.3146844
0.3814455,0.35568792
0.44419482,0.37597185
0.49401897,0.41831025
0.5394721,0.42639288
0.5798387,0.44959426
0.62824184,0.47184354
0.6465993,0.48300466
0.6572853,0.47300485
0.65090364,0.4666593
0.6541359,0.44766986
0.62931526,0.45787048
0.58951974,0.43852952
0.5480313,0.4097804
0.5183239,0.38191003
0.45364174,0.34060302
0.38762683,0.27476615
0.3176025,0.28550208
0.27684906,0.26005244
0.2308149,0.22301577
0.20268562,0.21912386
0.19808018,0.2210979
0.22066025,0.26371616
0.25992757,0.31135768
0.3225084,0.37531585
0.38564777,0.4282943
0.44229054,0.43971568
0.4967023,0.48781872
0.54581696,0.4897217
0.58387494,0.5093948
0.6371411,0.5372745
0.6539231,0.53547335
0.66877556,0.53266275
0.69095916,0.5179584
0.6744531,0.5085377
0.64858365,0.5178528
0.6082687,0.5005691
0.56117827,0.4686282
0.52151585,0.43986687
0.45442274,0.41213885
0.3686078,0.33391517
0.29570875,0.27984023
0.25111657,0.24937738
0.22068831,0.21776767
0.20240451,0.21234544
0.20443366,0.21363537
0.22239059,0.25569755
0.25146618,0.30234796
0.28814495,0.36385605
0.33786258,0.41480953
0.37142053,0.42843312
0.39541152,0.47571966
0.40976286,0.48250675
0.43401825,0.5043121
0.4532014,0.5308067
0.4794343,0.53261757
0.486228,0.5297831
0.48138678,0.5124196
0.4722308,0.5077487
0.44814947,0.5104976
0.4193325,0.49377245
0.3952948,0.45934996
0.39162195,0.43362197
0.35286212,0.39682415
0.28851447,0.32134876
0.23999992,0.18421687
0.20521016,0.1627839
0.17974639,0.14035326
0.17931026,0.13487327
0.17827457,0.14691724
0.19740748,0.17471692
0.2510945,0.21348369
0.29489002,0.26758653
0.32983968,0.3045863
0.35258958,0.3149018
0.38568634,0.35612565
0.39406,0.3716007
0.42275244,0.38639402
0.4319402,0.40835184
0.43050665,0.4148725
0.4199055,0.40958923
0.41634816,0.4039296
0.41538915,0.3982537
0.3981842,0.40144598
0.3748515,0.39127687
0.35982892,0.3642309
0.33463186,0.33665547
0.2865469,0.30389577
0.24158587,0.24065328
0.2008635,0.14662012
0.16550756,0.13512489
0.13560246,0.11359724
0.13323662,0.10364093
0.13175404,0.11761028
0.13516253,0.13203523
0.14538513,0.16095652
0.18239854,0.20450355
0.22436185,0.24221322
0.2481145,0.2600183
0.2975355,0.30072188
0.32303426,0.33097133
0.3262966,0.3491836
0.3438411,0.36907214
0.36900073,0.38661164
0.39109838,0.38045868
0.42602664,0.38992336
0.45827878,0.3780522
0.46013784,0.3819422
0.45438814,0.37626937
0.40955406,0.34588927
0.39568204,0.3202063
0.3479242,0.2896121
0.2823258,0.22404715
0.23033424,0.15347019
0.17851089,0.14202215
0.14351384,0.11728905
0.1315842,0.10979706
0.119552664,0.1233612
0.11677861,0.13609643
0.11954,0.1662399
0.15116684,0.20878227
0.2079439,0.24794894
0.28750166,0.26938722
0.3701026,0.31113428
0.4295896,0.34188887
0.47744575,0.36265767
0.53494877,0.38789845
0.57067466,0.40442425
0.59150875,0.39933234
0.6170787,0.41249108
0.63661957,0.39836332
0.60899985,0.40219533
0.5679003,0.39216095
0.5174675,0.36057973
0.46162218,0.3330306
0.4009907,0.30334795
0.33136895,0.23494354
0.2766494,0.23506181
0.2423595,0.21076362
0.21331903,0.18301454
0.2025181,0.17038304
0.2130834,0.18191534
0.2467447,0.20255451
0.2892008,0.24412322
0.34446016,0.30244994
0.38601378,0.34908208
0.42619225,0.37478086
0.4585034,0.42785352
0.4862254,0.46165767
0.5238628,0.49339324
0.53110427,0.5225619
0.5361886,0.54518044
0.5192009,0.5355943
0.49627858,0.5396043
0.48938614,0.5200628
0.47392392,0.5259253
0.43885633,0.5045019
0.39590132,0.4638475
0.3876907,0.42839602
0.34135854,0.38111052
0.29962772,0.30721694
0.25485194,0.23802026
0.21571144,0.20923272
0.20242208,0.18198276
0.19850595,0.17492726
0.19640571,0.18589707
0.21905537,0.21251188
0.26412085,0.25729802
0.30200297,0.31379914
0.32343608,0.35878438
0.3475457,0.3795353
0.36205286,0.43064567
0.37310088,0.45388636
0.37924826,0.47733045
0.3844729,0.5087204
0.37968194,0.5197537
0.36746314,0.51274043
0.35697603,0.51604575
0.35172373,0.50070167
0.34465152,0.50484174
0.33288094,0.48438796
0.32684824,0.44729492
0.32234985,0.41229492
0.27891228,0.37066278
0.22671749,0.29804787
0.20676124,0.17485659
0.19659352,0.15644754
0.17339346,0.13507509
0.16925655,0.12655394
0.1691826,0.13801849
0.20692265,0.15703574
0.23725583,0.18713138
0.2778033,0.2338372
0.3185337,0.2727152
0.35527512,0.29458323
0.37828654,0.33762532
0.39939684,0.36947438
0.42935315,0.3861193
0.45925045,0.41226476
0.4787311,0.4252693
0.49057248,0.41955966
0.49600276,0.4313709
0.49183017,0.41839102
0.47243875,0.42104578
0.45450065,0.4096909
0.41517192,0.37829196
0.38502753,0.3493646
0.33285412,0.3112875
0.28043312,0.24549451
0.2323777,0.20793073
0.19549654,0.18548614
0.18293233,0.16152225
0.16425054,0.15046991
0.17400296,0.16090974
0.19179453,0.1812528
0.23343477,0.21952665
0.2709621,0.2732904
0.31088328,0.31630218
0.34803617,0.33838582
0.38547686,0.3870865
0.41925517,0.4184101
0.45529118,0.4434614
0.5187422,0.46862525
0.58147395,0.488659
0.61602414,0.4805859
0.6477193,0.48662838
0.6626495,0.47067788
0.6572292,0.47483057
0.62021387,0.4580327
0.57997257,0.42230225
0.53954494,0.39218095
0.47744057,0.34827867
0.41141585,0.27761117
0.3393363,0.2523836
0.28313008,0.22328334
0.25511387,0.19606723
0.233009,0.18320362
0.22644985,0.19196644
0.25007814,0.21715404
0.29358926,0.26167363
0.35461792,0.32267794
0.42521256,0.36930183
0.46856636,0.39377993
0.5125573,0.4500467
0.55258316,0.48206028
0.61143214,0.5151728
0.66303647,0.54508686
0.699089,0.5674926
0.7322526,0.5592884
0.7528865,0.55807817
0.7429624,0.54095036
0.719105,0.5452074
0.6686188,0.520551
0.6160748,0.4802393
0.58997005,0.44321433
0.51828986,0.39437082
0.4419931,0.31795987
0.37028077,0.28781635
0.31472695,0.25250828
0.26996276,0.22217943
0.25364763,0.20822631
0.2153708,0.21688046
0.22126392,0.2456417
0.21692896,0.29246467
0.24340282,0.35791838
0.30616874,0.4096628
0.385924,0.43558517
0.4694649,0.49679077
0.50366884,0.5297929
0.51804173,0.5671689
0.52348655,0.6034379
0.50741565,0.62599516
0.50061774,0.61771405
0.49321482,0.6157827
0.5029892,0.5978628
0.49506092,0.6019845
0.48314026,0.569361
0.451903,0.5237354
0.42922702,0.48475513
0.39566064,0.43135554
0.33963895,0.35038912
0.2867968,0.25104612
0.2468233,0.22231932
0.21489817,0.19335274
0.19477521,0.17689183
0.19043073,0.18437523
0.17333993,0.20620559
0.17957695,0.24340656
0.19638036,0.299129
0.23112367,0.3481853
0.27234548,0.37712058
0.30929068,0.4357307
0.33154467,0.48166862
0.34225774,0.5144595
0.35448375,0.5477129
0.39641574,0.5745273
0.45248306,0.5695042
0.5014562,0.57518905
0.5218516,0.5620371
0.5162276,0.561341
0.49587187,0.53358954
0.4434134,0.48796847
0.4013756,0.4524697
0.35038418,0.4009186
0.2924058,0.32409808
0.23281914,0.22004853
0.19812186,0.19977254
0.1590116,0.17083453
0.1563754,0.15562691
0.15610108,0.16130623
0.15781152,0.17826217
0.18615668,0.21317954
0.23128875,0.2615085
0.27816492,0.31088132
0.3268846,0.33893573
0.37213382,0.39495236
0.4125873,0.44137332
0.4719246,0.47038954
0.49620408,0.5008842
0.52164835,0.53104025
0.5493327,0.52724034
0.57345974,0.5385433
0.59080946,0.5262301
0.5706651,0.52550375
0.546202,0.49952933
0.4876193,0.4572367
0.44367996,0.42564204
0.38263348,0.37857896
0.3310087,0.303852
0.26882628,0.23564528
0.22268015,0.21140599
0.18368486,0.18123786
0.15733616,0.1691434
0.15173413,0.17633934
0.14758427,0.19612493
0.13768841,0.23288184
0.16728364,0.28365383
0.23196623,0.33206594
0.2983541,0.36141688
0.38546935,0.41738954
0.4627911,0.45765194
0.5241864,0.4905971
0.55560035,0.5238265
0.5872223,0.54789454
0.63905936,0.54449546
0.6511805,0.5543122
0.665198,0.5390366
0.65484524,0.5392985
0.6174715,0.51324713
0.560318,0.46924457
0.5009677,0.43418798
0.42589003,0.39143154
0.3711258,0.31346276
0.29887137,0.2587111
0.24236168,0.23253936
0.20190996,0.19945122
0.17945302,0.18449369
0.16981512,0.18945737
0.20161289,0.20983656
0.251084,0.24699995
0.32657897,0.3003462
0.42314008,0.3526638
0.5060269,0.38670036
0.6100786,0.44767675
0.68572265,0.49590105
0.75486344,0.53327686
0.82176054,0.5732614
0.83703905,0.60069203
0.8403428,0.59929293
0.8462814,0.60794246
0.84252465,0.59215194
0.8488544,0.5900413
0.8291285,0.55843633
0.77200764,0.5096533
0.72288984,0.46894813
0.628256,0.42147294
0.5235641,0.34006363
0.4428776,0.3798449
0.3733376,0.33055347
0.32803088,0.29157832
0.29663274,0.27126724
0.29531592,0.27041936
0.31721348,0.30516398
0.35755092,0.35996795
0.43062937,0.43813097
0.5209818,0.5023472
0.5999398,0.5459217
0.70202595,0.6213441
0.7657427,0.6684269
0.8157628,0.7238876
0.8359302,0.76875436
0.81775373,0.806254
0.7977617,0.79565305
0.77850044,0.7981924
0.7619635,0.7721095
0.73351014,0.7708505
0.6871238,0.7187448
0.6402622,0.6577643
0.60743564,0.61746544
0.53157735,0.5366698
0.45233282,0.44059455
0.37438866,0.3752905
0.33359888,0.32574195
0.29838553,0.28924006
0.2813661,0.26862162
0.28223795,0.27034017
0.28847948,0.3025732
0.32745692,0.35611093
0.3746089,0.42692822
0.42562088,0.49140528
0.46216768,0.52962935
0.5152637,0.60688955
0.5535961,0.6558131
0.59431493,0.70509434
0.6452208,0.7515676
0.6732791,0.7840766
0.685079,0.77710855
0.6870682,0.77819955
0.68862486,0.7604752
0.66300815,0.7551501
0.61073124,0.7053805
0.54099756,0.6456897
0.48885903,0.6019758
0.41981494,0.5274342
0.33006003,0.43327874
