true,forecasted
0.18613008,0.14545013
0.16441858,0.12328388
0.15453438,0.110184446
0.14320965,0.103089556
0.14393723,0.103889614
0.15228651,0.11553138
0.16358133,0.15937349
0.17793268,0.16910073
0.19138794,0.17006177
0.19727698,0.17605245
0.20521213,0.18832906
0.2108931,0.19466403
0.19863805,0.2224493
0.21983469,0.2414813
0.24113469,0.2610405
0.23828988,0.2761572
0.25861302,0.3044842
0.28404912,0.3174
0.28025904,0.30821443
0.26942924,0.27796245
0.2568913,0.2702178
0.25626314,0.2520873
0.22710907,0.2041438
0.15071271,0.16699597
0.1428949,0.12668215
0.13645676,0.10653137
0.12170158,0.09352
0.12773055,0.08701146
0.09618173,0.08882499
0.12299885,0.10396831
0.15916106,0.14101546
0.1855328,0.15091953
0.18052255,0.15304798
0.17921598,0.15870133
0.16290727,0.16849737
0.18150705,0.17800993
0.22904949,0.20931792
0.2317414,0.22910282
0.27864337,0.25413454
0.2839594,0.27608
0.29822898,0.30182213
0.31564814,0.3172008
0.31401652,0.30815905
0.25789943,0.27874243
0.27172396,0.27109513
0.27597472,0.2477406
0.23957485,0.20476933
0.17484456,0.15726003
0.14972588,0.13131881
0.12817195,0.10841306
0.11890397,0.09591623
0.06173059,0.08840254
0.06360486,0.086790115
0.085627116,0.099747896
0.13686591,0.13805735
0.17715923,0.14882779
0.17364702,0.15147676
0.18170282,0.16016418
0.1761847,0.1786196
0.18772747,0.19034198
0.2160549,0.22143772
0.22565228,0.2383751
0.2666356,0.26137367
0.29247653,0.28202647
0.29938796,0.30686578
0.32429758,0.32333466
0.3291619,0.3132501
0.2914834,0.28214127
0.2836277,0.27255547
0.26242438,0.25366408
0.20881476,0.20714693
0.19037585,0.16280097
0.14297733,0.13205159
0.12587988,0.104419895
0.093308665,0.08960548
0.080021925,0.08118048
0.08026456,0.077510685
0.07837467,0.09165323
0.06559014,0.12216875
0.13468486,0.13544902
0.13872956,0.14501266
0.16484502,0.1627549
0.19060785,0.19050334
0.21993506,0.21565121
0.19809562,0.25859472
0.26013467,0.28248104
0.2803029,0.31368867
0.31077218,0.34371617
0.33919933,0.36994955
0.33839798,0.38632414
0.34088713,0.37553197
0.33909795,0.3429539
0.30188146,0.32409886
0.2713397,0.3000155
0.24921377,0.24603884
0.2067497,0.18768099
0.15065256,0.14294544
0.14654638,0.11857444
0.12388696,0.108277515
0.123696834,0.09674597
0.104477175,0.09465483
0.120685175,0.10868812
0.13112278,0.13334511
0.12421501,0.14967912
0.16866402,0.15006953
0.18340093,0.17225893
0.19673753,0.20157436
0.22392158,0.2173926
0.24057929,0.23963562
0.2733413,0.25262144
0.28078884,0.27320448
0.31768295,0.28484276
0.31409395,0.2970709
0.31389886,0.31800362
0.26599643,0.3057608
0.28130436,0.27892712
0.24639489,0.2654698
0.22560275,0.24725108
0.22194761,0.20796925
0.1866293,0.16043308
0.16372924,0.13613015
0.15086927,0.11780517
0.10572093,0.10773823
0.13281359,0.10183489
0.1364315,0.10200456
0.14023022,0.12205814
0.17118843,0.15441786
0.19047622,0.17856699
0.19720086,0.1716038
0.21262944,0.17442757
0.1920796,0.18889588
0.2118437,0.18491186
0.19305447,0.18856126
0.22461027,0.19390535
0.22879323,0.20365424
0.24226011,0.20473091
0.25056654,0.21586543
0.26067045,0.22611453
0.2585921,0.22145998
0.2557569,0.22052544
0.24071024,0.21729854
0.23809844,0.20620866
0.20991392,0.16647518
0.17207754,0.13184446
0.15898922,0.1276728
0.13050988,0.10986951
0.12229155,0.10116412
0.124554366,0.099454656
0.12021719,0.10201764
0.12518755,0.115979694
0.14847848,0.14363708
0.16425738,0.15422222
0.17923293,0.15203814
0.18228912,0.1671724
0.14878027,0.17577675
0.1823197,0.17852333
0.17715126,0.18231946
0.18547197,0.18671998
0.2210718,0.19615771
0.2317414,0.19667986
0.2758883,0.21272431
0.30933565,0.2235252
0.28478467,0.21744055
0.2740034,0.20360947
0.2848455,0.20098618
0.27582482,0.19182481
0.2464258,0.15716931
0.17928046,0.13097836
0.116700314,0.13359362
0.12451647,0.113771185
0.11568058,0.1035282
0.10573522,0.09710118
0.096705556,0.0986093
0.088913985,0.10995534
0.10664726,0.14912796
0.13146646,0.16277876
0.1326444,0.15852003
0.14259343,0.1672628
0.16293585,0.17885648
0.18629593,0.18300056
0.2058576,0.19935387
0.23949873,0.20993984
0.25763685,0.2229386
0.30341637,0.23240696
0.3169587,0.25084674
0.32801688,0.2667543
0.32291156,0.2617815
0.30193496,0.24358514
0.25691724,0.23664501
0.24770744,0.22155587
0.22116287,0.17810275
0.19592853,0.1412281
0.16583484,0.12704825
0.13362858,0.104064256
0.112896934,0.09198889
0.102245934,0.08234306
0.10838293,0.08324483
0.11669832,0.09699642
0.13907589,0.12945013
0.16302194,0.1452671
0.18005191,0.15079528
0.20032254,0.16681561
0.22231323,0.1891073
0.25959653,0.20761871
0.2919258,0.24190387
0.31576547,0.26153708
0.31858203,0.2861819
0.34974363,0.31007877
0.37408456,0.33104435
0.41028333,0.34900436
0.3945207,0.34225222
0.38048512,0.31431997
0.33149818,0.30055958
0.30039206,0.27911645
0.27981433,0.23000087
0.22601123,0.17608127
0.22466826,0.15834911
0.22332528,0.13503933
0.22198232,0.1263786
0.22063933,0.12075773
0.21929635,0.12326504
0.21795338,0.14020032
0.2166104,0.18380818
0.21526742,0.20325941
0.21392445,0.19171718
0.21258147,0.197945
0.21123849,0.21393633
0.20989552,0.21050775
0.20855254,0.22115073
0.20720957,0.22603923
0.20586659,0.23772663
0.20452361,0.24001642
0.20318064,0.25638792
0.20183766,0.2664885
0.20049468,0.2658088
0.19915171,0.2538388
0.19780873,0.24381623
0.19646575,0.23071656
0.19512278,0.18570647
0.1937798,0.14990245
0.19243683,0.121006176
0.19109385,0.09957928
0.18975087,0.08902073
0.1884079,0.08233824
0.18706492,0.08379027
0.18572193,0.097543694
0.18437897,0.13042983
0.18303598,0.14562488
0.181693,0.14843711
0.18035004,0.15714356
0.17900705,0.1728282
0.17766407,0.18542695
0.1763211,0.2123298
0.17497812,0.22938675
0.17363515,0.24933493
0.17229217,0.26789576
0.17094919,0.28895596
0.16960622,0.30667964
0.16826324,0.29999474
0.16692026,0.2756234
0.16557729,0.26676354
0.16423431,0.2484486
0.16289133,0.20515816
0.16154836,0.15640193
0.16020538,0.12197915
0.12705982,0.0952001
0.10789899,0.08417745
0.108403206,0.07755877
0.08754958,0.074628055
0.08781914,0.084388815
0.089722656,0.11054896
0.11199752,0.122664124
0.14231987,0.13031533
0.16789757,0.14813828
0.21358934,0.17439306
0.21190153,0.19483992
0.2463859,0.2249153
0.27718356,0.24342918
0.30046818,0.26580948
0.32796702,0.28476733
0.35504204,0.30611023
0.36783955,0.3252797
0.3626601,0.3167216
0.33326674,0.28925788
0.32101834,0.27288988
0.30083844,0.25606412
0.27842766,0.21154535
0.22393489,0.16120888
0.18775472,0.1884726
0.1550665,0.15966365
0.13318253,0.14454645
0.08686589,0.13332759
0.090611435,0.12933514
0.09610129,0.13874763
0.1329914,0.1665114
0.15797746,0.18541664
0.16340351,0.18399262
0.18094699,0.21188414
0.21923143,0.24493477
0.26009345,0.26886395
0.27340144,0.29221976
0.3008368,0.3015079
0.30191204,0.31873247
0.29548985,0.32995898
0.28323713,0.33912835
0.29788262,0.35877976
0.32811925,0.3513488
0.30855688,0.32742873
0.29451632,0.30763265
0.28685606,0.28911746
0.22711007,0.24085414
0.1683034,0.19049135
0.14244552,0.15602513
0.15300246,0.13129698
0.12304305,0.11760405
0.11481208,0.10804358
0.15207148,0.10514416
0.14681427,0.120055266
0.17079224,0.14252387
0.19137397,0.16659594
0.17151448,0.16451451
0.18959144,0.19030976
0.23796548,0.21874478
0.27730155,0.23590428
0.27248442,0.25247276
0.27640313,0.2622513
0.31121257,0.277232
0.33497548,0.28386474
0.3275562,0.2912249
0.35573903,0.30765978
0.33491966,0.2995919
0.3207621,0.28349498
0.3158901,0.26801276
0.28449517,0.25098425
0.2735929,0.20908545
0.23398162,0.1644007
0.18648173,0.17534885
0.17909034,0.14160775
0.16010301,0.1263653
0.12911656,0.11408831
0.119081125,0.11032009
0.15259862,0.12126444
0.18961504,0.14379211
0.17095776,0.16407102
0.20337574,0.1724956
0.21013296,0.20599684
0.18539418,0.24581373
0.20189501,0.27733415
0.21877706,0.30911148
0.22180568,0.33092877
0.2673851,0.35209477
0.28452575,0.3665882
0.32203144,0.38326642
0.33580709,0.39931798
0.33603743,0.3889786
0.2961413,0.36531588
0.2580051,0.34102145
0.28886527,0.31987315
0.2593283,0.26434633
0.20560168,0.20922358
0.17718482,0.16454215
0.13589272,0.13714568
0.12979129,0.12614456
0.116293155,0.11930862
0.11003185,0.11826366
0.12278247,0.13279432
0.15303336,0.16395424
0.16690509,0.18106523
0.16747512,0.17342168
0.18207374,0.1918469
0.22229029,0.21404594
0.23109859,0.22379166
0.2206776,0.23889512
0.20120665,0.24907538
0.21229008,0.26527852
0.24805045,0.271263
0.24489753,0.28757498
0.21383762,0.30183348
0.24910441,0.2961888
0.24784072,0.27678418
0.2521686,0.26221362
0.24455617,0.24531259
0.20990495,0.19857085
0.19541833,0.15768448
0.14403594,0.1385953
0.12606867,0.11813747
0.10120526,0.10676995
0.10721895,0.09898144
0.10817453,0.097851604
0.14287196,0.109352656
0.15127143,0.13599657
0.18811701,0.1488092
0.18277274,0.14639787
0.17590052,0.16513698
0.21258323,0.18160337
0.21846563,0.19274001
0.24258186,0.20510882
0.25283566,0.21461853
0.2739828,0.22864679
0.28864956,0.23644467
0.28964567,0.2488258
0.2741985,0.26588985
0.2862365,0.25605303
0.2241815,0.23848149
0.23681746,0.22913167
0.23611215,0.21289402
0.1981232,0.1755507
0.17573999,0.13688451
0.1818012,0.14365907
0.15802865,0.115382954
0.13993907,0.10034998
0.14101928,0.08974135
0.1351708,0.087000996
0.1336535,0.094576284
0.1506582,0.11307873
0.15457161,0.1290279
0.18628596,0.14245525
0.21684863,0.18049163
0.21573217,0.21207917
0.279461,0.2423755
0.31441736,0.272373
0.32165685,0.29156938
0.31253543,0.31249052
0.35766083,0.329382
0.34601405,0.34533435
0.36739615,0.3611711
0.37328053,0.3527738
0.3800241,0.33001477
0.36597425,0.30882815
0.3402852,0.28635067
0.29034433,0.23927028
0.21322405,0.19110434
0.18132657,0.18389498
0.15268703,0.15020353
0.14116387,0.13320065
0.1420553,0.11842677
0.1333876,0.11566894
0.0719269,0.12514153
0.099245906,0.14894377
0.14389302,0.16854429
0.18096095,0.18028864
0.21206173,0.21823058
0.21316157,0.26169497
0.23688194,0.2973795
0.24169774,0.33486181
0.2765547,0.35780153
0.30285364,0.38164562
0.3352115,0.39791787
0.37632608,0.4133558
0.37010235,0.42888343
0.3861764,0.4223487
0.37160537,0.39433274
0.32557058,0.36729825
0.29666746,0.34066784
0.24145377,0.2868573
0.18792391,0.22645363
0.13983005,0.1637617
0.10439741,0.13345535
0.09619668,0.1183438
0.0733262,0.10768314
0.073917165,0.103940845
0.085164115,0.11802688
0.14179306,0.14342697
0.16155218,0.16546601
0.19801386,0.16907448
0.21044904,0.19597948
0.26143026,0.2283311
0.28010383,0.2506804
0.31658313,0.27474627
0.33625016,0.29022697
0.35648522,0.309287
0.35188612,0.3195812
0.33674806,0.33257842
0.36126944,0.34635565
0.38894445,0.33656162
0.3717885,0.31774694
0.33869877,0.2981311
0.31343618,0.27848774
0.26985067,0.22990046
0.22440088,0.1829623
0.1876447,0.16917977
0.1431229,0.1422175
0.08423546,0.12838775
0.09958427,0.11875358
0.10948077,0.11484009
0.11860217,0.13061416
0.1412862,0.15711057
0.16109449,0.17919783
0.18655153,0.17415863
0.20406942,0.19728953
0.21911809,0.2246358
0.25516063,0.24043077
0.28524002,0.25958505
0.3092921,0.2716472
0.32541835,0.2882616
0.34305158,0.29692072
0.34916133,0.30862677
0.3681134,0.3248457
0.36185443,0.31683078
0.35191572,0.29513776
0.33235604,0.2811068
0.30640775,0.26069015
0.27016744,0.21600653
0.22315712,0.17004189
0.1742772,0.15702344
0.14423238,0.12646134
0.1420264,0.112801746
0.132094,0.102015
0.115902945,0.09870744
0.12311185,0.10960506
0.14898004,0.13570471
0.15725854,0.15043259
0.18047835,0.15596662
0.20419838,0.18247339
0.22288291,0.21502958
0.22733709,0.23854136
0.28166234,0.27014828
0.2982017,0.2933168
0.33840063,0.31586355
0.3714189,0.3324996
0.37088576,0.35511613
0.39302534,0.37128082
0.38791806,0.360926
0.3925916,0.3316386
0.3659922,0.31197974
0.34320813,0.2905184
0.30759135,0.23745263
0.24607946,0.18717536
0.21079604,0.17849748
0.18085591,0.14343329
0.1519465,0.12719442
0.13322772,0.11288606
0.10773048,0.10965714
0.11653413,0.11648139
0.13831241,0.1369633
0.16030078,0.15073887
0.17170793,0.1671046
0.17421605,0.20624399
0.18931323,0.25036305
0.20626277,0.28760245
0.21814787,0.3281426
0.227139,0.3576912
0.2468632,0.38337588
0.28433928,0.4016385
0.31950104,0.42407832
0.33465675,0.43819115
0.31458354,0.42935595
0.28449085,0.39805958
0.26048598,0.36831003
0.27869487,0.3424651
0.24986522,0.28635564
0.20949247,0.22646578
0.17576957,0.1606065
0.15698199,0.12791249
0.15327367,0.11279456
0.13796043,0.09766947
0.14871182,0.093753785
0.15616202,0.10055219
0.165545,0.115441054
0.16597079,0.13358444
0.1558692,0.15426682
0.17725961,0.19862449
0.20820618,0.24269105
0.29535824,0.279985
0.32365477,0.31808934
0.35445374,0.34548426
0.3858317,0.37036958
0.40853202,0.3876125
0.41387033,0.40513986
0.43972322,0.41797593
0.44245204,0.41272634
0.41912287,0.38742658
0.39665124,0.35730305
0.37725577,0.32839763
0.33242384,0.27994946
0.29604924,0.22136047
0.24162528,0.2208245
0.20647815,0.18879983
0.20202197,0.16971482
0.16323899,0.15219411
0.14942908,0.14961506
0.14981729,0.1589049
0.15382974,0.18107672
0.14710177,0.20393974
0.14555423,0.21505654
0.17687903,0.25268787
0.23819682,0.29906932
0.265452,0.33681923
0.3084921,0.36586347
0.29959735,0.38382638
0.29998824,0.4016178
0.3387699,0.41024297
0.376714,0.41576824
0.38872772,0.42767957
0.37677813,0.4216658
0.35624093,0.40016094
0.3421751,0.3738589
0.31601176,0.3478105
0.25168267,0.30123064
0.26681542,0.24034688
0.21962695,0.1877633
0.17783894,0.15612271
0.1512146,0.1386229
0.14896674,0.12677196
0.14610764,0.123037994
0.09804403,0.1345642
0.09125425,0.16168599
0.12541921,0.1827181
0.16382363,0.18719411
0.18753602,0.21273872
0.26734123,0.24639544
0.2741071,0.27004933
0.31235895,0.29676402
0.35852137,0.31622946
0.37661427,0.33540142
0.4043617,0.34615391
0.40836585,0.3622323
0.38899562,0.37360016
0.3709253,0.36396518
0.35735938,0.34585783
0.32422146,0.3237932
0.2942903,0.30123812
0.27078265,0.24937421
0.22559443,0.2001387
0.18062858,0.18192142
0.14968666,0.1516929
0.14345029,0.13363999
0.14412402,0.12060864
0.1341125,0.115074456
0.09679729,0.12488585
0.12502435,0.14166348
0.12808852,0.16289984
0.16410881,0.17372493
0.19298433,0.21011433
0.23198503,0.2498125
0.27107283,0.28035408
0.32044867,0.3128569
0.36144096,0.3356813
0.36029458,0.35677323
0.35543492,0.36903885
0.38662112,0.38344738
0.39674497,0.3974218
0.40110776,0.38900012
0.37047493,0.3649033
0.33987108,0.34005755
0.32117558,0.31507075
0.30921233,0.266909
0.2825039,0.21245107
0.24009402,0.19690518
0.2075607,0.15820916
0.1737361,0.1396441
0.16667475,0.123331085
0.14527138,0.118225455
0.1475126,0.123641916
0.15049368,0.14199972
0.14319968,0.15776375
0.14621034,0.18032496
0.20035444,0.22406846
0.25811213,0.2755666
0.31432563,0.3204604
0.38148624,0.36624253
0.40845627,0.39842296
0.4296808,0.42607012
0.437597,0.44631204
0.47302267,0.46752006
0.47850856,0.48124784
0.46516463,0.4700968
0.39533305,0.43781576
0.35924894,0.4041738
0.31675163,0.3770156
0.28674737,0.31823674
0.23814231,0.25566006
0.19669963,0.20744549
0.20422298,0.16845703
0.188354,0.14804955
0.17643365,0.12963128
0.16283083,0.1252111
0.17210545,0.12889965
0.1806133,0.14282657
0.21619019,0.1581628
0.24800092,0.18734536
0.30571043,0.23918876
0.35627583,0.29714954
0.3661461,0.34987262
0.38607302,0.40027487
0.41386536,0.43435967
0.44047672,0.46318817
0.45686918,0.48363465
0.49035344,0.50374365
0.5162093,0.5140689
0.52664065,0.50517875
0.5167431,0.47146592
0.4843248,0.43315965
0.4247151,0.40248024
0.38449025,0.34516382
0.326347,0.27689666
0.25873867,0.27422652
0.23395835,0.23657386
0.16284545,0.21161136
0.14773296,0.19101612
0.18271324,0.18673038
0.18744695,0.19370338
0.20031124,0.21761999
0.24213281,0.23465726
0.24398082,0.24899435
0.29336098,0.29258248
0.29943183,0.34817505
0.3384794,0.39403525
0.3782027,0.43171632
0.4380248,0.44638354
0.44638172,0.46810603
0.46174017,0.47467956
0.4356812,0.48038366
0.44663966,0.491808
0.44471553,0.4820445
0.42533997,0.45061508
0.40064973,0.41983494
0.37658235,0.39414042
0.32436007,0.3428736
0.27656502,0.27794215
0.22597668,0.22519939
0.22189143,0.189881
0.21104799,0.16799173
0.19366172,0.15139599
0.1804215,0.14832108
0.15953298,0.15495118
0.15961142,0.17832264
0.17488678,0.1931704
0.20595033,0.20949785
0.24311233,0.24778637
0.2768778,0.29449213
0.3257494,0.3344578
0.39663163,0.37221953
0.42901605,0.3982933
0.45475426,0.42125687
0.48252663,0.43375725
0.49328965,0.45092893
0.4981141,0.45979336
0.46566385,0.44999355
0.42554638,0.42087287
0.40063778,0.39119166
0.3752758,0.36402422
0.31124914,0.30992284
0.25032225,0.2511993
0.19489683,0.2235674
0.17068887,0.18996339
0.13397823,0.16894476
0.13757953,0.15135372
0.16446346,0.14772001
0.16304554,0.15537512
0.11284043,0.17296936
0.16646104,0.18767658
0.1673405,0.20336857
0.22439788,0.24347824
0.29186863,0.28892207
0.33972847,0.3260706
0.36094072,0.36022446
0.35379332,0.38477036
0.3544471,0.40657985
0.34119725,0.41430867
0.35722876,0.42858502
0.3916111,0.43995196
0.3742697,0.42830905
0.3618099,0.39816102
0.32923502,0.37202647
0.32076675,0.34445935
0.2793201,0.2979448
0.21812594,0.24060984
0.20079352,0.19295451
0.18425049,0.16390643
0.15843248,0.14604223
0.13671403,0.13287123
0.15799308,0.1290381
0.15201862,0.13898647
0.1502444,0.15952745
0.17151083,0.17426357
0.19738,0.18217383
0.22276326,0.21319717
0.25533116,0.24640788
0.26390845,0.27087158
0.2969852,0.29519746
0.3251172,0.31619036
0.36047775,0.33510202
0.3610225,0.34300613
0.35382554,0.35903254
0.33498213,0.36921933
0.3267412,0.35725704
0.31864384,0.33317304
0.31043082,0.31290343
0.2650209,0.2890042
0.21818776,0.24561942
0.17256047,0.19985074
0.14106715,0.16229132
0.15272525,0.12847391
0.093636386,0.11149432
0.078175575,0.09978758
0.082417026,0.09228845
0.125838,0.09813269
0.1637525,0.11000644
0.18837526,0.12127891
0.20427781,0.14360346
0.233156,0.1839399
0.23698731,0.22775641
0.30706885,0.2647653
0.33052266,0.3089718
0.36189565,0.34335986
0.37495506,0.37265837
0.35851339,0.395432
0.40173858,0.42312935
0.4475088,0.4374394
0.44639835,0.4241691
0.43306074,0.3876299
0.39070404,0.35874793
0.30436262,0.33168745
0.26066545,0.2799883
0.23424387,0.2246771
0.21162832,0.19416788
0.17544085,0.15605621
0.1353423,0.13881153
0.12689795,0.12265852
0.12849502,0.11681214
0.14117151,0.12480463
0.17303412,0.14224955
0.13975991,0.15423417
0.15620524,0.17604795
0.18304795,0.21971399
0.23201329,0.27039498
0.2805768,0.31392545
0.31577045,0.3612664
0.34089744,0.39595345
0.3669614,0.42674315
0.39030817,0.44913372
0.42413244,0.47509834
0.45613265,0.48756406
0.478929,0.4753526
0.46201238,0.43685952
0.3724795,0.40549347
0.3519935,0.37472886
0.33152875,0.31762105
0.2562618,0.2538576
0.20978563,0.22490694
0.19207661,0.18687227
0.1534362,0.16535148
0.100413874,0.14854129
0.11038284,0.14465679
0.1173777,0.15137836
0.12148853,0.17296116
0.13882826,0.18773682
0.16449204,0.2084532
0.19377738,0.2531782
0.24047592,0.3053971
0.28508314,0.35363033
0.32051414,0.39737293
0.356223,0.42630473
0.38967898,0.4530678
0.4279385,0.4702087
0.43493533,0.48826566
0.4698212,0.49702534
0.46863264,0.48840287
0.42987457,0.45562288
0.3915895,0.4216091
0.37521362,0.39145416
0.36875522,0.33477357
0.2697297,0.27008057
0.2025335,0.23612641
0.18633515,0.19844803
0.18941362,0.17468417
0.17932467,0.15685283
0.18872294,0.15237667
0.19861047,0.15801203
0.2255396,0.17762466
0.23386829,0.19565275
0.27773365,0.21835268
0.3031774,0.26507255
0.31500366,0.31906718
0.36021084,0.36894938
0.43643403,0.41168496
0.4550378,0.43856034
0.49730575,0.46305472
0.50305885,0.4779602
0.49931166,0.49146217
0.50261915,0.50006336
0.49738187,0.49174622
0.4312742,0.46420023
0.4325439,0.42934516
0.42796242,0.3995183
0.3966486,0.3438917
0.32292652,0.2786003
0.2780966,0.26080894
0.244269,0.22308525
0.22535878,0.19648734
0.1872904,0.17788437
0.17367825,0.17417297
0.17960718,0.17691374
0.2159921,0.2009783
0.21412978,0.2170411
0.25333723,0.23775128
0.27009663,0.28466606
0.32276234,0.33948964
0.36634716,0.39138868
0.41307428,0.43646613
0.4758758,0.4613867
0.5116255,0.48533088
0.5223008,0.499449
0.5431129,0.5124749
0.549305,0.52099
0.5539972,0.5151464
0.5042843,0.4843804
0.4630976,0.4478558
0.45338523,0.4171999
0.36409098,0.35873458
0.34325632,0.29149008
0.26793584,0.2530325
0.21613568,0.21913327
0.22780873,0.19707546
0.19236413,0.17791258
0.18769789,0.17682698
0.19396284,0.18261468
0.20314042,0.20656987
0.18958712,0.21842888
0.22886868,0.23039706
0.27612162,0.26589572
0.302151,0.31138134
0.2781418,0.34831795
0.31023306,0.3787842
0.33957425,0.39884886
0.33244577,0.41798496
0.33400828,0.42100978
0.3765315,0.43177107
0.39607558,0.44264913
0.4049281,0.43088546
0.3979003,0.40137818
0.37030244,0.37487185
0.34772876,0.3496194
0.31661138,0.30354685
0.28938276,0.24519998
0.21741898,0.21135443
0.15241249,0.17907526
0.15675963,0.15955961
0.15192789,0.14387615
0.1423385,0.14033906
0.14254524,0.14671554
0.13808109,0.16931368
0.16085252,0.17876664
0.1917027,0.1929568
0.22461227,0.22601053
0.26646543,0.2657228
0.33095407,0.2970642
0.33498016,0.32953092
0.38337114,0.35590988
0.41318697,0.3780501
0.41874263,0.38785484
0.4571025,0.40789145
0.45558554,0.41818628
0.4474729,0.40530136
0.41271666,0.37658525
0.36995277,0.35113475
0.34725714,0.32606786
0.32476023,0.27679026
0.2780547,0.22406697
0.17858213,0.23263451
0.13632913,0.1982678
0.13805915,0.17609677
0.1186846,0.1589919
0.11615721,0.15499973
0.120810814,0.16394892
0.17957793,0.1891946
0.21603596,0.20113379
0.2438728,0.2153553
0.275185,0.24994874
0.29744455,0.29292598
0.32241932,0.32721302
0.3638497,0.35998192
0.40396982,0.3828196
0.43820095,0.4046361
0.43453783,0.41353032
0.4843012,0.43036112
0.45250276,0.43801406
0.45741096,0.42448327
0.46559805,0.39668384
0.42554006,0.3722058
0.40562406,0.34675127
0.35868123,0.2956057
0.2848588,0.24220885
0.2289973,0.23122697
0.209653,0.19720629
0.180945,0.17141615
0.15660343,0.15925732
0.14421774,0.15418217
0.16176389,0.16112517
0.18204783,0.18705694
0.19618645,0.19754958
0.22039308,0.21163437
0.2538491,0.25020102
0.29476494,0.29019234
0.3357137,0.32646528
0.38309127,0.3661544
0.43071815,0.39029673
0.43620735,0.4180132
0.45138398,0.43330774
0.40519366,0.45525327
0.4045003,0.46579188
0.39127207,0.45310897
0.37465358,0.41969615
0.3448524,0.39235252
0.3004027,0.36509937
0.26072362,0.30728066
0.21751836,0.250664
0.1991765,0.19505158
0.17712831,0.16059484
0.16396223,0.14099462
0.15495317,0.12642413
0.16919848,0.120381385
0.17245378,0.12722355
0.20575356,0.14044097
0.214865,0.1572083
0.23456927,0.17722765
0.24618515,0.22006509
0.2590119,0.2655534
0.26658142,0.30494943
0.2780258,0.34425572
0.31390747,0.37484005
0.32089436,0.39981535
0.35781407,0.41612595
0.3860112,0.43631136
0.42777562,0.4464089
0.44078517,0.4354336
0.41098496,0.4071409
0.40157807,0.37675115
0.39396665,0.34782648
0.34436944,0.29675612
0.29991212,0.23957409
0.23392345,0.24944784
0.22227633,0.21357282
0.20495154,0.18832187
0.16736875,0.17133239
0.17329769,0.16727635
0.21220765,0.17629063
0.23358376,0.20555948
0.23805323,0.22029814
0.2136352,0.23482516
0.24242763,0.2703824
0.2997599,0.31832647
0.3557221,0.3580858
0.3895899,0.39657614
0.44718042,0.4187568
0.41068184,0.44253135
0.4177887,0.45384496
0.42392802,0.46912053
0.39431497,0.47627482
0.41302112,0.46690026
0.3959549,0.43778256
0.39933652,0.4092838
0.39118132,0.3819843
0.34220833,0.3254045
0.2586672,0.26533383
