true,forecasted
0.22715265,0.2750781
0.1862206,0.2588825
0.15991673,0.19610555
0.14755379,0.20408753
0.14836784,0.1606659
0.174138,0.18138914
0.21070653,0.23852435
0.24795884,0.25054455
0.28956148,0.31173047
0.30339736,0.3812182
0.32433066,0.42286125
0.3380852,0.51174223
0.36402488,0.5676695
0.40255168,0.62210137
0.4279974,0.66512156
0.4537661,0.69837993
0.46825856,0.6698636
0.47678512,0.72573966
0.4559898,0.6696401
0.42340684,0.6352813
0.3820281,0.60976386
0.35266125,0.5340097
0.29278335,0.45753554
0.22619112,0.41194862
0.17094131,0.2953184
0.13598543,0.27116627
0.11198428,0.20271577
0.09796316,0.18856043
0.10154039,0.18592146
0.12622474,0.1911635
0.16541928,0.22404492
0.20468742,0.2662946
0.2442625,0.33370027
0.2693463,0.40985546
0.2928512,0.45064798
0.317982,0.51560575
0.3393723,0.56516016
0.35842696,0.62498194
0.37665555,0.68872774
0.39433405,0.7582053
0.4144854,0.70400894
0.4349497,0.77601135
0.43116602,0.7128692
0.4078458,0.6665338
0.37072778,0.64435613
0.34391505,0.5871546
0.29061663,0.5001876
0.22616135,0.45630938
0.17367613,0.22268122
0.14018688,0.20080823
0.11349243,0.15222605
0.10202802,0.13447979
0.10371369,0.13049081
0.12653914,0.15486601
0.15616053,0.17752002
0.2011855,0.254786
0.24441083,0.25923765
0.2751724,0.34186223
0.31203732,0.3756242
0.33720586,0.43331274
0.3662205,0.46613762
0.39209232,0.52552956
0.41837645,0.573806
0.4406312,0.6408665
0.46860158,0.5846516
0.48737648,0.6534555
0.47970435,0.5985469
0.45576906,0.5514727
0.40222782,0.5527119
0.35924676,0.49957296
0.30613244,0.42186138
0.24117748,0.37364674
0.18582803,0.24150893
0.14294374,0.21995628
0.11455245,0.16488259
0.093065634,0.14941299
0.08390539,0.118633576
0.09194777,0.15812755
0.08954167,0.17954701
0.12266642,0.2257839
0.1643229,0.25889653
0.21779053,0.34179097
0.26879108,0.35923675
0.31083384,0.4306648
0.34980702,0.4714243
0.3881211,0.5367265
0.42272478,0.5709034
0.45613757,0.61994594
0.49573126,0.5705116
0.5175262,0.6626628
0.5180496,0.5790717
0.48362604,0.53875685
0.43556416,0.5324632
0.39151564,0.48721543
0.3333718,0.42228657
0.26524565,0.367471
0.20540756,0.23401904
0.158731,0.20647743
0.12667057,0.15198289
0.10403668,0.13647977
0.0951476,0.11386331
0.09581534,0.13898812
0.088956684,0.17808223
0.11216496,0.20874943
0.14626555,0.24494255
0.18367563,0.33688495
0.20313002,0.37331945
0.21799898,0.46674502
0.2463522,0.5192348
0.267636,0.5760662
0.29057568,0.64418924
0.32905525,0.6735989
0.36387426,0.631336
0.3957434,0.71309114
0.36704144,0.6383243
0.33765426,0.60957205
0.3179273,0.5884935
0.30386552,0.52794605
0.25950715,0.45349625
0.20223235,0.40154624
0.15784049,0.18036571
0.12548943,0.16916972
0.109459355,0.11125453
0.09916292,0.13209996
0.098396964,0.10278203
0.13074602,0.11893669
0.17756632,0.17564872
0.21636486,0.20358934
0.24981432,0.2165128
0.27629086,0.2871934
0.29582426,0.32289252
0.30345348,0.38766333
0.3172017,0.42356154
0.33259925,0.43977678
0.33835694,0.5206461
0.3374882,0.5127126
0.34037134,0.46422324
0.34326994,0.54082364
0.33530056,0.48917556
0.313668,0.47749665
0.2871488,0.46340144
0.2681285,0.42453325
0.22193213,0.33038285
0.16780563,0.31264505
0.1152431,0.15239796
0.08411156,0.14444324
0.068695106,0.09730923
0.062348705,0.09731562
0.068339474,0.10292978
0.09715111,0.13175796
0.13803333,0.16266459
0.16992682,0.20408212
0.19704333,0.20692435
0.22244754,0.27507246
0.24718659,0.2970105
0.25623602,0.32282043
0.2717292,0.33611944
0.29284835,0.3416712
0.28971753,0.40522122
0.28899655,0.42048597
0.29999277,0.3773786
0.30969393,0.43683976
0.30108058,0.3916574
0.28674594,0.38921878
0.27063566,0.36971045
0.2672649,0.34404162
0.21723418,0.25694808
0.18058576,0.2571395
0.14881167,0.13348466
0.118784815,0.12195641
0.114192806,0.087176666
0.09955921,0.09433318
0.10903099,0.0981249
0.14163947,0.10589072
0.1840075,0.17971987
0.22209792,0.20979424
0.26282665,0.21728185
0.2807955,0.26918414
0.30776027,0.28288198
0.3348184,0.31302556
0.35734403,0.3286031
0.38671175,0.34932667
0.40686566,0.39506876
0.4188194,0.39171684
0.44222754,0.37100533
0.47573054,0.40956786
0.46971172,0.3720806
0.4498639,0.36729082
0.42064855,0.36634427
0.39165735,0.32442555
0.33967638,0.24071456
0.26909748,0.25714794
0.21308857,0.18597311
0.16847594,0.20868021
0.142408,0.13967669
0.12830126,0.13176686
0.12680945,0.15449667
0.15594521,0.15250112
0.19150126,0.19963297
0.23703131,0.25891852
0.27957773,0.26090905
0.32989252,0.3331656
0.37644908,0.33956286
0.41143188,0.40126324
0.45618853,0.3962936
0.50700986,0.48407537
0.55204225,0.46523803
0.58077884,0.49934757
0.5968487,0.42623124
0.5964043,0.51380306
0.5816519,0.46311986
0.5474534,0.42071223
0.51324517,0.42674774
0.48856765,0.4295115
0.42846757,0.31743476
0.3558794,0.29678702
0.3520126,0.21063194
0.34814578,0.21163324
0.34427896,0.17014529
0.34041214,0.14669573
0.33654532,0.13619691
0.33267853,0.17849746
0.3288117,0.23543164
0.32494488,0.2699715
0.32107806,0.25396124
0.31721124,0.37313342
0.31334445,0.42701522
0.30947763,0.47203627
0.3056108,0.5116161
0.30174398,0.5274582
0.29787716,0.57418126
0.29401034,0.5458443
0.29014355,0.5365876
0.28627673,0.572571
0.2824099,0.5387338
0.27854308,0.51518524
0.27467626,0.48242486
0.27080947,0.4546672
0.26694265,0.3292465
0.26307583,0.31453934
0.259209,0.19124559
0.2553422,0.17816053
0.2514754,0.10202402
0.24760857,0.13722801
0.24374175,0.12382764
0.23987493,0.094772294
0.23600812,0.18156818
0.2321413,0.23088683
0.22827448,0.29063636
0.22440767,0.28481594
0.22054085,0.32878226
0.21667404,0.3561062
0.21280722,0.40927354
0.2089404,0.4435102
0.2050736,0.47768962
0.20120677,0.45766926
0.19733995,0.4823517
0.19347315,0.50681406
0.18960632,0.50365424
0.18573952,0.4219612
0.1818727,0.45686358
0.17800587,0.4353211
0.17413907,0.3219046
0.17027225,0.33709693
0.16640542,0.101610705
0.1298681,0.113116026
0.10503972,0.09633358
0.08986666,0.0768437
0.078837775,0.09852215
0.0803107,0.09507918
0.07535476,0.16710311
0.09491938,0.16279204
0.14511819,0.18467236
0.20107181,0.23251295
0.25665808,0.22151446
0.29975283,0.25741228
0.34299132,0.26236317
0.37860635,0.3138786
0.4046634,0.286202
0.44788703,0.31066507
0.489252,0.31950185
0.5172782,0.34956923
0.49870718,0.29597932
0.4708104,0.29880354
0.43085906,0.29018217
0.40932873,0.24006853
0.3581183,0.22316386
0.2973476,0.2082716
0.24416658,0.30302605
0.1992404,0.30218315
0.17377205,0.25228912
0.16261289,0.2201204
0.15870437,0.24515158
0.17869736,0.26571786
0.22145538,0.32659906
0.25844255,0.31141162
0.30042657,0.4167983
0.3347073,0.428707
0.35599682,0.4690134
0.3745269,0.5287467
0.39013892,0.53588426
0.39649448,0.5961339
0.41930905,0.61301345
0.3985478,0.6186433
0.40431237,0.6309533
0.4095747,0.663395
0.40333852,0.6392253
0.39312485,0.6208502
0.38231874,0.58349454
0.3707879,0.49907303
0.3291208,0.47214767
0.27295187,0.42536297
0.2268666,0.27548328
0.1953943,0.26040423
0.1698853,0.183432
0.16176103,0.25267574
0.17378035,0.2133553
0.20529445,0.16321357
0.24550034,0.2612185
0.28918982,0.28251708
0.3280024,0.42190486
0.3689181,0.41220826
0.4184569,0.42812005
0.4533515,0.48838484
0.4835685,0.5352272
0.48760813,0.55937356
0.47921357,0.5906755
0.4636849,0.6442472
0.44805768,0.61512196
0.42035016,0.6602299
0.39433864,0.6434657
0.37149772,0.5830735
0.3564727,0.55553913
0.34969565,0.4879623
0.31382665,0.4289628
0.26193786,0.37391916
0.22180098,0.1933181
0.19111699,0.14972007
0.16199009,0.11469792
0.15241294,0.13772854
0.15691848,0.1239371
0.19372468,0.11165303
0.23581351,0.16340628
0.28141114,0.23511006
0.3143853,0.2324256
0.3362134,0.2692274
0.38823476,0.30194202
0.44029447,0.3321628
0.49093595,0.361731
0.5333003,0.3855839
0.5624819,0.40845722
0.58487695,0.3919739
0.6153144,0.39092514
0.62868524,0.389904
0.604427,0.3874006
0.56126636,0.36336342
0.5123197,0.35761458
0.47208518,0.35978165
0.41918877,0.29368812
0.33622944,0.22892067
0.26794666,0.23646775
0.21666637,0.21885413
0.17392066,0.18654488
0.16009282,0.19029993
0.15146574,0.16418374
0.17805223,0.18354382
0.21275155,0.24776939
0.25082135,0.27679694
0.29183587,0.26594505
0.31102312,0.35601097
0.3363142,0.3924848
0.35709578,0.40851828
0.3679523,0.46154687
0.38107145,0.46892837
0.38406023,0.49845713
0.37351897,0.46271974
0.3631707,0.46191335
0.357007,0.48632887
0.3517341,0.45129496
0.33964202,0.42797467
0.3339771,0.4077226
0.3358999,0.3976385
0.29901093,0.31046245
0.24978767,0.27989167
0.20321593,0.15585628
0.16999353,0.15172596
0.15629712,0.10937181
0.14024472,0.12126996
0.14935714,0.1289289
0.17798008,0.10284315
0.21919788,0.19405839
0.26162088,0.21450354
0.29140523,0.25176623
0.32201105,0.28014484
0.34301853,0.31209615
0.3540125,0.3359738
0.37426174,0.37303802
0.3917676,0.38243833
0.40006626,0.39881486
0.39904404,0.39097917
0.4113311,0.3976678
0.43001753,0.4331979
0.42739293,0.41120046
0.40619218,0.36166605
0.38937727,0.3548566
0.3822128,0.34096292
0.34808844,0.24619348
0.29716003,0.23824808
0.24536204,0.19125769
0.20160183,0.18408199
0.17834115,0.14692976
0.15468933,0.13199309
0.14469613,0.14047438
0.15771163,0.13885438
0.1640291,0.19205317
0.18774049,0.25167942
0.23106001,0.2271075
0.28489703,0.29828113
0.34498483,0.31214824
0.41637093,0.35200232
0.47380835,0.3736398
0.51363426,0.41552523
0.5287323,0.4057505
0.5452062,0.3974076
0.54910326,0.36834672
0.5660585,0.42290047
0.5729126,0.38783422
0.5635287,0.33429298
0.5162377,0.34937084
0.47957778,0.3727049
0.42917112,0.28875503
0.35959464,0.23927319
0.2942752,0.28815874
0.24128143,0.25089252
0.19945687,0.18456452
0.17165086,0.17909971
0.15417477,0.16689625
0.14843942,0.1857339
0.14921226,0.252866
0.16827665,0.27943856
0.22574186,0.3332397
0.26973313,0.38634756
0.29870254,0.4657381
0.33427405,0.51518846
0.39622274,0.609203
0.44612375,0.62164253
0.5065526,0.68384564
0.55725706,0.6356095
0.6097563,0.65729916
0.6167338,0.6720629
0.5828279,0.67054814
0.5536795,0.5931438
0.4965373,0.58072084
0.44278878,0.5529626
0.38983682,0.4250828
0.32275438,0.3942212
0.26201317,0.30188462
0.22246529,0.27875492
0.19238661,0.1888475
0.17769976,0.21015152
0.18747133,0.20794258
0.21499358,0.19154923
0.2541532,0.26853806
0.30027455,0.26392537
0.33036783,0.3583068
0.35150215,0.41205898
0.40494832,0.5024192
0.45342052,0.5485491
0.48213306,0.63307834
0.50997514,0.67050236
0.52422535,0.75213367
0.5340092,0.71706414
0.5597591,0.7167715
0.58766246,0.75873244
0.5928351,0.7353489
0.5540509,0.6811247
0.49550906,0.6205405
0.45711428,0.5904606
0.3929711,0.49602655
0.326319,0.44496256
0.2636831,0.3333105
0.21915466,0.31703115
0.1879939,0.2785076
0.16902228,0.2315883
0.17370935,0.252319
0.20257653,0.28137594
0.23906489,0.3294615
0.28692803,0.31439614
0.3247181,0.3988348
0.34764603,0.44735205
0.3770604,0.5084359
0.38007125,0.53412104
0.40394786,0.5773548
0.41401494,0.5945312
0.4255807,0.61584485
0.43767965,0.61618686
0.4429242,0.6443039
0.46115106,0.67757756
0.44755715,0.63234633
0.40715313,0.59237033
0.39964333,0.52794313
0.38542864,0.4978661
0.34608176,0.4242954
0.28279933,0.38841414
0.22621174,0.23659775
0.18554026,0.23214447
0.16241989,0.16298492
0.15094317,0.17952904
0.15595953,0.17964119
0.17953347,0.1679854
0.20469257,0.23518777
0.24305186,0.2676443
0.29078186,0.2980422
0.33649546,0.3524993
0.39119065,0.4028832
0.43557733,0.43772197
0.48753282,0.4623082
0.5375799,0.47432902
0.58465075,0.53116214
0.6154693,0.5181136
0.6156159,0.511099
0.642262,0.53617346
0.6214266,0.5224338
0.58525664,0.4941353
0.5421146,0.4603746
0.5087416,0.44551578
0.44497868,0.33716634
0.36149335,0.31893796
0.28559884,0.2603929
0.23694913,0.2560502
0.20313174,0.19275446
0.17725764,0.19455364
0.17850293,0.18858024
0.202464,0.17502782
0.24307935,0.26839325
0.29003137,0.28457248
0.3479842,0.33831063
0.4034253,0.41386825
0.44251475,0.451917
0.47484776,0.525542
0.5347285,0.57217777
0.57967246,0.6037143
0.6093474,0.6560234
0.65914077,0.6558158
0.70992684,0.6388495
0.7061706,0.6930302
0.59877294,0.6593413
0.53739834,0.60581684
0.5073967,0.5824803
0.4940519,0.53428406
0.42896408,0.41775534
0.3598197,0.40781727
0.2995564,0.31425294
0.2540544,0.28616503
0.2199206,0.21835507
0.20396927,0.22707656
0.20271082,0.19951594
0.23147807,0.20103224
0.26060754,0.2698013
0.31444886,0.2868178
0.38379136,0.35414812
0.45313588,0.43202174
0.5149268,0.50687915
0.5693614,0.5665429
0.6150249,0.63158655
0.66675705,0.6091171
0.7029906,0.71774775
0.74930865,0.6805494
0.7706428,0.6932764
0.78290755,0.7318566
0.75411826,0.7037884
0.7268314,0.6524997
0.683576,0.5907838
0.6468248,0.5690915
0.5885289,0.4339441
0.51164794,0.42160845
0.44557455,0.40803012
0.38529205,0.41318852
0.33699283,0.31727898
0.30563566,0.3047159
0.27215183,0.3382716
0.25194067,0.30748552
0.24444203,0.39814118
0.25518087,0.40036297
0.28768942,0.46433154
0.31997147,0.552462
0.34175292,0.6265411
0.35328203,0.72337633
0.3615993,0.77402246
0.3762773,0.7799652
0.40692863,0.87679756
0.46024624,0.8292172
0.5015316,0.80892867
0.55128944,0.8486827
0.5609365,0.8533497
0.5339013,0.7384889
0.5091602,0.70801723
0.49685058,0.6925823
0.46092057,0.53732365
0.39723608,0.48826784
0.31201383,0.41446385
0.25807688,0.36697733
0.22155674,0.23431145
0.20354693,0.269725
0.19275312,0.23864573
0.19117254,0.2218156
0.19055949,0.30112734
0.2018896,0.30065453
0.23494476,0.42730284
0.27504557,0.45134747
0.34434143,0.51787376
0.4266542,0.62871987
0.49264282,0.7258034
0.53546095,0.8236501
0.570794,0.8639001
0.57126987,0.8041078
0.5317446,0.7817483
0.5426297,0.86280566
0.49908745,0.82592535
0.43999097,0.720423
0.4073659,0.707513
0.39085045,0.7111065
0.3528113,0.58749896
0.29942584,0.52818155
0.24037574,0.2400066
0.20188473,0.22139531
0.17598459,0.16332935
0.16678883,0.17385197
0.17034201,0.15435249
0.19781214,0.14965872
0.23018354,0.21041796
0.25328645,0.20027871
0.2910871,0.23849323
0.3403553,0.30423743
0.37842453,0.37701637
0.41500023,0.4307864
0.44045714,0.4993421
0.44031852,0.48370323
0.46869922,0.5614559
0.5079321,0.5338993
0.53877705,0.5500462
0.5771166,0.5820525
0.5680557,0.5467315
0.5445754,0.53889084
0.5011711,0.4772249
0.46601883,0.45133772
0.4164282,0.34992486
0.35987526,0.33706385
0.29370508,0.3562119
0.2495589,0.33867377
0.21382475,0.28493285
0.19120318,0.23976088
0.18290195,0.24158219
0.18251683,0.2746979
0.1736263,0.3382478
0.20692113,0.33371466
0.2699516,0.3916428
0.34467587,0.47785833
0.43388137,0.5497003
0.50268584,0.62380743
0.5538462,0.6734133
0.60131246,0.6763201
0.6308958,0.74049026
0.6537396,0.7156021
0.6672166,0.7147167
0.6424653,0.77911544
0.6193174,0.7456246
0.59896046,0.6876483
0.54861563,0.62940013
0.5099869,0.6068235
0.45636034,0.48236412
0.40358707,0.44942802
0.3372159,0.3387924
0.2793458,0.32434696
0.24608217,0.26720363
0.22128272,0.2381711
0.21721728,0.2600656
0.23502408,0.25039095
0.27140248,0.31920668
0.33395994,0.33407217
0.40190113,0.35968158
0.48811954,0.44475517
0.57717186,0.5210021
0.6561164,0.5854425
0.71479946,0.63385594
0.7650415,0.6528944
0.7981611,0.7209335
0.797266,0.7073322
0.74932665,0.7198347
0.75197643,0.7141611
0.7516921,0.71205956
0.74002814,0.6494442
0.68653756,0.62928766
0.63629586,0.57654464
0.57058865,0.47717097
0.48861375,0.42857784
0.4086,0.35605422
0.3547959,0.3557704
0.3110649,0.3025456
0.28541902,0.3453359
0.270445,0.31239223
0.2952264,0.26916623
0.33342764,0.39074916
0.39169088,0.42337537
0.45077932,0.45316586
0.513362,0.5239323
0.56416583,0.56977254
0.60314244,0.68672395
0.6729159,0.7048341
0.72545666,0.6918807
0.75204515,0.77017844
0.7725301,0.7852719
0.787887,0.7365917
0.7960124,0.740893
0.7705217,0.7626121
0.7483342,0.70217323
0.6969088,0.67316085
0.65364933,0.57810897
0.5917728,0.5065103
0.5091789,0.43457723
0.42334124,0.34211513
0.35780817,0.43472362
0.30864364,0.30824733
0.27098042,0.2915966
0.25504515,0.39083108
0.26129934,0.31055284
0.28634706,0.38944304
0.33017597,0.40801972
0.3862722,0.40933603
0.44416004,0.5497677
0.50300056,0.6374449
0.57248706,0.7122087
0.6246983,0.69110596
0.6638582,0.7153855
0.6905618,0.80314755
0.7188302,0.8509924
0.73997116,0.75391376
0.74802727,0.82217747
0.7315743,0.7888892
0.688038,0.704046
0.61769074,0.6503664
0.56808233,0.6500352
0.5016198,0.4645866
0.42682198,0.46926388
0.35493162,0.41107228
0.29111,0.392097
0.25333914,0.27077526
0.22103618,0.2730607
0.20569275,0.30172452
0.20413049,0.2622636
0.21166176,0.31668407
0.22955531,0.28498125
0.3024736,0.40235874
0.3819273,0.5028362
0.4107458,0.582712
0.40273893,0.686647
0.3702925,0.7330818
0.3683692,0.80760276
0.40012437,0.91704965
0.4471182,0.9063648
0.49937865,0.8532113
0.51704574,0.90781
0.49024302,0.8402444
0.45983705,0.8112788
0.42869923,0.71528834
0.412997,0.7043038
0.3808421,0.56905645
0.33153722,0.511226
0.28171754,0.26522717
0.24575518,0.3235958
0.21329044,0.23054318
0.19552374,0.20509326
0.17892729,0.26254708
0.16920124,0.23556374
0.16404343,0.30171892
0.18281175,0.30734742
0.22238454,0.33121568
0.26888472,0.4186902
0.32772234,0.49565467
0.3799364,0.56304127
0.41068482,0.55826426
0.44853157,0.63936955
0.4694214,0.6414802
0.48271033,0.69637465
0.50771224,0.64853895
0.522875,0.7000758
0.5335852,0.6700462
0.5076558,0.6255857
0.45846236,0.57951486
0.41227028,0.54056716
0.35526064,0.42024216
0.28554615,0.3980062
0.22412892,0.27361122
0.18286473,0.28680947
0.15306093,0.2240255
0.14098719,0.17508122
0.1380823,0.1880787
0.16324511,0.21946175
0.20414338,0.23496091
0.24758631,0.21123011
0.30531782,0.25620782
0.36321282,0.3279089
0.42991817,0.403554
0.48169985,0.43951887
0.53493667,0.5145861
0.57931197,0.56249326
0.61127216,0.5459874
0.64770013,0.568137
0.67430896,0.5578052
0.6874756,0.6323535
0.68217033,0.5590301
0.6585678,0.5159586
0.6040994,0.47612166
0.5481386,0.4800578
0.47686303,0.39067894
0.38610813,0.35680026
0.3110752,0.35344708
0.25583744,0.33210173
0.2167139,0.26667136
0.18724713,0.26406455
0.18350497,0.25136775
0.20588344,0.2508425
0.23806098,0.3442748
0.29035664,0.33363026
0.35815206,0.37326774
0.42357177,0.46932504
0.4923433,0.55217695
0.55277956,0.645412
0.6000686,0.71757996
0.63742113,0.73100096
0.6780686,0.82108045
0.70940596,0.78187597
0.73955053,0.7768439
0.757607,0.808893
0.7525251,0.7892716
0.7151992,0.7269603
0.6632468,0.68534076
0.6083157,0.62723714
0.53024733,0.52037024
0.44089177,0.47625
0.36530393,0.38169917
0.30511567,0.37809837
0.2635663,0.28543156
0.23459257,0.2969775
0.2286058,0.29396856
0.24745174,0.25155675
0.27050567,0.30991516
0.33629587,0.31319547
0.39866865,0.38921413
0.47409815,0.446494
0.5490088,0.5531246
0.60995615,0.60374063
0.6661088,0.6857296
0.7168694,0.6736607
0.7492061,0.76058114
0.7614683,0.751544
0.77712095,0.75820196
0.7792181,0.78991413
0.7851172,0.77059764
0.7436449,0.68785846
0.69095004,0.63477904
0.6419765,0.6265142
0.57210255,0.512696
0.48761186,0.44591087
0.4121122,0.37503037
0.36511695,0.408473
0.32996637,0.3078513
0.3088458,0.2909021
0.3037338,0.32409024
0.33108395,0.30529845
0.3706559,0.37023714
0.43229705,0.33040136
0.49287477,0.42335966
0.5649959,0.5141367
0.6376659,0.58565384
0.6980845,0.6559083
0.7493401,0.68347764
0.7875497,0.7831457
0.80861586,0.79224455
0.8107402,0.8491926
0.7852048,0.784075
0.7789068,0.84969556
0.76694363,0.79294544
0.7505585,0.75090504
0.69734544,0.6806349
0.65154105,0.62720037
0.5718972,0.5472335
0.48598775,0.4656297
0.41594,0.3592705
0.36029217,0.3857026
0.31815463,0.27331614
0.28890204,0.29357615
0.27781418,0.30759645
0.293996,0.26697832
0.3239358,0.31176752
0.3726405,0.31431842
0.4501889,0.37472937
0.52142155,0.45974964
0.5784844,0.5634617
0.63615435,0.60779184
0.6772499,0.63191557
0.72602564,0.6245471
0.7698511,0.7236919
0.7981087,0.7524326
0.8195156,0.71721494
0.82993203,0.74385
0.8091187,0.71560884
0.77271247,0.69745266
0.7159783,0.59981775
0.6601381,0.5794248
0.58376825,0.46535686
0.49891335,0.42040747
0.42383176,0.3442848
0.35713643,0.4060827
0.30801654,0.28490245
0.271566,0.29211625
0.25576156,0.35778067
0.25493088,0.28192216
0.2583068,0.3647398
0.28068644,0.3276959
0.3275912,0.41072085
0.36703974,0.5260628
0.39052546,0.58483326
0.4058248,0.67208725
0.41476828,0.66790843
0.4098158,0.75744396
0.40122792,0.8073667
0.4180128,0.86873364
0.47601432,0.7895249
0.5138456,0.84093547
0.5205702,0.7881311
0.4852433,0.76621985
0.45982447,0.6748237
0.42680767,0.62504786
0.38792723,0.50887126
0.34136894,0.46318185
0.28523663,0.32153007
0.23842692,0.34446174
0.20769425,0.2453685
0.18336552,0.23040402
0.17077266,0.24597171
0.17116466,0.237049
0.17134506,0.2832658
0.19396892,0.28144872
0.25477484,0.31791195
0.31136155,0.4094402
0.37366045,0.48504516
0.43184465,0.55628014
0.49167788,0.59489775
0.5345785,0.645169
0.5740995,0.6758795
0.5960702,0.6595734
0.61784875,0.64902735
0.6384024,0.7116717
0.62826806,0.6642216
0.59258544,0.6141393
0.5452692,0.5586865
0.51095045,0.57033163
0.42886358,0.42896807
0.35555872,0.41101876
0.29814017,0.29702976
0.257678,0.29789257
0.23568867,0.22892527
0.21640895,0.2245875
0.21475306,0.21597663
0.24389513,0.21480553
0.27826372,0.2548352
0.32959098,0.26202118
0.38615882,0.2819103
0.45258585,0.36528772
0.5173607,0.43410483
0.5689694,0.4908208
0.6090476,0.5671253
0.6509907,0.60787505
0.6813752,0.6209352
0.72066253,0.62940824
0.72962004,0.606632
0.7307585,0.65468353
0.7110329,0.6143942
0.66803926,0.5671201
0.6068866,0.5343255
0.4939889,0.5249472
0.40269828,0.42877474
0.3351342,0.3703511
0.27647153,0.3589432
0.2297609,0.3237658
0.20814924,0.28744608
0.18338242,0.27994227
0.17988537,0.24764079
0.19746597,0.26488644
0.23849823,0.34126756
0.28432035,0.30333167
0.31584448,0.3571792
0.36750188,0.44291857
0.41393277,0.5149121
0.45233014,0.58407146
0.5272061,0.67197526
0.59985554,0.6667241
0.6621779,0.7367116
0.70706946,0.7081352
0.7294113,0.7275009
0.69369745,0.7466219
0.65899986,0.7067244
0.6094419,0.68003905
0.5704014,0.61907214
0.5425,0.555433
0.47803414,0.48599526
0.40324605,0.43585524
0.3418769,0.3488421
0.28868186,0.3324465
0.2558208,0.28434092
0.23789176,0.2708467
0.23929368,0.25682443
0.2626537,0.2535131
0.30187145,0.30421147
0.35959494,0.28707194
0.3996316,0.33568504
0.43788868,0.42879254
0.48626408,0.51313865
0.5207824,0.54842705
0.5718328,0.6295326
0.6048098,0.6115121
0.6406685,0.6779209
0.6756321,0.68416834
0.70460296,0.6926632
0.70947784,0.7118853
0.6945725,0.67655665
0.6584381,0.6458945
0.6145648,0.5782223
0.5799525,0.5445996
0.51184237,0.4684666
0.43242964,0.39577076
0.36088145,0.39963523
0.31502727,0.4167269
0.2730117,0.3225981
0.25763622,0.3132669
0.25525817,0.3472313
0.28224212,0.3264162
0.32618442,0.42089406
0.37343767,0.4151386
0.43755567,0.49542552
0.4945086,0.5374026
0.5647365,0.6113785
0.62579525,0.70042163
0.68648344,0.7472111
0.7515175,0.817758
0.7907269,0.8301017
0.82150567,0.8407775
0.83561325,0.8033214
0.8396824,0.8433786
0.8095997,0.84730804
0.7810455,0.72446597
0.7275395,0.718855
0.6975994,0.66132057
0.6321142,0.56541455
0.5411843,0.50062424
