true,forecasted
0.18126675,0.18800414
0.15431611,0.15519309
0.13813336,0.14980341
0.13277349,0.13416344
0.1381577,0.13198465
0.17369999,0.17350903
0.22170196,0.23627794
0.26566324,0.27841797
0.285213,0.3028251
0.29453284,0.3450856
0.3131005,0.3892129
0.32594442,0.4087566
0.34643638,0.45198047
0.36187637,0.46772867
0.36266485,0.4857003
0.35899284,0.5053794
0.38100293,0.5076494
0.38609526,0.54597235
0.38421378,0.4979689
0.35721108,0.4696359
0.3433262,0.4535297
0.3193938,0.41264626
0.2707191,0.3478667
0.2060611,0.27053887
0.173377,0.16500619
0.1493264,0.14556491
0.13154237,0.1351052
0.12586388,0.10015289
0.13755259,0.10769528
0.1738396,0.13737619
0.22920647,0.21457934
0.2701101,0.251747
0.2862953,0.26618582
0.29648727,0.30322456
0.311685,0.3334422
0.32546094,0.3483488
0.33739042,0.37598848
0.35013318,0.39868113
0.35141686,0.4067627
0.3484706,0.42222315
0.35824668,0.42372805
0.35192856,0.45192283
0.3372547,0.4224922
0.32668284,0.39753383
0.31942347,0.4033513
0.29943934,0.34816426
0.2541667,0.288147
0.1982414,0.2308811
0.16039783,0.14551705
0.13913685,0.13196468
0.12191852,0.11683425
0.116117954,0.09740018
0.12467313,0.09808934
0.16155648,0.13757735
0.20986734,0.20471579
0.2493268,0.2335957
0.27538,0.2684572
0.28712657,0.283893
0.3020996,0.29806772
0.3091877,0.31203198
0.31859022,0.2994026
0.3256842,0.32350072
0.31457677,0.33785912
0.31656185,0.33533537
0.3265072,0.34121788
0.33270228,0.35887352
0.30382442,0.34629098
0.28306058,0.32537046
0.27054885,0.3445005
0.25043973,0.28631637
0.20426086,0.23801504
0.15069471,0.19620343
0.119220346,0.10039863
0.084089555,0.07152483
0.06647917,0.06292963
0.06557929,0.05143594
0.060169313,0.046702266
0.08196244,0.056925207
0.091070674,0.08093315
0.12186112,0.118122175
0.1528267,0.15572786
0.18235391,0.17125115
0.18780863,0.21239498
0.21080224,0.2062781
0.22151907,0.20763636
0.24009258,0.22324762
0.2616381,0.22191721
0.29134288,0.21747515
0.31929848,0.25215304
0.33025753,0.274721
0.33286622,0.27330586
0.31167576,0.2528775
0.28949788,0.24132639
0.2629495,0.21969922
0.21299066,0.18607455
0.15951936,0.1395084
0.10976529,0.1167275
0.07656267,0.07258028
0.058972716,0.08174375
0.04557863,0.057342768
0.043421835,0.06301993
0.042589083,0.09110007
0.051947337,0.15148947
0.089393005,0.17821968
0.14182141,0.19782668
0.18829359,0.24705505
0.23086031,0.29658353
0.27678868,0.3053339
0.3202543,0.38763326
0.36368632,0.38825515
0.3942399,0.40491486
0.41907024,0.4320264
0.4426811,0.45509058
0.46798718,0.46787822
0.4610868,0.41425997
0.4354062,0.3900385
0.4233702,0.37195772
0.39351708,0.34150034
0.34705997,0.27942422
0.29075918,0.2085405
0.24888317,0.23140258
0.21388032,0.18494773
0.20462956,0.18032122
0.1966255,0.1615637
0.2098761,0.16315573
0.24806988,0.21780488
0.30311036,0.27582482
0.35362762,0.32444513
0.39689577,0.37551734
0.4276536,0.4218389
0.46236414,0.48160243
0.48227093,0.5261167
0.4889242,0.5679727
0.4863403,0.5924559
0.47431841,0.6260108
0.46612564,0.63991666
0.4536752,0.66218644
0.45461252,0.6807747
0.43339047,0.62872225
0.40816322,0.5885107
0.38412136,0.54939896
0.34992403,0.5105169
0.28820983,0.42375457
0.23544092,0.34242648
0.19616972,0.19200963
0.17311288,0.18205184
0.15000641,0.16104874
0.14803398,0.1421346
0.15186407,0.15124089
0.1775286,0.1727713
0.23930019,0.255238
0.27946398,0.28232837
0.30439502,0.2943307
0.32657045,0.3314529
0.34086055,0.34474728
0.3570428,0.3485467
0.3665319,0.366512
0.38570952,0.3819881
0.38660747,0.38826093
0.4008922,0.3882236
0.42390576,0.37730455
0.4370834,0.40835345
0.41835034,0.4001999
0.40139368,0.3794749
0.386534,0.38883495
0.36519814,0.3288949
0.29616135,0.28402406
0.24018402,0.22556582
0.19592068,0.19768035
0.16633363,0.16312495
0.1499607,0.15815763
0.1451962,0.12887597
0.15334083,0.12730098
0.19043384,0.17455864
0.24498354,0.23236454
0.28814855,0.2744799
0.31564108,0.31201947
0.33353308,0.337884
0.35088518,0.38309765
0.34106386,0.40982533
0.34731,0.43807292
0.35113278,0.44752234
0.35081708,0.46645626
0.35081562,0.48439288
0.35711187,0.49189615
0.35822868,0.52497995
0.35372347,0.49328786
0.34787765,0.46190774
0.33543548,0.44310737
0.3171052,0.40549225
0.26979297,0.33910176
0.21330488,0.27370447
0.17462322,0.17650306
0.14430897,0.15906978
0.130409,0.14925174
0.12022724,0.12479814
0.13335574,0.13811213
0.17240173,0.1750269
0.2113626,0.25051093
0.25942928,0.28185895
0.29070273,0.29843163
0.310932,0.33090588
0.32811922,0.34995598
0.3458843,0.36126107
0.36778346,0.35912716
0.38095865,0.38770106
0.3945327,0.3912534
0.41125685,0.39539924
0.4247244,0.3866787
0.43657118,0.4185039
0.42571378,0.40676647
0.40479574,0.38482395
0.3838305,0.3882488
0.3533849,0.32530507
0.29855406,0.28400213
0.23771593,0.2202335
0.23498298,0.17689344
0.23225003,0.14580357
0.2295171,0.1529138
0.22678415,0.11895723
0.2240512,0.13951504
0.22131827,0.17539573
0.21858533,0.24710652
0.21585238,0.2777041
0.21311945,0.28818658
0.2103865,0.33981693
0.20765357,0.37337103
0.20492062,0.38192755
0.20218767,0.4193319
0.19945474,0.45422357
0.19672179,0.4585337
0.19398884,0.47276348
0.19125591,0.46652162
0.18852296,0.49273503
0.18579003,0.46267247
0.18305708,0.43704605
0.18032414,0.42317957
0.1775912,0.35825473
0.17485826,0.32152557
0.17212531,0.23253065
0.16939238,0.1509614
0.16665943,0.13011917
0.1639265,0.09723844
0.16119355,0.10527446
0.1584606,0.08590484
0.15572767,0.09272879
0.15299472,0.12340978
0.15026177,0.16595864
0.14752884,0.19815892
0.1447959,0.20731258
0.14206296,0.2320779
0.13933001,0.22311309
0.13659707,0.22362202
0.13386413,0.20973149
0.13113119,0.20818616
0.12839824,0.19906987
0.1256653,0.21974993
0.12293236,0.2604082
0.12019942,0.26887512
0.11746648,0.25678277
0.11473354,0.2545606
0.11200059,0.24511243
0.10926765,0.2019041
0.10653471,0.17010866
0.10380177,0.086409986
0.0734058,0.061818928
0.04999679,0.041844875
0.043919932,0.05721704
0.041483447,0.03540504
0.03972017,0.062193662
0.050862134,0.08769211
0.08827278,0.14276558
0.12907329,0.16458379
0.16603838,0.18050075
0.19628452,0.20794515
0.22362868,0.20617574
0.2466578,0.20646423
0.27020058,0.19611883
0.29744017,0.19732547
0.33210203,0.20611906
0.3680184,0.2347242
0.38600284,0.2771051
0.38499546,0.25434154
0.37179157,0.2520578
0.3492309,0.24551475
0.32697663,0.24054638
0.27211076,0.18671064
0.21789718,0.14871843
0.1630999,0.20396578
0.13541427,0.15767094
0.121291526,0.17291442
0.114917465,0.15012747
0.12590134,0.15458095
0.1514511,0.21572211
0.2085005,0.2722386
0.26373652,0.33614537
0.31858635,0.36769673
0.3592716,0.39723915
0.405897,0.44214398
0.45811915,0.46948788
0.4975528,0.5069442
0.5374715,0.50410056
0.5657875,0.52415895
0.5817304,0.5507952
0.5948156,0.56239986
0.6073142,0.5988195
0.58822995,0.5506046
0.549487,0.5172801
0.5206165,0.4969616
0.48741287,0.47820964
0.40680173,0.39310232
0.33989403,0.32069737
0.2833529,0.2654407
0.24562512,0.22680277
0.22610019,0.22621837
0.2087943,0.18578398
0.21514939,0.19796836
0.2512603,0.229511
0.30680424,0.31126893
0.3526013,0.34985238
0.38118678,0.38478905
0.40073946,0.44484368
0.43312344,0.49813405
0.45379147,0.52714247
0.47775403,0.5991831
0.5086938,0.6199399
0.5170043,0.6463712
0.5312039,0.65691733
0.5481406,0.6673846
0.54848886,0.6836344
0.5215431,0.6471945
0.48788178,0.6022576
0.47033173,0.5674246
0.4398628,0.5164428
0.37679246,0.43981484
0.30413333,0.3485025
0.24905537,0.25810552
0.21638198,0.23232251
0.19476737,0.21610817
0.17628434,0.18276092
0.18916477,0.17931312
0.21723127,0.20835024
0.26281816,0.28435716
0.30138698,0.32158774
0.3293372,0.3543903
0.33777955,0.39597416
0.3581105,0.44503868
0.37317201,0.46958292
0.38485733,0.52414703
0.3927855,0.5306178
0.3810501,0.55454314
0.3723777,0.5671827
0.36996067,0.56467164
0.37073556,0.602431
0.3580993,0.5774959
0.34737518,0.5368967
0.3420683,0.5119953
0.32380953,0.46726558
0.27269933,0.39535728
0.21943475,0.3188762
0.18993284,0.18106365
0.16218057,0.15774256
0.15318178,0.16399501
0.14848976,0.13013753
0.15446398,0.13776666
0.19297199,0.17461348
0.24623121,0.24583226
0.28356498,0.28077632
0.31514832,0.30412167
0.3289442,0.324569
0.34283102,0.35081267
0.35097274,0.35581604
0.3496555,0.34856611
0.34661976,0.37252352
0.33049637,0.38030556
0.3290167,0.379985
0.32610837,0.363628
0.33819494,0.41084957
0.33491307,0.4023152
0.32996812,0.37132657
0.32505038,0.37579596
0.31685615,0.3234632
0.26860318,0.28599477
0.23021142,0.21930909
0.18853584,0.1673497
0.176028,0.1448124
0.15701623,0.14089628
0.15707363,0.11037805
0.1639813,0.12048262
0.19382712,0.13376144
0.24581094,0.17589179
0.28771514,0.21253434
0.3182001,0.24094222
0.3376346,0.25193772
0.35943744,0.2811253
0.36891827,0.27609053
0.37020728,0.29610765
0.36973596,0.287589
0.35972396,0.28628588
0.35010934,0.2849809
0.34779495,0.29141152
0.34901586,0.32283685
0.3384299,0.33967483
0.329399,0.30829665
0.32087836,0.30328995
0.3070679,0.27760097
0.26532227,0.2439913
0.21531282,0.18994346
0.17772804,0.16562045
0.14774603,0.13952705
0.13382319,0.109803066
0.108754024,0.09290401
0.11382204,0.07524806
0.1232017,0.06948295
0.14952584,0.08730233
0.18438618,0.12955791
0.23106314,0.17850554
0.2688785,0.18225893
0.31167722,0.2360578
0.34357235,0.23881662
0.37052834,0.27588654
0.3934592,0.25191104
0.41156185,0.25804016
0.43771815,0.26180798
0.4352384,0.2949436
0.4395651,0.32704863
0.43572676,0.33958593
0.41861933,0.30382583
0.39838567,0.285183
0.3708022,0.28886458
0.3158225,0.23035201
0.25619847,0.19885635
0.20465194,0.19972342
0.16768539,0.16154522
0.14022547,0.14902125
0.11947475,0.12224128
0.1163957,0.1206581
0.11550749,0.13047081
0.12769331,0.19379702
0.18719283,0.2260183
0.24944888,0.26923892
0.3038789,0.30636412
0.35914025,0.36803153
0.40611878,0.3935695
0.44377217,0.4544422
0.47043386,0.4637941
0.47956887,0.4875767
0.49058387,0.50451994
0.50687116,0.5260321
0.53098744,0.5467818
0.52538925,0.51256746
0.50755215,0.47367084
0.47131088,0.4462325
0.44243646,0.4207939
0.3835187,0.34221542
0.31729004,0.28421408
0.26377106,0.2534654
0.23082042,0.22820204
0.21335839,0.1993888
0.20413925,0.18804213
0.21425875,0.18266118
0.25291124,0.21708035
0.3128772,0.27838904
0.372116,0.3218838
0.42227575,0.36784875
0.45641765,0.40444854
0.5133897,0.45300043
0.56063384,0.49157393
0.6046661,0.5328973
0.63858134,0.54540545
0.6346827,0.5735378
0.63319665,0.58665085
0.645275,0.6034751
0.6439524,0.61420023
0.6298122,0.5890664
0.5970517,0.5559498
0.5346682,0.5320277
0.4814338,0.48688367
0.39070702,0.39836913
0.32395837,0.3395016
0.2793842,0.26150903
0.23333716,0.2446062
0.2149879,0.21153004
0.20544237,0.20237708
0.20992766,0.19946444
0.24066363,0.22660464
0.29410282,0.29349098
0.3404529,0.32692006
0.37205568,0.3604915
0.4070819,0.39852446
0.4480079,0.42994642
0.4721485,0.45372725
0.51730883,0.4856751
0.5543994,0.4995023
0.54551977,0.520055
0.51996756,0.5256361
0.5001678,0.5261957
0.50150985,0.53718466
0.49858502,0.53014725
0.47774333,0.5061758
0.45321164,0.4933577
0.42450306,0.42827412
0.36885017,0.36809403
0.2966682,0.30840883
0.2494484,0.24869394
0.21885008,0.22030878
0.1978002,0.1936939
0.18857037,0.19456962
0.19612838,0.18940443
0.22469054,0.21813959
0.2746353,0.27413687
0.3249648,0.3106705
0.36389014,0.3538193
0.3891962,0.38559538
0.4130994,0.4250567
0.4172734,0.45403212
0.44445607,0.4660318
0.4607322,0.48313868
0.46030706,0.50526357
0.46321392,0.51132965
0.45822325,0.51219636
0.47000825,0.5380703
0.46602252,0.52554655
0.43810096,0.5009518
0.41782743,0.47147256
0.39173093,0.42250425
0.32915044,0.3672638
0.26732436,0.30339006
0.22094704,0.22894487
0.19006807,0.20514965
0.17115407,0.18171534
0.16568571,0.17265454
0.16399102,0.17528117
0.19260572,0.21047395
0.24152897,0.26896244
0.28986853,0.30771682
0.31789806,0.3357533
0.34572184,0.36709344
0.37921727,0.39250404
0.41679573,0.41415536
0.44746652,0.4192559
0.48999724,0.44135576
0.5126479,0.45044675
0.5311193,0.4589709
0.5616383,0.45684147
0.57467,0.47537884
0.56790197,0.46962237
0.5336895,0.45517164
0.509869,0.44160783
0.46700606,0.37985548
0.38951725,0.33157957
0.31232658,0.27390862
0.25804248,0.27068663
0.20964846,0.23944956
0.18801196,0.20504227
0.17274417,0.21374887
0.17900392,0.20944321
0.20060784,0.23874271
0.2384587,0.28604132
0.29620126,0.32631466
0.34146127,0.37297273
0.37853143,0.41669282
0.42759913,0.46768907
0.47841603,0.5042992
0.5265289,0.53786266
0.54503965,0.5542949
0.55120456,0.5851216
0.55239046,0.59428585
0.5524834,0.6040712
0.5549024,0.61764574
0.5314291,0.5987308
0.49752024,0.5695158
0.46379372,0.524774
0.4297866,0.4756335
0.36144635,0.4125765
0.2910622,0.33904254
0.22888057,0.24145931
0.18336761,0.2066774
0.16156963,0.1779829
0.13925895,0.1638504
0.1352231,0.14886653
0.13761435,0.14643326
0.15125604,0.20521918
0.18304025,0.2297401
0.23569581,0.28119147
0.28331983,0.3159612
0.31792822,0.37703162
0.3556847,0.39781353
0.37563136,0.45134038
0.386284,0.46368387
0.389364,0.49098316
0.40452528,0.49726737
0.40912,0.51363283
0.41893598,0.5280055
0.4050837,0.5113449
0.38779676,0.47366762
0.3726686,0.44976795
0.34739414,0.40990987
0.30642194,0.34579247
0.2549756,0.2937184
0.20630966,0.21271288
0.17234044,0.17712465
0.14971797,0.14465238
0.13853662,0.1437341
0.13156328,0.12980503
0.13691051,0.150534
0.15279701,0.19718242
0.18217295,0.23396188
0.2475752,0.29247758
0.293774,0.32049692
0.33384585,0.37897146
0.379979,0.41934794
0.42083204,0.46067232
0.45932207,0.46870282
0.48665553,0.49920306
0.5103807,0.5154811
0.5482758,0.5446411
0.5614695,0.55582714
0.55307,0.52402514
0.52325386,0.49403659
0.48827335,0.46160567
0.45549586,0.43687397
0.38732105,0.34926236
0.32166004,0.3040715
0.26148245,0.29296914
0.20968105,0.25685063
0.1928966,0.22215998
0.17540976,0.2281833
0.17343003,0.20743906
0.1883009,0.26132998
0.22617023,0.31342465
0.27552396,0.3663345
0.32658213,0.4276394
0.36844158,0.46584564
0.41307753,0.5169319
0.44906977,0.5763431
0.48343882,0.6056545
0.5191514,0.6211814
0.5594431,0.65758574
0.58792645,0.6763657
0.6268124,0.6841487
0.6321343,0.7040407
0.588319,0.66892874
0.5519848,0.62556964
0.5072905,0.5985379
0.46534932,0.5475558
0.41048393,0.45241192
0.34157023,0.38838333
0.28784648,0.295741
0.2405965,0.25398585
0.21406175,0.22978131
0.18906116,0.22213683
0.17639817,0.21276653
0.1802409,0.24464029
0.18629587,0.303194
0.22625974,0.34803134
0.2927788,0.39664787
0.35857356,0.45342323
0.42163855,0.514277
0.47532678,0.5582649
0.50577384,0.62140656
0.52624196,0.6381168
0.54802483,0.6722342
0.5700762,0.6877612
0.59870505,0.69439465
0.6111657,0.7127304
0.60850596,0.6767299
0.5874434,0.6285606
0.53562987,0.58992463
0.48124945,0.5358113
0.42648718,0.4604824
0.35949534,0.3753406
0.29773104,0.33153838
0.24882723,0.28016692
0.2191609,0.2589863
0.1988392,0.24107605
0.20683013,0.22860461
0.23718037,0.25921136
0.3028623,0.3190982
0.3993595,0.37146065
0.4773386,0.4256112
0.54290867,0.48623288
0.6074543,0.5601085
0.66053015,0.6115817
0.70753497,0.67453384
0.75297934,0.69823515
0.7734178,0.7325495
0.7890776,0.7493272
0.8104879,0.7495762
0.82429695,0.78461504
0.8216649,0.74404466
0.7989228,0.6804425
0.7335828,0.6357827
0.6729091,0.58294845
0.5868354,0.5046604
0.48962757,0.41104615
0.41281876,0.4379369
0.35870537,0.3868104
0.3221805,0.34722564
0.29752576,0.3245346
0.2974893,0.31554902
0.317524,0.33787072
0.3714968,0.4079404
0.44735512,0.45300525
0.5239864,0.52810043
0.5943516,0.60119313
0.6671946,0.6738716
0.7278148,0.73881525
0.7487022,0.7948087
0.76430416,0.8394537
0.7697414,0.8877361
0.78043,0.8848112
0.7989534,0.8822508
0.8112317,0.89340764
0.7971877,0.8763828
0.75669026,0.7968187
0.7051612,0.7449944
0.6554879,0.6584102
0.57218003,0.5893232
0.48209193,0.49040022
0.41191837,0.4191365
0.35803655,0.36185312
0.3300795,0.33995074
0.31241122,0.3153147
0.3020529,0.30833465
0.32658944,0.32078627
0.37242052,0.4008035
0.43867397,0.4430766
0.5007856,0.48921642
0.5715574,0.5717604
0.6366401,0.6371372
0.688977,0.6795229
0.7264733,0.73216283
0.74129844,0.78597534
0.705473,0.8211442
0.67017347,0.8236687
0.6803844,0.79095924
0.68173665,0.83104885
0.6542524,0.8030825
0.6228486,0.73394537
0.58303404,0.6910304
0.55041075,0.5919169
0.47915784,0.56155986
0.40723854,0.4455549
0.33253932,0.34435153
0.2876417,0.30901808
0.255678,0.27470806
0.23135257,0.25969642
0.22853813,0.23949683
0.2256629,0.2412807
0.24299894,0.3006813
0.29577562,0.33683765
0.36832437,0.37818006
0.4356572,0.42273304
0.49454576,0.482453
0.55658734,0.5026797
0.5903075,0.5503459
0.62334716,0.5719521
0.633937,0.6047932
0.6565133,0.61287194
0.6785554,0.59422517
0.69672763,0.62307864
0.6790954,0.615093
0.63357806,0.57150483
0.5833565,0.5456212
0.54361546,0.47108206
0.47421727,0.43784368
0.4003688,0.36317366
0.3382791,0.33728558
0.28831685,0.2980502
0.25174722,0.25377548
0.23426817,0.23723958
0.21821189,0.22121137
0.21836172,0.22405207
0.22070919,0.26439753
0.2603194,0.30273366
0.32005534,0.36474603
0.37246233,0.41358048
0.42639622,0.48747575
0.4746813,0.5279808
0.49295226,0.603819
0.4813268,0.6214183
0.43856746,0.6646676
0.4019847,0.67839116
0.3935628,0.6861993
0.39545304,0.6869144
0.38348952,0.6774684
0.3635803,0.61662906
0.35368454,0.5777106
0.34315985,0.5144467
0.30193615,0.4549146
0.25702587,0.38520566
0.2129853,0.21758556
0.18827608,0.1885556
0.16847728,0.15619926
0.1661308,0.15645018
0.17373404,0.13767958
0.21731737,0.14844447
0.27411383,0.18242103
0.33008972,0.20922452
0.36696774,0.24381962
0.4068776,0.27447367
0.44181916,0.3114483
0.48679852,0.31552413
0.52889776,0.34826982
0.5681476,0.37393892
0.6035162,0.38553903
0.6328071,0.40209833
0.6763894,0.39325535
0.6984481,0.41167554
0.68757516,0.40867883
0.6487213,0.38127068
0.5919423,0.38484132
0.5416654,0.3229277
0.46536097,0.2837
0.3790232,0.24139045
0.30969408,0.34517664
0.26346317,0.30346763
0.23197031,0.26333386
0.2126633,0.24982212
0.21510221,0.23621786
0.24416052,0.2666775
0.29665655,0.30824167
0.3508667,0.36500585
0.41207063,0.43196693
0.45662633,0.47607
0.5039507,0.5444484
0.55276114,0.60318005
0.61021376,0.6771789
0.65183246,0.692778
0.6807764,0.7193429
0.71081394,0.74295926
0.7393498,0.75683033
0.76383674,0.77538157
0.75157213,0.7448999
0.715863,0.68312037
0.6600413,0.6476383
0.59203815,0.6077379
0.50273955,0.5043604
0.41675535,0.433545
0.35041434,0.37038797
0.30294254,0.32771438
0.26837164,0.31426167
0.25435638,0.2708943
0.25483307,0.29394013
0.28443035,0.30940622
0.32432806,0.38020885
0.39692542,0.43346328
0.46033916,0.4762561
0.5205688,0.5492275
0.58523506,0.60268646
0.6505658,0.6468527
0.7020603,0.7189678
0.7515711,0.771042
0.7683298,0.7771039
0.79540354,0.7883621
0.80367464,0.7901523
0.8111655,0.7950833
0.79924965,0.7827056
0.7612869,0.71873033
0.7069065,0.68299794
0.650325,0.6079182
0.55854225,0.5349785
0.4777331,0.43353972
0.40190542,0.4178945
0.3532531,0.37351733
0.32539332,0.35340464
0.3015869,0.30914748
0.2975963,0.32398397
0.33233064,0.34774438
0.38312274,0.42377365
0.45036998,0.4766059
0.492047,0.52902716
0.54385716,0.59831643
0.6130783,0.64981437
0.6865201,0.7018168
0.7495374,0.7564
0.8040166,0.81336236
0.8258097,0.8228684
0.8455963,0.8278693
0.86112726,0.8234119
0.8742485,0.827592
0.87097,0.8233155
0.84220403,0.75703865
0.78546494,0.7251227
0.7397331,0.6337671
0.6606931,0.56484365
0.57793534,0.46572846
0.5040086,0.5165269
0.4496632,0.46204078
0.41098252,0.40578508
0.3819135,0.4074582
0.3710089,0.38572687
0.38803512,0.4151278
0.42576972,0.47458094
0.49221873,0.52719146
0.5486236,0.6387977
0.59381604,0.688311
0.66521436,0.75082314
0.70650667,0.8382491
0.7443823,0.8614182
0.7833855,0.8998365
0.80142105,0.948889
0.8038439,0.93505037
0.7987676,0.9426381
0.7863609,0.94406974
0.7539269,0.94215715
0.7032316,0.8683806
0.65363073,0.81217575
0.6017778,0.7325747
0.5186825,0.64999783
0.4360405,0.5688237
0.37023064,0.38431388
0.31764024,0.3437403
0.2800793,0.31108922
0.25717616,0.29220968
0.24372177,0.27412033
0.24193124,0.28237802
0.25397894,0.3460117
0.3038254,0.38323373
0.3767983,0.41853198
0.4503082,0.4628662
0.51982266,0.51488143
0.58446753,0.5289513
0.64719003,0.5717227
0.6856509,0.5990039
0.70033205,0.62008905
0.71563876,0.6271411
0.7128652,0.5991436
0.720519,0.63294995
0.7095458,0.6245454
0.6743435,0.59050035
0.6280265,0.5714478
0.5925231,0.48432666
0.52665925,0.46380523
0.45514858,0.38541692
0.38656855,0.40011364
0.33469173,0.33538568
0.29784,0.30927098
0.27627015,0.28942043
0.26025814,0.27836883
0.25798753,0.2960164
0.2680613,0.33886275
0.30197945,0.39303482
0.343441,0.4611247
0.3750321,0.52838707
0.41533697,0.60971975
0.44409272,0.66734165
0.46583864,0.73900294
0.48383915,0.7793881
0.5091233,0.81788105
0.5480088,0.83214366
0.59435695,0.8238243
0.6362198,0.84946626
0.6437082,0.8176435
0.6243098,0.74061495
0.58717006,0.68718946
0.5483386,0.61671925
0.48033398,0.5611057
0.39914206,0.4573994
0.34648407,0.38243476
0.30754265,0.33220404
0.27324364,0.30752003
0.25357032,0.30151993
0.26100674,0.29725027
0.2981878,0.32863
0.3555378,0.38223773
0.41401097,0.4478469
0.4560718,0.48945332
0.5254213,0.5579903
0.5925406,0.6061262
0.65114564,0.65306115
0.70283127,0.70509183
0.75229204,0.7471827
0.7648597,0.7640052
0.7855117,0.78279376
0.80333364,0.7643356
0.80741423,0.7962178
0.7957017,0.76560706
0.7498983,0.71278334
0.71472764,0.6787962
0.65156686,0.6057377
0.5546596,0.5437447
0.46680322,0.44404414
0.40739077,0.43879342
0.35722762,0.38289505
0.32353908,0.35730112
0.29773203,0.33014864
0.2930896,0.32172227
0.31979704,0.35913262
0.37017277,0.41365612
0.43006045,0.48368448
0.4893075,0.54041725
0.53766066,0.6048937
0.5810295,0.6641097
0.6389802,0.7178247
0.6843302,0.78297263
0.7191945,0.8249575
0.73613554,0.8484168
0.76339066,0.8655828
0.7753776,0.8482625
0.7848584,0.88061607
0.76519436,0.84786993
0.7175163,0.7737666
0.66654474,0.74732906
0.6170081,0.6689122
0.5292558,0.60021347
0.44148695,0.49852473
0.37748027,0.40915644
0.33649978,0.36304474
0.30615002,0.3452797
0.2990473,0.31464833
0.29420012,0.31906676
0.3323287,0.33636686
0.38026357,0.39550975
0.42628774,0.4612981
0.4646002,0.503803
0.4886727,0.5665861
0.5289722,0.62404275
0.57910085,0.66188127
0.61863714,0.7232328
0.65708286,0.7667692
0.6833574,0.7764771
0.70615155,0.79118913
0.7334291,0.7734126
0.75527376,0.8093745
0.74200326,0.7928723
0.70418596,0.7260242
0.6601663,0.69416505
0.60338396,0.62610906
0.5289605,0.5635132
0.44475862,0.46021628
0.38368553,0.40253314
0.33950487,0.3555227
0.31223854,0.32634863
0.29422152,0.29589784
0.29192656,0.28749263
0.32181132,0.3276101
0.37178037,0.37042218
0.43109068,0.4473191
0.47700396,0.4923234
0.5354606,0.5368098
0.6007806,0.5952474
0.651311,0.63788736
0.6930887,0.70864147
0.72722185,0.71692705
0.7374567,0.7306851
0.7437578,0.75653756
0.74973685,0.7529924
0.7631718,0.7874164
0.7603102,0.7625385
0.7198288,0.7069117
0.6814346,0.67875284
0.6281705,0.6266154
0.5489719,0.550301
0.47620332,0.46532652
