true,forecasted
0.21065886,0.18571581
0.18353534,0.13646387
0.15547371,0.11635502
0.1520434,0.111821406
0.15217283,0.11080547
0.17766614,0.1368069
0.21742977,0.18946917
0.25584507,0.216333
0.28458986,0.23586491
0.30005145,0.27375817
0.317068,0.3122828
0.3388231,0.3230944
0.36140305,0.36372113
0.39498085,0.39246282
0.41879106,0.419014
0.44071573,0.43997324
0.45203325,0.4486473
0.45112664,0.46094623
0.43164915,0.44397017
0.40780583,0.42565212
0.3868446,0.39894992
0.35294357,0.3519166
0.29970548,0.2835242
0.23922852,0.22447102
0.19473968,0.17159517
0.15594542,0.12708461
0.13440055,0.11016393
0.120970316,0.1071515
0.12637313,0.10604221
0.16016997,0.1301694
0.19710402,0.18555917
0.23953784,0.2165218
0.26544443,0.22898653
0.27712008,0.25346768
0.2878447,0.28223994
0.30607843,0.28369105
0.3198696,0.31794292
0.33314988,0.34137893
0.35394862,0.36224523
0.3741082,0.38382578
0.38514557,0.38995063
0.39793766,0.40081415
0.39083576,0.38995406
0.3743662,0.37736502
0.36501324,0.35856348
0.33524376,0.3083683
0.28574082,0.24959141
0.2279769,0.19585337
0.18907121,0.17003436
0.1632624,0.11970971
0.1399495,0.10336448
0.13258056,0.10084108
0.14186215,0.09798679
0.16911213,0.12372865
0.20538981,0.17977382
0.23518115,0.20592293
0.24589518,0.22023953
0.25760272,0.2512
0.27512482,0.28201097
0.288192,0.28439367
0.30597177,0.32265848
0.327613,0.34894213
0.33715045,0.3690687
0.35909542,0.39249477
0.37773076,0.40052578
0.38418362,0.41471568
0.36982805,0.3972592
0.3603975,0.38452783
0.34400454,0.361442
0.32437965,0.3166436
0.2829016,0.25078455
0.22965397,0.1942894
0.18488148,0.22535022
0.1547914,0.17177692
0.13337027,0.14656061
0.12326656,0.13985667
0.11974699,0.13168174
0.13013834,0.15764737
0.13807173,0.20739867
0.16237888,0.2344104
0.193134,0.27107805
0.2259245,0.329732
0.25754076,0.38221198
0.28781676,0.4196456
0.31758082,0.47822055
0.3473475,0.5029981
0.38297847,0.54284775
0.41501683,0.56033033
0.45625532,0.58036184
0.48681796,0.5863978
0.49300414,0.5592204
0.4651457,0.53019273
0.4274024,0.49230915
0.39548725,0.4459101
0.34568614,0.36163032
0.28727517,0.29614216
0.23382933,0.22351836
0.19241892,0.17591916
0.1605535,0.15046243
0.14281341,0.14274356
0.13116634,0.13394496
0.12781109,0.16341302
0.13162996,0.21335776
0.15378095,0.24184166
0.19543017,0.27633336
0.24894345,0.33032656
0.30412206,0.3847714
0.36733046,0.4173551
0.42678586,0.46852788
0.48277706,0.50268346
0.519329,0.5435126
0.54724,0.5622544
0.56710726,0.57841796
0.58231986,0.58691674
0.57984877,0.5591985
0.54770017,0.5270427
0.5224922,0.49916837
0.49342346,0.44556934
0.42982063,0.3584109
0.35848808,0.29319823
0.29806963,0.25245512
0.25933713,0.19550228
0.23762475,0.16673842
0.22599033,0.16221899
0.23204559,0.15644276
0.25582248,0.18142085
0.30042288,0.23162247
0.35099238,0.2592705
0.39287856,0.28839645
0.41409478,0.34249276
0.42529678,0.39528626
0.4464882,0.42290977
0.46766138,0.4763792
0.48397592,0.50077814
0.49664462,0.5328978
0.5111601,0.55033815
0.5317067,0.5632073
0.54462844,0.554937
0.53495854,0.5439434
0.5048414,0.5181689
0.4776812,0.48193938
0.442692,0.42824495
0.37200725,0.36036754
0.2993167,0.29318005
0.24376594,0.22068568
0.1960908,0.17747541
0.1773579,0.15317293
0.16409603,0.14524725
0.16272217,0.14583814
0.18328068,0.16837193
0.22307147,0.22744372
0.2601458,0.2621139
0.2824661,0.27939802
0.3130522,0.30753183
0.34391037,0.34952644
0.37481722,0.3590977
0.40444303,0.39803645
0.43494776,0.4244144
0.4674913,0.45445177
0.48108557,0.47193307
0.50471747,0.47778344
0.52123094,0.47907028
0.51010585,0.47084877
0.48561525,0.45034227
0.45781538,0.43156576
0.42381078,0.37146267
0.3539688,0.30671373
0.28256774,0.24770994
0.22589053,0.21212493
0.19043575,0.16523105
0.16863663,0.14306575
0.158291,0.13552281
0.16520883,0.13552554
0.18808356,0.15981895
0.23107132,0.21381098
0.2581999,0.24579217
0.27749485,0.26301104
0.29951492,0.30003327
0.32274646,0.33838955
0.33947387,0.3522285
0.38273114,0.3944281
0.4179681,0.41789043
0.4384271,0.44696704
0.45257482,0.46493584
0.47732264,0.47358572
0.49270657,0.47928748
0.5004995,0.4644526
0.48547238,0.4451993
0.4608505,0.42092386
0.4273882,0.367644
0.36465496,0.30014566
0.28978038,0.24015112
0.23605615,0.21808942
0.20235361,0.17073679
0.17950296,0.14884055
0.16739754,0.13933784
0.16691601,0.13711126
0.18685235,0.16431636
0.22622046,0.2183937
0.2660701,0.24852623
0.29884547,0.2696065
0.3276331,0.31103346
0.35845667,0.35456967
0.3908774,0.37410888
0.435454,0.41849235
0.4740846,0.4460118
0.5130403,0.47881225
0.54614115,0.4991182
0.57292813,0.50765294
0.5812765,0.51534116
0.5606634,0.4965079
0.5272235,0.46818256
0.4889343,0.4471056
0.45437783,0.3917781
0.38048115,0.32030243
0.30976817,0.25635213
0.3078973,0.22235586
0.30602646,0.17382812
0.3041556,0.150322
0.30228475,0.14465937
0.30041388,0.14132687
0.29854304,0.16496772
0.29667217,0.21696122
0.29480132,0.25046232
0.29293045,0.26923335
0.2910596,0.30781114
0.28918874,0.34883308
0.2873179,0.36555025
0.28544703,0.40467402
0.2835762,0.4288455
0.28170532,0.45764807
0.27983448,0.47605246
0.2779636,0.4863977
0.27609277,0.48851803
0.2742219,0.47329798
0.27235106,0.45323694
0.2704802,0.43102062
0.26860934,0.3744979
0.26673847,0.30758038
0.26486763,0.24518897
0.26299676,0.19747569
0.26112592,0.1472204
0.25925505,0.12918498
0.2573842,0.12166811
0.25551334,0.11866887
0.2536425,0.14526412
0.25177163,0.19733292
0.24990077,0.2263263
0.24802992,0.24829885
0.24615906,0.28845102
0.2442882,0.32910007
0.24241735,0.34666643
0.2405465,0.39129123
0.23867564,0.41791272
0.23680478,0.44958606
0.23493393,0.4700008
0.23306307,0.48187935
0.23119222,0.49740538
0.22932136,0.47118682
0.2274505,0.44635096
0.22557965,0.4215449
0.2237088,0.37416923
0.22183794,0.30069405
0.21996708,0.23891613
0.21809623,0.19718827
0.1777603,0.14329886
0.15115121,0.12540078
0.13226444,0.11864849
0.123417385,0.11366621
0.12130344,0.14044526
0.1250439,0.19227903
0.14871502,0.2175694
0.19300698,0.24549048
0.24230659,0.29286778
0.2897307,0.33877385
0.3340152,0.3592054
0.37452048,0.40828714
0.41352156,0.44091985
0.449235,0.47385558
0.4832614,0.494968
0.51693285,0.51064825
0.53741693,0.5281042
0.53379816,0.49712285
0.5055811,0.4677024
0.45983052,0.4380768
0.4216534,0.396549
0.36235946,0.31492904
0.29335055,0.25099915
0.23987864,0.25311702
0.19998102,0.20139194
0.1740413,0.17684229
0.16105677,0.16507173
0.1618174,0.15812695
0.17683266,0.18726104
0.20201948,0.24050571
0.24377468,0.26904285
0.29592746,0.30125806
0.35552752,0.35671717
0.4250943,0.41410935
0.49339575,0.44561747
0.5416744,0.49862888
0.5836429,0.53351146
0.61686647,0.5721712
0.6332732,0.59458405
0.6321197,0.6069218
0.62225777,0.61060053
0.60163414,0.5849378
0.5647091,0.54347456
0.5290978,0.520864
0.48702064,0.46200967
0.41901174,0.37871587
0.3494257,0.30786538
0.29171067,0.27727604
0.2543083,0.22439195
0.23061779,0.19324245
0.22002275,0.18520823
0.22379053,0.1804799
0.25390574,0.20355827
0.29321906,0.25838584
0.34088647,0.29015517
0.37550414,0.31629193
0.40554547,0.36798072
0.4418997,0.42427725
0.4750546,0.45382404
0.49930575,0.5021895
0.5063993,0.53034073
0.50775045,0.5658648
0.5056173,0.5829679
0.502425,0.59542817
0.49480152,0.5809321
0.47682697,0.5712151
0.45845562,0.5383705
0.4438789,0.5106733
0.42276892,0.4474865
0.3703496,0.37847018
0.31054166,0.30755368
0.25785965,0.2014742
0.22295548,0.16064006
0.20150363,0.13515049
0.19457486,0.13483939
0.2047549,0.13377072
0.23199919,0.14891163
0.26569816,0.20031202
0.29800597,0.24029765
0.32162505,0.25314468
0.34405935,0.26531976
0.3513635,0.29000947
0.35570747,0.28979567
0.3541184,0.31054315
0.35097438,0.3214549
0.34873846,0.33771077
0.3500347,0.3470347
0.35477272,0.35754567
0.36206403,0.3437645
0.3610845,0.35699606
0.35017267,0.35972878
0.3434771,0.33975273
0.32380083,0.28536552
0.28114206,0.23971039
0.23097664,0.18981345
0.19464701,0.16603763
0.16977212,0.12871721
0.15753165,0.106069595
0.15009955,0.10980799
0.15774807,0.10111951
0.18487522,0.12231609
0.22798537,0.17364506
0.25929022,0.20695062
0.28094122,0.22018397
0.29543203,0.22752081
0.30443835,0.25085613
0.3218691,0.2520718
0.34608516,0.26360562
0.3782888,0.28207102
0.37657344,0.29274258
0.36987653,0.30947995
0.372858,0.3196005
0.38326505,0.31998035
0.3782827,0.32064626
0.3779589,0.32153028
0.38090426,0.31196687
0.3614975,0.26626426
0.31685996,0.21328256
0.2699738,0.16698828
0.2365796,0.18341617
0.21162951,0.12990263
0.19695485,0.11362232
0.19032288,0.1104063
0.19892693,0.10703365
0.22353345,0.13125274
0.25922796,0.18485518
0.29878825,0.20967703
0.32864812,0.22633147
0.3625624,0.26984143
0.39625874,0.3035466
0.41508093,0.314589
0.43264994,0.35712805
0.44241035,0.3811596
0.46453285,0.40355453
0.4838089,0.42619464
0.49507055,0.4382032
0.49681348,0.4521814
0.4787719,0.42614356
0.4573016,0.4146721
0.44159365,0.38431564
0.41867626,0.3411598
0.37301734,0.27145955
0.3223748,0.21325551
0.27905336,0.25393522
0.24617442,0.20095265
0.22371945,0.17266883
0.20775087,0.16579455
0.20365077,0.15681627
0.2077562,0.1822178
0.21093114,0.23676237
0.23778339,0.26367006
0.282072,0.29747877
0.3287595,0.35305452
0.37704873,0.41062465
0.4324212,0.44048908
0.4902204,0.4921279
0.5246147,0.5247608
0.55612916,0.5639918
0.5796214,0.5829186
0.58907557,0.5979199
0.59151244,0.5968879
0.5893159,0.5727002
0.5606809,0.5412977
0.51600224,0.50999886
0.47708753,0.45494744
0.4230611,0.3740534
0.36614025,0.30363414
0.30779216,0.30777454
0.26744145,0.25512388
0.23363352,0.21974115
0.21155255,0.20908898
0.20041962,0.19842704
0.19240057,0.22544715
0.19403265,0.28089732
0.22540106,0.3124352
0.2904309,0.35224703
0.3654555,0.41202396
0.43649012,0.4817338
0.4986671,0.52477014
0.5527573,0.58236253
0.58961767,0.61786795
0.6085226,0.6661384
0.63042384,0.6830049
0.64875025,0.6956513
0.6574476,0.6837723
0.658401,0.6646546
0.6361986,0.6170501
0.60062176,0.5902971
0.5645177,0.5229463
0.48951527,0.43799448
0.41829,0.35959968
0.35624024,0.3484167
0.31722742,0.29404855
0.28774837,0.25425014
0.27068242,0.24253523
0.2711764,0.23090811
0.2913447,0.25581896
0.331005,0.31235433
0.37898684,0.34489954
0.42811415,0.38568318
0.48826274,0.45227885
0.55106074,0.52532035
0.6106189,0.57535374
0.6508667,0.63424224
0.668171,0.6674999
0.6807042,0.7163003
0.7171843,0.7321139
0.7357581,0.7440386
0.74885666,0.72012633
0.73366475,0.7048449
0.6963411,0.6552026
0.6436853,0.6280785
0.5837359,0.55307543
0.50069577,0.46985173
0.4150267,0.38705215
0.34664378,0.30692822
0.30426756,0.26549217
0.25588372,0.2314509
0.23844174,0.21621704
0.23554,0.21846147
0.25538644,0.23472339
0.28688732,0.29232275
0.3292097,0.33548725
0.37550598,0.35666266
0.4057188,0.393551
0.45404777,0.44399565
0.51694113,0.4763768
0.56667906,0.5142167
0.6098103,0.5349537
0.6059799,0.57112134
0.6014388,0.5836453
0.6111239,0.5927322
0.6200762,0.56824374
0.60197264,0.5669598
0.57435477,0.53821087
0.5362908,0.5210302
0.49982566,0.44426137
0.42526475,0.38260484
0.35310617,0.31487036
0.298036,0.27980083
0.25728425,0.23540002
0.22634833,0.20527779
0.21079952,0.19146305
0.2131065,0.19092666
0.23265484,0.20899826
0.27073893,0.2659068
0.31240535,0.30644977
0.3471963,0.32903343
0.38919786,0.36904353
0.42837825,0.41800645
0.4775628,0.44943562
0.5188157,0.48846215
0.5464805,0.5114289
0.57388765,0.5497366
0.589246,0.56208813
0.60555816,0.5755255
0.61741483,0.5629673
0.61120516,0.5515531
0.5800783,0.5222061
0.5397791,0.5023431
0.49840504,0.4348499
0.42269483,0.36485878
0.34704542,0.29677218
0.28700545,0.28059614
0.24436659,0.23365104
0.21584696,0.20660652
0.19617076,0.19118297
0.19507821,0.18952587
0.2173157,0.21139392
0.2501844,0.2622136
0.29303336,0.3038436
0.3293264,0.32889268
0.3636686,0.37227416
0.41412768,0.4224108
0.46237284,0.45699587
0.50949526,0.49912718
0.55243474,0.5247827
0.5903322,0.5616578
0.62079954,0.57674223
0.64615345,0.5899231
0.6559259,0.5846708
0.6389795,0.56528234
0.6058484,0.5303838
0.5557981,0.5130282
0.51116264,0.44503188
0.43565628,0.37178126
0.35868084,0.30020016
0.30139652,0.29973757
0.25672495,0.25038275
0.22545364,0.22207034
0.20778392,0.20654434
0.20459747,0.20470874
0.22514199,0.22579756
0.25874624,0.27067637
0.3020709,0.31549513
0.34823647,0.343203
0.40160528,0.38900077
0.46399766,0.4419981
0.5283679,0.48427886
0.58519787,0.52501357
0.6354935,0.55015963
0.6595344,0.5836036
0.6631636,0.5978463
0.6627014,0.6151357
0.6574774,0.60478824
0.62502295,0.5856473
0.58087695,0.5487958
0.54704946,0.53104377
0.51080626,0.4588856
0.4510685,0.38844207
0.38850793,0.31526086
0.33183357,0.32073224
0.28852904,0.26671687
0.25460035,0.23691218
0.23525877,0.22141269
0.22367652,0.21774708
0.22305661,0.23905963
0.22884323,0.28318518
0.259123,0.3293896
0.31770653,0.35926247
0.37883148,0.41025364
0.44525516,0.46830803
0.5177645,0.51419383
0.5820987,0.55960596
0.6334814,0.58501214
0.6698499,0.62077194
0.6883062,0.6339306
0.6977698,0.6530576
0.67562103,0.6356635
0.60617334,0.6208177
0.5710743,0.5778968
0.53790873,0.55790156
0.5084021,0.48393738
0.45982385,0.41312754
0.40226668,0.33755577
0.3489082,0.34742558
0.30469826,0.29025638
0.27290583,0.256979
0.25456908,0.2397312
0.24615495,0.23375969
0.24578579,0.25692552
0.24999385,0.30267328
0.278077,0.34585708
0.3327328,0.38258067
0.41174024,0.43940812
0.48895216,0.5056756
0.5513792,0.5581377
0.60386914,0.6102302
0.658953,0.63811517
0.6929802,0.6800712
0.72679156,0.6932877
0.7560105,0.71149576
0.7753114,0.69310606
0.7682112,0.67185193
0.7453576,0.6252351
0.7068256,0.60131747
0.6600901,0.5259288
0.5880382,0.44763532
0.5115639,0.3650035
0.44307894,0.39999086
0.39793694,0.34647095
0.36301222,0.30558512
0.33910456,0.2849875
0.32944587,0.28031188
0.34186423,0.29942566
0.3669316,0.3453945
0.413822,0.39219624
0.46784738,0.43430224
0.5284051,0.4979875
0.59761286,0.57308936
0.664945,0.6374751
0.72598565,0.6900846
0.7775219,0.72040915
0.8126924,0.7648747
0.8182294,0.7750838
0.78587735,0.79325974
0.7543496,0.7604382
0.72555095,0.74605846
0.6806693,0.6902755
0.62852263,0.6694024
0.57814366,0.581694
0.50916845,0.5046268
0.4336763,0.41587627
0.37500358,0.39114392
0.3324772,0.34006152
0.3043099,0.30088025
0.28280434,0.2792121
0.2755591,0.27341837
0.27797374,0.2934629
0.28816202,0.3449924
0.329949,0.3935425
0.3989655,0.43207747
0.47633663,0.48898613
0.5512806,0.56487477
0.61746365,0.624434
0.67056143,0.6773153
0.71475065,0.707105
0.739691,0.7572575
0.75136876,0.7681722
0.76381207,0.7858112
0.76846296,0.7552699
0.7533385,0.7390257
0.71443653,0.6810275
0.6625054,0.6654175
0.6065665,0.5762262
0.55938214,0.49664408
0.49395403,0.40948418
0.4218613,0.409172
0.372315,0.3531878
0.33495578,0.31318903
0.31194907,0.29017213
0.30123013,0.2855984
0.32497475,0.3050802
0.35535672,0.35093737
0.40370607,0.4004401
0.4678966,0.4440963
0.53823143,0.50335467
0.60643154,0.58203495
0.6743509,0.6494326
0.73249716,0.70408463
0.7764193,0.7347529
0.7903184,0.7809832
0.7922829,0.79129916
0.8065503,0.81078094
0.82176745,0.77915716
0.8062664,0.75952977
0.77183646,0.70168924
0.7134379,0.68190295
0.6634842,0.5932688
0.58295685,0.5122207
0.49858442,0.421692
0.42965803,0.41227776
0.37665462,0.35323796
0.3434149,0.31525388
0.32107764,0.29347804
0.3154933,0.28746235
0.33466503,0.30604628
0.36871228,0.3474028
0.42647356,0.40008643
0.48451814,0.4403136
0.57188606,0.49621814
0.62400454,0.5702405
0.6809164,0.638058
0.7134877,0.6892563
0.73132205,0.7112712
0.75605935,0.75432456
0.76210797,0.7610189
0.778723,0.783174
0.8015933,0.74212617
0.78859776,0.73231375
0.7482662,0.67992663
0.7032344,0.65813226
0.64817274,0.5696462
0.5711532,0.4973518
0.48964682,0.40965697
0.4197182,0.4052751
0.3656244,0.34819797
0.3341884,0.31072745
0.3115224,0.28943774
0.31063604,0.28308195
0.32947037,0.29732817
0.36690423,0.34073812
0.40197286,0.39798108
0.48948258,0.43533787
0.56736135,0.48549366
0.63724935,0.55525476
0.70780313,0.6189612
0.75685674,0.65953803
0.7846177,0.6812887
0.7934601,0.72070867
0.7919706,0.7252946
0.7905274,0.7526291
0.7939981,0.7109968
0.7513249,0.7018327
0.7012813,0.6550103
0.6594693,0.6373497
0.61561376,0.54796463
0.5493954,0.4766136
0.48892394,0.39166746
