true,forecasted
0.14090241,0.14799476
0.11863634,0.12882788
0.10305818,0.110070005
0.0932137,0.099515095
0.09396941,0.096913494
0.10472489,0.10510621
0.12711687,0.12860477
0.15226045,0.14579101
0.15962696,0.15869062
0.16163883,0.15897182
0.16122673,0.1666023
0.17454346,0.174384
0.1999886,0.1811452
0.23050945,0.18772396
0.22952916,0.20257163
0.2294126,0.21991226
0.23649152,0.23944154
0.24227518,0.257394
0.24275987,0.2556717
0.23937209,0.25754067
0.23651923,0.24865519
0.21898143,0.22542216
0.18526328,0.19525373
0.14881878,0.16326086
0.119119145,0.12106694
0.09895449,0.10558457
0.0873213,0.09088606
0.08210536,0.08616836
0.083521195,0.08142633
0.09632881,0.09358093
0.1165752,0.10983073
0.14333183,0.12728888
0.15110911,0.13793302
0.15069194,0.13906312
0.1459158,0.14357011
0.14626156,0.1554887
0.15803677,0.1642817
0.17227396,0.17187259
0.19547129,0.18546274
0.22759877,0.20285478
0.24572241,0.21711075
0.25108844,0.2323248
0.24346855,0.23576084
0.24012555,0.24096099
0.2417906,0.2343487
0.22925222,0.21673499
0.19625814,0.18677185
0.16017857,0.15643018
0.13246429,0.13505399
0.11478684,0.1188038
0.09864522,0.10082151
0.09219385,0.09128967
0.094640546,0.08600693
0.10297385,0.092098385
0.122901835,0.10744467
0.14492142,0.11949068
0.15365306,0.13173094
0.15002897,0.133686
0.15485877,0.14295785
0.17556165,0.15257768
0.19487098,0.16112548
0.20463124,0.16691637
0.20079678,0.17877401
0.21944505,0.19389664
0.24465708,0.21115227
0.2584657,0.23182517
0.25235704,0.23542713
0.24370001,0.24072191
0.24437967,0.23744819
0.23057921,0.21815495
0.2021547,0.19126624
0.17007068,0.16089106
0.13668157,0.14093286
0.113683365,0.12753747
0.09709199,0.10905795
0.08646811,0.10163704
0.08244875,0.0974608
0.07681409,0.10405377
0.07741712,0.110588916
0.08102806,0.12757348
0.08473613,0.14544594
0.089849494,0.15686187
0.09652058,0.17051981
0.111492164,0.19433972
0.13506663,0.21928708
0.14582933,0.23493874
0.16696599,0.25690308
0.20446281,0.28602153
0.2305336,0.30838138
0.261856,0.32829154
0.2741891,0.32953817
0.2611595,0.32921913
0.25801027,0.3167344
0.2512058,0.29588908
0.22727849,0.2611084
0.19937408,0.22728443
0.16915339,0.17070997
0.14381592,0.14814043
0.12495694,0.12680778
0.1123386,0.1136075
0.104148276,0.10088332
0.094578005,0.09395128
0.08787505,0.08394561
0.0913326,0.089957386
0.100861885,0.11318135
0.12269242,0.12958634
0.15255693,0.15636961
0.19597505,0.19335362
0.23737231,0.23513462
0.26564154,0.26084208
0.30440587,0.29360086
0.3210719,0.32779387
0.3351674,0.3562314
0.35405007,0.38328525
0.3621293,0.3853552
0.35488847,0.38308066
0.35106218,0.36728033
0.340516,0.34695137
0.30196616,0.31185877
0.2631812,0.26878384
0.21895514,0.23160422
0.19118506,0.21126732
0.17267065,0.19425121
0.1636161,0.18531273
0.16562064,0.18213356
0.18245839,0.19536349
0.21020892,0.21874194
0.24636441,0.2427466
0.27026036,0.26845762
0.28298745,0.28508303
0.3035329,0.3040263
0.32093886,0.3184147
0.33183932,0.33229637
0.3492872,0.33540353
0.3787984,0.34278348
0.4112336,0.34388542
0.43061295,0.34262657
0.4098403,0.34801957
0.38338748,0.3377764
0.36428285,0.33693847
0.34897023,0.32535818
0.3311669,0.30142003
0.3011427,0.26731235
0.25066817,0.22635469
0.20990747,0.2083081
0.17847374,0.18176855
0.15631628,0.1575488
0.14345619,0.14208429
0.1412221,0.13396272
0.14958349,0.13916124
0.17371087,0.1484215
0.19551748,0.16688251
0.19974187,0.18391941
0.20628516,0.19139938
0.21636239,0.20191984
0.23374288,0.21378817
0.23974426,0.23333253
0.24845399,0.24341393
0.27004644,0.26272658
0.30615312,0.28019735
0.34697887,0.29593825
0.3697282,0.3153194
0.3694456,0.31028113
0.35436493,0.30730996
0.33780113,0.30082828
0.32003084,0.28228796
0.27709123,0.25467688
0.22307695,0.21936345
0.18163812,0.18523422
0.1520412,0.16021216
0.13417092,0.14233625
0.12313542,0.13081934
0.12312133,0.12628847
0.1299304,0.13630782
0.15624237,0.15930957
0.18759485,0.1842698
0.20950687,0.20539694
0.23609649,0.21583217
0.25642958,0.23336186
0.28509608,0.24774641
0.31233302,0.25282803
0.30005142,0.2522093
0.24871363,0.25963354
0.23453791,0.2710204
0.26366106,0.28032774
0.2742417,0.29167932
0.28418922,0.28181976
0.2804576,0.28168076
0.26838908,0.2694727
0.25856665,0.24680065
0.22466975,0.22063184
0.18483591,0.18581057
0.1522531,0.1534943
0.12891755,0.13937838
0.113873355,0.12217222
0.10597856,0.11615499
0.10728909,0.11293763
0.11595441,0.12887536
0.13809504,0.15632963
0.16552848,0.1891494
0.1740025,0.20990077
0.17937241,0.21612489
0.19280426,0.22024561
0.21321672,0.23058061
0.22640114,0.24604611
0.24851167,0.25888282
0.2659983,0.2772235
0.28914255,0.29902077
0.3154724,0.31611174
0.33904782,0.33766332
0.34283337,0.3365174
0.3358113,0.33632377
0.32837585,0.32194626
0.31391326,0.29560333
0.27226642,0.2591374
0.22922616,0.21850482
0.22752428,0.18003786
0.2258224,0.15641004
0.22412053,0.13985415
0.22241865,0.12905769
0.22071679,0.124677494
0.21901491,0.13936642
0.21731304,0.16434978
0.21561116,0.19225004
0.21390928,0.21269058
0.2122074,0.22406815
0.21050553,0.23991288
0.20880367,0.2514575
0.20710179,0.260687
0.20539992,0.26137984
0.20369804,0.2675603
0.20199616,0.2753731
0.20029429,0.2818935
0.19859241,0.29924154
0.19689055,0.29101664
0.19518867,0.29560277
0.1934868,0.28574443
0.19178492,0.26218
0.19008304,0.23160662
0.18838117,0.1936315
0.18667929,0.14974616
0.18497743,0.1353465
0.18327555,0.11675015
0.18157367,0.10690723
0.1798718,0.09666113
0.17816992,0.092051126
0.17646804,0.08874861
0.17476617,0.09537776
0.1730643,0.1104058
0.17136243,0.11423782
0.16966055,0.1270345
0.16795868,0.14892268
0.1662568,0.16583247
0.16455492,0.1768869
0.16285305,0.1914179
0.16115119,0.21697207
0.15944931,0.23279373
0.15774743,0.2566412
0.15604556,0.25962606
0.15434368,0.26381636
0.1526418,0.26213834
0.15093993,0.25149173
0.14923806,0.22920513
0.14753619,0.19593087
0.14583431,0.1432815
0.121214405,0.13600798
0.10473626,0.121946245
0.09202009,0.113876246
0.08666272,0.10809677
0.077097185,0.10364733
0.07080999,0.09617932
0.07145981,0.09684456
0.07638898,0.11480534
0.08425132,0.11535241
0.101194374,0.13912521
0.12470026,0.16544388
0.15965515,0.18553011
0.18842341,0.20800535
0.20826647,0.22820243
0.24102719,0.2526698
0.2751417,0.27514112
0.28894925,0.29347414
0.3027688,0.30270264
0.2962794,0.30295965
0.29759124,0.2976515
0.2935484,0.28546995
0.26384073,0.26449996
0.22253126,0.23137677
0.18831573,0.19003125
0.15866312,0.17271024
0.13893555,0.15105665
0.1295432,0.13863596
0.12795894,0.13120231
0.13458928,0.12801223
0.1534113,0.13148727
0.18221651,0.1488021
0.19992025,0.17418179
0.21596724,0.19349305
0.23694102,0.21586095
0.26450795,0.24405986
0.29206958,0.27544466
0.32929465,0.29336765
0.3646491,0.3148601
0.39679873,0.33986852
0.42196587,0.36039865
0.43635657,0.38219032
0.41714805,0.37943688
0.39328432,0.37974235
0.37794602,0.36690983
0.35474277,0.34374022
0.31161425,0.30697766
0.25999087,0.26216102
0.21494159,0.21715005
0.1853424,0.19222641
0.16463098,0.1686766
0.15284239,0.15424609
0.15202758,0.14832368
0.16225536,0.1590478
0.1857828,0.17335726
0.21814565,0.19413549
0.23621824,0.21411547
0.24882083,0.22724342
0.25361425,0.23988938
0.25421515,0.24823225
0.26482317,0.26431075
0.28115678,0.269612
0.3120228,0.28462481
0.3356412,0.2894265
0.3565753,0.30295414
0.3678496,0.31642586
0.35771966,0.30993816
0.33931836,0.30832064
0.32838285,0.3019768
0.31199414,0.27988845
0.27099165,0.2507653
0.22526923,0.21528056
0.18676642,0.18770398
0.1586,0.16261247
0.13880266,0.14558502
0.12755242,0.13577661
0.12763391,0.1280479
0.13514575,0.14037694
0.15551011,0.16068202
0.18019162,0.17917445
0.19129948,0.19835435
0.20062385,0.20595731
0.21221949,0.22336645
0.23247251,0.23366962
0.2370005,0.24562305
0.2396412,0.24200507
0.23552603,0.24203643
0.24073213,0.24577218
0.2577638,0.24711412
0.26741093,0.25262442
0.26215485,0.25095537
0.25732777,0.25314382
0.25832227,0.24671082
0.24827585,0.23160169
0.21929829,0.20932683
0.1824546,0.17637697
0.15060452,0.15505594
0.12946123,0.13808091
0.1168108,0.12334703
0.10899607,0.1174907
0.11058117,0.11184887
0.12163798,0.12456942
0.14603674,0.15177253
0.17718382,0.17681833
0.19575343,0.19816278
0.21088728,0.20190623
0.21401317,0.21301235
0.22378825,0.21777192
0.2243343,0.22707751
0.22520526,0.22788656
0.22454894,0.23327732
0.22532265,0.23786706
0.22807541,0.24522166
0.23800778,0.2604479
0.24478832,0.26438814
0.24811819,0.2684475
0.2549184,0.26132402
0.25297534,0.2411588
0.22876266,0.21610147
0.19835696,0.18198997
0.16797909,0.16921897
0.14695272,0.15018345
0.13152143,0.1335361
0.123655654,0.12699322
0.12471057,0.119623385
0.13617472,0.13278888
0.1591592,0.15514155
0.19403769,0.17977521
0.226442,0.19781108
0.24369338,0.2046695
0.26001137,0.21628053
0.26343885,0.22681461
0.26569328,0.2378413
0.26431182,0.24147275
0.26819128,0.250391
0.27259725,0.25325578
0.2806009,0.25920656
0.27609035,0.27327278
0.26592296,0.27348906
0.2651521,0.28307396
0.27066416,0.27846462
0.26889592,0.25907493
0.24501124,0.2332342
0.21734267,0.19520684
0.19272834,0.18829758
0.16454878,0.17026944
0.14811637,0.15099227
0.14030306,0.14295001
0.1360108,0.13607241
0.13828586,0.14233933
0.14210562,0.14879659
0.15945959,0.17085315
0.18281598,0.19893174
0.20038222,0.21985921
0.21970421,0.2453353
0.23864564,0.26913947
0.26241615,0.2917533
0.29542917,0.30578247
0.298556,0.32599273
0.28316012,0.3390483
0.3242364,0.3509388
0.3680685,0.37666467
0.38334864,0.3732448
0.37975332,0.37242195
0.36919543,0.36303338
0.35642985,0.34257364
0.3279704,0.30984268
0.2981446,0.26665506
0.255337,0.24705072
0.2240974,0.22730672
0.19860463,0.205792
0.17894103,0.19520123
0.1663382,0.1886407
0.15184659,0.2022164
0.15030187,0.22276156
0.16690889,0.26228058
0.19193307,0.29525313
0.22743542,0.32305354
0.2812372,0.34369662
0.33852002,0.37601918
0.38281798,0.4012963
0.41080377,0.40680382
0.3707161,0.42759162
0.3485212,0.43757313
0.3777507,0.44522804
0.3915951,0.44703513
0.39276597,0.43033376
0.38067642,0.41259417
0.3683144,0.39515376
0.35624328,0.36707628
0.3211355,0.32640865
0.27868795,0.28227478
0.24061356,0.23539743
0.2087328,0.22128402
0.18915495,0.19589707
0.18057787,0.18735261
0.18224376,0.18788213
0.19163363,0.20459975
0.22212094,0.22843023
0.25772718,0.27260536
0.29503152,0.31258133
0.33961093,0.3381837
0.3575312,0.36573774
0.35407352,0.3927304
0.3836925,0.41975778
0.39802715,0.4356718
0.41430902,0.45329946
0.4689165,0.47313493
0.45883787,0.48410994
0.44392326,0.49867487
0.41437775,0.48657238
0.39247483,0.47260925
0.3780396,0.45263302
0.36142582,0.41830105
0.3227086,0.37372527
0.2714773,0.32598147
0.23030357,0.23606692
0.19840942,0.21125863
0.1817452,0.18912219
0.16872095,0.17596792
0.16856767,0.16666365
0.17676629,0.17481253
0.20247735,0.17854883
0.23971097,0.19459493
0.27380034,0.20921607
0.29703215,0.22411422
0.31181598,0.23646574
0.31093755,0.25544626
0.30404982,0.27275446
0.31713498,0.27452406
0.34275886,0.2898404
0.3677585,0.28773174
0.40292057,0.29120564
0.43157604,0.29249257
0.40702638,0.28294593
0.37535563,0.2826436
0.351911,0.27604738
0.32808742,0.2617333
0.29691806,0.2382465
0.2488252,0.2079114
0.21215647,0.21164036
0.18309921,0.18288282
0.16373362,0.15936749
0.15410519,0.1449584
0.15429707,0.13662322
0.16582425,0.13928632
0.18676156,0.1555788
0.22032264,0.18049869
0.24156803,0.20561732
0.2577959,0.22259207
0.28697836,0.24359974
0.3212761,0.26820934
0.35437796,0.29007804
0.38027036,0.29901397
0.4083735,0.32582965
0.4170618,0.34426492
0.43298584,0.36286497
0.45196778,0.3791062
0.44065702,0.36827102
0.42283008,0.3596837
0.4093088,0.34494674
0.38900557,0.3207792
0.35020295,0.29114336
0.2916498,0.24935034
0.24329373,0.2465204
0.20303217,0.21925762
0.17558664,0.19434066
0.15808605,0.17983097
0.15354657,0.17550291
0.161421,0.19078991
0.18096603,0.21117418
0.21566069,0.24048741
0.24002855,0.2719073
0.25765222,0.29203862
0.28240713,0.31654885
0.3142686,0.33166575
0.3441716,0.35778686
0.37277225,0.3750576
0.40278256,0.39767194
0.436012,0.41478693
0.46476558,0.4298933
0.48323178,0.45609662
0.47892246,0.4408869
0.45764995,0.43069333
0.4370771,0.41922647
0.4094521,0.3874123
0.3644072,0.34555462
0.3160797,0.29640016
0.26210675,0.26436514
0.22796182,0.23076192
0.19998339,0.20291659
0.1838124,0.18528374
0.17881167,0.17633887
0.18269648,0.18407074
0.19935443,0.19740471
0.22779836,0.22260733
0.25931653,0.25277254
0.28752974,0.2726636
0.3224491,0.29842916
0.36143792,0.32292682
0.39187098,0.3540971
0.4159344,0.37446356
0.44350407,0.4005121
0.47169393,0.4220333
0.48590505,0.43781036
0.4989959,0.4581631
0.4865846,0.44184604
0.45334002,0.43007943
0.4269364,0.4147638
0.3958605,0.3869263
0.35469136,0.34854597
0.30344027,0.30262312
0.2592977,0.26095805
0.21912286,0.22894897
0.19195037,0.20209199
0.17278531,0.18612672
0.1614872,0.17812186
0.15123254,0.18713918
0.14877115,0.19525175
0.16333811,0.21530966
0.18814197,0.24271035
0.20336348,0.26391447
0.24037334,0.28918827
0.27058172,0.31379914
0.28466433,0.34294727
0.31883022,0.3598596
0.3438706,0.38525078
0.3715252,0.398379
0.39643,0.4077816
0.40364015,0.41984826
0.387904,0.4037495
0.36759433,0.39132732
0.35385275,0.37841895
0.3415618,0.35427892
0.31951025,0.32165322
0.28951308,0.2791285
0.26410535,0.25687593
0.2360279,0.23290616
0.21553715,0.21026024
0.2028269,0.19646022
0.19444658,0.18631914
0.19166514,0.18842332
0.18308263,0.18586074
0.18946114,0.20186129
0.20932873,0.23612477
0.2455849,0.26584136
0.27463365,0.3025058
0.30329528,0.33916068
0.35655636,0.38045797
0.41171983,0.40157968
0.45239267,0.43059027
0.47235298,0.44658953
0.49274173,0.46008742
0.51516914,0.47858897
0.5165483,0.46731165
0.5046667,0.4556289
0.49669135,0.43857962
0.47831184,0.41423637
0.43687207,0.3778645
0.3917216,0.3344638
0.3359576,0.33338314
0.2934296,0.30648488
0.26997787,0.2784485
0.25224,0.26091784
0.24711017,0.25783902
0.25115547,0.27652508
0.26423803,0.29220518
0.29522613,0.33074898
0.31746864,0.3742355
0.36117294,0.41072604
0.39721164,0.45054096
0.42530912,0.4800774
0.47082618,0.5186213
0.51394665,0.5404612
0.5575469,0.5613747
0.57148695,0.5696933
0.601644,0.58000404
0.62194675,0.60310876
0.62359965,0.58441365
0.60421115,0.5627021
0.5697618,0.5462663
0.54124373,0.50709337
0.4830432,0.45318827
0.42515644,0.39789033
0.3707887,0.35577697
0.32907993,0.3207913
0.2988776,0.28911716
0.27729225,0.2697705
0.2673074,0.26215595
0.2599781,0.28024483
0.25480396,0.29897788
0.26384205,0.33318204
0.28609994,0.3717526
0.31795427,0.40185937
0.3458043,0.43359652
0.3686514,0.45585257
0.3979131,0.49048963
0.44041502,0.5168171
0.44894922,0.5353591
0.4301678,0.54023814
0.41716594,0.54518795
0.43636486,0.56097794
0.43381807,0.5438218
0.4317169,0.52492803
0.416767,0.50387585
0.40444288,0.4701953
0.37815496,0.42248085
0.34126827,0.37185377
0.30145386,0.30632332
0.26892886,0.28794113
0.24501315,0.2671122
0.23080532,0.2588219
0.23013431,0.2500597
0.23799689,0.26956162
0.26718232,0.28189912
0.31744057,0.3214165
0.3579652,0.3690958
0.40176094,0.40760797
0.44735262,0.44744205
0.49603525,0.48929572
0.54223174,0.5316787
0.5824852,0.55748093
0.6193342,0.5798613
0.658718,0.5929956
0.68574417,0.59217495
0.6961421,0.60535717
0.6810056,0.5883057
0.6606276,0.5703339
0.6273598,0.551358
0.5978344,0.5181448
0.54020005,0.46736318
0.47612548,0.4112341
0.41894197,0.41511434
0.3728785,0.37550133
0.3404962,0.34535432
0.31553233,0.32127416
0.303608,0.31707707
0.3050731,0.33749357
0.3277694,0.36091146
0.3789076,0.4035877
0.42847943,0.45086217
0.47773653,0.49093166
0.52818877,0.53430974
0.56422037,0.57145894
0.5933569,0.6129427
0.62401915,0.6419606
0.64787555,0.6631943
0.6724578,0.66553706
0.69804543,0.67036414
0.7111525,0.68669486
0.70630187,0.66471887
0.67893285,0.64200217
0.6378632,0.62153584
0.5962718,0.5789644
0.5362758,0.5215177
0.46775204,0.4582669
0.4133451,0.40852287
0.36912128,0.36523703
0.33729264,0.3331891
0.31625643,0.3092996
0.310419,0.30245566
0.32023385,0.318245
0.34049043,0.33529928
0.37663952,0.37221664
0.40718415,0.41182497
0.43067038,0.44770613
0.45275477,0.48422801
0.48130387,0.5177561
0.52398324,0.55292344
0.5632526,0.56849563
0.6085942,0.5880698
0.6493982,0.58395517
0.65551865,0.5886839
0.6249203,0.5912273
0.5940977,0.5686886
0.5777663,0.5487595
0.55565125,0.53087455
0.52814084,0.49948186
0.4825502,0.45244995
0.42878017,0.39924553
0.38374367,0.37963566
0.3532105,0.3445434
0.31667432,0.32087383
0.2960662,0.30405098
0.28780395,0.29830897
0.2835708,0.3212027
0.2813013,0.33685657
0.29887676,0.37174535
0.3351931,0.40874535
0.37630785,0.44159085
0.43224862,0.46889547
0.46781364,0.49411082
0.5079989,0.52140844
0.5276719,0.53566015
0.5301751,0.54704475
0.51700443,0.5315923
0.52226347,0.5190756
0.49843433,0.5133705
0.48289135,0.48440537
0.46403036,0.47024933
0.45752993,0.46260738
0.44715232,0.43527305
0.41484892,0.39697748
0.37899512,0.34669772
0.34321263,0.33755755
0.31550473,0.31296253
0.28247845,0.29025587
0.26568866,0.27900448
0.25598383,0.272041
0.24928302,0.29053342
0.24329479,0.3059445
0.26036033,0.33929896
0.28312767,0.378457
0.31582788,0.40480903
0.3589134,0.4315826
0.3898205,0.4543556
0.4182373,0.47155604
0.42329726,0.47733155
0.43012968,0.48038185
0.43922138,0.46874702
0.4474552,0.45425022
0.4460499,0.4548303
0.42977893,0.4378083
0.4080787,0.42671293
0.39298204,0.4190243
0.3775991,0.39596123
0.35079023,0.36132216
0.31791934,0.31788018
0.29013267,0.271741
0.25740144,0.2457264
0.23803253,0.22149077
0.22738118,0.20774566
0.22791089,0.19986701
0.24287157,0.20981525
0.26505402,0.22318757
0.29776558,0.25112015
0.32529226,0.28815886
0.3645092,0.3106057
0.38416985,0.33696908
0.38868374,0.35707414
0.40389234,0.38837656
0.4108259,0.40489775
0.45391876,0.42777988
0.49064803,0.44170517
0.53754264,0.45625436
0.56600887,0.48479638
0.5771909,0.4746127
0.55305165,0.46326843
0.5162737,0.45028067
0.47652373,0.4211393
0.41829842,0.38103074
0.35387015,0.33382374
0.29445904,0.30056843
0.25354782,0.26011628
0.22420128,0.2284642
0.20291692,0.20911846
0.19591618,0.20140688
0.19633052,0.20945527
0.21943368,0.2250591
0.25704563,0.25903207
0.28633305,0.29182085
0.3140645,0.3230664
0.34641019,0.3627543
0.3879138,0.40096253
0.4337561,0.4380419
0.4792193,0.46325824
0.5229585,0.50036514
0.56216174,0.52278465
0.59804255,0.54599386
0.62578386,0.564121
0.62837136,0.5445458
0.60990375,0.52152914
0.57284814,0.5015401
0.53339374,0.46659517
0.4712655,0.41884193
0.4067607,0.36119935
0.34906512,0.34359843
0.3044496,0.30314386
0.27667028,0.27043647
0.25424382,0.24892764
0.24517423,0.24344195
0.24757698,0.26036724
0.27087167,0.2781745
0.31476018,0.31661105
0.35548237,0.35625678
0.3925433,0.39385688
0.43827677,0.4394078
0.48647553,0.48012543
0.5295795,0.5258374
0.57055044,0.55830324
0.605652,0.5941704
0.63409543,0.61178094
0.6681661,0.62984043
0.6831589,0.64870095
0.6572749,0.6265122
0.63646114,0.60163903
0.6132445,0.5765959
0.57707137,0.5348441
0.51360404,0.47682717
0.45051476,0.41601273
0.38975546,0.39263064
0.34533963,0.3518575
0.31371567,0.32027397
0.29257476,0.29518366
0.28105837,0.28718472
0.2879653,0.30018792
0.310606,0.30937704
0.3551429,0.34183472
0.40621382,0.3834777
0.44728237,0.42458808
0.4765037,0.4754366
0.54137677,0.5216924
0.5660437,0.5734706
0.6009718,0.6147909
0.64592856,0.6511978
0.66958266,0.66666466
0.6994961,0.6808697
0.7100599,0.7036396
0.71285117,0.68430376
0.7015878,0.6604331
0.6731903,0.63670313
0.640453,0.59701866
0.5808416,0.53737617
0.52436817,0.47542098
0.46654114,0.4599873
0.42194277,0.41966343
0.37730095,0.3893428
0.34712467,0.3658409
0.3295845,0.36260754
0.3325247,0.38594615
0.34760618,0.40677673
0.37111714,0.45014286
0.37895402,0.49596685
0.43177634,0.53930426
0.47020218,0.58553904
0.49153274,0.6144115
0.53381586,0.6465157
0.58390415,0.66097283
0.6181012,0.67405415
0.62785566,0.65920234
0.6455929,0.65863186
0.63712376,0.6727196
0.60092443,0.65482855
0.5819027,0.6317504
0.56492823,0.61321324
0.5216709,0.5732265
0.4636988,0.5174384
0.39695805,0.45574996
0.35203725,0.34883392
0.3163442,0.31177503
0.28316712,0.2852799
0.26430032,0.26886657
0.25251278,0.2636219
0.24639285,0.28576928
0.24578248,0.30029026
0.26641488,0.33529627
0.3023201,0.37222853
0.33046424,0.4062243
0.3791085,0.4460295
0.4375818,0.4815852
0.49422887,0.51945275
0.53695375,0.5497383
0.5764714,0.57828736
0.5970567,0.5809152
0.59373003,0.58596754
0.5633665,0.5955881
0.5265691,0.5687899
0.5001007,0.5496166
0.4839748,0.53076744
0.4693972,0.4949845
0.4378899,0.4433361
0.40774372,0.38766244
0.3830607,0.35826364
0.35357532,0.32575285
0.33430177,0.2994022
0.32183552,0.28496343
0.312245,0.27373537
0.3085816,0.2852109
0.3005969,0.2847974
0.30392593,0.30910522
0.32234403,0.33874065
0.34481394,0.3613756
0.3725132,0.38571796
0.39360604,0.4015528
0.3827642,0.41714874
0.3784434,0.42218795
0.4078271,0.4265815
0.4113716,0.41217145
0.4152616,0.40141773
0.4211226,0.4183738
0.42080647,0.39961687
0.4189769,0.39639574
0.4245072,0.39569336
0.42478782,0.37314087
0.39107025,0.34845388
0.350211,0.30492708
0.3106136,0.31476405
0.27818915,0.29166877
0.26008293,0.26925188
0.25155774,0.25670242
0.2542014,0.2503525
0.26897612,0.26465088
0.29340297,0.28128108
0.33264372,0.31480277
0.37059468,0.35701412
0.40414664,0.39074212
0.44297993,0.43059126
0.48688772,0.46696645
0.5281259,0.5082072
0.5662094,0.5356536
0.60116595,0.55978185
0.63245064,0.5764932
0.6557244,0.58269966
0.666249,0.60458827
0.6475601,0.5881277
0.6261881,0.573348
0.602536,0.5550103
0.57208985,0.5186892
0.5128507,0.46761328
0.451028,0.41142043
0.3938415,0.39313683
0.3482779,0.35447004
0.32103422,0.32523984
0.29693407,0.30307025
0.28908098,0.29716003
0.2958359,0.3158294
0.31805462,0.33220682
0.35565946,0.36828363
0.39224362,0.40789464
0.433067,0.44458473
0.49011394,0.48433435
0.5150739,0.5169772
0.48012686,0.5568174
0.49411303,0.58199716
0.5385771,0.6066743
0.5543089,0.60831404
0.5725659,0.61551714
0.5927342,0.62917626
0.5911312,0.60910696
0.5730695,0.5893164
0.5487582,0.5714974
0.51836246,0.5361296
0.46213895,0.48312518
0.40042958,0.4254383
0.34125975,0.34878597
0.3001828,0.31081307
0.26956755,0.28181046
0.25411624,0.26261234
0.24522138,0.2580053
0.25680128,0.27459568
0.28335273,0.2959259
0.3180668,0.32631886
0.34036392,0.35435885
0.36647758,0.3791849
0.38469836,0.40822443
0.39356363,0.41826683
0.39027452,0.43832842
0.38741192,0.4442576
0.41189325,0.45884413
0.4319403,0.45427054
0.47404954,0.4642781
0.5112139,0.48523566
0.51978964,0.47001722
0.5068669,0.4590829
0.49392292,0.44958276
0.46795967,0.41761404
0.41950685,0.37414753
0.36196762,0.32424262
0.3170576,0.31022575
0.2796295,0.27714115
0.26009122,0.24983701
0.24268833,0.2353756
0.23742253,0.23216431
0.24137366,0.24797754
0.2663315,0.27366433
0.30515686,0.31796545
0.3381476,0.35574916
0.3706308,0.38810688
0.40768176,0.42261288
0.44735238,0.45258284
0.47065204,0.4773652
0.5117437,0.48518816
0.5501809,0.5032552
0.5606593,0.50905406
0.5738159,0.5151748
0.5687859,0.52045524
0.5513776,0.49618286
0.5308153,0.4740812
0.5044025,0.4583999
0.47368222,0.42553008
0.4255594,0.37898538
0.3723937,0.32630575
0.37029517,0.3163234
0.36819667,0.2791819
0.36609817,0.25282955
0.36399966,0.23345335
0.36190113,0.22481558
0.35980263,0.24001351
0.35770413,0.25673473
0.35560563,0.286983
0.35350713,0.31987554
0.3514086,0.3427394
0.3493101,0.36858937
0.3472116,0.38937294
0.3451131,0.42530257
0.34301457,0.44837645
0.34091607,0.47352582
0.33881757,0.48727554
0.33671907,0.49749732
0.33462054,0.5215111
0.33252203,0.50334424
0.33042353,0.4897612
0.32832503,0.4756419
0.3262265,0.4440626
0.324128,0.400094
0.3220295,0.34859473
0.319931,0.27826098
0.3178325,0.26125172
0.31573397,0.23830032
0.31363547,0.22435518
0.31153697,0.21134025
0.30943847,0.20764638
0.30733994,0.20449908
0.30524144,0.22070922
0.30314294,0.25368723
0.30104443,0.2758693
0.2989459,0.30270746
0.2968474,0.32895404
0.2947489,0.3564511
0.2926504,0.36714616
0.2905519,0.3853861
0.28845337,0.40678734
0.28635487,0.41546148
0.28425637,0.44426295
0.28215787,0.43249974
0.28005934,0.42865145
0.27796084,0.41787738
0.27586234,0.39712358
0.27376384,0.3666903
0.2716653,0.32653105
0.2695668,0.2279581
0.2674683,0.21718004
0.2653698,0.196182
0.26327127,0.18564983
0.26117277,0.17391552
0.25907427,0.16733399
0.25697577,0.15720232
0.25487727,0.16806814
0.25277874,0.20150934
0.25068024,0.22497986
0.24858174,0.2610359
0.24648322,0.30601537
0.24438472,0.34163624
0.2422862,0.36900502
0.2401877,0.3975159
0.23808919,0.43168002
0.23599069,0.44472826
0.23389217,0.47378755
0.23179367,0.46053174
0.22969517,0.45350733
0.22759666,0.43437064
0.22549815,0.41292286
0.22339964,0.3792177
0.22130114,0.33867106
0.21920262,0.19927864
0.21710412,0.19462007
0.2150056,0.17851792
0.2129071,0.17327167
0.21080859,0.16241938
0.20871009,0.15783186
0.20661157,0.14839254
0.20451307,0.143897
0.20241456,0.15957887
0.20031606,0.1623096
0.19821756,0.18395725
0.19611904,0.20488274
0.19402054,0.22441487
0.19192202,0.24114735
0.18982352,0.26292893
0.18772501,0.28129938
0.1856265,0.2976576
0.18352799,0.32213694
0.18142949,0.3189632
0.17933097,0.31942418
0.17723247,0.30371794
0.17513396,0.28842795
0.17303546,0.26718637
0.17093694,0.23863754
0.16883844,0.16356288
0.14333513,0.15858138
0.12617342,0.1443733
0.1127989,0.13636893
0.10535931,0.123988785
0.105949424,0.11840714
0.10391588,0.10957066
0.10221257,0.10388914
0.10650282,0.112368986
0.11042374,0.10360862
0.11730793,0.11052738
0.13104893,0.12236071
0.15716119,0.13545302
0.18135656,0.15316273
0.22051737,0.16898257
0.2706074,0.19738546
0.31056395,0.2201839
0.342528,0.24279721
0.3469655,0.25121036
0.33761364,0.25481817
0.3226173,0.24711332
0.29540902,0.23876522
0.26604378,0.22223441
0.2365762,0.19687432
0.215359,0.1988227
0.18988554,0.17683613
0.16325496,0.15260415
0.15001298,0.13837773
0.14060937,0.12932351
0.13865873,0.12484962
0.13317001,0.12227852
0.13628477,0.14265639
0.1444135,0.17789583
0.16883299,0.2064111
0.21582665,0.24438818
0.26496375,0.28788704
0.31585938,0.33676204
0.36276704,0.36384478
0.4060287,0.4083165
0.45012173,0.44578958
0.4920441,0.48132062
0.5224757,0.5073414
0.52237076,0.50752467
0.50135756,0.49328485
0.47891557,0.47104323
0.44349885,0.44067192
0.3981371,0.39892125
0.35535562,0.34862587
0.31410265,0.3000234
0.2760779,0.26754388
0.24840756,0.23551026
0.23130767,0.21633719
0.22313878,0.20720232
0.22274482,0.21339595
0.22206716,0.21360366
0.22952916,0.2442527
0.24327928,0.2856413
0.27764997,0.32804728
0.30486465,0.38031653
0.34862638,0.43219775
0.3936277,0.48794416
0.45863602,0.5293778
0.51656675,0.58005714
0.554311,0.60943484
0.59409404,0.6379174
0.6196422,0.66167593
0.6222262,0.64730346
0.60990363,0.618709
0.5907301,0.5917175
0.5449568,0.5523277
0.48900986,0.49489522
0.42742592,0.43551257
0.37784213,0.3665647
0.3378241,0.33062893
0.31009915,0.29883587
0.29272684,0.28039464
0.28624102,0.27875367
0.30031344,0.30266628
0.3303073,0.32192248
0.36276442,0.36236066
0.39340052,0.40040606
0.438252,0.441981
0.48581207,0.4904271
0.5387478,0.5267675
0.5923857,0.5690726
0.647404,0.5957693
0.68942666,0.62817025
0.72136253,0.6329152
0.7380403,0.64894605
0.74548006,0.6643294
0.7321995,0.6416175
0.7160743,0.61438835
0.6880439,0.590512
0.6317132,0.54479295
0.5621313,0.48003316
0.49632806,0.41920182
0.43558547,0.42361513
0.39328113,0.38156995
0.36029452,0.3462172
0.33785728,0.3225155
0.3288443,0.3180153
0.33816797,0.33778244
0.36606255,0.3598696
0.3987857,0.4060006
0.43523747,0.460327
0.47704703,0.5067252
0.51807815,0.56296307
0.5707061,0.60872823
0.61380225,0.6564361
0.6642682,0.69072306
0.70605725,0.72088987
0.74214226,0.73160195
0.77459633,0.747392
0.784573,0.7672149
0.7675443,0.74361575
0.7389542,0.7136864
0.7012567,0.6821976
0.64239323,0.6349435
0.56814975,0.56997913
0.49805114,0.5028029
0.438858,0.42340776
0.39174482,0.37824208
0.3582702,0.34284297
0.3359321,0.31517285
0.32580313,0.3082512
0.34027484,0.32539856
0.36619556,0.3420123
0.40474316,0.3838846
0.43487203,0.42488927
0.4926304,0.4676335
0.55048305,0.5172937
0.6079366,0.56174254
0.66435075,0.6090912
0.7181979,0.643587
0.753871,0.67561764
0.784162,0.68994415
0.8003962,0.70872104
0.7953902,0.72918355
0.76016426,0.71050274
0.7276209,0.68117154
0.6577799,0.6521303
0.58927727,0.61036426
0.518913,0.54605794
0.44900712,0.48140565
0.39466497,0.38261092
0.3484204,0.34146348
0.32052714,0.30884078
0.30164173,0.2868443
0.29109058,0.2799097
0.30345437,0.3005271
0.33309773,0.32175928
0.36218995,0.3616683
0.38904062,0.39668855
0.41879982,0.43244815
0.4604207,0.46969292
0.5191359,0.5069693
0.5860013,0.5443833
0.6571819,0.5678742
0.7200205,0.59404534
0.6373835,0.5997468
0.57578135,0.6144773
0.53453094,0.61450744
0.50088304,0.5956473
0.48669145,0.5732121
0.46431616,0.54794323
0.42851743,0.5176762
0.38695624,0.46525082
0.34563777,0.40952402
0.30686834,0.30425784
0.27639794,0.28446233
0.25038034,0.26496103
0.23696294,0.2577349
0.23308513,0.24770862
0.23860845,0.26877236
0.24755152,0.28748313
0.25779164,0.3358462
0.28173733,0.36078358
0.31218496,0.37663013
0.35357913,0.381391
0.3969718,0.40198094
0.44108936,0.41691926
0.48039857,0.420658
0.5327045,0.44049814
0.51143986,0.43482864
0.4348012,0.4292909
0.40137538,0.43727744
0.3876236,0.41377923
0.39177716,0.41694224
0.38324392,0.4133541
0.3638198,0.38723665
0.33593082,0.35161546
0.3044932,0.30795294
0.26445657,0.2683396
0.23654173,0.2489132
0.21364906,0.226052
0.19976355,0.21986346
0.19210245,0.21143368
0.19073057,0.23021053
0.19336122,0.24476604
0.19542912,0.2801354
0.22337072,0.30150586
0.25635946,0.31741893
0.26734933,0.32577422
0.25899354,0.3324986
0.26356497,0.34416512
0.28027812,0.34197333
0.30297643,0.35341763
0.34180236,0.34587786
0.38418773,0.34767306
0.41145748,0.36560288
0.40661383,0.35461408
0.40593985,0.3607108
0.39227927,0.36073434
0.36726126,0.33754432
0.33812308,0.3044992
0.2884232,0.26245308
0.2535113,0.24451469
0.22885363,0.21749786
0.21203826,0.1954085
0.20450427,0.18448302
0.20918089,0.18128873
0.23403865,0.19404872
0.27712122,0.21775296
0.30593103,0.25533628
0.32728565,0.28777885
0.35827222,0.31243974
0.3785236,0.33673468
0.39892656,0.35808235
0.42318317,0.3785716
0.45610818,0.38348106
0.4896084,0.406438
0.5187919,0.41100308
0.55067563,0.4236555
0.5300918,0.43440863
0.47827476,0.42240703
0.4713611,0.41034338
0.4546791,0.39735478
0.41360652,0.36849582
0.36660647,0.32855588
0.32069355,0.27960855
0.31880215,0.27845073
0.31691077,0.24749357
0.31501937,0.22026885
0.313128,0.20352468
0.3112366,0.19323573
0.30934522,0.20363343
0.3074538,0.21121089
0.3055624,0.23224397
0.30367103,0.25703847
0.30177963,0.27647245
0.29988825,0.29996392
0.29799685,0.32184792
0.29610547,0.354127
0.29421407,0.37951458
0.29232267,0.40532574
0.2904313,0.42052668
0.2885399,0.43187326
0.2866485,0.452884
0.2847571,0.43749896
0.28286573,0.42502913
0.28097433,0.4150692
0.27908295,0.3884899
0.27719155,0.35194936
0.27530015,0.3064197
0.27340877,0.23378834
0.27151737,0.22045705
0.269626,0.20062758
0.2677346,0.1892063
0.2658432,0.17808244
0.2639518,0.17385764
0.2620604,0.17152222
0.26016903,0.17927055
0.25827762,0.2017332
0.25638625,0.21568836
0.25449485,0.23358127
0.25260347,0.2550738
0.25071207,0.27409804
0.24882068,0.2799977
0.24692929,0.2938894
0.2450379,0.31158257
0.2431465,0.3205819
0.2412551,0.3450119
0.23936372,0.33634365
0.23747233,0.33954108
0.23558094,0.32836238
0.23368955,0.3116851
0.23179816,0.2886972
0.22990677,0.25681496
0.22801536,0.1878509
0.22612397,0.17802924
0.22423258,0.15704647
0.2223412,0.1480073
0.2204498,0.13625334
0.21855842,0.13093679
0.21666703,0.12522212
0.21477562,0.12709793
0.21288423,0.14049718
0.21099284,0.14036772
0.20910145,0.15114346
0.20721006,0.16575162
0.20531867,0.1750331
0.20342728,0.18067168
0.20153588,0.18812467
0.19964449,0.20473035
0.1977531,0.21435894
0.19586171,0.23600781
0.19397032,0.23263063
0.19207893,0.23969111
0.19018754,0.23585139
0.18829615,0.22452958
0.18640475,0.20871946
0.18451336,0.18310797
0.18262197,0.14679249
0.18073058,0.13732843
0.17883919,0.11725338
0.1769478,0.10596348
0.17505641,0.09498429
0.17316501,0.08854044
0.17127362,0.08202215
0.16938223,0.082952544
0.16749084,0.087796405
0.16559945,0.07684944
0.16370806,0.07719707
0.16181667,0.08863379
0.15992528,0.09877946
0.15803388,0.10576139
0.15614249,0.114979506
0.1542511,0.13912027
0.15235971,0.15849979
0.15046832,0.18114068
0.14857693,0.19352761
0.14668554,0.20015588
0.14479414,0.20477147
0.14290275,0.19900881
0.14101136,0.18147212
0.13911997,0.15842779
0.13722858,0.13604048
0.11491157,0.12348521
0.09767701,0.11492829
0.08586934,0.10641377
0.08018138,0.096071355
0.08117731,0.096271425
0.081952326,0.09963134
0.07811941,0.10133065
0.0746486,0.110424265
0.07650932,0.10509844
0.083090276,0.114318244
0.09467892,0.13716672
0.13183485,0.15092012
0.16228083,0.16305012
0.20827132,0.17325902
0.23493792,0.19197543
0.25080025,0.2033453
0.2628017,0.21061903
0.2674789,0.22075842
0.28173152,0.22774148
0.27540025,0.22735728
0.25734672,0.21787864
0.23199587,0.20150542
0.20004332,0.17440563
0.17161207,0.16212052
0.15472622,0.14415722
0.14010845,0.12804952
0.13416238,0.118201345
0.13836297,0.11382779
0.16200721,0.12314131
0.20397396,0.1496131
0.23865144,0.17618762
0.2615883,0.19713074
0.2709244,0.20543845
0.2835951,0.21568452
0.2849596,0.22000982
0.28054854,0.23360288
0.28950858,0.22848742
0.29083616,0.2360242
0.29146075,0.23999994
0.28976986,0.2540471
0.28026497,0.2738065
0.278463,0.2805624
0.2878403,0.28753802
0.27910453,0.2808783
0.24783757,0.25750738
0.21221334,0.22783022
0.17357786,0.18943012
0.14288668,0.14274825
0.12107759,0.12481192
0.106929004,0.10859123
0.09940045,0.10158928
0.10143483,0.09936761
0.12103175,0.11519117
0.15596744,0.14668013
0.1780312,0.17476802
0.17330885,0.18778391
0.16553606,0.18856043
0.16404632,0.19238365
0.16587909,0.19592895
0.17932907,0.2000419
0.20438522,0.20749384
0.21878552,0.22321099
0.23604745,0.2365293
0.25970376,0.25347567
0.27956152,0.27271187
0.27985692,0.27276248
0.28469974,0.27412125
0.26760057,0.26255897
0.2383539,0.23761342
0.19913256,0.20577684
0.16107796,0.1701741
0.13138734,0.12827224
0.112596236,0.11462858
0.09864403,0.09876637
0.09083535,0.09318503
0.093846224,0.093233876
0.11285706,0.109453104
0.14756402,0.14065133
0.16833621,0.16464004
0.16655734,0.17661183
0.16167554,0.18059391
0.1606146,0.18639617
0.15886094,0.19382629
0.16769871,0.20153733
0.189249,0.20956707
0.21118969,0.22801363
0.23915721,0.24878433
0.27004147,0.2686336
0.29393327,0.28454208
0.29377514,0.27950582
0.29512426,0.27820703
0.27451319,0.2640685
0.24584241,0.23573369
0.21041253,0.20087788
0.16811389,0.16525017
0.13663763,0.13481842
0.11501249,0.11801538
0.1000819,0.100798056
0.09317829,0.09231228
0.095992535,0.09003793
0.11456416,0.102782875
0.14815734,0.13034523
0.16996951,0.15368079
0.16689338,0.16170752
0.15416797,0.15992983
0.14939076,0.16303399
0.15201573,0.16956091
0.15677279,0.17118938
0.1733656,0.17708933
0.19843845,0.19415607
0.22633113,0.21299516
0.25424144,0.23317312
0.27627513,0.24860609
0.273895,0.24801078
0.27858123,0.2466082
0.26261833,0.23458129
0.23280358,0.2090712
0.19807588,0.17895605
0.16177812,0.14723277
0.1337336,0.13229024
0.11069938,0.11640674
0.0976211,0.10479069
0.090380736,0.09841307
0.09459897,0.09878034
0.11343865,0.11177238
0.14645392,0.1489598
0.16843015,0.17506815
0.16848214,0.19105686
0.17134069,0.19121644
0.18293065,0.1989737
0.17592102,0.20749478
0.18476236,0.21027274
0.18808594,0.21602121
0.21113911,0.22986948
0.2194512,0.24351415
0.23042025,0.25460094
0.23308347,0.2665854
0.23564388,0.26262122
0.24563311,0.26403213
0.23228097,0.24972542
0.21162523,0.22337021
0.18513772,0.19379188
0.15493172,0.1593365
0.13943234,0.12908357
0.108729795,0.11057893
0.09570352,0.10010862
0.08713344,0.0981116
0.08358172,0.09049066
0.08846754,0.109409
0.10188304,0.13436212
0.11150271,0.15473928
0.13057123,0.16972144
0.14823149,0.17281179
0.16149965,0.18481936
0.16540696,0.19450079
0.16645204,0.20004486
0.16606684,0.19964989
0.15873918,0.19802472
0.16474399,0.20221215
0.16752672,0.2075984
0.1727223,0.21979153
0.18374369,0.2260414
0.19451883,0.2330161
0.18505622,0.22608732
0.17084877,0.20737876
0.15162082,0.18252227
0.12969528,0.1491484
0.109330334,0.117709756
0.09515249,0.10189197
0.08498216,0.09035364
0.078007475,0.08837416
0.0752733,0.081127666
0.07699698,0.09552485
0.08771953,0.10746158
0.090739876,0.11916526
0.107638635,0.12750912
0.12774076,0.13553837
0.14412366,0.15333396
0.15424377,0.17362888
0.16776577,0.18059732
0.17664725,0.18103439
0.1800131,0.18794583
0.18017372,0.18725815
0.18701622,0.18852825
0.19510326,0.19793876
0.20741825,0.20568551
0.2132673,0.21621767
0.20205922,0.21601813
0.18593146,0.20052706
0.165657,0.17885782
0.13893746,0.14476639
0.11693363,0.1212104
0.10166367,0.104176104
0.0918263,0.09176287
0.08795892,0.09001593
0.090114936,0.07977356
0.11086864,0.095826454
0.14996785,0.10573733
0.18034086,0.114174575
0.20406257,0.123704
0.2162193,0.12839171
0.22280097,0.14757918
0.22591513,0.16711922
0.23015243,0.17641644
0.2283828,0.17502339
0.2265492,0.17102447
0.22346866,0.17382503
0.226017,0.17377537
0.23117134,0.1823218
0.24068937,0.19095597
0.24391654,0.20030165
0.22636713,0.1999128
0.20158885,0.18722472
0.17170753,0.16508657
0.13900828,0.13467652
0.11560628,0.116487786
0.09743928,0.10069841
0.09032365,0.091080286
0.08618892,0.091602094
0.088448465,0.08873044
0.11017038,0.11345279
0.1538472,0.14630933
0.18480666,0.17434804
0.20139104,0.18657923
0.211774,0.18800828
0.22244194,0.19935204
0.22123103,0.20316778
0.21753754,0.20510896
0.22247961,0.20897838
0.21984789,0.21140665
0.21839653,0.21343878
0.22104767,0.21628393
0.2226741,0.22527544
0.22764651,0.23164935
0.23846892,0.23695955
0.22509746,0.22874498
0.20122142,0.20777878
0.17206205,0.17947286
0.13743633,0.14378697
0.11369545,0.11122829
0.09641173,0.101386495
0.08730862,0.08854638
0.082845084,0.08695568
0.08318113,0.08434128
0.107932866,0.10459728
0.14782308,0.1342236
0.17074382,0.15961815
0.16653755,0.16619608
0.15354066,0.16140483
0.13774289,0.16154863
0.12522037,0.15684219
0.121667475,0.15778337
0.13103591,0.15864044
0.14033231,0.16374964
0.15748976,0.17050037
0.18624026,0.1847311
0.20749962,0.20514265
0.22277834,0.21794356
0.23873281,0.22398716
0.22796242,0.22264452
0.20331313,0.20204651
0.17760183,0.17473842
0.13794509,0.14387709
0.11141328,0.117158875
0.096992016,0.10576309
0.08497907,0.09944042
0.08081521,0.09663835
0.08231301,0.09657078
0.10516304,0.118508406
0.1471234,0.15640967
0.1725612,0.18316145
0.18365556,0.19783965
0.19451942,0.1970705
0.19885445,0.20087893
0.20298159,0.20264743
0.2087642,0.20884134
0.21272184,0.21122101
0.20756051,0.2132889
0.20626183,0.21920688
0.20875365,0.22442894
0.21875235,0.2343642
0.22928573,0.2400404
0.23808265,0.24868885
0.22542973,0.23936953
0.20510896,0.21517535
0.1749482,0.18618727
0.14485805,0.15179074
0.14396867,0.11880247
0.1430793,0.10493173
0.1421899,0.09441355
0.14130053,0.0928973
0.14041115,0.08777792
0.13952178,0.108494386
0.1386324,0.13682683
0.13774303,0.16208377
0.13685365,0.17452814
0.13596427,0.17717478
0.13507488,0.18562403
0.13418551,0.19179666
0.13329613,0.19811733
0.13240676,0.1997356
0.13151738,0.2040962
0.130628,0.20907204
0.12973863,0.21515252
0.12884924,0.22937341
0.12795986,0.23576322
0.12707049,0.2439205
0.12618111,0.23783614
0.12529173,0.2183356
0.12440235,0.19092903
0.123512976,0.15684028
0.1226236,0.12060781
0.10517144,0.10959116
0.09342147,0.095998004
0.08499542,0.089249544
0.083494425,0.08067709
0.08756033,0.08510278
0.103630535,0.08640975
0.11305369,0.08806497
0.12484773,0.09210847
0.14240068,0.09744715
0.14643544,0.113010444
0.15023413,0.1319382
0.1445033,0.14083643
0.1296504,0.14714265
0.111308806,0.15030885
0.12085479,0.15520817
0.15052575,0.16392852
0.16824998,0.17601354
0.18536018,0.19361131
0.20262268,0.20725036
0.19495283,0.21709941
0.18039688,0.20541005
0.16148189,0.18584962
0.13737853,0.15530571
0.11567522,0.11220415
0.096945226,0.10071501
0.082356356,0.08703679
0.07354808,0.081937075
0.070016496,0.07938685
0.07288997,0.0904557
0.07937474,0.105353154
0.07662268,0.116952166
0.07956201,0.12253888
0.07159496,0.120927505
0.06236701,0.12149434
0.06445552,0.1367052
0.07451463,0.15239136
0.0930031,0.16696474
0.118601516,0.18437928
0.15309599,0.20894209
0.19414204,0.23139085
0.23261051,0.25301707
0.24745901,0.25662467
0.25756478,0.26318547
0.24588363,0.26008955
0.22410889,0.23831953
0.1969024,0.20553131
0.16029443,0.1681973
0.13191812,0.12721498
0.11280755,0.11014975
0.09919281,0.08972278
0.09488977,0.08125884
0.095474675,0.079416916
0.12014338,0.079573214
0.15868741,0.09589282
0.18450153,0.11410144
0.1911808,0.13071218
0.1914723,0.1307629
0.19059707,0.14141682
0.20050694,0.15536387
0.21497048,0.17438044
0.240262,0.19107977
0.2769208,0.21468443
0.30649012,0.23535638
0.3308531,0.26360434
0.33698052,0.28850406
0.33803424,0.29228806
0.33310625,0.29418924
0.31117103,0.2787273
0.27444282,0.24729371
0.22894982,0.21281452
0.19166964,0.17130485
0.15356067,0.1555926
0.12665409,0.13455805
0.111773364,0.116130784
0.103191674,0.107581645
0.10208417,0.10459316
0.12007231,0.11551028
0.16059054,0.13645144
0.18036503,0.1574374
0.18355037,0.16760823
0.1791553,0.17314458
0.1902101,0.17910191
0.20103736,0.19137731
0.22309093,0.20677824
0.2550334,0.21755335
0.28844157,0.24345884
0.33208463,0.26900733
0.37220535,0.29487562
0.38598722,0.31035677
0.3840398,0.30842134
0.37311196,0.30598557
0.34710607,0.28824955
0.3117435,0.2634914
0.26829267,0.22883204
0.21794666,0.19455032
0.18144292,0.17773826
0.15527914,0.1539725
0.13774596,0.13217315
0.12802148,0.12156555
0.12325754,0.11840931
0.14385952,0.13066599
0.17932314,0.15273353
0.20755517,0.176371
0.211731,0.19159548
0.22061272,0.2014086
0.23429142,0.2132578
0.25800377,0.22446573
0.2895813,0.2433905
0.3303426,0.25456202
0.36669827,0.28114957
0.4030466,0.30284292
0.43611646,0.32864344
0.43968228,0.3430493
0.41867155,0.33633643
0.40801686,0.32865474
0.3671485,0.31298608
0.32414922,0.2844718
0.27820715,0.24888416
0.22701529,0.21064493
0.19130494,0.18275623
0.15420622,0.15376893
0.13338287,0.13003744
0.123837,0.11728484
0.121457815,0.11299154
0.13875018,0.124257
0.17286408,0.13818821
0.19334096,0.15931915
0.19643523,0.16895519
0.1960345,0.17446336
0.2012983,0.18095472
0.21758562,0.19197653
0.24466549,0.20638508
0.27293578,0.21939851
0.30003732,0.24538267
0.33004126,0.26482707
0.35612413,0.28783542
0.35519075,0.29981348
0.34453443,0.29658616
0.33895448,0.29222888
0.316698,0.2791616
0.28464633,0.25805855
0.24514759,0.22742222
0.21004902,0.19366363
0.20775121,0.1780022
0.20545343,0.15499423
0.20315562,0.13684262
0.20085783,0.12864248
0.19856003,0.124410346
0.19626223,0.1355068
0.19396444,0.1542767
0.19166663,0.17418005
0.18936884,0.19614352
0.18707104,0.21091971
0.18477324,0.2292784
0.18247545,0.24610528
0.18017764,0.26374933
0.17787986,0.2718631
0.17558205,0.2946965
0.17328425,0.30575275
0.17098646,0.3175928
0.16868865,0.3258295
0.16639087,0.31719825
0.16409306,0.31295443
0.16179526,0.29753992
0.15949747,0.27509493
0.15719967,0.246306
0.15490188,0.20789924
0.15260407,0.14592333
0.15030627,0.13931991
0.14800848,0.12915902
0.14571068,0.12467991
0.14341289,0.11637635
0.14111508,0.12019979
0.13881728,0.12085211
0.13651949,0.11115579
0.13422169,0.1164774
0.1319239,0.11475386
0.1296261,0.13317828
0.1273283,0.14676498
0.1250305,0.15145588
0.12273271,0.14925614
0.12043491,0.13222496
0.11813711,0.12817532
0.11583931,0.12286697
0.11354151,0.12286897
0.11124372,0.13746527
0.10894592,0.15222195
0.10664812,0.15496705
0.10435032,0.15203524
0.102052525,0.14333785
0.09975473,0.12451589
0.09745693,0.104309514
0.080397554,0.09654569
0.07166911,0.084031925
0.061318967,0.078250274
0.059358384,0.068844035
0.06427843,0.07534006
0.073140845,0.078632005
0.07193929,0.07692896
0.06494851,0.07803127
0.04972498,0.074644685
0.04092961,0.08258814
0.07237661,0.09526491
0.09378226,0.10225873
0.08949319,0.11313044
0.089840375,0.10836139
0.09504292,0.11899696
0.11246843,0.12533778
0.13737297,0.13808566
0.16568744,0.15922166
0.17849731,0.17215478
0.17166394,0.18780257
0.15442511,0.17807454
0.13707839,0.15790023
0.11171319,0.13008878
0.09535374,0.08931741
0.07595782,0.083919585
0.066964045,0.07504664
0.06490586,0.074657135
0.07188587,0.07414633
0.09622221,0.09644697
0.13296936,0.13040273
0.15469696,0.16159023
0.15849695,0.17707972
0.1401364,0.16671422
0.12233885,0.16333717
0.114312924,0.16133179
0.11814975,0.16214414
0.12372317,0.16609286
0.14292565,0.17033213
0.16420124,0.18019918
0.18566494,0.19260441
0.19579145,0.20842439
0.22109126,0.22449234
0.22781743,0.23067111
0.21548858,0.22490981
0.1922119,0.202024
0.16366397,0.17273457
0.13289534,0.13977169
0.11266932,0.108468816
0.09272225,0.09910897
0.083005466,0.08933519
0.079206064,0.08664199
0.08494626,0.08691907
0.106853075,0.10557722
0.15022749,0.1352003
0.17414522,0.16214694
0.18106045,0.17426151
0.17344625,0.16656107
0.14837363,0.16352823
0.15824974,0.15983619
0.13931009,0.16053869
0.13165587,0.16257082
0.15359396,0.16785663
0.18575378,0.17913334
0.19853713,0.19488865
0.20552589,0.21434528
0.22039834,0.2291315
0.23501953,0.235271
0.22227801,0.2284372
0.19362926,0.20820563
0.16483082,0.1805104
0.1332091,0.15198687
0.10858659,0.10867285
0.09708334,0.09992255
0.08321512,0.09135167
0.08010214,0.089629725
0.0840021,0.09252724
0.10748323,0.11072511
0.150492,0.14474073
0.17716606,0.1683576
0.17132565,0.17742585
0.15127921,0.16515109
0.13556091,0.15711334
0.12557158,0.1527837
0.12355355,0.1489876
0.13037163,0.15507337
0.14298476,0.16078994
0.16259791,0.17803144
0.19626324,0.1942659
0.22145206,0.21017446
0.23593314,0.22261892
0.23617809,0.22690925
0.21834631,0.21680526
0.19761238,0.19583738
0.16366385,0.1679365
0.13247697,0.13926224
0.11761128,0.10681708
0.09480839,0.0988965
0.08890841,0.08925967
0.082472794,0.08700688
0.08532128,0.091585584
0.11032614,0.10876883
0.15262136,0.14474066
0.18009426,0.16863136
0.17397785,0.17564954
0.15577094,0.16436979
0.14468819,0.15655367
0.13419117,0.15562256
0.13791156,0.1530741
0.14692144,0.16144302
0.1514275,0.1718729
0.1702711,0.19017716
0.20358035,0.20801507
0.22333056,0.22366358
0.23530665,0.23193601
0.23770715,0.23438007
0.21961953,0.22162841
0.19626644,0.19731608
0.16675681,0.16632724
0.13574451,0.13749805
0.108935066,0.11021823
0.09369153,0.09880751
0.083951876,0.08857259
0.080555804,0.08393645
0.0814302,0.08330521
0.103807375,0.09770165
0.14414237,0.1274989
0.16788977,0.14862466
0.16408849,0.15862611
0.14176023,0.1512548
0.1249907,0.14887762
0.11282046,0.14722165
0.10701251,0.14701933
0.11210135,0.15328094
0.12343131,0.16134726
0.14288953,0.17480317
0.17208207,0.19430949
0.1994499,0.21473378
0.21190418,0.22942816
0.2129258,0.23277318
0.19963385,0.22308768
0.18053654,0.20171572
0.15882505,0.1727
0.13216794,0.14383745
0.108394936,0.10732825
0.092239216,0.0972949
0.080626994,0.09084591
0.07308861,0.087589204
0.07298604,0.08851358
0.07726361,0.10489469
0.09300002,0.13554265
0.11060734,0.1562182
0.12615387,0.16514371
0.14715207,0.16375226
0.15799744,0.17186482
0.16476744,0.17501356
0.16805975,0.17667119
0.1718511,0.18306446
0.16839875,0.17869748
0.16176285,0.18637775
0.16882731,0.18654273
0.17744666,0.20171872
0.19242795,0.209895
0.19220017,0.21997908
0.18281054,0.21379964
0.16903614,0.19486788
0.15190403,0.16877334
0.12798204,0.13984822
0.107642666,0.109058544
0.08936811,0.09947124
0.07971244,0.08445507
0.072877176,0.07914589
0.07031665,0.071668275
0.0720209,0.08051639
0.08498002,0.09096974
0.088717826,0.101396844
0.08630678,0.109236345
0.06729085,0.108277164
0.057087347,0.11638668
0.055450846,0.12235777
0.06636931,0.12586536
0.07874944,0.12532133
0.0898534,0.12513939
0.091902226,0.13286042
0.1136489,0.14073104
0.14509992,0.1552064
0.17600903,0.16917174
0.18633561,0.17954895
0.18152204,0.1828079
0.16474742,0.17035665
0.14463027,0.15107572
0.11635334,0.12618092
0.097451836,0.09794238
0.08272959,0.08939959
0.07633437,0.083351314
0.07382383,0.08187346
0.0817127,0.08340578
0.11070187,0.106226854
0.15672138,0.14156742
0.18402062,0.17324089
0.17859219,0.18487094
0.16509709,0.16813941
0.14403163,0.15935919
0.13506995,0.15436067
0.14618835,0.15035082
0.1603829,0.15256745
0.15959261,0.15529954
0.17224671,0.16716182
0.18737891,0.18069549
0.20741683,0.20100236
0.23017648,0.21763787
0.23571578,0.22755817
0.21785806,0.22312535
0.19654562,0.19996355
0.16614549,0.17256822
0.13689846,0.13961595
0.112130485,0.110275045
0.095682904,0.10027168
0.08627965,0.09121151
0.08357841,0.087816164
0.08900293,0.08604569
0.11144265,0.10432688
0.15716854,0.13815774
0.18307373,0.16375697
0.17667922,0.17866215
0.1641226,0.17298357
0.14521837,0.17784265
0.14802705,0.17628007
0.16142337,0.18042979
0.17776872,0.18259358
0.17426664,0.18150553
0.17467079,0.19230962
0.19839771,0.19955738
0.21113887,0.21650626
0.22993448,0.22447993
0.23060301,0.23038065
0.21744052,0.22331469
0.19648154,0.20073323
0.16473523,0.17507334
0.13351068,0.14442366
0.11074048,0.107823804
0.09641126,0.09762061
0.087548964,0.088042945
0.08358444,0.08670169
0.08731964,0.08767719
0.111728586,0.10699273
0.15482275,0.13866897
0.18391462,0.16534975
0.18589178,0.1736913
0.17467624,0.1625301
0.15522145,0.15659124
0.1384659,0.14912747
0.14352773,0.14514627
0.15950437,0.1486908
0.17781729,0.1545188
0.19176558,0.16472088
0.20172046,0.18093064
0.2144813,0.20244765
0.23378292,0.21813895
0.23141724,0.22530553
0.21695736,0.21885733
0.19432504,0.19793452
0.16449654,0.1701311
0.13194998,0.14177854
0.10878748,0.109955326
0.09412754,0.101470925
0.08551411,0.092492506
0.083373845,0.0906468
0.08739568,0.091070466
0.112947084,0.10813237
0.15672186,0.13849588
0.18440156,0.16203052
0.18078849,0.17030282
0.15922233,0.15867135
0.14151469,0.15153459
0.12950256,0.14842705
0.123139806,0.14399171
0.13663681,0.14801897
0.16347148,0.15381615
0.19006394,0.17113234
0.20371622,0.18525808
0.2151311,0.2025767
0.23312493,0.21471636
0.23243175,0.21836478
0.21824373,0.20902926
0.19597079,0.18934773
0.16736813,0.1631332
0.13463251,0.1356306
0.11152723,0.11212999
0.096759856,0.100579344
0.086856976,0.09221878
0.08286865,0.090011865
0.08854512,0.08967535
0.106861725,0.108308695
0.15144835,0.14228654
0.18975917,0.1672052
0.20544831,0.1808678
0.21925671,0.18046106
0.21955271,0.1873325
0.20807292,0.19122256
0.19945487,0.1961398
0.21158732,0.20173757
0.20830888,0.20995629
0.20817669,0.21704821
0.207676,0.22544368
0.21910167,0.23666102
0.23604271,0.24115442
0.23063299,0.24523777
0.21872132,0.23523341
0.19864763,0.21206157
0.17456146,0.18237399
0.14755479,0.1495318
0.123093724,0.12073934
0.10408609,0.106821455
0.092462376,0.0961867
0.08187983,0.09128246
0.08061053,0.08709337
0.08522083,0.10313801
0.101586446,0.12802099
0.1164892,0.1502853
0.1317787,0.1596546
0.14403719,0.1569124
0.14002447,0.16136958
0.1366233,0.16180411
0.1323989,0.16616479
0.11044234,0.16617915
0.11001817,0.16950916
0.11553924,0.17661451
0.1392408,0.18646495
0.15548939,0.20608178
0.1770367,0.21972738
0.1810813,0.22640142
0.17329666,0.22535199
0.16123657,0.20798336
0.14289925,0.18210545
0.122818924,0.15156671
0.10163513,0.09679042
0.08625632,0.08670373
0.07502491,0.078046635
0.06706852,0.07426518
0.06589835,0.069691524
0.0687774,0.080597125
0.082039386,0.09494414
0.085024916,0.10762236
0.083452016,0.1107759
0.07016077,0.10215532
0.06862791,0.10360598
0.07791698,0.107803196
0.07578903,0.11115824
0.06480293,0.11490809
0.063690096,0.11291057
0.07774997,0.12474528
0.109506354,0.13065097
0.14651303,0.14918289
0.18248291,0.16632722
0.19068307,0.17784423
0.18330199,0.1870523
0.16947688,0.1760247
0.14797221,0.1521506
0.1223944,0.12324439
0.10186433,0.10310346
0.08803247,0.09438257
0.080301136,0.085989915
0.07943574,0.08443675
0.08568657,0.08459849
0.11191136,0.10454189
0.15824607,0.13764031
0.18976544,0.16680749
0.18594804,0.18095478
0.16363601,0.1664988
0.13720536,0.15788831
0.12315165,0.15095437
0.11576417,0.14635979
0.11681577,0.14624193
0.12766719,0.14827488
0.14682099,0.15708052
0.1789319,0.17320436
0.21213539,0.19864862
0.23451209,0.2213624
0.23153083,0.23438841
0.21956752,0.22914709
0.19659632,0.206784
0.1701966,0.18159781
0.13854088,0.14957783
0.12394254,0.122789875
0.102318466,0.1142306
0.09497185,0.10797852
0.09262738,0.10640761
0.10022498,0.11056259
0.12534107,0.1309101
0.17416027,0.16785534
0.20465589,0.19668335
0.19908234,0.2023449
0.17366788,0.1837047
0.14725015,0.16668029
0.13565414,0.1548722
0.12727606,0.1417452
0.12959449,0.14235146
0.14240389,0.14816327
0.15673418,0.16359401
0.18759283,0.18046995
0.21268263,0.20476992
0.23325606,0.22339444
0.23265848,0.23276982
0.21990049,0.22184937
0.1988189,0.2007838
0.17122367,0.17300126
0.13724184,0.14629307
0.113631606,0.1160472
0.098157205,0.1082867
0.09029486,0.10149832
0.08679716,0.10001246
0.092690274,0.10334416
0.1160385,0.123436324
0.16328433,0.15930524
0.19354458,0.18290646
0.18514518,0.18794997
0.1644128,0.1753298
0.14695828,0.16059256
0.13909689,0.15580581
0.14941339,0.15418693
0.14644669,0.15713297
0.15684019,0.16538492
0.17825603,0.18630403
0.21006075,0.20508762
0.23106462,0.22282438
0.25062636,0.23450439
0.24553905,0.24208236
0.22814186,0.23031749
0.20327061,0.2086409
0.17285685,0.17765334
0.14131059,0.14955673
0.113926545,0.11273657
0.09801613,0.10289196
0.08546294,0.09042297
0.07928508,0.08779791
0.086248145,0.09039584
0.10512075,0.10807723
0.14773412,0.13933514
0.17950165,0.16247901
0.1771182,0.16663761
0.16392787,0.15662906
0.15200697,0.14380792
0.14586736,0.14200523
0.15194324,0.14330511
0.17027809,0.15296656
0.19628195,0.16925465
0.22572027,0.18743993
0.25249135,0.2156954
0.26457134,0.23516753
0.27318454,0.24432708
0.267195,0.24668875
0.24445583,0.23238535
0.21979329,0.20745635
0.18586536,0.17478423
0.15189822,0.14416419
0.12487569,0.12496069
0.10594729,0.111936785
0.09391208,0.096846476
0.087399356,0.091612004
0.09184798,0.091570154
0.10934953,0.10348412
0.15089093,0.12763591
0.18308605,0.1460885
0.19050552,0.15697622
0.1940949,0.16115203
0.20333421,0.16842829
0.2096117,0.17653093
0.20088895,0.18255232
0.206747,0.19262354
0.20810762,0.21046251
0.2087649,0.2251823
0.22842366,0.24170686
0.2414542,0.25245863
0.25163436,0.25226748
0.24326329,0.2549462
0.22572407,0.24100064
0.20908329,0.21833314
0.18393652,0.1883811
0.15458906,0.15762457
0.12910742,0.1291183
0.1098713,0.11356933
0.096193306,0.099083625
0.08820304,0.095670484
0.08591459,0.09219168
0.09361228,0.105199784
0.10607652,0.12936741
0.11668192,0.14834468
0.12276681,0.15795647
0.12097857,0.15845488
0.12209567,0.16080621
0.12825802,0.1732066
0.14102761,0.19136448
0.16579843,0.21415353
0.18520004,0.24150187
0.22085033,0.26811782
0.23961669,0.2935145
0.25545555,0.31737444
0.26758364,0.31950676
0.2623914,0.31977105
0.24414882,0.29953986
0.22013916,0.2717039
0.1920417,0.23248279
0.15931544,0.19529505
0.1296094,0.13938253
0.10735554,0.117578134
0.08980306,0.09995675
0.07849679,0.092554435
0.07109546,0.08304613
0.07185993,0.08915948
0.07824248,0.090888835
0.0892968,0.09172326
0.09813351,0.100810185
0.1110051,0.101172775
0.11164911,0.117630586
0.12631142,0.13420525
0.12933414,0.14210911
0.14325127,0.14938891
0.15025651,0.14812882
0.15563768,0.15392825
0.16328493,0.16315599
0.18159583,0.17393792
0.19638228,0.18513305
0.192382,0.19443154
0.18447453,0.18892774
0.16615602,0.17783186
0.14626771,0.15604451
0.118824914,0.12731074
0.09670193,0.09878005
0.08256116,0.086762175
0.07315032,0.07541084
0.07018232,0.07039267
0.07812201,0.068833716
0.101443715,0.084100656
0.14603993,0.10115516
0.18294877,0.11836458
0.20031482,0.13136074
0.20274103,0.13164672
0.20567478,0.14028747
0.19792236,0.14270903
0.19195996,0.14750889
0.19652276,0.14885108
0.20118329,0.15586883
0.20629096,0.16264644
0.22306664,0.17535344
0.23312967,0.18862073
0.2441442,0.20539041
0.23379926,0.20862466
0.2214812,0.20574206
0.19741848,0.18725823
0.17468086,0.16529262
0.14018366,0.13798249
0.114830196,0.11926173
0.098570004,0.10731372
0.08827411,0.09625149
0.08484333,0.09351313
0.09084862,0.09057155
0.113060795,0.10451832
0.16336985,0.13043809
0.19777952,0.15515119
0.1981062,0.16953185
0.17093986,0.1685404
0.15313733,0.16893725
0.15958278,0.1651122
0.17053275,0.16347013
0.17203102,0.16820195
0.17691234,0.16969755
0.19397242,0.17638281
0.20431024,0.18674088
0.21813546,0.20794712
0.22892186,0.22646822
0.22807424,0.2344977
0.21836276,0.22749098
0.20153295,0.20958811
0.17299923,0.18668357
0.14304979,0.16094375
0.12023625,0.13149543
0.10509161,0.11928266
0.096737824,0.11062443
0.09335371,0.10640451
0.101676464,0.10281189
0.12521137,0.11494205
0.17123148,0.13779424
0.21120924,0.16153087
0.21726142,0.17850949
0.2152813,0.17428172
0.19040577,0.17107294
0.16868871,0.16227336
0.16038325,0.15773378
0.15811494,0.15591349
0.16001488,0.15625927
0.17105997,0.16551045
0.20082392,0.17788552
0.23104092,0.20340922
0.26167926,0.22762479
0.26332632,0.23815468
0.25364113,0.23298322
0.23474757,0.21849029
0.20479009,0.19765234
0.17374049,0.1715757
0.1516772,0.1594814
0.13667601,0.14595023
0.12813804,0.13845843
0.1276365,0.13687609
0.13612343,0.1357531
0.1619558,0.15466136
0.21117097,0.18652906
0.24888301,0.2236123
0.24155548,0.23810695
0.20984493,0.22214319
0.18125044,0.2016086
0.15391295,0.18467182
0.14010276,0.17073645
0.13897073,0.16787052
0.14558782,0.17006423
0.1670367,0.18373875
0.1997838,0.19623898
0.2321399,0.22464591
0.26187873,0.24841394
0.26385176,0.25960156
0.2516602,0.2506151
0.23262674,0.23403506
0.20551701,0.20900975
0.17586003,0.17767446
0.15334876,0.16066504
0.13770474,0.14532264
0.1307315,0.13712794
0.1298565,0.13541755
0.13777392,0.13570955
0.16266425,0.15297702
0.21203364,0.1876139
0.24099414,0.22255044
0.240011,0.23500344
0.2099873,0.21554053
0.17904407,0.19216146
0.15337044,0.1750106
0.13945472,0.15418293
0.13418548,0.1528119
0.13981529,0.15600786
0.15790541,0.16733432
0.18903057,0.18245055
0.21821566,0.21317625
0.2359881,0.23912385
0.23558679,0.2531073
0.22509308,0.2429366
0.20989716,0.22569469
0.1860389,0.20194754
0.15926781,0.17131384
0.13774751,0.14046483
0.12066207,0.12802121
0.120547414,0.12253164
0.109193884,0.12063518
0.1055467,0.11935003
0.11590406,0.1365827
0.13313282,0.1698343
0.14578621,0.19824693
0.15668988,0.20588191
0.1500138,0.18704608
0.12989038,0.16774757
0.12598401,0.1547523
0.11474053,0.1452263
0.11293974,0.14296159
0.1279844,0.1425586
0.12384944,0.15284838
0.14628406,0.16366653
0.16992545,0.19018264
0.19282298,0.20946433
0.19076172,0.22770268
0.18415886,0.22318067
0.17217991,0.20852548
0.15460718,0.18419512
0.13343984,0.15622532
0.12302112,0.12346639
0.1002251,0.11436432
0.08772213,0.10781952
0.08226634,0.10487148
0.08020176,0.106882215
0.08293167,0.12236978
0.088439584,0.14460926
0.09892109,0.1598868
0.09282057,0.16381906
0.0806168,0.14637834
0.1017441,0.13458768
0.08862389,0.12267962
0.06200929,0.10600053
0.059194095,0.10110384
0.08237804,0.104653
0.0992852,0.11797375
0.13072415,0.13550779
0.15929258,0.16462143
0.20043124,0.18705602
0.18952794,0.20192176
0.1825406,0.20145042
0.17756784,0.1867496
0.15866348,0.16400465
0.15948044,0.13866284
0.12071253,0.12476647
0.09950149,0.11396594
0.090893865,0.104770586
0.08515438,0.09900631
0.087453015,0.093981616
0.096420966,0.10541332
0.12890747,0.1278295
0.1637689,0.15726964
0.18935277,0.17634648
0.17036928,0.16592996
0.15376985,0.16186352
0.1364082,0.15481824
0.13832471,0.15375364
0.13712291,0.15515779
0.15841521,0.16074198
0.1710968,0.17478223
0.1962123,0.18585534
0.23064317,0.21137291
0.2576554,0.23415975
0.25503695,0.23753399
0.24081516,0.2319405
0.22557992,0.21740417
0.20010066,0.19482785
0.1737682,0.16283153
0.15048784,0.1446007
0.119748466,0.13137835
0.10506046,0.116773635
0.09663358,0.11259525
0.092745826,0.10536764
0.09882277,0.1175636
0.12329829,0.1456096
0.1611257,0.17426427
0.18584652,0.20225263
0.19762269,0.20865995
0.20692597,0.21834879
0.20754369,0.22501658
0.20700462,0.23321638
0.20493838,0.23452838
0.2077942,0.23493421
0.1970449,0.24218684
0.20515716,0.24775375
0.22789407,0.25959718
0.25228962,0.26884845
0.2488521,0.26918322
0.23832974,0.2558299
0.22069517,0.23743665
0.19801168,0.21202703
0.1701235,0.18111485
0.14009222,0.1365251
0.12059301,0.12226951
0.101356536,0.10780287
0.09508746,0.104426
0.09363764,0.098691314
0.10219729,0.112165295
0.12835917,0.13389583
0.16877542,0.1582919
0.18639933,0.17208542
0.16942501,0.16792402
0.14553949,0.16337411
0.13048309,0.15510519
0.12703882,0.15241373
0.13595156,0.15502699
0.15277937,0.1549567
0.17212792,0.16392393
0.19613615,0.17808573
0.22493674,0.20761669
0.2585099,0.23426183
0.2558475,0.24738777
0.2463893,0.24310917
0.23384345,0.2302907
0.21479577,0.20795488
0.18727681,0.1826719
0.15918538,0.15520766
0.15773821,0.14300162
0.15629105,0.12847395
0.15484388,0.12259496
0.15339673,0.11766157
0.15194957,0.12882686
0.1505024,0.15384546
0.14905524,0.183887
0.14760807,0.20999822
0.14616092,0.2101407
0.14471374,0.20484652
0.14326659,0.20564523
0.14181943,0.2093244
0.14037226,0.20673192
0.1389251,0.20775688
0.13747793,0.21958297
0.13603078,0.23185205
0.1345836,0.24833596
0.13313645,0.2597097
0.13168928,0.26294306
0.13024212,0.25344124
0.12879497,0.23719127
0.1273478,0.21229732
0.12590064,0.18077663
0.12445347,0.12158887
0.123006314,0.10435057
0.108814724,0.09426707
0.09919553,0.087754324
0.09465998,0.07911053
0.10122174,0.08313765
0.118642144,0.079578035
0.15141033,0.08270578
0.18066186,0.086818516
0.20385587,0.09534457
0.21767978,0.11687399
0.22717579,0.1363781
0.23009321,0.13907874
0.23181677,0.1536141
0.23152065,0.1471213
0.23225717,0.15511058
0.22658627,0.1545088
0.23227517,0.16865754
0.25512886,0.1994473
0.24905322,0.21141475
0.2399377,0.22336103
0.22761524,0.22166881
0.20496337,0.2032273
0.18949206,0.17790997
0.16239229,0.17064632
0.13881356,0.15974726
0.12333809,0.14791028
0.11378843,0.14085765
0.10860566,0.13542673
0.11081617,0.14081995
0.121506974,0.15561415
0.13279039,0.17788467
0.13329805,0.19199513
0.11974977,0.18080318
0.09614711,0.16810073
0.080178656,0.15904419
0.0739957,0.1485688
0.07529497,0.14283465
0.09650495,0.14460304
0.123055704,0.15679312
0.14569904,0.16924827
0.1721105,0.19474968
0.20189719,0.21717398
0.20229909,0.22621745
0.1975258,0.22690599
0.19624203,0.21832721
0.1842125,0.20145102
0.16159476,0.17763475
0.14605427,0.14543301
0.12913005,0.13164747
0.11802857,0.123139456
0.10947876,0.11981096
0.10659806,0.117138885
0.1079748,0.12950258
0.11306684,0.156136
0.12571822,0.18877707
0.12404547,0.20990036
0.10671117,0.19918048
0.09123275,0.18863021
0.09404557,0.17617367
0.09561693,0.16787334
0.097956434,0.1689322
0.102876596,0.17478102
0.12731907,0.18949923
0.16200365,0.2059928
0.2014312,0.23756404
0.2408353,0.26639146
0.24699232,0.2765971
0.24660333,0.27111724
0.2463489,0.25601593
0.2273023,0.23571385
0.20273368,0.20656797
0.18094815,0.17979111
0.1597087,0.16186336
0.14831334,0.15350898
0.14397062,0.14978063
0.14412732,0.14665395
0.15318519,0.16168316
0.18511818,0.18954618
0.22991553,0.23541299
0.2508161,0.2633413
0.23274162,0.25223094
0.20795341,0.23217244
0.18777157,0.21415752
0.18349293,0.20072725
0.17606163,0.1925446
0.18275014,0.19652273
0.21475692,0.20940569
0.24640232,0.22561173
0.2726637,0.26068974
0.30072743,0.2898686
0.2967931,0.29973423
0.28598565,0.2897923
0.27887747,0.2752216
0.25223443,0.25377744
0.2208488,0.21831325
0.18715386,0.18963307
0.16777168,0.16858578
0.15443045,0.15383938
0.14645511,0.14742488
0.14406206,0.14101999
0.15380374,0.14926563
0.17602798,0.17014849
0.21802388,0.20870177
0.24172841,0.2350714
0.21388714,0.22934271
0.18861505,0.22296807
0.18012255,0.21955816
0.16964497,0.2193516
0.16918929,0.21729463
0.17758287,0.21397054
0.19929484,0.22946738
0.22870368,0.23843266
0.26184544,0.26284286
0.29134312,0.28359035
0.28804737,0.28539163
0.28072777,0.27355734
0.26960343,0.264565
0.24924843,0.2423262
0.22037879,0.21188638
0.1909664,0.19208574
0.16859668,0.17318356
0.1561225,0.16079937
0.15049353,0.15602347
0.14975215,0.15052842
0.15828207,0.16018464
0.18831562,0.18497284
0.23309615,0.222854
0.25067872,0.24442683
0.23012318,0.23203376
0.20681901,0.2141633
0.18194905,0.20110293
0.180508,0.1936803
0.18648994,0.19231723
0.20426737,0.19515483
0.21734966,0.21039368
0.23656175,0.2218543
0.2622617,0.25300068
0.29202846,0.2787497
0.2847893,0.2834704
0.27907562,0.27484804
0.26324138,0.26328337
0.24233381,0.24117525
0.21849827,0.21006283
0.17865568,0.19025174
0.1542465,0.16982794
0.14014103,0.15551977
0.13330682,0.14847222
0.1293185,0.14397189
0.13835137,0.15330714
0.16763583,0.17707129
0.20811154,0.20917653
0.23239468,0.22835495
0.21350776,0.2116712
0.18261687,0.19676703
0.17245021,0.18251507
0.15946373,0.17169307
0.16582769,0.16235366
0.17618588,0.16655284
0.19614752,0.17795964
0.22446376,0.19477472
0.24657977,0.23211938
0.27130982,0.2579632
0.26544622,0.26573703
0.25620213,0.26220307
0.24407917,0.24918307
0.22268121,0.2285974
0.20041846,0.19808614
0.16438295,0.16772914
0.14533587,0.15448143
0.13036454,0.14077048
0.122763604,0.13558212
0.11946146,0.13329351
0.12530471,0.14428262
0.1537888,0.16819198
0.1908618,0.1947214
0.20419464,0.20895721
0.19534063,0.19713515
0.18747331,0.18574096
0.18446766,0.17722291
0.17696658,0.17284167
0.17911206,0.17229629
0.19294061,0.17708516
0.2080478,0.19502363
0.22400856,0.20805582
0.24672854,0.23497877
0.26211208,0.25084454
0.2527997,0.25509158
0.23928823,0.24692653
0.232755,0.23154216
0.20732869,0.20701575
0.18246987,0.1800359
0.15525533,0.14937243
0.13216117,0.13143861
0.11467751,0.12113534
0.10394016,0.112098604
0.0968404,0.10588058
0.096842885,0.11275529
0.10452672,0.12752539
0.121009246,0.1451629
0.12565875,0.16366637
0.14087482,0.16703194
0.13616797,0.17919499
0.11128642,0.17851695
0.08940697,0.18557183
0.085234806,0.18108065
0.10068611,0.17323098
0.12606741,0.17931518
0.1577988,0.18317617
0.19209404,0.20899005
0.22178419,0.23204462
0.22563085,0.24261463
0.22065288,0.24112414
0.21431783,0.23309241
0.20234363,0.21359235
0.19711395,0.19019997
0.16628206,0.1664582
0.14880171,0.1505433
0.13832897,0.1400882
0.1288434,0.13469365
0.12423902,0.12819344
0.124762446,0.13426352
0.12910435,0.15004121
0.13934042,0.17572863
0.14092137,0.19501182
0.12529843,0.18561986
0.104508005,0.17069578
0.089418925,0.16351356
0.08618844,0.15121989
0.087774135,0.1479605
0.10204828,0.1474038
0.12818885,0.15988077
0.15983732,0.17292756
0.19415638,0.20307775
0.22953388,0.2308363
0.23355775,0.24658334
0.22927946,0.24170585
0.22438784,0.23411265
0.2109054,0.21867803
0.19695723,0.19132587
0.1622011,0.16895099
0.14303464,0.15027717
0.13285305,0.14068154
0.1273661,0.13690664
0.12862284,0.12900436
0.14072071,0.1407957
0.17247485,0.16820271
0.21568592,0.20773779
0.24009226,0.23482184
0.2276375,0.22475918
0.203024,0.21033208
0.18527335,0.19917625
0.17603202,0.19509183
0.17748113,0.19489925
0.1839813,0.19823676
0.21363129,0.2146276
0.24706587,0.2301048
0.2810554,0.2608633
0.31023893,0.28814954
0.30698904,0.29485098
0.29981902,0.2870477
0.29358917,0.27260518
0.26615062,0.25293043
0.24607457,0.22035816
0.20742428,0.21374767
0.18186733,0.19137675
0.16774717,0.17258891
0.15858555,0.16561836
0.1577333,0.15803555
0.16907866,0.16616756
0.1920109,0.18673354
0.23750757,0.22980589
0.260658,0.26636037
0.26470175,0.28208664
0.26849973,0.28844026
0.2749376,0.28967023
0.285382,0.29108807
0.2885933,0.29335108
0.29360208,0.29585353
0.2985893,0.29506275
0.30397272,0.29391122
0.3204525,0.30764255
0.33158004,0.31396145
0.32123983,0.30773574
0.3110843,0.29608697
0.2928947,0.27807426
0.26740775,0.2533345
0.24994788,0.21737912
0.2060582,0.20489898
0.17715658,0.18041962
0.15670645,0.15930097
0.14256474,0.14959194
0.13615033,0.13397291
0.14145593,0.14087895
0.16117544,0.15465915
0.20205353,0.18557589
0.22928704,0.2195853
0.22971606,0.22403935
0.22311735,0.2287303
0.23409303,0.23147663
0.21395834,0.24476272
0.22250637,0.23406641
0.23738344,0.22458678
0.24443723,0.22931194
0.24930352,0.23800458
0.26502833,0.2620678
0.28229722,0.28208384
0.27192256,0.28595123
0.26184735,0.2793208
0.256883,0.26851043
0.22771947,0.25245342
0.20447785,0.22287276
0.17573199,0.1737998
0.15156882,0.1544036
0.1343467,0.13687648
0.12339412,0.12952359
0.11796201,0.11977491
0.12083133,0.12323878
0.12891304,0.13808823
0.13851991,0.16682968
0.1430441,0.1962539
0.14232618,0.19884357
0.11715205,0.19947822
0.10793784,0.19615284
0.10266777,0.20214571
0.1049092,0.20205761
0.1167967,0.20175049
0.14069146,0.20958525
0.15788622,0.22092436
0.18453339,0.24640392
0.19831775,0.27120495
0.18828115,0.2738009
0.1826928,0.26630175
0.18295056,0.2565257
0.18267314,0.23885281
0.16858922,0.21073285
0.15207365,0.15250617
0.13626416,0.13956614
0.123372674,0.12955362
0.1157605,0.12135103
0.111492045,0.11370013
0.11592989,0.11529192
0.12753002,0.12356178
0.1504445,0.14050254
0.16464627,0.15775329
0.15939409,0.15009105
0.15065143,0.1455359
0.14217706,0.13926624
0.12867981,0.13114044
0.1311714,0.124902666
0.13984513,0.12320694
0.16764055,0.13621545
0.19001703,0.148924
0.22080046,0.18281674
0.25480786,0.21255383
0.25720233,0.2285173
0.25535712,0.23017822
0.25168613,0.22445685
0.24382177,0.2121549
0.22389224,0.18893142
0.21194848,0.19977506
0.18180431,0.17968687
0.16867676,0.1689019
0.15902677,0.16398892
0.15471283,0.15606126
0.15743847,0.16122092
0.16802588,0.17811953
0.18034442,0.21555515
0.18557563,0.24884105
0.17927647,0.24335256
0.16634496,0.23045032
0.15281053,0.21577887
0.15275829,0.21007475
0.14706038,0.20691603
0.12887585,0.21417639
0.14704487,0.23377776
0.17823091,0.24766277
0.21887992,0.28457972
0.2514812,0.31374928
0.25534162,0.31667548
0.25311002,0.30773413
0.2483443,0.29958606
0.23962083,0.28310835
0.22254618,0.25307667
0.20175718,0.20077778
0.17898497,0.18523575
0.16397502,0.17028004
0.15102288,0.16226052
0.1449367,0.15565842
0.14589791,0.15885648
0.14946444,0.17448774
0.16152523,0.20924248
0.16421914,0.2386363
0.16487144,0.24847639
0.15727526,0.24598554
0.14937572,0.24254589
0.1614499,0.23246191
0.17631344,0.22889455
0.19811034,0.23259157
0.21072702,0.2319094
0.21536066,0.23634477
0.2403512,0.25824487
0.2583179,0.26766837
0.25601417,0.27415547
0.24607433,0.26802474
0.23518442,0.2522776
0.21605691,0.23212536
0.18624605,0.19959012
0.15523092,0.16382393
0.15631847,0.14368507
0.157406,0.13156238
0.15849355,0.124489106
0.1595811,0.11668226
0.16066863,0.12427972
0.16175617,0.14964516
0.1628437,0.18375614
0.16393125,0.21916188
0.16501878,0.21680668
0.16610633,0.21505526
0.16719386,0.20757364
0.1682814,0.20872165
0.16936894,0.21149255
0.17045648,0.214495
0.17154403,0.23406188
0.17263156,0.2489946
0.17371911,0.27694923
0.17480664,0.30144998
0.17589419,0.2996548
0.17698172,0.29173145
0.17806926,0.27942637
0.1791568,0.2599629
0.18024434,0.23039386
0.18133189,0.18313499
0.18241942,0.18092522
0.16720845,0.16939493
0.16254734,0.1659348
0.15825117,0.15751858
0.16792567,0.15809758
0.19882815,0.1615671
0.24363948,0.1685563
0.26540497,0.1752458
0.2530766,0.17800719
0.23237088,0.17968892
0.21831183,0.18228501
0.21211301,0.18134159
0.22713079,0.18208721
0.25025845,0.18261167
0.26382914,0.19705027
0.28569543,0.20264718
0.3270234,0.22007851
0.3627739,0.2348536
0.35505763,0.2498573
0.35176423,0.25206465
0.33771053,0.24858885
0.3155866,0.2337656
0.28061476,0.21887705
0.24816023,0.25949097
0.21845268,0.23411922
0.20453282,0.22016175
0.19778627,0.21476962
0.19581395,0.2093401
0.20448294,0.21620728
0.22733061,0.23793328
0.27434805,0.28017634
0.30007535,0.3184399
0.2864399,0.32796395
0.25558123,0.32426527
0.2357037,0.3118295
0.21971464,0.3016984
0.2150386,0.2921114
0.22677578,0.29982752
0.25861603,0.30663708
0.29147565,0.31461084
0.32842407,0.33892247
0.35981172,0.3613191
0.3548187,0.359155
0.34737495,0.347073
0.3334306,0.33167028
0.30847213,0.3113335
0.27189377,0.2740597
