true,forecasted
0.17017414,0.20883155
0.14337479,0.17991224
0.13880342,0.15732715
0.13004427,0.16111444
0.13610758,0.16016623
0.19718482,0.2062611
0.26881012,0.29115212
0.32179302,0.34443828
0.34274456,0.36767015
0.35787806,0.39447126
0.38463932,0.41982514
0.37354437,0.4176164
0.3873268,0.4288894
0.39318976,0.41823483
0.3770491,0.4235548
0.36532742,0.40967697
0.36113387,0.41611758
0.37230396,0.41946337
0.3449504,0.42040652
0.33567828,0.3997674
0.3193414,0.36039
0.31878042,0.353168
0.25807056,0.30443963
0.18776657,0.23826346
0.15791026,0.18125638
0.13811928,0.16610944
0.12513527,0.1422084
0.121905565,0.15454312
0.13672388,0.14908937
0.18817048,0.20046756
0.25670278,0.27013403
0.32005215,0.32952645
0.32981065,0.33651057
0.34206513,0.37033743
0.36165154,0.3729896
0.36241135,0.38491094
0.36061984,0.40944934
0.37094036,0.3780709
0.3540754,0.37740555
0.33466485,0.37622508
0.33513138,0.3630822
0.31907213,0.37284732
0.31083167,0.36665314
0.2928254,0.35756356
0.30115718,0.33150235
0.29301015,0.30819657
0.24445195,0.2554258
0.1814486,0.20786855
0.14051038,0.138513
0.13092722,0.12196118
0.1133661,0.099911764
0.11293453,0.11167149
0.11824848,0.12918124
0.16492958,0.19127193
0.23649696,0.27065223
0.29220232,0.3128424
0.31771064,0.34498703
0.33518827,0.3484636
0.34475368,0.37996173
0.34253687,0.37746692
0.3339379,0.37923098
0.3321318,0.3610918
0.3139711,0.37508163
0.29576704,0.349689
0.3016446,0.37425235
0.27532482,0.3485327
0.2590542,0.32630968
0.24224716,0.34125176
0.24007107,0.31375405
0.23104316,0.28004912
0.18693526,0.22483352
0.13130035,0.16718233
0.095823765,0.094928175
0.070137516,0.08782148
0.05913859,0.060715258
0.05285297,0.06794533
0.058457583,0.05813908
0.07681191,0.092220664
0.096535034,0.09910083
0.13078529,0.13153812
0.16767032,0.14951839
0.18899447,0.18202628
0.20794004,0.20781294
0.21243365,0.21481313
0.21486388,0.23287374
0.21416199,0.19930914
0.22202255,0.21208307
0.2314622,0.22031131
0.25316885,0.2239745
0.25610736,0.23318118
0.25430387,0.24526612
0.23561244,0.2170344
0.21738909,0.19429342
0.2091956,0.17955452
0.1698198,0.13641179
0.114338815,0.10482881
0.069657415,0.09847888
0.04538641,0.08259669
0.03255164,0.0668607
0.022072993,0.05926143
0.022168491,0.049261317
0.03323943,0.0747363
0.042787626,0.09126305
0.081667155,0.13187346
0.13293163,0.15639427
0.16476104,0.20691252
0.18915415,0.22427295
0.21325295,0.2609147
0.23932275,0.29965648
0.25920087,0.27024257
0.27167138,0.27301428
0.27822366,0.29572842
0.30179226,0.28217864
0.3107466,0.30877393
0.2981994,0.30476278
0.2877917,0.28788477
0.27605227,0.26007846
0.253602,0.2504432
0.21573588,0.19640404
0.16970968,0.16625206
0.16025804,0.15244941
0.13704167,0.13784526
0.1291159,0.110288486
0.124790326,0.114782766
0.15101355,0.13741858
0.19961348,0.16112423
0.2733841,0.24956383
0.34329095,0.31387222
0.37063822,0.33717343
0.39525104,0.35973462
0.43292248,0.40198147
0.44401795,0.41443282
0.43515807,0.4253323
0.4272156,0.42156047
0.40540615,0.41044647
0.3825076,0.4043764
0.35578966,0.41242567
0.36006773,0.40778488
0.34487996,0.40304327
0.32883793,0.40903392
0.30673936,0.3716614
0.29710925,0.34550017
0.2561846,0.2890758
0.20733783,0.22848237
0.17514992,0.1803897
0.14540894,0.15250656
0.13125598,0.13344224
0.12914146,0.12767532
0.14110424,0.13417724
0.19255553,0.17031801
0.25885278,0.25841895
0.3019071,0.29506028
0.34827352,0.31248215
0.36996973,0.32892954
0.3768341,0.343224
0.3760033,0.340384
0.37908375,0.35165963
0.3777588,0.35514486
0.37281537,0.33575258
0.35486963,0.31962323
0.34622788,0.32323077
0.34769583,0.3281085
0.34268248,0.31012765
0.33390662,0.31034517
0.32554248,0.3059244
0.32927835,0.2923281
0.25129387,0.24172238
0.21410094,0.18522505
0.17596869,0.1883243
0.14987123,0.16548349
0.13604704,0.13994615
0.13636589,0.14360939
0.16908087,0.14530526
0.2085866,0.18326962
0.28382984,0.264131
0.32393727,0.308704
0.36353645,0.34905297
0.37241355,0.3589499
0.39665166,0.38847643
0.37841788,0.3889782
0.37670884,0.38189596
0.38172793,0.39312494
0.36725822,0.3843428
0.36475337,0.358699
0.34690577,0.37735814
0.34279832,0.37474507
0.33258218,0.34739026
0.33170182,0.35066938
0.31516507,0.3383884
0.3056675,0.32185644
0.24259472,0.26330838
0.2026,0.20431654
0.15769525,0.1968959
0.13903512,0.17581576
0.133251,0.14157288
0.12501681,0.15395474
0.1444618,0.1551046
0.19172424,0.19328706
0.27601472,0.28825954
0.34047142,0.32501763
0.36871365,0.34434336
0.3633376,0.36761004
0.37613168,0.37743807
0.37701255,0.3838703
0.38683888,0.39853162
0.39761448,0.37493858
0.37702715,0.39940593
0.3750812,0.38627267
0.3597948,0.38824764
0.35613042,0.3923517
0.33856878,0.3769143
0.32653502,0.35351813
0.33178845,0.3192407
0.32808387,0.30322835
0.27386627,0.24744591
0.20716302,0.1917447
0.20451829,0.15006842
0.20187357,0.13062137
0.19922885,0.10859536
0.19658414,0.13646083
0.19393942,0.13526432
0.19129469,0.17110562
0.18864997,0.24661164
0.18600525,0.3069019
0.18336053,0.30484024
0.18071581,0.33236736
0.1780711,0.35128134
0.17542636,0.33543074
0.17278165,0.3395741
0.17013693,0.34206945
0.16749221,0.3287029
0.1648475,0.306719
0.16220278,0.33094272
0.15955804,0.31234133
0.15691333,0.296086
0.15426861,0.29344788
0.15162389,0.28439265
0.14897917,0.247787
0.14633444,0.1988966
0.14368972,0.14342953
0.141045,0.10715601
0.13840029,0.08696529
0.13575557,0.069839
0.13311085,0.061218876
0.13046612,0.05594433
0.1278214,0.0807612
0.12517668,0.110922135
0.122531965,0.14376041
0.11988724,0.1702941
0.11724252,0.19917281
0.114597805,0.22722413
0.11195308,0.2435721
0.10930836,0.2504524
0.10666364,0.24027085
0.10401892,0.24450687
0.1013742,0.25543848
0.09872948,0.25701785
0.09608476,0.2653255
0.09344004,0.27378443
0.090795316,0.24730417
0.0881506,0.23089859
0.08550588,0.23132604
0.082861155,0.18602185
0.08021644,0.14270435
0.07757171,0.10726254
0.053712446,0.09400129
0.039543837,0.06814985
0.026646964,0.07728009
0.031165097,0.08265893
0.036499396,0.0970427
0.047061536,0.13807006
0.08374775,0.17856357
0.1354918,0.20835748
0.15724021,0.25128138
0.18151069,0.28255296
0.19681379,0.29564112
0.20829386,0.31169772
0.21583295,0.32403058
0.22316173,0.28477266
0.24378765,0.28473648
0.26837176,0.30827454
0.28175342,0.3123495
0.28682473,0.30322024
0.2693925,0.31675076
0.2545768,0.3013635
0.25064155,0.26436603
0.21721375,0.21124257
0.15635099,0.16791455
0.12577818,0.122784585
0.10536726,0.1197689
0.08085464,0.10511322
0.083683565,0.11322178
0.105093814,0.11243597
0.15357372,0.15401846
0.21461026,0.21799314
0.28610143,0.28284213
0.33432043,0.3243773
0.37364665,0.34575862
0.41677088,0.37393916
0.4411906,0.406209
0.4613484,0.44134837
0.5062276,0.42584532
0.5033512,0.40838867
0.5020774,0.40813392
0.5104363,0.39687815
0.5082769,0.39614505
0.49901727,0.38006127
0.47990993,0.40753642
0.44853035,0.3794948
0.4242776,0.3501468
0.35830858,0.27513695
0.2790367,0.22895166
0.22789383,0.22540897
0.18631844,0.20066546
0.17290494,0.17175938
0.1681071,0.15429513
0.17825386,0.18150808
0.23499404,0.19866672
0.29433092,0.2847491
0.35748094,0.3174515
0.4000687,0.39751324
0.43389678,0.40671277
0.46937388,0.44738352
0.4916149,0.47772548
0.5086771,0.48588878
0.53836644,0.50040567
0.5159433,0.5200159
0.5107176,0.49157882
0.51945585,0.52411795
0.5007336,0.49755353
0.4833588,0.463062
0.45970982,0.47082224
0.447447,0.45948496
0.4205537,0.43485716
0.3478409,0.36542788
0.28206027,0.2958401
0.23544179,0.23515138
0.19641249,0.23040953
0.18293846,0.1758707
0.1756869,0.18335934
0.18500392,0.20251104
0.22418821,0.21942075
0.29543203,0.3044107
0.35667157,0.34458223
0.3889581,0.39287
0.40676972,0.41886443
0.4687033,0.44957435
0.48598158,0.47105432
0.49486077,0.5130137
0.49446782,0.4978909
0.49317783,0.5012181
0.49843332,0.4912771
0.4809009,0.5088885
0.4803984,0.5067503
0.4455532,0.4712897
0.4225743,0.4797577
0.4034414,0.4593458
0.37472636,0.43170574
0.3098579,0.37061083
0.2501411,0.30130553
0.20117275,0.23751128
0.16763483,0.21722579
0.15489347,0.16163759
0.15031794,0.17234902
0.162204,0.18159251
0.20682798,0.2125494
0.2792799,0.29684782
0.32093823,0.34357804
0.36226627,0.3720219
0.36870635,0.40765175
0.39437068,0.39592093
0.40921664,0.41004145
0.41601056,0.4345288
0.4282859,0.42326018
0.41870275,0.4317839
0.39862007,0.41594288
0.38483605,0.45126328
0.38978472,0.43967545
0.36663777,0.42499673
0.34678572,0.3916116
0.32804784,0.3759291
0.32365862,0.36179468
0.27800083,0.29749763
0.2333831,0.23046002
0.19333518,0.18057889
0.15137258,0.16643476
0.13189055,0.107705966
0.11545191,0.13239343
0.13890727,0.115919545
0.1787042,0.14908324
0.23711325,0.18995824
0.30411708,0.23110461
0.35096416,0.25170383
0.3821303,0.30364496
0.3784633,0.29548892
0.3920375,0.31348926
0.39731127,0.35480437
0.3784398,0.33607012
0.37986234,0.32942143
0.36018568,0.33754385
0.35351232,0.36876056
0.33307686,0.37793487
0.3149057,0.35109597
0.3012146,0.32304198
0.29032367,0.30251768
0.27960446,0.28622553
0.22501637,0.22236517
0.17097777,0.17412552
0.14038983,0.12574166
0.10773696,0.10240401
0.088608734,0.07824442
0.077068135,0.09057371
0.08170316,0.070569016
0.09716647,0.08233292
0.1142548,0.10068121
0.15382577,0.14380698
0.20036495,0.14818114
0.23780574,0.21077028
0.26620403,0.20743309
0.2833649,0.22667459
0.29945755,0.26444083
0.30138627,0.25434405
0.30711824,0.24079081
0.3189547,0.25506455
0.32945317,0.27527025
0.33289787,0.27654612
0.3238877,0.2542069
0.30427572,0.238428
0.29657903,0.23283556
0.28024217,0.21411087
0.23363672,0.15093681
0.18521005,0.12366928
0.13626987,0.14924741
0.12503873,0.12657624
0.09110994,0.10002543
0.08219787,0.099733934
0.0762671,0.096589275
0.08589775,0.1011749
0.10050784,0.126235
0.13885769,0.18763705
0.19578366,0.19003922
0.25457472,0.26316214
0.29289794,0.28595704
0.32412305,0.31040865
0.35596132,0.35732365
0.38291514,0.35352248
0.39238453,0.33419397
0.418398,0.34990573
0.45531172,0.3527949
0.47643444,0.36979598
0.46826184,0.37169307
0.4489494,0.35292313
0.41004586,0.32661882
0.3963229,0.30079198
0.33910263,0.251237
0.26877725,0.20312864
0.22822416,0.25734323
0.20315786,0.22480196
0.17709953,0.20632516
0.16888621,0.19344069
0.20257339,0.19633093
0.21878137,0.24456367
0.28218448,0.32180795
0.36434478,0.39173335
0.40969935,0.4345699
0.44498023,0.47398466
0.46444505,0.5151841
0.4898855,0.53939456
0.5177635,0.5605165
0.5236833,0.5704313
0.53174424,0.56513953
0.5117237,0.561929
0.5054683,0.56188446
0.49575418,0.56346875
0.46862867,0.5514532
0.42009762,0.5366899
0.41003907,0.4943646
0.38963652,0.4671627
0.32816213,0.39989203
0.27280015,0.33193496
0.22418717,0.25721565
0.1940167,0.22390153
0.18178362,0.20508656
0.16727737,0.19774969
0.18138753,0.20835637
0.22997911,0.25728542
0.28544497,0.3472032
0.35081074,0.4116507
0.3936182,0.4201473
0.41415694,0.45857042
0.42859066,0.47213632
0.4480085,0.48801258
0.45848036,0.5246186
0.46653765,0.5219165
0.4709608,0.50250506
0.4471913,0.4933266
0.44512323,0.49254408
0.4316826,0.49584165
0.40752953,0.46805277
0.38839087,0.46389458
0.37685966,0.45202142
0.36157796,0.40666932
0.29675385,0.34988546
0.24122956,0.28450346
0.19090024,0.23931518
0.1616764,0.20556815
0.13992018,0.17413948
0.13932423,0.17096359
0.1532053,0.1718499
0.19651164,0.21408197
0.2602581,0.2892846
0.317433,0.3340403
0.34842798,0.37302935
0.3618493,0.39459437
0.37965256,0.42163712
0.38299915,0.4350445
0.39687607,0.44876075
0.41974592,0.45797652
0.397615,0.45741087
0.3857519,0.44033715
0.39594927,0.4589351
0.396887,0.45271868
0.38255247,0.42194673
0.36965662,0.41111246
0.35477883,0.3950662
0.32582584,0.37102672
0.2793493,0.30220264
0.20590903,0.23750247
0.17100908,0.21705753
0.13700046,0.1916
0.123729415,0.15730803
0.1195176,0.16644382
0.12985274,0.15519339
0.17100543,0.2161791
0.2310129,0.28596663
0.29755175,0.34238592
0.31904238,0.35005346
0.35716262,0.399416
0.39275506,0.3985955
0.40600103,0.41201428
0.4207515,0.45486754
0.45178404,0.42993337
0.46000156,0.4315987
0.47782254,0.43497097
0.48128393,0.43841162
0.5002989,0.45119864
0.48784667,0.42378992
0.44502878,0.39368886
0.420835,0.35962358
0.395991,0.33485702
0.31502053,0.2701159
0.24598253,0.21684939
0.20210686,0.21875215
0.16733477,0.1869125
0.1391348,0.17104267
0.1261252,0.1705247
0.12581418,0.1651428
0.16260372,0.22158924
0.21543165,0.27314213
0.2798487,0.324195
0.3318688,0.34840375
0.3799902,0.3881892
0.43091393,0.41375428
0.4546803,0.44393727
0.48176613,0.46944717
0.49099964,0.44198674
0.48973835,0.46771437
0.49768865,0.4659729
0.49904755,0.45750228
0.49410307,0.46283692
0.47561252,0.42598987
0.450815,0.41838035
0.41411206,0.38216195
0.3812186,0.34368923
0.32527685,0.28190053
0.25684527,0.23822217
0.20870194,0.224478
0.16613348,0.18314171
0.14449154,0.15639727
0.12608032,0.15449746
0.12425387,0.13301763
0.13001347,0.15351935
0.13961437,0.16203596
0.18428378,0.21112683
0.25122863,0.24115804
0.3107393,0.3079231
0.35529703,0.34392482
0.3981478,0.37086368
0.41543287,0.40742046
0.4285912,0.4021387
0.4270726,0.41852626
0.42922366,0.4343459
0.41239676,0.4427496
0.41097423,0.44999105
0.37655595,0.4337947
0.3581724,0.39860722
0.34110388,0.36452797
0.3301822,0.34724554
0.2854147,0.28864983
0.24023388,0.24022505
0.19765605,0.18958873
0.16431016,0.15365383
0.13386469,0.13578518
0.12373985,0.13350725
0.11457417,0.11695887
0.11770576,0.12680155
0.12792714,0.13706684
0.18121846,0.18236662
0.22664557,0.2226165
0.27188796,0.27987874
0.28977,0.33270395
0.3280181,0.35859248
0.35201097,0.38840172
0.34691778,0.39758685
0.34644446,0.40872929
0.35296282,0.42327958
0.37137714,0.44403318
0.39401218,0.43020052
0.39150992,0.4035426
0.37215784,0.3842654
0.35476527,0.36288902
0.3406723,0.3407888
0.2874238,0.2751217
0.22717942,0.2321172
0.17753527,0.2146503
0.14332573,0.17573214
0.12745173,0.17096642
0.113165185,0.1643876
0.11571023,0.16683483
0.1408167,0.22427018
0.18079785,0.31133565
0.23396966,0.3825911
0.28348023,0.40510482
0.32796904,0.45148903
0.3507335,0.48530948
0.3819706,0.5005643
0.40630007,0.52818006
0.41689456,0.5367723
0.42364722,0.5307033
0.43163094,0.51985765
0.44181994,0.5321462
0.44636157,0.52365154
0.42654398,0.49771404
0.4090627,0.48580065
0.36290604,0.4481748
0.3407381,0.40622902
0.28799522,0.34015453
0.22951989,0.27753556
0.17657404,0.22781733
0.14708667,0.18272038
0.118236475,0.1783932
0.107334614,0.17868726
0.10226698,0.1807937
0.10676372,0.21263541
0.12108888,0.306192
0.16090043,0.37586948
0.2091309,0.37908977
0.27219635,0.43050474
0.30935642,0.46481472
0.36010113,0.47109178
0.38444468,0.49972224
0.399072,0.5132666
0.40723312,0.5000647
0.42790338,0.49480063
0.44907776,0.50123835
0.4615749,0.48326415
0.45394918,0.46288145
0.43215904,0.46085754
0.3975988,0.4280142
0.36725876,0.40205315
0.31405145,0.33415747
0.2789459,0.27046096
0.22107905,0.2592274
0.18278034,0.20677006
0.16395009,0.18964046
0.14895487,0.18034498
0.16049391,0.17948224
0.20207241,0.21578911
0.2650857,0.2945068
0.36044243,0.3706598
0.42630237,0.40236303
0.4899017,0.45428312
0.564848,0.5009278
0.62364477,0.5246884
0.65252525,0.5598102
0.68435675,0.58876675
0.6975636,0.5802022
0.70283216,0.57482487
0.7061479,0.58424664
0.68953294,0.57352525
0.6803615,0.5619279
0.6497777,0.5413774
0.632656,0.5013278
0.57588917,0.4700034
0.49289343,0.39666232
0.40227976,0.3217143
0.334776,0.34467232
0.28695518,0.2882712
0.25371054,0.27270758
0.24132872,0.25966275
0.25081378,0.25173283
0.27993846,0.28169945
0.3401343,0.34390855
0.42067063,0.41701135
0.48572275,0.4483394
0.5612066,0.5189405
0.6316687,0.5781412
0.68896776,0.5967487
0.7073184,0.63225776
0.7331701,0.65897495
0.7485682,0.66108793
0.7267509,0.6568433
0.6952482,0.6706413
0.6615276,0.6625739
0.6452142,0.62185156
0.62510335,0.59840035
0.5773764,0.56117004
0.55947924,0.5160843
0.48365885,0.445586
0.37820026,0.3710195
0.32135102,0.35684386
0.2860884,0.31672725
0.2535185,0.28404024
0.24978365,0.2829177
0.26177827,0.27401662
0.28745562,0.3044246
0.35164726,0.38553768
0.40967327,0.45719948
0.46934673,0.48855954
0.51384026,0.5415303
0.57765985,0.5936638
0.5831674,0.6215432
0.6189414,0.662229
0.63520837,0.6711
0.6449272,0.6817352
0.641315,0.68071055
0.6181174,0.67585504
0.60066795,0.67245334
0.5956128,0.6268883
0.5374428,0.60790265
0.49749243,0.5660568
0.4730513,0.5326799
0.40545833,0.45140964
0.33162093,0.3832542
0.26565295,0.31572324
0.22906902,0.2722529
0.20468059,0.2333196
0.16544412,0.2383277
0.16827565,0.22673982
0.17247547,0.26040944
0.17962995,0.29959673
0.21829866,0.37392244
0.2695026,0.39864132
0.33108863,0.47768614
0.39065984,0.4946288
0.43458822,0.5393189
0.44642052,0.58027476
0.47184065,0.5696024
0.48690316,0.58981156
0.49242637,0.5915668
0.51373017,0.5936532
0.5050921,0.61113435
0.4935233,0.56950897
0.45126796,0.5443763
0.42202115,0.4943329
0.39107627,0.44357768
0.34583494,0.37058976
0.28283834,0.32260603
0.24122278,0.24162188
0.19261973,0.20582165
0.17774454,0.17298286
0.15290576,0.16605608
0.15404129,0.14470705
0.14837876,0.19831806
0.16121666,0.23314472
0.19605398,0.28779262
0.24314578,0.32123262
0.2936776,0.37284112
0.33792952,0.3979435
0.35467133,0.44529095
0.35041413,0.49789968
0.34725696,0.48062974
0.35125378,0.4919903
0.35103825,0.5068628
0.38191372,0.4958253
0.3991795,0.52351254
0.39772666,0.49074757
0.3867053,0.4671192
0.3670954,0.42730704
0.36089328,0.4009277
0.2924523,0.33620593
0.26737088,0.27814382
0.21689437,0.25222576
0.18685542,0.2090537
0.1747173,0.18628775
0.18274224,0.18570648
0.1907416,0.17636542
0.2459434,0.21163675
0.31181273,0.2857204
0.37829787,0.35841218
0.43247685,0.3667436
0.46479103,0.43912935
0.49415213,0.4430284
0.54160243,0.46257833
0.56133705,0.4945746
0.5806834,0.51118565
0.5964405,0.48488954
0.58803827,0.48850775
0.59653026,0.50807357
0.59419763,0.5141332
0.5724753,0.5024168
0.56293964,0.45914802
0.5209812,0.43439338
0.48119107,0.4103355
0.39544725,0.3484691
0.3130589,0.28709295
0.2506212,0.30925435
0.20888875,0.26920885
0.18941507,0.22694509
0.18083386,0.21728046
0.18935037,0.19419438
0.22501116,0.2237971
0.28702405,0.2765897
0.33779016,0.34627777
0.3944594,0.37224677
0.44089577,0.45673668
0.5066675,0.457048
0.54555595,0.4938154
0.5834429,0.5603514
0.61288434,0.57612234
0.6302717,0.54519856
0.6340994,0.5649819
0.6415101,0.5748321
0.64762354,0.5979361
0.6426634,0.5685927
0.61627114,0.5195699
0.5654883,0.5022846
0.5422709,0.48399025
0.44135186,0.40354845
0.36548918,0.33693886
0.30963507,0.32649043
0.2521163,0.2871492
0.23847632,0.24832295
0.21304108,0.23834594
0.22795227,0.2306507
0.28456983,0.26033425
0.33761483,0.3139691
0.40094227,0.3828703
0.45046535,0.4386707
0.5091285,0.5082642
0.540016,0.5303389
0.5787166,0.578113
0.5996947,0.6345407
0.6336835,0.64281577
0.6416474,0.64075816
0.6388691,0.64343745
0.63740325,0.6572372
0.6374418,0.6606583
0.6199334,0.61662376
0.5931487,0.5967255
0.5650802,0.56154585
0.5353017,0.5281569
0.44946548,0.43164262
0.36715072,0.37104285
0.32222196,0.33727288
0.26525375,0.28892946
0.25378254,0.25251305
0.2505419,0.25083044
0.24914387,0.23916334
0.28721038,0.28775534
0.35651135,0.36413038
0.4261453,0.44397178
0.4929477,0.47598
0.53961056,0.5443582
0.56166786,0.562376
0.62371993,0.5994834
0.6361915,0.65459156
0.65979713,0.65950096
0.6763068,0.6663099
0.6753528,0.6624559
0.6718053,0.67758
0.65961605,0.67835224
0.64410996,0.6429423
0.6219848,0.6031501
0.5716304,0.558906
0.53939134,0.522032
0.46032038,0.4299754
0.36603713,0.36057666
0.30791664,0.32215697
0.2620872,0.27922562
0.22787817,0.24447258
0.20994288,0.2512829
0.21502669,0.23665234
0.24103649,0.2804094
0.30561218,0.3315232
0.3699802,0.41372433
0.42071655,0.44644064
0.46767527,0.51592636
0.51474935,0.5453017
0.55508167,0.5795429
0.5882381,0.62313837
0.611467,0.6241362
0.60379434,0.63544333
0.59031457,0.63035405
0.5963711,0.64842844
0.59651196,0.64367163
0.5824524,0.6056477
0.53659636,0.5761783
0.49222547,0.5257842
0.46214527,0.48278496
0.38606814,0.3947404
0.31107277,0.33886194
0.25029925,0.2618327
0.2057603,0.21662787
0.18056719,0.17911799
0.15423438,0.18800494
0.1535445,0.16167133
0.16117857,0.1767475
0.17442456,0.2032076
0.22148453,0.25613406
0.28383246,0.2858684
0.35625514,0.37036952
0.41405833,0.3874998
0.4686579,0.42542523
0.51474935,0.48814636
0.5356544,0.48851573
0.548675,0.48283646
0.56228626,0.49658
0.56309354,0.50748205
0.5558389,0.5264295
0.523772,0.48778152
0.487879,0.4688287
0.46458387,0.42933306
0.42915478,0.39526835
0.34608072,0.31597197
0.27537128,0.27298632
0.23675422,0.24219596
0.19321358,0.21082596
0.17322275,0.17078398
0.15838982,0.17756876
0.1442207,0.16413553
0.14910047,0.18016793
0.16950564,0.20518886
0.19173571,0.25504503
0.25024915,0.29445395
0.3025766,0.37622964
0.32366228,0.40340745
0.3624124,0.44883966
0.41665712,0.49232417
0.4357394,0.5001915
0.46394148,0.49898735
0.50018203,0.5082989
0.5313779,0.5365987
0.5225775,0.54820293
0.52442014,0.49484742
0.48770368,0.47318196
0.46022227,0.45556614
0.43150046,0.39963627
0.3626347,0.3416317
0.27564418,0.28814104
0.25910118,0.29524174
0.21670651,0.25491342
0.19048485,0.23382346
0.18715861,0.21479239
0.19184113,0.21336159
0.23750673,0.2745623
0.312452,0.36705673
0.3691609,0.44775897
0.42598248,0.46371174
0.45754993,0.52978605
0.5392526,0.55049706
0.5494061,0.58327496
0.6000376,0.6373151
0.63199323,0.6451381
0.6432442,0.62204236
0.62834245,0.629021
0.6240539,0.6274326
0.5902133,0.6430794
0.56293386,0.6070082
0.51964474,0.5782306
0.4937957,0.54427594
0.4780292,0.51280546
0.38881043,0.43866205
0.3073019,0.36395735
0.26897866,0.2911288
0.22721699,0.25400776
0.20269759,0.22275831
0.20071457,0.21875276
0.20342869,0.21006161
0.25196654,0.23113169
0.3204211,0.3144677
0.37322658,0.39247927
0.41493294,0.39916867
0.4557605,0.47364783
0.48669392,0.49613792
0.5123014,0.5175903
0.5495893,0.5759511
0.57894355,0.5989706
0.601816,0.56607103
0.578846,0.58071077
0.59020394,0.58695984
0.5882204,0.58757144
0.5689518,0.56139433
0.5259763,0.52844715
0.4982773,0.5060826
0.4587319,0.48569468
0.38289896,0.4045791
0.3021795,0.32838666
0.25628218,0.2789248
0.2186243,0.24514636
0.18397535,0.20734893
0.17897922,0.21360327
0.19679657,0.2089213
0.23762622,0.23458573
0.2987661,0.3108337
0.35706973,0.36905274
0.39996487,0.40257353
0.44549218,0.4588796
0.48366773,0.4945041
0.5154178,0.5240765
0.55316913,0.5613964
0.5847642,0.5673705
0.5932938,0.5678755
0.59969574,0.5696078
0.6117102,0.58320844
0.60996723,0.58191067
0.578249,0.5458175
0.5395521,0.519403
0.5046365,0.48498467
0.4745339,0.45808458
0.3926987,0.386272
0.30677798,0.32000583
0.25835234,0.30843008
0.21438847,0.26648068
0.19329968,0.23807894
0.1787496,0.23826148
0.18014188,0.2362409
0.22024357,0.27557874
0.2857706,0.3551675
0.35302022,0.42722824
0.40065423,0.4496625
0.45900327,0.5201801
0.504984,0.54732007
0.5515989,0.5761823
0.5851274,0.623331
0.6149712,0.62116617
0.6170419,0.6368911
0.623053,0.6343165
0.6346338,0.6451255
0.62928694,0.6420662
0.59697694,0.59916323
0.5349165,0.57461685
0.48343238,0.53056645
0.44518793,0.48452452
0.37330225,0.41277805
0.29418376,0.34426975
0.29249996,0.2810338
0.29081613,0.23903215
0.2891323,0.20269053
0.28744847,0.21302964
0.28576463,0.21740419
0.2840808,0.2525886
0.282397,0.31254065
0.28071317,0.36724028
0.27902934,0.39554113
0.2773455,0.46032995
0.27566168,0.4904703
0.27397785,0.5188719
0.27229404,0.55616283
0.2706102,0.5504584
0.26892638,0.5708543
0.26724255,0.5658296
0.26555872,0.5845392
0.2638749,0.57049286
0.26219106,0.52773386
0.26050726,0.51432425
0.25882342,0.4767325
0.2571396,0.4242088
0.25545576,0.3500009
0.25377193,0.2935709
0.2520881,0.18751788
0.2504043,0.15712023
0.24872045,0.12143232
0.24703664,0.11653787
0.2453528,0.11067634
0.24366897,0.15052655
0.24198516,0.17762332
0.24030133,0.22305413
0.2386175,0.26178288
0.23693368,0.31140286
0.23524985,0.32962346
0.23356602,0.36862957
0.2318822,0.39302754
0.23019837,0.39572835
0.22851454,0.39152783
0.2268307,0.39614248
0.22514689,0.42226425
0.22346306,0.4322394
0.22177923,0.4063943
0.22009541,0.38133505
0.21841158,0.3616893
0.21672775,0.32773134
0.21504393,0.2632588
0.2133601,0.21242568
0.21167627,0.15944731
0.20999245,0.13637812
0.20830862,0.108713195
0.20662479,0.12667744
0.20494096,0.1182528
0.20325714,0.14874193
0.20157331,0.18870945
0.19988948,0.2606596
0.19820566,0.264673
0.19652183,0.35176176
0.194838,0.32788908
0.19315419,0.3659083
0.19147035,0.42378917
0.18978652,0.4111517
0.1881027,0.375056
0.18641888,0.38475722
0.18473504,0.4026236
0.18305123,0.4188101
0.1813674,0.3873578
0.17968357,0.38989425
0.17799973,0.36599562
0.17631592,0.30783978
0.17463209,0.23100808
0.17294826,0.20041245
0.17126444,0.12163904
0.16958061,0.12336406
0.16789678,0.08358434
0.16621296,0.0962915
0.16452913,0.12510794
0.1628453,0.1439194
0.16116148,0.22865185
0.15947765,0.30456594
0.15779382,0.32709426
0.15611,0.3710912
0.15442617,0.350792
0.15274234,0.3978282
0.15105851,0.4528169
0.1493747,0.43802047
0.14769086,0.41618496
0.14600703,0.4118074
0.14432321,0.44731897
0.14263938,0.41406828
0.14095555,0.39436045
0.13927174,0.40185198
0.1375879,0.39518985
0.13590407,0.35835227
0.13422026,0.25689417
0.13253643,0.21086979
0.1308526,0.11786954
0.122979,0.10194941
0.10813878,0.08356742
0.111272454,0.061795678
0.09731989,0.109021634
0.11047508,0.13137482
0.119123615,0.22579378
0.1367056,0.26183504
0.17291903,0.31671894
0.23584047,0.33270425
0.26820165,0.34412456
0.28687587,0.37946862
0.32337788,0.38520262
0.32932794,0.39178324
0.36949748,0.38985
0.39848283,0.35936522
0.41226318,0.39726683
0.41773054,0.37905663
0.3982292,0.35955667
0.36975995,0.37381372
0.34527656,0.37464085
0.30524376,0.33571532
0.23574916,0.27676395
0.1932976,0.21275179
0.17921092,0.20801866
0.16076736,0.17697537
0.13443297,0.14300582
0.12102052,0.15358226
0.11007848,0.16844377
0.12565085,0.19195634
0.13720658,0.2837805
0.17327441,0.3277276
0.23391122,0.3837863
0.29919714,0.4343013
0.3523272,0.44360948
0.41640192,0.48137435
0.45322382,0.52434826
0.481333,0.5302177
0.50766426,0.5343569
0.5300138,0.5184282
0.5493946,0.55577874
0.5669933,0.52994186
0.54316485,0.4863428
0.49100593,0.5000671
0.46635553,0.4731821
0.4097056,0.42130432
0.35664546,0.3268783
0.30605522,0.26863912
0.247439,0.2696716
0.20756379,0.23260689
0.18761992,0.19739132
0.16929378,0.2023528
0.16783,0.18872133
0.16979267,0.20782006
0.19930142,0.26640147
0.22552413,0.32586977
0.29078394,0.3907205
0.37921265,0.44534546
0.44930267,0.4579696
0.50220156,0.51811016
0.5536612,0.56682944
0.58041567,0.5720083
0.59870267,0.5916003
0.62709993,0.59012467
0.6435088,0.61197615
0.65225023,0.59650385
0.6250632,0.54642093
0.5958007,0.5340725
0.5787844,0.5067829
0.4955449,0.46917823
0.41126072,0.36377877
0.34764314,0.31507862
0.312846,0.26753056
0.2696894,0.2357541
0.23967813,0.19128953
0.22405565,0.19600148
0.24613439,0.19298144
0.29352,0.19473979
0.40832376,0.24059981
0.45880026,0.28327855
0.51409703,0.36177522
0.57400066,0.41475078
0.64205545,0.48490846
0.6890309,0.5282339
0.7299289,0.5735445
0.7628594,0.579647
0.7707288,0.6193092
0.77472985,0.61497366
0.7748879,0.639609
0.776287,0.6252944
0.7526161,0.58592415
0.7162926,0.57365596
0.720267,0.51618785
0.62061393,0.48822817
0.5048301,0.39764604
0.43198684,0.3399703
0.3771425,0.3420651
0.3394345,0.29566875
0.30260113,0.2565238
0.28959414,0.2565374
0.30536848,0.24999385
0.35434884,0.25570905
0.4426481,0.32837558
0.46301416,0.39144853
0.51883435,0.44649848
0.5739469,0.51236385
0.6340295,0.5500293
0.70082617,0.5879708
0.75364417,0.6292402
0.7927794,0.64428943
0.79172945,0.66965497
0.79896116,0.6594576
0.7786854,0.68114877
0.77077895,0.6716712
0.75232077,0.63790196
0.7177992,0.6045848
0.6782663,0.55500877
0.6095174,0.52356344
0.5064191,0.42785168
0.4488732,0.36323225
0.37425357,0.35834587
0.3356475,0.30875114
0.3141,0.26952186
0.29822963,0.26797146
0.31040218,0.24600646
0.35068706,0.28844023
0.43781218,0.33750755
0.49545518,0.3957595
0.5218036,0.45336765
0.5654674,0.5179814
0.60297346,0.5437375
0.6452429,0.5839991
0.66529685,0.6416066
0.66381747,0.63067144
0.640861,0.6518295
0.6257828,0.6504945
0.6061807,0.6456779
0.59251,0.66685075
0.5681565,0.6218966
0.55313313,0.59813005
0.5335639,0.5400538
0.48753095,0.506975
0.3927133,0.41467366
0.34575143,0.3654851
0.29521078,0.29452685
0.2642163,0.24306193
0.2224108,0.20612386
0.22168335,0.2038817
0.23477122,0.19122352
0.290988,0.2196001
0.369176,0.26881596
0.41903308,0.31792423
0.44627127,0.3519123
0.46736687,0.41697887
0.49371427,0.4188683
0.5227252,0.45516875
0.5561071,0.5059619
0.5670116,0.5027473
0.551386,0.5032615
0.54630005,0.5040391
0.54022473,0.51288253
0.5331976,0.5309287
0.5077185,0.49498475
0.48315424,0.47636464
0.46309817,0.44140255
0.40813017,0.40441772
0.34066397,0.322514
0.28065443,0.27552933
0.23935615,0.21451515
0.19656852,0.17188892
0.17724617,0.14643356
0.16658384,0.14330168
0.15712331,0.123487696
0.16835132,0.15647154
0.1951752,0.16931237
0.22141095,0.21197645
0.2643306,0.2402561
0.30190447,0.3025455
0.3240093,0.2898978
0.35151,0.33382478
0.36757916,0.37025258
0.3909719,0.3528345
0.38853177,0.34960625
0.38500774,0.36071318
0.3877756,0.36148325
0.37172052,0.3932802
0.34780177,0.3489903
0.3306456,0.3452414
0.32964575,0.32792982
0.28522632,0.28829256
0.24320109,0.2224499
0.20033519,0.20067643
0.151562,0.16060975
0.13855973,0.124712884
0.112569764,0.1029454
0.096074246,0.09483343
0.10686026,0.08998483
0.10824262,0.115027755
0.13080823,0.13139439
0.16240124,0.16942292
0.20935372,0.2034432
0.25376323,0.25597334
0.26871932,0.2754421
0.30727217,0.30663192
0.33018324,0.32391596
0.33189958,0.3187852
0.35601717,0.32291323
0.35692048,0.32704428
0.37639627,0.34923238
0.39056018,0.363139
0.37700003,0.35202688
0.37555036,0.32607475
0.37665823,0.29867262
0.32984456,0.2749571
0.27383077,0.22710475
0.22229339,0.18876545
0.18724942,0.20925957
0.16652487,0.181254
0.1526198,0.1548785
0.1430982,0.1411378
0.16890866,0.15294263
0.22443868,0.18677759
0.30791977,0.2553988
0.37028337,0.3189222
0.3988288,0.33393073
0.42754853,0.39154434
0.45063704,0.41261637
0.46675736,0.44771057
0.49310163,0.47659096
0.5051286,0.47934008
0.5167266,0.46832132
0.50933313,0.4714292
0.52080846,0.48502246
0.516126,0.49542192
0.48760244,0.4855064
0.48005968,0.45178738
0.4666801,0.42491975
0.39351434,0.39379773
0.30266428,0.34264138
0.24914022,0.27619007
0.2475752,0.2032825
0.24601018,0.1817477
0.24444516,0.15786532
0.24288014,0.15232639
0.24131513,0.14839509
0.2397501,0.19541515
0.2381851,0.26440293
0.23662007,0.33029884
0.23505506,0.3364157
0.23349003,0.3839364
0.23192501,0.3879465
0.23036,0.41139093
0.22879498,0.45981187
0.22722997,0.44662422
0.22566494,0.4256745
0.22409992,0.4368955
0.22253491,0.43366736
0.22096989,0.44202125
0.21940488,0.4152914
0.21783985,0.39840046
0.21627483,0.38362786
0.21470982,0.36362377
0.2131448,0.2926037
0.21157978,0.23944736
0.21001476,0.16596633
0.20844975,0.13699524
0.20688473,0.11350562
0.2053197,0.114375904
0.2037547,0.11874227
0.20218967,0.17340383
0.20062466,0.24327137
0.19905964,0.28596526
0.19749461,0.32763708
0.1959296,0.3524567
0.19436458,0.38962883
0.19279957,0.4080364
0.19123454,0.4155714
0.18966952,0.42460662
0.18810451,0.4110969
0.18653949,0.39661556
0.18497448,0.41855186
0.18340945,0.42679495
0.18184444,0.39379063
0.18027942,0.40161315
0.1787144,0.3679896
0.17714939,0.33174485
0.17558436,0.27458662
0.17401935,0.21680424
0.17245433,0.15079048
0.1708893,0.12736899
0.1693243,0.11257556
0.16775927,0.13166188
0.16619426,0.14302948
0.16462924,0.20001456
0.16306423,0.30233014
0.1614992,0.3672982
0.15993418,0.37798375
0.15836917,0.4109946
0.15680414,0.4147985
0.15523914,0.42440248
0.15367411,0.45247456
0.15210909,0.4320371
0.15054408,0.42448458
0.14897905,0.41099697
0.14741404,0.4222465
0.14584902,0.40896362
0.144284,0.38100493
0.14271899,0.40123758
0.14115396,0.36363375
0.13958895,0.32465404
0.13802393,0.2560537
0.13645892,0.20677012
0.1348939,0.113240406
0.13332887,0.106203765
0.13176386,0.06611105
0.13019884,0.095711485
0.12863383,0.106907904
0.1270688,0.1579744
0.12550378,0.24350496
0.12393877,0.2986643
0.122373745,0.33269948
0.12080873,0.3660025
0.11924371,0.35868704
0.117678694,0.36940074
0.11611368,0.40478012
0.11454866,0.40511492
0.11298364,0.3580129
0.11141862,0.3494166
0.1098536,0.3820572
0.108288586,0.36673534
0.10672357,0.35109928
0.10515855,0.3822014
0.10359353,0.3659959
0.10202851,0.32679865
0.100463495,0.25044787
0.09889848,0.1963001
0.09733346,0.12413387
0.07796623,0.104380906
0.069091216,0.058611594
0.058500376,0.06992315
0.06455638,0.09551029
0.07481011,0.10311078
0.10069988,0.19303317
0.12773874,0.23880678
0.16292414,0.28410137
0.19937292,0.31701568
0.21609491,0.3188216
0.23098785,0.348991
0.2496678,0.3760059
0.24390715,0.38902244
0.25067496,0.36758777
0.24580614,0.35694197
0.26395488,0.38980004
0.27910715,0.37499315
0.288587,0.3671071
0.3119286,0.38330096
0.31061772,0.37151244
0.26371536,0.34416738
0.22156541,0.26766732
0.18415801,0.20412193
0.15213083,0.17771369
0.12503664,0.15972441
0.120492935,0.1262885
0.12160342,0.14537553
0.14117052,0.16512455
0.20806894,0.17547989
0.30567583,0.23939696
0.36679482,0.29953903
0.39451888,0.34914795
0.4094974,0.39747018
0.42005694,0.41096747
0.42409548,0.44589257
0.42946735,0.45595485
0.42853013,0.4566434
0.403934,0.4618776
0.3963229,0.44686776
0.39479285,0.48920324
0.3861652,0.45587522
0.37901747,0.43507
0.3921758,0.443472
0.3870064,0.41901582
0.33244962,0.37799045
0.28894603,0.3064234
0.23240517,0.25690356
0.20940746,0.20585436
0.18023738,0.1877026
0.17362091,0.153131
0.16984014,0.1604156
0.1795736,0.17651902
0.23356576,0.1985269
0.3350296,0.27777782
0.37522158,0.31180128
0.38441232,0.3639282
0.38505158,0.3788132
0.41709286,0.38879317
0.41430515,0.41052198
0.40520367,0.41764224
0.4112628,0.4048608
0.40325823,0.41928878
0.3911415,0.39495054
0.3917458,0.41665828
0.39412123,0.40036756
0.382422,0.3638764
0.39735147,0.3795291
0.39265487,0.3658454
0.3467012,0.33491266
0.271746,0.26372334
0.209253,0.21685642
0.18656632,0.16966295
0.16892013,0.16844636
0.16289909,0.12372407
0.16186793,0.12934689
0.19025107,0.13750695
0.23097427,0.17007186
0.3238945,0.233435
0.35891497,0.26528034
0.37881866,0.3093801
0.3827085,0.31443223
0.3964424,0.3384363
0.40567905,0.34684443
0.4049224,0.36598632
0.43000016,0.33767116
0.40866297,0.36808947
0.40707186,0.35470566
0.4210187,0.37016538
0.41317117,0.3526574
0.4066163,0.33950174
0.41144857,0.32441118
0.40022004,0.30607608
0.35546714,0.30009934
0.30091298,0.23426339
0.2421,0.18059912
0.21543895,0.20220533
0.17882736,0.18300848
0.15745781,0.13676357
0.15704712,0.15942912
0.17851843,0.15987782
0.23319681,0.19602117
0.33115336,0.2643506
0.37516522,0.30712134
0.38413835,0.33125123
0.39843586,0.35676253
0.40466928,0.36245388
0.41527787,0.36227915
0.41262534,0.3967897
0.44132107,0.35296327
0.42784807,0.39542696
0.4193034,0.37641788
0.42352563,0.3878918
0.4188593,0.37713814
0.4149032,0.38217542
0.41543025,0.36042577
0.41950274,0.3192443
0.35407016,0.30587968
0.2951591,0.23965678
0.23514955,0.18605651
0.19314156,0.20905015
0.17138273,0.18219528
0.16878863,0.14393498
0.16452307,0.16374116
0.18077488,0.15457317
0.23267445,0.18248151
0.31452894,0.2424215
0.34651437,0.29775152
0.37172002,0.3102627
0.37988427,0.3423289
0.39297473,0.35471702
0.40486184,0.34874547
0.3903796,0.3677644
0.40672013,0.34904152
0.3925025,0.35920396
0.37782767,0.3517134
0.369319,0.3641646
0.3739869,0.35620147
0.3529962,0.36240608
0.3449358,0.33802584
0.32800716,0.30655622
0.29881307,0.30152425
0.24632487,0.2422004
0.19921009,0.18858597
0.16585168,0.1586054
0.1487764,0.13988481
0.13251519,0.10374065
0.12564825,0.114592984
0.13184775,0.10099773
0.15719637,0.13066629
0.17088279,0.1554478
0.21672426,0.19376421
0.2524002,0.19269374
0.2738031,0.2336655
0.3029393,0.240844
0.29400793,0.2381236
0.3088831,0.2596893
0.29540905,0.23708278
0.29198003,0.2301316
0.28537557,0.24322304
0.2875026,0.25302494
0.29730597,0.2621693
0.29128024,0.25484985
0.3035655,0.22592872
0.29931456,0.22050174
0.2508529,0.21545224
0.21607612,0.18034405
0.16416822,0.14033158
0.14561455,0.13341048
0.11629835,0.106949314
0.10460902,0.08046616
0.09273496,0.07985735
0.10238544,0.08417174
0.110332094,0.119301364
0.13808641,0.13957338
0.17321022,0.1625209
0.2168975,0.19412869
0.2563735,0.23368096
0.26689076,0.2626239
0.28788877,0.2774423
0.29767752,0.27474236
0.28898934,0.2694107
0.28154105,0.26172134
0.27450398,0.25669527
0.29212093,0.28022498
0.3023903,0.30435938
0.30763432,0.27496782
0.33133182,0.28152737
0.30551982,0.256633
0.2634518,0.22055468
0.24065293,0.18954165
0.20004714,0.15471241
0.17610332,0.15005866
0.15998302,0.13382323
0.14094456,0.11408539
0.1522305,0.12821011
0.16069221,0.1430954
0.22102426,0.20637555
0.3257773,0.29151386
0.37799728,0.35981816
0.4075196,0.3559519
0.40736356,0.39860895
0.43783566,0.3951282
0.4481755,0.407237
0.43273672,0.42965817
0.413358,0.41226095
0.43311507,0.37394962
0.3878466,0.37050074
0.3664478,0.38071248
0.38604203,0.3899596
0.39977857,0.3636281
0.41910142,0.38680026
0.39566904,0.3671812
0.35004935,0.3123701
0.28645265,0.26989186
0.23239683,0.2216955
0.19446705,0.20171559
0.17225108,0.16563156
0.17766312,0.15630588
0.17385313,0.14889969
0.19096391,0.16736145
0.24421452,0.21903731
0.3397111,0.301765
0.4015189,0.35923523
0.4053628,0.33987626
0.40681565,0.37343675
0.42476866,0.373694
0.43782836,0.36384964
0.43013272,0.35981852
0.4258301,0.35479736
0.40298218,0.31580898
0.3863583,0.30546644
0.38920182,0.31226915
0.38445407,0.325416
0.39671117,0.31192905
0.41232005,0.3158212
0.3965374,0.3105165
0.3623774,0.27154684
0.30397254,0.24790889
0.24129584,0.1958848
0.22557423,0.23440608
0.19538185,0.20154437
0.1875667,0.18973328
0.19031107,0.19579433
0.20230673,0.20472927
0.24695942,0.24783817
0.3461183,0.3370906
0.39199576,0.40621153
0.4156995,0.3956558
0.40444332,0.42617607
0.4104696,0.42117494
0.40278438,0.40661815
0.39639544,0.42616665
0.3950637,0.41880128
0.3862179,0.3774207
0.36870635,0.36531785
0.36484313,0.37079024
0.3622986,0.36134094
0.3556138,0.36242962
0.37623447,0.36839917
0.36448306,0.3667821
0.33040398,0.34059027
0.2730496,0.2867937
0.22789279,0.23421043
0.20215592,0.21748728
0.18088394,0.20200257
0.16244926,0.17260027
0.15405591,0.18878606
0.18952832,0.19851428
0.23658568,0.24775983
0.3366296,0.32892504
0.39628115,0.3891139
0.41017058,0.38634217
0.40499127,0.41521144
0.41710225,0.42032385
0.40214303,0.41071305
0.4022234,0.4155751
0.39431953,0.39431542
0.37927318,0.38338873
0.35317573,0.3677406
0.35603908,0.3759644
0.3629097,0.37133703
0.36460623,0.35423535
0.3886288,0.3546306
0.3846675,0.3336485
0.3331442,0.29958248
0.27489012,0.2541181
0.23160414,0.2039553
0.22807387,0.1943613
0.22454359,0.17355597
0.2210133,0.14428902
0.21748301,0.1650612
0.21395274,0.17590716
0.21042246,0.23520146
0.20689218,0.32548207
0.2033619,0.39394972
0.19983162,0.3849485
0.19630134,0.40860856
0.19277106,0.39944196
0.18924077,0.38845265
0.18571049,0.3994195
0.18218021,0.37796366
0.17864993,0.3581375
0.17511965,0.33821443
0.17158937,0.35534713
0.1680591,0.34403363
0.16452882,0.33743408
0.16099854,0.33854252
0.15746824,0.3150662
0.15393797,0.28418916
0.15040769,0.2230767
0.14687741,0.17479669
0.14334713,0.122833684
0.11956718,0.10574415
0.106191255,0.081632644
0.09832757,0.08409153
0.10211669,0.08952068
0.12286576,0.10548278
0.1529282,0.12756382
0.18783179,0.15872413
0.22197714,0.1989747
0.24984418,0.22574118
0.2639585,0.25394398
0.27390644,0.2731599
0.2745744,0.25543866
0.2648707,0.23585707
0.27013925,0.25864378
0.27475914,0.24967799
0.2823692,0.2663173
0.28239635,0.27316126
0.28896323,0.2825364
0.29232705,0.26503426
0.27581066,0.2323679
0.23745611,0.22424717
0.19242664,0.18889135
0.14553314,0.15821216
0.11287922,0.15214524
0.093215585,0.12826674
0.07959125,0.11489551
0.071441084,0.11932184
0.07430288,0.11631572
0.088314936,0.15220639
0.11483405,0.1923252
0.14377974,0.24300036
0.18803948,0.24999619
0.2149672,0.2954599
0.23776557,0.3271749
0.2527832,0.32231507
0.26805916,0.3345198
0.2819914,0.33037665
0.28142205,0.29983523
0.2947098,0.3055761
0.30922127,0.3040697
0.33444932,0.3165887
0.33277315,0.32130933
0.3402037,0.31872165
0.3115894,0.290884
0.27073467,0.2643024
0.22645874,0.22461706
0.1745712,0.18301502
0.145279,0.15135852
0.129596,0.1431995
0.12227816,0.116432026
0.12490513,0.11289053
0.13215773,0.123261064
0.20247371,0.17179626
0.30781385,0.24797504
0.35440832,0.30627948
0.37239423,0.34068614
0.3948351,0.35692447
0.42244175,0.39991432
0.440436,0.40163398
0.46036372,0.4286457
0.4747593,0.42270142
0.46927264,0.41819593
0.4546584,0.41222864
0.44492546,0.42539993
0.4381227,0.41530532
0.4330232,0.41964757
0.43537048,0.40778226
0.43171912,0.37540522
0.36025143,0.36808378
0.30410978,0.30840227
0.25155896,0.2372176
0.20862992,0.22064477
0.19112515,0.18529889
0.18375462,0.17212418
0.15964748,0.16099381
0.18873303,0.17572445
0.24176133,0.21252614
0.33153692,0.29498154
0.38023704,0.33515626
0.39264545,0.37439835
0.41377026,0.3983039
0.4635125,0.42898077
0.4717848,0.43991297
0.4874678,0.44548255
0.498521,0.4517185
0.49280316,0.4420434
0.50721127,0.42171362
0.49391937,0.42746684
0.49230844,0.43062615
0.45401546,0.4120795
0.487496,0.42418742
0.4416013,0.4042054
0.38497958,0.372377
0.32251057,0.3202718
0.26724562,0.2584408
0.22947083,0.23913264
0.2027529,0.21200386
0.19109228,0.18244304
0.18624173,0.18441416
0.17839266,0.1947129
0.24031635,0.22839552
0.34642148,0.30486754
0.39629212,0.35147768
0.41455826,0.3813393
0.43861166,0.42203322
0.45880184,0.46885586
0.48712704,0.46049717
0.49932778,0.49655998
0.51756626,0.49897283
0.51346195,0.4873686
0.53733736,0.4821357
0.50387096,0.49832407
0.49478823,0.48382205
0.48890758,0.4663101
0.49236166,0.4692682
0.4514506,0.4351551
0.40823767,0.4093047
0.34171653,0.34694946
0.23616089,0.2760316
0.18842462,0.2495744
0.17164886,0.22672471
0.16224939,0.1876734
0.15698397,0.20362575
0.16743444,0.19180591
0.22453627,0.25069195
0.30037755,0.33376998
0.35607928,0.39012203
0.3831557,0.39620554
0.39679936,0.44027433
0.4228175,0.4258352
0.43749282,0.43035606
0.45026183,0.4844487
0.4557407,0.44554526
0.4482663,0.443996
0.4380439,0.43914962
0.43263653,0.42939934
0.39939657,0.44873574
0.39702687,0.43563494
0.40439168,0.41923937
0.39998627,0.38098225
0.36104253,0.36099622
0.29081526,0.29585522
0.22765273,0.24395192
0.22514723,0.1870803
0.22264172,0.16177075
0.22013621,0.118859276
0.21763071,0.14201759
0.2151252,0.1344963
0.2126197,0.1617783
0.2101142,0.21196079
0.20760868,0.26674995
0.20510319,0.2846639
0.20259768,0.34177667
0.20009218,0.32836044
0.19758667,0.34875417
0.19508116,0.39748323
0.19257566,0.38479266
0.19007015,0.36680496
0.18756466,0.36827937
0.18505915,0.39533404
0.18255365,0.38950497
0.18004814,0.36105582
0.17754263,0.36226505
0.17503713,0.34014583
0.17253162,0.30814824
0.17002612,0.2256749
0.16752061,0.185188
0.1650151,0.12295964
0.1625096,0.09799524
0.1600041,0.07294316
0.1574986,0.080910996
0.15499309,0.07216084
0.15248758,0.09544295
0.14998208,0.12699917
0.14747657,0.14901456
0.14497107,0.19322547
0.14246556,0.22881827
0.13996005,0.23372112
0.13745455,0.26143882
0.13494904,0.2742887
0.13244355,0.2586679
0.12993804,0.25486964
0.12743254,0.24456489
0.12492703,0.26598877
0.122421525,0.3001154
0.11991602,0.2696789
0.11741051,0.28973988
0.11490501,0.27221718
0.1123995,0.23999548
0.109894,0.19810298
0.1073885,0.17375788
0.104882985,0.11047889
0.08474813,0.09577374
0.07682548,0.07305611
0.07610429,0.09089902
0.07447927,0.10993557
0.086810455,0.12096331
0.12190661,0.16466989
0.14433186,0.20494086
0.20475104,0.22600594
0.23328866,0.2846232
0.24948932,0.25508076
0.24182656,0.28151414
0.25021052,0.2923854
0.2412494,0.26280296
0.22318625,0.23844227
0.22683708,0.22613972
0.24164182,0.24658003
0.25128186,0.2715274
0.26589093,0.26330802
0.28395197,0.30020666
0.26464945,0.28627267
0.24502182,0.23008582
0.20946749,0.19369066
0.16771154,0.17423132
0.15991883,0.14848332
0.14353134,0.16049786
0.12687615,0.12968138
0.1399494,0.16870509
0.16599937,0.17341998
0.22838332,0.20349881
0.31726968,0.28330487
0.3848444,0.37827688
0.40954122,0.38014635
0.42876548,0.41747564
0.45280948,0.38706285
0.42254508,0.39470804
0.38566005,0.4316588
0.37925544,0.39641583
0.357088,0.3652564
0.3412808,0.36501926
0.33862877,0.37062553
0.34986305,0.34007812
0.35447302,0.3524089
0.36420804,0.3698366
0.34311143,0.3648902
0.30434826,0.34009156
0.26550266,0.26606253
0.20870715,0.22619128
0.18533163,0.18851563
0.16138731,0.17825031
0.1400762,0.16078159
0.1547437,0.16983686
0.17508887,0.18290663
0.22827686,0.22374442
0.3375569,0.32242692
0.3947057,0.36843944
0.405331,0.37785533
0.40620768,0.3913446
0.37922728,0.37576962
0.3751402,0.37353873
0.38246375,0.38901308
0.38564178,0.3527093
0.33637023,0.3421028
0.3227412,0.32344693
0.30821985,0.31364202
0.30391043,0.3211557
0.32441947,0.30716568
0.3656588,0.32881227
0.3441744,0.32280824
0.30522236,0.3010098
0.24981652,0.24773139
0.19711228,0.20923164
0.16620289,0.19650191
0.14881398,0.18999037
0.14513601,0.17075251
0.13620934,0.18118559
0.1467819,0.19728878
0.21035932,0.24252957
0.3040555,0.34230673
0.37093046,0.39615166
0.3789319,0.41637057
0.37308723,0.4199598
0.38085073,0.43592083
0.36667114,0.4341852
0.3558935,0.45065826
0.3505884,0.40543738
0.31733906,0.442935
0.29362017,0.42057976
0.2979275,0.41128728
0.3023063,0.3813528
0.31786144,0.37530452
0.34666154,0.3834355
0.33275804,0.36141726
0.29111063,0.34474528
0.25071254,0.284767
0.1897621,0.22660369
0.15955772,0.18038097
0.1413709,0.16743277
0.15341613,0.13852718
0.14397909,0.16199382
0.15639639,0.15810682
0.23342016,0.20762475
0.31766,0.29519242
0.38875303,0.3498976
0.3995239,0.3654624
0.40477782,0.37540054
0.40100124,0.3591395
0.38167575,0.36185423
0.35910752,0.36741143
0.35272172,0.30937678
0.34091446,0.35484922
0.30927554,0.33181256
0.30544102,0.320555
0.30247903,0.32152373
0.31410572,0.33639562
0.33788514,0.31511664
0.3304212,0.2691489
0.29469728,0.2705252
0.2353776,0.21068588
0.18906021,0.17163357
0.15064043,0.17327987
0.13718936,0.15255389
0.11989229,0.1267077
0.12923853,0.14239414
0.14778176,0.14550912
0.20707013,0.18815336
0.29096347,0.2597218
0.35029933,0.3062698
0.36457124,0.3154069
0.37158537,0.3412751
0.36414543,0.3366993
0.3375068,0.3268554
0.32977724,0.33840692
0.3085204,0.3125525
0.28053597,0.29905874
0.2558934,0.2865043
0.25215334,0.30027294
0.2355305,0.30826816
0.23920429,0.31011534
0.2535472,0.3067207
0.24180308,0.28360134
0.20975502,0.2677592
0.16825165,0.22228914
0.122979,0.17760557
0.09076239,0.073176086
0.073995516,0.08312246
0.06255458,0.049473137
0.06030387,0.06619397
0.06887048,0.059965447
0.08338559,0.09907587
0.11447606,0.08464562
0.15872382,0.14489652
0.20037955,0.15629649
0.23945999,0.19582996
0.25942054,0.17688829
0.26717466,0.1958414
0.26174903,0.22142628
0.25519308,0.17402256
0.23824514,0.15384106
0.23445445,0.1655319
0.23948817,0.18555957
0.23692644,0.19218813
0.2537653,0.20454334
0.2562065,0.21381515
0.2331227,0.21526343
0.21082637,0.18749276
0.17038444,0.14748693
0.124103576,0.13062781
0.100636736,0.10801646
0.0824781,0.08233087
0.071938924,0.07582521
0.062193993,0.08887021
0.072160706,0.09606801
0.080329664,0.11068961
0.11253115,0.14465815
0.1518819,0.1728118
0.19119456,0.1937344
0.21321484,0.22971603
0.2228027,0.25004214
0.22571512,0.24484627
0.22331098,0.23491767
0.20762798,0.2142486
0.2009421,0.21257044
0.19405636,0.2011027
0.20486116,0.21557476
0.23252103,0.22701377
0.25878078,0.22833712
0.27721965,0.25576994
0.2594759,0.2362278
0.22254178,0.20045832
0.18747903,0.18036193
0.1634726,0.1510082
0.14134169,0.15160935
0.13128103,0.15040165
0.11920919,0.13568278
0.120790385,0.16107973
0.13195996,0.17732322
0.19829112,0.23160219
0.3055579,0.34814554
0.37628144,0.4306393
0.37913907,0.4114657
0.388203,0.42837596
0.42900917,0.43114984
0.41392317,0.41077012
0.38225085,0.41761672
0.39168578,0.393069
0.37854677,0.36365095
0.35058686,0.3507793
0.33599973,0.3431289
0.34056327,0.3231368
0.36823514,0.34489244
0.37475714,0.35828036
0.35207412,0.34720042
0.2902856,0.31769034
0.26559293,0.27903432
0.21318614,0.21770191
0.16609539,0.20447624
0.15694015,0.18409447
0.14404327,0.16380836
0.14164853,0.16767298
0.15895447,0.18497059
0.22919844,0.21898192
0.31952456,0.32720745
0.37433913,0.39056578
0.38763365,0.3752326
0.3927639,0.3970691
0.39293092,0.4110343
0.39355972,0.38343385
0.38949248,0.3824823
0.37975693,0.37923402
0.36121893,0.3520985
0.34645018,0.33717263
0.34372407,0.3418049
0.3506688,0.337098
0.37751144,0.35372043
0.37702143,0.3374036
0.35435927,0.32917634
0.32157645,0.3191772
0.26838169,0.28559902
0.21768758,0.2167296
0.16972795,0.2247088
0.15825519,0.20172766
0.1559429,0.1865231
0.1421975,0.19671144
0.17167287,0.21980175
0.22838905,0.24184446
0.3287435,0.3485017
0.3807923,0.4002613
0.38836008,0.39875257
0.3894095,0.41392946
0.38197166,0.4504943
0.37093672,0.41360578
0.37300947,0.41825837
0.36390382,0.40905166
0.33496386,0.40394986
0.32013252,0.3790785
0.31181377,0.38770786
0.3192177,0.3606181
0.34675598,0.3752724
0.36467665,0.3756489
0.34394532,0.36266303
0.30458885,0.34410542
0.2503937,0.30320296
0.1882524,0.23676065
0.1539458,0.22757736
0.14479838,0.20874318
0.14513706,0.18363781
0.1482937,0.19858961
0.1751948,0.21897908
0.24125722,0.26813293
0.34358788,0.3852056
0.398595,0.43944433
0.40692836,0.4260164
0.39746886,0.44306707
0.3943874,0.45070785
0.38474265,0.42768297
0.36810154,0.42368454
0.3517709,0.3919896
0.328445,0.39223978
0.32204872,0.36455846
0.30699924,0.35027742
0.3060286,0.35883024
0.34065145,0.36710078
0.35912633,0.36715284
0.34363848,0.3364826
0.29734042,0.3047045
0.24215741,0.2734578
0.1936347,0.21379322
0.15132405,0.18092269
0.13703594,0.1694035
0.123798296,0.13383944
0.12950206,0.15064912
0.13609296,0.17352863
0.20379764,0.24674869
0.28775048,0.3432408
0.34618717,0.41116944
0.36383858,0.41734093
0.37497526,0.41905496
0.36938894,0.4186448
0.36635596,0.41497883
0.34971225,0.41485026
0.3433332,0.3867208
0.31793973,0.37524614
0.287345,0.34988594
0.2912943,0.35808125
0.2873878,0.35238546
0.2921418,0.35588253
0.28809175,0.36452684
0.26846153,0.32979998
0.23465641,0.30055976
0.1912431,0.23995107
0.14094768,0.1895216
0.10636816,0.10191752
0.084169924,0.087920085
0.07532309,0.07355338
0.06294284,0.093008205
0.07485447,0.085513175
0.097309455,0.1310821
0.12841819,0.13736646
0.17188944,0.19175886
0.20766711,0.19316137
0.2268204,0.23274955
0.2588982,0.23237553
0.25444478,0.23845224
0.24446814,0.2518642
0.23667021,0.20981348
0.2349069,0.18884435
0.22270826,0.20073432
0.23992443,0.20363261
0.24057205,0.21861184
0.25747773,0.22358549
0.26260224,0.23284894
0.23921943,0.20947543
0.21488841,0.17983529
0.180264,0.13949043
0.14300846,0.1282952
0.10522584,0.10897085
0.09044772,0.08743699
0.080290005,0.07017541
0.0745231,0.08076312
0.085684836,0.088945135
0.09597875,0.11851755
0.1266768,0.14184771
0.16565287,0.17561977
0.20684104,0.20068097
0.23486567,0.23901951
0.24794519,0.25613683
0.25153756,0.25923416
0.24517001,0.25009125
0.23018472,0.22993419
0.2208557,0.21891654
0.22139789,0.20947489
0.24368224,0.22467065
0.23740602,0.25158307
0.27750614,0.2620038
0.29857978,0.27793774
0.27252722,0.2523709
0.27229187,0.21516256
0.23210041,0.1977957
0.20012385,0.16719449
0.18898089,0.19374195
0.17104457,0.17391849
0.15976906,0.16421227
0.18536817,0.18617105
0.20972684,0.20064698
0.2685278,0.2622305
0.37600175,0.384747
0.43144774,0.46553558
0.45363557,0.45668855
0.44695958,0.48260796
0.42376724,0.4710763
0.4139289,0.44947597
0.39876932,0.45583636
0.37980494,0.43842393
0.34633592,0.3998536
0.32168707,0.37788644
0.30070788,0.37829992
0.31067148,0.3708685
0.33533332,0.39107287
0.3692256,0.4063448
0.37048113,0.38035432
0.32973444,0.35895786
0.2701502,0.30824837
0.21788901,0.2551592
0.2115152,0.22033817
0.1926839,0.20338684
0.19082144,0.19730046
0.19535524,0.18796398
0.20938504,0.19770312
0.272474,0.2627717
0.38258222,0.365488
0.442407,0.42428878
0.44271857,0.39961562
0.4363719,0.40600872
0.42979142,0.41416013
0.40107274,0.379139
0.3952051,0.38076907
0.37813818,0.3697229
0.33929935,0.3222767
0.31326607,0.31187707
0.31597131,0.290262
0.32897988,0.2975915
0.3515575,0.3064969
0.36904243,0.31406352
0.3535076,0.3294311
0.3204164,0.3007868
0.25373298,0.28043154
0.20141281,0.21210513
0.1633651,0.20907056
0.15786538,0.19210997
0.1384971,0.18507698
0.1539578,0.1855222
0.17190978,0.1969282
0.23507963,0.24849232
0.3223947,0.35114413
0.37778488,0.4100575
0.3867919,0.39976585
0.39615697,0.4036519
0.4098366,0.4257403
0.38526607,0.38707942
0.36595413,0.38416362
0.37468773,0.37758833
0.35790208,0.34459856
0.32055154,0.32740456
0.326212,0.31038493
0.31961954,0.30341932
0.3530077,0.3137163
0.36514947,0.32140833
0.33519712,0.31971017
0.305417,0.30152902
0.2496678,0.25917915
0.20078138,0.19789961
0.16720901,0.1863083
0.14341602,0.17012885
0.14275223,0.1550298
0.13571933,0.1698588
0.15358886,0.17199004
0.2201079,0.24026299
0.32211605,0.3392508
0.3733299,0.39824286
0.36542082,0.3784721
0.3839442,0.40598804
0.39240593,0.40135407
0.382935,0.3776237
0.36850023,0.4024008
0.3869438,0.3561912
0.3480481,0.34908494
0.33784342,0.34148479
0.3282785,0.31654367
0.32590777,0.33179235
0.32574964,0.34245375
0.3479557,0.3346397
0.32622817,0.29267338
0.2824861,0.27779898
0.22997025,0.23392698
0.18148042,0.18820347
0.14504677,0.16696712
0.11953013,0.13132718
0.110190675,0.116932675
0.09910199,0.13070765
0.13127999,0.14367789
0.18061624,0.19634984
0.26180226,0.28487223
0.32457656,0.32746908
0.337272,0.33663774
0.3451148,0.35617322
0.36126745,0.3625391
0.35297638,0.3529022
0.34010926,0.33252305
0.3408174,0.32393956
0.31299,0.311437
0.29801098,0.280657
0.29190436,0.29006484
0.2748364,0.30347976
0.28740084,0.29943398
0.2776079,0.316526
0.25616008,0.2734864
0.21791719,0.23648952
0.1689457,0.1942693
0.14621153,0.15228131
0.09303241,0.09425017
0.07073503,0.07819469
0.054081913,0.067755684
0.048556097,0.07275514
0.049958818,0.05506622
0.080264956,0.10090363
0.11496869,0.09788131
0.14155564,0.15715519
0.1773615,0.16127016
0.20989382,0.20838422
0.21376018,0.20843743
0.219346,0.21933998
0.21213567,0.25339442
0.20769581,0.22038224
0.19460273,0.18931815
0.19876966,0.21427062
0.20891902,0.21510777
0.19964793,0.22264703
0.22613834,0.22578038
0.20860174,0.22738001
0.1909326,0.20614907
0.16673674,0.20284806
0.12861127,0.13540466
0.09723379,0.12106363
0.06445306,0.08325356
0.040464893,0.07459396
0.03233977,0.052631587
0.027554452,0.057276305
0.02479598,0.050221816
0.04525595,0.06816124
0.074790284,0.08239973
0.11243408,0.13035911
0.16090512,0.13992137
0.18758444,0.1994825
0.21052787,0.18980592
0.22248125,0.22495404
0.2325586,0.25438747
0.22369193,0.2192086
0.21775386,0.20151877
0.21708277,0.22932419
0.23514485,0.23180492
0.24711023,0.26001468
0.27338773,0.25624776
0.26372004,0.2534685
0.24944863,0.24096964
0.20971954,0.22501975
0.17522871,0.19076127
0.13683867,0.16603705
0.11904064,0.17619711
0.10091384,0.13486467
0.096734904,0.13551216
0.10203006,0.15017824
0.112951234,0.15188429
0.17608507,0.18941061
0.28008562,0.28589728
0.3427957,0.3512669
0.3720858,0.356396
0.38386333,0.38637844
0.39751688,0.38859844
0.39496976,0.38127503
0.4009501,0.3906448
0.395561,0.3823318
0.3729975,0.3540744
0.35685578,0.34768742
0.36742157,0.34331313
0.376366,0.3473072
0.3965071,0.36153615
0.3894742,0.3844651
0.3745343,0.35354573
0.33132765,0.33497474
0.28502852,0.29020107
0.23773059,0.24433681
0.20213869,0.22118747
0.1914654,0.20113447
0.1799989,0.17364918
0.18475343,0.18327515
0.2059993,0.19678251
0.2688842,0.23480573
0.37839857,0.33870476
0.44669503,0.39405873
0.4596352,0.39605132
0.45478883,0.4130769
0.44209495,0.42243034
0.44585747,0.39367372
0.4330206,0.41257468
0.42083448,0.40123025
0.40172347,0.35593724
0.3779362,0.34397328
0.3838722,0.35056123
0.38031635,0.3528417
0.38856778,0.35671675
0.405522,0.3806304
0.39158976,0.374464
0.35500324,0.36078015
0.32035378,0.32503486
0.2766362,0.26536474
0.25415567,0.2619969
0.22967122,0.23726822
0.21514724,0.21897303
0.21622172,0.2345454
0.24668024,0.24459387
0.30795994,0.27213416
0.41842303,0.37657985
0.47676685,0.42472628
0.49376753,0.4366268
0.50766426,0.43064728
0.49353948,0.45038342
0.47805476,0.40846992
0.47192883,0.40672714
0.47739568,0.3810583
0.4511688,0.37213665
0.43760136,0.33871084
0.4481468,0.3327599
0.45986325,0.332802
0.49202037,0.34974337
0.49894056,0.37887207
0.4801265,0.3648574
0.44940495,0.35000488
0.37335494,0.31732637
0.3425395,0.27090827
0.31824553,0.29245687
0.30111074,0.27849078
0.29548892,0.25573182
0.29738426,0.2883177
0.32315713,0.29727393
0.39484242,0.3274184
0.48173586,0.42837933
0.54618007,0.5003336
0.5490554,0.50156516
0.5338061,0.50001955
0.5249503,0.48872077
0.5195388,0.4566423
0.4839057,0.44363445
0.45948073,0.3979826
0.42094198,0.40385294
0.40058637,0.3628128
0.39848492,0.36496145
0.4142154,0.34275585
0.4469429,0.36058027
0.47062266,0.3900763
0.44858828,0.38235036
0.4224616,0.34293154
0.3764359,0.30887765
0.32566145,0.26407275
0.29680604,0.29473147
0.27957943,0.29347947
0.27681,0.25337568
0.27642906,0.29308438
0.29592988,0.29761457
0.3533135,0.33755067
0.47776356,0.40614176
0.5022543,0.4890702
0.49600154,0.5064725
0.51576847,0.5137185
0.48383263,0.49530166
0.44575256,0.48467508
0.4083055,0.47732365
0.38409972,0.41730165
0.34630147,0.41642553
0.31629747,0.3838526
0.3199942,0.37924218
0.32656476,0.3700447
0.3610107,0.39448398
0.36826748,0.4234437
0.34502503,0.3965993
0.31021276,0.3521692
0.26930326,0.2989352
0.21796572,0.26954412
0.19441539,0.24905485
0.17405404,0.22551778
0.16017976,0.19345008
0.16171347,0.21332057
0.16792655,0.22172783
0.18548872,0.2335206
0.21734838,0.28836644
0.26090938,0.33980995
0.28952527,0.32597333
0.31791675,0.3654132
0.32451704,0.3572781
0.31218168,0.32000932
0.28817892,0.30552912
0.27127895,0.28362784
0.2529742,0.26075926
0.23174086,0.23602775
0.24417435,0.2554121
0.26204023,0.26403195
0.29048494,0.29220182
0.28344524,0.28913546
0.26975936,0.28320497
0.24545182,0.23812698
0.20599408,0.22419098
0.17148083,0.18246143
0.14022546,0.19500446
0.122621015,0.16761875
0.11458095,0.14775895
0.12414637,0.1656254
0.110630065,0.17831396
0.119378276,0.17108852
0.13801439,0.207663
0.18404007,0.236166
0.21439369,0.24326321
0.27684653,0.2947481
0.27479827,0.31418055
0.25354823,0.2825513
0.24355282,0.27767277
0.23800561,0.25283873
0.21615753,0.25570816
0.22577044,0.23552531
0.20648305,0.25052813
0.25320852,0.2538557
0.29564703,0.29158694
0.29887673,0.2986214
0.29476094,0.2714921
0.27952775,0.22857308
0.24298923,0.21383369
0.2210707,0.17804298
0.18640298,0.21440962
0.16391774,0.20259826
0.1607136,0.17803957
0.15393953,0.1966637
0.19298501,0.21044251
0.19952895,0.23296559
0.26913628,0.30900866
0.37718424,0.4086505
0.42795298,0.39805886
0.42192408,0.43881327
0.42180458,0.41995168
0.40830812,0.4125653
0.39154124,0.40456745
0.39250562,0.3910084
0.38863823,0.34541216
0.34538248,0.33042577
0.338192,0.33709303
0.35623217,0.33569694
0.39765674,0.38668776
0.4042346,0.38182786
0.377441,0.36465546
0.3548926,0.33856964
0.3086608,0.30210647
0.25973314,0.2539986
0.21858777,0.2522196
0.19328873,0.24408713
0.15775318,0.19992007
0.15736023,0.21927248
0.1610001,0.21979363
0.17714597,0.25086707
0.23384494,0.34979957
0.32884732,0.42516616
0.3742948,0.43372923
0.36602408,0.45068562
0.3754345,0.47858185
0.37616038,0.45369437
0.36504978,0.4607339
0.37018996,0.46153134
0.35485867,0.42972252
0.34389418,0.4184621
0.32782763,0.41370192
0.33522478,0.41191113
0.3899251,0.44176245
0.38936985,0.42337796
0.36201108,0.38992515
0.3439062,0.40098268
0.31186232,0.34510434
0.2636449,0.27388522
0.2208223,0.26608503
0.19141477,0.22017361
0.18549602,0.19727722
0.1759306,0.2029564
0.18255334,0.20903806
0.22473927,0.23605055
0.28266978,0.30915272
0.37633154,0.3720453
0.4365702,0.41249275
0.44044697,0.4416317
0.43057835,0.44924128
0.42889333,0.443721
0.41050142,0.43982682
0.40196404,0.43746907
0.39538044,0.419991
0.37677982,0.3937884
0.36065063,0.41044527
0.3629676,0.4238953
0.41003072,0.46531212
0.41513696,0.4653353
0.39818746,0.4287698
0.3673934,0.4224784
0.34164557,0.38084772
0.29309103,0.33136854
0.23816268,0.28466535
0.23698199,0.2586628
0.23580128,0.23595123
0.23462057,0.22852398
0.23343986,0.236491
0.23225915,0.26213372
0.23107846,0.35359848
0.22989775,0.42170805
0.22871704,0.4271508
0.22753634,0.4611841
0.22635563,0.4651996
0.22517493,0.45132792
0.22399423,0.43810987
0.22281352,0.44594693
0.22163281,0.41467747
0.2204521,0.39586842
0.2192714,0.39326605
0.2180907,0.40572774
0.21690999,0.43472832
0.21572928,0.409483
0.21454859,0.3981056
0.21336788,0.38531438
0.21218717,0.34890145
0.21100646,0.28335178
0.20982575,0.18010208
0.20864506,0.16650961
0.189461,0.14083639
0.1902542,0.1451345
0.17743298,0.13842472
0.21493903,0.188463
0.2571855,0.2181301
0.34397402,0.2808977
0.39438894,0.32868105
0.41180187,0.35104972
0.4122997,0.37874693
0.42157236,0.39074898
0.4179398,0.40468296
0.39721787,0.3801927
0.371051,0.37607998
0.34040463,0.3665228
0.31692004,0.37309563
0.33145708,0.39655912
0.37710282,0.4243812
0.3760461,0.43020695
0.3525062,0.39706036
0.32792,0.3816152
0.29576862,0.3520162
0.25119054,0.30525225
0.21515767,0.23065615
0.17920518,0.18435344
0.16492906,0.17719314
0.14800094,0.1951425
0.14917144,0.16567826
0.15962712,0.19204614
0.18760166,0.25323787
0.21728837,0.28517482
0.25938925,0.29726964
0.28823736,0.31267977
0.288981,0.3128472
0.2777775,0.28561223
0.26988667,0.26164442
0.2662948,0.23517501
0.25392032,0.23794243
0.2482249,0.22550626
0.24776307,0.20560414
0.27798623,0.23698902
0.309765,0.2564884
0.3148029,0.26144522
0.3006411,0.24022552
0.2894282,0.23330747
0.2667269,0.22383589
0.2353416,0.18988894
0.20529115,0.23654619
0.17936277,0.2112606
0.16920403,0.19030498
0.19757986,0.19176874
0.19492732,0.19075048
0.21336775,0.20498607
0.23634666,0.23940806
0.2536735,0.3000817
0.28709137,0.3464669
0.33242562,0.36540285
0.33168513,0.367324
0.33078387,0.36523488
0.31827682,0.36710733
0.30057952,0.35400295
0.28458443,0.32977098
0.26727328,0.3146504
0.2682914,0.33279675
0.3065823,0.3396731
0.37498936,0.3849495
0.39141026,0.4006834
0.3862461,0.4040723
0.37418625,0.38962254
0.35579488,0.36303514
0.32519546,0.31729874
0.30804136,0.30584192
0.28976062,0.28952226
0.28433344,0.2777229
0.27739343,0.29878354
0.2943257,0.29605234
0.3124708,0.36328024
0.383604,0.4508915
0.5115431,0.54116803
0.53057116,0.56911147
0.5205622,0.5769775
0.5406657,0.559505
0.51658934,0.5523304
0.4915883,0.5390483
0.48306918,0.5016858
0.4644179,0.47844502
0.42571843,0.44758245
0.39893526,0.4388423
0.41977984,0.44539845
0.47692758,0.46213672
0.4816988,0.4993864
0.47236612,0.47840637
0.43914184,0.4380346
0.40870002,0.40054387
0.36499968,0.35863483
0.31243372,0.32945332
0.2932121,0.30242655
0.26606208,0.2862038
0.2635614,0.28476605
0.2603583,0.29148406
0.2952734,0.3131062
0.35274103,0.3900153
0.45113906,0.45164588
0.4923794,0.48365694
0.4889394,0.48441434
0.48389786,0.50876194
0.48336506,0.4908201
0.458914,0.47857141
0.45564413,0.46177334
0.43418744,0.4673228
0.39785817,0.4332927
0.3741085,0.42462417
0.39660105,0.4165569
0.45240816,0.43819714
0.46269217,0.45448935
0.46893397,0.45149264
0.46123102,0.42711228
0.4259282,0.38379896
0.38362014,0.32944176
0.33385128,0.30660146
0.32376352,0.3073655
0.30773765,0.24810381
0.29979047,0.2771082
0.31450492,0.27080414
0.33653983,0.28586754
0.4053143,0.35455447
0.5070892,0.4206015
0.55831087,0.450041
0.5362107,0.47018474
0.5112519,0.4444412
0.5040505,0.43938518
0.458018,0.4523685
0.43423754,0.41345674
0.44284642,0.39636728
0.4231212,0.37821463
0.3900879,0.37709835
0.39380917,0.39199257
0.44869787,0.42187703
0.45675516,0.42191428
0.44477567,0.40562472
0.4364778,0.39484426
0.3972925,0.34713185
0.34687394,0.30034497
0.29060602,0.33370173
0.28725472,0.30069855
0.2581958,0.2787072
0.25763795,0.27892643
0.26529706,0.29789767
0.27812713,0.28915197
0.35832113,0.37123162
0.46148515,0.4142262
0.5098221,0.4383407
0.5092731,0.45514297
0.48163253,0.46980715
0.45697796,0.44265288
0.4458298,0.42395276
0.42497897,0.41497555
0.41206017,0.41173097
0.37899974,0.37258136
0.36509153,0.37824044
0.36742157,0.37694228
0.43119153,0.4011139
0.4332403,0.39994064
0.42957434,0.39974815
0.4140766,0.36322173
0.3855943,0.33615765
0.34384513,0.2860613
0.29167527,0.2792453
0.26055923,0.26639995
0.24684879,0.23701422
0.24290782,0.25704938
0.24358569,0.2532213
0.27022275,0.26104012
0.32964367,0.29646403
0.41602463,0.37575334
0.46406046,0.39152992
0.46271828,0.43973774
0.45832747,0.41041166
0.4452187,0.42888558
0.4257659,0.4311267
0.42392328,0.38027593
0.40724668,0.37928194
0.39487374,0.372224
0.38255665,0.35392725
0.3892112,0.36271095
0.41548818,0.39343163
0.3925385,0.393044
0.3593288,0.36611465
0.33767486,0.33341703
0.29429805,0.27931967
0.2403847,0.26602235
0.20172435,0.19599867
0.16471668,0.1639505
0.14169444,0.16107775
0.14196685,0.1602553
0.13910662,0.15059724
0.15330915,0.14753664
0.18451285,0.15889604
0.23212546,0.20095642
0.2629717,0.2373349
0.29809135,0.2782782
0.31329998,0.28303003
0.30896765,0.29285973
0.2902193,0.29917574
0.28230867,0.2768582
0.26537585,0.26679692
0.25524685,0.26012236
0.26260015,0.25717318
0.29335925,0.28601182
0.33961925,0.30432612
0.34724495,0.32003787
0.34792545,0.31265825
0.329962,0.29517165
0.309024,0.2628654
0.27676198,0.25069582
0.24405432,0.2135252
0.21858306,0.19709963
0.20500883,0.17151166
0.19448845,0.20032953
0.19776198,0.18476519
0.20017186,0.15378234
0.21884713,0.17815022
0.25985736,0.23742428
0.300532,0.25553215
0.3227861,0.3200406
0.32196626,0.33487314
0.30883875,0.3196443
0.30310002,0.321503
0.2901635,0.29884243
0.28079012,0.28895807
0.2689776,0.2828011
0.271674,0.28874326
0.30782324,0.30527952
0.37082765,0.36570793
0.38546437,0.36694893
0.38506046,0.3306911
0.3437152,0.32150018
0.33756003,0.30697846
0.30198848,0.2710189
0.2732056,0.30502003
0.26630318,0.29744002
0.2638766,0.27736053
0.262095,0.30630115
0.27144647,0.3046569
0.2977584,0.30222714
0.36487392,0.39226633
0.48070365,0.49859068
0.52850306,0.5016276
0.520141,0.5350267
0.5046819,0.546596
0.4981797,0.5252399
0.46953827,0.52557373
0.46142304,0.50470096
0.45410886,0.46365634
0.43362334,0.45066077
0.42231235,0.43194368
0.45694146,0.43487254
0.50592023,0.49969333
0.50307304,0.5112063
0.46792367,0.48255876
0.48118845,0.4779434
0.43066448,0.44976363
0.37787098,0.40166554
0.3213834,0.35499692
0.32231277,0.34845552
0.29204005,0.30160913
0.2909974,0.30725783
0.26128614,0.3119559
0.32635394,0.34050757
0.36189523,0.39208812
0.46314827,0.46929953
0.5189293,0.48666745
0.52525353,0.52371365
0.5266599,0.52931136
0.5357656,0.5217264
0.5414949,0.5041224
0.5364205,0.49071556
0.53375703,0.43491963
0.5120942,0.4257334
0.51436627,0.417241
0.5141743,0.45114857
0.52347875,0.46448717
0.5212176,0.4819062
0.4998298,0.46184465
0.47004864,0.42082217
0.415985,0.40626588
0.35608813,0.36104152
0.2924617,0.33853287
0.24609578,0.29550773
0.21835501,0.2635332
0.20180732,0.2717687
0.19253778,0.28323868
0.20615168,0.30935502
0.24237919,0.4078871
0.33546588,0.4745434
0.3973713,0.49713135
0.42373332,0.5350768
0.42689833,0.53516597
0.4412689,0.516316
0.43399698,0.51543236
0.41477013,0.52900547
0.42546898,0.4819809
0.40883154,0.44681814
0.39756802,0.47158393
0.40034947,0.4797287
0.4231885,0.48339584
0.402739,0.4919356
0.38509175,0.4705417
0.35427526,0.44690654
0.31845686,0.39751163
0.2696675,0.34620047
0.2161591,0.25826448
0.17628023,0.23966412
0.15006015,0.19426733
0.14248452,0.21846543
0.1395314,0.20977846
0.14690089,0.22584459
0.16596128,0.29985788
0.19076769,0.35054925
0.2370929,0.36580288
0.28647614,0.40483737
0.31808898,0.4027472
0.34684053,0.38752058
0.3371436,0.42450005
0.29624924,0.37982357
0.23725155,0.3819484
0.20505685,0.37554792
0.18623495,0.36966318
0.19858024,0.39733803
0.22980952,0.42735314
0.23554355,0.4112953
0.23430312,0.36684415
0.22990553,0.37533912
0.21488997,0.33902135
0.18973392,0.29445603
0.1485661,0.1972447
0.121404596,0.16864708
0.10686913,0.1499208
0.103190646,0.1781795
0.10578526,0.17219882
0.117525205,0.18881485
0.15320791,0.25297388
0.19668959,0.28398198
0.24325955,0.32547128
0.27681312,0.33292487
0.29862362,0.3586415
0.3109616,0.3286822
0.30858147,0.32403553
0.2938639,0.2886106
0.28817838,0.3130886
0.2773188,0.28112006
0.2925603,0.29582167
0.31078887,0.30252796
0.3733038,0.33456102
0.3744649,0.35741034
0.36506283,0.32115528
0.35004675,0.3051894
0.32535356,0.28428057
0.29150358,0.24075799
0.25218987,0.30629158
0.21488371,0.3101931
0.2066777,0.26989442
0.2010063,0.29800385
0.20195031,0.28904426
0.22422838,0.28098154
0.25661772,0.31298435
0.27467096,0.39934352
0.30620655,0.42375818
0.33346146,0.48474875
0.33760232,0.44965464
0.32745242,0.45104343
0.31099188,0.4993173
0.29423386,0.44737577
0.26784366,0.42770085
0.26350242,0.42468742
0.26316324,0.44095308
0.3117929,0.44037932
0.37039503,0.49317968
0.38631496,0.50368196
0.384214,0.4935729
0.36344877,0.48315084
0.33954826,0.43752983
0.28587967,0.39875117
0.2515021,0.3220021
0.22700408,0.32242844
0.20433201,0.27031144
0.2035388,0.26990873
0.20220914,0.26376754
0.2104235,0.2745767
0.23400828,0.31630775
0.26712352,0.3972613
0.29630926,0.42870706
0.31621867,0.47466934
0.3215055,0.47368407
0.3022489,0.47374284
0.305082,0.48799437
0.30703002,0.48686963
0.29222947,0.43184757
0.2955865,0.4448788
0.29811484,0.44856653
0.3443362,0.4565146
0.3875695,0.48761985
0.39217216,0.4863901
0.3639988,0.49690852
0.3400169,0.47939304
0.30260843,0.4559284
0.26248902,0.3875811
0.21019024,0.31251645
0.21490462,0.27761737
0.219619,0.25273347
0.2243334,0.2681881
0.22904779,0.276224
0.23376217,0.29900026
0.23847656,0.38618585
0.24319096,0.4697678
0.24790534,0.50333315
0.25261974,0.5421555
0.2573341,0.51532584
0.2620485,0.5209286
0.26676288,0.531849
0.27147728,0.50573653
0.27619168,0.4896823
0.28090605,0.45880193
0.28562045,0.47535118
0.29033485,0.48386276
0.29504922,0.5106354
0.29976362,0.5324619
0.304478,0.50971955
0.3091924,0.48251352
0.3139068,0.43155223
0.31862116,0.38563356
0.32333556,0.31433505
0.32804993,0.29237786
0.30865297,0.25864148
0.3021414,0.28034198
0.32275894,0.27430388
0.33656907,0.29827514
0.4141695,0.3691995
0.5033543,0.4552414
0.5539065,0.48540753
0.57635576,0.53235906
0.58329105,0.49247468
0.5978244,0.4945348
0.6054491,0.51630163
0.6019971,0.4727723
0.6038178,0.48955622
0.5899237,0.45816278
0.58392036,0.48631492
0.59805924,0.49285817
0.6553145,0.5561879
0.6367718,0.55036026
0.6363303,0.5108029
0.61462575,0.5015559
0.58803046,0.4621056
0.50787246,0.40942356
0.47053915,0.48955226
0.41768774,0.45782772
0.4029785,0.42867053
0.39232504,0.41516247
0.39484975,0.43065998
0.4220655,0.4713713
0.48652378,0.49607742
0.5810414,0.5875847
0.64476854,0.63703024
0.64517874,0.66437316
0.64781296,0.66468704
0.6404847,0.6569216
0.61932236,0.62341017
0.6273238,0.5920993
0.6076487,0.6211588
0.5809036,0.56470543
0.56417483,0.602597
0.57840085,0.5780811
0.6259362,0.63504875
0.62279,0.6291278
0.61262864,0.60086
0.5809965,0.5675216
0.5311405,0.5392481
0.45603552,0.48492917
