true,forecasted
0.40497786,0.3974081
0.39131713,0.38693255
0.37740996,0.3794858
0.3686289,0.37171626
0.37530857,0.37860364
0.38445887,0.39113605
0.40151846,0.4162105
0.423444,0.4300596
0.43523574,0.44049022
0.4456123,0.46067637
0.457266,0.4726746
0.46674278,0.48910078
0.47712618,0.498922
0.48087975,0.51344657
0.48582536,0.51645344
0.48928544,0.5178375
0.49661073,0.5278996
0.49307525,0.5292876
0.49206764,0.5221812
0.48119888,0.51618624
0.469805,0.5048296
0.46496862,0.4915474
0.44111004,0.46167582
0.416133,0.43991747
0.3930351,0.38740215
0.37832528,0.37709683
0.36839357,0.37368178
0.36634713,0.36724055
0.36909437,0.376588
0.38386467,0.39070165
0.40248224,0.41470236
0.42363414,0.42967886
0.44006035,0.43687016
0.44676793,0.452056
0.4524385,0.45933998
0.45816955,0.47096494
0.46933734,0.47664598
0.47646543,0.490851
0.48181733,0.49179825
0.48119035,0.48977444
0.4871019,0.49893516
0.48842463,0.49928734
0.48784885,0.49481398
0.47928685,0.49094442
0.47307587,0.47835362
0.4680602,0.46334565
0.44589534,0.43968347
0.41616318,0.41538343
0.3959069,0.3832391
0.38160765,0.37222928
0.3732017,0.3670745
0.36927643,0.3595267
0.3704105,0.36677808
0.3824125,0.3825007
0.40470922,0.41347998
0.42071557,0.4267307
0.43577945,0.43758819
0.44423002,0.4513833
0.45521796,0.45925713
0.46209314,0.46940857
0.4738061,0.47345316
0.48314992,0.48844492
0.48922172,0.4885281
0.4907354,0.48600417
0.4963114,0.49786466
0.49944493,0.49587587
0.4956948,0.48674646
0.4869626,0.48197788
0.47089902,0.47581226
0.45805335,0.46335453
0.4307115,0.4350275
0.4017496,0.41133642
0.37899202,0.38030708
0.3626779,0.37015846
0.35193786,0.3660936
0.35001054,0.3583578
0.35037163,0.36632776
0.35262114,0.37753934
0.35435197,0.4010456
0.36482435,0.41325706
0.37935093,0.42079228
0.3977778,0.43603718
0.41354105,0.4427331
0.42679152,0.45381245
0.44153565,0.46131563
0.45598644,0.4764142
0.47480223,0.47978142
0.4893325,0.48098284
0.5074076,0.4926973
0.5192013,0.49298328
0.52137315,0.4841863
0.50861895,0.476078
0.48928016,0.46533483
0.4710639,0.45375836
0.4465095,0.42446363
0.4139827,0.40000576
0.38703173,0.39676303
0.37173003,0.3795743
0.35874635,0.3713848
0.35138616,0.36718023
0.34762752,0.37103122
0.34729573,0.3783539
0.35059267,0.39221397
0.35962862,0.41115493
0.37779048,0.42767242
0.3956658,0.45169973
0.41097057,0.47348034
0.42842263,0.49672112
0.44152892,0.514698
0.44493306,0.53396285
0.44832173,0.53718007
0.44771135,0.53715646
0.4509407,0.5515445
0.4586946,0.5553112
0.45920107,0.5457283
0.45602614,0.5322875
0.45304647,0.51737165
0.45325914,0.4999321
0.43588606,0.4704888
0.41355512,0.4441793
0.39827237,0.3925217
0.3848903,0.3783046
0.379528,0.37186912
0.37830162,0.36587733
0.38104996,0.3663016
0.39817026,0.3778472
0.4209903,0.40120676
0.43560076,0.41458076
0.45667073,0.43112034
0.45954692,0.44715813
0.46853462,0.45769608
0.47123736,0.47015905
0.4748368,0.47506124
0.47944686,0.48471642
0.478949,0.48254123
0.47677594,0.48411626
0.47895247,0.49351984
0.48128533,0.49885726
0.47758916,0.49399617
0.47022346,0.49575636
0.4611311,0.48807293
0.462699,0.47886926
0.43968508,0.4514286
0.41462982,0.43228954
0.39181077,0.39150596
0.38148218,0.3820147
0.37156454,0.3741064
0.3682791,0.3733524
0.3712742,0.3794375
0.38855973,0.39590043
0.40504658,0.42302355
0.4270151,0.4371993
0.4402382,0.45381677
0.4466896,0.46828538
0.4538801,0.4750175
0.4627212,0.4927933
0.4691481,0.4948576
0.47533232,0.5049027
0.47148252,0.50039756
0.47415176,0.49607772
0.4752729,0.5045684
0.4781904,0.5051709
0.47868884,0.5018799
0.47494808,0.50328016
0.4743735,0.49168313
0.46654478,0.48110628
0.4473934,0.45028153
0.41803113,0.43187493
0.4014338,0.38921195
0.38689882,0.38125032
0.37711936,0.37461776
0.37376663,0.36954123
0.37716648,0.37492144
0.38982296,0.39132488
0.41119477,0.41944626
0.4304299,0.43486077
0.44034824,0.445749
0.450202,0.45746392
0.4548095,0.45905167
0.46418586,0.4707347
0.47497088,0.47296482
0.4805965,0.47942176
0.48530096,0.47987267
0.48731953,0.4792477
0.4873753,0.48587918
0.4933149,0.48951072
0.49310145,0.48262236
0.48916858,0.4835027
0.4798285,0.4766853
0.47587624,0.46483165
0.45233318,0.43608454
0.42302823,0.41605762
0.4002489,0.39594346
0.38379678,0.38607135
0.3775523,0.3799901
0.3727429,0.37319082
0.37503383,0.37762886
0.39068016,0.39413857
0.40689585,0.41782418
0.430196,0.4338823
0.4459227,0.44220573
0.45497555,0.460602
0.47069386,0.4689219
0.48014417,0.4822789
0.49797273,0.491471
0.51615244,0.5053652
0.5260945,0.50809586
0.5321002,0.5101523
0.54296577,0.5232178
0.54265743,0.5236105
0.5375708,0.515483
0.5259294,0.5104537
0.5158514,0.49612397
0.5064767,0.48290414
0.47662544,0.45239803
0.44694403,0.42594066
0.42238516,0.4094385
0.4041015,0.39749664
0.39027566,0.3892537
0.3833117,0.38290173
0.38307104,0.38708878
0.39907914,0.39950204
0.41078502,0.4272155
0.42743692,0.44432175
0.4474679,0.4593462
0.46140817,0.4803937
0.47467676,0.4888348
0.48415747,0.50625324
0.49380025,0.517133
0.49826682,0.5300507
0.49948147,0.5340228
0.4969119,0.5336262
0.49790868,0.54409647
0.4990425,0.5479994
0.49089792,0.54027015
0.4790374,0.53429437
0.4666139,0.5271172
0.45854115,0.5094854
0.43733206,0.48053506
0.41137934,0.4570874
0.39223495,0.37621343
0.3716604,0.36819082
0.35952818,0.3645836
0.35409048,0.35833007
0.3519881,0.3651864
0.35553703,0.37763834
0.3594102,0.39985958
0.3684305,0.41433722
0.38355318,0.42036292
0.40237302,0.43431002
0.41464186,0.4379267
0.42598668,0.44695532
0.43737411,0.45149288
0.44803908,0.45994338
0.46131784,0.46041504
0.47179434,0.46119198
0.48611778,0.46812296
0.49212372,0.46979353
0.4892818,0.46523708
0.4812516,0.46434414
0.46618003,0.45352054
0.4561548,0.44232166
0.4328426,0.41593733
0.40769917,0.39547202
0.3824324,0.37917438
0.36690316,0.36919773
0.35623446,0.36332762
0.3513588,0.35571873
0.34550738,0.36136055
0.34446394,0.37266314
0.3471805,0.39128682
0.35540566,0.39962703
0.3749429,0.41152027
0.39426133,0.42893776
0.4106518,0.4380738
0.4328646,0.45304257
0.45242202,0.46359104
0.4735239,0.4810546
0.4905522,0.48467794
0.50582546,0.48674384
0.5238035,0.49645257
0.5339166,0.50035477
0.53452986,0.48829803
0.52536476,0.4800001
0.5078678,0.4692486
0.4921092,0.4559312
0.4684399,0.42902923
0.43841937,0.40422738
0.41125458,0.4225744
0.39481142,0.4064235
0.38352183,0.39427638
0.37989935,0.38803995
0.38353682,0.38854468
0.39436778,0.40108645
0.41204107,0.41964942
0.42930016,0.43826467
0.45402113,0.45390937
0.4752282,0.47961313
0.49515238,0.49786
0.51136065,0.51964426
0.5274668,0.5390299
0.539471,0.5562732
0.5436819,0.56573886
0.54587734,0.56972647
0.5457101,0.5808447
0.54922277,0.5845637
0.54588616,0.5752202
0.53503513,0.56343687
0.52636003,0.5445288
0.5168949,0.5290935
0.49254748,0.4940687
0.4604341,0.4673245
0.43111068,0.42196244
0.41547376,0.40578032
0.40688777,0.39425844
0.39643782,0.3859403
0.39946678,0.3867103
0.41341785,0.40106243
0.43123853,0.41996577
0.45593676,0.4424593
0.47423837,0.45868468
0.48419738,0.48314342
0.50155216,0.500014
0.51256657,0.52336663
0.5253937,0.5381079
0.5351839,0.5552867
0.5427774,0.56046426
0.54279506,0.5624267
0.5450512,0.5711259
0.5423064,0.57455045
0.53409463,0.56532484
0.52935976,0.5574862
0.5256115,0.54102254
0.51394403,0.52100825
0.49035987,0.49280784
0.45565617,0.4676665
0.43268016,0.4135033
0.41770062,0.3998829
0.40347624,0.3891099
0.3979209,0.38311177
0.39774874,0.38621467
0.40978146,0.40062737
0.4301957,0.42713186
0.45381284,0.44343102
0.4713389,0.4558657
0.49052906,0.47571957
0.5120004,0.48727083
0.5317238,0.5046725
0.54733384,0.5163443
0.5634836,0.5319686
0.5685092,0.54033554
0.57601595,0.5405468
0.57696706,0.5495442
0.5765894,0.5508224
0.56665343,0.5412512
0.54724485,0.5327046
0.5338573,0.51914763
0.52126086,0.50168264
0.49222085,0.46873024
0.45790565,0.44313908
0.43248963,0.4352485
0.4110159,0.4210587
0.39525658,0.4081946
0.38788858,0.4017992
0.38967818,0.40230107
0.4029569,0.41668963
0.42467183,0.4397405
0.44737497,0.4568326
0.46006313,0.47547898
0.4727616,0.4994189
0.48430163,0.5166373
0.4921677,0.5400781
0.5028094,0.5552427
0.5126521,0.5721514
0.51740104,0.57689404
0.5130199,0.5823532
0.51189977,0.59075356
0.5079044,0.5947445
0.5041223,0.58822066
0.49990803,0.58064604
0.49562374,0.56232566
0.49267134,0.54476094
0.46760678,0.512095
0.4455431,0.48581266
0.42169917,0.40577886
0.40507913,0.39495832
0.39780253,0.3852713
0.3907714,0.37877327
0.3910503,0.38079607
0.40470564,0.39111763
0.42256948,0.4134663
0.44136468,0.42982876
0.45541292,0.4443025
0.47109458,0.46390754
0.48762712,0.47648102
0.49701983,0.49365366
0.5116972,0.50510865
0.51716864,0.51746404
0.5248592,0.5196345
0.52370936,0.52335745
0.5259364,0.5310964
0.5284696,0.53654367
0.5219282,0.53002495
0.5132298,0.5229342
0.49971688,0.5120814
0.49639997,0.49629328
0.47337964,0.46478176
0.44595817,0.44265398
0.4226092,0.4028344
0.4021304,0.39164567
0.3875714,0.3795424
0.38249126,0.37145543
0.38104096,0.37460864
0.3826585,0.38244635
0.38037246,0.40501866
0.39495355,0.41354394
0.4178475,0.42859003
0.43939498,0.4485557
0.45981362,0.46494955
0.4801246,0.48233804
0.5007795,0.49474537
0.52081144,0.51008165
0.5293447,0.5168275
0.54102635,0.52311236
0.5501974,0.5296217
0.554793,0.53291655
0.553752,0.5261161
0.5428241,0.5144007
0.52545255,0.5001734
0.5098275,0.48904738
0.4841452,0.4545817
0.45566288,0.43597752
0.43013063,0.43353748
0.40614668,0.41463357
0.3888955,0.40181154
0.377265,0.3923782
0.37126613,0.3942395
0.37180674,0.40570027
0.3709329,0.4251066
0.38342875,0.44058174
0.41400808,0.45710614
0.44392648,0.4839391
0.46868128,0.5068335
0.48771727,0.5300039
0.50975317,0.5502083
0.528101,0.5712186
0.54504156,0.5846157
0.5587673,0.5901353
0.5651269,0.6046181
0.571679,0.6023372
0.56718415,0.5931436
0.5598653,0.5799941
0.545589,0.55607134
0.53152806,0.54205555
0.5027517,0.50773007
0.4701341,0.47743356
0.44339922,0.45606256
0.42757788,0.43758348
0.41652173,0.42177528
0.40903306,0.4166199
0.40968275,0.41674322
0.42490223,0.42783242
0.44331425,0.44778225
0.46806002,0.46444196
0.4866606,0.48693568
0.5044043,0.5159776
0.5277756,0.5399242
0.5498208,0.5737371
0.56975687,0.5955662
0.5803831,0.6166296
0.5823517,0.62334013
0.58537424,0.62873065
0.5869169,0.63835925
0.58623725,0.6431551
0.5784465,0.63373876
0.5664322,0.6209519
0.5404614,0.60205984
0.52559906,0.5805945
0.49788776,0.5440276
0.457688,0.51404214
0.4365263,0.44531643
0.41627574,0.42785206
0.40391383,0.4154619
0.39217958,0.40848422
0.39814273,0.409463
0.4121713,0.42172712
0.43332994,0.44837245
0.44885325,0.46532255
0.46487007,0.4857527
0.4732487,0.51002026
0.4832557,0.5274215
0.49254048,0.550239
0.5006382,0.56588775
0.50759095,0.5830643
0.5083026,0.589499
0.50934285,0.59193516
0.50868833,0.60290647
0.5116258,0.6045874
0.510511,0.59944713
0.5064314,0.5907836
0.5014887,0.5711402
0.49499595,0.5545193
0.47049776,0.5189042
0.4413233,0.49128506
0.41769606,0.4063463
0.39995778,0.3958034
0.3876564,0.38723123
0.38263214,0.37922788
0.38232198,0.38435423
0.39615816,0.3983963
0.41530335,0.42722285
0.4366637,0.441656
0.45132554,0.4542918
0.4687483,0.47255385
0.48704422,0.48147625
0.5071807,0.49534833
0.52609384,0.5056519
0.5440685,0.52055967
0.5566733,0.52614707
0.56503904,0.52768725
0.57358587,0.53738874
0.57994163,0.53791034
0.57530916,0.5294552
0.56463915,0.522014
0.5461356,0.5097491
0.53080463,0.49547654
0.500532,0.46315438
0.464216,0.43813652
0.4380454,0.4412379
0.4135309,0.4267605
0.40017027,0.41428584
0.39423957,0.40494347
0.39606342,0.4083674
0.41118383,0.42253268
0.4272329,0.44725883
0.44715855,0.46237093
0.46614113,0.47816774
0.48875374,0.503518
0.5135987,0.52214736
0.54326975,0.54818046
0.5701892,0.56743747
0.5953753,0.59027475
0.6126433,0.59828573
0.6288102,0.6051301
0.63928676,0.6158397
0.6343442,0.61856633
0.6216069,0.6082312
0.59819865,0.5919993
0.5765498,0.57026917
0.56613916,0.5509852
0.53318083,0.5148372
0.49537224,0.48251843
0.45880076,0.46527946
0.43772927,0.44429696
0.42847002,0.4299705
0.41762573,0.42299706
0.41533774,0.4213397
0.42584696,0.43339062
0.44489378,0.45577738
0.4669734,0.47418195
0.48760045,0.49542126
0.50588757,0.52284956
0.52827084,0.5446758
0.5504699,0.57475823
0.5767417,0.59648937
0.6033407,0.62140197
0.6181783,0.6330581
0.63155544,0.63899195
0.6437108,0.65120804
0.6471091,0.65329516
0.6381951,0.6430244
0.62046057,0.62744427
0.599779,0.60306585
0.5821675,0.58386457
0.54692775,0.54453343
0.51145893,0.5119547
0.47788534,0.46678644
0.43820685,0.4457115
0.41931632,0.4305318
0.40895134,0.41998398
0.40238068,0.4188575
0.40262538,0.4295413
0.39494672,0.45273092
0.40613842,0.47083122
0.42836225,0.49650848
0.45499656,0.52557987
0.47658163,0.5519719
0.48956752,0.58524305
0.5018263,0.6093163
0.51425153,0.63543177
0.52240175,0.64579827
0.53408235,0.65217817
0.5402748,0.663787
0.54695034,0.66545993
0.54609567,0.6549029
0.5339119,0.636577
0.5149079,0.61247283
0.50467503,0.5955692
0.483032,0.55615103
0.45537904,0.5237047
0.43123946,0.4290927
0.41128257,0.4094849
0.39750314,0.3987469
0.38731506,0.39044827
0.37606543,0.38940156
0.37795424,0.40057468
0.37640667,0.41670159
0.38475576,0.43331522
0.40455663,0.44843516
0.4233239,0.4744777
0.44329742,0.49794507
0.46165714,0.52467406
0.48084325,0.53993064
0.50243616,0.561997
0.52858776,0.5705975
0.54505986,0.57296354
0.56080264,0.5879943
0.56634736,0.59049577
0.55748636,0.57787514
0.53894573,0.5692302
0.50498873,0.5517101
0.49066603,0.53585064
0.46691614,0.5031108
0.43548152,0.47523993
0.40677786,0.4472603
0.39107573,0.42990342
0.38129756,0.41632336
0.37803906,0.40830183
0.37892005,0.4077105
0.38452524,0.42017192
0.39451802,0.43773216
0.41170847,0.4551515
0.42981395,0.47383335
0.44500434,0.5031406
0.46646872,0.52359074
0.48556814,0.55225456
0.5005224,0.5719112
0.514885,0.5918852
0.53404975,0.6022852
0.5436358,0.60728073
0.55259794,0.6218983
0.5565898,0.6229297
0.5535223,0.61250883
0.5363291,0.6029928
0.5119581,0.58094406
0.49786964,0.5619191
0.47272015,0.5271077
0.44665402,0.49519438
0.42266896,0.43754205
0.40127262,0.41920385
0.38349032,0.40632492
0.3719771,0.39788276
0.36854818,0.40138602
0.37316626,0.41336012
0.3714589,0.43563595
0.38230944,0.44888306
0.40841594,0.46451673
0.4423205,0.49273187
0.4826055,0.5165866
0.51932985,0.5437162
0.5477357,0.56601113
0.56399703,0.58964646
0.57384235,0.60162413
0.5857225,0.60784566
0.5889665,0.62265486
0.5921241,0.62157303
0.5869355,0.61097616
0.5702673,0.5941106
0.5488937,0.5688404
0.5279234,0.55353874
0.5024361,0.51563376
0.48033294,0.4838333
0.44637087,0.4565997
0.42080733,0.43853578
0.40321967,0.42376393
0.38935432,0.4137637
0.38709396,0.41534638
0.39846244,0.42992455
0.42058966,0.45125434
0.45140627,0.4657815
0.48309156,0.48765394
0.520049,0.5160668
0.56173867,0.54116887
0.5981603,0.5739774
0.6306,0.5973249
0.64887184,0.6273154
0.6526658,0.6375329
0.649897,0.6442043
0.6560013,0.66063935
0.6557884,0.6592137
0.65876085,0.64354336
0.6501919,0.6252043
0.62761325,0.6017097
0.6079296,0.58206826
0.56715244,0.5441087
0.5229999,0.50729924
0.4939821,0.486259
0.46732828,0.46356022
0.45350984,0.44828987
0.43764555,0.441563
0.43311504,0.4399063
0.44431287,0.45081258
0.45956695,0.4736764
0.4832816,0.49101436
0.5138118,0.5197104
0.5492686,0.5496156
0.5860451,0.58196014
0.6181289,0.62477094
0.6356864,0.65300834
0.6399715,0.68624616
0.64292794,0.684964
0.64323866,0.6874453
0.64537287,0.6985605
0.6449649,0.70328015
0.63599,0.69485754
0.6263708,0.6710926
0.60080916,0.6486809
0.5829932,0.62549794
0.5504959,0.5820882
0.51244146,0.54622597
0.47909668,0.46482483
0.45539606,0.44756466
0.43532634,0.43283033
0.42421722,0.42199904
0.42679423,0.42406917
0.43536052,0.43812352
0.44873407,0.46696845
0.47310978,0.4803669
0.49338493,0.50216615
0.51419646,0.52865887
0.5454057,0.5500719
0.57109225,0.5825282
0.60136056,0.6013482
0.62359214,0.6287012
0.6360179,0.63498324
0.6467024,0.6403903
0.6512102,0.6502851
0.6503897,0.65397775
0.6447048,0.6417849
0.62293375,0.62529504
0.59388304,0.6044122
0.5712106,0.58232003
0.5388142,0.54231596
0.49814332,0.5096008
0.46564984,0.4599418
0.4369697,0.4403474
0.42220378,0.42504847
0.4080677,0.416476
0.40505737,0.4167171
0.40187326,0.42856216
0.4039432,0.44897625
0.4163775,0.46392703
0.4398564,0.48610982
0.46458536,0.51562077
0.4944681,0.5426493
0.52317095,0.5754554
0.5412027,0.59790653
0.55450505,0.6240772
0.55213803,0.6329654
0.55757755,0.6364969
0.5630657,0.6507325
0.57201725,0.6498909
0.5662077,0.64027596
0.55374527,0.62525475
0.5334539,0.6019325
0.52206725,0.58183223
0.49952117,0.54467046
0.4696906,0.51159114
0.4410639,0.4406425
0.42036718,0.42527705
0.40424308,0.41107804
0.39628783,0.40127522
0.39263925,0.39911282
0.3906982,0.40805548
0.3914799,0.42381194
0.3995695,0.43777132
0.4180516,0.45829597
0.43416768,0.48789814
0.4536731,0.5132158
0.47554517,0.5402301
0.4956134,0.5615897
0.5074709,0.5837343
0.5234602,0.5940301
0.5330194,0.5990598
0.5442995,0.6110331
0.5502575,0.61113995
0.55098295,0.6017681
0.5394956,0.58965254
0.5227428,0.5704726
0.5081596,0.5568135
0.48366883,0.520623
0.4502881,0.495933
0.42270955,0.43338883
0.40589845,0.41795975
0.3919605,0.40459573
0.38822687,0.3966161
0.39305416,0.3988167
0.40571183,0.40769637
0.42424467,0.42620602
0.45152423,0.43184608
0.47331986,0.44979277
0.49865088,0.47682035
0.5243285,0.5006274
0.54746073,0.5256989
0.57113004,0.547718
0.59539276,0.56997687
0.609529,0.5812658
0.6245095,0.5876677
0.6362064,0.6026587
0.64107466,0.6009738
0.63811535,0.59447455
0.6208647,0.57687926
0.5941103,0.5555409
0.56682587,0.5444076
0.52791536,0.5064782
0.48400494,0.47848344
0.45001352,0.464298
0.42874768,0.44600558
0.41381556,0.43264437
0.40124717,0.4244362
0.40562126,0.42497182
0.41572925,0.4374329
0.43476918,0.4612957
0.4597277,0.47484338
0.48167542,0.4939811
0.50855064,0.52243257
0.5406601,0.54798406
0.56773424,0.5799811
0.59348243,0.60376257
0.6211621,0.6307118
0.6378829,0.6409535
0.6487998,0.646156
0.6595237,0.6602098
0.6574284,0.66012454
0.6537855,0.65029645
0.6369503,0.6309868
0.60989344,0.6056738
0.5873218,0.58798987
0.5482421,0.5473127
0.50622547,0.5123743
0.47119638,0.4769838
0.44815505,0.45728815
0.4315628,0.44313127
0.420459,0.4325263
0.4191939,0.43373156
0.43019038,0.44627988
0.4478384,0.47116584
0.47346362,0.4867499
0.4939682,0.507398
0.5158399,0.53673947
0.54952043,0.5611704
0.5809378,0.59639186
0.607601,0.62049115
0.6329448,0.64965343
0.6486481,0.65875447
0.657529,0.66388935
0.66273975,0.6748006
0.6649394,0.67605615
0.65954494,0.6660157
0.6419844,0.6475351
0.6167579,0.62083334
0.593047,0.5992762
0.5608229,0.5592852
0.5221943,0.5243411
0.4848187,0.48164606
0.45995742,0.46007675
0.44381464,0.44263202
0.43574038,0.4334156
0.43155643,0.4336074
0.44398698,0.4441285
0.45884463,0.46946675
0.4901887,0.4822842
0.5149697,0.5047775
0.537442,0.53369546
0.5634712,0.56215036
0.5970716,0.5954438
0.6242819,0.61950827
0.64501417,0.6465645
0.6608557,0.65889925
0.6663084,0.6625509
0.6668041,0.6732687
0.6652924,0.672
0.65249825,0.6637808
0.63647765,0.6458175
0.6124968,0.6192858
0.5928767,0.6016928
0.5562537,0.5577358
0.51806206,0.52591884
0.48456734,0.47551814
0.46501386,0.45492655
0.44652516,0.44010836
0.4367276,0.42814398
0.43583074,0.42866057
0.4450495,0.44175428
0.4611088,0.46588278
0.48512492,0.48095322
0.508461,0.50152135
0.5371391,0.5302173
0.56958926,0.55499536
0.5931561,0.5888962
0.6228937,0.6092071
0.64788634,0.6376715
0.6622144,0.6502719
0.67507404,0.65469086
0.684457,0.66783345
0.68515563,0.6664707
0.67706805,0.65539026
0.661439,0.6397264
0.63404155,0.6119782
0.6059031,0.5929915
0.56669,0.552926
0.5254513,0.51874
0.48824438,0.46992433
0.4617659,0.45017025
0.44051164,0.43575156
0.42836058,0.4262669
0.4166807,0.4268887
0.41340786,0.43779582
0.41947925,0.45753273
0.42837122,0.47457618
0.45587388,0.4982859
0.4824698,0.52905107
0.5097959,0.5605659
0.5350561,0.59794647
0.55705065,0.6243022
0.5693892,0.65528345
0.56910664,0.6636263
0.5601156,0.66474456
0.5540984,0.6778089
0.5509385,0.67811894
0.54416794,0.6670358
0.53742635,0.64812684
0.52522814,0.62368536
0.5163427,0.60366285
0.49366724,0.56491685
0.46693203,0.52937955
0.44054735,0.42127955
0.42328984,0.40806842
0.41094142,0.3973239
0.4037011,0.3834715
0.39743683,0.3839485
0.3965388,0.39111924
0.39694172,0.40757224
0.40825316,0.41301823
0.43181497,0.43025595
0.45907834,0.45784903
0.48424238,0.4807499
0.51476157,0.5049539
0.54341763,0.5224502
0.5635439,0.5463316
0.57810456,0.5515524
0.5889797,0.5598898
0.59951395,0.57012457
0.603627,0.57286334
0.5932831,0.5653077
0.578498,0.5501341
0.5604899,0.53184915
0.54532456,0.5189451
0.50986695,0.4858108
0.4773486,0.4610859
0.450104,0.46427968
0.43364656,0.44750077
0.4199736,0.4315396
0.412473,0.42000997
0.41492367,0.418267
0.4272205,0.4316095
0.44473872,0.45387197
0.46927488,0.46373695
0.49108493,0.4853163
0.5177064,0.51500326
0.54428935,0.54424345
0.57399935,0.5774426
0.6001245,0.60009396
0.62184095,0.6268438
0.63099813,0.6346479
0.6323098,0.64056236
0.62969923,0.6541726
0.63150334,0.6532283
0.62106264,0.64227855
0.602184,0.62720585
0.5802326,0.6085343
0.55755866,0.5900431
0.5250659,0.55263853
0.48534873,0.5201252
0.4528638,0.47182536
0.42881802,0.45605564
0.41482788,0.44249177
0.40359148,0.43239558
0.404409,0.4334131
0.41426268,0.44611114
0.43040615,0.47148833
0.44896868,0.48229134
0.46965632,0.50137675
0.4873522,0.53059506
0.51476264,0.55286986
0.5396527,0.5843316
0.56858695,0.6062447
0.59465545,0.6312514
0.6105236,0.6390475
0.6209057,0.6445793
0.63254595,0.6558224
0.6321577,0.6572761
0.61992574,0.6506138
0.6049685,0.63597715
0.58307207,0.61258745
0.56445014,0.59177226
0.53389084,0.5539904
0.49678484,0.5202318
0.4639,0.4615497
0.44415742,0.44593543
0.4299901,0.43187606
0.42281663,0.42273754
0.42300436,0.42377102
0.43672088,0.4362675
0.4559102,0.46225175
0.47524694,0.47600138
0.49434772,0.4948126
0.51279664,0.52176416
0.5392395,0.54129213
0.56136084,0.57088596
0.5892025,0.58972234
0.6077914,0.6139103
0.6210922,0.6219753
0.6311042,0.62677795
0.63717943,0.6370158
0.6412308,0.64067143
0.63984656,0.63010293
0.62627816,0.615752
0.6058398,0.59632075
0.58887565,0.5727263
0.5520999,0.53417873
0.51084346,0.50128186
0.47783425,0.47370565
0.45678496,0.4548052
0.43970305,0.43798304
0.43181226,0.42767596
0.43009883,0.42638862
0.44409156,0.4402864
0.46455252,0.47088954
0.48674643,0.47626776
0.5108626,0.5011674
0.5383213,0.52618253
0.56995356,0.55095005
0.60126394,0.58065504
0.6326699,0.60168964
0.65933555,0.62765193
0.67470235,0.6359094
0.6833642,0.64060694
0.6830763,0.65445733
0.6761879,0.6545784
0.6652866,0.6426981
0.64480984,0.62610817
0.62305444,0.6104717
0.5882836,0.58965164
0.5525813,0.55092156
0.5082701,0.51553893
0.0,0.48001212
0.0,0.4620418
0.0,0.44835597
0.0,0.43597466
0.0,0.43620354
0.0,0.45001674
0.0,0.4732552
0.0,0.48717958
0.0,0.50696874
0.0,0.5366875
0.0,0.561366
0.0,0.5942638
0.0,0.61532116
0.0,0.6415334
0.0,0.6494508
0.0,0.65169
0.0,0.6613733
0.0,0.6631147
0.0,0.65537685
0.0,0.6444204
0.0,0.6172011
0.0,0.6010058
0.0,0.560491
0.0,0.52918535
0.0,0.23868138
0.0,0.21987775
0.0,0.21533999
0.0,0.22395197
0.0,0.21311317
0.0,0.2190614
0.0,0.20777309
0.0,0.19718915
0.0,0.20436272
0.0,0.21254948
0.0,0.24042678
0.0,0.24302445
0.0,0.26992667
0.0,0.27201268
0.0,0.27919614
0.0,0.2818606
0.0,0.2791626
0.0,0.30111587
0.0,0.2973003
0.0,0.28469032
0.0,0.26887542
0.0,0.26387236
0.0,0.2298511
0.0,0.24531269
0.0,0.36935383
0.0,0.3518627
0.0,0.33717614
0.0,0.33667403
0.0,0.32842112
0.0,0.35244095
0.0,0.34343886
0.0,0.34995168
0.0,0.36862203
0.0,0.38905454
0.0,0.4128517
0.0,0.44306627
0.0,0.47387683
0.0,0.4891311
0.0,0.49959376
0.0,0.5090519
0.0,0.5165274
0.0,0.53459346
0.0,0.51361185
0.0,0.50461614
0.0,0.47690755
0.0,0.47488672
0.0,0.42683664
0.0,0.4262321
0.0,0.36204302
0.0,0.35611585
0.0,0.34142476
0.0,0.3368619
0.0,0.3381362
0.0,0.3464901
0.0,0.34618708
0.0,0.34729022
0.0,0.356115
0.0,0.37948662
0.0,0.40123534
0.0,0.4219162
0.0,0.44147164
0.0,0.45337734
0.0,0.45603386
0.0,0.4680361
0.0,0.47327054
0.0,0.48343652
0.0,0.4738971
0.0,0.46993056
0.0,0.44766098
0.0,0.44736657
0.0,0.40087733
0.0,0.40216774
0.4053317,0.369617
0.3869209,0.36594686
0.37661454,0.3523671
0.36901683,0.34731233
0.36532074,0.34914356
0.36800697,0.3608936
0.3742811,0.36358383
0.37787908,0.36891085
0.3942203,0.3809807
0.4167263,0.40508017
0.4460353,0.41585892
0.47438288,0.4389082
0.51068705,0.45769644
0.54295045,0.47176394
0.5650254,0.47867554
0.58757675,0.49282172
0.6003973,0.50364107
0.6068754,0.5139821
0.599767,0.4931817
0.57458746,0.4891272
0.5545435,0.46908784
0.5274902,0.462555
0.49207637,0.42003492
0.4557627,0.40702796
0.42941818,0.48200947
0.41004133,0.45519552
0.39985776,0.42714053
0.3883617,0.43464673
0.3830594,0.42277676
0.38139594,0.42009974
0.38866132,0.45759106
0.39292163,0.45903814
0.41439566,0.5332478
0.45172426,0.5708665
0.4887744,0.5982313
0.52614576,0.63309366
0.5578501,0.6536671
0.586026,0.6899608
0.6058736,0.6654591
0.61689013,0.692863
0.63529915,0.6964001
0.6402443,0.7030135
0.630065,0.68529797
0.60350305,0.6630002
0.57809055,0.6353015
0.55007774,0.61319953
0.51659817,0.58866143
0.48113385,0.5379842
0.43124002,0.43590075
0.4110211,0.4179216
0.3962342,0.4001277
0.38541016,0.3968237
0.37920675,0.39767426
0.37899712,0.4115932
0.37935135,0.43616444
0.38068536,0.45693725
0.4022996,0.48580816
0.4427098,0.5120548
0.48692515,0.5250898
0.5352203,0.5522149
0.56873405,0.5786565
0.594922,0.6011392
0.6144818,0.5985625
0.62717694,0.61345565
0.64143294,0.61768603
0.6466127,0.6255951
0.63628334,0.60985565
0.6120226,0.59310925
0.5935508,0.5758891
0.5590777,0.5511086
0.5153874,0.51569337
0.47646037,0.48041028
0.46895167,0.4437977
0.4459142,0.4310286
0.43222216,0.41604495
0.4237696,0.40477294
0.42527887,0.4156304
0.442586,0.4356585
0.47373754,0.45497572
0.49342558,0.47650415
0.51246166,0.5123281
0.54623276,0.54297453
0.58677894,0.55036414
0.63002414,0.6017211
0.67207885,0.6257253
0.69390017,0.65012354
0.7079445,0.6557547
0.7050387,0.6757529
0.71307683,0.6830227
0.7134244,0.69525194
0.7136225,0.6625867
0.6965415,0.6614624
0.67833596,0.62497354
0.63928866,0.60754627
0.59155715,0.5718986
0.5473785,0.52346265
0.51284385,0.4497625
0.4851239,0.43721357
0.469445,0.4201041
0.4548771,0.4061755
0.4570918,0.41205144
0.47044006,0.42892164
0.5041199,0.44915798
0.52000666,0.46820986
0.53622055,0.50369465
0.56062776,0.5351044
0.59054583,0.55187273
0.62391275,0.5999468
0.65080476,0.62182134
0.6751812,0.6491133
0.68487346,0.6563879
0.679356,0.6682202
0.67171896,0.674829
0.6637902,0.67851716
0.66522056,0.6520724
0.64679366,0.648427
0.63634336,0.62132263
0.60214555,0.6014483
0.561695,0.5731268
0.52046376,0.53169805
0.4892816,0.47828752
0.4656463,0.46053833
0.45412385,0.44259274
0.44505847,0.42246318
0.44385207,0.41347754
0.4620224,0.42133617
0.48847756,0.42837355
0.5061156,0.4309284
0.5146636,0.46893385
0.5248876,0.501317
0.53853005,0.5284398
0.55577844,0.5767523
0.5744224,0.5969121
0.59232414,0.6298735
0.59998053,0.6429864
0.59950686,0.648175
0.594531,0.6584897
0.5891702,0.6692452
0.5791203,0.65203106
0.56444865,0.642509
0.5613487,0.62456954
0.5395506,0.613933
0.5088802,0.57828516
0.47143012,0.54756933
0.44928494,0.44705766
0.43052313,0.42908096
0.4178343,0.4127028
0.4120422,0.39745516
0.41346905,0.38839424
0.43046477,0.38685554
0.45998254,0.3848512
0.48024732,0.37709314
0.4899317,0.40683964
0.4974244,0.43813166
0.51130754,0.4669965
0.52375716,0.5042617
0.5397729,0.52414376
0.5580778,0.5509813
0.56678677,0.56216896
0.5743606,0.5721371
0.57770485,0.5836562
0.57190144,0.59350425
0.55541015,0.58554804
0.5382179,0.57232475
0.52316266,0.5572558
0.50616205,0.5447441
0.4784862,0.5135058
0.44642916,0.4945166
0.42166448,0.41265848
0.40400198,0.4015002
0.39611736,0.38991532
0.38867015,0.37986988
0.3822168,0.3802235
0.38749155,0.38746953
0.4027206,0.40123817
0.40293622,0.40815312
0.42119524,0.42237845
0.445583,0.44693422
0.45507756,0.4693879
0.4700138,0.48924118
0.48432818,0.50371903
0.49255955,0.52310467
0.5001102,0.528312
0.4994557,0.5314189
0.4995439,0.53948027
0.4966887,0.5424307
0.4868604,0.53687775
0.47738773,0.5272701
0.47468573,0.5147833
0.45786768,0.5011339
0.43592647,0.469875
0.41443774,0.45099908
0.39625937,0.39316797
0.3827457,0.38087404
0.37434465,0.37305456
0.36746824,0.36395353
0.36500502,0.3638119
0.3658885,0.36644757
0.36841798,0.375602
0.37630185,0.37644655
0.39045516,0.3890414
0.4119918,0.41160357
0.4289147,0.43071753
0.44368768,0.449031
0.4574341,0.46194825
0.47045678,0.4804442
0.4810387,0.4827326
0.49001142,0.48658535
0.50474817,0.49497998
0.513189,0.50021046
0.5104039,0.49630097
0.50684613,0.4857662
0.5042717,0.47678918
0.480205,0.46429062
0.4492467,0.43673816
0.42470655,0.42015064
0.40317422,0.40867728
0.39002413,0.39746362
0.3825261,0.38895887
0.37977082,0.38179553
0.3831626,0.38421214
0.40256086,0.39502472
0.4354164,0.41324088
0.45182484,0.42164397
0.46184897,0.43257627
0.47368282,0.45461604
0.49149054,0.46931994
0.50769883,0.48840186
0.529005,0.5019696
0.54756963,0.5189938
0.5626906,0.5238594
0.5723446,0.5275162
0.5828078,0.53800774
0.58725286,0.54256773
0.5773461,0.5356278
0.5576056,0.52609694
0.5474904,0.51372623
0.5201142,0.49747273
0.48641178,0.4679119
0.45055422,0.44248033
0.0,0.4471962
0.0,0.4296853
0.0,0.41712606
0.0,0.40966928
0.0,0.41231525
0.0,0.42765915
0.0,0.45638523
0.0,0.47209674
0.0,0.4953306
0.0,0.51493216
0.0,0.5319695
0.0,0.5563982
0.0,0.56980866
0.0,0.5879708
0.0,0.59251463
0.0,0.5923824
0.0,0.5979107
0.0,0.6021349
0.0,0.595947
0.0,0.58638716
0.0,0.5668851
0.0,0.5516993
0.0,0.5172789
0.0,0.49150482
0.0,0.32720262
0.0,0.3162281
0.0,0.3090846
0.0,0.3076784
0.0,0.3018128
0.0,0.29932767
0.0,0.28382665
0.0,0.27230704
0.0,0.2882668
0.0,0.3051497
0.0,0.3212102
0.0,0.33912235
0.0,0.35273892
0.0,0.35988152
0.0,0.3610585
0.0,0.37089545
0.0,0.36818326
0.0,0.3909378
0.0,0.3812988
0.0,0.3827176
0.0,0.3738271
0.0,0.36674893
0.0,0.33589166
0.0,0.3441774
0.0,0.36198258
0.0,0.358883
0.0,0.3469634
0.0,0.34380215
0.0,0.34227335
0.0,0.35187095
0.0,0.3430212
0.0,0.3470108
0.0,0.35541707
0.0,0.37960985
0.0,0.39658952
0.0,0.41967443
0.0,0.4370926
0.0,0.44846267
0.0,0.4489236
0.0,0.45817512
0.0,0.46577638
0.0,0.47952867
0.0,0.46693495
0.0,0.46828327
0.0,0.45402205
0.0,0.44583157
0.0,0.40897432
0.0,0.40486187
0.0,0.34389842
0.0,0.33977553
0.0,0.3340308
0.0,0.3284151
0.0,0.33174515
0.0,0.33944118
0.0,0.33960092
0.0,0.3417462
0.0,0.34983274
0.0,0.3673857
0.0,0.37651718
0.0,0.39442784
0.0,0.40290093
0.0,0.41289294
0.0,0.407738
0.0,0.41475743
0.0,0.41825628
0.0,0.43232185
0.0,0.4230857
0.0,0.4259037
0.0,0.41690713
0.0,0.40800887
0.0,0.38207194
0.0,0.37349615
0.38035634,0.35543776
0.36617252,0.35146478
0.35825613,0.34222287
0.35472387,0.33705354
0.35489818,0.3373124
0.35800573,0.3456902
0.36377385,0.34926602
0.3708816,0.35400486
0.3828125,0.36810288
0.40014917,0.3878104
0.41183093,0.39516437
0.42153293,0.41341862
0.43129927,0.42369768
0.43747747,0.4321503
0.4427696,0.43069103
0.4480264,0.44050696
0.45586532,0.44703162
0.4607968,0.45982078
0.458245,0.44612613
0.46049055,0.45001692
0.4617407,0.4394822
0.44087845,0.43313986
0.41879198,0.40090087
0.3947198,0.39320797
0.38292426,0.3992817
0.37363675,0.38559666
0.36567888,0.37326872
0.36623445,0.37388158
0.37312582,0.37426466
0.3908693,0.38720155
0.4226377,0.41128072
0.44194618,0.4311992
0.44617882,0.45601758
0.45739058,0.4786166
0.46620548,0.48395377
0.47092244,0.5036979
0.48065832,0.520778
0.4896759,0.5371442
0.4917609,0.52639717
0.49148774,0.5346423
0.49526748,0.5362409
0.49966225,0.5449035
0.49435043,0.53771794
0.49114227,0.53016543
0.48703626,0.51789325
0.4630233,0.49923697
0.43676904,0.4746597
0.41082767,0.44296643
0.39230686,0.37441573
0.37933385,0.36654556
0.37291563,0.36390588
0.36863923,0.3610093
0.3741601,0.36729616
0.39181277,0.38671255
0.42110303,0.41674006
0.4415032,0.4400627
0.44157684,0.44624716
0.44723213,0.4576897
0.45239252,0.450962
0.46103996,0.46050778
0.4723258,0.46423152
0.48188254,0.4726833
0.48589888,0.46668574
0.4870104,0.46625668
0.49081725,0.4696545
0.49141923,0.47644764
0.4893104,0.46898302
0.48484153,0.47022673
0.48482916,0.46484727
0.46751684,0.44739646
0.43946716,0.42354113
0.40828297,0.39925832
0.39250457,0.36807704
0.3815352,0.36375117
0.37688315,0.35565603
0.37366557,0.35023987
0.37782022,0.3528049
0.39359835,0.363688
0.42359203,0.37166992
0.44073135,0.38028938
0.4417565,0.38997597
0.44703603,0.41299087
0.45591262,0.41976297
0.46621194,0.4405074
0.47978875,0.4528836
0.49631202,0.46661836
0.50906515,0.46684495
0.52125657,0.47543117
0.5322996,0.48201734
0.5356244,0.49460775
0.526699,0.47907048
0.5181924,0.47874698
0.51380783,0.4668756
0.48756504,0.45263678
0.4580408,0.42285976
0.4284457,0.40508422
0.40621558,0.38045433
0.3931193,0.37409765
0.38253838,0.36207873
0.37872836,0.35583907
0.38267776,0.3601069
0.40135366,0.36765516
0.43099707,0.37126455
0.4466191,0.37465334
0.45347163,0.38487002
0.46534127,0.4108239
0.47373638,0.42538637
0.4880957,0.45044735
0.5033459,0.46687558
0.52232474,0.48392078
0.53662664,0.49141508
0.549076,0.50027245
0.5544889,0.50921816
0.55659306,0.5175791
0.5460486,0.5040569
0.5341218,0.49897608
0.52782035,0.4811551
0.49646547,0.47054145
0.46679562,0.43556285
0.43659607,0.42007846
0.4122653,0.40884605
0.3953519,0.39894456
0.38603407,0.38428557
0.37939763,0.37536818
0.37996373,0.36921334
0.39667416,0.37798655
0.42716298,0.3735472
0.443852,0.3714556
0.45461246,0.38834837
0.46322227,0.41880578
0.47547847,0.44219726
0.48959136,0.47529626
0.505089,0.494726
0.515903,0.5172409
0.5281707,0.52510923
0.53151655,0.53609186
0.5348857,0.54931074
0.5330827,0.55954903
0.5185594,0.5435239
0.4974897,0.538093
0.48700082,0.5181746
0.46477678,0.5091439
0.43843436,0.47147384
0.40955293,0.45703366
0.38588688,0.37929505
0.3723403,0.37115657
0.36136174,0.36241
0.35389945,0.35403824
0.35786283,0.3524444
0.36024985,0.3540312
0.36879343,0.35547954
0.38004652,0.34948647
0.3927165,0.36311606
0.40350947,0.38711953
0.41470572,0.40223837
0.42045307,0.4237303
0.42977476,0.4352086
0.43800822,0.45132276
0.44417822,0.45361292
0.4520192,0.46354857
0.45949292,0.471946
0.46250775,0.48179138
0.45971218,0.47493446
0.4517269,0.47125122
0.44525105,0.45776576
0.4289202,0.4508395
0.4075913,0.42025474
0.3907502,0.4097105
0.37226087,0.37009668
0.35674083,0.361862
0.35016337,0.35751793
0.34652913,0.34989142
0.34049824,0.35382545
0.34485343,0.36044842
0.35451484,0.37612227
0.36102566,0.3875019
0.37690374,0.3990138
0.38856074,0.4143092
0.3987879,0.41973746
0.40847412,0.43169627
0.41951835,0.43669114
0.42841548,0.4462437
0.43299994,0.44615185
0.43905532,0.44943127
0.4500214,0.4507619
0.45526078,0.45818365
0.45293954,0.45308813
0.46161807,0.45337334
0.46019706,0.44355148
0.44302398,0.4318611
0.41783816,0.410501
0.39757794,0.3956759
0.3849724,0.38290387
0.37411502,0.37443268
0.37117216,0.3666042
0.3667351,0.35999954
0.37254712,0.36342233
0.39300126,0.3731292
0.4241884,0.3916001
0.44541782,0.40685314
0.45302308,0.4206809
0.46245494,0.43727303
0.47167614,0.4451388
0.4761735,0.45915577
0.48245758,0.4646923
0.48917374,0.4740217
0.4897215,0.4741955
0.4875463,0.4762391
0.4908428,0.47901982
0.49131924,0.48542267
0.49231267,0.4796375
0.4951803,0.47974345
0.49281707,0.4706114
0.4713171,0.45662984
0.45060846,0.4314282
0.4238611,0.41471556
0.40351367,0.39636245
0.39118502,0.38595426
0.38390237,0.37708795
0.3796062,0.3707394
0.38436875,0.37453955
0.40313056,0.38902026
0.43533456,0.4152909
0.4572954,0.43265766
0.46145192,0.4457672
0.4665727,0.46303806
0.47111756,0.4716987
0.4792924,0.48694837
0.48829907,0.49427536
0.496691,0.50540024
0.49660784,0.5063365
0.4961806,0.50722885
0.49751598,0.5113402
0.4978292,0.51433
0.49434027,0.5089378
0.50083226,0.5063835
0.49269432,0.49448228
0.47659126,0.47970366
0.44797465,0.45155796
0.42041674,0.43248832
0.40320584,0.3998596
0.3885608,0.38872218
0.38118,0.3793226
0.3788206,0.3743528
0.38351262,0.3778196
0.40168428,0.391985
0.43233326,0.41816905
0.44909596,0.4367681
0.45240328,0.4498408
0.46048847,0.46736383
0.46905008,0.47566736
0.47533828,0.4887963
0.48021004,0.4968617
0.48337454,0.50695676
0.48331338,0.51047134
0.482201,0.5098303
0.48081428,0.5162906
0.48207733,0.51685894
0.47924367,0.5116068
0.48413208,0.5098357
0.48572743,0.49990457
0.46886078,0.48211974
0.44365472,0.45541182
0.41797832,0.43426532
0.39979452,0.40227962
0.38898462,0.38985533
0.38255695,0.38102734
0.37903708,0.3760615
0.38171405,0.3794049
0.40080705,0.39538884
0.4342102,0.4206266
0.45352542,0.44186842
0.4579379,0.45642874
0.46270725,0.47297668
0.4728504,0.4794895
0.4751689,0.49560025
0.47971186,0.50122654
0.4833181,0.51156986
0.48129576,0.5144981
0.480236,0.5126334
0.48264727,0.5178162
0.48367786,0.5191848
0.48344344,0.5128598
0.48647127,0.51400125
0.485863,0.50120795
0.46795514,0.4850613
0.44195256,0.45905772
0.41969493,0.4390254
0.41838977,0.3936498
0.29979238,0.38432592
0.4157794,0.37584823
0.39686668,0.369043
0.41316906,0.37391675
0.4118639,0.38922185
0.41055873,0.41493136
0.3186959,0.4320283
0.40794837,0.44280902
0.4066432,0.45802966
0.31582648,0.4652254
0.3866465,0.47889572
0.4027277,0.4833635
0.31295708,0.49240983
0.40011734,0.4936348
0.39881217,0.49399036
0.397507,0.49825227
0.39620182,0.5002049
0.28124642,0.49439108
0.37642637,0.49508774
0.3922863,0.4844995
0.37387133,0.47076094
0.38967597,0.44289905
0.38837078,0.42388955
0.38706562,0.36350486
0.37229285,0.35714778
0.36374152,0.35038066
0.35828638,0.34292263
0.35953853,0.3460939
0.36270323,0.34725702
0.36853224,0.35935804
0.38121226,0.35956252
0.3922231,0.3707973
0.40676942,0.38849673
0.41912353,0.3966056
0.43046802,0.4110885
0.44654492,0.41543868
0.45811772,0.42739385
0.46894518,0.4257656
0.48147753,0.43177262
0.49363223,0.43547887
0.49655637,0.44412076
0.48761207,0.43844834
0.477293,0.43605518
0.46534818,0.43140465
0.44243026,0.41842502
0.41874787,0.39256755
0.3942239,0.37948403
0.3738831,0.39645797
0.36072364,0.38629228
0.3523323,0.37686557
0.34735948,0.37150735
0.3444156,0.374444
0.349597,0.38829595
0.35683003,0.40938252
0.36657164,0.42496407
0.3780949,0.43055335
0.39582956,0.4528841
0.40952092,0.46589518
0.42732665,0.48304793
0.44806156,0.4938814
0.4661501,0.50972444
0.48306054,0.51702094
0.49832547,0.51942223
0.51222366,0.5295819
0.5207987,0.5322783
0.5146263,0.5215792
0.50571686,0.516049
0.49557912,0.50306183
0.46556318,0.48547864
0.43478855,0.4531409
0.4073256,0.43041572
0.39070356,0.3975678
0.37666732,0.38932908
0.3692005,0.3798435
0.36646312,0.37336212
0.37246212,0.3783133
0.39005142,0.39445907
0.4257599,0.41872177
0.44641885,0.43413472
0.45272708,0.44002166
0.46032044,0.46037787
0.48042735,0.47007567
0.49341574,0.48652866
0.51679546,0.49677733
0.5398177,0.510472
0.5563325,0.5149559
0.5726263,0.51856434
0.58498186,0.52725714
0.5881333,0.52986914
0.57479054,0.51986635
0.5631862,0.51476073
0.5433442,0.50288945
0.50878894,0.48457593
0.47425446,0.45350605
0.44119275,0.42814076
0.41550556,0.42276764
0.40066212,0.40886402
0.38987455,0.397192
0.38605615,0.39239645
0.38644806,0.39524817
0.40363684,0.41193438
0.43617123,0.4403399
0.4532801,0.45694745
0.45920318,0.46822882
0.46810338,0.48921123
0.48813856,0.5019982
0.50915265,0.52368426
0.5316506,0.5363972
0.55711555,0.55471545
0.5772284,0.5612205
0.5921817,0.56479836
0.5961139,0.57605755
0.59918797,0.5774867
0.58553666,0.56696725
0.5702431,0.55629385
0.552689,0.5401983
0.5164888,0.5223751
0.4807525,0.48535243
0.4497199,0.45744604
0.42139056,0.4166333
0.4036591,0.40466493
0.39407516,0.3941093
0.38551483,0.38817614
0.39128235,0.39205146
0.40720755,0.4085636
0.43839544,0.43826404
0.45988825,0.45503354
0.4643963,0.46736917
0.47184795,0.48708472
0.4894347,0.49612767
0.5090148,0.5159809
0.5327734,0.52770364
0.5557277,0.54448575
0.57307535,0.5513314
0.5833421,0.5552697
0.590179,0.56418794
0.5811735,0.5669201
0.56664675,0.55590224
0.5568548,0.5467165
0.5400179,0.53122765
0.5075885,0.51467
0.4735931,0.47958583
0.44539937,0.45244357
0.42149982,0.40689602
0.40664616,0.39382023
0.39512712,0.38309965
0.38964656,0.374449
0.38767025,0.3785447
0.40467972,0.3922065
0.43825287,0.41596454
0.45518413,0.43198717
0.4628974,0.44583306
0.47106892,0.46998504
0.48138997,0.4845646
0.4912742,0.5045768
0.5054538,0.5172712
0.51579726,0.53280413
0.52000433,0.5377598
0.5188149,0.5399942
0.5184354,0.54542965
0.51148033,0.54398686
0.50812805,0.53871924
0.51138586,0.5341573
0.50338835,0.5128417
0.48384792,0.50039685
0.45779264,0.47003832
0.43305975,0.44957566
0.41311032,0.37819025
0.40294093,0.36695716
0.39427024,0.3614061
0.38708347,0.35328293
0.39357534,0.35534334
0.40539542,0.3623507
0.43279305,0.37587646
0.45272413,0.38668013
0.4587429,0.39703044
0.46556377,0.41546738
0.46709612,0.42489928
0.47271532,0.43799046
0.48137313,0.44350517
0.48805538,0.45511103
0.4918614,0.4570955
0.48814878,0.45600528
0.48837784,0.46080548
0.4864306,0.46662244
0.47542113,0.46063247
0.4691973,0.4624274
0.45688856,0.4541884
0.44137552,0.44370478
0.41991365,0.41848412
0.39589122,0.40509558
0.3782721,0.37255585
0.36701483,0.36542022
0.35390088,0.36140913
0.3518223,0.35811454
0.35242733,0.36083734
0.35478875,0.36744034
0.36770356,0.3830513
0.37738717,0.3898329
0.39071614,0.40503374
0.40177748,0.4194801
0.40520614,0.42554384
0.40478182,0.43582147
0.40496525,0.43909758
0.3998829,0.44504806
0.3997868,0.43974563
0.39998966,0.43850684
0.3992731,0.4421686
0.4020905,0.44957444
0.40471154,0.44968253
0.4154354,0.45447513
0.41536584,0.45036715
0.40292603,0.44286853
0.39368045,0.42132416
0.37796155,0.40981442
0.36502868,0.36489087
0.3580804,0.35784516
0.35463575,0.35379285
0.3525979,0.35340238
0.35567957,0.35779178
0.36121526,0.36595207
0.37301934,0.3842828
0.38473886,0.39194232
0.40006292,0.40591028
0.40870258,0.41467673
0.40439948,0.415874
0.40550447,0.42232838
0.40199468,0.41906974
0.4032601,0.41777855
0.40221122,0.41027865
0.40287098,0.4075818
0.40846416,0.40873772
0.41299784,0.41212794
0.42220128,0.41781136
0.43659443,0.42778963
0.43885973,0.42546767
0.42333138,0.4167512
0.40889746,0.4006727
0.3935413,0.3915015
0.38205194,0.38811928
0.37484413,0.3806232
0.37523618,0.37698972
0.37765142,0.37779194
0.38615462,0.38215178
0.4092548,0.3981576
0.4428658,0.42821154
0.4683214,0.44582087
0.47444886,0.45519003
0.46992385,0.4605961
0.4641455,0.4569376
0.46277156,0.45843163
0.45946586,0.45568272
0.45905483,0.45482162
0.45177794,0.44734475
0.45020527,0.4430983
0.4508574,0.4451987
0.45549062,0.4464167
0.45877737,0.45238683
0.46928158,0.45942965
0.46576655,0.45772463
0.45135304,0.4470534
0.42814606,0.42746487
0.41213065,0.413711
0.39906362,0.40353766
0.39189482,0.39665407
0.39017,0.3923577
0.39191115,0.39310825
0.39908656,0.3986979
0.4196167,0.4173395
0.45355114,0.45219702
0.4740311,0.4756093
0.47331768,0.48225597
0.4657651,0.4888382
0.4571551,0.48364443
0.44895747,0.4872525
0.44817623,0.48315853
0.4478048,0.48419845
0.4434664,0.48224303
0.44060296,0.4760497
0.44115785,0.4800545
0.44271836,0.47955015
0.45063624,0.48133394
0.46270314,0.48874876
0.46018463,0.48451626
0.44640344,0.4728389
0.42573705,0.44817135
0.4030342,0.43113604
0.39861327,0.39917153
0.39147964,0.39644915
0.39009005,0.3924573
0.39078766,0.39174587
0.39792195,0.39936715
0.42013973,0.41909075
0.4574372,0.4571282
0.47808102,0.47495848
0.47801977,0.48129484
0.4681637,0.4837995
0.4641981,0.47334772
0.45760491,0.47048983
0.45554858,0.464478
0.4543866,0.46261433
0.45033157,0.45986736
0.44658732,0.45743883
0.44540793,0.45821857
0.4495161,0.45790443
0.4535783,0.46146765
0.46642396,0.4688888
0.46051466,0.46412206
0.44944385,0.45881128
0.42703718,0.43412742
0.40497312,0.41761723
0.39184493,0.39088583
0.38364935,0.38481605
0.3789267,0.38173035
0.37739468,0.37921178
0.38262463,0.38585287
0.40373078,0.4032094
0.43309578,0.43748632
0.46160135,0.45824593
0.4643202,0.4613722
0.4599281,0.46649534
0.45721036,0.46184564
0.4544554,0.4591081
0.4566702,0.45394737
0.46099705,0.45607302
0.46126112,0.45245486
0.46159935,0.44664848
0.45875397,0.4492532
0.46115297,0.4481262
0.4636427,0.4497712
0.4700191,0.45623714
0.46054423,0.45375937
0.44422838,0.44719973
0.42230058,0.42191753
0.39696756,0.4076699
0.38539597,0.37837636
0.3761965,0.37228575
0.3718346,0.36862868
0.37037653,0.36716306
0.37677532,0.37189984
0.3940532,0.3872519
0.42668164,0.41700864
0.44624564,0.43410057
0.45349532,0.43953368
0.4494813,0.44744927
0.45314845,0.4429201
0.45534852,0.44464883
0.45741782,0.4422999
0.45943755,0.44533566
0.45801154,0.4439769
0.45910326,0.44088647
0.46267042,0.4444834
0.46084592,0.44485337
0.45686066,0.44476244
0.45845217,0.44912824
0.44736516,0.44540423
0.43563935,0.43332705
0.4180409,0.41039458
0.3983589,0.39404464
0.38314226,0.36469513
0.3724105,0.35643005
0.3644603,0.35169113
0.36428377,0.3469965
0.36426336,0.35335302
0.36539185,0.36394066
0.37840053,0.3846703
0.39127874,0.3967598
0.4011239,0.41092315
0.41460502,0.4257114
0.42319724,0.43165892
0.43091664,0.4452556
0.4283937,0.44853324
0.42448273,0.4550264
0.42200044,0.44826964
0.41796568,0.44444972
0.41916817,0.44503385
0.4192578,0.446935
0.42193663,0.44729874
0.42913207,0.45022193
0.42299846,0.44111317
0.41200703,0.43261924
0.39640492,0.41069713
0.38066506,0.39868414
0.364558,0.3685521
0.35614672,0.36311382
0.34815168,0.35914394
0.34830448,0.35881895
0.3467792,0.36301553
0.35306183,0.37370193
0.36309588,0.39508304
0.37694415,0.40958607
0.38925284,0.4216304
0.39790905,0.4293548
0.4010786,0.4282543
0.4011999,0.4320033
0.4047533,0.42970204
0.40384665,0.42807174
0.40078074,0.42055318
0.40021905,0.415606
0.40644485,0.41627413
0.41457963,0.42031795
0.42178097,0.42335036
0.4354713,0.4321052
0.43743604,0.43415552
0.42237994,0.42400694
0.40838325,0.4067782
0.39459354,0.39667457
0.38419208,0.3857837
0.3807313,0.3788026
0.37767553,0.37480998
0.3772198,0.37617058
0.3858371,0.38028878
0.40877837,0.3962794
0.4461824,0.42305964
0.46713242,0.4436555
0.46967858,0.45393538
0.4706483,0.46054772
0.47083327,0.45654964
0.46947637,0.4593617
0.4685132,0.45685664
0.46768457,0.45407525
0.4622019,0.44856116
0.4526428,0.44270837
0.45647153,0.44441164
0.45935112,0.44623154
0.46700457,0.4512557
0.4762043,0.46021047
0.47239366,0.4569294
0.4551328,0.4463061
0.43191078,0.4282024
0.41408238,0.41430244
0.39987645,0.4042424
0.39032474,0.39628989
0.38567623,0.3912205
0.37882033,0.39140952
0.3862846,0.39518863
0.4104848,0.41181952
0.44520748,0.44235894
0.46625748,0.46518248
0.4682189,0.47808442
0.46417692,0.48294818
0.46489987,0.47894794
0.45982158,0.4825262
0.4550663,0.47880393
0.4558577,0.47712964
0.45275438,0.4700766
0.44840732,0.46490157
0.44599712,0.4663415
0.44811377,0.4693135
0.45878685,0.47368342
0.47109443,0.48016524
0.46752518,0.4780969
0.4504199,0.4678777
0.43127024,0.4470652
0.4105594,0.43128315
0.39649674,0.3956179
0.389842,0.3893528
0.3863981,0.38745028
0.38463724,0.38785762
0.3948926,0.39360464
0.41651046,0.412165
0.44899395,0.44715324
0.47488964,0.468755
0.47414196,0.47561482
0.47154316,0.47988632
0.46402735,0.4735378
0.45832753,0.47404683
0.45377937,0.46805197
0.45146614,0.46893424
0.44751796,0.4632149
0.44100374,0.45624298
0.44258964,0.45998496
0.44137442,0.46182093
0.45039508,0.46447036
0.46176085,0.47125366
0.45718774,0.47016048
0.44416055,0.46095556
0.4256133,0.43886676
0.4094355,0.42153037
0.39738446,0.39404532
0.389252,0.389158
0.3822897,0.38527733
0.3843395,0.38337195
0.39432982,0.38986456
0.41719455,0.4075184
0.45545992,0.43925467
0.47983533,0.46004975
0.4822134,0.46786574
0.4762809,0.47334588
0.46999726,0.46868795
0.46611702,0.470867
0.46234015,0.4668032
0.4586655,0.46760786
0.45191336,0.460493
0.44736776,0.4561838
0.45042688,0.4567939
0.4524195,0.45760393
0.46076947,0.46168438
0.46599638,0.46700844
0.46129566,0.46244633
0.44963527,0.4534904
0.4311039,0.43160877
0.40929052,0.41579682
0.3942078,0.3894229
0.38823795,0.3803071
0.37750587,0.37572977
0.38122642,0.3759588
0.38618505,0.37968427
0.4038393,0.3940537
0.4331158,0.41987917
0.4545076,0.44279212
0.4582079,0.45435968
0.46487206,0.46065614
0.467196,0.45936167
0.46377367,0.46241593
0.46404678,0.45978478
0.46258187,0.45887277
0.45339787,0.4539797
0.4477671,0.4466478
0.44846326,0.44795686
0.45176214,0.44938827
0.4508548,0.45299134
0.4573676,0.4609802
0.45307165,0.45906943
0.44104463,0.44842225
0.42603338,0.4297759
0.4071798,0.41663143
0.3924391,0.37885734
0.3813551,0.3750631
0.37617153,0.37160945
0.3715787,0.36940467
0.3721475,0.3762778
0.38224956,0.38980222
0.39638692,0.4201682
0.41248944,0.43850952
0.42238736,0.44752368
0.42668235,0.45566446
0.42824027,0.45296353
0.42509973,0.45447737
0.42201173,0.45329586
0.41419274,0.45301682
0.4108706,0.44620758
0.4055949,0.44309986
0.4075352,0.4440109
0.4144861,0.44584087
0.42046064,0.44949493
0.42565575,0.4548833
0.4216192,0.45544434
0.4138937,0.44466972
0.40202463,0.42487288
0.3873786,0.41207206
0.37638488,0.37630957
0.36883837,0.3701586
0.3633251,0.36572963
0.35856467,0.36433893
0.36132374,0.3685484
0.36761495,0.38193882
0.37918985,0.40955952
0.39393294,0.42250746
0.40238047,0.43442532
0.41046846,0.44049776
0.41008067,0.4386304
0.40922827,0.44047913
0.4085846,0.43461764
0.4031361,0.43008423
0.3992873,0.42184347
0.39812052,0.4169973
0.40218848,0.41799784
0.4110125,0.42165637
0.4244113,0.42644915
0.44397113,0.43678686
0.44007453,0.43984646
0.43218485,0.43512043
0.41861117,0.4152005
0.40175036,0.4073015
0.40081507,0.3913464
0.39807495,0.39169168
0.4017536,0.38948435
0.4051992,0.38994104
0.41775462,0.39725357
0.44476408,0.41521633
0.48660338,0.4456322
0.51399976,0.46657073
0.51501936,0.46672875
0.49961096,0.4708764
0.48560596,0.46104163
0.4723806,0.4555308
0.46375176,0.44916406
0.45863926,0.44349873
0.4500298,0.43684706
0.4454209,0.4325903
0.44588554,0.4351145
0.449093,0.43755728
0.45860943,0.4440914
0.47149205,0.45357743
0.46275032,0.45404541
0.448961,0.44672197
0.43402433,0.42388365
0.4155826,0.40882674
0.406799,0.39995956
0.4012003,0.39285368
0.3990125,0.39130294
0.40154743,0.38948
0.41446054,0.39517742
0.43822414,0.41421634
0.47771084,0.44647047
0.50254804,0.47200853
0.502137,0.47333348
0.4878528,0.47702587
0.47368446,0.46792024
0.46608725,0.46460736
0.46072736,0.4579343
0.4614038,0.45669273
0.45986107,0.4534646
0.45784292,0.45117342
0.45977226,0.45588952
0.4637144,0.4533367
0.46774837,0.45724264
0.47875047,0.46482533
0.46867335,0.4559791
0.45246252,0.44961601
0.42886534,0.4266322
0.40798193,0.4071137
0.3932992,0.38092944
0.38225237,0.3754469
0.37819284,0.36894643
0.376056,0.3641929
0.38043648,0.3677817
0.4005791,0.38264966
0.43884537,0.4116611
0.46468973,0.42976004
0.46438247,0.44114223
0.4607703,0.44829953
0.4589836,0.44503582
0.45700082,0.4509364
0.45571122,0.4494262
0.45721596,0.4537924
0.45690426,0.45177612
0.454963,0.44915712
0.4573217,0.452623
0.45857194,0.4557016
0.46122307,0.44931826
0.46880013,0.45021912
0.46120313,0.45248437
0.44471863,0.44110727
0.4241273,0.41544384
0.40379786,0.39994964
0.38959837,0.3817755
0.3800763,0.37377775
0.37692788,0.3677783
0.37673482,0.36200696
0.38344395,0.36990792
0.40510213,0.38553488
0.44474253,0.4178679
0.4680023,0.43344438
0.46722212,0.4435417
0.46360606,0.45491558
0.46450627,0.4537614
0.46146014,0.46181992
0.4630641,0.46172386
0.46686423,0.46879214
0.46474993,0.4689354
0.46354148,0.4689402
0.46467987,0.4726448
0.46194503,0.47048014
0.46547288,0.4693903
0.4734273,0.47134843
0.46467862,0.4606018
0.4482594,0.44942436
0.4264666,0.42367506
0.4052893,0.4049597
0.38892043,0.3848308
0.377284,0.37416333
0.36996013,0.3658108
0.36863425,0.36362582
0.37005025,0.36563116
0.39061105,0.37879205
0.4231946,0.4050189
0.44757488,0.42484295
0.45395383,0.43957612
0.4559633,0.44990224
0.45837855,0.45313656
0.46034133,0.4629707
0.46350464,0.4640981
0.46700966,0.46952397
0.4649411,0.4687189
0.4636317,0.46739638
0.46260482,0.46934098
0.46373674,0.4731914
0.4619832,0.4696627
0.4626258,0.47311178
0.4552406,0.46973187
0.4392536,0.45200428
0.42104992,0.42935327
0.40149185,0.41263288
0.38100016,0.3787243
0.36862555,0.3684832
0.35818917,0.3609374
0.3564868,0.3549397
0.35308063,0.35821557
0.35873067,0.3658064
0.37101084,0.3859513
0.3857977,0.40102553
0.3997743,0.42075852
0.41236642,0.43527746
0.41873854,0.44456553
0.42101577,0.4595115
0.4213766,0.46331593
0.42022303,0.47005802
0.4202446,0.46596882
0.42054126,0.46306258
0.4230441,0.4626543
0.4249847,0.4704011
0.42548898,0.46741116
0.42992577,0.46847686
0.42019886,0.46475828
0.40836525,0.45088345
0.39399448,0.4298587
0.38345563,0.41736713
0.36894897,0.37841123
0.35825518,0.3699335
0.35412782,0.36492842
0.3495972,0.36207092
0.34921208,0.36498427
0.35047963,0.37628084
0.35820264,0.39808536
0.3692497,0.41390407
0.38641492,0.42883962
0.39931586,0.44210586
0.40566462,0.44537157
0.41301876,0.45649788
0.4212303,0.45789135
0.423534,0.46189946
0.4270793,0.4555911
0.4269123,0.45351243
0.43613273,0.45748824
0.4409582,0.4628402
0.4481046,0.4627621
0.45464316,0.46829298
0.44698757,0.46469003
0.43167126,0.45012137
0.41054982,0.43004188
0.39190787,0.4151145
0.366682,0.39511335
0.36988512,0.3845836
0.3656327,0.3783927
0.36873272,0.3784802
0.37540752,0.3801409
0.3969637,0.3967626
0.4345639,0.42360166
0.45856208,0.4471948
0.46583828,0.46143058
0.47195312,0.47455654
0.47797492,0.4769733
0.48325595,0.4856049
0.48609146,0.4866143
0.48725832,0.48717093
0.4848208,0.48412612
0.48169836,0.4753995
0.4820878,0.47915053
0.48581144,0.48171327
0.49471524,0.48326164
0.5009364,0.49433416
0.4909806,0.49182624
0.4771122,0.47873515
0.4586724,0.45758417
0.44161215,0.44543844
0.42740238,0.4462402
0.41652828,0.44213453
0.41634327,0.4385627
0.41867003,0.43826008
0.42941174,0.44623125
0.45772955,0.46579242
0.4923156,0.5007232
0.51828396,0.52504796
0.5235053,0.5350999
0.5187594,0.53720117
0.5119661,0.5268037
0.50101423,0.52726126
0.4983237,0.5192865
0.4978342,0.5123498
0.49464843,0.49829182
0.49044105,0.4919113
0.48886782,0.48757333
0.48783493,0.49502406
0.50004923,0.50640905
0.5126995,0.52016515
0.51614875,0.5183151
0.50960064,0.5114721
0.49229065,0.49331138
0.47151053,0.47857314
0.4625432,0.4718345
0.46145323,0.46813244
0.46009946,0.46404475
0.4610407,0.4637552
0.47133657,0.47247875
0.4957469,0.48705107
0.53503823,0.5213235
0.56058306,0.5466371
0.5617145,0.55842143
0.5535212,0.5552394
0.5419691,0.5402328
0.52792513,0.53462744
0.51680887,0.52295166
0.5059115,0.51096857
0.49336016,0.49281463
0.48643556,0.48492345
0.49094376,0.48172432
0.50207293,0.48979864
0.52272516,0.5037359
0.5415404,0.5150751
0.5438322,0.51685506
0.53519166,0.5179051
0.51949006,0.50035226
0.5051218,0.48829758
0.4979995,0.4935918
0.49245676,0.48908824
0.49568206,0.48440266
0.49884692,0.4865173
0.5090249,0.49491227
0.5376527,0.5091468
0.5757593,0.5433675
0.60337305,0.57130104
0.5992349,0.5801814
0.5778809,0.57442355
0.5486562,0.5547072
0.5216191,0.54658693
0.50203353,0.530156
0.4878405,0.5200911
0.47107416,0.50158155
0.46558574,0.4938926
0.46761715,0.49126709
0.47924587,0.4983815
0.4998751,0.51159364
0.51826406,0.52281886
0.52285147,0.5244565
0.5167116,0.521704
0.50044286,0.5059566
0.48482496,0.4924882
0.47456023,0.4570108
0.46825904,0.45391086
0.4685648,0.45046824
0.47191915,0.44970977
0.48123917,0.45700663
0.504096,0.47275192
0.5410564,0.5046031
0.5696117,0.53119254
0.5704488,0.53811204
0.5526119,0.53576523
0.52565575,0.52051723
0.5030033,0.51239014
0.48453632,0.49878517
0.47441685,0.49578255
0.46239787,0.48074013
0.45203054,0.47520196
0.45146856,0.47318733
0.45744917,0.47698283
0.46634915,0.4873652
0.4752872,0.49599507
0.4714401,0.49509037
0.4620442,0.49074438
0.44887006,0.47420952
0.43989614,0.4590382
0.42661694,0.40184483
0.42209178,0.39878327
0.41797653,0.3947327
0.41679454,0.39227235
0.4243677,0.39530933
0.4346734,0.40918964
0.4513843,0.4344409
0.46667647,0.45573163
0.4765339,0.4617968
0.47202915,0.4643695
0.45837793,0.4590448
0.4444882,0.4519264
0.4306971,0.4436613
0.41836315,0.4405696
0.41160625,0.43132094
0.4058607,0.42521644
0.41029683,0.42511666
0.41476464,0.42829138
0.4244575,0.43231663
0.43127325,0.44033542
0.42790744,0.44734228
0.41977593,0.44270867
0.40866855,0.4226051
0.3961277,0.41337624
0.3863985,0.37733966
0.37936047,0.37421876
0.37903488,0.37268883
0.37975284,0.37140024
0.37911335,0.37533098
0.38369924,0.3876713
0.39731735,0.41074964
0.41272417,0.42589295
0.42852354,0.43250093
0.43542105,0.43843195
0.42926893,0.43234748
0.41990826,0.42762402
0.41115707,0.42067927
0.40425736,0.41932064
0.4034917,0.41291004
0.40501666,0.4060135
0.4072521,0.4076913
0.4181822,0.41086933
0.43788788,0.41438755
0.45007265,0.42594466
0.4483201,0.43096095
0.441365,0.42448947
0.43132618,0.40744108
0.41959527,0.39931315
0.410163,0.40419805
0.40639096,0.40149155
0.40600565,0.40199226
0.4085535,0.40174216
0.41262296,0.40648013
0.42512053,0.4234172
0.4547445,0.45474604
0.49677035,0.4796762
0.517141,0.48251474
0.507799,0.48525876
0.49203086,0.47011065
0.47538406,0.46398097
0.46835053,0.4543131
0.46452847,0.45024008
0.46022725,0.44315466
0.45538345,0.44144714
0.450004,0.44407696
0.45667103,0.44633105
0.47173104,0.4532152
0.481332,0.4637972
0.47494963,0.4592209
0.46331358,0.45302233
0.44712344,0.43291196
0.42768487,0.41371626
0.40863854,0.4003316
0.39613885,0.38980263
0.3893393,0.38293895
0.38582197,0.37933528
0.38622805,0.38181645
0.39290223,0.39546508
0.41472507,0.42493406
0.44459635,0.44938296
0.45676106,0.46002486
0.46033013,0.46944675
0.46241426,0.47047496
0.45938239,0.47341856
0.45831513,0.4705168
0.45718205,0.47277358
0.45707893,0.46973708
0.45582858,0.46256268
0.45384765,0.46202737
0.45552528,0.46362144
0.4706625,0.4654948
0.48109168,0.471518
0.47566372,0.4720117
0.46733946,0.4624427
0.44912988,0.4401294
0.42953816,0.42841887
0.413769,0.40915683
0.4021902,0.40222245
0.39641222,0.4005071
0.39266184,0.39880508
0.39601088,0.40409404
0.4059307,0.41914415
0.42979997,0.4527944
0.4681425,0.47688073
0.48566875,0.480615
0.4822326,0.48640248
0.47488362,0.47616583
0.47408074,0.47304645
0.46942765,0.4675256
0.46797606,0.46713877
0.46733788,0.46480253
0.46582347,0.46283615
0.46541113,0.46567237
0.46820185,0.46934125
0.4808057,0.47573373
0.48712397,0.48181593
0.47947282,0.4769178
0.4684831,0.46462
0.45230818,0.44456616
0.43136558,0.42203876
0.4106262,0.4085946
0.40991104,0.39690545
0.39867422,0.38722408
0.39173174,0.38292313
0.390276,0.3819927
0.3968855,0.3968442
0.41642454,0.43046886
0.45039055,0.45598286
0.46906027,0.4740161
0.47213084,0.48472136
0.4673873,0.48567003
0.4643876,0.4915999
0.46303096,0.49037874
0.46393922,0.49434352
0.46744084,0.4919625
0.46310484,0.48761728
0.4598443,0.48675042
0.45877478,0.4897767
0.4708538,0.49014953
0.47748116,0.49773934
0.4794347,0.4993238
0.47257656,0.4842282
0.45886433,0.4638718
0.4426025,0.45182353
0.4237723,0.4142576
0.4010165,0.41113558
0.39068815,0.40674663
0.3896408,0.404015
0.38875735,0.40992182
0.39738494,0.42592388
0.41799268,0.4576932
0.45131144,0.4782405
0.46656805,0.4877427
0.4731649,0.49131924
0.47631207,0.48411477
0.47932827,0.48172617
0.47241175,0.4751314
0.47395733,0.4704677
0.46757513,0.4620345
0.46112195,0.456975
0.45579717,0.4556551
0.4635601,0.45922962
0.47997323,0.46559203
0.47933698,0.474488
0.47904757,0.47554266
0.47077394,0.47165912
0.46515775,0.45009026
0.4518979,0.43728575
0.43435633,0.3989974
0.4236204,0.3930146
0.42016217,0.39086086
0.41791192,0.39312196
0.42003912,0.39809984
0.42488417,0.41595113
0.43588287,0.44661054
0.45100626,0.46887684
0.4626313,0.47686332
0.4731947,0.48396596
0.46945056,0.47894132
0.4600706,0.47972488
0.44702202,0.4739024
0.4390175,0.4692037
0.43048048,0.45801097
0.4242625,0.45075148
0.42441493,0.4532869
0.43400306,0.45429653
0.45388767,0.46464953
0.46525338,0.47860038
0.46374658,0.47626418
0.46389183,0.4676189
0.4571861,0.44929853
0.45120025,0.4361058
0.44183144,0.41777813
0.43235022,0.4145432
0.4309981,0.41283554
0.42741725,0.41365612
0.43137115,0.41868258
0.4315309,0.43612254
0.441595,0.4633189
0.45483303,0.4863208
0.46822554,0.488791
0.4725619,0.49049133
0.45804957,0.4818188
0.43823403,0.47420064
0.43083742,0.46407896
0.42455018,0.45657903
0.41735908,0.4415771
0.41574976,0.43327656
0.4167245,0.43262047
0.42693648,0.4371654
0.45478025,0.4482973
0.47095263,0.46196964
0.47314575,0.46681708
0.47282055,0.4617213
0.4659295,0.44588956
0.45577228,0.43438536
0.44640905,0.42293978
0.44474328,0.42343283
0.4430057,0.423002
0.44716504,0.4212199
0.45329818,0.4267764
0.46930027,0.4462242
0.4979791,0.47645167
0.536608,0.499844
0.5545233,0.5004516
0.5438886,0.5020649
0.518967,0.48643732
0.4989743,0.47649026
0.4886727,0.46329537
0.4802547,0.45686433
0.47245753,0.44288173
0.4658704,0.43683544
0.45948926,0.436993
0.46799946,0.44014204
0.48829353,0.44897947
0.500592,0.46279368
0.50224566,0.46487856
0.49599507,0.46234125
0.49283126,0.44499168
0.4692616,0.43270105
0.45282358,0.43648168
0.44439495,0.4346094
0.44346625,0.43171632
0.44719929,0.43002152
0.44857943,0.44035643
0.46345982,0.4565373
0.49029785,0.49255356
0.5301449,0.51639843
0.5508094,0.5219115
0.5389879,0.5236564
0.517643,0.5089529
0.4982643,0.49897692
0.48425937,0.48891717
0.47749788,0.4817919
0.47272283,0.47254956
0.46400046,0.46599147
0.4596833,0.46139777
0.46811792,0.4638446
0.49128643,0.4770912
0.5041699,0.49027294
0.5087751,0.49076575
0.5053189,0.4888662
0.49359804,0.4702908
0.47926745,0.4590336
0.46167192,0.4383626
0.4531655,0.43846077
0.44941103,0.43566924
0.44994253,0.43387604
0.44932723,0.44209206
0.45667416,0.4588828
0.48369172,0.48520446
0.521684,0.51264143
0.5407473,0.51105213
0.5287566,0.51201487
0.50730175,0.49515778
0.49481633,0.48491699
0.4798077,0.47201973
0.4706922,0.4634726
0.46583304,0.450332
0.45867634,0.44524238
0.4552306,0.44419986
0.46099243,0.4465999
0.47949034,0.45738336
0.49161693,0.47041208
0.48984456,0.47407174
0.48777834,0.46682405
0.47956598,0.453085
0.46431428,0.44010532
0.45147836,0.42190647
0.44497958,0.42025316
0.43830526,0.41934752
0.43809977,0.4191208
0.44497508,0.42668587
0.45986065,0.44325572
0.48494568,0.47513077
0.5276202,0.49681532
0.5421222,0.4992809
0.5333147,0.49811706
0.5094024,0.48384935
0.49121112,0.4712152
0.47471052,0.46048048
0.46981925,0.45389593
0.4655456,0.44147
0.4615804,0.43730754
0.4593534,0.43786186
0.46321362,0.44027457
0.48208684,0.45005628
0.48821992,0.46094802
0.48395106,0.46445626
0.47937894,0.45989215
0.4653006,0.44442764
0.44797283,0.42766303
0.43219963,0.4068045
0.41660807,0.398314
0.41219357,0.39470857
0.41072327,0.39395624
0.40923762,0.39504254
0.4132937,0.4103763
0.43211225,0.42725202
0.46511275,0.45382464
0.48133415,0.45911705
0.48575443,0.46548876
0.48650855,0.46599418
0.48459804,0.46468988
0.4806509,0.45848763
0.47546563,0.4564723
0.4697806,0.4465854
0.4663742,0.43453413
0.46369287,0.43454796
0.46781766,0.43875286
0.47992805,0.44402233
0.4774664,0.4556311
0.46920848,0.45626247
0.46176478,0.4496926
0.45093247,0.4314098
0.43443564,0.41941229
0.4144207,0.4007018
0.4012155,0.39659107
0.39613006,0.3963362
0.39005727,0.39605987
0.3925694,0.401546
0.3979059,0.41624933
0.41079018,0.4424213
0.42582455,0.46685266
0.44276154,0.4743616
0.45266932,0.47888234
0.45489025,0.46959734
0.45122477,0.46614507
0.44392785,0.45614636
0.43633005,0.44849032
0.43006945,0.43471244
0.42681134,0.42711473
0.4243492,0.4265902
0.43628484,0.43073118
0.4564999,0.4414702
0.47155347,0.4567528
0.4739097,0.46175855
0.47349188,0.45427787
0.4660725,0.44219092
0.45905417,0.43273926
0.44615328,0.41849378
0.4414128,0.4185379
0.4397138,0.4160872
0.44184932,0.41612834
0.44490612,0.42292196
0.4515127,0.43943852
0.45882514,0.4688045
0.47339782,0.489367
0.49129328,0.4945161
0.4931779,0.4964493
0.48043135,0.4827022
0.46215135,0.47403052
0.44702187,0.4627904
0.4394175,0.45259494
0.42726922,0.4411027
0.4238089,0.43537793
0.42382672,0.4329599
0.4350928,0.436275
0.46387887,0.44899198
0.47652978,0.4650957
0.47994986,0.46640474
0.4827063,0.46553373
0.47575265,0.44800028
0.46464682,0.43663365
0.45914602,0.43723863
0.45260394,0.43142813
0.4517444,0.42967278
0.45231378,0.43009382
0.4556309,0.4344524
0.46617946,0.44872713
0.49243057,0.47502923
0.52663195,0.5055621
0.549656,0.5153926
0.545363,0.5166744
0.53827924,0.5040724
0.53139853,0.49710914
0.5233392,0.48688337
0.51381767,0.47897565
0.5064472,0.46707347
0.50190663,0.4588778
0.496595,0.45641005
0.5057691,0.46275625
0.5232683,0.47347775
0.5259516,0.48699945
0.5196759,0.4881993
0.50899434,0.4817928
0.49259475,0.4691169
0.4726757,0.4553433
0.45589674,0.4528561
0.43980372,0.44542342
0.43537238,0.43989003
0.43208805,0.43704993
0.43591124,0.44025326
0.43721667,0.45501828
0.46244672,0.48381886
0.49293503,0.50976074
0.5149106,0.5260573
0.518157,0.5287492
0.5197708,0.5219799
0.5255979,0.5200793
0.52657217,0.5126369
0.5245172,0.5093766
0.52188987,0.49740347
0.51583225,0.49102712
0.51299316,0.49067688
0.5136854,0.4959674
0.52360857,0.5036157
0.5197419,0.51102424
0.5127789,0.51289994
0.5036277,0.50590813
0.48792136,0.48929182
0.46649352,0.4719604
0.44629654,0.44268414
0.4363684,0.43503958
0.42840174,0.43057477
0.42351887,0.42981106
0.42645487,0.43364418
0.434179,0.4479264
0.45184493,0.47502032
0.4759789,0.50379246
0.49682376,0.51810366
0.5038165,0.5226124
0.5032101,0.51658076
0.5077129,0.5146405
0.50852686,0.5084395
0.5074353,0.50450253
0.5059692,0.49244484
0.502657,0.48390657
0.49761656,0.48090804
0.49993443,0.48646438
0.5120845,0.49811718
0.51227415,0.5081868
0.50632185,0.5062303
0.50318474,0.49974582
0.4892844,0.48296252
0.4700464,0.470002
0.45101115,0.46065348
0.43620065,0.4531826
0.42842287,0.45094723
0.42271397,0.44902408
0.420488,0.4538284
0.42497987,0.46874613
0.43454495,0.50234836
0.44607988,0.5284433
0.46186113,0.5421269
0.4695975,0.54264957
0.47118515,0.5330665
0.4710822,0.5266602
0.4658191,0.5154512
0.4456198,0.5103871
0.42254394,0.4963425
0.40576333,0.4883312
0.39849174,0.48709393
0.39967847,0.49335104
0.41684645,0.5046456
0.4282034,0.5151825
0.43201894,0.5149805
0.43704283,0.5159753
0.43715578,0.49678174
0.43602026,0.4833697
0.42623633,0.41063565
0.42321035,0.40869796
0.42175585,0.40860343
0.4234171,0.4078619
0.42404866,0.41389364
0.43139577,0.42969495
0.44549063,0.452404
0.4599694,0.4768551
0.47168928,0.48260972
0.47442967,0.48786515
0.46928376,0.48170924
0.4606814,0.47523412
0.4507216,0.46698594
0.4415282,0.45805877
0.43382627,0.4399555
0.4290105,0.42996174
0.43227085,0.42702365
0.44771585,0.4314537
0.47375077,0.44687268
0.4825666,0.46223423
0.48240298,0.46370828
0.48338977,0.4624236
0.47695035,0.44960842
0.46872035,0.4417895
0.45372215,0.44212556
0.4476355,0.4401266
0.44196355,0.43910807
0.4366839,0.44120735
0.43855375,0.4461882
0.44585964,0.46047425
0.45615682,0.4843226
0.4741962,0.5099597
0.48639208,0.5186044
0.49949634,0.5196331
0.49661437,0.50451154
0.4912118,0.49613154
0.47796068,0.48354292
0.46257365,0.4695766
0.44973668,0.4523373
0.441573,0.44535154
0.441563,0.44354314
0.45722306,0.4497201
0.47944644,0.46690407
0.48643902,0.48347571
0.48944288,0.48560953
0.49157438,0.48333234
0.4868595,0.47234437
0.47611612,0.46063
0.46500066,0.44501865
0.46108755,0.4418416
0.4543392,0.43873793
0.45244473,0.43971026
0.45797667,0.4442184
0.46051735,0.45897788
0.47115418,0.47942796
0.48290142,0.5053925
0.49844855,0.51775897
0.50245655,0.5194373
0.499304,0.5067809
0.49069852,0.50236887
0.47880253,0.49376804
0.47981113,0.48576736
0.4747106,0.46881786
0.47084907,0.46074718
0.47226205,0.45906538
0.48286682,0.46583396
0.50156075,0.47796783
0.5060686,0.4899402
0.5009615,0.4912762
0.493447,0.48698997
0.4784587,0.4737761
0.46499303,0.45992273
0.4504469,0.45771122
0.23078717,0.4513456
0.31773815,0.44799834
0.45936298,0.44788754
0.44118333,0.4527722
0.25929877,0.4659335
0.4682791,0.49266648
0.44949228,0.5199138
0.47422314,0.53699195
0.47719517,0.540014
0.4801672,0.52868074
0.48313925,0.5227198
0.48611125,0.5121476
0.4890833,0.50208884
0.49205533,0.4860294
0.49502736,0.47640106
0.4979994,0.47327572
0.3422719,0.47864088
0.50394344,0.4955092
0.5069155,0.51101255
0.28917536,0.5120917
0.4882672,0.51095796
0.5158316,0.49850094
0.29515067,0.48825112
0.29714245,0.44464377
0.52474767,0.4411689
0.52124643,0.4400457
0.5191261,0.4421792
0.52197623,0.44714147
0.5333171,0.46191883
0.5584879,0.4875025
0.5955826,0.5152981
0.6158237,0.528739
0.61404413,0.53059924
0.60961,0.51796544
0.5980093,0.5091235
0.5873831,0.49620518
0.5809643,0.482175
0.574643,0.4626828
0.5708714,0.45154864
0.5715436,0.44887352
0.5891306,0.45509207
0.61702013,0.47282064
0.6321927,0.49363387
0.63265675,0.49694437
0.6272839,0.49970704
0.6149634,0.48825905
0.59937066,0.48087737
0.58203924,0.53183067
0.5722937,0.5283449
0.57117176,0.5253307
0.5714616,0.5237889
0.5778283,0.5293434
0.59016216,0.54362386
0.61572134,0.5732576
0.6528133,0.5982567
0.66803044,0.61373603
0.652654,0.6102078
0.6289395,0.58969903
0.6046991,0.57985824
0.5812776,0.5622967
0.5621332,0.5492775
0.5478037,0.5294424
0.53484315,0.5231239
0.5292895,0.5198692
0.54216266,0.5292915
0.5738943,0.54895604
0.58774143,0.5635774
0.58929354,0.56200606
0.58658016,0.56234455
0.5737061,0.5498707
0.5540419,0.5328552
