true,forecasted
0.14258178,0.16435447
0.10453709,0.1229254
0.07450541,0.115166485
0.05627215,0.093664505
0.06358708,0.09765357
0.09944315,0.13829136
0.15155703,0.19976771
0.20826067,0.2611453
0.23635933,0.29266405
0.25602692,0.32173327
0.26648507,0.35497862
0.28031513,0.38535336
0.2987634,0.40970984
0.31814578,0.44259995
0.33842045,0.47999513
0.3655575,0.51214874
0.39218548,0.52381873
0.40665594,0.53692085
0.37399316,0.48125795
0.35192683,0.44463414
0.31646132,0.410352
0.29239267,0.37037334
0.2326698,0.31624156
0.17329781,0.25090963
0.11408491,0.1312938
0.084671,0.09075576
0.055789046,0.078163
0.040250406,0.065790504
0.052305344,0.063682795
0.07798026,0.10997206
0.14648508,0.1591422
0.19144098,0.21704346
0.22111171,0.24022399
0.23029613,0.26453316
0.23581576,0.29052046
0.25567973,0.31861407
0.26172248,0.34274206
0.28972432,0.35937595
0.3060789,0.39159757
0.3283529,0.42702433
0.35209784,0.43476653
0.3609424,0.451079
0.3347749,0.40177125
0.3068158,0.38253078
0.2905284,0.35478243
0.275573,0.3156922
0.2193552,0.26755908
0.16873369,0.2106983
0.10480154,0.09711707
0.06715201,0.07169813
0.046301387,0.047293827
0.0324988,0.036684036
0.037158497,0.0395149
0.07827189,0.084157765
0.12462214,0.13172513
0.17983311,0.17978108
0.20938292,0.2128639
0.22406651,0.22225934
0.22974128,0.23498377
0.25605533,0.2635119
0.28529578,0.28165987
0.28263476,0.2822136
0.27977434,0.31395668
0.28279692,0.33962423
0.28882745,0.35459256
0.3134937,0.3552899
0.28454855,0.34031153
0.26629788,0.31415775
0.24850374,0.2951303
0.22655652,0.2593677
0.18646033,0.21155754
0.14440517,0.16735497
0.10456519,0.0876078
0.06384084,0.07331225
0.040265065,0.05509086
0.031790636,0.035000592
0.024494644,0.041033626
0.026423385,0.053552747
0.033764265,0.08351058
0.05865437,0.09882052
0.10255949,0.14174634
0.13274783,0.14926766
0.15122722,0.17071927
0.16944644,0.176264
0.20241214,0.1923337
0.21116477,0.19779211
0.25020406,0.21532227
0.29306388,0.21109608
0.33508486,0.23480737
0.35974225,0.23978911
0.37322664,0.26586372
0.35629827,0.2441383
0.33928344,0.23568955
0.31426844,0.2137219
0.27204806,0.17094496
0.22046982,0.13134429
0.16619053,0.18476093
0.13492484,0.14455092
0.0977926,0.12380366
0.078674674,0.09608248
0.06318337,0.090840906
0.05965905,0.07989034
0.056149084,0.10057992
0.08914564,0.13240555
0.12216235,0.14791453
0.17180727,0.20431426
0.21807875,0.26942512
0.25700992,0.30986392
0.30770382,0.36603618
0.35801506,0.3810643
0.39603257,0.40302116
0.4325901,0.43266404
0.45871574,0.44045553
0.47789657,0.46964812
0.4809558,0.44271576
0.45993358,0.42069614
0.45117393,0.3949469
0.43560416,0.36671042
0.38233596,0.30265215
0.32891172,0.25650096
0.25625962,0.24692345
0.22336903,0.2050913
0.18879889,0.17623961
0.18220343,0.1614609
0.19272752,0.16688162
0.23621123,0.20509511
0.2941327,0.2490151
0.36086023,0.308948
0.40884364,0.3459649
0.4431026,0.39841455
0.4648672,0.45010704
0.47600663,0.50662595
0.47311413,0.5689309
0.4886537,0.58578765
0.47714323,0.6319331
0.4864504,0.6671015
0.485108,0.6867483
0.49420416,0.6868307
0.4336018,0.6278156
0.38866055,0.5816999
0.35869056,0.5272881
0.32866895,0.4904992
0.27526578,0.41392627
0.19940391,0.34203908
0.13565804,0.13117808
0.10336171,0.10529709
0.08359944,0.085612044
0.055123027,0.0890965
0.06582027,0.0890497
0.10526816,0.14421031
0.16645102,0.2162826
0.2290548,0.26631778
0.2556278,0.29917377
0.2818075,0.3202495
0.28944856,0.3111961
0.28435433,0.32218486
0.32085964,0.31899732
0.33904433,0.3573455
0.36276576,0.37730828
0.3977274,0.39889324
0.4211624,0.39947373
0.44268453,0.40557843
0.41800758,0.37732762
0.38395995,0.35372564
0.3590964,0.34333208
0.32971242,0.2790748
0.27712828,0.2500574
0.19922619,0.1840977
0.14130594,0.15875894
0.101259515,0.13387829
0.07912908,0.09557134
0.0645374,0.078819126
0.077801615,0.0756048
0.1335815,0.10923651
0.18487361,0.15526408
0.23953797,0.21832861
0.27746233,0.25865823
0.29809982,0.26452893
0.31713682,0.29900414
0.30694923,0.3505159
0.28251842,0.37695768
0.3175857,0.37010804
0.33987555,0.41388872
0.34872958,0.444862
0.37786347,0.46219015
0.39821294,0.46881106
0.38456243,0.44270134
0.3610343,0.40352646
0.3308994,0.3756757
0.30792186,0.34874558
0.25760022,0.28029567
0.18718682,0.24403363
0.13115011,0.14886609
0.090824895,0.119102776
0.0581902,0.10063285
0.05092475,0.08303481
0.06255247,0.093982816
0.08875995,0.12555036
0.1582499,0.1882819
0.20546222,0.25142384
0.24063243,0.2769132
0.25748754,0.30444175
0.2752099,0.32430142
0.2862104,0.35366195
0.30891126,0.36609086
0.3337461,0.3886129
0.3693643,0.4232092
0.40237275,0.44943777
0.45440632,0.456178
0.46298212,0.46723044
0.42874363,0.4387524
0.39665708,0.40083626
0.36032218,0.37120092
0.3343324,0.32856917
0.26893416,0.2836953
0.20785758,0.22412434
0.20676954,0.14333764
0.20568152,0.109511316
0.2045935,0.08915493
0.20350546,0.07434651
0.20241743,0.08615905
0.20132941,0.11753237
0.20024137,0.17299876
0.19915335,0.21390036
0.19806533,0.25587726
0.19697729,0.28528813
0.19588926,0.31306607
0.19480124,0.34889466
0.1937132,0.3662784
0.19262518,0.4127985
0.19153716,0.44142115
0.19044912,0.4654258
0.1893611,0.48490793
0.18827307,0.47883314
0.18718503,0.44776383
0.18609701,0.4117283
0.18500899,0.37790775
0.18392095,0.33249697
0.18283293,0.27976435
0.1817449,0.22058427
0.18065687,0.1484656
0.17956884,0.1414882
0.17848082,0.105090395
0.17739278,0.10344042
0.17630476,0.08082169
0.17521673,0.091866374
0.1741287,0.107124835
0.17304067,0.12601575
0.17195265,0.17386651
0.17086461,0.1693886
0.16977659,0.17908408
0.16868857,0.17270665
0.16760053,0.13772166
0.1665125,0.14869362
0.16542447,0.16694082
0.16433644,0.1487788
0.16324842,0.1649617
0.16216038,0.19002628
0.16107236,0.21528772
0.15998434,0.23411971
0.1588963,0.25539792
0.15780827,0.2165367
0.15672025,0.18143898
0.15563221,0.17424628
0.15454419,0.08555186
0.11740127,0.0723322
0.084527165,0.056311533
0.06951774,0.04804267
0.04577065,0.042259872
0.04510341,0.06554741
0.04551047,0.09794927
0.06296533,0.116306126
0.09613962,0.133128
0.13730218,0.15169558
0.1654842,0.14528966
0.19633856,0.12253679
0.2230139,0.11955881
0.25927275,0.13056651
0.29833373,0.12918732
0.3442983,0.13068241
0.37506256,0.13454418
0.4067848,0.15861583
0.41205218,0.18088871
0.39771366,0.19066489
0.35786605,0.2109324
0.33926114,0.16817385
0.28285187,0.14423348
0.22442318,0.107549
0.16579844,0.1906445
0.12776658,0.16361403
0.106267646,0.13812648
0.08486918,0.11613197
0.09822196,0.11819953
0.11724736,0.15735072
0.14768305,0.21257102
0.18198141,0.28355303
0.2333453,0.3273116
0.27882674,0.34468135
0.34490752,0.380786
0.39525175,0.42964536
0.433669,0.4704942
0.472038,0.4611145
0.5218295,0.5065098
0.5582615,0.5319296
0.5953498,0.5550941
0.5878382,0.56323206
0.5458285,0.5288797
0.53554904,0.47564164
0.50511086,0.44179672
0.46631682,0.42389715
0.40577585,0.33673066
0.32597494,0.28847697
0.27096277,0.2544871
0.21882233,0.2136674
0.18461466,0.20108707
0.17870964,0.17257337
0.18146381,0.17291176
0.23337278,0.21533737
0.2989848,0.26758644
0.34989458,0.32470426
0.3978413,0.36671388
0.4221402,0.4140301
0.4480918,0.46229976
0.4822335,0.50137913
0.5169493,0.55719364
0.52244055,0.5865004
0.5104418,0.6253233
0.5029241,0.6508515
0.49691314,0.6634183
0.47929916,0.66899765
0.44813028,0.61938506
0.41313383,0.5610569
0.39412126,0.5287345
0.37210563,0.4817254
0.31781322,0.41152376
0.2637193,0.3338883
0.19551589,0.17219129
0.16072068,0.14350224
0.13073541,0.11321527
0.11326467,0.11743167
0.12724651,0.11387831
0.1687856,0.16574305
0.22356692,0.23808208
0.27854735,0.29822633
0.30844405,0.34018514
0.3190396,0.35557908
0.3252115,0.35891455
0.33178988,0.38465518
0.33230627,0.38681108
0.32833976,0.4194176
0.3261609,0.45435894
0.32153818,0.47858155
0.31918862,0.48416245
0.31626222,0.49083912
0.2834208,0.44669402
0.26032478,0.41944334
0.24956217,0.3954054
0.22834022,0.3403911
0.18678159,0.29988143
0.14471819,0.23885378
0.09278936,0.11430094
0.070743814,0.09302375
0.0431994,0.076676324
0.048112866,0.06149061
0.054809716,0.06476921
0.10852161,0.106651336
0.16497545,0.16348615
0.21597777,0.21412766
0.2581514,0.261244
0.27103972,0.25156373
0.28503928,0.24668154
0.28850344,0.26056463
0.30243796,0.23180717
0.3057821,0.24514508
0.29642698,0.2646284
0.30311832,0.27029687
0.28931573,0.28131503
0.3043548,0.28620273
0.2872227,0.30856934
0.2683952,0.2858187
0.26053485,0.27068418
0.24070938,0.2319283
0.20596181,0.19623762
0.15330803,0.15731874
0.12136746,0.10313234
0.08868941,0.06751415
0.06933604,0.06319477
0.06638247,0.048756346
0.079041734,0.052835107
0.13083191,0.071942896
0.18719171,0.10483217
0.2493988,0.14908056
0.2947193,0.1690848
0.32310718,0.18381763
0.341389,0.20085946
0.36408803,0.19792394
0.38222387,0.21478558
0.38932413,0.21051523
0.416627,0.22510025
0.4377045,0.24047418
0.4247145,0.25020313
0.4231568,0.2737926
0.37696597,0.27593395
0.3589721,0.26663494
0.34254026,0.24765551
0.33181033,0.2271299
0.3004988,0.19807908
0.26123935,0.15254682
0.21068075,0.18872982
0.17595273,0.15762457
0.14956477,0.12644225
0.13131624,0.12099071
0.13334453,0.11663908
0.13299549,0.110639125
0.1440485,0.14256448
0.17594814,0.18979853
0.22514051,0.21799222
0.27350622,0.2528569
0.30747572,0.29338098
0.3503966,0.3239969
0.3913393,0.34809393
0.39878035,0.35780537
0.4265883,0.38377684
0.47923017,0.40099078
0.478209,0.41507167
0.49353018,0.4469952
0.49036074,0.4225761
0.47200286,0.41077083
0.45358485,0.3790333
0.43016207,0.36075395
0.3820599,0.29939285
0.3298034,0.2622105
0.2836767,0.27284083
0.21602297,0.2380197
0.1833556,0.20457426
0.15395878,0.19182487
0.13805492,0.19489715
0.12355852,0.16979876
0.1378375,0.19859195
0.16395947,0.22709745
0.21899486,0.25878763
0.2706693,0.32770902
0.33120355,0.38684827
0.38334462,0.42274907
0.41930297,0.4688248
0.45813096,0.5062296
0.49401575,0.52930427
0.52904516,0.53689814
0.56381655,0.5545478
0.5735968,0.5768546
0.600765,0.54609007
0.58089703,0.5334294
0.5504064,0.4894815
0.5408262,0.457585
0.48369837,0.3954669
0.41778925,0.33753178
0.35274738,0.32824963
0.29599273,0.2842245
0.26897693,0.24227351
0.25358912,0.2435478
0.2676339,0.2444615
0.31029737,0.26721007
0.3807477,0.28868568
0.4162923,0.33655697
0.4840807,0.36366796
0.5316604,0.44677284
0.5816718,0.49934104
0.6375372,0.5479615
0.682072,0.6410138
0.6795871,0.64254117
0.66254455,0.679723
0.6761642,0.7069756
0.73037875,0.7162384
0.75276965,0.71841186
0.7181064,0.6739426
0.66529167,0.641354
0.6268023,0.58714527
0.5927599,0.5407169
0.50101674,0.4769491
0.40040952,0.3948362
0.3162671,0.3478636
0.2674525,0.3149321
0.22488308,0.25970998
0.20292792,0.28528997
0.20167619,0.2857261
0.2472221,0.3269846
0.30286822,0.3780061
0.35683298,0.43058985
0.41046026,0.4591841
0.45276096,0.5378392
0.47903472,0.54633063
0.5312167,0.58101875
0.5677495,0.6291379
0.59245485,0.64379275
0.6261977,0.6699151
0.5452254,0.69136375
0.516862,0.67513114
0.5262797,0.6834838
0.5228119,0.6571277
0.4884039,0.6204567
0.45128325,0.5875261
0.42826205,0.5084383
0.36838832,0.4709607
0.2961723,0.38360387
0.23201111,0.24508896
0.18520007,0.20376122
0.15217113,0.16555864
0.13521127,0.17608547
0.14137343,0.17439803
0.1787133,0.22547448
0.2430345,0.26851705
0.30537197,0.32894257
0.34894884,0.35979944
0.37127838,0.39798206
0.39289027,0.41359684
0.42455664,0.44830617
0.4415458,0.46380714
0.46603557,0.48917046
0.47059172,0.5123745
0.48320246,0.54521304
0.48998052,0.5435939
0.50074035,0.5491282
0.47628513,0.51462626
0.44932458,0.49929792
0.41385755,0.4621575
0.39591044,0.39714605
0.33410278,0.36316058
0.26021454,0.29615316
0.19456771,0.22368813
0.15007962,0.18191975
0.122118376,0.15333748
0.10884409,0.15790188
0.11078016,0.175645
0.15469444,0.21364087
0.20960157,0.26332718
0.25685388,0.3286592
0.30843854,0.33915555
0.33423072,0.3970284
0.3634599,0.41083956
0.40026844,0.44193035
0.43417376,0.45642447
0.47489384,0.4935384
0.49984717,0.5095242
0.53899425,0.54551315
0.56258893,0.53690755
0.5962983,0.55031085
0.56372344,0.51621115
0.5243797,0.49879137
0.47364852,0.4523099
0.4398287,0.38857627
0.37833983,0.35922953
0.29904556,0.28076735
0.23740615,0.24879324
0.19439211,0.2109896
0.16941345,0.1782163
0.15886432,0.17420784
0.15951446,0.19199833
0.19956331,0.22451702
0.26260254,0.27018458
0.3166693,0.33734736
0.36107278,0.36895514
0.409506,0.41995656
0.45984748,0.4563431
0.51030225,0.4983685
0.5635167,0.5454931
0.61058486,0.5704522
0.63603103,0.6140581
0.6333004,0.64236045
0.6217554,0.65468377
0.5654958,0.6577778
0.50489867,0.6058119
0.45577317,0.5661365
0.4347433,0.50580746
0.41776237,0.46512908
0.3736441,0.41127962
0.3197053,0.3325827
0.26776642,0.24795789
0.22826326,0.20879486
0.18809073,0.178185
0.16381381,0.17019144
0.15902647,0.15542883
0.15624848,0.16881025
0.16882867,0.18817317
0.19709896,0.22056276
0.25615978,0.2728685
0.31529847,0.30157995
0.36260238,0.35235587
0.4182873,0.3871023
0.47255346,0.3967204
0.49689725,0.43594134
0.52856207,0.4526548
0.5434744,0.46500063
0.55144095,0.4886503
0.5497547,0.5049833
0.52095246,0.4777065
0.47212473,0.47589043
0.4407106,0.44715893
0.42619404,0.40918213
0.38719904,0.34565747
0.33798683,0.30701873
0.2895912,0.254509
0.24620794,0.21364218
0.22067472,0.16788572
0.20431493,0.16171642
0.19624054,0.14256644
0.19241421,0.14914832
0.19667631,0.14874297
0.2233272,0.17978233
0.25840548,0.23465466
0.30736455,0.25769597
0.36816815,0.32415295
0.45015582,0.37718582
0.5015014,0.42147255
0.54161406,0.41556934
0.5698208,0.4454839
0.5971796,0.467108
0.64702666,0.50360954
0.64108133,0.5105207
0.6621695,0.48632956
0.6498737,0.48631638
0.6186483,0.44376087
0.59974074,0.42892042
0.54217076,0.34963027
0.48455343,0.3264082
0.42097828,0.4117991
0.3750989,0.36258888
0.3333885,0.30631623
0.312813,0.31803226
0.318835,0.3114224
0.35267562,0.36328068
0.39714965,0.38966507
0.4537119,0.46116912
0.48597983,0.50572884
0.54653454,0.5761632
0.5680191,0.6252643
0.6183502,0.69363034
0.63987386,0.7725051
0.6870437,0.7437233
0.73920894,0.7893778
0.76439494,0.8183827
0.7785008,0.82176816
0.77035433,0.8360964
0.7170131,0.7897626
0.6672439,0.73626566
0.61639214,0.683195
0.5864643,0.639246
0.5223114,0.55556977
0.41640714,0.48436832
0.33730188,0.3536412
0.30243185,0.31123525
0.26170322,0.27053475
0.24271111,0.29177636
0.22330797,0.29213998
0.23985678,0.33733562
0.25399742,0.38971633
0.30233932,0.45072547
0.36266622,0.47402728
0.41568828,0.55972564
0.47546184,0.57719845
0.5280295,0.6010007
0.5747889,0.67633885
0.6048063,0.6843918
0.62984234,0.7226408
0.6848893,0.74571544
0.6808001,0.72827077
0.70432943,0.74318373
0.68083245,0.6926138
0.6430134,0.64630187
0.60316306,0.6071104
0.5483008,0.5355196
0.52022845,0.5026333
0.47238612,0.3984735
0.39930803,0.38490054
0.341247,0.3371321
0.30585143,0.2794003
0.28427553,0.28862792
0.28092375,0.27719215
0.34039378,0.3306338
0.38296288,0.35058388
0.44626534,0.43078524
0.5137963,0.47584292
0.57873225,0.52611023
0.63608634,0.5813029
0.70275277,0.6461435
0.7316109,0.72635233
0.7633008,0.6979687
0.7545454,0.7529817
0.7372301,0.78854483
0.7096145,0.79404986
0.7335366,0.80700475
0.72045594,0.75049627
0.69956285,0.7004002
0.64926535,0.6434621
0.61599606,0.60489494
0.54026645,0.5304733
0.46814507,0.4609796
0.38963684,0.4080817
0.34982434,0.35942835
0.30030462,0.30888674
0.28234312,0.32134825
0.28914624,0.32345274
0.3289502,0.37838423
0.39930344,0.4280037
0.47990227,0.5091353
0.5615699,0.53939354
0.6151566,0.610031
0.6888296,0.63473403
0.72198826,0.6789509
0.72633773,0.7288655
0.7103242,0.73298216
0.66470903,0.77263886
0.67508656,0.80408347
0.7132436,0.78278065
0.76928884,0.8070489
0.74221563,0.7552128
0.71952975,0.7042831
0.66101825,0.6592319
0.61805004,0.5866678
0.54889506,0.546865
0.47647262,0.45721778
0.3897831,0.3961542
0.33967614,0.34373295
0.2998673,0.3056371
0.2837967,0.31528336
0.28539014,0.32854345
0.3317584,0.37547797
0.38938275,0.42652583
0.46894762,0.50555134
0.54344934,0.54346716
0.61566293,0.61279356
0.6766644,0.6371066
0.7037327,0.6682439
0.7218762,0.7200582
0.7077795,0.73406994
0.7138928,0.7787633
0.7398789,0.7980543
0.74783725,0.7881605
0.7698553,0.799623
0.7251856,0.7530887
0.67572415,0.69960916
0.63069373,0.63872737
0.6021736,0.57450026
0.5412467,0.54525906
0.4772959,0.4449584
0.409564,0.40294376
0.36090818,0.36428362
0.31587195,0.3348238
0.29544613,0.3161128
0.27643475,0.30912527
0.26981914,0.32291168
0.28092957,0.3404401
0.31542733,0.394199
0.38445342,0.45234305
0.46853626,0.49468637
0.5294037,0.54827094
0.5944764,0.5687995
0.6275933,0.59446436
0.6496993,0.61852586
0.6524761,0.6481465
0.6849168,0.64466965
0.7031675,0.6543374
0.6796363,0.6694404
0.610223,0.66548795
0.5913445,0.6282628
0.56594837,0.5979404
0.53724754,0.54624844
0.4931732,0.49783185
0.42708665,0.4354791
0.36660677,0.35062248
0.32745877,0.3103608
0.28622046,0.26691443
0.26613513,0.2619561
0.23866215,0.23603892
0.24433875,0.2646745
0.24545702,0.26023823
0.27219373,0.3009276
0.31790024,0.35997656
0.38085946,0.392213
0.44519806,0.45096338
0.48091337,0.48572308
0.5432258,0.5294727
0.5706252,0.5309033
0.60933316,0.56431717
0.5527895,0.5777377
0.49131778,0.6009629
0.4919844,0.60733175
0.4807842,0.5836335
0.48186156,0.57199323
0.4648275,0.54823
0.44469756,0.5046686
0.3975845,0.43929785
0.32077047,0.4004495
0.26440975,0.29302967
0.22242543,0.25083607
0.1891119,0.20845452
0.17782864,0.23506512
0.19428615,0.22768486
0.25391772,0.26888192
0.31084153,0.2903629
0.36482552,0.32645458
0.40401873,0.36160398
0.42156398,0.4210524
0.4414542,0.44073066
0.47892904,0.46996334
0.53944194,0.5043424
0.57506347,0.52425003
0.6142808,0.5285888
0.6565143,0.5547681
0.6794118,0.5580561
0.6893789,0.56614244
0.6760631,0.54557264
0.62829685,0.5428728
0.5639439,0.5087558
0.52415586,0.45118266
0.4425957,0.39783856
0.37036377,0.33486646
0.2888696,0.32323876
0.23525144,0.27333707
0.20470336,0.2368797
0.19055662,0.25585568
0.18441159,0.24233639
0.23675388,0.2897802
0.2951493,0.29938585
0.35789597,0.34836948
0.4122177,0.38776115
0.45333293,0.44333744
0.49890202,0.48412126
0.5368655,0.5178708
0.5758874,0.5866935
0.610627,0.5792238
0.652211,0.5965929
0.6808596,0.6289217
0.71530825,0.64334947
0.7318476,0.65405107
0.7141695,0.6139648
0.6609541,0.5998623
0.6076814,0.55877274
0.5558735,0.5222358
0.49038973,0.4482141
0.39838794,0.3858315
0.31942713,0.35277095
0.27156925,0.29438913
0.23673587,0.2719275
0.20709047,0.27971092
0.21889256,0.2784186
0.26030004,0.3281305
0.32267752,0.34645906
0.3769296,0.39943418
0.45590052,0.42881748
0.51078016,0.5139166
0.552202,0.56268257
0.61033934,0.5958997
0.6344156,0.68903446
0.6848869,0.69299793
0.71902955,0.7148552
0.7503337,0.74409026
0.7818776,0.74869716
0.7896851,0.7584739
0.77258474,0.7089057
0.7323417,0.6724671
0.6740336,0.6215785
0.62215364,0.572363
0.5381267,0.50851744
0.45784634,0.4122322
0.38054585,0.39704973
0.32619634,0.3341725
0.28483254,0.30322516
0.26388603,0.31326145
0.26978648,0.3207365
0.31529206,0.37775224
0.38294733,0.41275162
0.45336804,0.4728356
0.5190051,0.49280253
0.58912534,0.60181177
0.6390378,0.6400306
0.6870221,0.6823543
0.7366572,0.76787114
0.776387,0.7862857
0.8159683,0.80807996
0.85351735,0.83856153
0.89037174,0.82311803
0.9144459,0.8396592
0.876523,0.7827005
0.82536864,0.73452604
0.7881912,0.6831887
0.7607146,0.6079263
0.68772507,0.55911744
0.5923055,0.44628513
0.5000774,0.5083524
0.42604318,0.45776033
0.36629102,0.38372207
0.3296611,0.38740897
0.32629284,0.38780788
0.36141938,0.44031462
0.41106704,0.4662794
0.4652761,0.53426325
0.5297451,0.618178
0.5691328,0.67260003
0.60903937,0.7283639
0.66839886,0.8159908
0.7252338,0.86089706
0.77539265,0.8552773
0.81216395,0.90333694
0.84464777,0.9142815
0.83966315,0.92551935
0.8052576,0.9243879
0.6531906,0.90124696
0.58360445,0.82843566
0.52833796,0.7656929
0.5021588,0.70751953
0.45247728,0.62822527
0.3943347,0.56263053
0.33835724,0.3165802
0.27877668,0.28291097
0.2619921,0.23846604
0.2297318,0.2323549
0.22202173,0.20727879
0.21796972,0.25297296
0.22010611,0.26967606
0.27911717,0.30486035
0.35458726,0.3659867
0.44993442,0.3917928
0.5007929,0.42659187
0.54722375,0.45638746
0.56485635,0.46782672
0.5930161,0.4943094
0.63539743,0.5228156
0.66612047,0.53114074
0.7056603,0.54633796
0.7248594,0.5372496
0.7154832,0.5276421
0.700013,0.5154853
0.6787583,0.50726545
0.6215234,0.43242896
0.5387518,0.39027604
0.45114127,0.34480277
0.40270868,0.40916932
0.35278127,0.36879146
0.30280197,0.30414823
0.2806428,0.31354514
0.27051693,0.29526526
0.2596267,0.31913576
0.27125317,0.3030601
0.29453275,0.3514533
0.3399742,0.39579543
0.3781053,0.4642163
0.41597196,0.5383234
0.45997357,0.6024707
0.4550149,0.7004396
0.47700885,0.6693599
0.5018223,0.7126158
0.55109745,0.73824763
0.5961486,0.7461358
0.6334943,0.7542128
0.6641352,0.7316513
0.65766495,0.6918668
0.610867,0.6458066
0.5949476,0.6054255
0.5071401,0.52574503
0.3990219,0.4660739
0.3199536,0.3926481
0.26191485,0.34035027
0.22821257,0.30311996
0.20239139,0.3166139
0.2037787,0.31592628
0.2508649,0.36537954
0.30370954,0.389918
0.37983188,0.4635005
0.4383452,0.48995224
0.5240108,0.5684587
0.5718796,0.60767543
0.60818434,0.64386225
0.6590373,0.7105273
0.70579064,0.70912063
0.73476756,0.7453854
0.766728,0.77483064
0.7784348,0.7624662
0.7835959,0.7911234
0.74612105,0.7378344
0.6963161,0.69696414
0.65588707,0.64967644
0.6140405,0.5946804
0.5418797,0.5390212
0.46733767,0.45275488
0.38850757,0.38871506
0.33821923,0.3341154
0.31137654,0.29674417
0.2730619,0.3005827
0.26914945,0.30261603
0.31912756,0.3751929
0.37369663,0.41699135
0.42029086,0.49105227
0.48077747,0.54209137
0.52885705,0.5981884
0.5704447,0.6327387
0.609324,0.67884254
0.65705144,0.7292526
0.6925872,0.74713486
0.7192308,0.7787355
0.7491406,0.8084428
0.7691447,0.8084943
0.77341413,0.8228228
0.7282848,0.76392543
0.6825074,0.70879614
0.6330772,0.6626272
0.5968363,0.6036139
0.5304618,0.5379699
0.45189646,0.45337126
0.37877285,0.38727266
0.33080566,0.34197623
0.3032466,0.29804683
0.2688331,0.30694443
0.2747314,0.29436445
0.33855116,0.35021222
0.39545786,0.37586606
0.43526977,0.44169825
0.45935002,0.4829899
0.48969716,0.5470549
0.5130643,0.5931394
0.54589814,0.6378594
0.59163857,0.69648135
0.6484457,0.7039724
0.7083857,0.74509233
0.7402472,0.7704454
0.77213466,0.7644733
0.78540313,0.7843034
0.7557904,0.7305202
0.71955997,0.68630767
0.66689885,0.64932704
0.63429195,0.58609164
0.56082785,0.52597725
0.47405773,0.44475454
0.406513,0.40304944
0.3420385,0.3395481
0.30197105,0.30916113
0.26940688,0.32247543
0.27137807,0.3124099
0.32000732,0.3881227
0.36949408,0.41220605
0.4350954,0.47622135
0.49440083,0.5041299
0.5468885,0.5901996
0.5940031,0.62097204
0.64363486,0.6507423
0.6871668,0.7439398
0.7177421,0.72974694
0.7212258,0.75935555
0.716101,0.7951456
0.7687288,0.785956
0.7840702,0.7893926
0.753869,0.74190503
0.71567225,0.69962573
0.65702766,0.6627618
0.6171611,0.5895634
0.538953,0.54298556
0.47205845,0.44526353
