true,forecasted
0.18613008,0.15099996
0.16441858,0.12737843
0.15453438,0.1056762
0.14320965,0.101705566
0.14393723,0.0947445
0.15228651,0.10386777
0.16358133,0.12628007
0.17793268,0.13913679
0.19138794,0.15346803
0.19727698,0.17017956
0.20521213,0.18180905
0.2108931,0.1971392
0.19863805,0.22405095
0.21983469,0.24901645
0.24113469,0.26969263
0.23828988,0.28767565
0.25861302,0.304445
0.28404912,0.31238636
0.28025904,0.29929563
0.26942924,0.27787608
0.2568913,0.26741105
0.25626314,0.24643625
0.22710907,0.20501819
0.15071271,0.16185685
0.1428949,0.13196792
0.13645676,0.10960592
0.12170158,0.09642542
0.12773055,0.09253354
0.09618173,0.087167636
0.12299885,0.0949972
0.15916106,0.11837694
0.1855328,0.13002233
0.18052255,0.14669925
0.17921598,0.16232753
0.16290727,0.16699103
0.18150705,0.17576097
0.22904949,0.204316
0.2317414,0.2275572
0.27864337,0.2495268
0.2839594,0.26515722
0.29822898,0.28498328
0.31564814,0.29711848
0.31401652,0.28305966
0.25789943,0.26442704
0.27172396,0.2571503
0.27597472,0.24138506
0.23957485,0.198768
0.17484456,0.15755256
0.14972588,0.12728481
0.12817195,0.10702124
0.11890397,0.09005004
0.06173059,0.083409026
0.06360486,0.07989068
0.085627116,0.08718254
0.13686591,0.10882434
0.17715923,0.120050296
0.17364702,0.13656265
0.18170282,0.15566741
0.1761847,0.16513719
0.18772747,0.18101457
0.2160549,0.20735483
0.22565228,0.23494105
0.2666356,0.25311676
0.29247653,0.27466872
0.29938796,0.29126486
0.32429758,0.3044619
0.3291619,0.29090855
0.2914834,0.26773545
0.2836277,0.25769833
0.26242438,0.2411543
0.20881476,0.19964156
0.19037585,0.15496051
0.14297733,0.13008413
0.12587988,0.107137464
0.093308665,0.09048068
0.080021925,0.08219527
0.08026456,0.07599941
0.07837467,0.08208282
0.06559014,0.10242237
0.13468486,0.11626213
0.13872956,0.13788244
0.16484502,0.15809822
0.19060785,0.17796622
0.21993506,0.20527215
0.19809562,0.2433452
0.26013467,0.27598682
0.2803029,0.30058864
0.31077218,0.32564172
0.33919933,0.34112403
0.33839798,0.35828298
0.34088713,0.34368265
0.33909795,0.3209595
0.30188146,0.3065553
0.2713397,0.28622484
0.24921377,0.23697656
0.2067497,0.18684383
0.15065256,0.15735224
0.14654638,0.13518646
0.12388696,0.112984456
0.123696834,0.10346814
0.104477175,0.098045185
0.120685175,0.10658868
0.13112278,0.12333402
0.12421501,0.13267103
0.16866402,0.14515427
0.18340093,0.17502005
0.19673753,0.19554818
0.22392158,0.2109894
0.24057929,0.23679629
0.2733413,0.25701776
0.28078884,0.26805183
0.31768295,0.28617167
0.31409395,0.29844457
0.31389886,0.2996449
0.26599643,0.2926847
0.28130436,0.26896584
0.24639489,0.2551362
0.22560275,0.23765865
0.22194761,0.19852562
0.1866293,0.15830472
0.16372924,0.14873421
0.15086927,0.1297187
0.10572093,0.11267859
0.13281359,0.10644835
0.1364315,0.10356602
0.14023022,0.115430206
0.17118843,0.13698177
0.19047622,0.15586239
0.19720086,0.16014414
0.21262944,0.17732802
0.1920796,0.18772776
0.2118437,0.1936801
0.19305447,0.19756599
0.22461027,0.21103139
0.22879323,0.21345979
0.24226011,0.22387823
0.25056654,0.22726198
0.26067045,0.2337071
0.2585921,0.22898905
0.2557569,0.21828136
0.24071024,0.21609348
0.23809844,0.20033185
0.20991392,0.16414349
0.17207754,0.13396768
0.15898922,0.14076804
0.13050988,0.12533157
0.12229155,0.11087995
0.124554366,0.105031855
0.12021719,0.10478982
0.12518755,0.116432905
0.14847848,0.13983092
0.16425738,0.15499088
0.17923293,0.1587393
0.18228912,0.1798732
0.14878027,0.18666933
0.1823197,0.1884044
0.17715126,0.19628425
0.18547197,0.20842785
0.2210718,0.21162358
0.2317414,0.21590401
0.2758883,0.22533792
0.30933565,0.23117638
0.28478467,0.23376627
0.2740034,0.21955529
0.2848455,0.21815458
0.27582482,0.20597805
0.2464258,0.17069167
0.17928046,0.14335056
0.116700314,0.1426973
0.12451647,0.122509316
0.11568058,0.107660696
0.10573522,0.0998088
0.096705556,0.100211516
0.088913985,0.10804957
0.10664726,0.13991006
0.13146646,0.15310076
0.1326444,0.15998927
0.14259343,0.17577225
0.16293585,0.17769998
0.18629593,0.19247976
0.2058576,0.2085526
0.23949873,0.22879507
0.25763685,0.23540401
0.30341637,0.25270548
0.3169587,0.2635377
0.32801688,0.27611268
0.32291156,0.26726836
0.30193496,0.25229266
0.25691724,0.248925
0.24770744,0.23265581
0.22116287,0.19530793
0.19592853,0.15447292
0.16583484,0.13941477
0.13362858,0.11879157
0.112896934,0.10431516
0.102245934,0.09519577
0.10838293,0.094686374
0.11669832,0.102300026
0.13907589,0.13069297
0.16302194,0.14478125
0.18005191,0.15504616
0.20032254,0.16975187
0.22231323,0.17829719
0.25959653,0.19876984
0.2919258,0.22822176
0.31576547,0.24970226
0.31858203,0.26332924
0.34974363,0.28180185
0.37408456,0.29610196
0.41028333,0.3130929
0.3945207,0.30048674
0.38048512,0.2827726
0.33149818,0.2766699
0.30039206,0.25772217
0.27981433,0.21470848
0.22601123,0.17042537
0.22466826,0.1701147
0.22332528,0.15207438
0.22198232,0.13286991
0.22063933,0.12366414
0.21929635,0.12295137
0.21795338,0.13920878
0.2166104,0.1695056
0.21526742,0.18470502
0.21392445,0.18484633
0.21258147,0.19841023
0.21123849,0.20529099
0.20989552,0.21529311
0.20855254,0.22451617
0.20720957,0.24125762
0.20586659,0.2468887
0.20452361,0.25656092
0.20318064,0.26543042
0.20183766,0.27128977
0.20049468,0.2650525
0.19915171,0.25159928
0.19780873,0.24387103
0.19646575,0.22911271
0.19512278,0.19036523
0.1937798,0.15187109
0.19243683,0.12939744
0.19109385,0.1100253
0.18975087,0.09996476
0.1884079,0.09015736
0.18706492,0.09207724
0.18572193,0.09854846
0.18437897,0.1268451
0.18303598,0.1407782
0.181693,0.15081528
0.18035004,0.1646563
0.17900705,0.16784865
0.17766407,0.1850177
0.1763211,0.20654485
0.17497812,0.22643335
0.17363515,0.23762971
0.17229217,0.25524986
0.17094919,0.2692298
0.16960622,0.28715736
0.16826324,0.2739036
0.16692026,0.255653
0.16557729,0.25385335
0.16423431,0.23834719
0.16289133,0.1934797
0.16154836,0.15510035
0.16020538,0.11439787
0.12705982,0.09870103
0.10789899,0.08556606
0.108403206,0.0759487
0.08754958,0.07679455
0.08781914,0.08436526
0.089722656,0.11098878
0.11199752,0.124149874
0.14231987,0.1360786
0.16789757,0.15393008
0.21358934,0.16748035
0.21190153,0.18672721
0.2463859,0.21113646
0.27718356,0.23789494
0.30046818,0.2536352
0.32796702,0.2768483
0.35504204,0.2878854
0.36783955,0.30682892
0.3626601,0.29714563
0.33326674,0.27696675
0.32101834,0.26580417
0.30083844,0.25280657
0.27842766,0.20491199
0.22393489,0.16177945
0.18775472,0.1846239
0.1550665,0.1608399
0.13318253,0.1385641
0.08686589,0.12674116
0.090611435,0.1234501
0.09610129,0.1320994
0.1329914,0.15351513
0.15797746,0.16790745
0.16340351,0.17918739
0.18094699,0.21155314
0.21923143,0.23755595
0.26009345,0.26032013
0.27340144,0.28363827
0.3008368,0.31014606
0.30191204,0.31910422
0.29548985,0.33662382
0.28323713,0.342487
0.29788262,0.35036606
0.32811925,0.34520066
0.30855688,0.32555953
0.29451632,0.30898625
0.28685606,0.28833845
0.22711007,0.24480063
0.1683034,0.19712487
0.14244552,0.16614789
0.15300246,0.14700982
0.12304305,0.12694477
0.11481208,0.11583699
0.15207148,0.11538994
0.14681427,0.122624904
0.17079224,0.1469841
0.19137397,0.16257158
0.17151448,0.17011741
0.18959144,0.19144472
0.23796548,0.2081595
0.27730155,0.22322904
0.27248442,0.23785801
0.27640313,0.25338545
0.31121257,0.25770512
0.33497548,0.27161297
0.3275562,0.27539957
0.35573903,0.2858133
0.33491966,0.2770713
0.3207621,0.26099598
0.3158901,0.24981788
0.28449517,0.23207743
0.2735929,0.19170982
0.23398162,0.15593784
0.18648173,0.1807996
0.17909034,0.1569591
0.16010301,0.13352184
0.12911656,0.121218115
0.119081125,0.11879267
0.15259862,0.12367268
0.18961504,0.15019073
0.17095776,0.16243967
0.20337574,0.17931193
0.21013296,0.20828755
0.18539418,0.23582335
0.20189501,0.26827908
0.21877706,0.2975784
0.22180568,0.32811472
0.2673851,0.34060225
0.28452575,0.35905397
0.32203144,0.36992028
0.33580709,0.3783336
0.33603743,0.37113246
0.2961413,0.34911036
0.2580051,0.32707623
0.28886527,0.30562186
0.2593283,0.25577688
0.20560168,0.20910376
0.17718482,0.16658315
0.13589272,0.14750989
0.12979129,0.12793712
0.116293155,0.11925246
0.11003185,0.11869536
0.12278247,0.12738213
0.15303336,0.15853742
0.16690509,0.17037675
0.16747512,0.1742436
0.18207374,0.1944439
0.22229029,0.20740896
0.23109859,0.22313945
0.2206776,0.23943557
0.20120665,0.2584313
0.21229008,0.26787394
0.24805045,0.28147593
0.24489753,0.29352963
0.21383762,0.29972446
0.24910441,0.29105845
0.24784072,0.27304885
0.2521686,0.26206267
0.24455617,0.24302731
0.20990495,0.20038268
0.19541833,0.15898232
0.14403594,0.14529315
0.12606867,0.12758853
0.10120526,0.11193856
0.10721895,0.10242612
0.10817453,0.10293499
0.14287196,0.11037983
0.15127143,0.13702472
0.18811701,0.14992285
0.18277274,0.15742636
0.17590052,0.17898001
0.21258323,0.19078651
0.21846563,0.20444898
0.24258186,0.21864498
0.25283566,0.23641293
0.2739828,0.24194416
0.28864956,0.2581971
0.28964567,0.2649881
0.2741985,0.27645382
0.2862365,0.2683112
0.2241815,0.2514652
0.23681746,0.23922479
0.23611215,0.22286274
0.1981232,0.18263549
0.17573999,0.1467329
0.1818012,0.14558938
0.15802865,0.124845475
0.13993907,0.10486102
0.14101928,0.093646124
0.1351708,0.09217735
0.1336535,0.096780345
0.1506582,0.12354
0.15457161,0.13221805
0.18628596,0.14744142
0.21684863,0.17580763
0.21573217,0.19510658
0.279461,0.21965653
0.31441736,0.24912626
0.32165685,0.27667558
0.31253543,0.28897467
0.35766083,0.31194517
0.34601405,0.323473
0.36739615,0.3348757
0.37328053,0.3250853
0.3800241,0.3028881
0.36597425,0.28245384
0.3402852,0.264601
0.29034433,0.21871673
0.21322405,0.17377011
0.18132657,0.1886876
0.15268703,0.16224904
0.14116387,0.14033622
0.1420553,0.12327525
0.1333876,0.12173423
0.0719269,0.12790133
0.099245906,0.1513555
0.14389302,0.16367897
0.18096095,0.17914864
0.21206173,0.21651025
0.21316157,0.24657978
0.23688194,0.278642
0.24169774,0.31085032
0.2765547,0.34565803
0.30285364,0.3599922
0.3352115,0.38209537
0.37632608,0.3924676
0.37010235,0.4010027
0.3861764,0.39180583
0.37160537,0.36670077
0.32557058,0.3423987
0.29666746,0.32082257
0.24145377,0.27094388
0.18792391,0.2182554
0.13983005,0.17518884
0.10439741,0.15303685
0.09619668,0.13013233
0.0733262,0.11649519
0.073917165,0.1168472
0.085164115,0.121578544
0.14179306,0.14965402
0.16155218,0.16420233
0.19801386,0.17230606
0.21044904,0.19889121
0.26143026,0.21861172
0.28010383,0.24157684
0.31658313,0.26531756
0.33625016,0.28852907
0.35648522,0.29924682
0.35188612,0.31520298
0.33674806,0.3235194
0.36126944,0.33348748
0.38894445,0.32125515
0.3717885,0.30055404
0.33869877,0.2855929
0.31343618,0.26423755
0.26985067,0.21852806
0.22440088,0.17636752
0.1876447,0.1795704
0.1431229,0.15834992
0.08423546,0.1375945
0.09958427,0.12668318
0.10948077,0.1253031
0.11860217,0.13348085
0.1412862,0.16042349
0.16109449,0.17349647
0.18655153,0.17844969
0.20406942,0.20026548
0.21911809,0.2166446
0.25516063,0.23303008
0.28524002,0.25158584
0.3092921,0.26842657
0.32541835,0.27553052
0.34305158,0.289588
0.34916133,0.29741105
0.3681134,0.3030381
0.36185443,0.29252994
0.35191572,0.27494863
0.33235604,0.26217985
0.30640775,0.24199726
0.27016744,0.19874804
0.22315712,0.16221327
0.1742772,0.1686258
0.14423238,0.14381416
0.1420264,0.1231085
0.132094,0.11200827
0.115902945,0.11019567
0.12311185,0.115588814
0.14898004,0.14221488
0.15725854,0.15309608
0.18047835,0.16668731
0.20419838,0.19403322
0.22288291,0.21314521
0.22733709,0.24021451
0.28166234,0.27057695
0.2982017,0.2984152
0.33840063,0.3135977
0.3714189,0.33216286
0.37088576,0.3481046
0.39302534,0.35770363
0.38791806,0.34677398
0.3925916,0.32234272
0.3659922,0.30581608
0.34320813,0.2829886
0.30759135,0.23756683
0.24607946,0.18958771
0.21079604,0.1883673
0.18085591,0.15952323
0.1519465,0.1358598
0.13322772,0.12164877
0.10773048,0.11627014
0.11653413,0.12188944
0.13831241,0.14044893
0.16030078,0.15316251
0.17170793,0.17875534
0.17421605,0.21654068
0.18931323,0.251907
0.20626277,0.2892716
0.21814787,0.32930458
0.227139,0.36889744
0.2468632,0.3882014
0.28433928,0.41277033
0.31950104,0.42431962
0.33465675,0.43398583
0.31458354,0.42698878
0.28449085,0.39992884
0.26048598,0.3727721
0.27869487,0.34790486
0.24986522,0.29646912
0.20949247,0.24138373
0.17576957,0.17293966
0.15698199,0.14626826
0.15327367,0.12330531
0.13796043,0.10696124
0.14871182,0.10270105
0.15616202,0.10285784
0.165545,0.12027517
0.16597079,0.13311306
0.1558692,0.1577785
0.17725961,0.2008596
0.20820618,0.2374836
0.29535824,0.2710194
0.32365477,0.30919653
0.35445374,0.34489498
0.3858317,0.3616739
0.40853202,0.388578
0.41387033,0.394806
0.43972322,0.40759555
0.44245204,0.39624983
0.41912287,0.3704564
0.39665124,0.3431206
0.37725577,0.31992304
0.33242384,0.2697525
0.29604924,0.21961069
0.24162528,0.21986973
0.20647815,0.19214575
0.20202197,0.16729063
0.16323899,0.14625037
0.14942908,0.14459898
0.14981729,0.14762935
0.15382974,0.16701494
0.14710177,0.18084648
0.14555423,0.19755523
0.17687903,0.24175511
0.23819682,0.2743292
0.265452,0.30560428
0.3084921,0.3375059
0.29959735,0.36734882
0.29998824,0.37677285
0.3387699,0.39618132
0.376714,0.39940307
0.38872772,0.40724286
0.37677813,0.39545885
0.35624093,0.3689934
0.3421751,0.34669486
0.31601176,0.32104498
0.25168267,0.27188158
0.26681542,0.22399056
0.21962695,0.18859242
0.17783894,0.16284882
0.1512146,0.14052881
0.14896674,0.12359677
0.14610764,0.124134496
0.09804403,0.12600772
0.09125425,0.15461296
0.12541921,0.168586
0.16382363,0.17930445
0.18753602,0.2091628
0.26734123,0.22959535
0.2741071,0.25704238
0.31235895,0.28239423
0.35852137,0.31001312
0.37661427,0.32302266
0.4043617,0.3420821
0.40836585,0.3506495
0.38899562,0.36059225
0.3709253,0.34613994
0.35735938,0.322868
0.32422146,0.30665812
0.2942903,0.28415534
0.27078265,0.23607063
0.22559443,0.19165549
0.18062858,0.19468744
0.14968666,0.16565739
0.14345029,0.14252065
0.14412402,0.12767224
0.1341125,0.12496354
0.09679729,0.12513569
0.12502435,0.1454026
0.12808852,0.15723498
0.16410881,0.17575338
0.19298433,0.2155976
0.23198503,0.24434534
0.27107283,0.27624443
0.32044867,0.30924183
0.36144096,0.33897102
0.36029458,0.35145226
0.35543492,0.3717294
0.38662112,0.38228354
0.39674497,0.38818562
0.40110776,0.37895232
0.37047493,0.3517305
0.33987108,0.33138892
0.32117558,0.30604887
0.30921233,0.25838956
0.2825039,0.21217121
0.24009402,0.2028189
0.2075607,0.16933785
0.1737361,0.14219533
0.16667475,0.12766147
0.14527138,0.120367885
0.1475126,0.12364116
0.15049368,0.13720174
0.14319968,0.15013692
0.14621034,0.18404546
0.20035444,0.22920315
0.25811213,0.2729071
0.31432563,0.3187466
0.38148624,0.36388618
0.40845627,0.40978837
0.4296808,0.43119708
0.437597,0.4558564
0.47302267,0.4688121
0.47850856,0.4739961
0.46516463,0.46971837
0.39533305,0.43776548
0.35924894,0.4064
0.31675163,0.37784153
0.28674737,0.32344577
0.23814231,0.26631156
0.19669963,0.21543439
0.20422298,0.18174571
0.188354,0.15302502
0.17643365,0.13518298
0.16283083,0.12832461
0.17210545,0.13130413
0.1806133,0.14199919
0.21619019,0.15502247
0.24800092,0.19083421
0.30571043,0.24093519
0.35627583,0.29228127
0.3661461,0.34033853
0.38607302,0.39072424
0.41386536,0.43741277
0.44047672,0.45986173
0.45686918,0.4853482
0.49035344,0.49816367
0.5162093,0.5042414
0.52664065,0.49755982
0.5167431,0.4635033
0.4843248,0.4266478
0.4247151,0.3969055
0.38449025,0.3397921
0.326347,0.2808573
0.25873867,0.26655686
0.23395835,0.2355203
0.16284545,0.20549516
0.14773296,0.18292028
0.18271324,0.1802313
0.18744695,0.18549167
0.20031124,0.19833472
0.24213281,0.211669
0.24398082,0.23370762
0.29336098,0.28485325
0.29943183,0.32680345
0.3384794,0.3636745
0.3782027,0.3996629
0.4380248,0.43524638
0.44638172,0.44585523
0.46174017,0.46142206
0.4356812,0.46901396
0.44663966,0.4677028
0.44471553,0.46287978
0.42533997,0.43006602
0.40064973,0.4019231
0.37658235,0.37392238
0.32436007,0.32201952
0.27656502,0.27093282
0.22597668,0.23381887
0.22189143,0.20267974
0.21104799,0.1763764
0.19366172,0.1570738
0.1804215,0.1552755
0.15953298,0.15652144
0.15961142,0.17711316
0.17488678,0.18932886
0.20595033,0.21242733
0.24311233,0.25846526
0.2768778,0.29236567
0.3257494,0.332599
0.39663163,0.369178
0.42901605,0.40747058
0.45475426,0.42294326
0.48252663,0.4411712
0.49328965,0.4540839
0.4981141,0.45896363
0.46566385,0.45012647
0.42554638,0.41639253
0.40063778,0.39024386
0.3752758,0.3618528
0.31124914,0.30860043
0.25032225,0.25514922
0.19489683,0.22459799
0.17068887,0.19693784
0.13397823,0.17098443
0.13757953,0.15290113
0.16446346,0.15010804
0.16304554,0.15257789
0.11284043,0.16973929
0.16646104,0.18050495
0.1673405,0.20020759
0.22439788,0.24341257
0.29186863,0.27668083
0.33972847,0.30732435
0.36094072,0.3407393
0.35379332,0.37193176
0.3544471,0.38567272
0.34119725,0.4038085
0.35722876,0.41381153
0.3916111,0.41653043
0.3742697,0.40732503
0.3618099,0.37687394
0.32923502,0.35447946
0.32076675,0.32787767
0.2793201,0.2778896
0.21812594,0.23125924
0.20079352,0.20142566
0.18425049,0.17572494
0.15843248,0.15157732
0.13671403,0.13668582
0.15799308,0.13441467
0.15201862,0.13513662
0.1502444,0.15822661
0.17151083,0.17059174
0.19738,0.18737438
0.22276326,0.22108965
0.25533116,0.24222624
0.26390845,0.26690233
0.2969852,0.29461336
0.3251172,0.32176468
0.36047775,0.3339131
0.3610225,0.3537976
0.35382554,0.35994747
0.33498213,0.36705157
0.3267412,0.35449472
0.31864384,0.3301093
0.31043082,0.31295392
0.2650209,0.28879508
0.21818776,0.24309872
0.17256047,0.20071515
0.14106715,0.16831504
0.15272525,0.14205787
0.093636386,0.11904922
0.078175575,0.10951568
0.082417026,0.10268228
0.125838,0.105613954
0.1637525,0.12026423
0.18837526,0.12976393
0.20427781,0.15897977
0.233156,0.1931193
0.23698731,0.22327347
0.30706885,0.25669575
0.33052266,0.294929
0.36189565,0.33505487
0.37495506,0.35884175
0.35851339,0.3853002
0.40173858,0.4020385
0.4475088,0.4120277
0.44639835,0.40064448
0.43306074,0.37043503
0.39070404,0.34368202
0.30436262,0.320808
0.26066545,0.26990637
0.23424387,0.21752262
0.21162832,0.2012462
0.17544085,0.1697117
0.1353423,0.14175272
0.12689795,0.12912336
0.12849502,0.12022777
0.14117151,0.124349296
0.17303412,0.13271219
0.13975991,0.14356011
0.15620524,0.17753029
0.18304795,0.22311386
0.23201329,0.26712498
0.2805768,0.30826107
0.31577045,0.35325867
0.34089744,0.39929095
0.3669614,0.42351744
0.39030817,0.45050165
0.42413244,0.4665765
0.45613265,0.47057623
0.478929,0.46182302
0.46201238,0.42884803
0.3724795,0.39783248
0.3519935,0.37088323
0.33152875,0.31635597
0.2562618,0.25801256
0.20978563,0.22718072
0.19207661,0.1929241
0.1534362,0.16472161
0.100413874,0.14846133
0.11038284,0.14115268
0.1173777,0.14385426
0.12148853,0.15682413
0.13882826,0.17138347
0.16449204,0.20256671
0.19377738,0.2513583
0.24047592,0.2953627
0.28508314,0.34215617
0.32051414,0.385917
0.356223,0.43017557
0.38967898,0.4497109
0.4279385,0.4723791
0.43493533,0.48513022
0.4698212,0.48874336
0.46863264,0.4826327
0.42987457,0.44911113
0.3915895,0.4172652
0.37521362,0.38787678
0.36875522,0.33293107
0.2697297,0.2742347
0.2025335,0.23328444
0.18633515,0.19974343
0.18941362,0.17139404
0.17932467,0.15367521
0.18872294,0.14847092
0.19861047,0.14914754
0.2255396,0.16400121
0.23386829,0.17924534
0.27773365,0.20956667
0.3031774,0.25884148
0.31500366,0.30387655
0.36021084,0.3521839
0.43643403,0.39430413
0.4550378,0.4366251
0.49730575,0.4524888
0.50305885,0.47288388
0.49931166,0.48356596
0.50261915,0.4877227
0.49738187,0.48161402
0.4312742,0.44885603
0.4325439,0.41830897
0.42796242,0.38772318
0.3966486,0.33125478
0.32292652,0.27596083
0.2780966,0.25399756
0.244269,0.22073682
0.22535878,0.19206287
0.1872904,0.17218915
0.17367825,0.1682291
0.17960718,0.16942674
0.2159921,0.18723057
0.21412978,0.20126647
0.25333723,0.22844797
0.27009663,0.28009135
0.32276234,0.326373
0.36634716,0.37489718
0.41307428,0.4162043
0.4758758,0.4591243
0.5116255,0.47566488
0.5223008,0.4947808
0.5431129,0.5061855
0.549305,0.5094139
0.5539972,0.5028642
0.5042843,0.4692832
0.4630976,0.43718565
0.45338523,0.40589374
0.36409098,0.34677482
0.34325632,0.28889304
0.26793584,0.2468061
0.21613568,0.21701665
0.22780873,0.19011565
0.19236413,0.1691703
0.18769789,0.16892676
0.19396284,0.17134143
0.20314042,0.19075167
0.18958712,0.20309055
0.22886868,0.21893573
0.27612162,0.26338518
0.302151,0.2967059
0.2781418,0.3291287
0.31023306,0.3615127
0.33957425,0.3921827
0.33244577,0.4043012
0.33400828,0.41994148
0.3765315,0.42981184
0.39607558,0.43112546
0.4049281,0.42218813
0.3979003,0.39011383
0.37030244,0.3674568
0.34772876,0.34038514
0.31661138,0.2884336
0.28938276,0.24156721
0.21741898,0.21069098
0.15241249,0.18310477
0.15675963,0.15994583
0.15192789,0.14197737
0.1423385,0.14230654
0.14254524,0.14055747
0.13808109,0.16446829
0.16085252,0.1754201
0.1917027,0.19412708
0.22461227,0.23694561
0.26646543,0.2649456
0.33095407,0.3001356
0.33498016,0.33284035
0.38337114,0.36803898
0.41318697,0.38337234
0.41874263,0.40239027
0.4571025,0.4148343
0.45558554,0.42360505
0.4474729,0.41189057
0.41271666,0.38089538
0.36995277,0.35735363
0.34725714,0.33226734
0.32476023,0.27829385
0.2780547,0.229313
0.17858213,0.22758698
0.13632913,0.19957611
0.13805915,0.1740696
0.1186846,0.15616405
0.11615721,0.15585183
0.120810814,0.15786542
0.17957793,0.18062535
0.21603596,0.1936133
0.2438728,0.21250343
0.275185,0.25377613
0.29744455,0.28028706
0.32241932,0.3147948
0.3638497,0.34468627
0.40396982,0.37928405
0.43820095,0.3910002
0.43453783,0.4075342
0.4843012,0.41652265
0.45250276,0.42182305
0.45741096,0.41375437
0.46559805,0.3826215
0.42554006,0.36195186
0.40562406,0.33541313
0.35868123,0.2832607
0.2848588,0.23526165
0.2289973,0.22414924
0.209653,0.1942298
0.180945,0.1690162
0.15660343,0.15467405
0.14421774,0.15115789
0.16176389,0.1540521
0.18204783,0.17399777
0.19618645,0.18503217
0.22039308,0.20614669
0.2538491,0.24674506
0.29476494,0.27537802
0.3357137,0.31093353
0.38309127,0.34609935
0.43071815,0.3839613
0.43620735,0.4033477
0.45138398,0.42237264
0.40519366,0.4394143
0.4045003,0.4438199
0.39127207,0.43266913
0.37465358,0.40172368
0.3448524,0.37804177
0.3004027,0.35049668
0.26072362,0.29811993
0.21751836,0.24289466
0.1991765,0.21212938
0.17712831,0.180426
0.16396223,0.1549675
0.15495317,0.14016134
0.16919848,0.13557944
0.17245378,0.13320565
0.20575356,0.14959697
0.214865,0.16218989
0.23456927,0.18815158
0.24618515,0.23354115
0.2590119,0.26735726
0.26658142,0.3073829
0.2780258,0.34537458
0.31390747,0.38372955
0.32089436,0.4014186
0.35781407,0.42473987
0.3860112,0.43668625
0.42777562,0.44285953
0.44078517,0.43306035
0.41098496,0.40062532
0.40157807,0.3746638
0.39396665,0.3471296
0.34436944,0.29338762
0.29991212,0.24286905
0.23392345,0.2331953
0.22227633,0.20363614
0.20495154,0.17753798
0.16736875,0.16065523
0.17329769,0.15910473
0.21220765,0.16010645
0.23358376,0.18035425
0.23805323,0.19562972
0.2136352,0.21828257
0.24242763,0.26192352
0.2997599,0.29485053
0.3557221,0.3340958
0.3895899,0.36633834
0.44718042,0.40700313
0.41068184,0.4210721
0.4177887,0.43807626
0.42392802,0.44941443
0.39431497,0.45533758
0.41302112,0.44753987
0.3959549,0.41622293
0.39933652,0.39186034
0.39118132,0.36485955
0.34220833,0.309547
0.2586672,0.25578055
