true,forecasted
0.40497786,0.3911157
0.39131713,0.3780977
0.37740996,0.3677069
0.3686289,0.36740527
0.37530857,0.36749926
0.38445887,0.37809378
0.40151846,0.40436438
0.423444,0.41851407
0.43523574,0.42662197
0.4456123,0.4372034
0.457266,0.44899163
0.46674278,0.46505514
0.47712618,0.47280067
0.48087975,0.48371357
0.48582536,0.48664972
0.48928544,0.49116623
0.49661073,0.4937956
0.49307525,0.4935355
0.49206764,0.48477042
0.48119888,0.48365462
0.469805,0.47909617
0.46496862,0.4635455
0.44111004,0.44136447
0.416133,0.41414046
0.3930351,0.3815224
0.37832528,0.37163967
0.36839357,0.36219907
0.36634713,0.36514893
0.36909437,0.36442733
0.38386467,0.3832566
0.40248224,0.40732482
0.42363414,0.4238876
0.44006035,0.4287089
0.44676793,0.43491185
0.4524385,0.4450658
0.45816955,0.46314108
0.46933734,0.46961954
0.47646543,0.47925943
0.48181733,0.48041746
0.48119035,0.4910005
0.4871019,0.49333736
0.48842463,0.49471095
0.48784885,0.48935765
0.47928685,0.48333335
0.47307587,0.48076686
0.4680602,0.46416765
0.44589534,0.4370382
0.41616318,0.4113365
0.3959069,0.38603678
0.38160765,0.3730988
0.3732017,0.3632872
0.36927643,0.36459208
0.3704105,0.3645398
0.3824125,0.3776103
0.40470922,0.4008992
0.42071557,0.42025453
0.43577945,0.4312756
0.44423002,0.44219625
0.45521796,0.45550132
0.46209314,0.47505406
0.4738061,0.48422426
0.48314992,0.49457663
0.48922172,0.49974725
0.4907354,0.5095684
0.4963114,0.5122512
0.49944493,0.5146539
0.4956948,0.50708234
0.4869626,0.5059401
0.47089902,0.49797174
0.45805335,0.480479
0.4307115,0.45706686
0.4017496,0.42968383
0.37899202,0.38060609
0.3626779,0.37100357
0.35193786,0.35952199
0.35001054,0.35936007
0.35037163,0.36138642
0.35262114,0.37661123
0.35435197,0.39710382
0.36482435,0.41399708
0.37935093,0.4237774
0.3977778,0.44097352
0.41354105,0.45892957
0.42679152,0.4835102
0.44153565,0.49964553
0.45598644,0.5137595
0.47480223,0.52420187
0.4893325,0.537781
0.5074076,0.54676783
0.5192013,0.55387604
0.52137315,0.5447934
0.50861895,0.5380852
0.48928016,0.5294894
0.4710639,0.50871
0.4465095,0.4746148
0.4139827,0.444182
0.38703173,0.39697066
0.37173003,0.38603956
0.35874635,0.37100965
0.35138616,0.37308848
0.34762752,0.36935988
0.34729573,0.38049507
0.35059267,0.40070412
0.35962862,0.41721478
0.37779048,0.43944752
0.3956658,0.45471567
0.41097057,0.47156623
0.42842263,0.50117224
0.44152892,0.5024757
0.44493306,0.5194816
0.44832173,0.5172027
0.44771135,0.52772105
0.4509407,0.53268814
0.4586946,0.52507174
0.45920107,0.5216138
0.45602614,0.5152044
0.45304647,0.50770086
0.45325914,0.48631692
0.43588606,0.46719298
0.41355512,0.4384233
0.39827237,0.3861406
0.3848903,0.38161165
0.379528,0.36778402
0.37830162,0.36778402
0.38104996,0.37363055
0.39817026,0.38142407
0.4209903,0.407947
0.43560076,0.4353597
0.45667073,0.4457686
0.45954692,0.4538072
0.46853462,0.45970726
0.47123736,0.4726523
0.4748368,0.47473797
0.47944686,0.47689435
0.478949,0.47889897
0.47677594,0.47745118
0.47895247,0.47644034
0.48128533,0.48214662
0.47758916,0.47787866
0.47022346,0.48554012
0.4611311,0.4863902
0.462699,0.46823597
0.43968508,0.442717
0.41462982,0.424081
0.39181077,0.39356083
0.38148218,0.38600308
0.37156454,0.3760767
0.3682791,0.37566128
0.3712742,0.37913358
0.38855973,0.39590997
0.40504658,0.42499715
0.4270151,0.44676778
0.4402382,0.44938558
0.4466896,0.45943767
0.4538801,0.4686801
0.4627212,0.47431403
0.4691481,0.47510895
0.47533232,0.48421845
0.47148252,0.47927758
0.47415176,0.47770438
0.4752729,0.47567102
0.4781904,0.47385222
0.47868884,0.47801834
0.47494808,0.4713809
0.4743735,0.47233817
0.46654478,0.45936632
0.4473934,0.43649036
0.41803113,0.41891232
0.4014338,0.3965595
0.38689882,0.39022458
0.37711936,0.3786254
0.37376663,0.37834287
0.37716648,0.38193017
0.38982296,0.39540726
0.41119477,0.42560825
0.4304299,0.4486847
0.44034824,0.45432675
0.450202,0.46504104
0.4548095,0.47256243
0.46418586,0.48280266
0.47497088,0.4887367
0.4805965,0.49380082
0.48530096,0.49756667
0.48731953,0.49408105
0.4873753,0.49688473
0.4933149,0.50182617
0.49310145,0.4971183
0.48916858,0.49625564
0.4798285,0.49696752
0.47587624,0.47789592
0.45233318,0.45222038
0.42302823,0.429316
0.4002489,0.38898468
0.38379678,0.3813992
0.3775523,0.36969036
0.3727429,0.3728937
0.37503383,0.37434435
0.39068016,0.39014155
0.40689585,0.4195514
0.430196,0.4397801
0.4459227,0.4495378
0.45497555,0.46132025
0.47069386,0.4744745
0.48014417,0.49297738
0.49797273,0.49997336
0.51615244,0.51161206
0.5260945,0.5170647
0.5321002,0.5250841
0.54296577,0.53015524
0.54265743,0.5336853
0.5375708,0.5295599
0.5259294,0.52339065
0.5158514,0.517851
0.5064767,0.50004566
0.47662544,0.4702252
0.44694403,0.43941638
0.42238516,0.4072517
0.4041015,0.39824963
0.39027566,0.3844471
0.3833117,0.38345888
0.38307104,0.37983415
0.39907914,0.3937198
0.41078502,0.41868633
0.42743692,0.43837467
0.4474679,0.44435787
0.46140817,0.4563657
0.47467676,0.466248
0.48415747,0.4837467
0.49380025,0.4916088
0.49826682,0.5016421
0.49948147,0.50350314
0.4969119,0.5060197
0.49790868,0.5066307
0.4990425,0.5042895
0.49089792,0.496462
0.4790374,0.49511343
0.4666139,0.4904482
0.45854115,0.47409916
0.43733206,0.45108804
0.41137934,0.42724466
0.39223495,0.3811486
0.3716604,0.37304068
0.35952818,0.36104256
0.35409048,0.36106727
0.3519881,0.36223584
0.35553703,0.3737666
0.3594102,0.3966986
0.3684305,0.41039285
0.38355318,0.41903353
0.40237302,0.4326358
0.41464186,0.44840994
0.42598668,0.46596262
0.43737411,0.47649956
0.44803908,0.487728
0.46131784,0.49255297
0.47179434,0.5017493
0.48611778,0.50667286
0.49212372,0.5123147
0.4892818,0.5050969
0.4812516,0.49691856
0.46618003,0.4945843
0.4561548,0.47408158
0.4328426,0.44854936
0.40769917,0.42107478
0.3824324,0.38177392
0.36690316,0.3719141
0.35623446,0.35892326
0.3513588,0.35912558
0.34550738,0.35953557
0.34446394,0.3731444
0.3471805,0.39250717
0.35540566,0.41270122
0.3749429,0.423091
0.39426133,0.44422293
0.4106518,0.46549228
0.4328646,0.4916885
0.45242202,0.5073339
0.4735239,0.5266079
0.4905522,0.5387461
0.50582546,0.54282767
0.5238035,0.55635774
0.5339166,0.5602509
0.53452986,0.5536499
0.52536476,0.54670286
0.5078678,0.535773
0.4921092,0.5145196
0.4684399,0.48213878
0.43841937,0.45357248
0.41125458,0.4115695
0.39481142,0.4040581
0.38352183,0.3857538
0.37989935,0.38591376
0.38353682,0.38660598
0.39436778,0.39877683
0.41204107,0.42386767
0.42930016,0.44823956
0.45402113,0.46408492
0.4752282,0.48573542
0.49515238,0.5039127
0.51136065,0.5311661
0.5274668,0.5445005
0.539471,0.56035715
0.5436819,0.5693907
0.54587734,0.57211614
0.5457101,0.5791641
0.54922277,0.5803534
0.54588616,0.57364666
0.53503513,0.5653011
0.52636003,0.5580078
0.5168949,0.53443193
0.49254748,0.5034995
0.4604341,0.4716448
0.43111068,0.43094882
0.41547376,0.420586
0.40688777,0.4042731
0.39643782,0.40291932
0.39946678,0.40128604
0.41341785,0.41508216
0.43123853,0.4399321
0.45593676,0.4646341
0.47423837,0.47425067
0.48419738,0.4906029
0.50155216,0.5046053
0.51256657,0.5245433
0.5253937,0.53547233
0.5351839,0.5461154
0.5427774,0.55070746
0.54279506,0.5506385
0.5450512,0.54883486
0.5423064,0.5488026
0.53409463,0.54147637
0.52935976,0.5350559
0.5256115,0.53004366
0.51394403,0.51251906
0.49035987,0.48431143
0.45565617,0.45790702
0.43268016,0.42797932
0.41770062,0.41764504
0.40347624,0.4024409
0.3979209,0.4008415
0.39774874,0.40200108
0.40978146,0.41606885
0.4301957,0.44419125
0.45381284,0.46804366
0.4713389,0.47707868
0.49052906,0.49825
0.5120004,0.5174453
0.5317238,0.5408762
0.54733384,0.5585323
0.5634836,0.57593447
0.5685092,0.5867674
0.57601595,0.58728814
0.57696706,0.59220654
0.5765894,0.59576344
0.56665343,0.58646667
0.54724485,0.58041084
0.5338573,0.56796676
0.52126086,0.547643
0.49222085,0.51591223
0.45790565,0.4845973
0.43248963,0.4158152
0.4110159,0.40539473
0.39525658,0.39004606
0.38788858,0.38770014
0.38967818,0.3871042
0.4029569,0.39796895
0.42467183,0.42294624
0.44737497,0.44222787
0.46006313,0.4488337
0.4727616,0.46542108
0.48430163,0.47835496
0.4921677,0.4970403
0.5028094,0.50821316
0.5126521,0.52133316
0.51740104,0.52675414
0.5130199,0.52616394
0.51189977,0.5292514
0.5079044,0.52851284
0.5041223,0.5202393
0.49990803,0.51317966
0.49562374,0.5067521
0.49267134,0.49297416
0.46760678,0.46308622
0.4455431,0.43756998
0.42169917,0.41021284
0.40507913,0.40173954
0.39780253,0.38665217
0.3907714,0.38653812
0.3910503,0.3832943
0.40470564,0.39229637
0.42256948,0.4172705
0.44136468,0.43576697
0.45541292,0.44636792
0.47109458,0.463284
0.48762712,0.47492978
0.49701983,0.49198538
0.5116972,0.4989501
0.51716864,0.50987965
0.5248592,0.51259357
0.52370936,0.5120075
0.5259364,0.5140237
0.5284696,0.5142147
0.5219282,0.5092078
0.5132298,0.5047163
0.49971688,0.50010747
0.49639997,0.48697686
0.47337964,0.4619408
0.44595817,0.43753758
0.4226092,0.41739088
0.4021304,0.40531802
0.3875714,0.3911898
0.38249126,0.39063182
0.38104096,0.39005297
0.3826585,0.40231496
0.38037246,0.42911318
0.39495355,0.4512276
0.4178475,0.46243644
0.43939498,0.48152053
0.45981362,0.5004768
0.4801246,0.51917034
0.5007795,0.53719693
0.52081144,0.5547653
0.5293447,0.56320894
0.54102635,0.5644362
0.5501974,0.5679304
0.554793,0.5721053
0.553752,0.56337965
0.5428241,0.55749154
0.52545255,0.54641086
0.5098275,0.5317697
0.4841452,0.4976392
0.45566288,0.46767926
0.43013063,0.4242803
0.40614668,0.4124108
0.3888955,0.39702117
0.377265,0.39602995
0.37126613,0.39537334
0.37180674,0.40991694
0.3709329,0.4353342
0.38342875,0.4579545
0.41400808,0.47524548
0.44392648,0.4974495
0.46868128,0.5206611
0.48771727,0.5494912
0.50975317,0.57218075
0.528101,0.589421
0.54504156,0.60155505
0.5587673,0.6138788
0.5651269,0.61722684
0.571679,0.6228224
0.56718415,0.61182994
0.5598653,0.59964085
0.545589,0.58885723
0.53152806,0.5671006
0.5027517,0.5316835
0.4701341,0.4951274
0.44339922,0.43513045
0.42757788,0.42314553
0.41652173,0.40689057
0.40903306,0.40340695
0.40968275,0.4059118
0.42490223,0.41805142
0.44331425,0.44498867
0.46806002,0.4660444
0.4866606,0.4762323
0.5044043,0.49753422
0.5277756,0.51531553
0.5498208,0.5452468
0.56975687,0.5633319
0.5803831,0.57994455
0.5823517,0.59207416
0.58537424,0.5920684
0.5869169,0.593018
0.58623725,0.59643376
0.5784465,0.58622223
0.5664322,0.5772393
0.5404614,0.5686688
0.52559906,0.54576844
0.49788776,0.5158088
0.457688,0.48489642
0.4365263,0.42755547
0.41627574,0.41904575
0.40391383,0.40101904
0.39217958,0.39810467
0.39814273,0.3948981
0.4121713,0.40774113
0.43332994,0.4306385
0.44885325,0.45051205
0.46487007,0.45947683
0.4732487,0.4777413
0.4832557,0.49357763
0.49254048,0.51418036
0.5006382,0.5246378
0.50759095,0.53874004
0.5083026,0.5417137
0.50934285,0.54458606
0.50868833,0.5475704
0.5116258,0.5447302
0.510511,0.53631616
0.5064314,0.52821684
0.5014887,0.52062213
0.49499595,0.5023196
0.47049776,0.4742934
0.4413233,0.44950527
0.41769606,0.40892276
0.39995778,0.40022898
0.3876564,0.3861724
0.38263214,0.3866831
0.38232198,0.38589093
0.39615816,0.39991426
0.41530335,0.42764995
0.4366637,0.44967774
0.45132554,0.45855516
0.4687483,0.4760146
0.48704422,0.4920415
0.5071807,0.51030403
0.52609384,0.52321756
0.5440685,0.53677684
0.5566733,0.5428588
0.56503904,0.5466732
0.57358587,0.55165607
0.57994163,0.5544803
0.57530916,0.5465883
0.56463915,0.5414852
0.5461356,0.53333724
0.53080463,0.5164006
0.500532,0.48692194
0.464216,0.45898655
0.4380454,0.4297162
0.4135309,0.41714227
0.40017027,0.40067863
0.39423957,0.40073076
0.39606342,0.3976003
0.41118383,0.41289446
0.4272329,0.43873212
0.44715855,0.45859057
0.46614113,0.47131008
0.48875374,0.4973783
0.5135987,0.52223784
0.54326975,0.5539067
0.5701892,0.5794996
0.5953753,0.6049314
0.6126433,0.61972195
0.6288102,0.6265223
0.63928676,0.63611674
0.6343442,0.6377766
0.6216069,0.6273712
0.59819865,0.614884
0.5765498,0.5966161
0.56613916,0.574504
0.53318083,0.5384474
0.49537224,0.502573
0.45880076,0.45951632
0.43772927,0.4427083
0.42847002,0.424527
0.41762573,0.4224655
0.41533774,0.41908503
0.42584696,0.42886978
0.44489378,0.45263192
0.4669734,0.47061998
0.48760045,0.4845417
0.50588757,0.51391923
0.52827084,0.5403256
0.5504699,0.57801294
0.5767417,0.60209745
0.6033407,0.6267132
0.6181783,0.6436648
0.63155544,0.64550316
0.6437108,0.65218896
0.6471091,0.6550118
0.6381951,0.6435695
0.62046057,0.6316496
0.599779,0.6142716
0.5821675,0.5919281
0.54692775,0.5552899
0.51145893,0.5186122
0.47788534,0.4808279
0.43820685,0.4645189
0.41931632,0.4450693
0.40895134,0.4398722
0.40238068,0.4367265
0.40262538,0.44703516
0.39494672,0.46847954
0.40613842,0.49135092
0.42836225,0.508113
0.45499656,0.53615403
0.47658163,0.56365937
0.48956752,0.5983392
0.5018263,0.6173981
0.51425153,0.6342674
0.52240175,0.64531714
0.53408235,0.64286643
0.5402748,0.64530176
0.54695034,0.6445687
0.54609567,0.6329645
0.5339119,0.6230201
0.5149079,0.61058617
0.50467503,0.5867386
0.483032,0.55277056
0.45537904,0.52044237
0.43123946,0.42353073
0.41128257,0.41187817
0.39750314,0.39672768
0.38731506,0.39161357
0.37606543,0.39792252
0.37795424,0.40388757
0.37640667,0.42656443
0.38475576,0.44869134
0.40455663,0.46060413
0.4233239,0.47796774
0.44329742,0.49790683
0.46165714,0.5276073
0.48084325,0.5472452
0.50243616,0.5610442
0.52858776,0.5744601
0.54505986,0.5765564
0.56080264,0.5765812
0.56634736,0.5843574
0.55748636,0.57015663
0.53894573,0.5663922
0.50498873,0.5587791
0.49066603,0.5383585
0.46691614,0.5055094
0.43548152,0.47717366
0.40677786,0.4135423
0.39107573,0.40360492
0.38129756,0.38811588
0.37803906,0.38566366
0.37892005,0.3830471
0.38452524,0.3959825
0.39451802,0.41817617
0.41170847,0.4399067
0.42981395,0.4513117
0.44500434,0.4766649
0.46646872,0.49690533
0.48556814,0.52585703
0.5005224,0.5457311
0.514885,0.5648019
0.53404975,0.57898146
0.5436358,0.58696604
0.55259794,0.5919309
0.5565898,0.59491944
0.5535223,0.58736515
0.5363291,0.57327956
0.5119581,0.56353384
0.49786964,0.5411639
0.47272015,0.5078244
0.44665402,0.47508648
0.42266896,0.42094573
0.40127262,0.4102279
0.38349032,0.39151418
0.3719771,0.3907276
0.36854818,0.39033282
0.37316626,0.402803
0.3714589,0.4280075
0.38230944,0.44818386
0.40841594,0.46471995
0.4423205,0.48872876
0.4826055,0.5189748
0.51932985,0.5515624
0.5477357,0.57837546
0.56399703,0.6050485
0.57384235,0.61869127
0.5857225,0.6286178
0.5889665,0.6384783
0.5921241,0.64148796
0.5869355,0.62806904
0.5702673,0.61728346
0.5488937,0.6015236
0.5279234,0.5792095
0.5024361,0.5412638
0.48033294,0.5056908
0.44637087,0.4387685
0.42080733,0.42189193
0.40321967,0.4057331
0.38935432,0.40483758
0.38709396,0.4008578
0.39846244,0.4129365
0.42058966,0.43478236
0.45140627,0.45449933
0.48309156,0.4725271
0.520049,0.5020695
0.56173867,0.53137946
0.5981603,0.5708204
0.6306,0.59934163
0.64887184,0.6235859
0.6526658,0.64118844
0.649897,0.651361
0.6560013,0.6590428
0.6557884,0.66246986
0.65876085,0.65228575
0.6501919,0.6382684
0.62761325,0.6175243
0.6079296,0.59817266
0.56715244,0.56013185
0.5229999,0.5213417
0.4939821,0.48929772
0.46732828,0.47109938
0.45350984,0.45004284
0.43764555,0.44823432
0.43311504,0.44094145
0.44431287,0.45137477
0.45956695,0.47771305
0.4832816,0.4956774
0.5138118,0.5161233
0.5492686,0.5439602
0.5860451,0.5732815
0.6181289,0.6129771
0.6356864,0.62673324
0.6399715,0.6491974
0.64292794,0.6571359
0.64323866,0.65651524
0.64537287,0.6611839
0.6449649,0.6520772
0.63599,0.643569
0.6263708,0.63083625
0.60080916,0.61488515
0.5829932,0.59271944
0.5504959,0.5634976
0.51244146,0.5265024
0.47909668,0.47032803
0.45539606,0.45504332
0.43532634,0.4355862
0.42421722,0.4318342
0.42679423,0.42878717
0.43536052,0.4385285
0.44873407,0.46570125
0.47310978,0.4855369
0.49338493,0.49729604
0.51419646,0.5252055
0.5454057,0.5530764
0.57109225,0.5855997
0.60136056,0.6104174
0.62359214,0.63358444
0.6360179,0.6487343
0.6467024,0.64741504
0.6512102,0.6530454
0.6503897,0.6549368
0.6447048,0.6392872
0.62293375,0.6296319
0.59388304,0.6125093
0.5712106,0.5886615
0.5388142,0.55280393
0.49814332,0.5192543
0.46564984,0.4634524
0.4369697,0.4466511
0.42220378,0.42804384
0.4080677,0.4249907
0.40505737,0.41843545
0.40187326,0.42935434
0.4039432,0.45126966
0.4163775,0.46832022
0.4398564,0.48308545
0.46458536,0.5107931
0.4944681,0.5368155
0.52317095,0.5692737
0.5412027,0.5887887
0.55450505,0.610321
0.55213803,0.61818117
0.55757755,0.6201482
0.5630657,0.62479466
0.57201725,0.62030506
0.5662077,0.60993385
0.55374527,0.5953572
0.5334539,0.5806679
0.52206725,0.5594206
0.49952117,0.5285612
0.4696906,0.49584094
0.4410639,0.43888703
0.42036718,0.42469037
0.40424308,0.4092247
0.39628783,0.40209582
0.39263925,0.4014765
0.3906982,0.40831172
0.3914799,0.4289334
0.3995695,0.44963518
0.4180516,0.45916134
0.43416768,0.4832054
0.4536731,0.5036574
0.47554517,0.52751684
0.4956134,0.54524934
0.5074709,0.5592211
0.5234602,0.56843275
0.5330194,0.5677087
0.5442995,0.568834
0.5502575,0.571504
0.55098295,0.561486
0.5394956,0.55179405
0.5227428,0.543582
0.5081596,0.52572054
0.48366883,0.49578837
0.4502881,0.47010845
0.42270955,0.41518888
0.40589845,0.40564197
0.3919605,0.3888653
0.38822687,0.3893344
0.39305416,0.3895086
0.40571183,0.40769762
0.42424467,0.4373361
0.45152423,0.45793802
0.47331986,0.47168356
0.49865088,0.4944825
0.5243285,0.5180952
0.54746073,0.54482406
0.57113004,0.5679589
0.59539276,0.5903525
0.609529,0.6020034
0.6245095,0.616307
0.6362064,0.62375003
0.64107466,0.62832606
0.63811535,0.6186236
0.6208647,0.60394245
0.5941103,0.591612
0.56682587,0.56664366
0.52791536,0.5319143
0.48400494,0.49429712
0.45001352,0.44873258
0.42874768,0.43285298
0.41381556,0.41568118
0.40124717,0.4132319
0.40562126,0.41069806
0.41572925,0.42466784
0.43476918,0.45336416
0.4597277,0.47038284
0.48167542,0.4849543
0.50855064,0.5124064
0.5406601,0.5421407
0.56773424,0.5785529
0.59348243,0.60324734
0.6211621,0.63124126
0.6378829,0.6462218
0.6487998,0.653888
0.6595237,0.66358596
0.6574284,0.6630094
0.6537855,0.6513057
0.6369503,0.6361373
0.60989344,0.6168053
0.5873218,0.5909519
0.5482421,0.5535716
0.50622547,0.5162153
0.47119638,0.46878722
0.44815505,0.45195717
0.4315628,0.43339378
0.420459,0.4299874
0.4191939,0.42509764
0.43019038,0.4329775
0.4478384,0.45810232
0.47346362,0.47531527
0.4939682,0.49201542
0.5158399,0.5241842
0.54952043,0.5550804
0.5809378,0.591812
0.607601,0.6196871
0.6329448,0.6450012
0.6486481,0.6589299
0.657529,0.6608065
0.66273975,0.6680047
0.6649394,0.6677363
0.65954494,0.6531218
0.6419844,0.64006466
0.6167579,0.62103385
0.593047,0.59760594
0.5608229,0.56153274
0.5221943,0.52348185
0.4848187,0.4804291
0.45995742,0.46188068
0.44381464,0.44301015
0.43574038,0.4375842
0.43155643,0.43549907
0.44398698,0.44346952
0.45884463,0.46557763
0.4901887,0.4873177
0.5149697,0.5044206
0.537442,0.5378804
0.5634712,0.5680176
0.5970716,0.605546
0.6242819,0.6332376
0.64501417,0.65571064
0.6608557,0.6715054
0.6663084,0.66923904
0.6668041,0.6737309
0.6652924,0.6763176
0.65249825,0.66264176
0.63647765,0.6502588
0.6124968,0.63047266
0.5928767,0.60884833
0.5562537,0.5705506
0.51806206,0.5321591
0.48456734,0.47648725
0.46501386,0.45894372
0.44652516,0.439344
0.4367276,0.43477964
0.43583074,0.4318335
0.4450495,0.43970805
0.4611088,0.46199587
0.48512492,0.48401472
0.508461,0.5008485
0.5371391,0.5334709
0.56958926,0.5634591
0.5931561,0.5999817
0.6228937,0.6269705
0.64788634,0.6507502
0.6622144,0.6666832
0.67507404,0.66630656
0.684457,0.6723153
0.68515563,0.67317414
0.67706805,0.65956545
0.661439,0.6465217
0.63404155,0.6268886
0.6059031,0.60779697
0.56669,0.5674351
0.5254513,0.52891994
0.48824438,0.48739728
0.4617659,0.46691412
0.44051164,0.45004445
0.42836058,0.4458359
0.4166807,0.4385143
0.41340786,0.4489515
0.41947925,0.47282568
0.42837122,0.49047634
0.45587388,0.5089573
0.4824698,0.53690886
0.5097959,0.5649817
0.5350561,0.60054165
0.55705065,0.6177782
0.5693892,0.6376651
0.56910664,0.6428078
0.5601156,0.6411033
0.5540984,0.64114255
0.5509385,0.6340537
0.54416794,0.6238866
0.53742635,0.6117145
0.52522814,0.5952947
0.5163427,0.5716489
0.49366724,0.5441467
0.46693203,0.51020837
0.44054735,0.43119833
0.42328984,0.41985315
0.41094142,0.40052456
0.4037011,0.39537457
0.39743683,0.39400303
0.3965388,0.39607573
0.39694172,0.4117524
0.40825316,0.43140098
0.43181497,0.4450633
0.45907834,0.4730702
0.48424238,0.4998141
0.51476157,0.5268574
0.54341763,0.55074006
0.5635439,0.56950563
0.57810456,0.58235127
0.5889797,0.5843855
0.59951395,0.5914684
0.603627,0.59621286
0.5932831,0.58480036
0.578498,0.57509923
0.5604899,0.5626063
0.54532456,0.5458039
0.50986695,0.5136742
0.4773486,0.48519167
0.450104,0.44360834
0.43364656,0.42998338
0.4199736,0.41200125
0.412473,0.40667367
0.41492367,0.40801957
0.4272205,0.41886127
0.44473872,0.44342163
0.46927488,0.4645208
0.49108493,0.47585618
0.5177064,0.5017803
0.54428935,0.5259989
0.57399935,0.5558683
0.6001245,0.5822387
0.62184095,0.5992086
0.63099813,0.61302716
0.6323098,0.61192876
0.62969923,0.6205333
0.63150334,0.6219835
0.62106264,0.6083256
0.602184,0.5984378
0.5802326,0.58624065
0.55755866,0.5617251
0.5250659,0.52737314
0.48534873,0.4958742
0.4528638,0.43827856
0.42881802,0.4263907
0.41482788,0.40943563
0.40359148,0.4083957
0.404409,0.40472344
0.41426268,0.41953042
0.43040615,0.4467918
0.44896868,0.46466717
0.46965632,0.47252786
0.4873522,0.49731266
0.51476264,0.51848197
0.5396527,0.54715943
0.56858695,0.56878847
0.59465545,0.58947766
0.6105236,0.6017961
0.6209057,0.60548437
0.63254595,0.61309236
0.6321577,0.61383
0.61992574,0.6013307
0.6049685,0.5896845
0.58307207,0.5748913
0.56445014,0.55141413
0.53389084,0.51743376
0.49678484,0.4834596
0.4639,0.45484766
0.44415742,0.4408551
0.4299901,0.4232502
0.42281663,0.419462
0.42300436,0.4154412
0.43672088,0.42508897
0.4559102,0.44833496
0.47524694,0.46636426
0.49434772,0.4757589
0.51279664,0.5063203
0.5392395,0.53231174
0.56136084,0.5685082
0.5892025,0.5948648
0.6077914,0.61869663
0.6210922,0.6357299
0.6311042,0.6357698
0.63717943,0.6428479
0.6412308,0.64596224
0.63984656,0.6334203
0.62627816,0.6220373
0.6058398,0.602634
0.58887565,0.5793356
0.5520999,0.5444476
0.51084346,0.5117794
0.47783425,0.46480796
0.45678496,0.45081848
0.43970305,0.4323048
0.43181226,0.42797968
0.43009883,0.42748934
0.44409156,0.440992
0.46455252,0.4645916
0.48674643,0.49029475
0.5108626,0.49973828
0.5383213,0.52933586
0.56995356,0.5528774
0.60126394,0.58618057
0.6326699,0.6121244
0.65933555,0.6283236
0.67470235,0.64650863
0.6833642,0.64225096
0.6830763,0.6495291
0.6761879,0.6518959
0.6652866,0.6388998
0.64480984,0.6294036
0.62305444,0.6131937
0.5882836,0.58951825
0.5525813,0.5514982
0.5082701,0.5180619
0.0,0.4615027
0.0,0.44682574
0.0,0.42812222
0.0,0.42187807
0.0,0.41954255
0.0,0.42633787
0.0,0.44771737
0.0,0.46651775
0.0,0.47912478
0.0,0.5063466
0.0,0.5285213
0.0,0.55660266
0.0,0.57940644
0.0,0.5931565
0.0,0.60229164
0.0,0.59818584
0.0,0.60163635
0.0,0.60250115
0.0,0.5873672
0.0,0.57710636
0.0,0.5648515
0.0,0.54293793
0.0,0.50917274
0.0,0.47908327
0.0,0.34987494
0.0,0.35437155
0.0,0.33394516
0.0,0.33384082
0.0,0.33561778
0.0,0.3264799
0.0,0.31799835
0.0,0.2797326
0.0,0.2861156
0.0,0.3312885
0.0,0.37248376
0.0,0.39911172
0.0,0.41548368
0.0,0.46775392
0.0,0.49495694
0.0,0.49353275
0.0,0.509996
0.0,0.52723324
0.0,0.5318814
0.0,0.53381
0.0,0.51162845
0.0,0.49491882
0.0,0.4583468
0.0,0.44845995
0.0,0.35408732
0.0,0.35491985
0.0,0.3372023
0.0,0.33272108
0.0,0.33698404
0.0,0.32486278
0.0,0.31535313
0.0,0.27863914
0.0,0.27924067
0.0,0.32388118
0.0,0.3655497
0.0,0.38458446
0.0,0.39863905
0.0,0.44783676
0.0,0.4755356
0.0,0.46802035
0.0,0.4802889
0.0,0.4957502
0.0,0.499413
0.0,0.5009514
0.0,0.4862757
0.0,0.46908873
0.0,0.4331232
0.0,0.42580137
0.0,0.33520362
0.0,0.3411528
0.0,0.31990498
0.0,0.31862026
0.0,0.32407647
0.0,0.31121343
0.0,0.2971321
0.0,0.2576353
0.0,0.26134968
0.0,0.3051543
0.0,0.34463832
0.0,0.3646089
0.0,0.38455346
0.0,0.43235993
0.0,0.45361474
0.0,0.4484947
0.0,0.4604645
0.0,0.47778967
0.0,0.4774428
0.0,0.48712915
0.0,0.46647584
0.0,0.45107687
0.0,0.41403103
0.0,0.40924513
0.4053317,0.33909634
0.3869209,0.3419636
0.37661454,0.32307124
0.36901683,0.3216744
0.36532074,0.32320297
0.36800697,0.31822005
0.3742811,0.3032952
0.37787908,0.26651165
0.3942203,0.26573753
0.4167263,0.31704524
0.4460353,0.3584166
0.47438288,0.38443995
0.51068705,0.40644252
0.54295045,0.45813698
0.5650254,0.48955223
0.58757675,0.48749754
0.6003973,0.5053962
0.6068754,0.52684045
0.599767,0.5293044
0.57458746,0.53260255
0.5545435,0.5086936
0.5274902,0.4902538
0.49207637,0.4483229
0.4557627,0.43936592
0.42941818,0.43744394
0.41004133,0.4215232
0.39985776,0.40596086
0.3883617,0.40326294
0.3830594,0.4042849
0.38139594,0.41932756
0.38866132,0.4507061
0.39292163,0.47233132
0.41439566,0.48534566
0.45172426,0.5135173
0.4887744,0.54301137
0.52614576,0.5800925
0.5578501,0.6076067
0.586026,0.6354596
0.6058736,0.65465254
0.61689013,0.66276383
0.63529915,0.6718672
0.6402443,0.67392325
0.630065,0.6622908
0.60350305,0.6447646
0.57809055,0.62968534
0.55007774,0.6015028
0.51659817,0.5606726
0.48113385,0.52156913
0.43124002,0.44360653
0.4110211,0.42729062
0.3962342,0.4122116
0.38541016,0.4085618
0.37920675,0.40547505
0.37899712,0.41874802
0.37935135,0.44364372
0.38068536,0.46144852
0.4022996,0.47487164
0.4427098,0.50638056
0.48692515,0.53478605
0.5352203,0.5730737
0.56873405,0.6081061
0.594922,0.6320032
0.6144818,0.64865875
0.62717694,0.6571611
0.64143294,0.66588706
0.6466127,0.6681447
0.63628334,0.6544551
0.6120226,0.63919675
0.5935508,0.62068933
0.5590777,0.59647995
0.5153874,0.5580522
0.47646037,0.5210484
0.46895167,0.45155486
0.4459142,0.43260014
0.43222216,0.41633886
0.4237696,0.41104206
0.42527887,0.40702543
0.442586,0.417163
0.47373754,0.4374747
0.49342558,0.4545986
0.51246166,0.4729352
0.54623276,0.5076578
0.58677894,0.5422358
0.63002414,0.58448637
0.67207885,0.6211917
0.69390017,0.648673
0.7079445,0.66643995
0.7050387,0.6755807
0.71307683,0.68591017
0.7134244,0.68912554
0.7136225,0.67521
0.6965415,0.6577698
0.67833596,0.63601303
0.63928866,0.61180997
0.59155715,0.57241166
0.5473785,0.5334548
0.51284385,0.506789
0.4851239,0.48237318
0.469445,0.4687267
0.4548771,0.46058795
0.4570918,0.4553333
0.47044006,0.46731052
0.5041199,0.49295986
0.52000666,0.51706743
0.53622055,0.53093535
0.56062776,0.5649735
0.59054583,0.5935676
0.62391275,0.62556756
0.65080476,0.652423
0.6751812,0.67292404
0.68487346,0.68279284
0.679356,0.6733413
0.67171896,0.67117447
0.6637902,0.6656916
0.66522056,0.65447295
0.64679366,0.6442294
0.63634336,0.62388736
0.60214555,0.60170984
0.561695,0.5675091
0.52046376,0.5322233
0.4892816,0.4855471
0.4656463,0.46754587
0.45412385,0.44941133
0.44505847,0.4437804
0.44385207,0.4388782
0.4620224,0.44971183
0.48847756,0.47605082
0.5061156,0.49666902
0.5146636,0.50701076
0.5248876,0.5333973
0.53853005,0.55419433
0.55577844,0.5793516
0.5744224,0.5922295
0.59232414,0.60848975
0.59998053,0.61688906
0.59950686,0.6084311
0.594531,0.608719
0.5891702,0.6058489
0.5791203,0.5946629
0.56444865,0.5865601
0.5613487,0.5735148
0.5395506,0.5543127
0.5088802,0.52132046
0.47143012,0.49414375
0.44928494,0.4416438
0.43052313,0.43279183
0.4178343,0.41298664
0.4120422,0.41010168
0.41346905,0.40758815
0.43046477,0.41773936
0.45998254,0.44138148
0.48024732,0.46236253
0.4899317,0.47022855
0.4974244,0.49095652
0.51130754,0.5081791
0.52375716,0.52924544
0.5397729,0.5451966
0.5580778,0.55965906
0.56678677,0.56608623
0.5743606,0.5642195
0.57770485,0.5668852
0.57190144,0.56751156
0.55541015,0.5533476
0.5382179,0.5493414
0.52316266,0.5398722
0.50616205,0.519924
0.4784862,0.4894655
0.44642916,0.46354342
0.42166448,0.41450953
0.40400198,0.4035824
0.39611736,0.3882035
0.38867015,0.38494793
0.3822168,0.3855446
0.38749155,0.39530322
0.4027206,0.41911554
0.40293622,0.43872568
0.42119524,0.44421995
0.445583,0.4621659
0.45507756,0.47674796
0.4700138,0.4942374
0.48432818,0.50927776
0.49255955,0.523808
0.5001102,0.52834725
0.4994557,0.5251967
0.4995439,0.53005135
0.4966887,0.5292597
0.4868604,0.51803964
0.47738773,0.5126831
0.47468573,0.5042066
0.45786768,0.48696184
0.43592647,0.4583987
0.41443774,0.4352232
0.39625937,0.38143834
0.3827457,0.37181103
0.37434465,0.36104572
0.36746824,0.35887846
0.36500502,0.36044124
0.3658885,0.36878628
0.36841798,0.3915299
0.37630185,0.40641215
0.39045516,0.41219968
0.4119918,0.42681798
0.4289147,0.44284952
0.44368768,0.45955113
0.4574341,0.47092044
0.47045678,0.48280653
0.4810387,0.48946866
0.49001142,0.48957416
0.50474817,0.49376437
0.513189,0.4974964
0.5104039,0.4891587
0.50684613,0.48711836
0.5042717,0.48159066
0.480205,0.46554148
0.4492467,0.43902037
0.42470655,0.41496584
0.40317422,0.39367333
0.39002413,0.38320988
0.3825261,0.37394232
0.37977082,0.3744888
0.3831626,0.37756783
0.40256086,0.3960845
0.4354164,0.4297938
0.45182484,0.45116886
0.46184897,0.4549961
0.47368282,0.47086143
0.49149054,0.48511586
0.50769883,0.50498575
0.529005,0.51851267
0.54756963,0.53193104
0.5626906,0.54329854
0.5723446,0.54476696
0.5828078,0.55234337
0.58725286,0.5581222
0.5773461,0.55057454
0.5576056,0.5443044
0.5474904,0.538135
0.5201142,0.5144378
0.48641178,0.4818047
0.45055422,0.44997597
0.0,0.4273356
0.0,0.41485405
0.0,0.39860922
0.0,0.39393896
0.0,0.39566422
0.0,0.4090985
0.0,0.4313969
0.0,0.45329538
0.0,0.46097058
0.0,0.47680077
0.0,0.49222818
0.0,0.5115538
0.0,0.52149224
0.0,0.532171
0.0,0.53755337
0.0,0.5344724
0.0,0.5365163
0.0,0.5359491
0.0,0.5270309
0.0,0.51846194
0.0,0.5140392
0.0,0.49211633
0.0,0.46523038
0.0,0.44050086
0.0,0.32882184
0.0,0.3350957
0.0,0.31761563
0.0,0.3147286
0.0,0.32200536
0.0,0.31432924
0.0,0.30250195
0.0,0.26480097
0.0,0.2609982
0.0,0.29632682
0.0,0.32734585
0.0,0.3439373
0.0,0.3532955
0.0,0.39171576
0.0,0.41174343
0.0,0.40070012
0.0,0.41022703
0.0,0.42662677
0.0,0.43141815
0.0,0.43977004
0.0,0.42839286
0.0,0.4102658
0.0,0.38196516
0.0,0.3833926
0.0,0.3186871
0.0,0.32407165
0.0,0.3088443
0.0,0.30820847
0.0,0.31318563
0.0,0.3072378
0.0,0.29750007
0.0,0.25646022
0.0,0.2523102
0.0,0.28699237
0.0,0.31822884
0.0,0.3345386
0.0,0.34222174
0.0,0.3832019
0.0,0.40188286
0.0,0.39408496
0.0,0.40293524
0.0,0.41919544
0.0,0.42389348
0.0,0.43197614
0.0,0.41961333
0.0,0.40053755
0.0,0.3733929
0.0,0.37291437
0.0,0.31730258
0.0,0.3243894
0.0,0.30824488
0.0,0.306741
0.0,0.31323263
0.0,0.3083721
0.0,0.29847738
0.0,0.25837547
0.0,0.25224072
0.0,0.2855631
0.0,0.3177414
0.0,0.33265707
0.0,0.33983663
0.0,0.38206992
0.0,0.4008918
0.0,0.39261255
0.0,0.40298823
0.0,0.4197003
0.0,0.42368102
0.0,0.43126154
0.0,0.4195341
0.0,0.40158516
0.0,0.37226695
0.0,0.37173596
0.38035634,0.32486376
0.36617252,0.33279288
0.35825613,0.31333578
0.35472387,0.3096714
0.35489818,0.31405282
0.35800573,0.30509168
0.36377385,0.29143545
0.3708816,0.2539211
0.3828125,0.2495731
0.40014917,0.29078472
0.41183093,0.32355973
0.42153293,0.33660114
0.43129927,0.34646952
0.43747747,0.38790485
0.4427696,0.40903884
0.4480264,0.4008237
0.45586532,0.41125262
0.4607968,0.42880827
0.458245,0.4332269
0.46049055,0.4384092
0.4617407,0.4272267
0.44087845,0.41196066
0.41879198,0.37799868
0.3947198,0.37867805
0.38292426,0.3724524
0.37363675,0.36545783
0.36567888,0.35671544
0.36623445,0.3580927
0.37312582,0.36373928
0.3908693,0.38076916
0.4226377,0.41222784
0.44194618,0.43449643
0.44617882,0.4361434
0.45739058,0.44698754
0.46620548,0.45617822
0.47092244,0.47207004
0.48065832,0.47368369
0.4896759,0.48571584
0.4917609,0.4885274
0.49148774,0.4860629
0.49526748,0.4928489
0.49966225,0.49288732
0.49435043,0.48925596
0.49114227,0.49149945
0.48703626,0.4876
0.4630233,0.46603847
0.43676904,0.43839714
0.41082767,0.41446373
0.39230686,0.3888373
0.37933385,0.38002467
0.37291563,0.37339312
0.36863923,0.37704223
0.3741601,0.37928563
0.39181277,0.40094122
0.42110303,0.43519387
0.4415032,0.45414042
0.44157684,0.45286125
0.44723213,0.45656312
0.45239252,0.45898914
0.46103996,0.4707972
0.4723258,0.4714708
0.48188254,0.47907376
0.48589888,0.48253354
0.4870104,0.48300746
0.49081725,0.4839949
0.49141923,0.4858147
0.4893104,0.4818276
0.48484153,0.4825219
0.48482916,0.48198536
0.46751684,0.46358484
0.43946716,0.43822792
0.40828297,0.41233847
0.39250457,0.3872244
0.3815352,0.37603754
0.37688315,0.36668593
0.37366557,0.36744753
0.37782022,0.36938
0.39359835,0.3808283
0.42359203,0.40998885
0.44073135,0.4258137
0.4417565,0.42878914
0.44703603,0.44300473
0.45591262,0.45628923
0.46621194,0.4728209
0.47978875,0.48302293
0.49631202,0.49692443
0.50906515,0.5064709
0.52125657,0.5050607
0.5322996,0.5119031
0.5356244,0.5163727
0.526699,0.50811154
0.5181924,0.50616586
0.51380783,0.5007735
0.48756504,0.4821756
0.4580408,0.45479977
0.4284457,0.42689064
0.40621558,0.39901635
0.3931193,0.38640738
0.38253838,0.37517917
0.37872836,0.37459126
0.38267776,0.3773688
0.40135366,0.39661023
0.43099707,0.4282397
0.4466191,0.44577768
0.45347163,0.4515884
0.46534127,0.46743655
0.47373638,0.4840923
0.4880957,0.50465095
0.5033459,0.52347654
0.52232474,0.5401783
0.53662664,0.5483039
0.549076,0.55482227
0.5544889,0.5631783
0.55659306,0.5666801
0.5460486,0.5546986
0.5341218,0.5505125
0.52782035,0.5413102
0.49646547,0.51911056
0.46679562,0.48635572
0.43659607,0.45401552
0.4122653,0.40498617
0.3953519,0.39068723
0.38603407,0.3803742
0.37939763,0.37797016
0.37996373,0.38109416
0.39667416,0.39314294
0.42716298,0.4249921
0.443852,0.44214073
0.45461246,0.44521606
0.46322227,0.46049902
0.47547847,0.47744384
0.48959136,0.49609557
0.505089,0.5119348
0.515903,0.5282431
0.5281707,0.53712463
0.53151655,0.53404313
0.5348857,0.54134566
0.5330827,0.5421182
0.5185594,0.5292442
0.4974897,0.5264618
0.48700082,0.51710486
0.46477678,0.4975155
0.43843436,0.46742567
0.40955293,0.43939093
0.38588688,0.38255703
0.3723403,0.36898696
0.36136174,0.3615083
0.35389945,0.3611429
0.35786283,0.36056513
0.36024985,0.375
0.36879343,0.40063885
0.38004652,0.4154836
0.3927165,0.41722572
0.40350947,0.42810494
0.41470572,0.4394182
0.42045307,0.45414492
0.42977476,0.46201807
0.43800822,0.47442707
0.44417822,0.48039636
0.4520192,0.48262024
0.45949292,0.4872051
0.46250775,0.48946443
0.45971218,0.48123533
0.4517269,0.47995985
0.44525105,0.4738374
0.4289202,0.4589216
0.4075913,0.43253028
0.3907502,0.40550926
0.37226087,0.36945197
0.35674083,0.35890478
0.35016337,0.35161793
0.34652913,0.34891212
0.34049824,0.35006368
0.34485343,0.35661864
0.35451484,0.3778779
0.36102566,0.39409134
0.37690374,0.40238923
0.38856074,0.41553843
0.3987879,0.42582133
0.40847412,0.44007537
0.41951835,0.44367287
0.42841548,0.45385778
0.43299994,0.4579148
0.43905532,0.4536215
0.4500214,0.45778728
0.45526078,0.4603163
0.45293954,0.4567157
0.46161807,0.45797485
0.46019706,0.45503715
0.44302398,0.44000292
0.41783816,0.41535696
0.39757794,0.39380082
0.3849724,0.38124728
0.37411502,0.37482274
0.37117216,0.36417335
0.3667351,0.36468598
0.37254712,0.36743194
0.39300126,0.37722543
0.4241884,0.40081677
0.44541782,0.42603466
0.45302308,0.43469578
0.46245494,0.45025057
0.47167614,0.45690963
0.4761735,0.4715131
0.48245758,0.47618365
0.48917374,0.48375636
0.4897215,0.48595616
0.4875463,0.48124135
0.4908428,0.48339987
0.49131924,0.48549485
0.49231267,0.48410845
0.4951803,0.4855653
0.49281707,0.48242655
0.4713171,0.4651748
0.45060846,0.4371731
0.4238611,0.4165642
0.40351367,0.4068052
0.39118502,0.39999312
0.38390237,0.38672125
0.3796062,0.3865039
0.38436875,0.38850307
0.40313056,0.4022631
0.43533456,0.43254697
0.4572954,0.45807955
0.46145192,0.46459526
0.4665727,0.47665504
0.47111756,0.4853898
0.4792924,0.495886
0.48829907,0.5023433
0.496691,0.5091761
0.49660784,0.50945836
0.4961806,0.50483483
0.49751598,0.50428426
0.4978292,0.5048925
0.49434027,0.500226
0.50083226,0.4994927
0.49269432,0.49831697
0.47659126,0.4823696
0.44797465,0.45409364
0.42041674,0.43210873
0.40320584,0.4018516
0.3885608,0.3935001
0.38118,0.38315845
0.3788206,0.38329127
0.38351262,0.38305616
0.40168428,0.3986566
0.43233326,0.42843667
0.44909596,0.45259765
0.45240328,0.45909625
0.46048847,0.4708354
0.46905008,0.4769626
0.47533828,0.489109
0.48021004,0.49429166
0.48337454,0.50017464
0.48331338,0.50003624
0.482201,0.4985428
0.48081428,0.4978254
0.48207733,0.4971019
0.47924367,0.49410018
0.48413208,0.49387467
0.48572743,0.4902502
0.46886078,0.4751287
0.44365472,0.44968057
0.41797832,0.42723495
0.39979452,0.40093315
0.38898462,0.3907138
0.38255695,0.38118517
0.37903708,0.3803897
0.38171405,0.38191402
0.40080705,0.39547533
0.4342102,0.42389366
0.45352542,0.4487532
0.4579379,0.4557026
0.46270725,0.46627492
0.4728504,0.47075614
0.4751689,0.47879583
0.47971186,0.48166448
0.4833181,0.4855132
0.48129576,0.48479077
0.480236,0.4811033
0.48264727,0.47804204
0.48367786,0.4786029
0.48344344,0.47720984
0.48647127,0.47565836
0.485863,0.47675815
0.46795514,0.46365005
0.44195256,0.43792528
0.41969493,0.41638765
0.41838977,0.3990046
0.29979238,0.3917098
0.4157794,0.38043123
0.39686668,0.37969467
0.41316906,0.38468912
0.4118639,0.3965163
0.41055873,0.42697817
0.3186959,0.4518975
0.40794837,0.45952088
0.4066432,0.47173372
0.31582648,0.47780395
0.3866465,0.48798904
0.4027277,0.49560076
0.31295708,0.49975002
0.40011734,0.5018075
0.39881217,0.49699405
0.397507,0.49736938
0.39620182,0.50064456
0.28124642,0.49581224
0.37642637,0.4960916
0.3922863,0.49562666
0.37387133,0.47894084
0.38967597,0.45173398
0.38837078,0.42833742
0.38706562,0.35871416
0.37229285,0.3522758
0.36374152,0.34391612
0.35828638,0.3445098
0.35953853,0.34872967
0.36270323,0.35810798
0.36853224,0.38505152
0.38121226,0.40208852
0.3922231,0.40848655
0.40676942,0.42634445
0.41912353,0.43558547
0.43046802,0.4513863
0.44654492,0.4581309
0.45811772,0.4655392
0.46894518,0.4708192
0.48147753,0.46425337
0.49363223,0.47191986
0.49655637,0.47504017
0.48761207,0.47685596
0.477293,0.48333776
0.46534818,0.4780315
0.44243026,0.46144325
0.41874787,0.43206528
0.3942239,0.4108205
0.3738831,0.37347957
0.36072364,0.36382073
0.3523323,0.35331976
0.34735948,0.35275444
0.3444156,0.3579791
0.349597,0.3697592
0.35683003,0.39656296
0.36657164,0.4131209
0.3780949,0.41861242
0.39582956,0.43623096
0.40952092,0.45399788
0.42732665,0.4757159
0.44806156,0.49286762
0.4661501,0.5112006
0.48306054,0.5199082
0.49832547,0.5233213
0.51222366,0.53427064
0.5207987,0.53884387
0.5146263,0.5271012
0.50571686,0.52790797
0.49557912,0.5186371
0.46556318,0.49613714
0.43478855,0.46241656
0.4073256,0.4344898
0.39070356,0.38484544
0.37666732,0.37486458
0.3692005,0.36413282
0.36646312,0.3619832
0.37246212,0.36706963
0.39005142,0.38241553
0.4257599,0.4090031
0.44641885,0.42994884
0.45272708,0.43558568
0.46032044,0.45812166
0.48042735,0.47584516
0.49341574,0.5000517
0.51679546,0.5221588
0.5398177,0.53928083
0.5563325,0.5538373
0.5726263,0.5569526
0.58498186,0.56762296
0.5881333,0.5750532
0.57479054,0.5650417
0.5631862,0.55961895
0.5433442,0.54915154
0.50878894,0.5249217
0.47425446,0.4876317
0.44119275,0.4562758
0.41550556,0.41107622
0.40066212,0.396334
0.38987455,0.38394624
0.38605615,0.38085294
0.38644806,0.3839162
0.40363684,0.39943463
0.43617123,0.4306023
0.4532801,0.4461672
0.45920318,0.45349497
0.46810338,0.47530812
0.48813856,0.4970158
0.50915265,0.52259386
0.5316506,0.5463011
0.55711555,0.5684579
0.5772284,0.5816044
0.5921817,0.5905855
0.5961139,0.5987006
0.59918797,0.60252357
0.58553666,0.58880067
0.5702431,0.579749
0.552689,0.56569076
0.5164888,0.5438281
0.4807525,0.50648177
0.4497199,0.47183007
0.42139056,0.41789386
0.4036591,0.402108
0.39407516,0.3893113
0.38551483,0.38505444
0.39128235,0.38695288
0.40720755,0.39883226
0.43839544,0.42576304
0.45988825,0.44139412
0.4643963,0.44974333
0.47184795,0.47380528
0.4894347,0.49708632
0.5090148,0.52239776
0.5327734,0.545856
0.5557277,0.56623596
0.57307535,0.5808057
0.5833421,0.5870152
0.590179,0.59558654
0.5811735,0.5994227
0.56664675,0.58654845
0.5568548,0.5749538
0.5400179,0.5628783
0.5075885,0.5423301
0.4735931,0.50545496
0.44539937,0.47095373
0.42149982,0.4199024
0.40664616,0.40556836
0.39512712,0.3928122
0.38964656,0.38584527
0.38767025,0.386436
0.40467972,0.39417017
0.43825287,0.41066113
0.45518413,0.43120772
0.4628974,0.43950188
0.47106892,0.46090034
0.48138997,0.480257
0.4912742,0.49779066
0.5054538,0.51378155
0.51579726,0.52633524
0.52000433,0.5305556
0.5188149,0.5288258
0.5184354,0.52721393
0.51148033,0.52569973
0.50812805,0.5174329
0.51138586,0.50917995
0.50338835,0.5000137
0.48384792,0.4874633
0.45779264,0.45666572
0.43305975,0.43308285
0.41311032,0.40323433
0.40294093,0.39426494
0.39427024,0.38169873
0.38708347,0.37776762
0.39357534,0.38359416
0.40539542,0.39235964
0.43279305,0.42302778
0.45272413,0.4455985
0.4587429,0.4514156
0.46556377,0.4603558
0.46709612,0.46800295
0.47271532,0.48019585
0.48137313,0.48534235
0.48805538,0.49036473
0.4918614,0.4914293
0.48814878,0.48514646
0.48837784,0.48578885
0.4864306,0.48636416
0.47542113,0.47795984
0.4691973,0.4819019
0.45688856,0.47980505
0.44137552,0.46510547
0.41991365,0.44023824
0.39589122,0.418004
0.3782721,0.3825874
0.36701483,0.3706224
0.35390088,0.3679455
0.3518223,0.36757827
0.35242733,0.36901498
0.35478875,0.38527727
0.36770356,0.4097263
0.37738717,0.4304313
0.39071614,0.4355474
0.40177748,0.44037277
0.40520614,0.4435031
0.40478182,0.44861755
0.40496525,0.4453576
0.3998829,0.44608575
0.3997868,0.44224963
0.39998966,0.43528852
0.3992731,0.43245065
0.4020905,0.4379188
0.40471154,0.44239044
0.4154354,0.4477783
0.41536584,0.45020548
0.40292603,0.43844068
0.39368045,0.42191067
0.37796155,0.4038174
0.36502868,0.36654592
0.3580804,0.3624341
0.35463575,0.35693288
0.3525979,0.35876682
0.35567957,0.3641395
0.36121526,0.37686402
0.37301934,0.39802405
0.38473886,0.42309391
0.40006292,0.42702448
0.40870258,0.43363982
0.40439948,0.43940017
0.40550447,0.4398814
0.40199468,0.43819705
0.4032601,0.43648705
0.40221122,0.42952102
0.40287098,0.4241644
0.40846416,0.42101088
0.41299784,0.427982
0.42220128,0.43557322
0.43659443,0.4418109
0.43885973,0.44817963
0.42333138,0.4347521
0.40889746,0.41661173
0.3935413,0.4036052
0.38205194,0.38418105
0.37484413,0.38176888
0.37523618,0.37426722
0.37765142,0.3802871
0.38615462,0.38498276
0.4092548,0.40183616
0.4428658,0.43519428
0.4683214,0.46236792
0.47444886,0.46487337
0.46992385,0.46724474
0.4641455,0.46887442
0.46277156,0.46778235
0.45946586,0.46171245
0.45905483,0.4600444
0.45177794,0.45366982
0.45020527,0.445236
0.4508574,0.44358638
0.45549062,0.44905028
0.45877737,0.45216453
0.46928158,0.46271092
0.46576655,0.4696018
0.45135304,0.45115602
0.42814606,0.4306382
0.41213065,0.41477668
0.39906362,0.4001856
0.39189482,0.39132035
0.39017,0.38957936
0.39191115,0.3934873
0.39908656,0.39731273
0.4196167,0.4177801
0.45355114,0.45703903
0.4740311,0.4806098
0.47331768,0.48325938
0.4657651,0.48111972
0.4571551,0.4768575
0.44895747,0.4728592
0.44817623,0.4635677
0.4478048,0.46379417
0.4434664,0.4577329
0.44060296,0.45125002
0.44115785,0.44849762
0.44271836,0.44959384
0.45063624,0.452196
0.46270314,0.46017456
0.46018463,0.46967846
0.44640344,0.4550293
0.42573705,0.4379022
0.4030342,0.41714922
0.39861327,0.39998212
0.39147964,0.39399123
0.39009005,0.39108276
0.39078766,0.3948693
0.39792195,0.40324616
0.42013973,0.42822033
0.4574372,0.46441725
0.47808102,0.49568948
0.47801977,0.48768032
0.4681637,0.4848184
0.4641981,0.47587737
0.45760491,0.47061074
0.45554858,0.46258184
0.4543866,0.4611786
0.45033157,0.45811263
0.44658732,0.44563842
0.44540793,0.44665095
0.4495161,0.44934216
0.4535783,0.4520077
0.46642396,0.45822674
0.46051466,0.46521497
0.44944385,0.45355195
0.42703718,0.4289633
0.40497312,0.41028106
0.39184493,0.38731876
0.38364935,0.37573826
0.3789267,0.371248
0.37739468,0.37361968
0.38262463,0.37892017
0.40373078,0.39675444
0.43309578,0.4301119
0.46160135,0.4542522
0.4643202,0.4558308
0.4599281,0.4567411
0.45721036,0.4570782
0.4544554,0.46277428
0.4566702,0.45884368
0.46099705,0.46194118
0.46126112,0.46196684
0.46159935,0.45487103
0.45875397,0.45310494
0.46115297,0.4566966
0.4636427,0.45509163
0.4700191,0.46326873
0.46054423,0.46325192
0.44422838,0.4525352
0.42230058,0.42708424
0.39696756,0.40544626
0.38539597,0.37984422
0.3761965,0.36924124
0.3718346,0.36404663
0.37037653,0.36641482
0.37677532,0.3693835
0.3940532,0.38788185
0.42668164,0.41925114
0.44624564,0.43881455
0.45349532,0.43790793
0.4494813,0.4436833
0.45314845,0.44678172
0.45534852,0.45570606
0.45741782,0.45227653
0.45943755,0.45736998
0.45801154,0.45985183
0.45910326,0.45354092
0.46267042,0.45641685
0.46084592,0.45765278
0.45686066,0.45596823
0.45845217,0.46074408
0.44736516,0.45967433
0.43563935,0.44605535
0.4180409,0.4202648
0.3983589,0.39747334
0.38314226,0.3755568
0.3724105,0.36437416
0.3644603,0.35846865
0.36428377,0.35795113
0.36426336,0.3571164
0.36539185,0.37402278
0.37840053,0.3956897
0.39127874,0.41596565
0.4011239,0.42271525
0.41460502,0.43375885
0.42319724,0.43996465
0.43091664,0.44407293
0.4283937,0.44260195
0.42448273,0.4454587
0.42200044,0.44140428
0.41796568,0.4383664
0.41916817,0.43090433
0.4192578,0.4313487
0.42193663,0.43621168
0.42913207,0.4349218
0.42299846,0.43868056
0.41200703,0.4301933
0.39640492,0.41265106
0.38066506,0.39221805
0.364558,0.36478135
0.35614672,0.35917336
0.34815168,0.35424483
0.34830448,0.35726753
0.3467792,0.35941175
0.35306183,0.37539586
0.36309588,0.3959583
0.37694415,0.41945544
0.38925284,0.42030376
0.39790905,0.428605
0.4010786,0.4311864
0.4011999,0.43557295
0.4047533,0.43298322
0.40384665,0.42867875
0.40078074,0.42357007
0.40021905,0.41127488
0.40644485,0.41223243
0.41457963,0.4177051
0.42178097,0.4217544
0.4354713,0.43451124
0.43743604,0.4391819
0.42237994,0.42418647
0.40838325,0.40552977
0.39459354,0.3939804
0.38419208,0.3817256
0.3807313,0.37788868
0.37767553,0.37115502
0.3772198,0.37661323
0.3858371,0.38016248
0.40877837,0.39815336
0.4461824,0.4271708
0.46713242,0.45702243
0.46967858,0.45993185
0.4706483,0.46388072
0.47083327,0.4651119
0.46947637,0.46602634
0.4685132,0.4617244
0.46768457,0.45819163
0.4622019,0.45112547
0.4526428,0.44246915
0.45647153,0.44082186
0.45935112,0.44576332
0.46700457,0.45150554
0.4762043,0.46111143
0.47239366,0.46679342
0.4551328,0.45107722
0.43191078,0.4303762
0.41408238,0.41457227
0.39987645,0.40376374
0.39032474,0.39746362
0.38567623,0.38987678
0.37882033,0.39258254
0.3862846,0.3937508
0.4104848,0.41121674
0.44520748,0.44070402
0.46625748,0.46980366
0.4682189,0.4748528
0.46417692,0.47662652
0.46489987,0.47496018
0.45982158,0.47450665
0.4550663,0.46842307
0.4558577,0.46672788
0.45275438,0.4607257
0.44840732,0.4515019
0.44599712,0.4508143
0.44811377,0.4526867
0.45878685,0.45687246
0.47109443,0.46521956
0.46752518,0.4693336
0.4504199,0.45621604
0.43127024,0.43996105
0.4105594,0.4230751
0.39649674,0.40361544
0.389842,0.39648092
0.3863981,0.3940286
0.38463724,0.3989344
0.3948926,0.40193754
0.41651046,0.4240415
0.44899395,0.46188548
0.47488964,0.4888448
0.47414196,0.4893574
0.47154316,0.48408538
0.46402735,0.47927123
0.45832753,0.4755314
0.45377937,0.4635062
0.45146614,0.46315372
0.44751796,0.45634392
0.44100374,0.44649303
0.44258964,0.44496214
0.44137442,0.44566244
0.45039508,0.44934288
0.46176085,0.4589859
0.45718774,0.46817443
0.44416055,0.45605552
0.4256133,0.43963042
0.4094355,0.42109054
0.39738446,0.39385524
0.389252,0.38480753
0.3822897,0.38004118
0.3843395,0.3830162
0.39432982,0.38590315
0.41719455,0.40372956
0.45545992,0.43514708
0.47983533,0.46290302
0.4822134,0.4668542
0.4762809,0.46782702
0.46999726,0.46720764
0.46611702,0.46811083
0.46234015,0.45969456
0.4586655,0.46052298
0.45191336,0.45361784
0.44736776,0.44476828
0.45042688,0.44208896
0.4524195,0.44362983
0.46076947,0.44677585
0.46599638,0.45344537
0.46129566,0.45513836
0.44963527,0.44439012
0.4311039,0.4258552
0.40929052,0.40632996
0.3942078,0.39532503
0.38823795,0.3872497
0.37750587,0.37951726
0.38122642,0.3828191
0.38618505,0.3837906
0.4038393,0.40237358
0.4331158,0.4325125
0.4545076,0.459963
0.4582079,0.46603554
0.46487206,0.46949077
0.467196,0.46788433
0.46377367,0.46851805
0.46404678,0.46254337
0.46258187,0.460203
0.45339787,0.45244965
0.4477671,0.44429204
0.44846326,0.441214
0.45176214,0.4418613
0.4508548,0.44614857
0.4573676,0.45339578
0.45307165,0.45941138
0.44104463,0.44894844
0.42603338,0.4311624
0.4071798,0.4134951
0.3924391,0.39209697
0.3813551,0.38325673
0.37617153,0.38007575
0.3715787,0.38507408
0.3721475,0.38480276
0.38224956,0.40501076
0.39638692,0.44011164
0.41248944,0.46378657
0.42238736,0.46681595
0.42668235,0.4672745
0.42824027,0.4644398
0.42509973,0.46296194
0.42201173,0.45630413
0.41419274,0.45334777
0.4108706,0.44466522
0.4055949,0.43541282
0.4075352,0.43363306
0.4144861,0.43684354
0.42046064,0.43777746
0.42565575,0.4497157
0.4216192,0.45813492
0.4138937,0.44183266
0.40202463,0.4294789
0.3873786,0.41248587
0.37638488,0.3732449
0.36883837,0.36704582
0.3633251,0.35985893
0.35856467,0.3616653
0.36132374,0.3681393
0.36761495,0.3819859
0.37918985,0.40461674
0.39393294,0.4353044
0.40238047,0.4385401
0.41046846,0.4409217
0.41008067,0.44187254
0.40922827,0.44326198
0.4085846,0.44159824
0.4031361,0.4355358
0.3992873,0.4298862
0.39812052,0.41540214
0.40218848,0.41431278
0.4110125,0.42208707
0.4244113,0.4260708
0.44397113,0.44416547
0.44007453,0.44864643
0.43218485,0.43659383
0.41861117,0.41908237
0.40175036,0.405792
0.40081507,0.39424273
0.39807495,0.3965838
0.4017536,0.39324534
0.4051992,0.40257567
0.41775462,0.40891546
0.44476408,0.43406454
0.48660338,0.4689387
0.51399976,0.5007507
0.51501936,0.49621803
0.49961096,0.49081498
0.48560596,0.47787336
0.4723806,0.47230554
0.46375176,0.46309197
0.45863926,0.45628285
0.4500298,0.44921312
0.4454209,0.43802172
0.44588554,0.43666443
0.449093,0.43955857
0.45860943,0.4466505
0.47149205,0.45974338
0.46275032,0.4682039
0.448961,0.45412856
0.43402433,0.43265706
0.4155826,0.41678938
0.406799,0.4019473
0.4012003,0.39754122
0.3990125,0.3912841
0.40154743,0.396829
0.41446054,0.4052704
0.43822414,0.42792904
0.47771084,0.46320167
0.50254804,0.49376068
0.502137,0.48992366
0.4878528,0.48637998
0.47368446,0.47822723
0.46608725,0.4791353
0.46072736,0.4696772
0.4614038,0.4700317
0.45986107,0.4693978
0.45784292,0.46488392
0.45977226,0.4640417
0.4637144,0.46738756
0.46774837,0.46643108
0.47875047,0.47289598
0.46867335,0.47871116
0.45246252,0.46776402
0.42886534,0.43894282
0.40798193,0.41599134
0.3932992,0.39366075
0.38225237,0.3856147
0.37819284,0.3747055
0.376056,0.37656972
0.38043648,0.37872732
0.4005791,0.3906089
0.43884537,0.41678128
0.46468973,0.44324827
0.46438247,0.4497757
0.4607703,0.46219426
0.4589836,0.46093056
0.45700082,0.4695551
0.45571122,0.46639132
0.45721596,0.46924594
0.45690426,0.470803
0.454963,0.45817888
0.4573217,0.46086976
0.45857194,0.45947447
0.46122307,0.45891452
0.46880013,0.46695206
0.46120313,0.46504965
0.44471863,0.4541363
0.4241273,0.43116823
0.40379786,0.40991887
0.38959837,0.3856927
0.3800763,0.37463135
0.37692788,0.36828142
0.37673482,0.36990303
0.38344395,0.37163872
0.40510213,0.38934362
0.44474253,0.41843778
0.4680023,0.44294348
0.46722212,0.44934165
0.46360606,0.46015152
0.46450627,0.4664617
0.46146014,0.47450778
0.4630641,0.47695464
0.46686423,0.48264697
0.46474993,0.4843059
0.46354148,0.48205525
0.46467987,0.4844682
0.46194503,0.48650032
0.46547288,0.48616815
0.4734273,0.4873188
0.46467862,0.48513186
0.4482594,0.4724617
0.4264666,0.4434199
0.4052893,0.41790023
0.38892043,0.39424992
0.377284,0.3844784
0.36996013,0.37477148
0.36863425,0.37443206
0.37005025,0.3759311
0.39061105,0.38576537
0.4231946,0.41227844
0.44757488,0.4349136
0.45395383,0.44237983
0.4559633,0.45328122
0.45837855,0.45609814
0.46034133,0.46383858
0.46350464,0.46314594
0.46700966,0.46575844
0.4649411,0.4661846
0.4636317,0.45723468
0.46260482,0.45883468
0.46373674,0.4594701
0.4619832,0.4588677
0.4626258,0.4627875
0.4552406,0.46510124
0.4392536,0.45325708
0.42104992,0.42838636
0.40149185,0.4084797
0.38100016,0.39357573
0.36862555,0.38171667
0.35818917,0.3727544
0.3564868,0.3745263
0.35308063,0.3700754
0.35873067,0.38935223
0.37101084,0.40979934
0.3857977,0.43751386
0.3997743,0.44333863
0.41236642,0.4525618
0.41873854,0.45676377
0.42101577,0.4606215
0.4213766,0.46160555
0.42022303,0.45794082
0.4202446,0.4532282
0.42054126,0.4482852
0.4230441,0.44315323
0.4249847,0.44606522
0.42548898,0.44900715
0.42992577,0.45165336
0.42019886,0.45557746
0.40836525,0.4449715
0.39399448,0.42158046
0.38345563,0.40619773
0.36894897,0.36616626
0.35825518,0.3650223
0.35412782,0.3545676
0.3495972,0.36064243
0.34921208,0.3608783
0.35047963,0.3743329
0.35820264,0.39631248
0.3692497,0.4196596
0.38641492,0.4217832
0.39931586,0.43118715
0.40566462,0.4339399
0.41301876,0.4380118
0.4212303,0.4369278
0.423534,0.43444103
0.4270793,0.42812717
0.4269123,0.42204943
0.43613273,0.42279884
0.4409582,0.4266678
0.4481046,0.42736095
0.45464316,0.4385003
0.44698757,0.44474852
0.43167126,0.42778254
0.41054982,0.4064515
0.39190787,0.39581326
0.366682,0.38629618
0.36988512,0.38185757
0.3656327,0.3715465
0.36873272,0.37560445
0.37540752,0.3777728
0.3969637,0.39707035
0.4345639,0.4243981
0.45856208,0.4548072
0.46583828,0.460631
0.47195312,0.46635988
0.47797492,0.47324178
0.48325595,0.4816053
0.48609146,0.48624566
0.48725832,0.48383838
0.4848208,0.4779546
0.48169836,0.47166827
0.4820878,0.4722241
0.48581144,0.4779603
0.49471524,0.4813072
0.5009364,0.49546206
0.4909806,0.50207067
0.4771122,0.48455918
0.4586724,0.4622942
0.44161215,0.44940248
0.42740238,0.43816552
0.41652828,0.43626612
0.41634327,0.4321962
0.41867003,0.4365028
0.42941174,0.43581575
0.45772955,0.45632952
0.4923156,0.48322067
0.51828396,0.51099735
0.5235053,0.5217981
0.5187594,0.52167255
0.5119661,0.51473
0.50101423,0.50964844
0.4983237,0.5053175
0.4978342,0.4979141
0.49464843,0.48773143
0.49044105,0.47375408
0.48886782,0.47430238
0.48783493,0.4782292
0.50004923,0.49529272
0.5126995,0.50919247
0.51614875,0.51932925
0.50960064,0.5091156
0.49229065,0.49895296
0.47151053,0.48638937
0.4625432,0.4610338
0.46145323,0.46070033
0.46009946,0.45463187
0.4610407,0.45838174
0.47133657,0.45720813
0.4957469,0.4745662
0.53503823,0.49572155
0.56058306,0.5259436
0.5617145,0.54075927
0.5535212,0.5400224
0.5419691,0.53308094
0.52792513,0.52712244
0.51680887,0.51299334
0.5059115,0.5052649
0.49336016,0.49822095
0.48643556,0.48105973
0.49094376,0.47967073
0.50207293,0.4847343
0.52272516,0.5053989
0.5415404,0.5192441
0.5438322,0.52312076
0.53519166,0.5195518
0.51949006,0.50921327
0.5051218,0.49784878
0.4979995,0.48773137
0.49245676,0.48772615
0.49568206,0.48456872
0.49884692,0.49104288
0.5090249,0.49378604
0.5376527,0.5115314
0.5757593,0.53694665
0.60337305,0.5693193
0.5992349,0.58193064
0.5778809,0.5711889
0.5486562,0.5518407
0.5216191,0.534587
0.50203353,0.51165396
0.4878405,0.49873698
0.47107416,0.48854408
0.46558574,0.46667668
0.46761715,0.46245864
0.47924587,0.46577683
0.4998751,0.48464093
0.51826406,0.4994104
0.52285147,0.50887996
0.5167116,0.50452167
0.50044286,0.49308097
0.48482496,0.47906163
0.47456023,0.47217205
0.46825904,0.4694419
0.4685648,0.4655764
0.47191915,0.47462258
0.48123917,0.47827262
0.504096,0.5001813
0.5410564,0.5317259
0.5696117,0.5677437
0.5704488,0.5726292
0.5526119,0.5600295
0.52565575,0.5351152
0.5030033,0.51934016
0.48453632,0.4943557
0.47441685,0.48477292
0.46239787,0.47638723
0.45203054,0.4578833
0.45146856,0.45166984
0.45744917,0.45320368
0.46634915,0.46493044
0.4752872,0.48238894
0.4714401,0.4911919
0.4620442,0.48610908
0.44887006,0.46912816
0.43989614,0.45253393
0.42661694,0.41824034
0.42209178,0.4123962
0.41797653,0.40372735
0.41679454,0.40813574
0.4243677,0.41264087
0.4346734,0.42531502
0.4513843,0.45523125
0.46667647,0.49054858
0.4765339,0.4949419
0.47202915,0.49223793
0.45837793,0.4800613
0.4444882,0.47553852
0.4306971,0.460959
0.41836315,0.4543354
0.41160625,0.45087865
0.4058607,0.4305447
0.41029683,0.42949197
0.41476464,0.43161166
0.4244575,0.43354723
0.43127325,0.45422053
0.42790744,0.45772505
0.41977593,0.44856054
0.40866855,0.4318244
0.3961277,0.4162721
0.3863985,0.38746676
0.37936047,0.38219923
0.37903488,0.38009793
0.37975284,0.38846985
0.37911335,0.3925649
0.38369924,0.4159424
0.39731735,0.4485444
0.41272417,0.4806806
0.42852354,0.47976828
0.43542105,0.47569102
0.42926893,0.46462145
0.41990826,0.46005577
0.41115707,0.44667935
0.40425736,0.43928337
0.4034917,0.43063384
0.40501666,0.4089048
0.4072521,0.40895095
0.4181822,0.41094536
0.43788788,0.41900885
0.45007265,0.43934667
0.4483201,0.449148
0.441365,0.44088197
0.43132618,0.42071578
0.41959527,0.40868786
0.410163,0.40301228
0.40639096,0.40279883
0.40600565,0.39997554
0.4085535,0.40711537
0.41262296,0.4168422
0.42512053,0.44212496
0.4547445,0.48115763
0.49677035,0.512958
0.517141,0.50505096
0.507799,0.49889845
0.49203086,0.48673368
0.47538406,0.48130825
0.46835053,0.4733625
0.46452847,0.4681871
0.46022725,0.46576867
0.45538345,0.46172902
0.450004,0.45784745
0.45667103,0.46422446
0.47173104,0.46939975
0.481332,0.47250557
0.47494963,0.48355946
0.46331358,0.47073573
0.44712344,0.44018373
0.42768487,0.41889283
0.40863854,0.40224013
0.39613885,0.39329076
0.3893393,0.38209695
0.38582197,0.3839638
0.38622805,0.38766742
0.39290223,0.40097207
0.41472507,0.42983326
0.44459635,0.45797542
0.45676106,0.46700847
0.46033013,0.4691792
0.46241426,0.46723577
0.45938239,0.468078
0.45831513,0.46546564
0.45718205,0.46451855
0.45707893,0.4596288
0.45582858,0.4488947
0.45384765,0.4417692
0.45552528,0.4445097
0.4706625,0.4432941
0.48109168,0.45692152
0.47566372,0.4602736
0.46733946,0.45219797
0.44912988,0.43237132
0.42953816,0.4149904
0.413769,0.40299138
0.4021902,0.39921832
0.39641222,0.39530987
0.39266184,0.40287188
0.39601088,0.4066992
0.4059307,0.43208176
0.42979997,0.4691148
0.4681425,0.49733555
0.48566875,0.49443263
0.4822326,0.48921716
0.47488362,0.48299596
0.47408074,0.48650518
0.46942765,0.48216942
0.46797606,0.47920585
0.46733788,0.48073456
0.46582347,0.4766367
0.46541113,0.47637156
0.46820185,0.48191553
0.4808057,0.48230544
0.48712397,0.48785934
0.47947282,0.4930944
0.4684831,0.478697
0.45230818,0.45028576
0.43136558,0.4238701
0.4106262,0.40636104
0.40991104,0.392874
0.39867422,0.38109195
0.39173174,0.38040173
0.390276,0.3780041
0.3968855,0.3918895
0.41642454,0.41605058
0.45039055,0.44742164
0.46906027,0.45707834
0.47213084,0.45995876
0.4673873,0.46066976
0.4643876,0.4631264
0.46303096,0.46939856
0.46393922,0.46603018
0.46744084,0.45971665
0.46310484,0.45312193
0.4598443,0.44948474
0.45877478,0.45380658
0.4708538,0.44914782
0.47748116,0.46245074
0.4794347,0.46438244
0.47257656,0.46087593
0.45886433,0.43566886
0.4426025,0.4203375
0.4237723,0.41452697
0.4010165,0.409227
0.39068815,0.4035281
0.3896408,0.40507153
0.38875735,0.40836564
0.39738494,0.42919403
0.41799268,0.46234182
0.45131144,0.49694505
0.46656805,0.49973994
0.4731649,0.50067645
0.47631207,0.49655804
0.47932827,0.49268207
0.47241175,0.48873928
0.47395733,0.4830997
0.46757513,0.4797854
0.46112195,0.46611914
0.45579717,0.46191138
0.4635601,0.4662752
0.47997323,0.47490317
0.47933698,0.48350897
0.47904757,0.48808983
0.47077394,0.47650975
0.46515775,0.45889774
0.4518979,0.4399557
0.43435633,0.420605
0.4236204,0.41647106
0.42016217,0.41020137
0.41791192,0.41465604
0.42003912,0.4157173
0.42488417,0.43570656
0.43588287,0.46861598
0.45100626,0.49511406
0.4626313,0.5029977
0.4731947,0.50380725
0.46945056,0.5019584
0.4600706,0.49963966
0.44702202,0.4935638
0.4390175,0.4917754
0.43048048,0.481366
0.4242625,0.47389328
0.42441493,0.47087094
0.43400306,0.4727027
0.45388767,0.4853306
0.46525338,0.49259907
0.46374658,0.50229657
0.46389183,0.494726
0.4571861,0.48331848
0.45120025,0.46635437
0.44183144,0.4266532
0.43235022,0.42803168
0.4309981,0.4228388
0.42741725,0.42904973
0.43137115,0.42886347
0.4315309,0.44758338
0.441595,0.47868714
0.45483303,0.50855327
0.46822554,0.514504
0.4725619,0.50772065
0.45804957,0.4985902
0.43823403,0.48957482
0.43083742,0.48085487
0.42455018,0.47383732
0.41735908,0.46275732
0.41574976,0.4508536
0.4167245,0.44540474
0.42693648,0.44789317
0.45478025,0.46135893
0.47095263,0.4754414
0.47314575,0.48563412
0.47282055,0.4807809
0.4659295,0.46789834
0.45577228,0.45332012
0.44640905,0.43732724
0.44474328,0.44287407
0.4430057,0.4389125
0.44716504,0.4502535
0.45329818,0.4550104
0.46930027,0.48082
0.4979791,0.51328444
0.536608,0.55491084
0.5545233,0.5529646
0.5438886,0.5424041
0.518967,0.518533
0.4989743,0.5039683
0.4886727,0.49020866
0.4802547,0.47884634
0.47245753,0.46992084
0.4658704,0.45458466
0.45948926,0.44497624
0.46799946,0.44884402
0.48829353,0.46427107
0.500592,0.4799329
0.50224566,0.48833582
0.49599507,0.48253655
0.49283126,0.46484834
0.4692616,0.44849092
0.45282358,0.45162025
0.44439495,0.45011604
0.44346625,0.44573373
0.44719929,0.4543197
0.44857943,0.4576568
0.46345982,0.48230764
0.49029785,0.51879746
0.5301449,0.55404425
0.5508094,0.55897164
0.5389879,0.5489628
0.517643,0.529533
0.4982643,0.5131166
0.48425937,0.4965316
0.47749788,0.48543036
0.47272283,0.47369286
0.46400046,0.45182028
0.4596833,0.44845697
0.46811792,0.4486604
0.49128643,0.4600637
0.5041699,0.48097327
0.5087751,0.49603984
0.5053189,0.4902773
0.49359804,0.47913054
0.47926745,0.4628961
0.46167192,0.44911185
0.4531655,0.45345783
0.44941103,0.4471218
0.44994253,0.4572667
0.44932723,0.46018603
0.45667416,0.4845878
0.48369172,0.5170715
0.521684,0.5511878
0.5407473,0.5527764
0.5287566,0.5405774
0.50730175,0.5164763
0.49481633,0.5013347
0.4798077,0.48442152
0.4706922,0.47229958
0.46583304,0.46418163
0.45867634,0.44834566
0.4552306,0.44063482
0.46099243,0.44253513
0.47949034,0.45350015
0.49161693,0.47022718
0.48984456,0.48173803
0.48777834,0.47704577
0.47956598,0.4603578
0.46431428,0.4457736
0.45147836,0.43277562
0.44497958,0.4335761
0.43830526,0.42730284
0.43809977,0.4362038
0.44497508,0.44209373
0.45986065,0.46759734
0.48494568,0.49824592
0.5276202,0.53543115
0.5421222,0.53029233
0.5333147,0.52001387
0.5094024,0.49926507
0.49121112,0.49166653
0.47471052,0.48009032
0.46981925,0.47091204
0.4655456,0.46502975
0.4615804,0.45200893
0.4593534,0.4470083
0.46321362,0.45219097
0.48208684,0.45742786
0.48821992,0.4686067
0.48395106,0.47561648
0.47937894,0.4704764
0.4653006,0.45069793
0.44797283,0.43403155
0.43219963,0.41231403
0.41660807,0.40674442
0.41219357,0.3951556
0.41072327,0.39744473
0.40923762,0.40396628
0.4132937,0.41733816
0.43211225,0.440242
0.46511275,0.4731131
0.48133415,0.4834503
0.48575443,0.48480833
0.48650855,0.48198485
0.48459804,0.48700786
0.4806509,0.48070315
0.47546563,0.4766263
0.4697806,0.47455165
0.4663742,0.46151164
0.46369287,0.4534947
0.46781766,0.45640123
0.47992805,0.46222186
0.4774664,0.47188598
0.46920848,0.4736999
0.46176478,0.46623576
0.45093247,0.45023438
0.43443564,0.43124205
0.4144207,0.41176715
0.4012155,0.4054885
0.39613006,0.40001476
0.39005727,0.40350112
0.3925694,0.40477446
0.3979059,0.4246479
0.41079018,0.45759103
0.42582455,0.48539832
0.44276154,0.49183595
0.45266932,0.49166125
0.45489025,0.48805448
0.45122477,0.48560694
0.44392785,0.48019198
0.43633005,0.4759736
0.43006945,0.46544728
0.42681134,0.4557473
0.4243492,0.45586187
0.43628484,0.45754868
0.4564999,0.46699172
0.47155347,0.47800398
0.4739097,0.4900379
0.47349188,0.48090714
0.4660725,0.46811536
0.45905417,0.4514682
0.44615328,0.4365249
0.4414128,0.43819153
0.4397138,0.43536156
0.44184932,0.43968663
0.44490612,0.44165015
0.4515127,0.46241623
0.45882514,0.4917417
0.47339782,0.5279276
0.49129328,0.53145325
0.4931779,0.5249439
0.48043135,0.51175046
0.46215135,0.49653983
0.44702187,0.4897489
0.4394175,0.47818124
0.42726922,0.46598622
0.4238089,0.45098022
0.42382672,0.4450017
0.4350928,0.44940287
0.46387887,0.46549228
0.47652978,0.47579998
0.47994986,0.4858351
0.4827063,0.48395264
0.47575265,0.46734115
0.46464682,0.45247278
0.45914602,0.44011784
0.45260394,0.4384417
0.4517444,0.43200868
0.45231378,0.43949535
0.4556309,0.43808132
0.46617946,0.45854053
0.49243057,0.48835936
0.52663195,0.5268431
0.549656,0.53675485
0.545363,0.53251195
0.53827924,0.5226917
0.53139853,0.51874757
0.5233392,0.50908893
0.51381767,0.5021706
0.5064472,0.49205223
0.50190663,0.48142716
0.496595,0.47718316
0.5057691,0.48018855
0.5232683,0.49649566
0.5259516,0.5104661
0.5196759,0.51395434
0.50899434,0.5081852
0.49259475,0.49237677
0.4726757,0.47496453
0.45589674,0.44956055
0.43980372,0.44237745
0.43537238,0.43349737
0.43208805,0.4347813
0.43591124,0.43238342
0.43721667,0.44697988
0.46244672,0.46980545
0.49293503,0.5026519
0.5149106,0.5149422
0.518157,0.5143541
0.5197708,0.50814396
0.5255979,0.50733
0.52657217,0.49983352
0.5245172,0.49103618
0.52188987,0.48559365
0.51583225,0.47357845
0.51299316,0.47097233
0.5136854,0.47539932
0.52360857,0.48518556
0.5197419,0.49844694
0.5127789,0.4991443
0.5036277,0.48936445
0.48792136,0.47562864
0.46649352,0.46183702
0.44629654,0.43873966
0.4363684,0.43193412
0.42840174,0.4197803
0.42351887,0.42108485
0.42645487,0.41754425
0.434179,0.4330954
0.45184493,0.45322034
0.4759789,0.47911525
0.49682376,0.4920993
0.5038165,0.4959169
0.5032101,0.50125563
0.5077129,0.50830114
0.50852686,0.50641143
0.5074353,0.50448805
0.5059692,0.4990959
0.502657,0.48998445
0.49761656,0.48908687
0.49993443,0.49346536
0.5120845,0.50266016
0.51227415,0.5101528
0.50632185,0.5099005
0.50318474,0.50222385
0.4892844,0.4862928
0.4700464,0.4727433
0.45101115,0.4497721
0.43620065,0.44272405
0.42842287,0.43635637
0.42271397,0.43683732
0.420488,0.433161
0.42497987,0.44874957
0.43454495,0.4708764
0.44607988,0.49867198
0.46186113,0.5126309
0.4695975,0.50912493
0.47118515,0.5051056
0.4710822,0.5032198
0.4658191,0.49726787
0.4456198,0.49133384
0.42254394,0.4825816
0.40576333,0.47323525
0.39849174,0.46850872
0.39967847,0.47505084
0.41684645,0.4876678
0.4282034,0.49989367
0.43201894,0.50363785
0.43704283,0.49923325
0.43715578,0.48636857
0.43602026,0.47473133
0.42623633,0.40496898
0.42321035,0.40668958
0.42175585,0.40100968
0.4234171,0.4079021
0.42404866,0.40679517
0.43139577,0.42252392
0.44549063,0.44537544
0.4599694,0.47338718
0.47168928,0.48416853
0.47442967,0.48421
0.46928376,0.4838857
0.4606814,0.4851555
0.4507216,0.4760629
0.4415282,0.4709039
0.43382627,0.46075663
0.4290105,0.4527876
0.43227085,0.44499344
0.44771585,0.45312938
0.47375077,0.47106624
0.4825666,0.48305872
0.48240298,0.49218413
0.48338977,0.49178874
0.47695035,0.4844409
0.46872035,0.47281235
0.45372215,0.458175
0.4476355,0.46397984
0.44196355,0.46101046
0.4366839,0.46805704
0.43855375,0.46961755
0.44585964,0.48459455
0.45615682,0.510671
0.4741962,0.5443972
0.48639208,0.5556495
0.49949634,0.5504056
0.49661437,0.5360848
0.4912118,0.5253686
0.47796068,0.51064503
0.46257365,0.5000588
0.44973668,0.4889438
0.441573,0.47619563
0.441563,0.4729446
0.45722306,0.47804096
0.47944644,0.50177014
0.48643902,0.5158876
0.48944288,0.5251224
0.49157438,0.5203546
0.4868595,0.50930977
0.47611612,0.49707642
0.46500066,0.45045745
0.46108755,0.4546842
0.4543392,0.44607878
0.45244473,0.4503298
0.45797667,0.4484323
0.46051735,0.45947823
0.47115418,0.48277444
0.48290142,0.511923
0.49844855,0.52296746
0.50245655,0.523833
0.499304,0.51886135
0.49069852,0.51669604
0.47880253,0.50357246
0.47981113,0.49878812
0.4747106,0.49299112
0.47084907,0.48402458
0.47226205,0.47738945
0.48286682,0.4832094
0.50156075,0.5025848
0.5060686,0.5095111
0.5009615,0.5144266
0.493447,0.50905114
0.4784587,0.4963747
0.46499303,0.48575577
0.4504469,0.4525868
0.23078717,0.453336
0.31773815,0.44535
0.45936298,0.4484603
0.44118333,0.44777238
0.25929877,0.46315923
0.4682791,0.48615462
0.44949228,0.51780653
0.47422314,0.53361183
0.47719517,0.53669345
0.4801672,0.535236
0.48313925,0.538
0.48611125,0.53182906
0.4890833,0.5268748
0.49205533,0.52043885
0.49502736,0.5128345
0.4979994,0.5105615
0.3422719,0.51718736
0.50394344,0.53902864
0.5069155,0.5525279
0.28917536,0.55763817
0.4882672,0.54947615
0.5158316,0.5373465
0.29515067,0.52575064
0.29714245,0.40734044
0.52474767,0.41000146
0.52124643,0.39957315
0.5191261,0.40253866
0.52197623,0.39881164
0.5333171,0.40694305
0.5584879,0.40786883
0.5955826,0.4222687
0.6158237,0.432517
0.61404413,0.44122136
0.60961,0.4540435
0.5980093,0.4638209
0.5873831,0.4621874
0.5809643,0.45868674
0.574643,0.45028833
0.5708714,0.44120133
0.5715436,0.445377
0.5891306,0.4598445
0.61702013,0.47563434
0.6321927,0.4894263
0.63265675,0.498293
0.6272839,0.49355322
0.6149634,0.48747203
0.59937066,0.48947647
0.58203924,0.5824476
0.5722937,0.5800625
0.57117176,0.5792084
0.5714616,0.58523005
0.5778283,0.58951944
0.59016216,0.61175
0.61572134,0.6397907
0.6528133,0.676712
0.66803044,0.68447924
0.652654,0.67491865
0.6289395,0.6470216
0.6046991,0.62262696
0.5812776,0.5929544
0.5621332,0.57264745
0.5478037,0.5645761
0.53484315,0.53128904
0.5292895,0.531847
0.54216266,0.5336052
0.5738943,0.55815446
0.58774143,0.5846423
0.58929354,0.5877548
0.58658016,0.5821279
0.5737061,0.5636644
0.5540419,0.5505353
