true,forecasted
0.109851845,0.1310263
0.072878845,0.095357165
0.0547596,0.087372035
0.049018193,0.069331616
0.052288033,0.08440065
0.06704188,0.09745847
0.11562111,0.14118727
0.16882741,0.19054024
0.20990135,0.23492748
0.21880029,0.24662007
0.23772925,0.2759143
0.2541345,0.2929536
0.26948,0.30915806
0.2816397,0.31805438
0.2896055,0.324681
0.29069522,0.3249153
0.293815,0.34511724
0.29927674,0.3506955
0.28478408,0.33563074
0.26166135,0.30609703
0.24675025,0.2909914
0.22780812,0.2648521
0.17717782,0.21376118
0.12900251,0.15494575
0.079648264,0.11327968
0.05686827,0.08727331
0.0455981,0.07391566
0.03543167,0.065032355
0.041658875,0.07975834
0.062636346,0.1026105
0.11580538,0.14596123
0.15957037,0.19551708
0.18166114,0.23136197
0.20627408,0.24320014
0.22555244,0.26409176
0.24746664,0.2807269
0.25830093,0.2944887
0.2674332,0.29829293
0.2771545,0.3123172
0.29661748,0.31657857
0.30261716,0.32582715
0.30382603,0.33173424
0.2789806,0.31013158
0.25557467,0.28699774
0.24510618,0.27199754
0.23386335,0.23577918
0.1830488,0.18507311
0.14285912,0.12696213
0.103294045,0.12513228
0.07531178,0.09657614
0.054903015,0.07986808
0.045997065,0.06740948
0.050533544,0.08134204
0.06563303,0.10708256
0.11226341,0.14849728
0.16249782,0.20432876
0.19090863,0.24923095
0.21495901,0.26158133
0.23855454,0.28260008
0.25285798,0.30369312
0.2691612,0.3176297
0.27671623,0.32061228
0.28444374,0.33433503
0.30137447,0.34134385
0.2940413,0.35047454
0.295283,0.35991853
0.2726276,0.33854493
0.24368057,0.3163751
0.2228002,0.30229065
0.201373,0.266245
0.1581885,0.21426547
0.11842036,0.15455809
0.08228444,0.089613974
0.054141153,0.06257421
0.03379598,0.046965055
0.026213758,0.030231856
0.023823386,0.047993213
0.026155982,0.05936426
0.04035822,0.09084815
0.07557143,0.13497552
0.1143261,0.179583
0.15026835,0.19971196
0.17915334,0.22217003
0.20004636,0.24669877
0.22395658,0.26006722
0.24088764,0.2692121
0.2636673,0.2753209
0.28195697,0.2829733
0.30420464,0.2981418
0.3147651,0.2999583
0.30662408,0.2807522
0.28570578,0.26233003
0.2684212,0.2518462
0.2541313,0.21535705
0.21422364,0.17253727
0.16886382,0.11156375
0.12579557,0.14032447
0.09788015,0.10205052
0.07524255,0.079550095
0.05879455,0.061403327
0.058592334,0.07010442
0.053436894,0.07008611
0.059328727,0.09668215
0.0926948,0.14945124
0.14396662,0.207968
0.2019034,0.23651631
0.25537655,0.27240223
0.30615145,0.31140512
0.34896004,0.33888507
0.3896451,0.35549432
0.42313987,0.37913373
0.4463024,0.3862097
0.4605975,0.40851766
0.4584965,0.40472674
0.4472631,0.38233912
0.4220965,0.35599613
0.39955136,0.3388662
0.3832191,0.30382055
0.3351537,0.25397277
0.27557233,0.19078755
0.2303484,0.24649781
0.192432,0.2094419
0.17335124,0.18805012
0.15570857,0.15958339
0.159569,0.16075598
0.18513012,0.19007632
0.23112753,0.20846276
0.29335687,0.28291115
0.3165201,0.35690945
0.3373292,0.39351317
0.377591,0.44349256
0.4221999,0.5035777
0.44850373,0.54196113
0.45837855,0.5790809
0.46749082,0.6070316
0.42943272,0.62312895
0.4216951,0.6403513
0.4033186,0.6339544
0.3791202,0.60077417
0.3562939,0.5486591
0.34521893,0.51376224
0.32047778,0.4615702
0.26834667,0.39855826
0.20601527,0.34315157
0.15105073,0.16308871
0.11220905,0.1270698
0.090663396,0.10883753
0.071973056,0.09350682
0.077306435,0.10312651
0.098741844,0.11861603
0.14621443,0.15282346
0.2025516,0.19825025
0.24476004,0.23949975
0.26058513,0.25304258
0.2823397,0.2795332
0.30163208,0.30432695
0.31798178,0.31651396
0.3232832,0.3270129
0.35183775,0.33413643
0.3554476,0.3372513
0.37636745,0.34711918
0.39347115,0.3526899
0.37351862,0.3297797
0.3357407,0.29609168
0.3120344,0.28563535
0.279423,0.24837734
0.23603648,0.19820076
0.17732705,0.13637602
0.12455971,0.14671677
0.10317576,0.11427678
0.08039286,0.093701206
0.0740342,0.08073746
0.07927955,0.08755672
0.10176109,0.10215335
0.15010647,0.1435579
0.21478003,0.19034916
0.25146365,0.2379646
0.2806633,0.26247084
0.3040163,0.30215758
0.30622736,0.32638258
0.3022541,0.344746
0.29003558,0.35771823
0.29691404,0.37139946
0.29356387,0.37709796
0.31254616,0.4000749
0.327018,0.39768022
0.31590918,0.36292124
0.28514543,0.32617852
0.26443428,0.3193276
0.24838218,0.28363597
0.19847307,0.22220457
0.15018733,0.16107672
0.10443607,0.12740278
0.07561194,0.10141714
0.05328442,0.08629058
0.048499916,0.065474324
0.055497874,0.08267189
0.079770654,0.10438274
0.12877022,0.14112264
0.17731747,0.19333409
0.21256487,0.24150465
0.23187247,0.258682
0.25297096,0.2846375
0.27691025,0.31217724
0.30222318,0.32790312
0.31756812,0.33679414
0.34628898,0.3490641
0.34945574,0.3595936
0.37519857,0.37619287
0.37902516,0.37809658
0.35836598,0.34937054
0.3263209,0.31814748
0.30695093,0.30315605
0.28447127,0.26707867
0.24096799,0.21411604
0.18738887,0.15040311
0.1855984,0.16432858
0.18380792,0.12573537
0.18201746,0.11008896
0.180227,0.0888606
0.17843652,0.09939405
0.17664605,0.10903067
0.17485557,0.14731422
0.17306511,0.20887199
0.17127463,0.26102006
0.16948417,0.2883757
0.1676937,0.33878845
0.16590323,0.36510062
0.16411276,0.3870707
0.16232228,0.40021175
0.16053182,0.4116904
0.15874135,0.42002434
0.15695088,0.44950935
0.15516041,0.45119768
0.15336993,0.41391692
0.15157947,0.36862648
0.149789,0.35275587
0.14799853,0.31361297
0.14620806,0.26473132
0.14441758,0.19482738
0.14262712,0.08961904
0.14083664,0.062151276
0.13904618,0.04599973
0.13725571,0.031424165
0.13546523,0.037021805
0.13367477,0.048154186
0.13188429,0.07013515
0.13009383,0.104937784
0.12830336,0.13991944
0.12651289,0.16358593
0.12472242,0.18400279
0.12293195,0.2000896
0.12114148,0.2119309
0.11935101,0.22038892
0.117560536,0.22835352
0.115770064,0.23267552
0.1139796,0.24696355
0.11218913,0.24706098
0.11039866,0.23135415
0.108608186,0.21866891
0.106817715,0.20559184
0.10502724,0.17818901
0.10323678,0.13317588
0.10144631,0.09074645
0.09965584,0.107580125
0.071982965,0.08059231
0.048368122,0.06167466
0.038157247,0.04785066
0.032433618,0.048460316
0.038301345,0.06522968
0.038328696,0.08866429
0.068336725,0.121111095
0.10976073,0.16475493
0.15215549,0.18813296
0.18614103,0.2169832
0.21342827,0.24159163
0.24059346,0.25012845
0.26679644,0.26243544
0.29377702,0.27184784
0.326585,0.27957103
0.34033528,0.29936254
0.36293954,0.29171342
0.34206685,0.27280587
0.32190734,0.2534819
0.31002536,0.23397276
0.2952599,0.20511034
0.26424146,0.15386978
0.21224266,0.09910938
0.16590133,0.1762661
0.12772751,0.13413028
0.10674491,0.12509851
0.09156594,0.10111607
0.09133945,0.11871393
0.116117515,0.14697923
0.14519684,0.19719122
0.20173162,0.27531123
0.2511493,0.341281
0.30004168,0.36837807
0.35144237,0.40216652
0.39018473,0.44966978
0.4294869,0.47506875
0.46380392,0.4922489
0.49058175,0.52362037
0.520038,0.5399553
0.5330545,0.5700181
0.5355371,0.5623913
0.5092118,0.5124685
0.45491335,0.4749658
0.41354695,0.43095037
0.37952754,0.37662435
0.32665405,0.32129806
0.2598901,0.23395085
0.2001385,0.2095123
0.16889493,0.17380306
0.14919658,0.15357311
0.13285576,0.13154116
0.13553159,0.13982783
0.16154759,0.16106358
0.19408889,0.20548247
0.24897361,0.25578144
0.2710068,0.30293477
0.2953801,0.32553643
0.32297978,0.35921144
0.34800348,0.3866179
0.36341423,0.40328357
0.3883094,0.4204993
0.41464812,0.4352044
0.4422075,0.44057572
0.4431182,0.4515916
0.4442276,0.45697576
0.41137418,0.4227508
0.38313943,0.38335043
0.3547512,0.3613976
0.33597332,0.32150406
0.27607164,0.2616601
0.21513712,0.19504595
0.16877614,0.17107505
0.13158348,0.1349178
0.10337951,0.11755201
0.09433237,0.10456105
0.09877996,0.1127744
0.119147524,0.13246852
0.14739287,0.17362188
0.19814213,0.22606693
0.22798076,0.2665711
0.25101647,0.2849041
0.25878808,0.3114336
0.27110183,0.33223426
0.27432758,0.34909815
0.28096622,0.35193884
0.28050485,0.3650779
0.27711195,0.36039802
0.27475986,0.36989257
0.2571348,0.38167554
0.24725826,0.36419305
0.23000431,0.33370864
0.22244704,0.31729943
0.20331073,0.2856953
0.17010021,0.23283443
0.11944632,0.18150273
0.09084801,0.09832873
0.06941841,0.07424536
0.05556813,0.06143672
0.04935203,0.04902657
0.056538876,0.064255536
0.08100413,0.08785702
0.120184086,0.12663107
0.1679218,0.17069529
0.19300772,0.20084189
0.21543986,0.21422961
0.23085214,0.233599
0.2335837,0.24815956
0.24277188,0.25811476
0.23866855,0.25914094
0.24694067,0.26192495
0.2338102,0.26207927
0.24700254,0.26868597
0.2434758,0.27952474
0.23641065,0.2661644
0.22331044,0.25174996
0.22106895,0.24069838
0.21753211,0.20598906
0.17536642,0.16074148
0.1354328,0.112263344
0.10015343,0.08316928
0.07353251,0.05915981
0.061043046,0.04397896
0.053725094,0.02729597
0.060933135,0.03679494
0.08481686,0.045165055
0.12427031,0.06550871
0.18192302,0.102888316
0.21482004,0.13933818
0.23987246,0.16899723
0.25712743,0.19202374
0.27050543,0.21530324
0.27669656,0.22850412
0.28120568,0.23392531
0.28814897,0.237262
0.28017855,0.23823726
0.28311864,0.25020283
0.28600678,0.262046
0.2783697,0.24375302
0.2606477,0.2304106
0.2581628,0.22135013
0.24561507,0.18649039
0.21481952,0.14765325
0.17906667,0.099059656
0.14841096,0.10746035
0.11844139,0.074190915
0.10420941,0.053059883
0.09155414,0.037708923
0.09337615,0.039793752
0.099322684,0.04076134
0.11389773,0.048609734
0.14824498,0.08021614
0.18901686,0.13219419
0.24158096,0.16795205
0.27617452,0.20330028
0.31095612,0.23931283
0.3231285,0.26246378
0.32066923,0.27350393
0.33607197,0.28278637
0.3716819,0.28716022
0.38865247,0.30926466
0.40146706,0.31661153
0.40127268,0.29703823
0.37918857,0.27879643
0.35949415,0.2617897
0.34659463,0.23292589
0.3028334,0.18613017
0.25681975,0.13789386
0.20932887,0.20283526
0.1765057,0.15811253
0.14499018,0.13586256
0.13156776,0.11458821
0.11902855,0.11600171
0.114227295,0.11881641
0.12508363,0.14460291
0.17332424,0.19740085
0.2378137,0.26362112
0.30510172,0.3026078
0.3700151,0.34581634
0.41913944,0.3979459
0.4519621,0.43016866
0.48032933,0.45157576
0.4818464,0.4788973
0.4734307,0.4886738
0.43587378,0.5056471
0.39563435,0.50736076
0.37776467,0.48395863
0.36501506,0.44369644
0.3479375,0.41969708
0.33812797,0.37570554
0.30549282,0.32679015
0.25057802,0.26901495
0.21506293,0.19498336
0.17813148,0.16249728
0.15766408,0.13519427
0.14550367,0.10942537
0.15244164,0.11256139
0.17315535,0.13213515
0.21925634,0.16122079
0.28778163,0.2064208
0.3338934,0.26076493
0.3671034,0.29469097
0.40775374,0.32979035
0.46507585,0.36831483
0.5244759,0.39704242
0.57303643,0.41711134
0.59317875,0.43245503
0.6113007,0.4419374
0.6025453,0.4503336
0.6025335,0.45451167
0.5784702,0.43285334
0.5272426,0.39317387
0.47390231,0.36980867
0.43134773,0.339769
0.3596328,0.27576053
0.27017912,0.2237325
0.22616525,0.25331584
0.1826748,0.20855817
0.16782744,0.18581055
0.15521406,0.16394594
0.15212215,0.1709218
0.18679264,0.18019629
0.22405623,0.21520561
0.27513027,0.2760378
0.3173324,0.32316664
0.33688065,0.36104208
0.35254097,0.4050387
0.3767413,0.44012523
0.40935507,0.4762116
0.4459067,0.4857759
0.47724974,0.51677203
0.49546507,0.5179889
0.45185974,0.5267678
0.41681302,0.5348146
0.3956617,0.50473356
0.3656118,0.45980948
0.34944242,0.43000135
0.32606605,0.3873794
0.2831185,0.33349288
0.23048823,0.27039018
0.17825404,0.18023469
0.15058339,0.14261124
0.1323715,0.12445827
0.11742039,0.108446844
0.12361033,0.11598708
0.14867146,0.12468832
0.1996638,0.15779902
0.25738162,0.21174112
0.30567762,0.2516336
0.34413537,0.28064728
0.36721757,0.31731343
0.39839533,0.347956
0.42360792,0.37394542
0.44232234,0.38367712
0.47017607,0.4024828
0.47113296,0.40684834
0.47030598,0.42094305
0.47631797,0.42561254
0.4640916,0.39716735
0.43333042,0.35546386
0.3959964,0.34047282
0.37296256,0.3004381
0.3130019,0.24650562
0.26079592,0.18308121
0.20331004,0.22712466
0.1590391,0.19031754
0.1310705,0.16740747
0.11501292,0.14657906
0.111662574,0.1540826
0.12974575,0.16565827
0.17461789,0.20307098
0.22747718,0.25632113
0.2742843,0.31057417
0.30622426,0.33789226
0.3528314,0.37612325
0.39413252,0.40339202
0.4362401,0.42898586
0.4636381,0.44537854
0.5004598,0.45992112
0.5252719,0.4721103
0.5383159,0.4852419
0.54603124,0.49039173
0.52515036,0.4545182
0.47595644,0.40274298
0.43860757,0.38450116
0.40728468,0.34132367
0.34242,0.28617093
0.28357452,0.21338308
0.22372359,0.24367139
0.18601283,0.20432511
0.16037461,0.1847875
0.13980757,0.16155806
0.14450763,0.17103508
0.1602724,0.18109053
0.19519655,0.2133042
0.25020725,0.27604628
0.3050255,0.32595238
0.35361874,0.36292735
0.40380734,0.4094074
0.45346174,0.45440006
0.48858556,0.49107724
0.52325535,0.51148605
0.55306304,0.5388478
0.5643209,0.5510366
0.56177175,0.56997746
0.558873,0.5724328
0.5248628,0.5393621
0.47467852,0.48799264
0.43495482,0.46515697
0.39227083,0.41584414
0.33633178,0.35848507
0.27707535,0.28798154
0.22948141,0.2660775
0.18875533,0.22539592
0.16207406,0.19755903
0.14439754,0.1741446
0.13750215,0.176791
0.13899203,0.17318642
0.14675578,0.19392826
0.18472551,0.23954174
0.23178,0.293093
0.28076467,0.33381155
0.30961052,0.38139558
0.35417137,0.4232407
0.39259085,0.45980626
0.42571077,0.48279575
0.46843013,0.51162815
0.48192725,0.5219854
0.49524918,0.53139997
0.46232188,0.5360265
0.43158105,0.5070631
0.3933356,0.45776772
0.3717267,0.44125232
0.35391378,0.39865738
0.3160249,0.3431716
0.2789873,0.28660753
0.24449867,0.2278378
0.21130337,0.19117764
0.19226927,0.16403088
0.17351414,0.14167368
0.16996244,0.14623919
0.1650981,0.15249698
0.17900872,0.1746313
0.20359893,0.22446114
0.2554251,0.27903453
0.32304883,0.32005718
0.38424897,0.37076968
0.4494586,0.41650018
0.49608555,0.45964545
0.53755844,0.48034877
0.56801504,0.51321447
0.57239187,0.52557003
0.5845321,0.53732914
0.60444874,0.54066014
0.60452,0.5086113
0.57206947,0.461326
0.54162025,0.4452065
0.5144106,0.3916936
0.45745158,0.32913718
0.40431485,0.26782113
0.34890294,0.33437067
0.30482566,0.29614636
0.27458072,0.2639123
0.2554919,0.23194373
0.24124233,0.2400045
0.2590575,0.25376013
0.2910364,0.2902817
0.3595738,0.3439363
0.42008388,0.41504127
0.44710276,0.46742785
0.49823952,0.53330797
0.55286133,0.57859534
0.59534484,0.6260897
0.63673055,0.65586853
0.66236055,0.6929228
0.6965244,0.70669967
0.7156559,0.72835195
0.7238046,0.7238184
0.69939405,0.6694704
0.6311061,0.6081487
0.5892521,0.57442755
0.5458188,0.51946574
0.46769306,0.4443857
0.3977813,0.36709937
0.3332768,0.33903557
0.2942442,0.2991188
0.26504263,0.2656373
0.2457701,0.24549672
0.23736225,0.25122452
0.2366033,0.25600415
0.24881567,0.29537404
0.27602598,0.35441437
0.31366888,0.41079324
0.3720643,0.45976645
0.43764278,0.52013546
0.5005285,0.56699896
0.551485,0.61314803
0.6013231,0.63351667
0.6325592,0.6689108
0.6378023,0.6777494
0.6405397,0.68922704
0.63615996,0.69203335
0.603214,0.6609605
0.56560296,0.5921637
0.5238641,0.5552924
0.49578094,0.5094382
0.45261133,0.4325338
0.4024935,0.3593317
0.34396905,0.33070025
0.3005666,0.28893283
0.27036765,0.25620404
0.2500835,0.2305961
0.24428825,0.23495209
0.26744464,0.24213967
0.31300327,0.28700572
0.39139873,0.33781278
0.4672064,0.4109193
0.53432107,0.46021825
0.6041805,0.5205769
0.66320205,0.5754924
0.7180157,0.61586434
0.7515373,0.6491493
0.78336203,0.67789817
0.7953753,0.68991494
0.7979185,0.70101106
0.79919004,0.6977408
0.7635909,0.66380906
0.71865433,0.58655727
0.662126,0.54482144
0.63079256,0.49595582
0.55004346,0.4275213
0.4868355,0.3534904
0.4148339,0.391002
0.36411455,0.34601992
0.32811916,0.31217024
0.3066224,0.28057325
0.30051175,0.2914008
0.31580678,0.29395968
0.35790905,0.3216918
0.4299069,0.39383098
0.50868714,0.46425164
0.59337395,0.52875346
0.6579967,0.60388845
0.7201712,0.66388005
0.749176,0.7224595
0.7919837,0.75091904
0.80898046,0.79498696
0.83674854,0.80329853
0.85102856,0.8213423
0.8499207,0.8181433
0.8281997,0.77461565
0.76181555,0.6941309
0.7100839,0.65273714
0.66339576,0.60224015
0.572278,0.51893026
0.50159603,0.438323
0.4301021,0.41557676
0.3851493,0.3672962
0.35405925,0.33544737
0.33522224,0.3045158
0.3424718,0.3082121
0.3529897,0.31648973
0.3875229,0.34606946
0.4349256,0.42064586
0.48770833,0.48514017
0.54420686,0.5477889
0.60198003,0.6164233
0.6659042,0.68089676
0.71004033,0.72916156
0.75395775,0.7530584
0.7602108,0.7956697
0.7175258,0.80207294
0.6539149,0.81749564
0.6483376,0.81003493
0.65161175,0.77727854
0.62023723,0.70658535
0.5808742,0.6579212
0.5510703,0.6093027
0.48646802,0.528986
0.44049674,0.44796994
0.38833812,0.36083567
0.33751535,0.31710947
0.30947393,0.2836399
0.28549892,0.24953571
0.2741737,0.25393826
0.2717165,0.25070193
0.28888193,0.26004323
0.33151788,0.30863693
0.39894813,0.37673107
0.4738529,0.4309066
0.5446855,0.4869398
0.5954445,0.55411816
0.62704253,0.59627014
0.6547055,0.6258375
0.6431352,0.6659199
0.6244852,0.6772417
0.6089293,0.680093
0.5640621,0.67672426
0.5057342,0.65003324
0.46401057,0.5890289
0.4424302,0.55991817
0.4260277,0.5061347
0.3874065,0.4468662
0.34629565,0.3950396
0.3021818,0.27877554
0.2672968,0.23110557
0.24436688,0.20977227
0.22254704,0.18069896
0.21693349,0.18032679
0.21447407,0.18570217
0.22555262,0.19451642
0.260039,0.2373019
0.3036298,0.2944318
0.36757874,0.33557025
0.41368932,0.3800359
0.4495962,0.43222317
0.46174756,0.46145552
0.48314413,0.48867303
0.50062,0.5148387
0.53281957,0.52393883
0.5173606,0.53314954
0.47800753,0.52984846
0.42311338,0.50657344
0.3850312,0.45966256
0.36631298,0.42435002
0.3630876,0.38917154
0.3280152,0.3457808
0.2788124,0.2933371
0.24286914,0.23455787
0.20639083,0.19983155
0.18554994,0.17785516
0.1751695,0.15104562
0.17630707,0.15129589
0.20437942,0.16523686
0.24214146,0.16503166
0.30466312,0.20885491
0.35170528,0.26149005
0.36434567,0.2982841
0.3913558,0.34741694
0.41829315,0.38537014
0.44782615,0.41433644
0.50692546,0.44071853
0.55163217,0.4691005
0.584795,0.4854486
0.6207755,0.5005521
0.6440799,0.49480534
0.63015956,0.46219763
0.5879342,0.42702112
0.5338324,0.40537795
0.47821262,0.36199862
0.41304404,0.31532985
0.33981135,0.24999598
0.2876599,0.2935915
0.2314089,0.2595687
0.19969286,0.2337856
0.1784354,0.20894903
0.17593682,0.21765143
0.20350184,0.22871253
0.22971132,0.24541761
0.302424,0.29529443
0.3552052,0.3655317
0.4079363,0.41014907
0.4631159,0.47287595
0.5081834,0.530173
0.554676,0.58225125
0.59227276,0.61633444
0.6241705,0.65057814
0.6610281,0.6689514
0.70137453,0.68499404
0.709907,0.6872536
0.6949528,0.6456612
0.6374615,0.60024196
0.5871416,0.5726838
0.5391738,0.51636785
0.46577993,0.44782412
0.39465234,0.3808044
0.33016714,0.33569556
0.27475235,0.29523966
0.24858029,0.2686345
0.224701,0.24512365
0.21648975,0.2576077
0.2286486,0.25905982
0.28272274,0.28861457
0.3424648,0.35287482
0.40571,0.41454747
0.48202708,0.45985684
0.5508089,0.511514
0.6114224,0.5729206
0.6683389,0.61725724
0.6991149,0.6483892
0.7269704,0.689461
0.7529539,0.69877505
0.77089566,0.7106464
0.7707039,0.70701945
0.74782884,0.6687491
0.6944566,0.6047988
0.6431535,0.5774706
0.58759785,0.5269232
0.50808376,0.45301482
0.4420579,0.38276348
0.3715561,0.39087695
0.32563356,0.34363338
0.2919111,0.31535482
0.28169525,0.28404966
0.2677272,0.29506844
0.2846769,0.28833443
0.3343821,0.3121686
0.40741664,0.37621096
0.45929325,0.44207078
0.5243136,0.49986103
0.59775996,0.56279826
0.65864426,0.6292396
0.7185083,0.6760411
0.76496094,0.71302223
0.79612315,0.7538111
0.8195048,0.7682624
0.8214817,0.7789066
0.82660806,0.7742882
0.80306983,0.73453295
0.75927866,0.66161823
0.7070187,0.6287308
0.68249685,0.5763246
0.6191127,0.50238746
0.5604383,0.42943454
0.4937868,0.44874668
0.4414846,0.3996612
0.40692383,0.36693212
0.37904567,0.32603604
0.3729966,0.3309371
0.38727865,0.3242394
0.40798894,0.3383184
0.47671556,0.39588815
0.5347715,0.47201288
0.58232427,0.5393274
0.6305873,0.61756843
0.6902276,0.68167824
0.74325013,0.7372089
0.7792107,0.7772385
0.7864767,0.81264484
0.79764223,0.8248707
0.7881522,0.8331488
0.76099026,0.8287023
0.71093243,0.79536873
0.6693691,0.7221165
0.634686,0.68429375
0.60660356,0.63923323
0.5403104,0.5615532
0.4753775,0.4989598
0.415985,0.39415455
0.37555173,0.344219
0.3272144,0.3178695
0.3008904,0.2789189
0.285048,0.28095925
0.28135526,0.2708153
0.29758617,0.27810907
0.3470136,0.32327715
0.42459676,0.38509437
0.50578773,0.43818986
0.582227,0.4919377
0.6536356,0.5512561
0.70216376,0.5903672
0.7174145,0.62304485
0.7351486,0.6548545
0.7320689,0.6659755
0.7273765,0.6711566
0.7014901,0.6630964
0.6615153,0.6318271
0.6233773,0.5665053
0.58201027,0.54043627
0.5554958,0.49123114
0.51426053,0.4369481
0.46573293,0.3794114
0.43084687,0.37389982
0.39489558,0.32658294
0.3732048,0.2980553
0.35260457,0.26135316
0.32197347,0.2661534
0.30736184,0.27245405
0.30428192,0.28001177
0.3239324,0.33371156
0.35167843,0.39710534
0.39012492,0.45009542
0.42303887,0.51378286
0.43391484,0.57672423
0.44610482,0.62017035
0.46591547,0.64981425
0.46437055,0.6856807
0.4606886,0.69837654
0.46640915,0.71229154
0.48341507,0.70272493
0.49494728,0.6600009
0.4941514,0.6011761
0.47906646,0.5702989
0.4618911,0.5205109
0.41749883,0.4595998
0.3611466,0.40028957
0.3073745,0.31068698
0.27613539,0.26693794
0.24321717,0.240542
0.23119026,0.21827346
0.23228818,0.22266649
0.25279146,0.23890087
0.28592387,0.2564302
0.34696743,0.31405276
0.4031511,0.3836339
0.46052468,0.41475576
0.51747,0.46957463
0.5830261,0.5205819
0.6294926,0.5584051
0.67582315,0.58595264
0.7297691,0.6208088
0.73428833,0.6355625
0.7469251,0.6544146
0.74494976,0.6400497
0.7176815,0.5999649
0.66827494,0.5478971
0.62574226,0.5123705
0.5815508,0.46140742
0.51057345,0.3989311
0.43423894,0.323387
0.37308648,0.40929514
0.32665217,0.36677805
0.28878433,0.3412166
0.2652893,0.30870065
0.26260406,0.32083374
0.28500253,0.34118944
0.3228085,0.36486173
0.38929927,0.43306902
0.4450257,0.4940928
0.5024787,0.5410615
0.5654021,0.6093448
0.617352,0.67183685
0.6635966,0.71983355
0.70489395,0.75649554
0.7335352,0.7967156
0.7797512,0.810211
0.7734342,0.83151555
0.77759606,0.8153907
0.73739237,0.75298524
0.6814196,0.702795
0.63181764,0.65606296
0.57133406,0.5956523
0.49066877,0.5158509
0.41501665,0.4438669
0.352609,0.38851097
0.3083485,0.34513912
0.28106844,0.31890634
0.25868535,0.29707447
0.26047215,0.30595446
0.28392255,0.3098422
0.31673753,0.33905017
0.3595562,0.40003797
0.39903805,0.44907096
0.4155397,0.49106959
0.4368028,0.5506435
0.45226622,0.60511225
0.48616922,0.6520847
0.50634533,0.6740569
0.54090023,0.71243143
0.5940859,0.71755767
0.61470675,0.7316018
0.6284807,0.7253188
0.6077013,0.68849707
0.57230806,0.627486
0.54229337,0.5995313
0.5166622,0.5624387
0.45589262,0.48318243
0.38918817,0.41974446
0.32718977,0.3486973
0.2911513,0.31153515
0.25555006,0.28599718
0.24091397,0.25463727
0.24132678,0.26853812
0.2550309,0.26821253
0.30118576,0.30047107
0.36855054,0.3589062
0.43671137,0.42009756
0.4886958,0.47283933
0.5450448,0.5274531
0.5958674,0.59041667
0.62645334,0.6348457
0.6568041,0.67659533
0.6561985,0.70874166
0.6579536,0.71848667
0.68063587,0.7260589
0.6868969,0.7252601
0.6840893,0.69833773
0.60808605,0.6337749
0.5719717,0.6050433
0.52791286,0.56624997
0.4722145,0.49791464
0.39630118,0.4312119
