true,forecasted
0.17887484,0.17708905
0.1583609,0.15813331
0.14494129,0.14010271
0.13891163,0.14420855
0.14030316,0.13624607
0.152964,0.1545785
0.17084913,0.17545405
0.17742907,0.18812594
0.16674848,0.18717499
0.15217787,0.17780462
0.14201511,0.1658105
0.13547108,0.15872604
0.147826,0.16794538
0.16203345,0.1835868
0.18004633,0.17510746
0.22122248,0.1979784
0.26633435,0.24216697
0.2933261,0.2734453
0.30688417,0.28238648
0.30321246,0.30743667
0.29689828,0.29705197
0.27528974,0.26343438
0.23577257,0.2290915
0.19181424,0.19686614
0.16379368,0.18228047
0.14416498,0.16290112
0.13543689,0.14458708
0.13226934,0.14534584
0.13362154,0.13995948
0.14687711,0.1572401
0.166308,0.17893377
0.1749233,0.19403106
0.17575043,0.18908823
0.15607645,0.18712044
0.15243849,0.18197656
0.13540058,0.1807499
0.13474561,0.1947077
0.1536856,0.21939155
0.18621227,0.22010817
0.21693982,0.24621597
0.23668729,0.28894427
0.2493131,0.317715
0.27524233,0.3291542
0.28339106,0.3372779
0.28548667,0.32518768
0.27350557,0.29346395
0.23890467,0.2515561
0.19466051,0.216107
0.16722186,0.16422892
0.15099783,0.14857702
0.13842715,0.13652915
0.13436195,0.13111684
0.13770169,0.12961702
0.14742012,0.14983353
0.16579616,0.16816102
0.17211376,0.18741947
0.15879199,0.20305976
0.14011602,0.19819894
0.13432905,0.20222287
0.13254106,0.21366294
0.1484109,0.22262324
0.1754488,0.24303138
0.18615972,0.2518478
0.21907559,0.27362588
0.25613314,0.31864512
0.28658727,0.3410102
0.30239943,0.35398248
0.30232337,0.35912168
0.30106515,0.34235713
0.28579172,0.32274848
0.25462797,0.28175825
0.214082,0.24143879
0.18217228,0.1751784
0.1580473,0.15497714
0.14526342,0.14085642
0.13639006,0.13982809
0.13568555,0.13373968
0.13673186,0.14455003
0.13549201,0.1608868
0.1372424,0.1800394
0.13865913,0.17469592
0.12444229,0.17244872
0.12120381,0.1638282
0.122770496,0.16161679
0.14436963,0.17423463
0.17452084,0.20506966
0.21682061,0.21053173
0.27451044,0.24099123
0.32484534,0.2959267
0.354439,0.33065477
0.37634787,0.36347854
0.36594543,0.37239456
0.35197937,0.3585988
0.33275655,0.33370823
0.2930087,0.28390437
0.24378845,0.24949934
0.20788361,0.1967787
0.18783279,0.17666866
0.17290074,0.15846843
0.16350871,0.15319586
0.15785249,0.14586638
0.15506773,0.1558157
0.15279096,0.16112697
0.15657589,0.1724487
0.17593884,0.17555691
0.19523002,0.18417047
0.22416615,0.19835871
0.24546024,0.21861514
0.27145696,0.23879904
0.3053807,0.2604821
0.33564767,0.2824648
0.38804573,0.32750034
0.41372415,0.36028942
0.444497,0.39671934
0.45318535,0.41163373
0.43221596,0.41891998
0.41377372,0.38637018
0.3886349,0.3540932
0.33780482,0.30486396
0.26695684,0.27391317
0.24925798,0.221242
0.22267808,0.20962387
0.20471178,0.18647332
0.19610843,0.18566683
0.19767085,0.18202165
0.21545772,0.1863856
0.23613872,0.19933467
0.25722817,0.21922383
0.2836675,0.22760239
0.28373286,0.24372315
0.2719248,0.26266414
0.26208544,0.26220185
0.2903209,0.28039333
0.3179262,0.29684466
0.35646883,0.29392812
0.38483033,0.3208736
0.42055315,0.34424892
0.4048008,0.3579141
0.38713828,0.35498288
0.37267876,0.36416703
0.3696915,0.34484914
0.36171705,0.30961466
0.2820504,0.27074605
0.25933146,0.23498063
0.21737304,0.19658463
0.18855226,0.17184643
0.16874668,0.15568256
0.15873131,0.15086204
0.15807165,0.14413333
0.16617298,0.16855359
0.18441273,0.18498385
0.19036718,0.19945627
0.18627465,0.20231864
0.16842496,0.19619101
0.15697066,0.1813659
0.15854631,0.19214219
0.1770407,0.20333572
0.20420891,0.22242695
0.23488519,0.24590887
0.27714396,0.27036795
0.32237077,0.31717888
0.36270994,0.3476361
0.3815286,0.3616141
0.3677185,0.3611033
0.35489488,0.34432885
0.33556223,0.3166712
0.27411482,0.27388126
0.24279042,0.23998907
0.20548208,0.1980011
0.18173821,0.18660745
0.16729192,0.1685145
0.16134988,0.17227665
0.16061373,0.16288362
0.17180103,0.17695524
0.19381201,0.19119608
0.20863768,0.21018529
0.21839628,0.21737522
0.22887777,0.24265355
0.2535889,0.23811597
0.28052643,0.24526225
0.28681028,0.25844756
0.32073787,0.27262065
0.27846158,0.2703286
0.25188422,0.27248007
0.29313642,0.31244114
0.32184142,0.33734983
0.3313975,0.34413874
0.33519354,0.353557
0.32695976,0.33418414
0.31282622,0.312349
0.26724052,0.2679208
0.2222312,0.23656057
0.1881656,0.17419706
0.16393767,0.15485182
0.15099314,0.13454165
0.14385523,0.13685188
0.14682327,0.13190824
0.15557913,0.1450536
0.17093201,0.16617312
0.18029884,0.17963538
0.17771147,0.18312067
0.16695398,0.1829435
0.16187026,0.17460252
0.16660236,0.17797978
0.1789432,0.18771964
0.21101998,0.22242707
0.25569052,0.22040714
0.30157912,0.24870533
0.35003117,0.30031154
0.3881504,0.32789326
0.39863956,0.34244835
0.38624406,0.3534457
0.36853752,0.33955294
0.3475788,0.30517644
0.3008716,0.26159728
0.24195944,0.22373886
0.24131721,0.19260138
0.240675,0.18105337
0.24003278,0.16593172
0.23939055,0.16610351
0.23874834,0.15352279
0.23810612,0.15919383
0.23746389,0.17214018
0.23682167,0.18907568
0.23617946,0.20436856
0.23553723,0.2266089
0.234895,0.23586899
0.2342528,0.25531235
0.23361057,0.26515412
0.23296835,0.27984914
0.23232614,0.29214424
0.23168391,0.28773138
0.23104168,0.3114281
0.23039946,0.32962978
0.22975725,0.33065096
0.22911502,0.3156332
0.2284728,0.3028808
0.22783059,0.2830396
0.22718836,0.24591798
0.22654614,0.21504566
0.22590393,0.17970261
0.2252617,0.16245672
0.22461948,0.1452569
0.22397725,0.14061648
0.22333504,0.13418809
0.22269282,0.14663395
0.22205059,0.14865866
0.22140838,0.15724161
0.22076616,0.16611087
0.22012393,0.17518482
0.21948172,0.17912793
0.2188395,0.20212696
0.21819727,0.2029681
0.21755505,0.21246654
0.21691284,0.218181
0.21627061,0.24890211
0.21562839,0.27343583
0.21498618,0.3041399
0.21434395,0.3263782
0.21370173,0.33782798
0.21305951,0.3126118
0.21241729,0.28586403
0.21177506,0.24773689
0.21113284,0.2244667
0.21049063,0.17941268
0.18371676,0.15797594
0.16421537,0.14474425
0.1530268,0.14002827
0.15081583,0.13288687
0.1468254,0.14903219
0.14099102,0.16328134
0.14419447,0.17372018
0.14940894,0.17557934
0.15606149,0.16644506
0.16346556,0.16925241
0.17941914,0.17465158
0.20188472,0.17852366
0.23186931,0.21315652
0.27223325,0.227149
0.32626337,0.25576565
0.39032164,0.30209002
0.42856306,0.32611763
0.4322937,0.34759292
0.41382712,0.35275003
0.39391088,0.3429113
0.37125945,0.31499717
0.32712337,0.2723192
0.2722602,0.23549825
0.2239927,0.19812126
0.1938227,0.1799001
0.17393424,0.16570018
0.16432218,0.16034609
0.1637219,0.1485843
0.16885605,0.16620913
0.18087177,0.17605042
0.19777852,0.18913549
0.2149899,0.19433534
0.22973053,0.19284073
0.25359234,0.21378845
0.27335563,0.23713534
0.30946556,0.2565176
0.34635988,0.27691838
0.38157943,0.30423957
0.41948035,0.34156358
0.455037,0.37366334
0.46641228,0.40788668
0.47251114,0.41680482
0.44608802,0.41738933
0.42765817,0.39564434
0.40002766,0.3578973
0.33967486,0.31757092
0.29034355,0.27643466
0.24877135,0.20701136
0.22168604,0.1906846
0.20478398,0.1763561
0.19700009,0.17173728
0.19713509,0.16738892
0.20868896,0.18544763
0.22440284,0.19404922
0.24316938,0.20322353
0.25821936,0.218683
0.27614763,0.23105425
0.27227855,0.26010752
0.2765407,0.28617942
0.287907,0.29700592
0.29226443,0.3060735
0.30060714,0.32214507
0.31596515,0.33689383
0.33058617,0.36285308
0.34933218,0.38304943
0.3528249,0.378328
0.35006747,0.38846958
0.3522477,0.36431292
0.3363398,0.32384253
0.2986346,0.2890558
0.25607204,0.25858343
0.22185479,0.18151219
0.19798572,0.17676798
0.19349885,0.16217716
0.17520827,0.1585204
0.17575897,0.155587
0.18723294,0.17222214
0.20362572,0.18467927
0.22520393,0.21001083
0.24357398,0.21862984
0.26001632,0.224552
0.26513466,0.25116098
0.25742638,0.24863864
0.25551322,0.2606994
0.26085114,0.27470094
0.2584415,0.27660844
0.25281733,0.28424603
0.2584475,0.30656007
0.268603,0.30664203
0.27099255,0.31593415
0.26834965,0.32217824
0.27098614,0.31091377
0.2621914,0.29502767
0.2321671,0.26304924
0.20057523,0.22200786
0.17446059,0.17520706
0.15778412,0.16637944
0.14955975,0.14718354
0.14508867,0.15019104
0.14812337,0.14506224
0.16007797,0.15578605
0.17681469,0.16873968
0.19636948,0.19280118
0.21465066,0.19611955
0.22173773,0.20516479
0.22818008,0.21794178
0.23369277,0.2193016
0.23399654,0.21953422
0.23021887,0.2344341
0.23447803,0.21083932
0.23592082,0.22509843
0.24571958,0.253363
0.26313132,0.2644612
0.2727246,0.2948697
0.2750035,0.31252682
0.27936092,0.29405203
0.2731061,0.2856905
0.243844,0.24820165
0.2105701,0.21705931
0.18204753,0.17725249
0.16428116,0.16985966
0.15406713,0.15240595
0.1483451,0.1551409
0.15608926,0.1504637
0.1631729,0.15776107
0.18651561,0.1740531
0.2115254,0.19656825
0.22451821,0.19982487
0.2389978,0.21228746
0.23143394,0.21765794
0.2458358,0.2208149
0.24827276,0.21949506
0.2529643,0.24110737
0.29437712,0.227798
0.3593608,0.24701163
0.3516141,0.2821066
0.34445995,0.29264826
0.35791886,0.3237249
0.35592154,0.33393618
0.35310003,0.31518194
0.3438793,0.30726224
0.318218,0.2635197
0.27536196,0.2300355
0.22404099,0.2401181
0.21764433,0.21611226
0.20100033,0.20445362
0.1929571,0.1859689
0.1897464,0.17848003
0.19335872,0.19695425
0.1995584,0.20602289
0.21323052,0.22436267
0.24183682,0.25244015
0.27774894,0.25243458
0.30541444,0.27377397
0.30557594,0.2949166
0.3133389,0.28586504
0.3377933,0.31132022
0.34855634,0.3303013
0.40517038,0.34260854
0.42654434,0.37021732
0.46534973,0.38391268
0.48029074,0.4034494
0.46103674,0.40355074
0.43668747,0.38450426
0.42132732,0.37112537
0.38643545,0.32449538
0.311201,0.28590783
0.28761518,0.26211524
0.25280964,0.24484397
0.22892305,0.21879846
0.2153116,0.21646842
0.20594479,0.20034117
0.1981015,0.21721072
0.20213594,0.22738568
0.23001294,0.2475099
0.26716447,0.2545839
0.30944204,0.271314
0.34634665,0.29658425
0.38388738,0.3224731
0.4114807,0.35143977
0.43558517,0.36680236
0.45194465,0.4044967
0.47767347,0.4361703
0.54196715,0.45455799
0.5649839,0.47489664
0.5232254,0.46170464
0.48097605,0.44990927
0.4601656,0.4202239
0.43632388,0.3807819
0.3881038,0.33611298
0.33079553,0.29706353
0.2711891,0.2963798
0.2611045,0.2709227
0.2413331,0.245664
0.2295323,0.23875529
0.22669372,0.22466739
0.24391407,0.235448
0.2545139,0.24832395
0.2944177,0.27079612
0.33906648,0.2899982
0.34419078,0.3138591
0.371039,0.33948842
0.367002,0.36636233
0.4051866,0.3929012
0.46445978,0.41503122
0.50354546,0.4431803
0.5097169,0.47638455
0.51071966,0.50555676
0.5333467,0.52706873
0.52154297,0.522831
0.50698686,0.51218057
0.48716077,0.48508355
0.4640834,0.44138476
0.41560486,0.3934993
0.35174268,0.34452063
0.29273653,0.3060693
0.27370426,0.28248844
0.2377084,0.254804
0.22859408,0.2528482
0.22277036,0.2361555
0.23066747,0.25316566
0.24748494,0.2750052
0.2676511,0.31373024
0.3026737,0.34313372
0.31769034,0.3743651
0.31604803,0.40324956
0.31368497,0.4330911
0.31531274,0.46882567
0.33982012,0.48654178
0.36657262,0.5071225
0.41920307,0.53163457
0.49025443,0.55684996
0.5071958,0.56404847
0.47908038,0.5575618
0.43621793,0.5326967
0.4098273,0.4957451
0.3888861,0.4682535
0.31489277,0.415731
0.29116642,0.36192375
0.25027737,0.254843
0.22003731,0.23041992
0.20319422,0.20951119
0.19416705,0.20186022
0.19246621,0.19196114
0.2044879,0.20979956
0.22633056,0.22687858
0.25738838,0.24941966
0.26293737,0.26796272
0.26921266,0.28651646
0.28730458,0.30208743
0.31814578,0.33560282
0.33591598,0.3529641
0.35739252,0.37926918
0.3907963,0.4044064
0.42971534,0.42798713
0.4742406,0.46712044
0.50623065,0.48793444
0.51644254,0.48572925
0.49805456,0.47299513
0.46347928,0.44504422
0.44279528,0.41261813
0.3669375,0.36002725
0.32749295,0.31501755
0.27628905,0.27768773
0.24013896,0.25440723
0.2169646,0.22404136
0.2036253,0.22076505
0.19821729,0.21116924
0.2011691,0.22004399
0.21402518,0.23226324
0.23619896,0.2630546
0.25585288,0.29225665
0.27919856,0.3415251
0.28443524,0.3579257
0.31647784,0.4020881
0.35029307,0.43721315
0.38440135,0.4618412
0.41795042,0.4765602
0.458243,0.50873595
0.50126696,0.5523757
0.5331874,0.5797384
0.5339436,0.5779774
0.5155244,0.56150323
0.4827363,0.51448494
0.4510671,0.47725332
0.399324,0.41846764
0.31277496,0.3692496
0.27888197,0.2815519
0.24686116,0.25612855
0.22177789,0.22904937
0.20679884,0.21796754
0.20224018,0.20578668
0.20826215,0.21375969
0.21790196,0.22040647
0.24168687,0.2563553
0.27355,0.28830767
0.30418485,0.32760152
0.32894,0.3602566
0.3638024,0.41282824
0.39731213,0.4445583
0.42651743,0.470396
0.46183014,0.50467014
0.50758374,0.5449642
0.53702915,0.5758979
0.55527824,0.5965331
0.5555453,0.6019968
0.5211093,0.5712986
0.48580557,0.52383566
0.46076715,0.500539
0.4172869,0.43959874
0.35543916,0.3866078
0.29129073,0.29717904
0.26621002,0.27123418
0.24178556,0.24265784
0.22653264,0.23294863
0.21879277,0.2197194
0.21627375,0.22903794
0.21906962,0.24335742
0.24402216,0.2796878
0.2807379,0.30760312
0.323852,0.34548622
0.35151368,0.3706288
0.37023064,0.4122235
0.39375237,0.4469119
0.42214206,0.47323748
0.41668534,0.50833297
0.44753295,0.54377437
0.4969638,0.5739166
0.5360627,0.589955
0.5320257,0.59125775
0.507303,0.55777854
0.48306996,0.5122203
0.469259,0.4915229
0.43313026,0.42977315
0.3886776,0.37545073
0.3305742,0.30948812
0.3114616,0.28262952
0.28494024,0.2563443
0.2713587,0.24435154
0.26309204,0.23414426
0.26076016,0.23758999
0.2592379,0.2459261
0.28582504,0.277134
0.33270657,0.31544855
0.38702333,0.35916942
0.42625853,0.39134791
0.45526046,0.43473738
0.49388126,0.4583842
0.5495866,0.48529765
0.5863493,0.51498944
0.6321781,0.54650545
0.6626771,0.57850534
0.67058957,0.5944471
0.66604716,0.60032076
0.64858496,0.574747
0.6222059,0.53023404
0.5945314,0.50698507
0.54026204,0.44396406
0.4739586,0.3954207
0.4057232,0.38750482
0.36499867,0.35698238
0.33213663,0.32141265
0.31161883,0.30752513
0.3048945,0.2864938
0.31198797,0.28982475
0.32588568,0.29901692
0.37520543,0.34096667
0.43640205,0.391739
0.49965072,0.44018975
0.50410724,0.4883033
0.54881287,0.525852
0.5960541,0.5671337
0.62565583,0.5968205
0.64163333,0.6250793
0.6695719,0.65293384
0.7230017,0.68674713
0.7611457,0.7051761
0.7721715,0.70300925
0.73639524,0.6694409
0.69931465,0.62745196
0.64886653,0.5948958
0.56153774,0.5348557
0.48507455,0.46674955
0.42715916,0.41207945
0.3731094,0.36930183
0.3398231,0.3329103
0.31090876,0.31747553
0.2936038,0.29918513
0.28482533,0.31181675
0.28935492,0.3262845
0.3189836,0.37649685
0.36763132,0.4191459
0.41010755,0.4628781
0.4460449,0.50414413
0.47727913,0.5401946
0.5206026,0.575536
0.57915074,0.60170984
0.5879271,0.62056375
0.61286044,0.64707184
0.64544433,0.67853516
0.68896943,0.69137913
0.6685606,0.69216174
0.61712855,0.66797537
0.5771337,0.6165603
0.5273991,0.59423786
0.48569235,0.52660275
0.4330948,0.46168822
0.37783083,0.39158922
0.33235493,0.34725332
0.30226997,0.31496564
0.2837995,0.29556563
0.27766946,0.27978
0.28265536,0.30011982
0.30599806,0.31208518
0.35691914,0.35497934
0.41038013,0.39254612
0.45797685,0.4219144
0.5087915,0.4623081
0.55627716,0.49563184
0.5984923,0.5301549
0.62793946,0.5685491
0.6664244,0.59490144
0.68664443,0.6216438
0.70920444,0.653073
0.72349304,0.66851383
0.7243616,0.66418046
0.68705714,0.63912493
0.64398915,0.5981074
0.61000735,0.5574707
0.54657537,0.49552178
0.4749212,0.4323405
0.4152669,0.44706094
0.3676638,0.40577778
0.33608988,0.3664072
0.31052083,0.3508027
0.30872342,0.33073953
0.30604035,0.3451075
0.32086134,0.36337677
0.35842344,0.41338092
0.40427104,0.4622448
0.45106667,0.5093923
0.499332,0.5605426
0.5329263,0.60471547
0.5736889,0.6451184
0.6044617,0.6852758
0.6375592,0.7051657
0.68211097,0.73173285
0.7196855,0.7722865
0.75175625,0.7913967
0.74941325,0.7632691
0.71460515,0.74577755
0.67329615,0.7042574
0.63746136,0.6493195
0.56912684,0.5801423
0.49335235,0.50674564
0.4335545,0.44504845
0.3836353,0.4120924
0.34591597,0.36476475
0.32918054,0.36187625
0.32120526,0.3367651
0.32962617,0.3334177
0.35080063,0.35066965
0.38084972,0.40600356
0.42100304,0.44429305
0.46204588,0.5108484
0.502773,0.5556755
0.54608876,0.59695864
0.56183296,0.63906246
0.5840469,0.6666676
0.64277536,0.6776109
0.6873754,0.71413684
0.6929958,0.7379156
0.6660903,0.74741775
0.6428497,0.7403386
0.62200934,0.7118666
0.60818344,0.65896076
0.5850065,0.6255242
0.5317852,0.5534274
0.47167203,0.4903888
0.40054336,0.41600215
0.32840768,0.38938668
0.32953516,0.34519678
0.3069867,0.3370205
0.29783136,0.31508887
0.29256904,0.3147331
0.30361065,0.32620975
0.3225784,0.38231835
0.37973762,0.4219421
0.44545656,0.47729266
0.47477677,0.52760255
0.5418471,0.5602915
0.5695549,0.5943947
0.5963912,0.61861724
0.6383581,0.6312227
0.66999483,0.6632168
0.63372004,0.6706254
0.606213,0.67238766
0.60560805,0.66369766
0.59496933,0.6396065
0.56898373,0.59288913
0.54992706,0.5717169
0.5022099,0.50501025
0.4471386,0.44689137
0.3824271,0.39132518
0.32651073,0.36238298
0.3293177,0.3222952
0.3147881,0.31532985
0.3083872,0.2918741
0.30268994,0.2981722
0.30826628,0.31524628
0.3247945,0.36831224
0.38704214,0.40116242
0.43263295,0.4459468
0.4468908,0.49858662
0.47025147,0.5183903
0.4821971,0.55744326
0.4918882,0.5853752
0.5369441,0.5797953
0.5630036,0.60513645
0.62957835,0.61559755
0.6419854,0.6223119
0.5883663,0.6247407
0.5147306,0.60542643
0.46864802,0.5589784
0.44091928,0.5405731
0.3936084,0.480231
0.3382799,0.41394985
0.26688507,0.339494
0.27402723,0.30637133
0.2543178,0.27626598
0.2452573,0.26607978
0.24746485,0.25313482
0.26447374,0.26475617
0.2789533,0.28633264
0.31145477,0.3162895
0.3524989,0.34745464
0.35468253,0.3739619
0.36120263,0.39774293
0.39230788,0.428531
0.43077147,0.44736966
0.43117177,0.481473
0.482779,0.4970216
0.50185996,0.5191238
0.5789576,0.55988497
0.63309366,0.5775138
0.65993977,0.57669216
0.6459451,0.5624873
0.6021333,0.53411347
0.54732305,0.49865812
0.4791261,0.4416849
0.3986259,0.38643503
0.33797273,0.34862757
0.30399987,0.32066104
0.2763963,0.28029156
0.25428703,0.2789311
0.24385254,0.25995645
0.24620022,0.26152545
0.2651868,0.2789794
0.29759127,0.32399997
0.33044004,0.349904
0.3553657,0.4111783
0.38055107,0.44014978
0.41712967,0.48364618
0.45062232,0.5365949
0.49292853,0.5796184
0.53180784,0.606326
0.5783894,0.65070915
0.6306926,0.6979131
0.6808493,0.71899325
0.69645387,0.72078425
0.6684927,0.6809981
0.61297363,0.62855405
0.5627742,0.59712553
0.4922458,0.52264416
0.41768935,0.4558623
0.35799834,0.35063803
0.31119972,0.31934747
0.27198204,0.28314486
0.26573366,0.27554846
0.26139888,0.26010832
0.27939895,0.268927
0.28294843,0.28623968
0.32639325,0.32079422
0.357469,0.34273833
0.40363488,0.38945705
0.4668002,0.42203194
0.50715905,0.46109655
0.55256313,0.5104643
0.5844874,0.5498407
0.6384808,0.58874166
0.6746441,0.6325934
0.7093001,0.6795861
0.7457813,0.7039739
0.74906677,0.6928156
0.71142006,0.66355765
0.6699265,0.6142813
0.6168124,0.5732472
0.5427597,0.5024061
0.46922693,0.43820542
0.4062607,0.4128443
0.35920188,0.374895
0.3272003,0.33483833
0.30462918,0.32512352
0.30812058,0.30549294
0.30523884,0.3129905
0.32590532,0.327623
0.3792138,0.3752029
0.42020282,0.410069
0.46512884,0.46450529
0.509658,0.51047254
0.55821085,0.55923223
0.5908383,0.60371864
0.63262844,0.64521205
0.67258435,0.6680567
0.7020562,0.70878196
0.7418721,0.7517903
0.7784712,0.77599984
0.78351474,0.7677521
0.76253253,0.74540585
0.7128859,0.69261736
0.67364264,0.64682573
0.6061878,0.5721959
0.54246193,0.50517374
0.4774214,0.42512769
0.436975,0.39316934
0.41924152,0.35398594
0.40015456,0.34358516
0.39232752,0.32155856
0.403543,0.32174844
0.40456882,0.33643112
0.43903044,0.38391262
0.475759,0.42752653
0.5012093,0.4899887
0.54435074,0.5374067
0.57622075,0.5729458
0.6021854,0.6125594
0.6087008,0.643818
0.61209095,0.66150427
0.6257823,0.6868539
0.6679394,0.71114236
0.69105095,0.7221424
0.6763928,0.71836835
0.6551213,0.69060355
0.62493336,0.6389186
0.60340047,0.61246896
0.55861884,0.54361045
0.4989714,0.47712812
0.42869636,0.40206087
0.37615007,0.36609557
0.36815384,0.32960358
0.34604672,0.31544802
0.33205074,0.29221863
0.32591343,0.2997766
0.32897592,0.31078583
0.37340933,0.35682285
0.42532927,0.38884336
0.48454264,0.4186014
0.54862744,0.46072897
0.58673084,0.47914374
0.61920154,0.50676
0.6475408,0.5380203
0.6899363,0.5499459
0.70853233,0.58371925
0.728581,0.6048557
0.70437616,0.6182999
0.68224216,0.6300972
0.6602064,0.6146423
0.6377566,0.57662636
0.6157939,0.5547434
0.5719295,0.49274802
0.5253877,0.4316689
0.44341606,0.42523867
0.43753982,0.39815733
0.41218096,0.3569469
0.39665675,0.35324875
0.37955132,0.33127117
0.37161106,0.32829055
0.36852852,0.34748742
0.3835016,0.3995409
0.395704,0.4365964
0.4304758,0.49899036
0.47061932,0.53843844
0.4760414,0.564816
0.4883374,0.59196573
0.5199609,0.6159448
0.54043806,0.61020255
0.51799726,0.61995375
0.49927816,0.6378141
0.5060486,0.6386542
0.48278713,0.63796914
0.46348098,0.6183111
0.4671356,0.5827602
0.45099574,0.55435824
0.4310547,0.4953891
0.37153074,0.43681383
0.32601812,0.34823525
0.29947665,0.31393772
0.28223795,0.28544694
0.26860684,0.267708
0.28342098,0.25372285
0.29020384,0.26782906
0.30577803,0.27546355
0.34372765,0.30963033
0.38300386,0.34367353
0.41595134,0.36419016
0.45692882,0.398951
0.49912778,0.42278102
0.54285836,0.4393826
0.5850321,0.46861646
0.62377644,0.48239025
0.67091554,0.5108427
0.7066008,0.5422191
0.7334392,0.56493574
0.7293714,0.5722911
0.69103134,0.5711741
0.6494412,0.53611165
0.61130315,0.5063342
0.54335696,0.4471768
0.4739693,0.39535055
0.42185283,0.40551484
0.376767,0.37337995
0.33494657,0.33679092
0.32622874,0.3232932
0.3186764,0.30236802
0.32465735,0.3099613
0.34223914,0.32630125
0.38244587,0.3702707
0.4073685,0.40387526
0.44522157,0.44845903
0.48543558,0.47594893
0.5353898,0.521039
0.5588043,0.54926896
0.5921269,0.57453066
0.6532368,0.60599804
0.6390682,0.64388955
0.6691229,0.6708873
0.7085272,0.6926481
0.7134892,0.696755
0.675719,0.6690644
0.6342083,0.6189992
0.574989,0.5972573
0.49795842,0.5257183
0.44443676,0.46589696
0.37501147,0.3773297
0.33275568,0.34718463
0.31282493,0.31741124
0.2789465,0.3045362
0.29783905,0.2899262
0.30689013,0.30288994
0.32843545,0.33129567
0.34953642,0.37118566
0.384418,0.40369642
0.4154882,0.4354766
0.40700963,0.4656421
0.39007342,0.49541828
0.36998072,0.5160765
0.4026928,0.5473686
0.44882494,0.5662244
0.4967395,0.5876374
0.54854023,0.6218481
0.5851095,0.62964064
0.60522693,0.63832575
0.5932223,0.6150237
0.56382906,0.58085084
0.5226269,0.5603513
0.46001905,0.49698323
0.40181226,0.43187845
0.3353794,0.3514564
0.31527814,0.32756934
0.2751325,0.290147
0.26642278,0.28850913
0.25969076,0.2725211
0.28402382,0.27456525
0.28668296,0.3003482
0.32811332,0.3452201
0.36595613,0.36454463
0.40986872,0.4087429
0.44612905,0.44477907
0.48370782,0.46268946
0.52747434,0.51040304
0.56271565,0.5529212
0.6174977,0.5755389
0.6341353,0.6099502
0.6190776,0.6535267
0.6209814,0.66146165
0.6193844,0.6554901
0.61194015,0.62547046
0.58887005,0.5883523
0.5369629,0.5592508
0.48897356,0.49091452
0.41997424,0.42133367
0.4178606,0.33611697
0.41574696,0.3107329
0.41363332,0.26580152
0.41151968,0.26825646
0.409406,0.24984574
0.40729237,0.25072518
0.40517873,0.2754672
0.4030651,0.31622237
0.40095145,0.3194687
0.39883777,0.35531074
0.39672413,0.37398714
0.3946105,0.38241088
0.39249685,0.42761382
0.3903832,0.46949944
0.38826954,0.48567846
0.3861559,0.5342451
0.38404226,0.5775405
0.38192862,0.59190184
0.37981498,0.6082836
0.3777013,0.58086336
0.37558767,0.54484147
0.37347403,0.52658975
0.3713604,0.45891416
0.36924675,0.39503777
0.3671331,0.29991186
0.36501944,0.28277797
0.3629058,0.252725
0.36079216,0.24704257
0.35867852,0.22974107
0.35656488,0.2321446
0.3544512,0.23666576
0.35233757,0.2670467
0.35022393,0.28494817
0.3481103,0.31954157
0.34599665,0.3423863
0.34388298,0.37385902
0.34176934,0.38513294
0.3396557,0.39818826
0.33754206,0.40661535
0.33542842,0.4403731
0.33331475,0.4575806
0.3312011,0.48130286
0.32908747,0.5063372
0.32697383,0.5000326
0.3248602,0.46280655
0.32274655,0.4470297
0.32063287,0.39450467
0.31851923,0.35451534
0.3164056,0.2678187
0.31429195,0.24635114
0.3121783,0.21675229
0.31006464,0.21303615
0.307951,0.1969747
0.30583736,0.20066956
0.30372372,0.21760166
0.30161008,0.24934778
0.2994964,0.25009304
0.29738277,0.25603947
0.29526913,0.2741877
0.2931555,0.2699195
0.29104185,0.2955009
0.2889282,0.34075192
0.28681454,0.3577639
0.2847009,0.39920908
0.28258726,0.44513693
0.28047362,0.46724758
0.27835998,0.4927365
0.2762463,0.48271918
0.27413267,0.4635748
0.27201903,0.44566733
0.2699054,0.38927615
0.26779175,0.3325895
0.26567808,0.2300701
0.26356444,0.20896488
0.2614508,0.1893042
0.25933716,0.18971753
0.25722352,0.18352664
0.25510985,0.19643596
0.2529962,0.21843408
0.25088257,0.22816497
0.24876893,0.21915725
0.24665527,0.22031185
0.24454163,0.22003499
0.24242799,0.21768169
0.24031433,0.22655153
0.2382007,0.2525955
0.23608705,0.26120895
0.2339734,0.28691784
0.23185976,0.32993838
0.2297461,0.35551268
0.22763246,0.37578136
0.22551882,0.39347303
0.22340517,0.36989316
0.22129153,0.34142268
0.21917787,0.29269388
0.21706423,0.26085478
0.21495059,0.18181144
0.18532147,0.16436645
0.16921708,0.14713156
0.15928288,0.14689782
0.154658,0.14203705
0.15670235,0.15754405
0.16238593,0.1710497
0.16569704,0.18413904
0.17376377,0.17825606
0.17085682,0.17089495
0.17530994,0.17392081
0.1836766,0.16609833
0.20268366,0.17779814
0.24615067,0.20281377
0.28891528,0.1981954
0.32221824,0.22656927
0.39199683,0.27332672
0.44506222,0.3093223
0.4568686,0.3311542
0.4322762,0.3572951
0.4045201,0.34323168
0.37134403,0.31150872
0.33408356,0.27191344
0.29181668,0.23751324
0.22654973,0.22262616
0.20535989,0.19652094
0.21039236,0.17842007
0.19777468,0.17216441
0.19296224,0.16472006
0.19447595,0.17031598
0.20636562,0.175567
0.21086617,0.19927815
0.25070205,0.21701491
0.28127837,0.24546182
0.30453733,0.2704918
0.35619283,0.29996032
0.42981744,0.32689816
0.48977634,0.36461034
0.53731537,0.3782616
0.5981561,0.4208145
0.6563625,0.46946505
0.70434713,0.5014594
0.69648975,0.5228495
0.65685594,0.5272381
0.60407895,0.48522118
0.5457961,0.45293564
0.48829466,0.38803315
0.40408432,0.34753242
0.3606045,0.2914384
0.3135991,0.25471157
0.28266135,0.23639858
0.26321465,0.2203885
0.25537392,0.21474351
0.26142666,0.23163591
0.2640781,0.24424158
0.27888626,0.2665167
0.3234453,0.29519477
0.3644454,0.3108648
0.401661,0.3399244
0.45891678,0.38124934
0.5121727,0.39118177
0.5675123,0.4389343
0.61794204,0.45866367
0.6666132,0.49009886
0.7231149,0.537171
0.76430345,0.5674361
0.7567836,0.5654296
0.717674,0.5755599
0.6750709,0.5409268
0.60978514,0.48783195
0.53615415,0.42491585
0.4611521,0.37978297
0.4035994,0.3401435
0.36063185,0.31071702
0.33084977,0.2780506
0.31348374,0.2709956
0.30505857,0.25529802
0.3165663,0.2595495
0.34251088,0.27828398
0.3628287,0.30599317
0.3936601,0.32509103
0.433622,0.35269582
0.47883728,0.38478684
0.52886117,0.39652526
0.5803803,0.4298817
0.62761176,0.46874848
0.66650045,0.49065378
0.7050495,0.52652216
0.7326206,0.56390285
0.74727064,0.5841292
0.72771245,0.5882842
0.6933538,0.578543
0.6516983,0.5415188
0.58510864,0.5083823
0.51292676,0.44651544
0.44826823,0.38931686
0.40211177,0.38370228
0.3515957,0.34335887
0.3250158,0.30899194
0.30718708,0.29299316
0.3005546,0.27478865
0.31060627,0.27912483
0.34224984,0.29129145
0.36430526,0.3377431
0.40099666,0.38309348
0.44141316,0.40912324
0.494382,0.44536555
0.55430883,0.46187472
0.61241525,0.48121968
0.6613629,0.5339382
0.70364857,0.5296447
0.7454703,0.56636214
0.7862696,0.60828644
0.8188091,0.6311556
0.8067733,0.64673525
0.75847507,0.64505166
0.69816494,0.6099683
0.63147783,0.5824058
0.54750973,0.51266825
0.48263332,0.4455883
0.4107326,0.41569644
0.37212932,0.37509984
0.34248567,0.33419052
0.32135308,0.3204491
0.31176496,0.3012067
0.32636034,0.31044483
0.35031527,0.32168567
0.34896863,0.37357134
0.42710233,0.42313296
0.45686218,0.47265345
0.51405257,0.537055
0.5691606,0.5806405
0.63005,0.63332266
0.67938006,0.6786212
0.7021857,0.69251597
0.73437226,0.7380239
0.7755843,0.77555835
0.7993316,0.8002592
0.76843745,0.7948447
0.7172207,0.778456
0.6865803,0.7228254
0.6324024,0.6778507
0.5595054,0.6050259
0.5008846,0.5304268
0.44248426,0.41598165
0.39793077,0.38027507
0.36749375,0.33339572
0.34578824,0.32959935
0.3398325,0.3049088
0.3454614,0.3066095
0.3719362,0.32115117
0.3885614,0.37386382
0.4254959,0.40987727
0.4537621,0.45958275
0.50052315,0.49668798
0.556137,0.52946943
0.6076101,0.5744509
0.6624639,0.5966074
0.71673155,0.59957206
0.7472032,0.64605427
0.71252835,0.66875863
0.6552234,0.69342566
0.6383342,0.70198315
0.62824875,0.68400884
0.5992511,0.6273808
0.55900383,0.5968938
0.504649,0.53019446
0.45028952,0.46985286
0.38264456,0.38447893
0.34718233,0.35128513
0.3305776,0.31207165
0.3166423,0.3033435
0.30800867,0.28216398
0.31231695,0.28719544
0.31948048,0.30154452
0.34019095,0.3514775
0.36989015,0.3847272
0.41989905,0.41000682
0.46328616,0.43834925
0.5173201,0.44916636
0.54216754,0.47234848
0.58153135,0.49231908
0.5967287,0.49453548
0.6056302,0.53077507
0.625059,0.5468487
0.6116163,0.55446357
0.5809037,0.5613969
0.55586916,0.54944664
0.527297,0.51979834
0.48687452,0.5013548
0.43317768,0.44265616
0.3545851,0.39205724
0.33154747,0.3233263
0.29453605,0.29570264
0.27239305,0.26608157
0.2592221,0.25627103
0.25531712,0.24198666
0.25132966,0.24914473
0.26149586,0.27005026
0.27685642,0.30067182
0.3088499,0.33189654
0.33186874,0.36013448
0.33578527,0.38497707
0.36547035,0.40795657
0.382962,0.4351398
0.39119107,0.45247367
0.42660287,0.47329655
0.45455378,0.49711373
0.5116083,0.5192482
0.5456205,0.5306204
0.5409055,0.53323966
0.51754314,0.5052295
0.50516087,0.4702032
0.45549673,0.45267162
0.38486406,0.40103424
0.35496408,0.34798414
0.31222254,0.29072547
0.27988386,0.2655701
0.2603594,0.23763388
0.25037694,0.2330105
0.24973308,0.22057162
0.2605491,0.23026839
0.28706577,0.25538364
0.30797234,0.28692
0.3324622,0.30128106
0.34813422,0.32604355
0.36266124,0.34547395
0.38646537,0.36698228
0.42994004,0.39263943
0.44973153,0.42578676
0.48168612,0.44359413
0.5258534,0.47268382
0.5552723,0.5103587
0.55218464,0.5226015
0.5341491,0.53278494
0.5182233,0.5115134
0.49230176,0.47722027
0.44426158,0.45731974
0.3748205,0.39847946
0.31075665,0.34461063
0.309392,0.28927243
0.30802736,0.26468056
0.30666268,0.2363773
0.30529803,0.23006824
0.30393338,0.21850196
0.3025687,0.22849943
0.30120406,0.24844676
0.2998394,0.27677524
0.29847473,0.29012048
0.29711008,0.31476003
0.29574543,0.349448
0.29438075,0.37383193
0.2930161,0.41112486
0.29165146,0.4472796
0.29028678,0.4811274
0.28892213,0.516442
0.28755748,0.55657643
0.2861928,0.57207644
0.28482816,0.568684
0.2834635,0.5458184
0.28209883,0.51315767
0.28073418,0.4810269
0.27936953,0.42323917
0.27800485,0.36456364
0.2766402,0.265333
0.27527556,0.24850911
0.27391088,0.2238769
0.27254623,0.22027823
0.27118158,0.20634371
0.2698169,0.2156041
0.26845226,0.2361063
0.2670876,0.25981972
0.26572293,0.2749836
0.26435828,0.29185382
0.26299363,0.31962484
0.26162896,0.32905927
0.2602643,0.35326713
0.25889966,0.3842749
0.25753498,0.40113088
0.25617033,0.42614323
0.25480568,0.46211728
0.253441,0.47784287
0.25207636,0.48323384
0.2507117,0.47368535
0.24934703,0.4506081
0.24798238,0.42812705
0.24661772,0.37848753
0.24525306,0.32330635
0.24388841,0.23600428
0.24252374,0.21990335
0.24115908,0.19366537
0.23979443,0.19383618
0.23842977,0.18376169
0.2370651,0.18961617
0.23570046,0.21079011
0.2343358,0.23356313
0.23297113,0.23270002
0.23160648,0.23933282
0.23024182,0.25350976
0.22887716,0.24483682
0.2275125,0.27474263
0.22614785,0.2974706
0.22478318,0.31350607
0.22341852,0.34440562
0.22205387,0.38279036
0.2206892,0.39964977
0.21932454,0.41083413
0.2179599,0.40475386
0.21659523,0.38612548
0.21523057,0.3654515
0.21386592,0.32195592
0.21250126,0.2728395
0.2111366,0.18366627
0.20977195,0.16710488
0.20840728,0.14581652
0.20704262,0.1521762
0.20567797,0.14712197
0.20431331,0.16410086
0.20294864,0.19195236
0.201584,0.20772856
0.20021933,0.1910522
0.19885467,0.18311176
0.19749002,0.16266298
0.19612536,0.14998108
0.1947607,0.1684579
0.19339605,0.19196448
0.19203138,0.19481756
0.19066672,0.22832865
0.18930207,0.28257662
0.18793741,0.31484193
0.18657275,0.3408673
0.18520808,0.35029864
0.18384343,0.34156188
0.18247877,0.313535
0.1811141,0.27002686
0.17974946,0.23263079
0.1783848,0.17497472
0.15827546,0.16429086
0.14369631,0.13896315
0.13677372,0.14817712
0.13354635,0.14232516
0.1356659,0.15863955
0.14432092,0.17186758
0.14390694,0.19270736
0.14180577,0.17344278
0.13963495,0.1733937
0.12773801,0.18540877
0.13281064,0.1825475
0.1700378,0.19742684
0.21476772,0.22062495
0.28516966,0.2022004
0.30575624,0.24324313
0.3337238,0.27599695
0.35675207,0.2994947
0.36247283,0.32024965
0.36729765,0.3499383
0.3531637,0.33190605
0.3230787,0.29718238
0.2912869,0.2541641
0.25163344,0.2268822
0.22398758,0.18969901
0.20382653,0.18042791
0.18945204,0.16485184
0.18221629,0.1600821
0.18792635,0.15768646
0.20186934,0.17299564
0.23932336,0.18961877
0.25399908,0.20627037
0.24749647,0.21634656
0.27215466,0.22854757
0.2732612,0.23503636
0.25293055,0.25651494
0.26449722,0.2589801
0.26025558,0.26828793
0.2661891,0.2788921
0.28016755,0.29334816
0.28857905,0.32032552
0.3051043,0.33579266
0.31908658,0.35026172
0.32518372,0.35220635
0.2882172,0.3295263
0.27920026,0.3167295
0.2410054,0.27469468
0.20144467,0.24330522
0.17424056,0.1674252
0.15738337,0.14975065
0.1463281,0.1385082
0.14130718,0.13183501
0.142644,0.13025266
0.15655667,0.15285599
0.18939093,0.17489673
0.19332881,0.18417308
0.18362233,0.19092497
0.1574402,0.1700669
0.1393188,0.16905214
0.1310188,0.1704016
0.13953754,0.16602255
0.16887315,0.185853
0.1994751,0.19052143
0.23087469,0.20761147
0.27238834,0.2447207
0.30980948,0.26763016
0.32423994,0.27719128
0.32296634,0.29686758
0.3035363,0.29183432
0.2673435,0.2658715
0.22952546,0.22984645
0.19115886,0.19830433
0.16653998,0.15486214
0.1517878,0.14411464
0.13998017,0.12494178
0.13599658,0.1257967
0.1383746,0.120975755
0.1540509,0.13276106
0.18700565,0.14846262
0.1931545,0.16141462
0.17938839,0.15043998
0.1550515,0.14338276
0.1398426,0.12684499
0.13593975,0.119369164
0.14590257,0.13115619
0.17921449,0.14729789
0.20199837,0.16272174
0.24326251,0.19348644
0.28938782,0.23874813
0.33144236,0.26737893
0.3404238,0.29496065
0.34461033,0.29456136
0.3301927,0.28417206
0.28552812,0.26857448
0.21666852,0.2304002
0.19719577,0.1977247
0.18008521,0.1670876
0.1626474,0.1497211
0.15016814,0.13344213
0.14538732,0.13333568
0.14764743,0.12559853
0.16341302,0.14050864
0.1956107,0.15946499
0.204411,0.17620277
0.19091062,0.16592124
0.17014931,0.15220463
0.15832031,0.13626117
0.14832929,0.12225735
0.17215094,0.13795029
0.18842025,0.15303883
0.20823437,0.16679983
0.24701925,0.19679423
0.2951167,0.23544802
0.3261843,0.26551336
0.33198282,0.2938973
0.3370063,0.2959343
0.32056996,0.2858348
0.28589898,0.26956952
0.24434002,0.23189718
0.18692106,0.19827352
0.16497116,0.17364009
0.15198348,0.1630361
0.1421249,0.14379454
0.13698563,0.14427748
0.14074364,0.13596262
0.15545738,0.14560474
0.19058593,0.15860718
0.19803615,0.17761022
0.18972033,0.16689497
0.17572565,0.16461948
0.16074063,0.16187835
0.16470072,0.16075018
0.171578,0.1708503
0.22547609,0.17604223
0.20584098,0.19019036
0.22172192,0.220029
0.24104771,0.24571773
0.2560148,0.26235244
0.26805314,0.28430998
0.27595368,0.27960747
0.26692864,0.2681577
0.24545427,0.2571927
0.21966219,0.22219183
0.19588327,0.19284455
0.12736717,0.15746678
0.1542205,0.15182352
0.14654428,0.13935457
0.14123924,0.13656592
0.13927351,0.13457236
0.14413294,0.15372333
0.15771534,0.16913334
0.17098756,0.18730739
0.1909149,0.18031383
0.20946056,0.17717153
0.22166723,0.17161597
0.22850564,0.16460262
0.24083152,0.16410962
0.2226187,0.16839701
0.22334415,0.17005618
0.23177317,0.17916736
0.23895039,0.20167112
0.24871582,0.20784073
0.25684363,0.23277499
0.2635748,0.24131635
0.25006548,0.2374739
0.24033336,0.22636788
0.21809764,0.1958166
0.19504248,0.1686796
0.17422006,0.1724394
0.16045694,0.16410461
0.15240303,0.14454475
0.14755514,0.15391517
0.14447944,0.15053937
0.14849207,0.1604997
0.16021,0.17295149
0.17202832,0.1826176
0.1896742,0.17756948
0.21092042,0.19893968
0.23278531,0.2014543
0.2463754,0.19670327
0.26165223,0.20434517
0.26105666,0.21212086
0.2577793,0.19379754
0.25409946,0.20069474
0.26088277,0.23014826
0.27188164,0.24556641
0.28366834,0.25134352
0.29400542,0.2787295
0.2835748,0.25647908
0.26339367,0.22847907
0.23035303,0.19322903
0.20342322,0.17360066
0.18197532,0.16754119
0.16602345,0.16093446
0.15667927,0.14736952
0.1526786,0.14744613
0.15724537,0.14659466
0.17236839,0.166913
0.20544748,0.18468359
0.22402346,0.19883934
0.23384058,0.19651318
0.23626176,0.20223525
0.24837232,0.19368659
0.24606308,0.18569092
0.25002062,0.1904303
0.2534569,0.19633314
0.25221664,0.19176415
0.25191414,0.19669735
0.25807324,0.22294417
0.26834154,0.23047137
0.27431777,0.23539887
0.28690043,0.2551686
0.26919472,0.24956182
0.24852698,0.2209379
0.21981813,0.19104597
0.1883741,0.1648732
0.16209283,0.16576178
0.14867109,0.1505311
0.14078893,0.1406067
0.13647167,0.1360057
0.13856044,0.1392388
0.15527195,0.16329515
0.18860225,0.18069197
0.2096887,0.19776276
0.21622376,0.20199588
0.22152667,0.20314616
0.22379062,0.19448961
0.21475022,0.19606282
0.21591829,0.19433713
0.21362486,0.20160046
0.21231665,0.19272994
0.2123739,0.19433692
0.22914265,0.22665575
0.2396579,0.23669524
0.25690344,0.24145283
0.26508167,0.2652548
0.25204444,0.25672498
0.23197441,0.22629662
0.20267896,0.19423191
0.16917905,0.16908164
0.15109824,0.15230048
0.13849507,0.13271719
0.1319348,0.12558585
0.12930301,0.12285329
0.13061506,0.12242013
0.1475889,0.14945097
0.18353945,0.17592472
0.20065129,0.18716559
0.19778919,0.1851911
0.17807975,0.16440019
0.15207577,0.14452241
0.13210313,0.14115267
0.13052833,0.14545093
0.12640375,0.15134224
0.11819347,0.16395403
0.13867794,0.17863198
0.17516896,0.21937305
0.21811259,0.24441503
0.25056535,0.2583119
0.27167785,0.26816106
0.24332447,0.26000783
0.22656298,0.23784119
0.176073,0.20571676
0.17173822,0.17761719
0.1525483,0.14423098
0.13497163,0.13670988
0.12925217,0.12482491
0.1254164,0.12864873
0.13646525,0.12969926
0.14536467,0.14907892
0.18054834,0.17859432
0.20072818,0.18742964
0.20670357,0.1718173
0.21096016,0.16050164
0.2124538,0.15379685
0.20656557,0.14444672
0.20967247,0.14811876
0.20546713,0.16414362
0.21234271,0.17032163
0.22050856,0.17994462
0.22845821,0.22215238
0.23853938,0.23254241
0.2566155,0.23699914
0.26787925,0.24868761
0.25623867,0.25015494
0.2347694,0.22297661
0.20616439,0.19057074
0.17846811,0.15931879
0.17773564,0.15318118
0.17700319,0.14462988
0.17627072,0.13031757
0.17553827,0.13468379
0.1748058,0.13095754
0.17407334,0.14722586
0.17334089,0.16256069
0.17260842,0.17551339
0.17187597,0.17027967
0.1711435,0.17137843
0.17041104,0.16537869
0.16967858,0.15616544
0.16894612,0.16048706
0.16821365,0.16618481
0.1674812,0.16242974
0.16674873,0.17297697
0.16601628,0.20546739
0.16528381,0.21807154
0.16455135,0.23275895
0.1638189,0.24748062
0.16308643,0.23708442
0.16235398,0.21814696
0.16162151,0.1862819
0.16088904,0.16023998
0.1601566,0.15698098
0.14480114,0.14541347
0.13472083,0.133703
0.12803154,0.13119075
0.12712835,0.12706321
0.13190062,0.14143881
0.14569964,0.15438083
0.1575628,0.16584897
0.16973275,0.16580376
0.18400045,0.1624439
0.19280587,0.15785834
0.18788876,0.16029708
0.1800519,0.15521581
0.16815539,0.15948427
0.16254145,0.16835316
0.1780977,0.18125586
0.18960029,0.20811912
0.21545644,0.22079629
0.23232988,0.248078
0.2520389,0.2530433
0.24439983,0.2402497
0.22717692,0.235992
0.20336469,0.2021797
0.17825748,0.17881687
0.1604642,0.16492733
0.14018354,0.14566956
0.1306454,0.13236806
0.12309819,0.12613595
0.12165583,0.12186875
0.124555506,0.13926002
0.13334042,0.14587858
0.13684636,0.15485537
0.13713431,0.15877545
0.12340751,0.14881048
0.10250307,0.14437264
0.09120769,0.1516887
0.09183958,0.1550358
0.10958287,0.16999367
0.1434139,0.18269458
0.18246195,0.2151137
0.23365602,0.25091124
0.27986506,0.28432855
0.29470396,0.3096572
0.2981172,0.32160586
0.27752677,0.30641487
0.24617246,0.2794274
0.2114972,0.24326156
0.17775248,0.21598542
0.15332544,0.16972812
0.13668615,0.15251586
0.12656353,0.14042532
0.12379801,0.1353578
0.12785764,0.13337302
0.14597948,0.14918193
0.17654766,0.16423802
0.1871586,0.17333543
0.18333736,0.17491396
0.15862493,0.16081074
0.1407462,0.170376
0.13877578,0.17338824
0.1591624,0.18364194
0.18456055,0.20336232
0.21726538,0.22100367
0.26933485,0.24965891
0.30536062,0.2899132
0.3374045,0.32104927
0.3166261,0.32811055
0.34728402,0.34463972
0.30155092,0.33214608
0.27394778,0.29691637
0.23063672,0.2612778
0.16734576,0.22792715
0.16350059,0.16659826
0.14901288,0.14638041
0.13378604,0.13915524
0.12854038,0.13169128
0.13254404,0.13008012
0.15334553,0.15238655
0.1749374,0.17221558
0.19604307,0.17421329
0.18102984,0.16329761
0.16807933,0.13906655
0.13073553,0.13167052
0.12936367,0.12691043
0.14340107,0.12978214
0.17172967,0.14540225
0.20907988,0.16252749
0.25631344,0.19270918
0.30599123,0.23030394
0.35777277,0.27048856
0.33846703,0.2880999
0.34853497,0.31051728
0.3066936,0.29981214
0.2667945,0.27131635
0.22334117,0.23129134
0.20394787,0.20371453
0.16865055,0.178035
0.1513204,0.15577082
0.13874245,0.14331226
0.13259745,0.13706127
0.14227659,0.13701238
0.15305415,0.15422204
0.20297334,0.16732913
0.18912946,0.17740464
0.18822841,0.18416563
0.17214838,0.18063015
0.15525444,0.19060019
0.16837199,0.1966956
0.18341854,0.21296719
0.19230984,0.23199901
0.24805744,0.24436177
0.29830134,0.28042343
0.32724944,0.32011834
0.37581596,0.35267287
0.36404678,0.36518303
0.3397697,0.38100648
0.3274545,0.35516334
0.28183421,0.3242144
0.2201296,0.2805968
0.19120884,0.24649231
0.13725993,0.1780844
0.14519249,0.15647337
0.1347704,0.14380945
0.13030915,0.14250797
0.13211595,0.13836893
0.14931622,0.15618223
0.18394533,0.1767343
0.1968544,0.18700686
0.18674846,0.17149565
0.16917649,0.1598782
0.16309942,0.15302119
0.15562955,0.14377987
0.17543043,0.16153947
0.19623575,0.18025663
0.22904824,0.1964771
0.27484456,0.22911921
0.31866744,0.2726119
0.34348372,0.30620563
0.345631,0.32528365
0.35173756,0.33517677
0.32304794,0.3209384
0.28616855,0.29197446
0.25383118,0.24946372
0.21867698,0.21830231
0.21696372,0.19261009
0.21525048,0.17696281
0.21353723,0.15772577
0.21182397,0.15610811
0.21011072,0.1504813
0.20839748,0.16122392
0.20668422,0.16928989
0.20497097,0.1912942
0.20325771,0.19853193
0.20154446,0.21317667
0.19983122,0.22244802
0.19811796,0.23440531
0.19640471,0.24715692
0.19469146,0.265335
0.1929782,0.2679295
0.19126496,0.29734594
0.18955171,0.32984078
0.18783845,0.35069528
0.1861252,0.3743855
0.18441196,0.37834588
0.1826987,0.34478578
0.18098545,0.32991275
0.1792722,0.28153312
0.17755894,0.24964148
0.1758457,0.16783436
0.17413245,0.16760759
0.17241919,0.15612523
0.17070594,0.1537905
0.1689927,0.15109251
0.16727944,0.1658715
0.16556619,0.1690917
0.16385294,0.17908913
0.16213968,0.17907722
0.16042644,0.19116536
0.15871319,0.18873
0.15699993,0.18409935
0.15528668,0.18279263
0.15357344,0.17415193
0.15186018,0.1741745
0.15014693,0.16912964
0.14843369,0.18306163
0.14672042,0.19725403
0.14500718,0.2114777
0.14329393,0.23272882
0.14158067,0.22699495
0.13986742,0.20786576
0.13815418,0.18267393
0.13644092,0.16778013
0.13472767,0.133833
0.12393131,0.12831648
0.10285469,0.115893394
0.10893902,0.118083246
0.108146064,0.11888248
0.1101182,0.13519284
0.12247698,0.14773858
0.12516646,0.16583219
0.12191986,0.15516487
0.09311532,0.14300808
0.07746594,0.12073595
0.07705108,0.10957611
0.09822768,0.101536594
0.10234542,0.09475217
0.11943888,0.08272618
0.121742554,0.09758611
0.14632683,0.12985285
0.1877076,0.16249965
0.20093624,0.19315568
0.21892008,0.22218117
0.20661555,0.21557821
0.2063088,0.19805741
0.15700355,0.17497787
0.148651,0.15965796
0.10445641,0.1584343
0.1160436,0.15122215
0.11078171,0.13587263
0.11036942,0.14275801
0.11407018,0.1451903
0.12851346,0.16157119
0.15885778,0.1840545
0.17384323,0.20480615
0.16172285,0.19362733
0.13026856,0.18673559
0.10626663,0.17497064
0.082780376,0.16254745
0.09358358,0.1649907
0.12949227,0.1717889
0.09932569,0.15277223
0.13677244,0.16471744
0.13525958,0.20539747
0.20897393,0.23893403
0.23622502,0.2567176
0.24657534,0.287665
0.22987494,0.27921596
0.21982412,0.24927752
0.1848763,0.2205372
0.14866084,0.19380796
0.119162455,0.16558981
0.124585845,0.15054686
0.11958072,0.14363123
0.11737573,0.13745552
0.12068129,0.14255258
0.13802426,0.16804829
0.1744653,0.19024643
0.18992414,0.20712534
0.17629859,0.21380353
0.1507573,0.19439772
0.109090686,0.18354613
0.095073365,0.17979178
0.08134784,0.17103615
0.08945173,0.17408475
0.10771027,0.16463141
0.1633015,0.171101
0.16432261,0.21168163
0.20848516,0.24938272
0.25687826,0.2626294
0.24529533,0.2968355
0.2200715,0.2896192
0.22183813,0.26287127
0.18462636,0.23040332
0.15513054,0.20751886
0.13259232,0.17910884
0.098448984,0.15207723
0.11610341,0.14543957
0.116460584,0.13391802
0.1196102,0.13768509
0.13938972,0.16627903
0.1821475,0.19219525
0.19242775,0.20466962
0.1739398,0.21719858
0.14381123,0.1980665
0.10852118,0.17538275
0.08447011,0.17578433
0.07388865,0.17608443
0.08449318,0.18969145
0.10505711,0.1984385
0.14232571,0.20885149
0.17597859,0.255409
0.22062135,0.29601857
0.24394183,0.2940498
0.25023893,0.30963677
0.24252725,0.30142614
0.21454856,0.26605153
0.18354586,0.22740209
0.1632229,0.19702232
0.11550955,0.16606416
0.12427994,0.1444193
0.12011477,0.13910836
0.11602352,0.12652677
0.121999756,0.12979567
0.13489729,0.1532947
0.17214067,0.17372611
0.19147928,0.18530104
0.17886545,0.19158912
0.14985411,0.17319259
0.120523214,0.1565825
0.098673716,0.1595203
0.093320824,0.15511848
0.09670414,0.16658366
0.11937479,0.17891194
0.14539586,0.19496131
0.19218722,0.2332601
0.23357613,0.2707083
0.25855815,0.2796739
0.2698236,0.29461408
0.25415158,0.28577784
0.22953486,0.26006338
0.1988056,0.22126995
0.17586793,0.1948259
0.15046635,0.14338218
0.13765684,0.13383423
0.1301438,0.12203343
0.12703222,0.12055648
0.1294064,0.11862644
0.14417651,0.13076563
0.1813161,0.15314727
0.1981925,0.16753319
0.17967464,0.1664845
0.14292428,0.15145932
0.1088399,0.1374872
0.082922645,0.12585373
0.073520795,0.12927216
0.07856266,0.1293168
0.09498535,0.13664001
0.12334342,0.15774769
0.1718476,0.19097456
0.21359624,0.21541874
0.23854664,0.23709135
0.2451898,0.24230252
0.23413154,0.23599428
0.21516463,0.23176701
0.19745125,0.20080735
0.17027962,0.17072526
0.14989257,0.14276476
0.13886891,0.13884795
0.13256584,0.12464151
0.12646441,0.12498356
0.1287399,0.12290555
0.13415645,0.13875072
0.1473599,0.1559656
0.16426578,0.17576823
0.1821411,0.1735502
0.20053251,0.17589375
0.20945285,0.17587765
0.21696502,0.17749056
0.21445115,0.18036339
0.22179839,0.18778828
0.21925503,0.1817095
0.22412387,0.189709
0.22138098,0.21442129
0.23539618,0.22736214
0.24451648,0.25277963
0.24257809,0.26129982
0.23362783,0.26206785
0.21810961,0.24261555
0.19806775,0.21921812
0.17339976,0.19136198
0.1556005,0.14808784
0.14434057,0.14162274
0.13271067,0.12470843
0.12856814,0.1252523
0.13018183,0.12424795
0.13374844,0.13235407
0.14450806,0.14443389
0.15274355,0.1641891
0.14734706,0.1631796
0.118159294,0.16511437
0.08380148,0.1524947
0.06708869,0.14800034
0.076633245,0.15007529
0.09297006,0.14644387
0.11999856,0.14092168
0.13893642,0.15810806
0.16744445,0.18570878
0.19861975,0.2178018
0.22825271,0.24130844
0.23523937,0.25410914
0.23307113,0.24405533
0.2117356,0.22980951
0.18715091,0.2038829
0.1648212,0.18188559
0.14419532,0.14536513
0.13368863,0.14020059
0.12922354,0.12730554
0.12929402,0.13272396
0.13443245,0.1344577
0.15644942,0.1496166
0.19540349,0.16890517
0.2157632,0.18481153
0.2000352,0.16810557
0.15510575,0.14808518
0.11684596,0.12336621
0.109614484,0.10362169
0.11274616,0.10161408
0.13485585,0.106207885
0.16305627,0.0997446
0.17321433,0.1137183
0.19157797,0.15593736
0.22261485,0.18949676
0.25821295,0.21206181
0.26763272,0.23814078
0.25767633,0.23756737
0.22825229,0.21211968
0.20267,0.18743435
0.17717955,0.16416566
0.15318872,0.15035506
0.14356215,0.13818043
0.13643493,0.122133255
0.13447817,0.12499001
0.14091112,0.12565799
0.15836431,0.14593981
0.20332281,0.16647865
0.21545175,0.18048957
0.19596574,0.17918068
0.1614161,0.17958483
0.13177331,0.16074774
0.11599703,0.16021128
0.124318816,0.16320713
0.14541252,0.16684821
0.17445333,0.15498175
0.18524371,0.16547732
0.1982049,0.20400518
0.22472328,0.22792016
0.25722304,0.23242997
0.26482448,0.2547048
0.2522824,0.24775356
0.22916017,0.21449734
0.201337,0.18566898
0.18229191,0.16180225
0.15568851,0.15646341
0.14454608,0.14289561
0.13821694,0.13019884
0.13510706,0.13377547
0.13874757,0.1328529
0.15720308,0.14927219
0.1957282,0.18087445
0.21730895,0.19517908
0.1919578,0.17335728
0.1514802,0.15057689
0.120340355,0.11057464
0.0950661,0.08433293
0.09520068,0.09027873
0.11075607,0.09151154
0.13087225,0.09788139
0.15393041,0.116642535
0.18059875,0.16601743
0.21893246,0.20216803
0.25414178,0.22870587
0.2628156,0.2380781
0.24770369,0.23757383
0.2296985,0.2234871
0.20099905,0.19006811
0.17916536,0.165596
0.15523607,0.15067883
0.14429016,0.14324453
0.13868476,0.12975992
0.13779612,0.13558605
0.14110252,0.13469277
0.16005662,0.14906593
0.20628487,0.17094833
0.22012362,0.18309736
0.20270759,0.15909533
0.16425212,0.14518991
0.12512031,0.116707504
0.102482565,0.10431727
0.08941798,0.10963741
0.093631424,0.11203761
0.11117434,0.11798695
0.14056805,0.13909736
0.17936958,0.1783492
0.22043678,0.21821876
0.25496933,0.23689304
0.25838214,0.25248194
0.24895807,0.24792981
0.23189794,0.21892458
0.2006282,0.18767625
0.17737907,0.16647436
0.15208004,0.14628004
0.14112645,0.13404714
0.13526984,0.1233857
0.13322848,0.12277285
0.13766238,0.12547912
0.15299305,0.14660163
0.18837367,0.16216144
0.20724873,0.1778819
0.20909184,0.17154586
0.20939688,0.16218051
0.1832972,0.15297419
0.1819232,0.14979877
0.19565043,0.14462021
0.20359156,0.14833754
0.18049024,0.13899101
0.18180485,0.15445264
0.19682534,0.1856744
0.22805448,0.20477423
0.25538334,0.22683416
0.2574785,0.25558645
0.2465074,0.23931953
0.22809933,0.22169323
0.20322028,0.18780233
0.18506727,0.16813822
0.16428415,0.14839679
0.14548516,0.1389738
0.13722062,0.12888527
0.1293483,0.12744984
0.13166778,0.12736733
0.13587311,0.1444868
0.15250343,0.16304961
0.16525057,0.17553344
0.17503096,0.17179415
0.17227826,0.15776056
0.14181986,0.14665136
0.12914962,0.136266
0.14028008,0.1334055
0.13364804,0.1312758
0.14990582,0.13124703
0.1610085,0.1474768
0.17364542,0.17543757
0.1978144,0.19355632
0.22723204,0.21574798
0.23119384,0.23640375
0.22242302,0.23072055
0.21015054,0.21581651
0.19149168,0.1882347
0.17399618,0.1665307
0.15172371,0.13455836
0.14020446,0.12888104
0.1309953,0.11866392
0.1263576,0.117429264
0.12568215,0.11880573
0.13082868,0.1352181
0.14526641,0.15121904
0.15008439,0.16459084
0.1540274,0.15676102
0.12495412,0.14519006
0.08926888,0.13622068
0.08023744,0.13454142
0.09159135,0.13149197
0.08987171,0.12981236
0.07740527,0.13263357
0.10316657,0.14482582
0.14991435,0.17184788
0.1987176,0.2005291
0.23271011,0.21894437
0.24012701,0.23597197
0.23017828,0.23307234
0.21066152,0.21070646
0.19283962,0.18799707
0.16421238,0.16878913
0.14613584,0.1486176
0.13696513,0.1363496
0.13389583,0.12840447
0.13202666,0.12615234
0.13754874,0.12874095
0.15589614,0.14704737
0.20478013,0.16954002
0.21977755,0.1798003
0.19926147,0.17406917
0.15678139,0.15454036
0.12081673,0.1395383
0.09133672,0.12674429
0.07888523,0.121653184
0.07832725,0.1243479
0.091520004,0.13606365
0.12266924,0.14731376
0.17096192,0.18809745
0.21657026,0.2186455
0.25135487,0.23913847
0.26595923,0.25476223
0.24940325,0.25056985
0.24484715,0.23194368
0.20199537,0.20568077
0.17593713,0.1804996
0.12989174,0.1613236
0.14964135,0.14685711
0.14612302,0.13853382
0.1455048,0.14658368
0.1519117,0.14595434
0.16870695,0.1641117
0.20921531,0.19513656
0.23056409,0.20683452
0.20777893,0.18345444
0.16767046,0.15099408
0.12539077,0.102344625
0.10032799,0.073322386
0.08418429,0.070933305
0.08389718,0.080609106
0.10018444,0.08105369
0.12952815,0.1000855
0.17205395,0.153304
0.21869706,0.19611116
0.253515,0.22307472
0.2613694,0.2509254
0.25042138,0.25270897
0.23075806,0.22194588
0.20699836,0.18922311
0.18098241,0.16520388
0.15516941,0.1587971
0.14637296,0.13783969
0.13908851,0.13846059
0.1380281,0.12926838
0.13987805,0.13310933
0.16507241,0.15802743
0.20025992,0.18351783
0.2178242,0.18594721
0.19872187,0.17712677
0.16183521,0.14598328
0.13542962,0.11446686
0.11093252,0.11110242
0.10529893,0.10394158
0.10715572,0.11162784
0.12220483,0.135809
0.14051165,0.15114933
0.19487499,0.19588673
0.23821425,0.24375348
0.25943655,0.25291333
0.26700854,0.2739796
0.2585637,0.27594867
0.2318411,0.23794694
0.1954539,0.19950357
0.17367704,0.18084194
0.1588189,0.15036431
0.13571289,0.13104485
0.13452345,0.1295107
0.13168272,0.11696022
0.12765385,0.12436439
0.15295844,0.1486706
0.20305409,0.17268889
0.20616695,0.1724498
0.19396411,0.16188708
0.16111916,0.12666485
0.11796789,0.10452998
0.114106916,0.092170596
0.10599918,0.08979081
0.12695232,0.094678156
0.14748806,0.123816356
0.18588458,0.14858043
0.2332933,0.1897655
0.24807581,0.2329812
0.28972533,0.2541433
0.27531496,0.271032
0.2656089,0.2653508
0.24193422,0.2401499
0.20917045,0.20409842
0.17914358,0.18190469
0.16039029,0.15717706
0.14080602,0.13697392
0.1365614,0.12626933
0.13113971,0.1236778
0.13700359,0.12152256
0.15035997,0.13907225
0.18893935,0.15948662
0.20722865,0.17098475
0.20995572,0.16728944
0.19155534,0.15278322
0.1635775,0.1330851
0.14028393,0.12919387
0.13967554,0.12772912
0.17935592,0.14312136
0.2005043,0.15111192
0.23451605,0.17728692
0.24932933,0.22019288
0.26060975,0.24844043
0.27701065,0.27360344
0.27423745,0.28413954
0.2610605,0.26870853
0.24236318,0.2554439
0.2204325,0.21473569
0.19042914,0.18610066
0.16837968,0.16917892
0.15153146,0.14786461
0.14043689,0.1385528
0.13664983,0.12862557
0.13525489,0.13188401
0.1404843,0.14530581
0.15421453,0.15540057
0.16381975,0.1634579
0.16685358,0.15606649
0.14934528,0.1432938
0.13849038,0.1361171
0.13292386,0.12991625
0.137744,0.13500966
0.16175063,0.14172623
0.18894276,0.1567829
0.23240848,0.19701774
0.27914044,0.23544338
0.30545932,0.27330285
0.3090648,0.3030121
0.3020038,0.32377905
0.2813792,0.29659268
0.26463392,0.28597927
0.23915888,0.2376178
0.21201715,0.21569827
0.18562268,0.15500544
0.16597988,0.15809609
0.15283796,0.14514625
0.14428888,0.14058986
0.13873006,0.1377477
0.13924403,0.14958657
0.14519976,0.15218917
0.15475713,0.16876653
0.16750939,0.166249
0.17075728,0.17916602
0.15698133,0.18765168
0.15421282,0.18729867
0.14778413,0.18772799
0.15043046,0.17950282
0.15802124,0.17619112
0.17977333,0.19234881
0.20516422,0.19569688
0.2279622,0.20070022
0.25277162,0.2252928
0.24923833,0.24242409
0.23832789,0.23159774
0.21883975,0.22258504
0.19449475,0.19778298
0.16810112,0.17462058
0.15178995,0.14346232
0.13717106,0.12905848
0.13046125,0.11954522
0.13258079,0.11687458
0.13605852,0.120743744
0.15177798,0.13305922
0.1837001,0.1503059
0.22066791,0.16817716
0.20214577,0.16819927
0.20019841,0.15194665
0.17667626,0.14397113
0.14419831,0.13434036
0.13069624,0.13599326
0.14268844,0.13946626
0.19252047,0.14056887
0.22968696,0.16491549
0.25518638,0.19438806
0.27046406,0.21628016
0.28120318,0.24537255
0.26613826,0.25950348
0.24246188,0.2458792
0.22714788,0.23451512
0.1753185,0.20613983
0.16718213,0.18376283
0.14762434,0.15542845
0.13585515,0.13841918
0.12908724,0.1263589
0.13173784,0.12303314
0.13026386,0.12551855
0.16100766,0.14685906
0.18152885,0.16228788
0.21046542,0.17869318
0.20537357,0.19189179
0.19287893,0.19123012
0.1726397,0.17658915
0.16290374,0.18147266
0.1703796,0.17745452
0.18719235,0.17390803
0.19631736,0.16057128
0.21295965,0.17204787
0.22326083,0.20166203
0.2271342,0.23433386
0.25631428,0.25297585
0.24922252,0.27797508
0.24410035,0.26934496
0.23793869,0.2401688
0.20852746,0.21875115
0.1836091,0.20322607
0.1624372,0.16882418
0.15273671,0.15028937
0.14658871,0.13926801
0.14695871,0.1396999
0.15152676,0.13950278
0.15919572,0.15956761
0.20234059,0.18215384
0.23207481,0.20227027
0.2252881,0.2012187
0.1995584,0.17928568
0.16026638,0.13851751
0.12024337,0.1162304
0.12278673,0.10781326
0.119310275,0.104267456
0.13507715,0.099095896
0.16038729,0.11425948
0.19300966,0.15752034
0.2474875,0.20340914
0.28593314,0.24569727
0.28887084,0.27137893
0.27912635,0.26926473
0.26439127,0.25591564
0.23359323,0.23147438
0.21165186,0.21807934
0.19331813,0.19549818
0.18222356,0.18142425
0.18181297,0.16952592
0.1815421,0.17476714
0.18470411,0.17500865
0.20737433,0.19426423
0.2565527,0.21895951
0.27389437,0.24155313
0.25123057,0.23408404
0.20919181,0.1983681
0.15414703,0.14563793
0.1281832,0.1197564
0.10601968,0.108003445
0.09368355,0.11073355
0.120914996,0.11914487
0.14454266,0.13574636
0.19705178,0.18948156
0.24559098,0.22946997
0.28251436,0.26012847
0.29007438,0.28294617
0.28306165,0.28347465
0.2708473,0.26105058
0.24512145,0.23844305
0.21737902,0.21243986
0.19658396,0.21722616
0.18705179,0.20311455
0.18270847,0.18695322
0.18077478,0.19280103
0.18416877,0.18879116
0.21320403,0.20309836
0.24748665,0.2262648
0.28791428,0.25181976
0.25427848,0.2400628
0.1999741,0.21119305
0.16254571,0.15571798
0.119974636,0.12688185
0.09440644,0.117356114
0.094258614,0.11139973
0.10755775,0.11705463
0.13448629,0.14178085
0.18621184,0.18721123
0.21893546,0.22911279
0.27053156,0.2615166
0.25944254,0.28361982
0.24875085,0.27934304
0.23508728,0.2631061
0.21342278,0.23710085
0.18771401,0.20995872
0.1713584,0.18031508
0.16259955,0.16903886
0.111684896,0.16336891
0.14321566,0.15822661
0.15747395,0.15787598
0.16399834,0.17328472
0.18189415,0.19185004
0.2046447,0.2104106
0.19280373,0.207008
0.19899529,0.18426497
0.17438284,0.14561549
0.10951494,0.13939379
0.08497981,0.12705374
0.10776368,0.11795036
0.13452004,0.14322124
0.15998612,0.1566445
0.18537103,0.19062132
0.21061282,0.22791095
0.2319462,0.24784712
0.22725639,0.25671762
0.21558973,0.254373
0.2106423,0.23422043
0.18917005,0.21086477
0.1727102,0.18984121
0.10869421,0.16601469
0.13461915,0.14623994
0.14293112,0.14234951
0.13666649,0.14380544
0.13692881,0.14155482
0.14081883,0.16100077
0.16053385,0.18227111
0.17834933,0.1951915
0.21980403,0.19215035
0.22178942,0.1614929
0.09792519,0.11147851
0.086945966,0.08942768
0.098982185,0.08667653
0.0862611,0.08411396
0.06788848,0.09441443
0.11812255,0.115386486
0.14652976,0.16150156
0.19558848,0.2132953
0.18903548,0.23975204
0.24388629,0.26647463
0.2355111,0.25594926
0.20771058,0.23426525
0.20030265,0.19882432
0.081214115,0.17932172
0.13275126,0.15221305
0.13626574,0.14372866
0.12908767,0.13788381
0.12896591,0.13539693
0.13485286,0.14226419
0.15361255,0.15864699
0.15703987,0.17561327
0.2170556,0.19231817
0.19490063,0.18568695
0.15952641,0.16419223
0.11956534,0.13273811
0.09505371,0.13028806
0.08792264,0.12214593
0.08680327,0.11756153
0.10309096,0.1312102
0.1388531,0.14072607
0.17410214,0.17745674
0.2199805,0.21408457
0.2543323,0.22700758
0.24693935,0.24415885
0.24945879,0.23777455
0.23310018,0.21062306
0.21908456,0.18819821
0.17906155,0.1677006
0.117680356,0.18080102
0.14326437,0.1591212
0.13410817,0.1454663
0.12730138,0.13994297
0.12804307,0.13486387
0.1402207,0.15799735
0.15051633,0.17202193
0.17990577,0.19962332
0.18248032,0.21404433
0.17200226,0.20812109
0.15669082,0.1972611
0.1571014,0.1942771
0.16625588,0.18338212
0.182444,0.19805464
0.19223037,0.17511041
0.19462164,0.18416151
0.19287209,0.21575257
0.21441525,0.23278312
0.25343597,0.26416463
0.2530899,0.28593147
0.24271223,0.27514037
0.23080078,0.26455325
0.20473826,0.23023607
0.17888808,0.19728737
0.15858392,0.14980163
0.121848516,0.13722962
0.13504682,0.12573618
0.13273288,0.12598148
0.13171391,0.12413556
0.14040996,0.14297609
0.1596768,0.16042878
0.1975085,0.17845124
0.20151943,0.17353433
0.16036594,0.1545594
0.13837588,0.121935025
0.10749025,0.11142023
0.086047485,0.104265414
0.082619734,0.09634862
0.10763807,0.09607448
0.13450721,0.1199691
0.17590466,0.15219747
0.22486171,0.19099559
0.26262292,0.23824711
0.26416397,0.25807303
0.25973305,0.25271454
0.24927935,0.24261233
0.22967543,0.22242554
0.21717736,0.20703226
0.17709753,0.19140133
0.1755603,0.17059554
0.17402306,0.16391182
0.17248584,0.1521858
0.17094861,0.14998436
0.16941138,0.17091762
0.16787416,0.18652421
0.16633692,0.20919952
0.1647997,0.21627644
0.16326247,0.19099012
0.16172524,0.1615555
0.16018802,0.1557044
0.15865079,0.13519952
0.15711357,0.14148247
0.15557633,0.13546984
0.1540391,0.14749567
0.15250188,0.18040891
0.15096465,0.2188822
0.14942743,0.2545318
0.1478902,0.27710873
0.14635296,0.27259308
0.14481574,0.2624333
0.14327851,0.22257616
0.14174129,0.20087074
0.14020406,0.143934
0.13866682,0.13126102
0.12663916,0.121637225
0.12010067,0.12459857
0.12251116,0.120600946
0.12433676,0.14450285
0.14631699,0.16119978
0.17773539,0.17218822
0.18344802,0.17895424
0.1967117,0.1808148
0.20891924,0.16703035
0.22111523,0.16786239
0.22845267,0.16940814
0.23202097,0.17428824
0.23556578,0.15531023
0.23284854,0.15547022
0.23277761,0.1807178
0.2506149,0.20947848
0.27430537,0.23069505
0.26720336,0.25803828
0.25833982,0.26128033
0.24343385,0.22436087
0.23756528,0.20824295
0.20554575,0.19049782
0.19597642,0.20344733
0.18055859,0.18598656
0.16257605,0.17278862
0.15554582,0.17222506
0.15484898,0.17081365
0.15756024,0.18863034
0.16799004,0.20216584
0.17981264,0.22939411
0.1841457,0.24158221
0.1656274,0.21683615
0.15350659,0.18146743
0.11636488,0.16576618
0.0809441,0.14819534
0.07542629,0.14524621
0.09014514,0.12894015
0.1323864,0.14648028
0.16787042,0.18420282
0.20973782,0.22633052
0.24247256,0.25319278
0.24107377,0.2909636
0.23274258,0.2830138
0.21128573,0.26067927
0.20432298,0.23744224
0.19800538,0.21475919
0.17474984,0.18239243
0.1613486,0.16723719
0.15351515,0.15671588
0.15106021,0.1585221
0.15006132,0.16006544
0.16019632,0.17986783
0.1690983,0.19602236
0.17187792,0.21960652
0.18020569,0.22204924
0.17038429,0.19726308
0.12460677,0.16754352
0.09657597,0.15247005
0.09657682,0.14419466
0.12001693,0.14436865
0.1087066,0.14594702
0.12657721,0.1659191
0.16861552,0.20905969
0.22388333,0.25161466
0.26840776,0.29161853
0.26916227,0.317217
0.2612459,0.3113086
0.23575634,0.2878883
0.2396092,0.27106225
0.21480234,0.25157744
0.19463873,0.20548426
0.18129088,0.20051016
0.17714708,0.19179115
0.17511812,0.19338381
0.18741965,0.19085386
0.19158652,0.19553252
0.20970792,0.20739764
0.24157493,0.22653207
0.24399523,0.22090176
0.2023064,0.19586688
0.15576713,0.17269027
0.1252284,0.1561082
0.095132746,0.14093497
0.1096978,0.12626386
0.11382622,0.15107445
0.14179593,0.17413104
0.18638828,0.20233233
0.23954852,0.23924397
0.28240243,0.27466556
0.28438994,0.28634435
0.29159793,0.28050503
0.2437312,0.26822332
0.2553829,0.25056118
0.22571832,0.22827817
0.20434391,0.20685692
0.18184544,0.18942842
0.17243761,0.17168659
0.16842027,0.17538151
0.17045906,0.17112105
0.17897226,0.1810587
0.21003006,0.20094866
0.24843854,0.23439962
0.21277593,0.2337654
0.1919501,0.20206326
0.13646312,0.16132437
0.12250176,0.12721379
0.10454827,0.11853297
0.09715915,0.12964442
0.10854895,0.12363173
0.14096667,0.14345048
0.18285416,0.19540855
0.2344618,0.23161969
0.27940106,0.28057608
0.28465655,0.29711688
0.27752635,0.29485577
0.2678203,0.2889468
0.24734865,0.25949878
0.22353299,0.22886445
0.1998062,0.2038681
0.18305197,0.19180922
0.17397355,0.18341266
0.16937771,0.1825454
0.17282341,0.17847645
0.18727054,0.19148253
0.2026059,0.2049907
0.24339882,0.23461309
0.25808647,0.23107156
0.21425503,0.19884568
0.17477162,0.15004036
0.16990066,0.1289168
0.15035228,0.10928007
0.15157162,0.09719742
0.14903894,0.10491377
0.16908292,0.12607475
0.1970975,0.15772422
0.26042005,0.19885643
0.28072852,0.24615334
0.2924947,0.26628447
0.2739593,0.2562934
0.26358593,0.25709528
0.2416984,0.23020451
0.17322202,0.20951001
0.17415127,0.1826558
0.16618538,0.16744655
0.15573978,0.1568868
0.15145926,0.1618022
0.15997544,0.15236188
0.16683264,0.1617108
0.19165231,0.18421254
0.23766781,0.20580027
0.22206542,0.20477304
0.17516597,0.1759222
0.15184976,0.13279098
0.095603995,0.105122425
0.11364165,0.10503801
0.076405525,0.10680463
0.11185323,0.11035304
0.151129,0.13461787
0.18870479,0.17581311
0.21867868,0.22189607
0.26357138,0.2600517
0.25981084,0.2725751
0.24899738,0.26900348
0.23067388,0.2588144
0.23258366,0.23068532
0.1727653,0.20282502
0.17602685,0.18239833
0.1602352,0.16627626
0.14929913,0.15737431
0.1436352,0.15846232
0.15092607,0.15622973
0.15974303,0.1663373
0.16834123,0.18093966
0.20946953,0.20248958
0.21059103,0.19612306
0.16747607,0.17391095
0.13775253,0.1336039
0.11687074,0.1207241
0.10727919,0.118038
0.10912059,0.120813824
0.13211125,0.122835025
0.16346514,0.15400799
0.18550177,0.19067916
0.20816858,0.23243521
0.25171292,0.2669039
0.24587253,0.28819424
0.23796432,0.27617607
0.19073118,0.25716028
0.21020095,0.21716627
0.18949817,0.1971141
0.16597816,0.1462097
0.14766109,0.13716337
0.13395266,0.12870805
0.12475118,0.12688532
0.12137727,0.119813174
0.12248681,0.13310528
0.12868991,0.1474746
0.14585601,0.15956381
0.15598117,0.16684648
0.1576833,0.15897103
0.14532793,0.14508192
0.1000866,0.14052904
0.09649564,0.13758668
0.09118975,0.13396496
0.08409926,0.14096491
0.1146226,0.15470308
0.16015019,0.17610401
0.20706971,0.19975178
0.2505692,0.24417563
0.24485655,0.2490939
0.24082427,0.24994847
0.23650572,0.23944373
0.22532526,0.22084749
0.16229749,0.20368966
0.19155662,0.16727364
0.17765935,0.16620095
0.16953109,0.14885822
0.1644559,0.15495232
0.16918375,0.14903474
0.17123578,0.15836847
0.18573974,0.16690157
0.20419823,0.19179776
0.18693174,0.18299815
0.16123495,0.15456799
0.12516817,0.13537173
0.0969639,0.0997009
0.08200365,0.087500565
0.07921719,0.08891747
0.09440644,0.091175556
0.1239296,0.11265883
0.16403508,0.15025657
0.21557692,0.18155722
0.25572383,0.23400672
0.2573307,0.2560188
0.2533578,0.25188828
0.23843001,0.2547552
0.2278917,0.23837972
0.16552956,0.206728
0.181349,0.17418784
0.16446061,0.16782333
0.15675618,0.15553525
0.15415087,0.16121182
0.16169167,0.15926327
0.1762251,0.17040393
0.20304169,0.17989433
0.23746616,0.20569363
0.24959849,0.19846088
0.19861975,0.17917925
0.1577226,0.15220264
0.12772904,0.13035582
0.10813794,0.122900896
0.09744027,0.11606818
0.13363948,0.11784966
0.16502243,0.1371246
0.21061623,0.17166886
0.24979545,0.20962869
0.3001218,0.25667956
0.30074814,0.28016883
0.29515257,0.2721747
0.26149628,0.26189166
0.26759386,0.24504565
0.2009888,0.22795253
0.20848131,0.20945035
0.1871381,0.19749728
0.17726585,0.18406571
0.17370652,0.18514675
0.17809811,0.1864037
0.18980323,0.20091116
0.20789771,0.21718585
0.2461763,0.24879125
0.24634036,0.24118784
0.23291305,0.23216796
0.23294467,0.21072319
0.23779128,0.19803874
0.24389227,0.192002
0.25326508,0.19251412
0.25838128,0.17889182
0.2557546,0.18964949
0.26484627,0.2191761
0.28848162,0.24542765
0.3066197,0.26763284
0.3008938,0.29502314
0.2845647,0.28714207
0.26640484,0.26108798
0.25672188,0.23497815
0.17508906,0.20970984
0.18931104,0.18979703
0.166217,0.16644363
0.15068851,0.15222791
0.14210525,0.14668554
0.14237955,0.14509241
0.14771321,0.16954821
0.16421409,0.18774448
0.19022448,0.2127553
0.19514158,0.23206916
0.21756445,0.23024905
0.2103475,0.20401111
0.20751062,0.19738911
0.21024881,0.1927141
0.19529626,0.18997881
0.19579655,0.16809963
0.2006107,0.17228912
0.19841725,0.2075256
0.24902214,0.23627569
0.27573878,0.2638736
0.26696068,0.29072767
0.2571457,0.28070936
0.19954345,0.26237622
0.2304718,0.23227347
0.20642117,0.21400593
0.18140453,0.19531827
0.16179292,0.1708264
0.15026769,0.1535629
0.14299178,0.15384251
0.1399148,0.15136999
0.1406018,0.16933689
0.15050352,0.18936923
0.1608752,0.21564275
0.16916537,0.22577363
0.16355614,0.22487628
0.13482337,0.19160685
0.11295978,0.18592957
0.11069199,0.18583019
0.12394925,0.17871568
0.12923208,0.1638005
0.13557361,0.1778315
0.18995917,0.21256593
0.18768753,0.2537584
0.2139064,0.28856587
0.21231836,0.30656153
0.21597254,0.28987446
0.20402648,0.2722803
0.18009803,0.24587731
0.19831257,0.22912069
0.18033728,0.16237983
0.16474003,0.14545935
0.15628408,0.14234048
0.15429357,0.1347847
0.15634432,0.13673483
0.16363518,0.15850836
0.19432598,0.17294315
0.20479979,0.1875205
0.18285373,0.20629764
0.18753116,0.16994503
0.15174039,0.15194644
0.12681176,0.13846834
0.09501312,0.11884404
0.09744027,0.123338975
0.13773075,0.13301875
0.15948582,0.14346454
0.19480108,0.18646373
0.23278745,0.2236103
0.26781902,0.25441983
0.2686265,0.28181005
0.2629549,0.28673542
0.2595109,0.26615882
0.2462532,0.25189906
0.23757938,0.23108299
0.1693149,0.22191499
0.20211671,0.20848617
0.19425677,0.19478655
0.1871351,0.20129791
0.18699369,0.19940211
0.19296566,0.20548752
0.20174117,0.22230747
0.22701116,0.25380826
0.22844711,0.25501192
0.19807032,0.2325316
0.17633063,0.1846318
0.16354418,0.16007766
0.1465712,0.14227839
0.11795764,0.13818839
0.12186603,0.13609175
0.15870269,0.15672389
0.2052612,0.20614526
0.2519842,0.2524526
0.29475138,0.30647376
0.29658082,0.32888222
0.29310012,0.31687954
0.2894989,0.30541596
0.27932757,0.28676122
0.24365857,0.26697436
0.21779686,0.213638
0.21528256,0.20648299
0.20071964,0.18403715
0.19117081,0.19272107
0.18679759,0.18527336
0.1873342,0.19473584
0.19044793,0.20726281
0.20126651,0.24464399
0.20732905,0.229287
0.2019689,0.22121358
0.18089484,0.18413535
0.17223895,0.1589004
0.19280843,0.15578651
0.21415593,0.15571114
0.22314848,0.14378843
0.2279639,0.17294595
0.23723288,0.19984128
0.26473093,0.22746962
0.28193334,0.27338144
0.27909902,0.29212558
0.26458907,0.28590414
0.252464,0.27465093
0.23296732,0.25072202
0.20303315,0.22012815
0.17518178,0.19232787
0.17666483,0.1725926
0.17814788,0.15713683
0.17963094,0.15448406
0.18111399,0.1537815
0.18259704,0.17262852
0.1840801,0.19171882
0.18556315,0.21883121
0.1870462,0.22942236
0.18852925,0.20919749
0.1900123,0.16233899
0.19149537,0.15171161
0.19297843,0.1490447
0.19446148,0.14619544
0.19594453,0.1574332
0.19742759,0.17853126
0.19891064,0.2274153
0.20039369,0.2723467
0.20187674,0.3043282
0.2033598,0.31139195
0.20484285,0.3069875
0.2063259,0.29380345
0.20780896,0.26960158
0.20929201,0.250165
0.21077506,0.19711195
0.21225812,0.17887308
0.20873253,0.16730684
0.1829426,0.17268866
0.20029154,0.17269748
0.20423497,0.18218565
0.20430718,0.20663023
0.26041153,0.23786145
0.27874696,0.24096286
0.25220296,0.2226556
0.20549148,0.1785006
0.194003,0.15436566
0.17032063,0.14240436
0.17357577,0.15834704
0.19153227,0.14361641
0.22182104,0.15374415
0.25940922,0.2103596
0.31182307,0.2526154
0.3480637,0.2991396
0.3795714,0.332097
0.36104286,0.32700345
0.35058016,0.31031924
0.3434995,0.28651768
0.2960361,0.2632373
0.27308646,0.24601935
0.25093448,0.23580714
0.23324801,0.22244847
0.22285838,0.22414947
0.22126734,0.21942599
0.23398243,0.22149424
0.26523122,0.23541929
0.29648298,0.26859114
0.3055405,0.26091376
0.25094473,0.24701527
0.219954,0.1875554
0.19028942,0.16752969
0.15235859,0.14964183
0.15236543,0.13027158
0.15946744,0.14439963
0.20283662,0.1669369
0.24792072,0.19952446
0.3075498,0.24604978
0.355493,0.30929646
0.3562082,0.31618127
0.34962186,0.30030784
0.33909166,0.30878586
0.31302148,0.2844757
0.27905458,0.26702538
