true,forecasted
0.2074246,0.18742573
0.17354989,0.15423189
0.14849187,0.13555382
0.13271461,0.12876764
0.13549884,0.13830331
0.1638051,0.17332554
0.20974478,0.24196428
0.2612529,0.28720024
0.29048723,0.31229025
0.31554523,0.33784366
0.34106728,0.3620945
0.35591647,0.38182494
0.38886312,0.4089495
0.41067284,0.42157772
0.43201855,0.43699467
0.43155453,0.4337382
0.4487239,0.4512334
0.45522043,0.44794747
0.43433875,0.43955985
0.39721578,0.42076018
0.36426914,0.3874664
0.3438515,0.35840717
0.2825986,0.2881969
0.2199536,0.23315652
0.17354989,0.16489828
0.13967517,0.13448305
0.11647332,0.12120442
0.10533643,0.11399516
0.10951276,0.12571156
0.14199536,0.15865487
0.19535963,0.22914827
0.24733178,0.27187613
0.2812065,0.29561728
0.30812064,0.320281
0.3299304,0.3462966
0.34570765,0.36986417
0.36334106,0.3998416
0.38700697,0.4175056
0.40185615,0.43450454
0.40696055,0.43736902
0.41995358,0.45262295
0.43526682,0.4554911
0.425058,0.44115087
0.41160092,0.42251745
0.37679815,0.39297268
0.3610209,0.35918543
0.3025522,0.28831297
0.23990719,0.23061313
0.1837587,0.17061779
0.14988399,0.1400851
0.122969836,0.12476438
0.11136891,0.11412943
0.11461717,0.12467726
0.13921113,0.15853155
0.18329467,0.22752011
0.2361949,0.27529356
0.2723898,0.3048818
0.3062645,0.3287047
0.34106728,0.35783154
0.36287704,0.3857112
0.38654292,0.41633043
0.4148492,0.43239465
0.4287703,0.45193762
0.44037122,0.45612577
0.46264502,0.46567088
0.4737819,0.47070932
0.46264502,0.4531269
0.43712297,0.43968415
0.3911833,0.40442708
0.35034803,0.37286505
0.28677493,0.29996896
0.21763341,0.23807211
0.15962876,0.14767084
0.11090487,0.112717606
0.08399072,0.092595786
0.06914153,0.079843245
0.05986079,0.08513753
0.06914153,0.10168163
0.0774942,0.14130566
0.10394432,0.17664465
0.15081206,0.21067938
0.19767982,0.25535303
0.2412993,0.30273396
0.27563804,0.3454724
0.31322506,0.39837557
0.34802786,0.43289703
0.38700697,0.4676454
0.41670534,0.4963386
0.4598608,0.52158636
0.47703016,0.52870566
0.47471,0.5158356
0.45290023,0.4902314
0.40417632,0.45315945
0.35638052,0.4159346
0.2974478,0.3468609
0.22320186,0.2754006
0.15962876,0.18691933
0.11647332,0.14920075
0.08584687,0.12352321
0.06403712,0.11029708
0.055684455,0.103967786
0.055684455,0.11482121
0.055684455,0.14724761
0.08306264,0.18018179
0.12529002,0.22214118
0.1712297,0.24020025
0.19443156,0.270637
0.21113689,0.29480293
0.22041763,0.30476952
0.22645012,0.31535056
0.22784223,0.32625008
0.23526682,0.33055097
0.26218098,0.34953755
0.29048723,0.33916363
0.2951276,0.33987284
0.27192575,0.33400297
0.25382832,0.31633884
0.24454756,0.29884845
0.21113689,0.24945058
0.17401393,0.20325656
0.13828306,0.1762366
0.11740139,0.15196781
0.09976798,0.13601601
0.0974478,0.12910731
0.10858469,0.14013362
0.14849187,0.18310207
0.21020882,0.2549891
0.2561485,0.32111752
0.29187936,0.34954572
0.3113689,0.3522001
0.3299304,0.36040512
0.33781904,0.36532137
0.34849188,0.3668498
0.35684454,0.35724676
0.35406032,0.35641295
0.34524363,0.334217
0.34849188,0.33722544
0.3461717,0.32891357
0.3313225,0.33249062
0.312761,0.33594647
0.29651973,0.32036084
0.28213456,0.3018893
0.23897912,0.24553655
0.18979119,0.20022313
0.14802784,0.15277591
0.11322506,0.12531608
0.09837587,0.116242774
0.09651972,0.1115048
0.10394432,0.12333912
0.14338747,0.15983257
0.2,0.230209
0.2510441,0.2812194
0.28445476,0.30108523
0.2988399,0.30342132
0.312761,0.31225863
0.32714617,0.31461036
0.3396752,0.3131895
0.3396752,0.30858895
0.33178654,0.29764307
0.3150812,0.28093398
0.31044084,0.2872274
0.31925753,0.27941468
0.30719256,0.27460682
0.2974478,0.2798963
0.28955916,0.2729885
0.27470997,0.2549895
0.23109049,0.20260754
0.18932715,0.16252296
0.15962876,0.14069757
0.13689095,0.111264415
0.12111369,0.097814925
0.11136891,0.09486124
0.12575406,0.10357212
0.15684454,0.13279302
0.21577726,0.19530469
0.26914153,0.23868096
0.29976797,0.2645176
0.32157773,0.28355014
0.33689097,0.30317688
0.35034803,0.32022315
0.36148492,0.33590907
0.37958238,0.3457643
0.3786543,0.356795
0.37354988,0.3532238
0.38561484,0.3691389
0.39721578,0.3622264
0.40417632,0.35716912
0.38700697,0.34919775
0.362413,0.33145925
0.3475638,0.3072558
0.30348027,0.24621548
0.23387471,0.19798559
0.18143852,0.17490885
0.14709976,0.1417653
0.1262181,0.12453629
0.118329465,0.11749434
0.12529002,0.12922618
0.1638051,0.16354886
0.212529,0.23550308
0.2700696,0.28443518
0.31322506,0.3120808
0.34802786,0.3382411
0.37354988,0.36634672
0.39535964,0.39027357
0.43201855,0.42227638
0.47471,0.44483116
0.5058005,0.46348953
0.5211137,0.4724617
0.54292345,0.4834481
0.5517401,0.478431
0.5368909,0.46892378
0.50348026,0.4513308
0.46914154,0.42118362
0.44315544,0.3856054
0.39303944,0.31378213
0.312297,0.24720323
0.30835742,0.23367807
0.30441782,0.20106103
0.30047825,0.1749841
0.29653865,0.16405992
0.29259908,0.16742161
0.2886595,0.20828086
0.2847199,0.27844533
0.28078035,0.33947077
0.27684075,0.3697489
0.27290118,0.3805908
0.2689616,0.3924417
0.265022,0.40352663
0.26108244,0.41105443
0.25714287,0.41253278
0.25320327,0.416498
0.24926369,0.40662688
0.24532412,0.40648568
0.24138454,0.39704302
0.23744495,0.39448926
0.23350537,0.3826634
0.2295658,0.3613276
0.22562622,0.3358645
0.22168663,0.27146837
0.21774705,0.21619208
0.21380748,0.14967221
0.2098679,0.120204605
0.20592831,0.10555332
0.20198873,0.0902807
0.19804914,0.10013522
0.19410957,0.1212726
0.19016999,0.16539285
0.1862304,0.2053744
0.18229082,0.23377681
0.17835125,0.2601033
0.17441167,0.2923821
0.17047209,0.32150462
0.1665325,0.3519766
0.16259293,0.37113482
0.15865335,0.39486635
0.15471376,0.404557
0.15077418,0.41721195
0.1468346,0.41982347
0.14289503,0.41333506
0.13895544,0.39725402
0.13501586,0.37099043
0.13107628,0.3413907
0.1271367,0.2800234
0.12319712,0.22133152
0.11925754,0.09973107
0.07981438,0.071803235
0.055684455,0.061301097
0.040835265,0.059515245
0.03387471,0.0703548
0.034338746,0.10282868
0.034338746,0.16762033
0.06542923,0.21474393
0.11229698,0.23470095
0.15962876,0.2482764
0.20046404,0.27285933
0.24733178,0.2808028
0.28306264,0.3034922
0.32296982,0.30682102
0.35591647,0.31812373
0.39675173,0.30967745
0.42784223,0.31696528
0.4524362,0.3178871
0.44825986,0.31269893
0.42969838,0.3282328
0.39303944,0.31609583
0.3726218,0.2926586
0.3262181,0.23134017
0.27192575,0.18240239
0.21716937,0.22919002
0.17401393,0.19020861
0.14895591,0.16618875
0.14060324,0.1590088
0.14617169,0.16507506
0.1837587,0.20693135
0.23480278,0.2841513
0.29280743,0.35223562
0.33828306,0.3878778
0.37447795,0.40108496
0.4013921,0.41826248
0.41438514,0.428377
0.4287703,0.4466682
0.43805104,0.45363572
0.4301624,0.4551705
0.4190255,0.4527496
0.42412993,0.45396912
0.42830625,0.4371769
0.41299304,0.4386914
0.4,0.43893683
0.3935035,0.41439977
0.3786543,0.38416073
0.3336427,0.31942156
0.27795824,0.25350407
0.22830626,0.2220611
0.20092808,0.1846329
0.17819026,0.1590965
0.16751741,0.15332146
0.17679815,0.15493059
0.21299304,0.18656331
0.27424595,0.2505369
0.3359629,0.31156713
0.3911833,0.342651
0.43480277,0.35030735
0.46682134,0.37079054
0.4900232,0.38192374
0.50348026,0.3889927
0.5090487,0.3945578
0.49837586,0.40127906
0.46542925,0.39044732
0.43712297,0.40175617
0.41716936,0.3821787
0.39860788,0.38358966
0.38515082,0.37666056
0.36983758,0.35460842
0.3689095,0.330543
0.33317864,0.27472344
0.27146173,0.21859708
0.22273782,0.2165257
0.187471,0.17276531
0.16705337,0.14701898
0.1512761,0.14325187
0.1638051,0.14419308
0.19582367,0.17166726
0.24593967,0.2331976
0.31044084,0.2843612
0.3549884,0.31735855
0.40649652,0.350623
0.45707658,0.38924664
0.499768,0.41887057
0.5387471,0.4547061
0.5758701,0.48298958
0.5986079,0.5088827
0.60417634,0.5205601
0.62691414,0.5410599
0.6408353,0.5248731
0.6222738,0.52039087
0.58793503,0.49893427
0.54199535,0.46073386
0.5048724,0.4248872
0.43851507,0.35097054
0.35916474,0.28051654
0.27470997,0.2837828
0.22737819,0.24105236
0.18886311,0.20986508
0.1698376,0.19492188
0.16798145,0.19417542
0.19721578,0.23038909
0.23990719,0.29441556
0.29791182,0.35219705
0.33039442,0.38999903
0.3512761,0.41016275
0.3689095,0.42952883
0.3786543,0.44819748
0.39675173,0.46472633
0.4074246,0.4769091
0.4051044,0.48579794
0.39443156,0.48586553
0.38561484,0.49048668
0.38700697,0.47579503
0.3684455,0.47026768
0.36287704,0.44843644
0.3573086,0.41702026
0.35591647,0.38693103
0.31925753,0.31555286
0.26450115,0.2504659
0.21531323,0.20904478
0.18468678,0.17055406
0.16194895,0.14626722
0.15220417,0.13088168
0.15684454,0.13226277
0.18979119,0.14985551
0.24361949,0.18938309
0.29976797,0.23657839
0.33410674,0.26951897
0.36055684,0.28995937
0.38143852,0.31866926
0.40464038,0.34315106
0.42459396,0.36109
0.43341067,0.373377
0.42598608,0.38624343
0.41809744,0.39069873
0.43897912,0.4057551
0.44454756,0.3972743
0.42320186,0.3908623
0.39814386,0.37714583
0.37587008,0.34867778
0.3684455,0.32402667
0.32482597,0.26990163
0.26032484,0.21453336
0.21067286,0.19391435
0.16798145,0.15120944
0.13828306,0.12047
0.115081206,0.107553504
0.10858469,0.101625994
0.1187935,0.1048182
0.13457076,0.12298141
0.16844548,0.15245712
0.21763341,0.19137976
0.27053365,0.23122044
0.32296982,0.2763289
0.37958238,0.30969405
0.43062645,0.34294093
0.46821347,0.36882928
0.4965197,0.39294964
0.50765663,0.41605452
0.5290023,0.43896383
0.5475638,0.43067822
0.54617167,0.4303688
0.5331786,0.41682777
0.49048725,0.38316548
0.4440835,0.35468468
0.37958238,0.30320767
0.30812064,0.24318495
0.23897912,0.2522428
0.19071926,0.2067961
0.15684454,0.18048427
0.12714617,0.1647393
0.11276102,0.15655495
0.10858469,0.16324808
0.10487239,0.18772706
0.14060324,0.21662612
0.20464037,0.26941904
0.2510441,0.32688695
0.26450115,0.38442048
0.29559165,0.43125427
0.3689095,0.47500113
0.4301624,0.5128668
0.46450117,0.54442525
0.512761,0.5738418
0.57030165,0.60121506
0.5860789,0.5896246
0.5587007,0.5929881
0.54245937,0.5639661
0.5095128,0.5272813
0.46635732,0.49036977
0.41438514,0.4256549
0.34477958,0.36090475
0.2839907,0.32156628
0.23944315,0.27940983
0.21299304,0.25287428
0.19953597,0.23668213
0.20556845,0.2375372
0.24037123,0.2654658
0.29605567,0.32973272
0.35545245,0.38065356
0.40092808,0.42931142
0.43062645,0.473521
0.46635732,0.5151802
0.4923434,0.54943526
0.51554525,0.5803232
0.53410673,0.60248107
0.5364269,0.6226574
0.5368909,0.6245154
0.54570764,0.63028383
0.55684453,0.6110535
0.52668214,0.61825866
0.48306265,0.5941742
0.44918793,0.55121356
0.4185615,0.51380783
0.36426914,0.43802425
0.29837587,0.37497938
0.24269141,0.25756875
0.21206497,0.21584946
0.18607889,0.19128586
0.1712297,0.18009895
0.18051045,0.1839605
0.212529,0.22083467
0.26821345,0.29032645
0.32436195,0.3536798
0.35777262,0.3867845
0.38329467,0.40007967
0.39675173,0.42205393
0.39675173,0.4406333
0.40788862,0.45640904
0.4153132,0.4668187
0.4074246,0.4773088
0.39814386,0.46965125
0.3976798,0.4809258
0.39582366,0.46573377
0.39164734,0.4609101
0.37726218,0.44320372
0.35777262,0.4095027
0.36426914,0.37932214
0.3238979,0.31187582
0.26821345,0.24888098
0.21856149,0.20568901
0.1837587,0.16531794
0.15962876,0.14562702
0.14292343,0.1356059
0.15220417,0.14329025
0.18143852,0.17248908
0.23016241,0.23203707
0.28538284,0.2778466
0.33271462,0.30944887
0.3684455,0.34245223
0.40928075,0.37853715
0.44686776,0.40982726
0.4937355,0.44625506
0.54617167,0.47213554
0.57772624,0.49440628
0.6018562,0.50721735
0.60046405,0.5217763
0.6097448,0.5185918
0.5986079,0.50525695
0.56937355,0.48417503
0.5285383,0.44467577
0.5020882,0.4082723
0.42737818,0.33461207
0.34106728,0.26674527
0.26821345,0.27418998
0.225058,0.22506545
0.19025522,0.19362472
0.16844548,0.17552622
0.17354989,0.17468905
0.20510441,0.1999335
0.25568447,0.25090602
0.31740138,0.30059746
0.36705336,0.3571179
0.4213457,0.4149505
0.47842228,0.47809243
0.5211137,0.54079974
0.5786543,0.5923317
0.63201857,0.6400079
0.6714617,0.6739764
0.7030162,0.69668144
0.72761023,0.7229582
0.7109049,0.71208984
0.63155454,0.7006801
0.562413,0.6667517
0.51090485,0.6126418
0.49327147,0.5646285
0.43851507,0.47577503
0.36426914,0.39388895
0.29698375,0.30415758
0.2547564,0.25329587
0.22412993,0.22694759
0.20417634,0.20874314
0.20417634,0.2051672
0.23016241,0.22266856
0.27703017,0.26967672
0.3396752,0.31319296
0.39164734,0.36419153
0.4649652,0.4223671
0.51972157,0.48492837
0.56937355,0.53761166
0.62784225,0.58496964
0.67795825,0.6289361
0.72529,0.660881
0.7489559,0.6827025
0.775406,0.7053639
0.7767981,0.6926846
0.749884,0.685425
0.6988399,0.65056694
0.6487239,0.6029824
0.612529,0.555309
0.5447796,0.47658914
0.45800465,0.40189517
0.38654292,0.38490567
0.32853827,0.33234102
0.27935034,0.3023966
0.23294663,0.28105372
0.22088167,0.27246746
0.21763341,0.28159332
0.21670534,0.32133043
0.23897912,0.3594484
0.27331787,0.40261638
0.3048724,0.44998842
0.3201856,0.4980922
0.32714617,0.52557665
0.33828306,0.55807996
0.36380512,0.58022326
0.41345707,0.600532
0.44686776,0.6087528
0.4974478,0.61183304
0.53039443,0.5965387
0.53085846,0.6014869
0.50719255,0.5698511
0.46589327,0.53271264
0.44222736,0.49787197
0.38700697,0.4352358
0.34431556,0.3758915
0.25290024,0.29778078
0.17679815,0.2537864
0.15313224,0.2255301
0.1350348,0.20464788
0.11972158,0.20145798
0.121577725,0.21462438
0.12714617,0.25016156
0.14338747,0.28291786
0.1823666,0.33631217
0.225058,0.39173293
0.26171693,0.44813535
0.31368908,0.49840397
0.38422275,0.538117
0.4399072,0.56765044
0.4812065,0.6030946
0.5141531,0.61421746
0.52946633,0.6333704
0.54199535,0.62206465
0.46032482,0.62238514
0.3726218,0.58859795
0.3313225,0.54064536
0.29698375,0.50426155
0.2589327,0.42990094
0.20139211,0.36691293
0.15591647,0.19262567
0.12436195,0.15140966
0.109048724,0.1291615
0.09698376,0.11652041
0.101160094,0.1171946
0.12668213,0.12708998
0.16102087,0.16033411
0.2037123,0.19374214
0.24686775,0.23530757
0.287703,0.27493167
0.33410674,0.3215599
0.3897912,0.3601282
0.42784223,0.40102488
0.4538283,0.42991555
0.4714617,0.45506555
0.48399073,0.47820055
0.4965197,0.50576407
0.49327147,0.4998535
0.48445475,0.4934134
0.46635732,0.47474796
0.4176334,0.43587866
0.37819025,0.4037331
0.3238979,0.34126383
0.2663573,0.27866343
0.21392111,0.21707135
0.16798145,0.1712088
0.13596287,0.14354177
0.11183295,0.13302797
0.10487239,0.13178876
0.10394432,0.149904
0.10394432,0.19094288
0.13178654,0.23885489
0.19907193,0.28848827
0.27470997,0.34709078
0.3610209,0.41154617
0.44454756,0.47101992
0.49141532,0.52813643
0.5350348,0.5703771
0.5638051,0.6081159
0.5953596,0.6322246
0.62041765,0.66974646
0.63851506,0.6593122
0.6292343,0.6520799
0.61160094,0.626148
0.55777264,0.5722179
0.48816705,0.5287124
0.42412993,0.4512034
0.37215778,0.37330246
0.29791182,0.29174504
0.2412993,0.24150738
0.19814385,0.21345226
0.17633411,0.19742042
0.17262182,0.19144928
0.20092808,0.2055181
0.2510441,0.24560687
0.32575405,0.28520456
0.4162413,0.34894675
0.48074245,0.42635834
0.5716937,0.5076667
0.6510441,0.57903075
0.6955916,0.6448572
0.737819,0.705504
0.7651972,0.7496019
0.7721578,0.78211075
0.7563805,0.8180564
0.74199533,0.8052073
0.7336427,0.80400115
0.7099768,0.7631419
0.6561485,0.70829624
0.6143851,0.656106
0.5336427,0.5674182
0.43712297,0.4878258
0.35962877,0.38935557
0.30533642,0.33468485
0.26774943,0.30512744
0.24176334,0.28898045
0.23526682,0.28343514
0.2510441,0.31059632
0.2988399,0.38607267
0.36983758,0.44210133
0.45150813,0.48517504
0.48399073,0.52659506
0.5262181,0.5717186
0.5605568,0.6040922
0.61067283,0.6328612
0.65429235,0.6579402
0.6835267,0.6786843
0.6774942,0.67676693
0.69048727,0.6860006
0.700232,0.660067
0.69187933,0.66282654
0.67331785,0.6291302
0.62320185,0.58351946
0.575406,0.5405053
0.5025522,0.45876223
0.4185615,0.39145193
0.3387471,0.3554874
0.27285382,0.3031312
0.22645012,0.270355
0.19953597,0.2484547
0.18932715,0.2455093
0.20417634,0.27003703
0.24269141,0.3326467
0.29698375,0.38210917
0.3475638,0.4307304
0.40649652,0.4850899
0.4723898,0.546522
0.5327146,0.6003813
0.58422273,0.6439517
0.63526684,0.6819499
0.65707654,0.7137572
0.66960555,0.72142905
0.68816704,0.73530823
0.69791186,0.7220353
0.68584687,0.7091879
0.6510441,0.6719111
0.58561486,0.61261976
0.5164733,0.5653104
0.43805104,0.47491997
0.3475638,0.39953297
0.28167054,0.30363038
0.22088167,0.25355494
0.18561485,0.22266217
0.15916473,0.20198365
0.14941995,0.19677243
0.15823665,0.20463398
0.16798145,0.24012157
0.19396752,0.2720815
0.2450116,0.31314436
0.3090487,0.35624474
0.34153134,0.40149045
0.34338748,0.4381323
0.31740138,0.47250426
0.32343388,0.49804842
0.35266823,0.52323395
0.38700697,0.5389391
0.4190255,0.5571105
0.42784223,0.5463223
0.412529,0.537351
0.39675173,0.5038755
0.37030163,0.459935
0.35916474,0.42775753
0.31925753,0.36249733
0.2561485,0.29901284
0.21113689,0.23180118
0.1698376,0.19184503
0.1438515,0.16504163
0.12575406,0.1474461
0.10858469,0.1462459
0.10858469,0.1508869
0.1099768,0.17522758
0.13410673,0.20467307
0.17401393,0.24418
0.22320186,0.2854703
0.2737819,0.3259442
0.31322506,0.35893187
0.3461717,0.39269382
0.3675174,0.41192463
0.37958238,0.4378912
0.40046403,0.455548
0.4162413,0.4748348
0.45290023,0.4711133
0.46403712,0.4678189
0.450116,0.44657263
0.40417632,0.40728864
0.37772623,0.3800809
0.32946634,0.3269721
0.26357308,0.26958638
0.20696056,0.21977985
0.17262182,0.17750749
0.14802784,0.14983732
0.13781902,0.13215058
0.14431554,0.13120443
0.17911834,0.14666764
0.22691415,0.17148918
0.29419953,0.21617506
0.3573086,0.26995397
0.412529,0.32733148
0.48167053,0.38596416
0.524826,0.44157803
0.5832947,0.49939677
0.62784225,0.5366917
0.66078883,0.57250744
0.6756381,0.5983601
0.70440835,0.6317249
0.71925753,0.62872094
0.71554524,0.62741864
0.68584687,0.6009441
0.62412995,0.55068094
0.562413,0.51361895
0.48399073,0.44234133
0.38468677,0.36864173
0.31183293,0.31359354
0.26171693,0.26143458
0.22180974,0.23004356
0.20185615,0.21259217
0.19860789,0.20969158
0.2236659,0.23709849
0.27099767,0.2853572
0.34338748,0.33810586
0.4074246,0.3971843
0.4723898,0.4602415
0.5433875,0.52667564
0.58561486,0.58867604
0.6436195,0.64781326
0.68955916,0.69355124
0.73178655,0.7281671
0.7494199,0.74655044
0.77308583,0.77389795
0.7846868,0.76160413
0.7763341,0.75711375
0.7322506,0.7197255
0.6756381,0.663019
0.6190255,0.61386055
0.5331786,0.5257263
0.45197216,0.44251618
0.37169373,0.37304375
0.31600928,0.3177486
0.27424595,0.28433543
0.24779582,0.26374415
0.24222738,0.25726998
0.26960558,0.28497455
0.32111368,0.34836373
0.39071926,0.40032694
0.45707658,0.45977402
0.5132251,0.52707344
0.58468676,0.6000847
0.6515081,0.66370153
0.71183294,0.7178642
0.76983756,0.76818794
0.7990719,0.804664
0.81716937,0.8176779
0.8296984,0.8392958
0.82320184,0.82206076
0.8102088,0.8168697
0.77308583,0.7750628
0.7071926,0.7136213
0.6529002,0.6594657
0.574478,0.56011206
0.4788863,0.47920597
0.4153132,0.41531703
0.36194897,0.35647896
0.32343388,0.31933057
0.30812064,0.29451665
0.31322506,0.28717276
0.34663573,0.31142312
0.3939675,0.37360454
0.45707658,0.42612064
0.5401392,0.48756483
0.587007,0.5551561
0.6524362,0.62756723
0.70951277,0.6941108
0.75452435,0.7474864
0.79025525,0.7932678
0.81716937,0.8294341
0.8264501,0.83512104
0.825058,0.84996253
0.8310905,0.8329316
0.8139211,0.8232169
0.7842227,0.7812285
0.71925753,0.7144926
0.6682135,0.6626003
0.5823666,0.5608264
0.48167053,0.47930002
0.3976798,0.42253962
0.34431556,0.36174738
0.30023202,0.32542133
0.27146173,0.29528967
0.262645,0.29141542
0.28074247,0.31481022
0.3201856,0.3674459
0.38515082,0.41952813
0.45707658,0.47794348
0.52204174,0.54229945
0.58515084,0.61024255
0.6412993,0.67448294
0.6886311,0.7289193
0.7410673,0.7693713
0.77447796,0.80063343
0.79443157,0.8070013
0.8162413,0.8148641
0.8199536,0.80669326
0.80417633,0.7869554
0.7726218,0.74494034
0.7030162,0.6779247
0.6412993,0.62782365
0.55406034,0.5323544
0.45197216,0.44805652
0.37958238,0.39000797
0.31090486,0.33183217
0.25939676,0.29366624
0.22598608,0.26652655
0.20510441,0.2561791
0.20649652,0.2615288
0.21809745,0.28821135
0.25011602,0.32157764
0.2974478,0.36326855
0.34570765,0.409393
0.37354988,0.45676008
0.38422275,0.49085337
0.38654292,0.5219923
0.37911832,0.5390944
0.38468677,0.56036586
0.3911833,0.5638411
0.4227378,0.5715744
0.4487239,0.55974287
0.44918793,0.5536851
0.4464037,0.5190393
0.4213457,0.47112045
0.40232018,0.4420241
0.3475638,0.3783059
0.28816706,0.31758818
0.2287703,0.2662099
0.18329467,0.21813847
0.15684454,0.1857793
0.1350348,0.16045181
0.12668213,0.14921463
0.124825984,0.14792693
0.1276102,0.15013406
0.15452436,0.17512377
0.21577726,0.23234871
0.2812065,0.29814577
0.34292343,0.3610554
0.40788862,0.41690314
0.4612529,0.46532232
0.5016241,0.50416213
0.5327146,0.5463657
0.55359626,0.5753394
0.5795824,0.60294753
0.5981439,0.6085852
0.58097446,0.6081794
0.54570764,0.5770248
0.51090485,0.5290653
0.4849188,0.4972076
0.42691416,0.4322996
0.35591647,0.3692773
0.30301625,0.31752142
0.25986078,0.27217227
0.23062645,0.2409495
0.21763341,0.22332478
0.21809745,0.22029549
0.26171693,0.23680294
0.3201856,0.2693173
0.38468677,0.30997074
0.44222736,0.36695236
0.49930394,0.42705888
0.562413,0.48082542
0.6143851,0.5239597
0.66542923,0.5779703
0.700232,0.60354215
0.7187935,0.62989336
0.7322506,0.6427718
0.74338746,0.65501624
0.7303944,0.6488531
0.71229696,0.65122586
0.66078883,0.6278041
0.59675175,0.57618314
0.49280742,0.54205674
0.41577727,0.47148848
0.33178654,0.40429834
0.27099767,0.28211746
0.22645012,0.23020697
0.19721578,0.19931242
0.18143852,0.18365593
0.18468678,0.18082312
0.21484919,0.20674488
0.27053365,0.2517739
0.32853827,0.2992803
0.37030163,0.34477785
0.40464038,0.39772034
0.450116,0.453076
0.5020882,0.5018224
0.5651972,0.55406463
0.63109046,0.5911011
0.6774942,0.6203684
0.6909513,0.63687235
0.70533645,0.66824955
0.69791186,0.6566018
0.6723898,0.65119123
0.6338747,0.6162842
0.5902552,0.5619505
0.5549884,0.51740557
0.48074245,0.4383416
0.3897912,0.36179048
0.3238979,0.32507098
0.27099767,0.27386338
0.23712297,0.24494569
0.21484919,0.22587542
0.21531323,0.2221114
0.24269141,0.24678263
0.30023202,0.30061325
0.35406032,0.34854284
0.40417632,0.40374225
0.45290023,0.46758938
0.5206497,0.53537565
0.5670534,0.59392047
0.63201857,0.6479508
0.68074244,0.6952932
0.7211137,0.7327068
0.7438515,0.74967486
0.7716937,0.7793836
0.7846868,0.7655987
0.76705337,0.76237977
0.7401392,0.72344065
0.6946636,0.6647708
0.6477958,0.6155809
0.5633411,0.5218385
0.47935036,0.44652724
0.4051044,0.39087415
0.35591647,0.33671296
0.3187935,0.30003312
0.29234338,0.27534845
0.29559165,0.27110606
0.3225058,0.3008173
0.37911832,0.36736766
0.43665892,0.42063713
0.48955917,0.48365733
0.5600928,0.5479455
0.6222738,0.61610496
0.6849188,0.68007904
0.73967516,0.7327618
0.79396755,0.7763503
0.837587,0.81187993
0.85475636,0.817121
0.86589324,0.8324141
0.86589324,0.8173572
0.8464037,0.8120536
0.7795824,0.772278
0.71229696,0.7063118
0.6338747,0.6552728
0.5276102,0.55031866
0.43805104,0.47123086
