true,forecasted
0.17887484,0.151254
0.1583609,0.14348088
0.14494129,0.12165567
0.13891163,0.14775917
0.14030316,0.13127603
0.152964,0.13703153
0.17084913,0.16551583
0.17742907,0.17786554
0.16674848,0.15268955
0.15217787,0.13984442
0.14201511,0.14873853
0.13547108,0.12774791
0.147826,0.13164702
0.16203345,0.14176486
0.18004633,0.16974373
0.22122248,0.2069031
0.26633435,0.2351818
0.2933261,0.26525757
0.30688417,0.2816125
0.30321246,0.29056975
0.29689828,0.27421787
0.27528974,0.25541818
0.23577257,0.22743243
0.19181424,0.18529649
0.16379368,0.15260023
0.14416498,0.14281146
0.13543689,0.117395416
0.13226934,0.13634264
0.13362154,0.1349514
0.14687711,0.14319487
0.166308,0.15478763
0.1749233,0.16774471
0.17575043,0.15960294
0.15607645,0.16246796
0.15243849,0.16711769
0.13540058,0.16851278
0.13474561,0.17873386
0.1536856,0.19885102
0.18621227,0.19746529
0.21693982,0.2402745
0.23668729,0.2674504
0.2493131,0.29269427
0.27524233,0.3095096
0.28339106,0.33270597
0.28548667,0.31073907
0.27350557,0.28336692
0.23890467,0.24080637
0.19466051,0.20662381
0.16722186,0.15653726
0.15099783,0.14587253
0.13842715,0.13817836
0.13436195,0.12477746
0.13770169,0.13752016
0.14742012,0.1517506
0.16579616,0.14805454
0.17211376,0.16866902
0.15879199,0.18736261
0.14011602,0.18251193
0.13432905,0.20505717
0.13254106,0.21754928
0.1484109,0.22605261
0.1754488,0.24712315
0.18615972,0.25737
0.21907559,0.28508344
0.25613314,0.31541818
0.28658727,0.3278313
0.30239943,0.33575684
0.30232337,0.3402714
0.30106515,0.32607517
0.28579172,0.3023525
0.25462797,0.27418163
0.214082,0.22963095
0.18217228,0.16086489
0.1580473,0.14329696
0.14526342,0.1377928
0.13639006,0.121636294
0.13568555,0.13170809
0.13673186,0.14519645
0.13549201,0.1521643
0.1372424,0.16125113
0.13865913,0.17753471
0.12444229,0.16431239
0.12120381,0.1776447
0.122770496,0.20107819
0.14436963,0.20561817
0.17452084,0.23912784
0.21682061,0.27407408
0.27451044,0.31169286
0.32484534,0.33893526
0.354439,0.3550405
0.37634787,0.37314352
0.36594543,0.3608908
0.35197937,0.3532005
0.33275655,0.33061144
0.2930087,0.29304126
0.24378845,0.24936163
0.20788361,0.18609211
0.18783279,0.17126216
0.17290074,0.16103797
0.16350871,0.15398994
0.15785249,0.15503848
0.15506773,0.16213177
0.15279096,0.1634064
0.15657589,0.18971546
0.17593884,0.18399863
0.19523002,0.20043027
0.22416615,0.21116158
0.24546024,0.23486327
0.27145696,0.27639192
0.3053807,0.29294845
0.33564767,0.3273741
0.38804573,0.37987295
0.41372415,0.41274345
0.444497,0.43475935
0.45318535,0.43168432
0.43221596,0.42221564
0.41377372,0.40911743
0.3886349,0.3629562
0.33780482,0.32501608
0.26695684,0.28252614
0.24925798,0.22559986
0.22267808,0.22254588
0.20471178,0.19576457
0.19610843,0.20139104
0.19767085,0.19927143
0.21545772,0.19710632
0.23613872,0.19153863
0.25722817,0.23883249
0.2836675,0.24466375
0.28373286,0.2820435
0.2719248,0.32201988
0.26208544,0.32865316
0.2903209,0.3644192
0.3179262,0.37618634
0.35646883,0.39301193
0.38483033,0.43244398
0.42055315,0.45900863
0.4048008,0.46725112
0.38713828,0.46410984
0.37267876,0.44085127
0.3696915,0.41345248
0.36171705,0.37374002
0.2820504,0.33931845
0.25933146,0.28394794
0.21737304,0.20271796
0.18855226,0.17390597
0.16874668,0.15925103
0.15873131,0.15790215
0.15807165,0.15503497
0.16617298,0.17167516
0.18441273,0.1783893
0.19036718,0.20418714
0.18627465,0.2072246
0.16842496,0.21690649
0.15697066,0.20684657
0.15854631,0.21731734
0.1770407,0.23636186
0.20420891,0.25380057
0.23488519,0.27263314
0.27714396,0.30356285
0.32237077,0.343342
0.36270994,0.3737039
0.3815286,0.3905371
0.3677185,0.37990063
0.35489488,0.3549067
0.33556223,0.3265217
0.27411482,0.28865194
0.24279042,0.25012308
0.20548208,0.19519052
0.18173821,0.18033169
0.16729192,0.1599604
0.16134988,0.16377172
0.16061373,0.16217326
0.17180103,0.1694848
0.19381201,0.18199252
0.20863768,0.20570369
0.21839628,0.21362479
0.22887777,0.23687512
0.2535889,0.24409804
0.28052643,0.24060862
0.28681028,0.2656844
0.32073787,0.29912582
0.27846158,0.30540603
0.25188422,0.30879146
0.29313642,0.35691994
0.32184142,0.3740844
0.3313975,0.36819455
0.33519354,0.3526234
0.32695976,0.3452287
0.31282622,0.31437516
0.26724052,0.27887562
0.2222312,0.22279042
0.1881656,0.16592172
0.16393767,0.15050553
0.15099314,0.12712643
0.14385523,0.13951665
0.14682327,0.13528298
0.15557913,0.15120274
0.17093201,0.1670268
0.18029884,0.17598607
0.17771147,0.18846211
0.16695398,0.18567632
0.16187026,0.19611341
0.16660236,0.21038632
0.1789432,0.20887867
0.21101998,0.23354313
0.25569052,0.25959373
0.30157912,0.29543
0.35003117,0.33939064
0.3881504,0.35530913
0.39863956,0.357775
0.38624406,0.37671763
0.36853752,0.35661963
0.3475788,0.32792467
0.3008716,0.2743875
0.24195944,0.23345771
0.24131721,0.17541665
0.240675,0.17919108
0.24003278,0.15799192
0.23939055,0.16715264
0.23874834,0.16965027
0.23810612,0.16199346
0.23746389,0.16026828
0.23682167,0.18332678
0.23617946,0.19960088
0.23553723,0.23546913
0.234895,0.25284255
0.2342528,0.29232562
0.23361057,0.30771914
0.23296835,0.3174427
0.23232614,0.3542241
0.23168391,0.3630743
0.23104168,0.37876087
0.23039946,0.39576548
0.22975725,0.38736862
0.22911502,0.35671455
0.2284728,0.34167224
0.22783059,0.3108732
0.22718836,0.27718973
0.22654614,0.23624972
0.22590393,0.17926377
0.2252617,0.17608404
0.22461948,0.16433986
0.22397725,0.16164145
0.22333504,0.15994334
0.22269282,0.1657296
0.22205059,0.16189204
0.22140838,0.18932262
0.22076616,0.18589999
0.22012393,0.20035097
0.21948172,0.22058395
0.2188395,0.24220608
0.21819727,0.26400557
0.21755505,0.2643072
0.21691284,0.296987
0.21627061,0.3433032
0.21562839,0.36678684
0.21498618,0.3793743
0.21434395,0.38946703
0.21370173,0.38389963
0.21305951,0.37449402
0.21241729,0.34065944
0.21177506,0.30522132
0.21113284,0.26563743
0.21049063,0.17886111
0.18371676,0.17142977
0.16421537,0.16096424
0.1530268,0.1571185
0.15081583,0.16012593
0.1468254,0.16251263
0.14099102,0.1601583
0.14419447,0.18580507
0.14940894,0.18208009
0.15606149,0.19716176
0.16346556,0.20010334
0.17941914,0.22756277
0.20188472,0.24741885
0.23186931,0.2614072
0.27223325,0.29334974
0.32626337,0.33475652
0.39032164,0.36143214
0.42856306,0.3799637
0.4322937,0.391215
0.41382712,0.37767768
0.39391088,0.36887234
0.37125945,0.3331923
0.32712337,0.29865187
0.2722602,0.26095742
0.2239927,0.20618811
0.1938227,0.17553617
0.17393424,0.16817443
0.16432218,0.15686083
0.1637219,0.15120378
0.16885605,0.17567734
0.18087177,0.19487031
0.19777852,0.20854001
0.2149899,0.22213784
0.22973053,0.20528865
0.25359234,0.23234332
0.27335563,0.24609755
0.30946556,0.26302156
0.34635988,0.29942474
0.38157943,0.33932453
0.41948035,0.37399927
0.455037,0.40495127
0.46641228,0.43679202
0.47251114,0.43388516
0.44608802,0.4220401
0.42765817,0.40760788
0.40002766,0.36661136
0.33967486,0.33280677
0.29034355,0.27321604
0.24877135,0.23115063
0.22168604,0.21427338
0.20478398,0.18982299
0.19700009,0.19437346
0.19713509,0.19835036
0.20868896,0.19992708
0.22440284,0.21250574
0.24316938,0.22856806
0.25821936,0.2480927
0.27614763,0.26392102
0.27227855,0.29876006
0.2765407,0.32315543
0.287907,0.3359009
0.29226443,0.3588932
0.30060714,0.4003737
0.31596515,0.42781442
0.33058617,0.44687247
0.34933218,0.46827912
0.3528249,0.47195175
0.35006747,0.44851422
0.3522477,0.41494665
0.3363398,0.38354942
0.2986346,0.34607357
0.25607204,0.2961777
0.22185479,0.19002679
0.19798572,0.18525752
0.19349885,0.16133112
0.17520827,0.17384166
0.17575897,0.17222327
0.18723294,0.17462708
0.20362572,0.18803686
0.22520393,0.21438037
0.24357398,0.21420734
0.26001632,0.22108802
0.26513466,0.24817047
0.25742638,0.24040528
0.25551322,0.25081772
0.26085114,0.26819813
0.2584415,0.2778067
0.25281733,0.2908237
0.2584475,0.30586284
0.268603,0.3171737
0.27099255,0.32041278
0.26834965,0.32022482
0.27098614,0.3124413
0.2621914,0.28665587
0.2321671,0.25924528
0.20057523,0.20963824
0.17446059,0.16389325
0.15778412,0.16028376
0.14955975,0.14206499
0.14508867,0.15475988
0.14812337,0.14563255
0.16007797,0.14528629
0.17681469,0.15480882
0.19636948,0.18194474
0.21465066,0.18996842
0.22173773,0.19588691
0.22818008,0.21535134
0.23369277,0.22776914
0.23399654,0.23038256
0.23021887,0.22130409
0.23447803,0.25462204
0.23592082,0.28291887
0.24571958,0.29952562
0.26313132,0.29569903
0.2727246,0.31538764
0.2750035,0.30365264
0.27936092,0.29017812
0.2731061,0.29753685
0.243844,0.24801746
0.2105701,0.20940563
0.18204753,0.16451317
0.16428116,0.15807955
0.15406713,0.1405827
0.1483451,0.15231243
0.15608926,0.15035644
0.1631729,0.14334503
0.18651561,0.14862283
0.2115254,0.17987275
0.22451821,0.19372608
0.2389978,0.20938683
0.23143394,0.24330267
0.2458358,0.2493995
0.24827276,0.25777727
0.2529643,0.28344116
0.29437712,0.27920526
0.3593608,0.30973914
0.3516141,0.3290065
0.34445995,0.3245288
0.35791886,0.34793997
0.35592154,0.3391467
0.35310003,0.3116328
0.3438793,0.31900036
0.318218,0.26624987
0.27536196,0.22271298
0.22404099,0.20307276
0.21764433,0.1917248
0.20100033,0.18086559
0.1929571,0.17607322
0.1897464,0.17750481
0.19335872,0.1785461
0.1995584,0.18011142
0.21323052,0.20763269
0.24183682,0.21291654
0.27774894,0.22727853
0.30541444,0.24926066
0.30557594,0.2723385
0.3133389,0.2765827
0.3377933,0.30343089
0.34855634,0.33346707
0.40517038,0.36132988
0.42654434,0.37893856
0.46534973,0.39646813
0.48029074,0.4157327
0.46103674,0.39405954
0.43668747,0.36803272
0.42132732,0.35008126
0.38643545,0.31109354
0.311201,0.270917
0.28761518,0.25508222
0.25280964,0.24042407
0.22892305,0.21451265
0.2153116,0.22411838
0.20594479,0.20767836
0.1981015,0.21219085
0.20213594,0.21364813
0.23001294,0.2586104
0.26716447,0.25961676
0.30944204,0.28587803
0.34634665,0.3210514
0.38388738,0.33498114
0.4114807,0.36516035
0.43558517,0.38739374
0.45194465,0.40387875
0.47767347,0.45249683
0.54196715,0.45203245
0.5649839,0.48880082
0.5232254,0.51012266
0.48097605,0.48434848
0.4601656,0.42925027
0.43632388,0.40218675
0.3881038,0.36516038
0.33079553,0.31490707
0.2711891,0.26795766
0.2611045,0.25062743
0.2413331,0.23216176
0.2295323,0.23169264
0.22669372,0.22380395
0.24391407,0.233677
0.2545139,0.22987512
0.2944177,0.26230186
0.33906648,0.27582753
0.34419078,0.3021368
0.371039,0.326163
0.367002,0.3492503
0.4051866,0.37744856
0.46445978,0.38466147
0.50354546,0.41535062
0.5097169,0.45925757
0.51071966,0.48397428
0.5333467,0.5106907
0.52154297,0.50369596
0.50698686,0.50484204
0.48716077,0.4836487
0.4640834,0.4229398
0.41560486,0.38270694
0.35174268,0.33267936
0.29273653,0.32446173
0.27370426,0.3003329
0.2377084,0.26979402
0.22859408,0.26718366
0.22277036,0.26840878
0.23066747,0.26600927
0.24748494,0.2771935
0.2676511,0.32188427
0.3026737,0.34562102
0.31769034,0.37834644
0.31604803,0.4146257
0.31368497,0.44139087
0.31531274,0.48024586
0.33982012,0.51004696
0.36657262,0.52055484
0.41920307,0.5486569
0.49025443,0.55631316
0.5071958,0.5729743
0.47908038,0.5806686
0.43621793,0.5364681
0.4098273,0.5081758
0.3888861,0.46625438
0.31489277,0.42918625
0.29116642,0.3620649
0.25027737,0.25255206
0.22003731,0.23601137
0.20319422,0.21358244
0.19416705,0.20408201
0.19246621,0.21093361
0.2044879,0.21293764
0.22633056,0.22470626
0.25738838,0.25922245
0.26293737,0.26550096
0.26921266,0.28011617
0.28730458,0.2891393
0.31814578,0.31073636
0.33591598,0.3390589
0.35739252,0.36856148
0.3907963,0.38517773
0.42971534,0.41782004
0.4742406,0.45720577
0.50623065,0.46609217
0.51644254,0.46862158
0.49805456,0.44970995
0.46347928,0.4497116
0.44279528,0.41332144
0.3669375,0.3667184
0.32749295,0.3067397
0.27628905,0.27241752
0.24013896,0.2508713
0.2169646,0.22538802
0.2036253,0.2161954
0.19821729,0.21951042
0.2011691,0.22236137
0.21402518,0.24317734
0.23619896,0.2737164
0.25585288,0.29042107
0.27919856,0.30089405
0.28443524,0.3342978
0.31647784,0.3488834
0.35029307,0.37676337
0.38440135,0.42026874
0.41795042,0.44235575
0.458243,0.47843033
0.50126696,0.5202109
0.5331874,0.5218079
0.5339436,0.5269444
0.5155244,0.5009167
0.4827363,0.4934629
0.4510671,0.46395338
0.399324,0.41424227
0.31277496,0.34160018
0.27888197,0.26293376
0.24686116,0.23553854
0.22177789,0.22239679
0.20679884,0.20677513
0.20224018,0.19961795
0.20826215,0.21214984
0.21790196,0.22621046
0.24168687,0.25624585
0.27355,0.2836966
0.30418485,0.28365457
0.32894,0.35690132
0.3638024,0.38407454
0.39731213,0.40000048
0.42651743,0.43944827
0.46183014,0.49257058
0.50758374,0.5337439
0.53702915,0.55643237
0.55527824,0.5604579
0.5555453,0.56818396
0.5211093,0.5268977
0.48580557,0.49991164
0.46076715,0.48089474
0.4172869,0.43387747
0.35543916,0.36340097
0.29129073,0.2849399
0.26621002,0.26991224
0.24178556,0.24204314
0.22653264,0.24086756
0.21879277,0.2314102
0.21627375,0.23192926
0.21906962,0.2345427
0.24402216,0.27819014
0.2807379,0.3018725
0.323852,0.34830105
0.35151368,0.406924
0.37023064,0.44586033
0.39375237,0.49445182
0.42214206,0.50777185
0.41668534,0.56349677
0.44753295,0.60551244
0.4969638,0.63390875
0.5360627,0.63333654
0.5320257,0.6266543
0.507303,0.57461315
0.48306996,0.54056937
0.469259,0.5069301
0.43313026,0.45414734
0.3886776,0.38346863
0.3305742,0.30650824
0.3114616,0.27513894
0.28494024,0.24710968
0.2713587,0.25369677
0.26309204,0.2405553
0.26076016,0.24059032
0.2592379,0.2481886
0.28582504,0.29097784
0.33270657,0.3124483
0.38702333,0.36542103
0.42625853,0.3942389
0.45526046,0.4178484
0.49388126,0.4531147
0.5495866,0.47897086
0.5863493,0.51000464
0.6321781,0.5464885
0.6626771,0.59125274
0.67058957,0.60714066
0.66604716,0.6112175
0.64858496,0.57036585
0.6222059,0.52305096
0.5945314,0.487965
0.54026204,0.42754692
0.4739586,0.37133116
0.4057232,0.38766727
0.36499867,0.3561869
0.33213663,0.32301632
0.31161883,0.32222977
0.3048945,0.30167472
0.31198797,0.30382168
0.32588568,0.31408808
0.37520543,0.35761726
0.43640205,0.40377125
0.49965072,0.45248887
0.50410724,0.5123514
0.54881287,0.54212344
0.5960541,0.5878909
0.62565583,0.60864735
0.64163333,0.6588076
0.6695719,0.6927906
0.7230017,0.7309922
0.7611457,0.74145764
0.7721715,0.7317168
0.73639524,0.6840615
0.69931465,0.64770645
0.64886653,0.5992624
0.56153774,0.53875154
0.48507455,0.4579819
0.42715916,0.42909116
0.3731094,0.38650143
0.3398231,0.35254887
0.31090876,0.34555927
0.2936038,0.3335309
0.28482533,0.33675888
0.28935492,0.337852
0.3189836,0.39543393
0.36763132,0.4365631
0.41010755,0.4967456
0.4460449,0.53358084
0.47727913,0.58106756
0.5206026,0.62669146
0.57915074,0.62568045
0.5879271,0.6681893
0.61286044,0.7066691
0.64544433,0.73937744
0.68896943,0.7524607
0.6685606,0.7472138
0.61712855,0.7105889
0.5771337,0.666506
0.5273991,0.61943305
0.48569235,0.54435295
0.4330948,0.4780004
0.37783083,0.39143682
0.33235493,0.35270512
0.30226997,0.32086703
0.2837995,0.30924332
0.27766946,0.30082533
0.28265536,0.31969076
0.30599806,0.3185027
0.35691914,0.3628595
0.41038013,0.40345612
0.45797685,0.42877707
0.5087915,0.48006818
0.55627716,0.5263511
0.5984923,0.55278474
0.62793946,0.5757376
0.6664244,0.61489815
0.68664443,0.6563484
0.70920444,0.6746458
0.72349304,0.6936118
0.7243616,0.6879765
0.68705714,0.67194206
0.64398915,0.6372814
0.61000735,0.5813561
0.54657537,0.51373535
0.4749212,0.44680476
0.4152669,0.4321557
0.3676638,0.39951974
0.33608988,0.36946
0.31052083,0.34929916
0.30872342,0.34540194
0.30604035,0.3526331
0.32086134,0.34527215
0.35842344,0.39465693
0.40427104,0.4487846
0.45106667,0.48788375
0.499332,0.55224746
0.5329263,0.6143409
0.5736889,0.64315146
0.6044617,0.66518354
0.6375592,0.7042082
0.68211097,0.7452959
0.7196855,0.7614265
0.75175625,0.7834052
0.74941325,0.75919193
0.71460515,0.7397715
0.67329615,0.70899177
0.63746136,0.63981897
0.56912684,0.57630205
0.49335235,0.5050707
0.4335545,0.43798593
0.3836353,0.4014584
0.34591597,0.36709693
0.32918054,0.35538387
0.32120526,0.35078377
0.32962617,0.3503892
0.35080063,0.3464931
0.38084972,0.40571603
0.42100304,0.45000917
0.46204588,0.5063379
0.502773,0.55661637
0.54608876,0.61547905
0.56183296,0.6475813
0.5840469,0.6654514
0.64277536,0.6994091
0.6873754,0.73577255
0.6929958,0.7567563
0.6660903,0.77863157
0.6428497,0.7617365
0.62200934,0.72392744
0.60818344,0.6825615
0.5850065,0.6147669
0.5317852,0.5517938
0.47167203,0.4880455
0.40054336,0.391477
0.32840768,0.37253788
0.32953516,0.33458343
0.3069867,0.32585728
0.29783136,0.32210073
0.29256904,0.3139636
0.30361065,0.31779316
0.3225784,0.3851891
0.37973762,0.40544492
0.44545656,0.44727468
0.47477677,0.49357444
0.5418471,0.5280851
0.5695549,0.5634043
0.5963912,0.58492446
0.6383581,0.61116755
0.66999483,0.6561765
0.63372004,0.66033316
0.606213,0.67185724
0.60560805,0.6729183
0.59496933,0.6252376
0.56898373,0.5924285
0.54992706,0.5578839
0.5022099,0.4999313
0.4471386,0.42883992
0.3824271,0.37007228
0.32651073,0.33318043
0.3293177,0.3060656
0.3147881,0.29575098
0.3083872,0.28647217
0.30268994,0.29225466
0.30826628,0.3084522
0.3247945,0.36097595
0.38704214,0.37906188
0.43263295,0.39981204
0.4468908,0.43827537
0.47025147,0.4575621
0.4821971,0.47633082
0.4918882,0.51004493
0.5369441,0.52414507
0.5630036,0.5603428
0.62957835,0.5579431
0.6419854,0.59188133
0.5883663,0.6157373
0.5147306,0.56822526
0.46864802,0.52155226
0.44091928,0.49540752
0.3936084,0.44810152
0.3382799,0.37848133
0.26688507,0.3183522
0.27402723,0.2870232
0.2543178,0.26630923
0.2452573,0.26016167
0.24746485,0.24854071
0.26447374,0.253162
0.2789533,0.27700466
0.31145477,0.3085754
0.3524989,0.32193077
0.35468253,0.33024
0.36120263,0.34567133
0.39230788,0.3733211
0.43077147,0.37186944
0.43117177,0.3850399
0.482779,0.44825578
0.50185996,0.4763564
0.5789576,0.50771195
0.63309366,0.5284436
0.65993977,0.54102206
0.6459451,0.50134444
0.6021333,0.48541173
0.54732305,0.45747072
0.4791261,0.40733427
0.3986259,0.35455453
0.33797273,0.35994807
0.30399987,0.31881446
0.2763963,0.28480744
0.25428703,0.28322142
0.24385254,0.27288574
0.24620022,0.276695
0.2651868,0.3096897
0.29759127,0.33859974
0.33044004,0.36473778
0.3553657,0.3844591
0.38055107,0.4291844
0.41712967,0.4627321
0.45062232,0.4821116
0.49292853,0.53809667
0.53180784,0.5821281
0.5783894,0.620462
0.6306926,0.6494438
0.6808493,0.6696507
0.69645387,0.6743392
0.6684927,0.62538505
0.61297363,0.59176606
0.5627742,0.5572489
0.4922458,0.494971
0.41768935,0.41965508
0.35799834,0.351577
0.31119972,0.30774534
0.27198204,0.27885333
0.26573366,0.27099416
0.26139888,0.2627453
0.27939895,0.2713315
0.28294843,0.2879262
0.32639325,0.3216602
0.357469,0.35652918
0.40363488,0.39856377
0.4668002,0.42673495
0.50715905,0.47536942
0.55256313,0.51113313
0.5844874,0.54655373
0.6384808,0.6033107
0.6746441,0.64509976
0.7093001,0.6824546
0.7457813,0.7078103
0.74906677,0.69696915
0.71142006,0.6493784
0.6699265,0.60268176
0.6168124,0.55926603
0.5427597,0.49021882
0.46922693,0.42420626
0.4062607,0.41195813
0.35920188,0.36263067
0.3272003,0.33685052
0.30462918,0.31835034
0.30812058,0.31311345
0.30523884,0.31985545
0.32590532,0.32763547
0.3792138,0.37234455
0.42020282,0.41643465
0.46512884,0.46754304
0.509658,0.5207319
0.55821085,0.57952905
0.5908383,0.6251857
0.63262844,0.668005
0.67258435,0.7125359
0.7020562,0.7494616
0.7418721,0.7886689
0.7784712,0.8116404
0.78351474,0.7880971
0.76253253,0.7381605
0.7128859,0.70244914
0.67364264,0.630718
0.6061878,0.56748635
0.54246193,0.49421272
0.4774214,0.4313051
0.436975,0.40241757
0.41924152,0.36809576
0.40015456,0.35485843
0.39232752,0.347135
0.403543,0.34027344
0.40456882,0.3351099
0.43903044,0.40336823
0.475759,0.4483194
0.5012093,0.5191395
0.54435074,0.58030176
0.57622075,0.62766993
0.6021854,0.68319094
0.6087008,0.70823956
0.61209095,0.7390487
0.6257823,0.77183634
0.6679394,0.8026027
0.69105095,0.8020799
0.6763928,0.79005545
0.6551213,0.73351
0.62493336,0.69682866
0.60340047,0.647457
0.55861884,0.5801511
0.4989714,0.49818465
0.42869636,0.39146864
0.37615007,0.3529495
0.36815384,0.32553703
0.34604672,0.32292578
0.33205074,0.29705068
0.32591343,0.3095798
0.32897592,0.31355953
0.37340933,0.37523764
0.42532927,0.39432082
0.48454264,0.4352893
0.54862744,0.47911778
0.58673084,0.49690008
0.61920154,0.5402086
0.6475408,0.55343974
0.6899363,0.5827787
0.70853233,0.6243426
0.728581,0.6621896
0.70437616,0.6779132
0.68224216,0.6757306
0.6602064,0.64665735
0.6377566,0.61608183
0.6157939,0.56313217
0.5719295,0.50186056
0.5253877,0.43089512
0.44341606,0.41596583
0.43753982,0.3866848
0.41218096,0.3478435
0.39665675,0.3507944
0.37955132,0.34053397
0.37161106,0.33809507
0.36852852,0.34031624
0.3835016,0.39682448
0.395704,0.44006076
0.4304758,0.49030766
0.47061932,0.5475328
0.4760414,0.58359045
0.4883374,0.6040607
0.5199609,0.6247779
0.54043806,0.6369054
0.51799726,0.6489641
0.49927816,0.6769957
0.5060486,0.6829723
0.48278713,0.6650752
0.46348098,0.64507645
0.4671356,0.62094766
0.45099574,0.5625465
0.4310547,0.4985333
0.37153074,0.43209264
0.32601812,0.33212733
0.29947665,0.30029932
0.28223795,0.2823768
0.26860684,0.27115166
0.28342098,0.26619315
0.29020384,0.27620152
0.30577803,0.27129522
0.34372765,0.3160174
0.38300386,0.3239154
0.41595134,0.35428452
0.45692882,0.3613062
0.49912778,0.390427
0.54285836,0.4143816
0.5850321,0.4279296
0.62377644,0.44542092
0.67091554,0.48631835
0.7066008,0.51240313
0.7334392,0.5522828
0.7293714,0.5539876
0.69103134,0.5515153
0.6494412,0.52308434
0.61130315,0.4640427
0.54335696,0.41451234
0.4739693,0.3724113
0.42185283,0.40295634
0.376767,0.36467066
0.33494657,0.325103
0.32622874,0.33301884
0.3186764,0.31846908
0.32465735,0.31738144
0.34223914,0.33030224
0.38244587,0.37125462
0.4073685,0.40630645
0.44522157,0.45844042
0.48543558,0.5002864
0.5353898,0.5484679
0.5588043,0.5728669
0.5921269,0.60830843
0.6532368,0.6339738
0.6390682,0.67793435
0.6691229,0.6959853
0.7085272,0.72838604
0.7134892,0.7238208
0.675719,0.69821966
0.6342083,0.64105874
0.574989,0.5892833
0.49795842,0.5186282
0.44443676,0.45631605
0.37501147,0.36069158
0.33275568,0.33063397
0.31282493,0.3003024
0.2789465,0.2920201
0.29783905,0.29760072
0.30689013,0.28493842
0.32843545,0.30319193
0.34953642,0.34504193
0.384418,0.37408614
0.4154882,0.4225123
0.40700963,0.48167
0.39007342,0.51721567
0.36998072,0.5527389
0.4026928,0.60917866
0.44882494,0.6255093
0.4967395,0.6484438
0.54854023,0.6745885
0.5851095,0.6797854
0.60522693,0.68718886
0.5932223,0.62236696
0.56382906,0.5890319
0.5226269,0.5500249
0.46001905,0.50258636
0.40181226,0.42421496
0.3353794,0.34010658
0.31527814,0.31636557
0.2751325,0.2770168
0.26642278,0.27409384
0.25969076,0.27614936
0.28402382,0.27568156
0.28668296,0.29301167
0.32811332,0.33394247
0.36595613,0.3609666
0.40986872,0.39337102
0.44612905,0.4345525
0.48370782,0.45854595
0.52747434,0.5000716
0.56271565,0.54245675
0.6174977,0.56831074
0.6341353,0.5997577
0.6190776,0.6459219
0.6209814,0.6469338
0.6193844,0.62429976
0.61194015,0.5982414
0.58887005,0.58651775
0.5369629,0.5344662
0.48897356,0.47239584
0.41997424,0.39078724
0.4178606,0.3027014
0.41574696,0.2819739
0.41363332,0.24955776
0.41151968,0.2518421
0.409406,0.25403714
0.40729237,0.2514691
0.40517873,0.26059106
0.4030651,0.28883326
0.40095145,0.2994159
0.39883777,0.33464292
0.39672413,0.3714914
0.3946105,0.42220938
0.39249685,0.4442242
0.3903832,0.47340092
0.38826954,0.5171799
0.3861559,0.5623422
0.38404226,0.5753273
0.38192862,0.59874386
0.37981498,0.59895957
0.3777013,0.5682768
0.37558767,0.5322379
0.37347403,0.4865961
0.3713604,0.43562704
0.36924675,0.38687062
0.3671331,0.26370862
0.36501944,0.24929701
0.3629058,0.23528945
0.36079216,0.22704762
0.35867852,0.22330056
0.35656488,0.2302884
0.3544512,0.22676219
0.35233757,0.26438046
0.35022393,0.27145937
0.3481103,0.30073804
0.34599665,0.33678538
0.34388298,0.3657444
0.34176934,0.39063257
0.3396557,0.4120364
0.33754206,0.4349953
0.33542842,0.46868148
0.33331475,0.49872214
0.3312011,0.5167583
0.32908747,0.5102693
0.32697383,0.49537593
0.3248602,0.48449704
0.32274655,0.42446595
0.32063287,0.39077094
0.31851923,0.337892
0.3164056,0.24821487
0.31429195,0.24180202
0.3121783,0.21964519
0.31006464,0.21358094
0.307951,0.21587293
0.30583736,0.21683277
0.30372372,0.2082529
0.30161008,0.24842267
0.2994964,0.26237
0.29738277,0.28628188
0.29526913,0.32306966
0.2931555,0.3551082
0.29104185,0.3932047
0.2889282,0.42336234
0.28681454,0.433365
0.2847009,0.4847501
0.28258726,0.5126142
0.28047362,0.5182821
0.27835998,0.51204014
0.2762463,0.5185532
0.27413267,0.508661
0.27201903,0.46193433
0.2699054,0.4064663
0.26779175,0.35011393
0.26567808,0.20871803
0.26356444,0.19299042
0.2614508,0.19464678
0.25933716,0.18226892
0.25722352,0.1725296
0.25510985,0.179005
0.2529962,0.18833055
0.25088257,0.22339283
0.24876893,0.20662057
0.24665527,0.1926359
0.24454163,0.20363149
0.24242799,0.21163626
0.24031433,0.2038391
0.2382007,0.20795336
0.23608705,0.26772255
0.2339734,0.30531964
0.23185976,0.31722176
0.2297461,0.33853704
0.22763246,0.37414148
0.22551882,0.34699667
0.22340517,0.33203045
0.22129153,0.32539716
0.21917787,0.29431045
0.21706423,0.25905308
0.21495059,0.1872091
0.18532147,0.17817472
0.16921708,0.17197745
0.15928288,0.16665193
0.154658,0.15110148
0.15670235,0.15922138
0.16238593,0.17110671
0.16569704,0.20679219
0.17376377,0.19167593
0.17085682,0.18138966
0.17530994,0.2030831
0.1836766,0.19018392
0.20268366,0.21644273
0.24615067,0.2116439
0.28891528,0.25755918
0.32221824,0.30061224
0.39199683,0.3415761
0.44506222,0.3434049
0.4568686,0.36110267
0.4322762,0.34916276
0.4045201,0.36156192
0.37134403,0.3438893
0.33408356,0.30922547
0.29181668,0.2560308
0.22654973,0.21553853
0.20535989,0.20241712
0.21039236,0.17914712
0.19777468,0.18133879
0.19296224,0.19154017
0.19447595,0.18945193
0.20636562,0.1992928
0.21086617,0.20160437
0.25070205,0.21638513
0.28127837,0.2204217
0.30453733,0.23875517
0.35619283,0.29347584
0.42981744,0.29317722
0.48977634,0.33202255
0.53731537,0.37342852
0.5981561,0.43595088
0.6563625,0.43565673
0.70434713,0.46401453
0.69648975,0.47520253
0.65685594,0.48272574
0.60407895,0.44735754
0.5457961,0.42121497
0.48829466,0.35653722
0.40408432,0.32498473
0.3606045,0.32067773
0.3135991,0.27890357
0.28266135,0.23860905
0.26321465,0.26522836
0.25537392,0.23503864
0.26142666,0.24537584
0.2640781,0.28669807
0.27888626,0.30569792
0.3234453,0.32026353
0.3644454,0.33526137
0.401661,0.3508841
0.45891678,0.37960142
0.5121727,0.38067713
0.5675123,0.414582
0.61794204,0.48022997
0.6666132,0.5278666
0.7231149,0.5752721
0.76430345,0.6005589
0.7567836,0.59795743
0.717674,0.5891383
0.6750709,0.54602396
0.60978514,0.5148496
0.53615415,0.42421418
0.4611521,0.37076095
0.4035994,0.3496615
0.36063185,0.32216272
0.33084977,0.29122344
0.31348374,0.28708383
0.30505857,0.27576563
0.3165663,0.2749365
0.34251088,0.28436854
0.3628287,0.3339995
0.3936601,0.3592095
0.433622,0.39926702
0.47883728,0.42059046
0.52886117,0.4628872
0.5803803,0.49913406
0.62761176,0.5141046
0.66650045,0.5725209
0.7050495,0.6205768
0.7326206,0.64872193
0.74727064,0.65870476
0.72771245,0.6650565
0.6933538,0.61932856
0.6516983,0.57697254
0.58510864,0.5555347
0.51292676,0.48033184
0.44826823,0.41682255
0.40211177,0.3772361
0.3515957,0.3408659
0.3250158,0.30751315
0.30718708,0.30860096
0.3005546,0.2834289
0.31060627,0.29692182
0.34224984,0.2963978
0.36430526,0.3493203
0.40099666,0.3972145
0.44141316,0.44747195
0.494382,0.48177555
0.55430883,0.52501965
0.61241525,0.562516
0.6613629,0.5745716
0.70364857,0.6186792
0.7454703,0.6688635
0.7862696,0.7223254
0.8188091,0.72671556
0.8067733,0.7087338
0.75847507,0.69582903
0.69816494,0.6582443
0.63147783,0.6123121
0.54750973,0.5187394
0.48263332,0.44966292
0.4107326,0.41641113
0.37212932,0.3765945
0.34248567,0.34570238
0.32135308,0.34205717
0.31176496,0.31829888
0.32636034,0.32032776
0.35031527,0.31933033
0.34896863,0.36977983
0.42710233,0.42126518
0.45686218,0.47716644
0.51405257,0.5686676
0.5691606,0.61915314
0.63005,0.67255855
0.67938006,0.6948439
0.7021857,0.7428465
0.73437226,0.80455
0.7755843,0.81340915
0.7993316,0.8321564
0.76843745,0.8275628
0.7172207,0.7832473
0.6865803,0.7196007
0.6324024,0.6720195
0.5595054,0.60097337
0.5008846,0.5283219
0.44248426,0.3920209
0.39793077,0.36285236
0.36749375,0.3173859
0.34578824,0.32671663
0.3398325,0.31572717
0.3454614,0.3141156
0.3719362,0.32822558
0.3885614,0.36628354
0.4254959,0.40022013
0.4537621,0.43757504
0.50052315,0.47034502
0.556137,0.5265498
0.6076101,0.55824894
0.6624639,0.56479585
0.71673155,0.6127321
0.7472032,0.67129475
0.71252835,0.67526215
0.6552234,0.7034875
0.6383342,0.69632065
0.62824875,0.6803426
0.5992511,0.63158387
0.55900383,0.58288145
0.504649,0.5052582
0.45028952,0.44692814
0.38264456,0.3559694
0.34718233,0.33574143
0.3305776,0.30638167
0.3166423,0.29605618
0.30800867,0.30119434
0.31231695,0.29634398
0.31948048,0.29107547
0.34019095,0.3403345
0.36989015,0.35683194
0.41989905,0.38711792
0.46328616,0.39306924
0.5173201,0.44751993
0.54216754,0.45796534
0.58153135,0.4533265
0.5967287,0.48985726
0.6056302,0.5416848
0.625059,0.5227177
0.6116163,0.5640349
0.5809037,0.57853436
0.55586916,0.55189115
0.527297,0.50801367
0.48687452,0.47019064
0.43317768,0.42061406
0.3545851,0.38569397
0.33154747,0.29782334
0.29453605,0.28255045
0.27239305,0.25763914
0.2592221,0.25459293
0.25531712,0.25793672
0.25132966,0.24779168
0.26149586,0.2594016
0.27685642,0.29622942
0.3088499,0.3005973
0.33186874,0.3230193
0.33578527,0.33476877
0.36547035,0.36421576
0.382962,0.3770237
0.39119107,0.3826194
0.42660287,0.41954744
0.45455378,0.45647687
0.5116083,0.45640618
0.5456205,0.48450312
0.5409055,0.505428
0.51754314,0.46860784
0.50516087,0.43929398
0.45549673,0.41362476
0.38486406,0.37455606
0.35496408,0.32927406
0.31222254,0.26217285
0.27988386,0.2413791
0.2603594,0.22114806
0.25037694,0.21623462
0.24973308,0.215737
0.2605491,0.2148259
0.28706577,0.23240124
0.30797234,0.2673108
0.3324622,0.27054822
0.34813422,0.2831745
0.36266124,0.29749092
0.38646537,0.32205582
0.42994004,0.33548823
0.44973153,0.35899302
0.48168612,0.39371318
0.5258534,0.42903966
0.5552723,0.44946712
0.55218464,0.46548843
0.5341491,0.48385063
0.5182233,0.449051
0.49230176,0.42753547
0.44426158,0.40745905
0.3748205,0.3602667
0.31075665,0.307486
0.309392,0.27518296
0.30802736,0.24932206
0.30666268,0.22386189
0.30529803,0.21416742
0.30393338,0.22263762
0.3025687,0.22710016
0.30120406,0.2450956
0.2998394,0.26322854
0.29847473,0.28923875
0.29711008,0.29790074
0.29574543,0.32829028
0.29438075,0.37799555
0.2930161,0.3877222
0.29165146,0.42355385
0.29028678,0.48442763
0.28892213,0.52176154
0.28755748,0.537112
0.2861928,0.5571704
0.28482816,0.55907524
0.2834635,0.5229382
0.28209883,0.48860398
0.28073418,0.46410918
0.27936953,0.40911567
0.27800485,0.35276562
0.2766402,0.23890015
0.27527556,0.22130606
0.27391088,0.20995528
0.27254623,0.20039037
0.27118158,0.19296594
0.2698169,0.2023138
0.26845226,0.21412612
0.2670876,0.24478872
0.26572293,0.25817525
0.26435828,0.27294195
0.26299363,0.31625134
0.26162896,0.32832143
0.2602643,0.35147923
0.25889966,0.37789628
0.25753498,0.42445946
0.25617033,0.4476127
0.25480568,0.48376143
0.253441,0.49440873
0.25207636,0.4928353
0.2507117,0.45310554
0.24934703,0.43818215
0.24798238,0.4053627
0.24661772,0.37336433
0.24525306,0.30719578
0.24388841,0.20642841
0.24252374,0.20610283
0.24115908,0.17844236
0.23979443,0.19361171
0.23842977,0.18449134
0.2370651,0.17766787
0.23570046,0.19951315
0.2343358,0.23248391
0.23297113,0.20665507
0.23160648,0.21936679
0.23024182,0.22011709
0.22887716,0.2125503
0.2275125,0.24918273
0.22614785,0.23996806
0.22478318,0.29120523
0.22341852,0.3304449
0.22205387,0.37104595
0.2206892,0.37825692
0.21932454,0.38095137
0.2179599,0.36587232
0.21659523,0.36838436
0.21523057,0.34155238
0.21386592,0.3020954
0.21250126,0.24834022
0.2111366,0.17669496
0.20977195,0.16737476
0.20840728,0.14658481
0.20704262,0.15673688
0.20567797,0.14231972
0.20431331,0.1473088
0.20294864,0.17838289
0.201584,0.20188156
0.20021933,0.18236229
0.19885467,0.16192424
0.19749002,0.15208031
0.19612536,0.14076473
0.1947607,0.1492368
0.19339605,0.14149806
0.19203138,0.19634892
0.19066672,0.24224551
0.18930207,0.27568167
0.18793741,0.27973524
0.18657275,0.3152215
0.18520808,0.29740697
0.18384343,0.30191714
0.18247877,0.3096345
0.1811141,0.2632848
0.17974946,0.21662441
0.1783848,0.16251603
0.15827546,0.16580053
0.14369631,0.14050451
0.13677372,0.15996778
0.13354635,0.13944478
0.1356659,0.14606181
0.14432092,0.1597548
0.14390694,0.19615474
0.14180577,0.1624951
0.13963495,0.15580145
0.12773801,0.19090629
0.13281064,0.17439929
0.1700378,0.19926691
0.21476772,0.19744727
0.28516966,0.22667761
0.30575624,0.28592858
0.3337238,0.30970055
0.35675207,0.31198686
0.36247283,0.33092585
0.36729765,0.3298034
0.3531637,0.32906786
0.3230787,0.31218076
0.2912869,0.27292576
0.25163344,0.22535682
0.22398758,0.1949313
0.20382653,0.1991026
0.18945204,0.17688274
0.18221629,0.17627406
0.18792635,0.18776448
0.20186934,0.18422349
0.23932336,0.19135824
0.25399908,0.20316343
0.24749647,0.21813095
0.27215466,0.22481743
0.2732612,0.25316703
0.25293055,0.29770613
0.26449722,0.29411423
0.26025558,0.2930237
0.2661891,0.35122067
0.28016755,0.37347978
0.28857905,0.3764655
0.3051043,0.38344204
0.31908658,0.37682638
0.32518372,0.3653531
0.2882172,0.35974833
0.27920026,0.3374791
0.2410054,0.29881072
0.20144467,0.25916487
0.17424056,0.1997545
0.15738337,0.1811617
0.1463281,0.1613726
0.14130718,0.16350207
0.142644,0.16177079
0.15655667,0.17768355
0.18939093,0.20297745
0.19332881,0.21006738
0.18362233,0.22286868
0.1574402,0.19143438
0.1393188,0.20658088
0.1310188,0.21775107
0.13953754,0.18834242
0.16887315,0.20527288
0.1994751,0.24665336
0.23087469,0.27588087
0.27238834,0.28980088
0.30980948,0.31570935
0.32423994,0.33373892
0.32296634,0.3417676
0.3035363,0.32039598
0.2673435,0.31430125
0.22952546,0.27016214
0.19115886,0.23088801
0.16653998,0.19917542
0.1517878,0.16960901
0.13998017,0.15361226
0.13599658,0.14295363
0.1383746,0.14560111
0.1540509,0.16640715
0.18700565,0.19207056
0.1931545,0.20852694
0.17938839,0.22361323
0.1550515,0.19174978
0.1398426,0.17964816
0.13593975,0.18330748
0.14590257,0.16620046
0.17921449,0.19330207
0.20199837,0.21999751
0.24326251,0.25194174
0.28938782,0.28555244
0.33144236,0.30541185
0.3404238,0.33937714
0.34461033,0.33494958
0.3301927,0.31662178
0.28552812,0.32412025
0.21666852,0.27219293
0.19719577,0.2280002
0.18008521,0.17713559
0.1626474,0.15596503
0.15016814,0.14061655
0.14538732,0.13467997
0.14764743,0.13340692
0.16341302,0.16151626
0.1956107,0.17052405
0.204411,0.1816371
0.19091062,0.2123916
0.17014931,0.1918111
0.15832031,0.22256702
0.14832929,0.23931448
0.17215094,0.2418721
0.18842025,0.25434646
0.20823437,0.2997551
0.24701925,0.33272558
0.2951167,0.3598693
0.3261843,0.36874717
0.33198282,0.37509367
0.3370063,0.38221347
0.32056996,0.3611709
0.28589898,0.34734768
0.24434002,0.2975859
0.18692106,0.24760967
0.16497116,0.16731787
0.15198348,0.15696807
0.1421249,0.13900888
0.13698563,0.13293442
0.14074364,0.14750002
0.15545738,0.16278662
0.19058593,0.1622807
0.19803615,0.1747068
0.18972033,0.19041139
0.17572565,0.18342194
0.16074063,0.17454359
0.16470072,0.21814011
0.171578,0.20378795
0.22547609,0.20064223
0.20584098,0.25076133
0.22172192,0.2818208
0.24104771,0.29081464
0.2560148,0.32068074
0.26805314,0.32370436
0.27595368,0.32514757
0.26692864,0.30139032
0.24545427,0.27872932
0.21966219,0.23877352
0.19588327,0.21385527
0.12736717,0.14634332
0.1542205,0.14109606
0.14654428,0.12541226
0.14123924,0.13211542
0.13927351,0.14188655
0.14413294,0.14401308
0.15771534,0.14707015
0.17098756,0.16604625
0.1909149,0.16256253
0.20946056,0.17500144
0.22166723,0.17198914
0.22850564,0.18656996
0.24083152,0.19095057
0.2226187,0.1987777
0.22334415,0.2023183
0.23177317,0.21556248
0.23895039,0.21554767
0.24871582,0.23448113
0.25684363,0.25053945
0.2635748,0.24892439
0.25006548,0.2343049
0.24033336,0.21902001
0.21809764,0.1938583
0.19504248,0.16810477
0.17422006,0.15368026
0.16045694,0.13941249
0.15240303,0.14024058
0.14755514,0.13204515
0.14447944,0.13367257
0.14849207,0.14454986
0.16021,0.13952364
0.17202832,0.16695525
0.1896742,0.17358202
0.21092042,0.18371063
0.23278531,0.19313118
0.2463754,0.20486684
0.26165223,0.20392519
0.26105666,0.20561162
0.2577793,0.23859905
0.25409946,0.24680151
0.26088277,0.26511213
0.27188164,0.28573006
0.28366834,0.29358995
0.29400542,0.273862
0.2835748,0.25552985
0.26339367,0.23600325
0.23035303,0.21351749
0.20342322,0.18618959
0.18197532,0.15029609
0.16602345,0.14302272
0.15667927,0.13299645
0.1526786,0.13174516
0.15724537,0.13577352
0.17236839,0.14540167
0.20544748,0.14596255
0.22402346,0.16903733
0.23384058,0.1794071
0.23626176,0.18899423
0.24837232,0.19976407
0.24606308,0.21083483
0.25002062,0.20730081
0.2534569,0.22033533
0.25221664,0.23789762
0.25191414,0.24472971
0.25807324,0.24760489
0.26834154,0.26444766
0.27431777,0.27568844
0.28690043,0.26623595
0.26919472,0.24748254
0.24852698,0.23201072
0.21981813,0.20963946
0.1883741,0.17704237
0.16209283,0.15818852
0.14867109,0.14712788
0.14078893,0.14035322
0.13647167,0.13975942
0.13856044,0.14296772
0.15527195,0.1488436
0.18860225,0.14291582
0.2096887,0.17101105
0.21622376,0.17900714
0.22152667,0.19665784
0.22379062,0.20531645
0.21475022,0.21852379
0.21591829,0.21886668
0.21362486,0.2185584
0.21231665,0.22891907
0.2123739,0.24246196
0.22914265,0.24351667
0.2396579,0.26319617
0.25690344,0.28025377
0.26508167,0.27808005
0.25204444,0.25415495
0.23197441,0.23513868
0.20267896,0.21288168
0.16917905,0.18799025
0.15109824,0.1519148
0.13849507,0.13534184
0.1319348,0.121168315
0.12930301,0.12670577
0.13061506,0.1330272
0.1475889,0.14450549
0.18353945,0.15822788
0.20065129,0.16860637
0.19778919,0.16804647
0.17807975,0.16195366
0.15207577,0.14556423
0.13210313,0.15467975
0.13052833,0.15117186
0.12640375,0.14967658
0.11819347,0.18062758
0.13867794,0.20126544
0.17516896,0.22402854
0.21811259,0.25604308
0.25056535,0.27658376
0.27167785,0.27537698
0.24332447,0.2531757
0.22656298,0.23237547
0.176073,0.20827931
0.17173822,0.18137689
0.1525483,0.15737921
0.13497163,0.14002073
0.12925217,0.12223473
0.1254164,0.1334875
0.13646525,0.13456728
0.14536467,0.14206125
0.18054834,0.1674185
0.20072818,0.18001837
0.20670357,0.1780489
0.21096016,0.17455286
0.2124538,0.15772244
0.20656557,0.15464075
0.20967247,0.15374067
0.20546713,0.16245195
0.21234271,0.18254156
0.22050856,0.18939583
0.22845821,0.22460122
0.23853938,0.24273926
0.2566155,0.24344319
0.26787925,0.24608831
0.25623867,0.24902812
0.2347694,0.22363341
0.20616439,0.19245565
0.17846811,0.15717655
0.17773564,0.14263976
0.17700319,0.14123972
0.17627072,0.12795538
0.17553827,0.13951683
0.1748058,0.13784213
0.17407334,0.14141445
0.17334089,0.1459886
0.17260842,0.16755705
0.17187597,0.15635577
0.1711435,0.15619436
0.17041104,0.14153647
0.16967858,0.14498802
0.16894612,0.13784358
0.16821365,0.12456192
0.1674812,0.15184806
0.16674873,0.17260985
0.16601628,0.18078056
0.16528381,0.20572546
0.16455135,0.22412169
0.1638189,0.22902529
0.16308643,0.21796769
0.16235398,0.20442113
0.16162151,0.17624432
0.16088904,0.15478414
0.1601566,0.14041808
0.14480114,0.13880113
0.13472083,0.133723
0.12803154,0.1283969
0.12712835,0.13480295
0.13190062,0.13530101
0.14569964,0.1423125
0.1575628,0.16597728
0.16973275,0.15695596
0.18400045,0.15333986
0.19280587,0.14305289
0.18788876,0.15292688
0.1800519,0.15869536
0.16815539,0.14556143
0.16254145,0.19004229
0.1780977,0.20927592
0.18960029,0.23173793
0.21545644,0.23556441
0.23232988,0.25052962
0.2520389,0.23449956
0.24439983,0.24546888
0.22717692,0.23729867
0.20336469,0.20880419
0.17825748,0.17614575
0.1604642,0.16442588
0.14018354,0.1507033
0.1306454,0.14079584
0.12309819,0.13483632
0.12165583,0.14107081
0.124555506,0.15034577
0.13334042,0.1625295
0.13684636,0.17928465
0.13713431,0.16321853
0.12340751,0.15363915
0.10250307,0.14180937
0.09120769,0.14596549
0.09183958,0.16339672
0.10958287,0.17833221
0.1434139,0.20534687
0.18246195,0.24678926
0.23365602,0.278006
0.27986506,0.3042349
0.29470396,0.31911328
0.2981172,0.31739423
0.27752677,0.31973213
0.24617246,0.28510952
0.2114972,0.25852215
0.17775248,0.22033125
0.15332544,0.17154032
0.13668615,0.14911807
0.12656353,0.15083483
0.12379801,0.13321653
0.12785764,0.1325372
0.14597948,0.14991051
0.17654766,0.15891758
0.1871586,0.18755217
0.18333736,0.18127026
0.15862493,0.17647049
0.1407462,0.16587244
0.13877578,0.16541962
0.1591624,0.19254056
0.18456055,0.19210055
0.21726538,0.24134563
0.26933485,0.27101645
0.30536062,0.32124513
0.3374045,0.34644222
0.3166261,0.34632015
0.34728402,0.32964632
0.30155092,0.3305975
0.27394778,0.29131347
0.23063672,0.26867306
0.16734576,0.2244101
0.16350059,0.17271262
0.14901288,0.15045369
0.13378604,0.15147874
0.12854038,0.13808775
0.13254404,0.13890989
0.15334553,0.15318064
0.1749374,0.1630152
0.19604307,0.18693674
0.18102984,0.17394966
0.16807933,0.16290247
0.13073553,0.15509894
0.12936367,0.15273492
0.14340107,0.17374283
0.17172967,0.1810486
0.20907988,0.2050955
0.25631344,0.245421
0.30599123,0.27711046
0.35777277,0.30447838
0.33846703,0.32191187
0.34853497,0.32318038
0.3066936,0.3228194
0.2667945,0.29104608
0.22334117,0.2631294
0.20394787,0.22397375
0.16865055,0.179407
0.1513204,0.1624441
0.13874245,0.14301184
0.13259745,0.15072587
0.14227659,0.15580918
0.15305415,0.15843959
0.20297334,0.16973896
0.18912946,0.18574803
0.18822841,0.17790142
0.17214838,0.18927135
0.15525444,0.17554459
0.16837199,0.18897496
0.18341854,0.21448168
0.19230984,0.21987066
0.24805744,0.24853764
0.29830134,0.29974136
0.32724944,0.32741106
0.37581596,0.35784712
0.36404678,0.36707142
0.3397697,0.37531173
0.3274545,0.34779808
0.28183421,0.31809783
0.2201296,0.27251473
0.19120884,0.24088041
0.13725993,0.16772681
0.14519249,0.14877753
0.1347704,0.14040267
0.13030915,0.13835233
0.13211595,0.13549295
0.14931622,0.14595865
0.18394533,0.1510867
0.1968544,0.17374398
0.18674846,0.17000198
0.16917649,0.17570752
0.16309942,0.17809384
0.15562955,0.18801488
0.17543043,0.21515211
0.19623575,0.21295866
0.22904824,0.2569241
0.27484456,0.30042028
0.31866744,0.32757378
0.34348372,0.34989598
0.345631,0.36633012
0.35173756,0.35157382
0.32304794,0.331588
0.28616855,0.30789405
0.25383118,0.27245566
0.21867698,0.2354682
0.21696372,0.16356224
0.21525048,0.15615433
0.21353723,0.14329478
0.21182397,0.14195454
0.21011072,0.14894561
0.20839748,0.15714474
0.20668422,0.14987345
0.20497097,0.175326
0.20325771,0.17552255
0.20154446,0.18567938
0.19983122,0.20340768
0.19811796,0.22454232
0.19640471,0.23325261
0.19469146,0.25088516
0.1929782,0.27118075
0.19126496,0.31013608
0.18955171,0.32631135
0.18783845,0.34891012
0.1861252,0.3612178
0.18441196,0.36119968
0.1826987,0.33075938
0.18098545,0.30327964
0.1792722,0.26721177
0.17755894,0.23412618
0.1758457,0.13582665
0.17413245,0.14857343
0.17241919,0.14547914
0.17070594,0.1339589
0.1689927,0.13717933
0.16727944,0.14118533
0.16556619,0.12127984
0.16385294,0.16540264
0.16213968,0.1552363
0.16042644,0.1773302
0.15871319,0.16826548
0.15699993,0.16853015
0.15528668,0.17763051
0.15357344,0.16617498
0.15186018,0.1825247
0.15014693,0.188564
0.14843369,0.19986716
0.14672042,0.21752118
0.14500718,0.22994879
0.14329393,0.2222851
0.14158067,0.22441313
0.13986742,0.20389113
0.13815418,0.19074091
0.13644092,0.16283655
0.13472767,0.124496154
0.12393131,0.1244378
0.10285469,0.11332555
0.10893902,0.11831608
0.108146064,0.11838697
0.1101182,0.12096241
0.12247698,0.13012113
0.12516646,0.15946712
0.12191986,0.14376193
0.09311532,0.12899302
0.07746594,0.11218226
0.07705108,0.09670177
0.09822768,0.09965898
0.10234542,0.08366108
0.11943888,0.09591794
0.121742554,0.12502207
0.14632683,0.1420218
0.1877076,0.1581456
0.20093624,0.18997705
0.21892008,0.19781986
0.20661555,0.20082122
0.2063088,0.20097971
0.15700355,0.17677142
0.148651,0.14905578
0.10445641,0.15039364
0.1160436,0.13084112
0.11078171,0.123057246
0.11036942,0.11933898
0.11407018,0.12267101
0.12851346,0.14156248
0.15885778,0.15302265
0.17384323,0.17273487
0.16172285,0.17963615
0.13026856,0.15416989
0.10626663,0.15002432
0.082780376,0.13623282
0.09358358,0.12359946
0.12949227,0.12939152
0.09932569,0.13088521
0.13677244,0.1482626
0.13525958,0.17472804
0.20897393,0.19746865
0.23622502,0.22602794
0.24657534,0.24172075
0.22987494,0.2337111
0.21982412,0.22533089
0.1848763,0.20023757
0.14866084,0.16790602
0.119162455,0.16672137
0.124585845,0.14289056
0.11958072,0.13323787
0.11737573,0.13534385
0.12068129,0.13167508
0.13802426,0.14889456
0.1744653,0.17027228
0.18992414,0.18462601
0.17629859,0.18730208
0.1507573,0.17000785
0.109090686,0.17627361
0.095073365,0.1535694
0.08134784,0.14853773
0.08945173,0.154342
0.10771027,0.17856789
0.1633015,0.19425716
0.16432261,0.23203297
0.20848516,0.26161188
0.25687826,0.28628245
0.24529533,0.28673428
0.2200715,0.2702228
0.22183813,0.25336817
0.18462636,0.23151115
0.15513054,0.19344002
0.13259232,0.18880549
0.098448984,0.16785039
0.11610341,0.14397883
0.116460584,0.15301865
0.1196102,0.15575184
0.13938972,0.16317779
0.1821475,0.18873695
0.19242775,0.20203833
0.1739398,0.19628753
0.14381123,0.19221032
0.10852118,0.17334752
0.08447011,0.15896244
0.07388865,0.17194167
0.08449318,0.17876521
0.10505711,0.19805066
0.14232571,0.22745936
0.17597859,0.2660795
0.22062135,0.29612207
0.24394183,0.31711096
0.25023893,0.31975
0.24252725,0.30625468
0.21454856,0.28751874
0.18354586,0.24983066
0.1632229,0.20670842
0.11550955,0.15506232
0.12427994,0.15421969
0.12011477,0.14049073
0.11602352,0.13791326
0.121999756,0.15025087
0.13489729,0.15747592
0.17214067,0.16185035
0.19147928,0.16660134
0.17886545,0.165032
0.14985411,0.15164632
0.120523214,0.14383608
0.098673716,0.16958751
0.093320824,0.16045466
0.09670414,0.13753715
0.11937479,0.19894908
0.14539586,0.23315193
0.19218722,0.2446888
0.23357613,0.2725079
0.25855815,0.27550656
0.2698236,0.29403198
0.25415158,0.294054
0.22953486,0.26307127
0.1988056,0.23038131
0.17586793,0.2069752
0.15046635,0.16684178
0.13765684,0.14600995
0.1301438,0.13053674
0.12703222,0.12959659
0.1294064,0.13582012
0.14417651,0.1439806
0.1813161,0.17255436
0.1981925,0.18535331
0.17967464,0.19465852
0.14292428,0.17785631
0.1088399,0.16906904
0.082922645,0.16866724
0.073520795,0.16423094
0.07856266,0.17660215
0.09498535,0.20680095
0.12334342,0.22550718
0.1718476,0.250803
0.21359624,0.27294198
0.23854664,0.2935412
0.2451898,0.27671486
0.23413154,0.2609995
0.21516463,0.25920212
0.19745125,0.23160061
0.17027962,0.18953425
0.14989257,0.14298469
0.13886891,0.13380806
0.13256584,0.12921318
0.12646441,0.12213246
0.1287399,0.12543681
0.13415645,0.13190785
0.1473599,0.14297436
0.16426578,0.16592626
0.1821411,0.16343443
0.20053251,0.15979056
0.20945285,0.15205061
0.21696502,0.15266764
0.21445115,0.14710173
0.22179839,0.14670399
0.21925503,0.15992211
0.22412387,0.16514064
0.22138098,0.16675425
0.23539618,0.18747662
0.24451648,0.20771322
0.24257809,0.20421904
0.23362783,0.21235305
0.21810961,0.19608524
0.19806775,0.18655011
0.17339976,0.15903878
0.1556005,0.14581144
0.14434057,0.13628703
0.13271067,0.12677501
0.12856814,0.12169371
0.13018183,0.13063589
0.13374844,0.13816631
0.14450806,0.14208506
0.15274355,0.16931896
0.14734706,0.16481751
0.118159294,0.16463494
0.08380148,0.15166593
0.06708869,0.13777696
0.076633245,0.14740863
0.09297006,0.14513808
0.11999856,0.13705863
0.13893642,0.15493083
0.16744445,0.18560879
0.19861975,0.21260495
0.22825271,0.22653988
0.23523937,0.24456592
0.23307113,0.24700066
0.2117356,0.21574515
0.18715091,0.19949174
0.1648212,0.1710148
0.14419532,0.14813003
0.13368863,0.13972765
0.12922354,0.11952384
0.12929402,0.12669313
0.13443245,0.13544804
0.15644942,0.14646438
0.19540349,0.16044068
0.2157632,0.17616336
0.2000352,0.17257607
0.15510575,0.15517205
0.11684596,0.12958935
0.109614484,0.1198464
0.11274616,0.120713264
0.13485585,0.12706569
0.16305627,0.13038236
0.17321433,0.15063997
0.19157797,0.19014494
0.22261485,0.21010923
0.25821295,0.230331
0.26763272,0.24795227
0.25767633,0.25061175
0.22825229,0.23239014
0.20267,0.20487732
0.17717955,0.16862163
0.15318872,0.1447137
0.14356215,0.14610836
0.13643493,0.118876785
0.13447817,0.12802672
0.14091112,0.14596057
0.15836431,0.14829525
0.20332281,0.15475155
0.21545175,0.16846962
0.19596574,0.16953984
0.1614161,0.17295852
0.13177331,0.16819352
0.11599703,0.1749184
0.124318816,0.18662634
0.14541252,0.19832626
0.17445333,0.18290733
0.18524371,0.20279945
0.1982049,0.22874464
0.22472328,0.24175441
0.25722304,0.2377199
0.26482448,0.27228343
0.2522824,0.28062794
0.22916017,0.24196845
0.201337,0.21227023
0.18229191,0.17827144
0.15568851,0.16346222
0.14454608,0.14538595
0.13821694,0.124180436
0.13510706,0.13785842
0.13874757,0.13895074
0.15720308,0.14522369
0.1957282,0.17521079
0.21730895,0.18729855
0.1919578,0.17386952
0.1514802,0.1527582
0.120340355,0.12589
0.0950661,0.10613489
0.09520068,0.098937295
0.11075607,0.10231531
0.13087225,0.11924665
0.15393041,0.14297017
0.18059875,0.17471209
0.21893246,0.20553087
0.25414178,0.23941177
0.2628156,0.24763517
0.24770369,0.23754427
0.2296985,0.22955263
0.20099905,0.19943106
0.17916536,0.16902928
0.15523607,0.16190574
0.14429016,0.1458719
0.13868476,0.13408588
0.13779612,0.1388815
0.14110252,0.1394121
0.16005662,0.15585534
0.20628487,0.16935298
0.22012362,0.1836711
0.20270759,0.16783361
0.16425212,0.14525542
0.12512031,0.12392997
0.102482565,0.10845071
0.08941798,0.09892931
0.093631424,0.095152736
0.11117434,0.11549561
0.14056805,0.14083327
0.17936958,0.17075805
0.22043678,0.21194549
0.25496933,0.23641199
0.25838214,0.25528508
0.24895807,0.25114092
0.23189794,0.22047597
0.2006282,0.20096949
0.17737907,0.17380099
0.15208004,0.1529383
0.14112645,0.14015198
0.13526984,0.12161721
0.13322848,0.13788632
0.13766238,0.13641626
0.15299305,0.14081389
0.18837367,0.15680791
0.20724873,0.17688228
0.20909184,0.16626516
0.20939688,0.16731113
0.1832972,0.16570954
0.1819232,0.16104372
0.19565043,0.16147152
0.20359156,0.16627994
0.18049024,0.1807704
0.18180485,0.20616876
0.19682534,0.22860666
0.22805448,0.24931741
0.25538334,0.26984015
0.2574785,0.27676284
0.2465074,0.25548068
0.22809933,0.23870304
0.20322028,0.2056165
0.18506727,0.17607832
0.16428415,0.13752902
0.14548516,0.13309732
0.13722062,0.12693292
0.1293483,0.1267846
0.13166778,0.12812564
0.13587311,0.13089816
0.15250343,0.14274263
0.16525057,0.17188562
0.17503096,0.153001
0.17227826,0.1424897
0.14181986,0.13274503
0.12914962,0.113927975
0.14028008,0.1187815
0.13364804,0.11665714
0.14990582,0.1261561
0.1610085,0.15028626
0.17364542,0.16964948
0.1978144,0.18534681
0.22723204,0.216217
0.23119384,0.21441878
0.22242302,0.21745524
0.21015054,0.20641264
0.19149168,0.19236302
0.17399618,0.16001594
0.15172371,0.12304901
0.14020446,0.12550995
0.1309953,0.106667355
0.1263576,0.11894939
0.12568215,0.12304503
0.13082868,0.123159096
0.14526641,0.13972758
0.15008439,0.1524392
0.1540274,0.13465472
0.12495412,0.13061953
0.08926888,0.11143627
0.08023744,0.11608197
0.09159135,0.11752475
0.08987171,0.09933871
0.07740527,0.13975702
0.10316657,0.15959676
0.14991435,0.1768386
0.1987176,0.20322761
0.23271011,0.2112828
0.24012701,0.21529588
0.23017828,0.2197642
0.21066152,0.19674286
0.19283962,0.1776925
0.16421238,0.15449455
0.14613584,0.13941577
0.13696513,0.13255322
0.13389583,0.110366255
0.13202666,0.12532607
0.13754874,0.13424665
0.15589614,0.13235779
0.20478013,0.16137764
0.21977755,0.17206593
0.19926147,0.14517622
0.15678139,0.13855602
0.12081673,0.11833211
0.09133672,0.091209844
0.07888523,0.103402495
0.07832725,0.11121634
0.091520004,0.12516995
0.12266924,0.14397435
0.17096192,0.18737344
0.21657026,0.20831057
0.25135487,0.23378882
0.26595923,0.23520033
0.24940325,0.23733807
0.24484715,0.22005653
0.20199537,0.20269558
0.17593713,0.1640784
0.12989174,0.16901189
0.14964135,0.14815497
0.14612302,0.1279808
0.1455048,0.13959083
0.1519117,0.15103465
0.16870695,0.16237058
0.20921531,0.19651045
0.23056409,0.19397794
0.20777893,0.18761158
0.16767046,0.15806523
0.12539077,0.13999002
0.10032799,0.11858186
0.08418429,0.114597484
0.08389718,0.14863138
0.10018444,0.1643788
0.12952815,0.17867978
0.17205395,0.22994547
0.21869706,0.26122066
0.253515,0.27307042
0.2613694,0.2914195
0.25042138,0.29841927
0.23075806,0.25452295
0.20699836,0.23360047
0.18098241,0.18590285
0.15516941,0.16710147
0.14637296,0.14672244
0.13908851,0.13477077
0.1380281,0.13317057
0.13987805,0.14660278
0.16507241,0.15622884
0.20025992,0.17964433
0.2178242,0.17781748
0.19872187,0.17721239
0.16183521,0.15729043
0.13542962,0.14473557
0.11093252,0.13663973
0.10529893,0.13754496
0.10715572,0.16166529
0.12220483,0.18170507
0.14051165,0.20885326
0.19487499,0.23874806
0.23821425,0.27547646
0.25943655,0.29257092
0.26700854,0.30534247
0.2585637,0.30500212
0.2318411,0.26769856
0.1954539,0.24100554
0.17367704,0.20244828
0.1588189,0.15197667
0.13571289,0.1311199
0.13452345,0.122646526
0.13168272,0.12014001
0.12765385,0.1293093
0.15295844,0.13958755
0.20305409,0.16378301
0.20616695,0.16777657
0.19396411,0.15852228
0.16111916,0.1373102
0.11796789,0.11978724
0.114106916,0.106202304
0.10599918,0.114009894
0.12695232,0.11753254
0.14748806,0.15697409
0.18588458,0.19239569
0.2332933,0.22561985
0.24807581,0.25308055
0.28972533,0.27578247
0.27531496,0.28382462
0.2656089,0.27967378
0.24193422,0.25675145
0.20917045,0.22534809
0.17914358,0.19005449
0.16039029,0.15204418
0.14080602,0.13496464
0.1365614,0.13076855
0.13113971,0.1227802
0.13700359,0.13130891
0.15035997,0.1350422
0.18893935,0.14788593
0.20722865,0.17376716
0.20995572,0.15779537
0.19155534,0.15193063
0.1635775,0.12769467
0.14028393,0.12715174
0.13967554,0.13601536
0.17935592,0.14774735
0.2005043,0.16466697
0.23451605,0.20186688
0.24932933,0.2314008
0.26060975,0.25518137
0.27701065,0.28777537
0.27423745,0.2771043
0.2610605,0.2670499
0.24236318,0.25404504
0.2204325,0.22594762
0.19042914,0.19129303
0.16837968,0.15844226
0.15153146,0.13848779
0.14043689,0.14312261
0.13664983,0.12983501
0.13525489,0.13720106
0.1404843,0.13701296
0.15421453,0.13868405
0.16381975,0.17204078
0.16685358,0.14687479
0.14934528,0.14806733
0.13849038,0.12757686
0.13292386,0.12513585
0.137744,0.14346458
0.16175063,0.14121398
0.18894276,0.1621692
0.23240848,0.21790326
0.27914044,0.23994598
0.30545932,0.2703809
0.3090648,0.30941278
0.3020038,0.30372164
0.2813792,0.27890807
0.26463392,0.27143258
0.23915888,0.23804265
0.21201715,0.21688026
0.18562268,0.14473033
0.16597988,0.15031387
0.15283796,0.1357236
0.14428888,0.14038861
0.13873006,0.14225473
0.13924403,0.14470938
0.14519976,0.1451405
0.15475713,0.17076795
0.16750939,0.16693987
0.17075728,0.18669549
0.15698133,0.2089886
0.15421282,0.21431905
0.14778413,0.226156
0.15043046,0.22934899
0.15802124,0.24532367
0.17977333,0.2605492
0.20516422,0.26652452
0.2279622,0.27195024
0.25277162,0.27305835
0.24923833,0.2734137
0.23832789,0.26937637
0.21883975,0.24463391
0.19449475,0.22449279
0.16810112,0.18496704
0.15178995,0.14611658
0.13717106,0.13566785
0.13046125,0.12852843
0.13258079,0.12242631
0.13605852,0.13699989
0.15177798,0.14215395
0.1837001,0.14408322
0.22066791,0.17196228
0.20214577,0.17122684
0.20019841,0.16273308
0.17667626,0.14626819
0.14419831,0.1471739
0.13069624,0.1507591
0.14268844,0.1471506
0.19252047,0.1633489
0.22968696,0.19362162
0.25518638,0.21319734
0.27046406,0.23051864
0.28120318,0.25707832
0.26613826,0.26471338
0.24246188,0.25671253
0.22714788,0.23770186
0.1753185,0.21512717
0.16718213,0.18941864
0.14762434,0.15805349
0.13585515,0.13935976
0.12908724,0.119551644
0.13173784,0.12649244
0.13026386,0.13238108
0.16100766,0.14331734
0.18152885,0.16023572
0.21046542,0.17217602
0.20537357,0.17912607
0.19287893,0.18202786
0.1726397,0.16425937
0.16290374,0.16132258
0.1703796,0.15589562
0.18719235,0.15651947
0.19631736,0.16041096
0.21295965,0.17311406
0.22326083,0.1977949
0.2271342,0.22524172
0.25631428,0.24015489
0.24922252,0.26045567
0.24410035,0.24946803
0.23793869,0.2289075
0.20852746,0.20476905
0.1836091,0.18226603
0.1624372,0.17473066
0.15273671,0.15337783
0.14658871,0.14100793
0.14695871,0.13941273
0.15152676,0.14741154
0.15919572,0.1528429
0.20234059,0.16552345
0.23207481,0.1846979
0.2252881,0.19207588
0.1995584,0.19112298
0.16026638,0.16836318
0.12024337,0.16570397
0.12278673,0.15976402
0.119310275,0.15896064
0.13507715,0.16790183
0.16038729,0.18241976
0.19300966,0.20260765
0.2474875,0.24638277
0.28593314,0.2775408
0.28887084,0.28405285
0.27912635,0.27139118
0.26439127,0.25067952
0.23359323,0.23655349
0.21165186,0.21913722
0.19331813,0.19269878
0.18222356,0.18565051
0.18181297,0.16853024
0.1815421,0.17182401
0.18470411,0.18630911
0.20737433,0.18784553
0.2565527,0.20457391
0.27389437,0.22234802
0.25123057,0.2115942
0.20919181,0.19143584
0.15414703,0.12850088
0.1281832,0.12941052
0.10601968,0.10935548
0.09368355,0.092322916
0.120914996,0.12985761
0.14454266,0.14596102
0.19705178,0.17206018
0.24559098,0.21986337
0.28251436,0.2426677
0.29007438,0.2513967
0.28306165,0.2562474
0.2708473,0.23479426
0.24512145,0.21926335
0.21737902,0.19789013
0.19658396,0.19467595
0.18705179,0.16887718
0.18270847,0.17070892
0.18077478,0.1526444
0.18416877,0.17099689
0.21320403,0.19716716
0.24748665,0.20048636
0.28791428,0.21258934
0.25427848,0.22081278
0.1999741,0.18002123
0.16254571,0.1282382
0.119974636,0.13035874
0.09440644,0.08496709
0.094258614,0.07639901
0.10755775,0.107017025
0.13448629,0.11645423
0.18621184,0.13922228
0.21893546,0.20471723
0.27053156,0.22787085
0.25944254,0.25085142
0.24875085,0.24232581
0.23508728,0.20643112
0.21342278,0.20178968
0.18771401,0.18700096
0.1713584,0.17079821
0.16259955,0.15255821
0.111684896,0.15423644
0.14321566,0.14065698
0.15747395,0.14655873
0.16399834,0.16590646
0.18189415,0.17834416
0.2046447,0.19580011
0.19280373,0.20111732
0.19899529,0.16576931
0.17438284,0.13596141
0.10951494,0.1316382
0.08497981,0.1002565
0.10776368,0.090203136
0.13452004,0.12114121
0.15998612,0.13021277
0.18537103,0.15437765
0.21061282,0.1959307
0.2319462,0.22247443
0.22725639,0.23086332
0.21558973,0.2300604
0.2106423,0.20948508
0.18917005,0.20130342
0.1727102,0.17579152
0.10869421,0.15409377
0.13461915,0.14592116
0.14293112,0.13760728
0.13666649,0.14816016
0.13692881,0.14643054
0.14081883,0.14764719
0.16053385,0.16491501
0.17834933,0.18223427
0.21980403,0.1635879
0.22178942,0.1395731
0.09792519,0.124451384
0.086945966,0.08365263
0.098982185,0.090337425
0.0862611,0.091450125
0.06788848,0.11085731
0.11812255,0.14823166
0.14652976,0.17542002
0.19558848,0.20969447
0.18903548,0.25606838
0.24388629,0.26025552
0.2355111,0.25278008
0.20771058,0.2435044
0.20030265,0.22655621
0.081214115,0.18925314
0.13275126,0.15486449
0.13626574,0.15424278
0.12908767,0.13740359
0.12896591,0.15433225
0.13485286,0.14820759
0.15361255,0.14699616
0.15703987,0.16300638
0.2170556,0.19333686
0.19490063,0.1660929
0.15952641,0.16564563
0.11956534,0.13583088
0.09505371,0.12181392
0.08792264,0.13165556
0.08680327,0.10578728
0.10309096,0.14449824
0.1388531,0.16782714
0.17410214,0.20331606
0.2199805,0.22582704
0.2543323,0.2513354
0.24693935,0.2411943
0.24945879,0.24105337
0.23310018,0.22432345
0.21908456,0.2087431
0.17906155,0.17345564
0.117680356,0.18103263
0.14326437,0.15602611
0.13410817,0.1447355
0.12730138,0.14546153
0.12804307,0.14184664
0.1402207,0.14727467
0.15051633,0.16105543
0.17990577,0.19549279
0.18248032,0.19058034
0.17200226,0.20032084
0.15669082,0.17608349
0.1571014,0.16763304
0.16625588,0.17255846
0.182444,0.18535474
0.19223037,0.17525087
0.19462164,0.19733097
0.19287209,0.21349035
0.21441525,0.24001125
0.25343597,0.28749064
0.2530899,0.268078
0.24271223,0.24226564
0.23080078,0.24814072
0.20473826,0.21623349
0.17888808,0.18237865
0.15858392,0.1630567
0.121848516,0.14378081
0.13504682,0.12903483
0.13273288,0.13781115
0.13171391,0.13515976
0.14040996,0.1438512
0.1596768,0.16719162
0.1975085,0.18366487
0.20151943,0.1754752
0.16036594,0.1627664
0.13837588,0.13965833
0.10749025,0.12503041
0.086047485,0.110439084
0.082619734,0.109670654
0.10763807,0.12756713
0.13450721,0.1511405
0.17590466,0.1672363
0.22486171,0.20605619
0.26262292,0.25361815
0.26416397,0.25567406
0.25973305,0.23516244
0.24927935,0.23633802
0.22967543,0.21745333
0.21717736,0.19396435
0.17709753,0.19682768
0.1755603,0.16464569
0.17402306,0.16138473
0.17248584,0.15540683
0.17094861,0.15005462
0.16941138,0.17234199
0.16787416,0.18305863
0.16633692,0.20408995
0.1647997,0.21218894
0.16326247,0.19702575
0.16172524,0.17674443
0.16018802,0.16075392
0.15865079,0.1473063
0.15711357,0.15335594
0.15557633,0.15425809
0.1540391,0.17501119
0.15250188,0.20555173
0.15096465,0.24721396
0.14942743,0.2834138
0.1478902,0.29694402
0.14635296,0.2796549
0.14481574,0.2587279
0.14327851,0.22708914
0.14174129,0.19762546
0.14020406,0.14843833
0.13866682,0.13326454
0.12663916,0.12970904
0.12010067,0.13098916
0.12251116,0.119164824
0.12433676,0.13415709
0.14631699,0.1464699
0.17773539,0.16748627
0.18344802,0.165346
0.1967117,0.16596799
0.20891924,0.17322674
0.22111523,0.15326747
0.22845267,0.15149833
0.23202097,0.15609415
0.23556578,0.16704969
0.23284854,0.16599645
0.23277761,0.18133453
0.2506149,0.20845056
0.27430537,0.22529396
0.26720336,0.23161773
0.25833982,0.24339965
0.24343385,0.21142322
0.23756528,0.21135333
0.20554575,0.17894644
0.19597642,0.19510671
0.18055859,0.17260009
0.16257605,0.16591337
0.15554582,0.17710695
0.15484898,0.15894444
0.15756024,0.17530921
0.16799004,0.17968291
0.17981264,0.21709745
0.1841457,0.22030994
0.1656274,0.21337631
0.15350659,0.20956802
0.11636488,0.16969225
0.0809441,0.16646466
0.07542629,0.15636231
0.09014514,0.14632641
0.1323864,0.16992536
0.16787042,0.20817341
0.20973782,0.24776822
0.24247256,0.28285933
0.24107377,0.29979798
0.23274258,0.27660874
0.21128573,0.25410637
0.20432298,0.24038646
0.19800538,0.20833023
0.17474984,0.18525141
0.1613486,0.17524101
0.15351515,0.14727761
0.15106021,0.16087928
0.15006132,0.1687082
0.16019632,0.17018224
0.1690983,0.18599036
0.17187792,0.21425085
0.18020569,0.21061337
0.17038429,0.2063036
0.12460677,0.15877664
0.09657597,0.14502351
0.09657682,0.15378168
0.12001693,0.15195596
0.1087066,0.1502776
0.12657721,0.17701101
0.16861552,0.22063495
0.22388333,0.24868417
0.26840776,0.2812043
0.26916227,0.30270368
0.2612459,0.30647206
0.23575634,0.29049048
0.2396092,0.26083097
0.21480234,0.23003183
0.19463873,0.2122705
0.18129088,0.20459381
0.17714708,0.19979724
0.17511812,0.20271674
0.18741965,0.20275427
0.19158652,0.2058602
0.20970792,0.20759678
0.24157493,0.2466801
0.24399523,0.23503199
0.2023064,0.22748336
0.15576713,0.20240441
0.1252284,0.16720548
0.095132746,0.16524331
0.1096978,0.14205518
0.11382622,0.15233652
0.14179593,0.1738056
0.18638828,0.21193945
0.23954852,0.2530855
0.28240243,0.28501207
0.28438994,0.2967622
0.29159793,0.2957699
0.2437312,0.26906425
0.2553829,0.26062015
0.22571832,0.23099065
0.20434391,0.22004429
0.18184544,0.19183671
0.17243761,0.1812768
0.16842027,0.17526796
0.17045906,0.1865709
0.17897226,0.19455115
0.21003006,0.19766177
0.24843854,0.22786044
0.21277593,0.24689485
0.1919501,0.23155546
0.13646312,0.21092826
0.12250176,0.19750948
0.10454827,0.1841459
0.09715915,0.2045826
0.10854895,0.18908201
0.14096667,0.20687161
0.18285416,0.23576559
0.2344618,0.28340614
0.27940106,0.32818046
0.28465655,0.33924764
0.27752635,0.31616977
0.2678203,0.29501197
0.24734865,0.27183053
0.22353299,0.24211478
0.1998062,0.19429198
0.18305197,0.19324394
0.17397355,0.17111191
0.16937771,0.20074257
0.17282341,0.19130886
0.18727054,0.1856171
0.2026059,0.20043571
0.24339882,0.2253121
0.25808647,0.20558396
0.21425503,0.19909468
0.17477162,0.16450608
0.16990066,0.15549573
0.15035228,0.13849455
0.15157162,0.112007946
0.14903894,0.14542194
0.16908292,0.18032263
0.1970975,0.18367538
0.26042005,0.23111296
0.28072852,0.27554873
0.2924947,0.28023738
0.2739593,0.25092053
0.26358593,0.25014326
0.2416984,0.22719315
0.17322202,0.20591058
0.17415127,0.2166588
0.16618538,0.19309954
0.15573978,0.17412065
0.15145926,0.19196606
0.15997544,0.18095045
0.16683264,0.1875083
0.19165231,0.21032132
0.23766781,0.2293304
0.22206542,0.23632933
0.17516597,0.22529179
0.15184976,0.18153772
0.095603995,0.17198776
0.11364165,0.16427486
0.076405525,0.14340432
0.11185323,0.18560798
0.151129,0.21211137
0.18870479,0.24676044
0.21867868,0.29479355
0.26357138,0.3307849
0.25981084,0.3259619
0.24899738,0.30098307
0.23067388,0.2872448
0.23258366,0.2542388
0.1727653,0.22541896
0.17602685,0.1798856
0.1602352,0.16519383
0.14929913,0.16079368
0.1436352,0.16107711
0.15092607,0.15418628
0.15974303,0.16408506
0.16834123,0.16128032
0.20946953,0.20698565
0.21059103,0.18457973
0.16747607,0.18477264
0.13775253,0.11784005
0.11687074,0.09542473
0.10727919,0.11071027
0.10912059,0.077498555
0.13211125,0.096710324
0.16346514,0.13993154
0.18550177,0.19001894
0.20816858,0.21886554
0.25171292,0.26431242
0.24587253,0.26553258
0.23796432,0.25937286
0.19073118,0.24502218
0.21020095,0.21289259
0.18949817,0.188262
0.16597816,0.13754499
0.14766109,0.1376558
0.13395266,0.14059165
0.12475118,0.12832734
0.12137727,0.13148163
0.12248681,0.13076523
0.12868991,0.13417028
0.14585601,0.16165386
0.15598117,0.1657992
0.1576833,0.15696682
0.14532793,0.16502523
0.1000866,0.15528052
0.09649564,0.15458757
0.09118975,0.15463136
0.08409926,0.1720855
0.1146226,0.19036117
0.16015019,0.18575734
0.20706971,0.20201056
0.2505692,0.24760649
0.24485655,0.23488514
0.24082427,0.24102578
0.23650572,0.24033651
0.22532526,0.23384705
0.16229749,0.20322606
0.19155662,0.18146837
0.17765935,0.16988821
0.16953109,0.16218375
0.1644559,0.16981539
0.16918375,0.1579637
0.17123578,0.16657794
0.18573974,0.18213424
0.20419823,0.20458564
0.18693174,0.20123735
0.16123495,0.16942513
0.12516817,0.16727772
0.0969639,0.14263907
0.08200365,0.11339557
0.07921719,0.101794064
0.09440644,0.1400648
0.1239296,0.158042
0.16403508,0.16757831
0.21557692,0.21145356
0.25572383,0.25727406
0.2573307,0.25759497
0.2533578,0.23953062
0.23843001,0.23939624
0.2278917,0.23169658
0.16552956,0.20247155
0.181349,0.18806496
0.16446061,0.18251397
0.15675618,0.15933415
0.15415087,0.18347669
0.16169167,0.18155126
0.1762251,0.17523861
0.20304169,0.19043647
0.23746616,0.21972254
0.24959849,0.19536956
0.19861975,0.19624504
0.1577226,0.15306267
0.12772904,0.13295348
0.10813794,0.12928726
0.09744027,0.11529824
0.13363948,0.114686266
0.16502243,0.14293416
0.21061623,0.16152559
0.24979545,0.20871228
0.3001218,0.2526525
0.30074814,0.26855943
0.29515257,0.25457934
0.26149628,0.24223885
0.26759386,0.22738484
0.2009888,0.21014825
0.20848131,0.20896336
0.1871381,0.20363809
0.17726585,0.18157454
0.17370652,0.19389564
0.17809811,0.20214562
0.18980323,0.19859724
0.20789771,0.21692465
0.2461763,0.23297165
0.24634036,0.21845977
0.23291305,0.21619162
0.23294467,0.19451979
0.23779128,0.207395
0.24389227,0.18750328
0.25326508,0.17458144
0.25838128,0.20009036
0.2557546,0.21573819
0.26484627,0.21180671
0.28848162,0.2469647
0.3066197,0.26113728
0.3008938,0.27390394
0.2845647,0.26785356
0.26640484,0.2388742
0.25672188,0.22447595
0.17508906,0.20323074
0.18931104,0.2019774
0.166217,0.17375904
0.15068851,0.15732576
0.14210525,0.16212332
0.14237955,0.1637915
0.14771321,0.17754105
0.16421409,0.19084837
0.19022448,0.21405225
0.19514158,0.22113475
0.21756445,0.22988963
0.2103475,0.22004268
0.20751062,0.19947813
0.21024881,0.20511669
0.19529626,0.21547884
0.19579655,0.18696032
0.2006107,0.19218351
0.19841725,0.22273906
0.24902214,0.25266647
0.27573878,0.2732729
0.26696068,0.29865003
0.2571457,0.28635433
0.19954345,0.2563248
0.2304718,0.23243442
0.20642117,0.20525777
0.18140453,0.18206081
0.16179292,0.16779591
0.15026769,0.14199586
0.14299178,0.15397528
0.1399148,0.16317357
0.1406018,0.16261826
0.15050352,0.17778663
0.1608752,0.19921805
0.16916537,0.19878319
0.16355614,0.20874414
0.13482337,0.17954752
0.11295978,0.1786805
0.11069199,0.18740389
0.12394925,0.182996
0.12923208,0.18107407
0.13557361,0.20190157
0.18995917,0.22114149
0.18768753,0.24455509
0.2139064,0.26889998
0.21231836,0.29031876
0.21597254,0.2835118
0.20402648,0.2651757
0.18009803,0.23475707
0.19831257,0.21121663
0.18033728,0.15093312
0.16474003,0.15222548
0.15628408,0.1421588
0.15429357,0.14948916
0.15634432,0.15551685
0.16363518,0.14606355
0.19432598,0.15058824
0.20479979,0.1711455
0.18285373,0.16229099
0.18753116,0.16405156
0.15174039,0.14519136
0.12681176,0.14167611
0.09501312,0.14320454
0.09744027,0.129751
0.13773075,0.15592813
0.15948582,0.17690115
0.19480108,0.19500558
0.23278745,0.2428008
0.26781902,0.26982352
0.2686265,0.27381384
0.2629549,0.27215844
0.2595109,0.2385965
0.2462532,0.24116239
0.23757938,0.22527845
0.1693149,0.21661505
0.20211671,0.20338605
0.19425677,0.19451217
0.1871351,0.20371646
0.18699369,0.21048392
0.19296566,0.20604858
0.20174117,0.21626325
0.22701116,0.24164121
0.22844711,0.23061697
0.19807032,0.22202021
0.17633063,0.19109353
0.16354418,0.17181669
0.1465712,0.16345796
0.11795764,0.15866925
0.12186603,0.17276123
0.15870269,0.19194785
0.2052612,0.21622457
0.2519842,0.27130017
0.29475138,0.31009367
0.29658082,0.31552497
0.29310012,0.30823603
0.2894989,0.2824939
0.27932757,0.27872807
0.24365857,0.2587815
0.21779686,0.2326076
0.21528256,0.2242383
0.20071964,0.19577798
0.19117081,0.21222833
0.18679759,0.21308255
0.1873342,0.20992212
0.19044793,0.24321635
0.20126651,0.2632685
0.20732905,0.23919627
0.2019689,0.23626569
0.18089484,0.22022402
0.17223895,0.20636554
0.19280843,0.19940501
0.21415593,0.20404592
0.22314848,0.2201579
0.2279639,0.23733981
0.23723288,0.24882886
0.26473093,0.2827583
0.28193334,0.3000633
0.27909902,0.30055127
0.26458907,0.3103221
0.252464,0.27100146
0.23296732,0.26518205
0.20303315,0.22365269
0.17518178,0.17804098
0.17666483,0.17729951
0.17814788,0.1616025
0.17963094,0.16844258
0.18111399,0.1610359
0.18259704,0.16353452
0.1840801,0.16271158
0.18556315,0.1957648
0.1870462,0.19356453
0.18852925,0.1969291
0.1900123,0.19318956
0.19149537,0.1901882
0.19297843,0.19670027
0.19446148,0.15399724
0.19594453,0.19933872
0.19742759,0.22572468
0.19891064,0.25444165
0.20039369,0.28641406
0.20187674,0.3059477
0.2033598,0.30854225
0.20484285,0.31030622
0.2063259,0.2907883
0.20780896,0.27578577
0.20929201,0.2540149
0.21077506,0.18945992
0.21225812,0.18108687
0.20873253,0.18205634
0.1829426,0.1698696
0.20029154,0.17275327
0.20423497,0.16956311
0.20430718,0.16497631
0.26041153,0.21181466
0.27874696,0.21451762
0.25220296,0.21873331
0.20549148,0.20427
0.194003,0.1949081
0.17032063,0.200537
0.17357577,0.18032768
0.19153227,0.20023458
0.22182104,0.21760884
0.25940922,0.24664406
0.31182307,0.270864
0.3480637,0.31162414
0.3795714,0.30607092
0.36104286,0.31603876
0.35058016,0.30279455
0.3434995,0.2936428
0.2960361,0.27145532
0.27308646,0.27751276
0.25093448,0.2584294
0.23324801,0.2517712
0.22285838,0.25454444
0.22126734,0.24447513
0.23398243,0.2463923
0.26523122,0.24411818
0.29648298,0.2905961
0.3055405,0.29833135
0.25094473,0.30846614
0.219954,0.25473675
0.19028942,0.25319892
0.15235859,0.24040622
0.15236543,0.18946022
0.15946744,0.22376035
0.20283662,0.24602126
0.24792072,0.25951153
0.3075498,0.30135292
0.355493,0.3524988
0.3562082,0.34272876
0.34962186,0.31967133
0.33909166,0.3265062
0.31302148,0.29507282
0.27905458,0.28566074
