true,forecasted
0.14258178,0.17276669
0.10453709,0.12225524
0.07450541,0.10382816
0.05627215,0.07370508
0.06358708,0.09403916
0.09944315,0.1156933
0.15155703,0.1700939
0.20826067,0.21948525
0.23635933,0.25432116
0.25602692,0.27381915
0.26648507,0.28093824
0.28031513,0.30635595
0.2987634,0.3479995
0.31814578,0.35856763
0.33842045,0.38532358
0.3655575,0.40483844
0.39218548,0.39832655
0.40665594,0.42189798
0.37399316,0.39841676
0.35192683,0.3789633
0.31646132,0.35359997
0.29239267,0.3304525
0.2326698,0.26925546
0.17329781,0.21206121
0.11408491,0.15477632
0.084671,0.103542365
0.055789046,0.08675269
0.040250406,0.05752552
0.052305344,0.07810122
0.07798026,0.10073303
0.14648508,0.15657091
0.19144098,0.20547922
0.22111171,0.23202121
0.23029613,0.24964929
0.23581576,0.24753258
0.25567973,0.26912323
0.26172248,0.30230165
0.28972432,0.3134073
0.3060789,0.3336791
0.3283529,0.3502543
0.35209784,0.34531567
0.3609424,0.375083
0.3347749,0.34688511
0.3068158,0.33422372
0.2905284,0.3106439
0.275573,0.29326046
0.2193552,0.23592228
0.16873369,0.18227513
0.10480154,0.13758683
0.06715201,0.089280665
0.046301387,0.07754951
0.0324988,0.04397816
0.037158497,0.06368874
0.07827189,0.08786018
0.12462214,0.13816291
0.17983311,0.17917958
0.20938292,0.20885375
0.22406651,0.22594936
0.22974128,0.22940275
0.25605533,0.25591093
0.28529578,0.2898875
0.28263476,0.30501089
0.27977434,0.3233532
0.28279692,0.34535813
0.28882745,0.34155542
0.3134937,0.3705836
0.28454855,0.33837196
0.26629788,0.32769006
0.24850374,0.30660373
0.22655652,0.28794503
0.18646033,0.22754797
0.14440517,0.17443335
0.10456519,0.13514906
0.06384084,0.09083233
0.040265065,0.083938204
0.031790636,0.04217336
0.024494644,0.06481409
0.026423385,0.085371025
0.033764265,0.12519795
0.05865437,0.15366633
0.10255949,0.20032132
0.13274783,0.22604436
0.15122722,0.253245
0.16944644,0.29602432
0.20241214,0.3536693
0.21116477,0.36213043
0.25020406,0.39860457
0.29306388,0.4277347
0.33508486,0.43552855
0.35974225,0.44319016
0.37322664,0.41973573
0.35629827,0.3903844
0.33928344,0.37185302
0.31426844,0.34492528
0.27204806,0.27538562
0.22046982,0.21946228
0.16619053,0.14015403
0.13492484,0.10151236
0.0977926,0.09336518
0.078674674,0.05282286
0.06318337,0.079612404
0.05965905,0.09892095
0.056149084,0.13559188
0.08914564,0.1688948
0.12216235,0.21277478
0.17180727,0.23830375
0.21807875,0.26244506
0.25700992,0.30389428
0.30770382,0.35760605
0.35801506,0.372505
0.39603257,0.40865076
0.4325901,0.43813866
0.45871574,0.4410321
0.47789657,0.4501564
0.4809558,0.42970198
0.45993358,0.39823633
0.45117393,0.37777174
0.43560416,0.3488204
0.38233596,0.27838892
0.32891172,0.2240642
0.25625962,0.19640258
0.22336903,0.14596799
0.18879889,0.12441282
0.18220343,0.092210084
0.19272752,0.11148238
0.23621123,0.13169257
0.2941327,0.18054108
0.36086023,0.23021214
0.40884364,0.2742401
0.4431026,0.30311993
0.4648672,0.3206285
0.47600663,0.35795566
0.47311413,0.41221985
0.4886537,0.41922846
0.47714323,0.45134866
0.4864504,0.4717667
0.485108,0.4696278
0.49420416,0.48321912
0.4336018,0.46410882
0.38866055,0.4356822
0.35869056,0.40353006
0.32866895,0.37723404
0.27526578,0.3128618
0.19940391,0.25197697
0.13565804,0.20702362
0.10336171,0.15860869
0.08359944,0.13512589
0.055123027,0.10220523
0.06582027,0.1224504
0.10526816,0.14650357
0.16645102,0.21064988
0.2290548,0.26929244
0.2556278,0.30543327
0.2818075,0.32190812
0.28944856,0.32475683
0.28435433,0.34715196
0.32085964,0.3885818
0.33904433,0.39453748
0.36276576,0.42731017
0.3977274,0.44217205
0.4211624,0.42955464
0.44268453,0.45674664
0.41800758,0.43250757
0.38395995,0.4063941
0.3590964,0.38151664
0.32971242,0.35464692
0.27712828,0.2885501
0.19922619,0.22876514
0.14130594,0.16177356
0.101259515,0.11477073
0.07912908,0.09824364
0.0645374,0.06541021
0.077801615,0.086238496
0.1335815,0.107836224
0.18487361,0.16063845
0.23953797,0.20524834
0.27746233,0.2378129
0.29809982,0.26069468
0.31713682,0.26586184
0.30694923,0.29463726
0.28251842,0.33443734
0.3175857,0.3479813
0.33987555,0.37405595
0.34872958,0.3952631
0.37786347,0.39042512
0.39821294,0.41408038
0.38456243,0.38706923
0.3610343,0.36892995
0.3308994,0.3444
0.30792186,0.3230968
0.25760022,0.25965714
0.18718682,0.20478807
0.13115011,0.15039851
0.090824895,0.105277896
0.0581902,0.09243876
0.05092475,0.056950543
0.06255247,0.07867965
0.08875995,0.10058215
0.1582499,0.14903364
0.20546222,0.18868236
0.24063243,0.22413477
0.25748754,0.24583353
0.2752099,0.25639835
0.2862104,0.28752774
0.30891126,0.33063826
0.3337461,0.3454658
0.3693643,0.37326658
0.40237275,0.39713967
0.45440632,0.39465606
0.46298212,0.41616234
0.42874363,0.3892877
0.39665708,0.36751813
0.36032218,0.34635788
0.3343324,0.3246013
0.26893416,0.25822708
0.20785758,0.20429792
0.20676954,0.15350713
0.20568152,0.1060252
0.2045935,0.09012644
0.20350546,0.058388624
0.20241743,0.07729924
0.20132941,0.09884458
0.20024137,0.14742035
0.19915335,0.18881813
0.19806533,0.22433189
0.19697729,0.24597849
0.19588926,0.2562575
0.19480124,0.28564847
0.1937132,0.32807708
0.19262518,0.3411983
0.19153716,0.3684645
0.19044912,0.3885725
0.1893611,0.3873777
0.18827307,0.40973112
0.18718503,0.3823588
0.18609701,0.36420846
0.18500899,0.34025037
0.18392095,0.32099557
0.18283293,0.25781807
0.1817449,0.20198591
0.18065687,0.11356911
0.17956884,0.07671637
0.17848082,0.06836621
0.17739278,0.029092792
0.17630476,0.05057195
0.17521673,0.07345431
0.1741287,0.1111936
0.17304067,0.14010146
0.17195265,0.17305759
0.17086461,0.19333205
0.16977659,0.21104136
0.16868857,0.24510345
0.16760053,0.2867267
0.1665125,0.3070727
0.16542447,0.33273923
0.16433644,0.3584435
0.16324842,0.3622504
0.16216038,0.38041204
0.16107236,0.35239494
0.15998434,0.33680063
0.1588963,0.3185773
0.15780827,0.29897398
0.15672025,0.23614064
0.15563221,0.18446057
0.15454419,0.11471543
0.11740127,0.07687043
0.084527165,0.0689215
0.06951774,0.029036466
0.04577065,0.05085355
0.04510341,0.074923165
0.04551047,0.109416164
0.06296533,0.13745603
0.09613962,0.17224702
0.13730218,0.19394083
0.1654842,0.21617427
0.19633856,0.25432065
0.2230139,0.29896617
0.25927275,0.31880698
0.29833373,0.3460093
0.3442983,0.37472144
0.37506256,0.38057628
0.4067848,0.39463592
0.41205218,0.36760217
0.39771366,0.3490206
0.35786605,0.33328193
0.33926114,0.3084759
0.28285187,0.24380803
0.22442318,0.18984246
0.16579844,0.1754587
0.12776658,0.13589954
0.106267646,0.12094018
0.08486918,0.082191855
0.09822196,0.10743799
0.11724736,0.1243428
0.14768305,0.17067172
0.18198141,0.21179532
0.2333453,0.25443482
0.27882674,0.28267047
0.34490752,0.30221575
0.39525175,0.3419945
0.433669,0.39629662
0.472038,0.414821
0.5218295,0.45245045
0.5582615,0.47994298
0.5953498,0.47698447
0.5878382,0.49141866
0.5458285,0.46643472
0.53554904,0.43391457
0.50511086,0.41092676
0.46631682,0.3823849
0.40577585,0.30651316
0.32597494,0.2495134
0.27096277,0.2391634
0.21882233,0.192446
0.18461466,0.16586195
0.17870964,0.1307632
0.18146381,0.15087532
0.23337278,0.17398956
0.2989848,0.22918315
0.34989458,0.28651714
0.3978413,0.33421
0.4221402,0.36047423
0.4480918,0.3765973
0.4822335,0.41309586
0.5169493,0.46776795
0.52244055,0.47373334
0.5104418,0.51363003
0.5029241,0.5312267
0.49691314,0.5233335
0.47929916,0.5359418
0.44813028,0.51781356
0.41313383,0.4781661
0.39412126,0.44848025
0.37210563,0.41428232
0.31781322,0.34540382
0.2637193,0.27977994
0.19551589,0.21015093
0.16072068,0.15641052
0.13073541,0.12649101
0.11326467,0.097322226
0.12724651,0.11107635
0.1687856,0.13790658
0.22356692,0.20771329
0.27854735,0.2689684
0.30844405,0.30098304
0.3190396,0.31590658
0.3252115,0.31081292
0.33178988,0.32809
0.33230627,0.3642769
0.32833976,0.35906696
0.3261609,0.38153115
0.32153818,0.3846196
0.31918862,0.37676132
0.31626222,0.41066226
0.2834208,0.38251054
0.26032478,0.37122154
0.24956217,0.33767384
0.22834022,0.3225181
0.18678159,0.2693711
0.14471819,0.20920248
0.09278936,0.11363597
0.070743814,0.07006223
0.0431994,0.057741154
0.048112866,0.030133646
0.054809716,0.04068584
0.10852161,0.069984734
0.16497545,0.11430324
0.21597777,0.14732648
0.2581514,0.17380449
0.27103972,0.19015794
0.28503928,0.19042258
0.28850344,0.2114661
0.30243796,0.23142268
0.3057821,0.247592
0.29642698,0.25638947
0.30311832,0.27123362
0.28931573,0.27610612
0.3043548,0.30240098
0.2872227,0.27781162
0.2683952,0.27522737
0.26053485,0.25839686
0.24070938,0.243134
0.20596181,0.1924743
0.15330803,0.14355442
0.12136746,0.09675473
0.08868941,0.06186801
0.06933604,0.054482076
0.06638247,0.017693464
0.079041734,0.033368234
0.13083191,0.06007699
0.18719171,0.09629176
0.2493988,0.12245084
0.2947193,0.15302032
0.32310718,0.17362359
0.341389,0.18736275
0.36408803,0.22251973
0.38222387,0.25789323
0.38932413,0.27323937
0.416627,0.29188752
0.4377045,0.31808043
0.4247145,0.3263322
0.4231568,0.34428793
0.37696597,0.31446427
0.3589721,0.3041775
0.34254026,0.28949547
0.33181033,0.26958948
0.3004988,0.21191064
0.26123935,0.16154258
0.21068075,0.16683379
0.17595273,0.12290245
0.14956477,0.10825503
0.13131624,0.071927264
0.13334453,0.093305945
0.13299549,0.11122405
0.1440485,0.15558855
0.17594814,0.1936737
0.22514051,0.23891044
0.27350622,0.26632053
0.30747572,0.28930622
0.3503966,0.3271052
0.3913393,0.38127154
0.39878035,0.39755496
0.4265883,0.43602198
0.47923017,0.46053883
0.478209,0.46174234
0.49353018,0.473647
0.49036074,0.44939604
0.47200286,0.4204198
0.45358485,0.39434275
0.43016207,0.36928803
0.3820599,0.297304
0.3298034,0.23931366
0.2836767,0.22651348
0.21602297,0.18423292
0.1833556,0.15859666
0.15395878,0.12150167
0.13805492,0.14470913
0.12355852,0.16284704
0.1378375,0.20892708
0.16395947,0.26058203
0.21899486,0.31186226
0.2706693,0.34261042
0.33120355,0.36773482
0.38334462,0.41232216
0.41930297,0.47456652
0.45813096,0.49100038
0.49401575,0.5400964
0.52904516,0.5632641
0.56381655,0.5561281
0.5735968,0.565027
0.600765,0.5476015
0.58089703,0.50054556
0.5504064,0.47216183
0.5408262,0.43743122
0.48369837,0.35915002
0.41778925,0.29190153
0.35274738,0.2814197
0.29599273,0.23520723
0.26897693,0.21010455
0.25358912,0.17073202
0.2676339,0.19009303
0.31029737,0.21409114
0.3807477,0.26155192
0.4162923,0.31405243
0.4840807,0.3711339
0.5316604,0.40827316
0.5816718,0.43686527
0.6375372,0.49022487
0.682072,0.55043983
0.6795871,0.56699437
0.66254455,0.6124877
0.6761642,0.6411802
0.73037875,0.6317204
0.75276965,0.63302463
0.7181064,0.6148396
0.66529167,0.5570052
0.6268023,0.531373
0.5927599,0.48102236
0.50101674,0.40702477
0.40040952,0.3352266
0.3162671,0.31673282
0.2674525,0.26440266
0.22488308,0.23700018
0.20292792,0.19794652
0.20167619,0.21545441
0.2472221,0.24625184
0.30286822,0.31251928
0.35683298,0.3740559
0.41046026,0.4262618
0.45276096,0.44877654
0.47903472,0.46020427
0.5312167,0.4980952
0.5677495,0.54275185
0.59245485,0.54874355
0.6261977,0.5830235
0.5452254,0.602323
0.516862,0.5875451
0.5262797,0.5998181
0.5228119,0.57397264
0.4884039,0.52498454
0.45128325,0.50060916
0.42826205,0.45259643
0.36838832,0.3894648
0.2961723,0.3189862
0.23201111,0.24699637
0.18520007,0.20151775
0.15217113,0.17109646
0.13521127,0.13399343
0.14137343,0.15381208
0.1787133,0.17601314
0.2430345,0.23499157
0.30537197,0.29251215
0.34894884,0.33765522
0.37127838,0.35990548
0.39289027,0.37047058
0.42455664,0.40436998
0.4415458,0.4535803
0.46603557,0.46337184
0.47059172,0.50431603
0.48320246,0.51848763
0.48998052,0.50802547
0.50074035,0.53017396
0.47628513,0.5024012
0.44932458,0.46655267
0.41385755,0.4366052
0.39591044,0.4091916
0.33410278,0.33687115
0.26021454,0.27008116
0.19456771,0.20690718
0.15007962,0.16755083
0.122118376,0.14041366
0.10884409,0.10339594
0.11078016,0.12547657
0.15469444,0.14416847
0.20960157,0.19093686
0.25685388,0.23954228
0.30843854,0.27830812
0.33423072,0.3062346
0.3634599,0.31907284
0.40026844,0.3583534
0.43417376,0.40835953
0.47489384,0.42862332
0.49984717,0.46566486
0.53899425,0.48547727
0.56258893,0.47776902
0.5962983,0.5026316
0.56372344,0.46989754
0.5243797,0.4405699
0.47364852,0.4113144
0.4398287,0.3892498
0.37833983,0.31521112
0.29904556,0.25156593
0.23740615,0.22331294
0.19439211,0.18428725
0.16941345,0.152996
0.15886432,0.11551103
0.15951446,0.13680632
0.19956331,0.1586984
0.26260254,0.20068806
0.3166693,0.24787126
0.36107278,0.29222545
0.409506,0.32242948
0.45984748,0.33747157
0.51030225,0.37768614
0.5635167,0.43176067
0.61058486,0.44894966
0.63603103,0.4891349
0.6333004,0.50351137
0.6217554,0.49916857
0.5654958,0.52155197
0.50489867,0.48891982
0.45577317,0.45629773
0.4347433,0.4248098
0.41776237,0.4039387
0.3736441,0.33010122
0.3197053,0.26267034
0.26776642,0.24648419
0.22826326,0.20431788
0.18809073,0.17397858
0.16381381,0.13623683
0.15902647,0.15519522
0.15624848,0.17843024
0.16882867,0.22013307
0.19709896,0.2682326
0.25615978,0.31468955
0.31529847,0.3477298
0.36260238,0.36769852
0.4182873,0.41171172
0.47255346,0.4671156
0.49689725,0.48734698
0.52856207,0.528035
0.5434744,0.5452116
0.55144095,0.5403779
0.5497547,0.55747527
0.52095246,0.52540916
0.47212473,0.48834333
0.4407106,0.4565208
0.42619404,0.42861265
0.38719904,0.35593933
0.33798683,0.28726214
0.2895912,0.25891525
0.24620794,0.22097144
0.22067472,0.19042645
0.20431493,0.14918023
0.19624054,0.17047332
0.19241421,0.19112648
0.19667631,0.22843266
0.2233272,0.2766433
0.25840548,0.32382154
0.30736455,0.36212814
0.36816815,0.38934118
0.45015582,0.44599375
0.5015014,0.5028811
0.54161406,0.5320375
0.5698208,0.574079
0.5971796,0.59915656
0.64702666,0.591986
0.64108133,0.6032262
0.6621695,0.5736452
0.6498737,0.53138787
0.6186483,0.49910897
0.59974074,0.4623779
0.54217076,0.38749188
0.48455343,0.31612778
0.42097828,0.3207297
0.3750989,0.27412406
0.3333885,0.24596635
0.312813,0.20427799
0.318835,0.22073679
0.35267562,0.2478514
0.39714965,0.29231188
0.4537119,0.33872908
0.48597983,0.39988914
0.54653454,0.44216228
0.5680191,0.47489372
0.6183502,0.533099
0.63987386,0.59214664
0.6870437,0.6155321
0.73920894,0.6583602
0.76439494,0.6860792
0.7785008,0.6781326
0.77035433,0.6801143
0.7170131,0.65162116
0.6672439,0.5915209
0.61639214,0.56532246
0.5864643,0.51360416
0.5223114,0.4404743
0.41640714,0.36432078
0.33730188,0.36671337
0.30243185,0.31811136
0.26170322,0.29249865
0.24271111,0.24950665
0.22330797,0.26444697
0.23985678,0.29628074
0.25399742,0.34861636
0.30233932,0.40456444
0.36266622,0.46509215
0.41568828,0.5029127
0.47546184,0.5360819
0.5280295,0.59639287
0.5747889,0.6500762
0.6048063,0.6740774
0.62984234,0.71755743
0.6848893,0.75126964
0.6808001,0.7351644
0.70432943,0.73279256
0.68083245,0.70609194
0.6430134,0.6345155
0.60316306,0.6155542
0.5483008,0.5449123
0.52022845,0.47440642
0.47238612,0.3962902
0.39930803,0.34074852
0.341247,0.29559538
0.30585143,0.26736474
0.28427553,0.22262791
0.28092375,0.23926647
0.34039378,0.2668324
0.38296288,0.31053054
0.44626534,0.36077702
0.5137963,0.42229712
0.57873225,0.46221447
0.63608634,0.49907044
0.70275277,0.5641631
0.7316109,0.6225062
0.7633008,0.65122336
0.7545454,0.69521844
0.7372301,0.7285413
0.7096145,0.7152163
0.7335366,0.7157908
0.72045594,0.68627626
0.69956285,0.62121075
0.64926535,0.5960442
0.61599606,0.53613484
0.54026645,0.46231782
0.46814507,0.38391277
0.38963684,0.3627435
0.34982434,0.3112854
0.30030462,0.28208455
0.28234312,0.23704523
0.28914624,0.247874
0.3289502,0.28431833
0.39930344,0.3257508
0.47990227,0.37612316
0.5615699,0.4385266
0.6151566,0.47933692
0.6888296,0.51527274
0.72198826,0.58134735
0.72633773,0.63684684
0.7103242,0.6614037
0.66470903,0.70103693
0.67508656,0.7318765
0.7132436,0.71959466
0.76928884,0.71805286
0.74221563,0.6883539
0.71952975,0.6224599
0.66101825,0.5982723
0.61805004,0.5353692
0.54889506,0.46850568
0.47647262,0.38670602
0.3897831,0.35869518
0.33967614,0.30903718
0.2998673,0.27757734
0.2837967,0.23485547
0.28539014,0.24248156
0.3317584,0.27811897
0.38938275,0.32149798
0.46894762,0.37031388
0.54344934,0.43073726
0.61566293,0.47030723
0.6766644,0.5040359
0.7037327,0.5673033
0.7218762,0.61788356
0.7077795,0.64439744
0.7138928,0.6828997
0.7398789,0.7103165
0.74783725,0.7005744
0.7698553,0.70316994
0.7251856,0.668398
0.67572415,0.6087886
0.63069373,0.5846273
0.6021736,0.52541894
0.5412467,0.45797318
0.4772959,0.37603915
