true,forecasted
0.2160067,0.21579507
0.19310236,0.19433369
0.17974328,0.18030918
0.17238028,0.17951106
0.17398848,0.17876233
0.1951441,0.18912542
0.22805062,0.21734196
0.24923533,0.24127819
0.2644647,0.27226424
0.26700622,0.28867483
0.27630082,0.30157927
0.28673992,0.3165702
0.29906592,0.3289436
0.3132069,0.3546877
0.3278422,0.35876957
0.34781227,0.37071243
0.36819354,0.3942439
0.38230696,0.40930903
0.37938777,0.40851164
0.36339936,0.3954312
0.35195342,0.3756153
0.32510042,0.34785336
0.280703,0.31336147
0.2356357,0.27055287
0.20098382,0.21094282
0.17930323,0.19285406
0.16945899,0.18090674
0.16521654,0.1839324
0.17057675,0.18475798
0.19063175,0.19667868
0.22328994,0.22988822
0.24784456,0.24989015
0.26031968,0.26924306
0.2667361,0.27643517
0.27241293,0.27739742
0.27980658,0.28667405
0.29811883,0.29419369
0.30996272,0.3129996
0.31052408,0.32109785
0.30795217,0.3319873
0.31563985,0.3539352
0.32810405,0.36335462
0.33303332,0.36067188
0.3259732,0.35029146
0.32516456,0.33437717
0.30672035,0.3050214
0.26829648,0.26965287
0.22718456,0.22638598
0.19610886,0.19496596
0.18018253,0.17608789
0.16738868,0.16136141
0.16120034,0.16224325
0.16727854,0.16197532
0.18662387,0.17097938
0.22058088,0.20205277
0.24282047,0.22102232
0.2543298,0.25055516
0.2598851,0.2678948
0.26414052,0.2764618
0.27416503,0.2895473
0.2866529,0.29999632
0.30003613,0.31989366
0.31094256,0.3241286
0.32967484,0.335537
0.33972403,0.35921592
0.35074213,0.37455538
0.3468018,0.3768312
0.33263534,0.36692232
0.3241024,0.35293293
0.3045742,0.32360488
0.27134323,0.28977713
0.23178004,0.24826103
0.1981363,0.19138247
0.17668197,0.17169538
0.16385823,0.16069856
0.15559414,0.15700546
0.15631212,0.15947941
0.16118035,0.17360684
0.17084041,0.20526586
0.18861002,0.21911994
0.20810056,0.24063727
0.2434447,0.25106433
0.24712813,0.25550562
0.2601955,0.27056456
0.27604857,0.27949232
0.29578564,0.305274
0.32130474,0.30886748
0.35459104,0.3233654
0.3882579,0.35258302
0.41232234,0.36066428
0.41765603,0.3578777
0.39797822,0.34278345
0.3704254,0.3276388
0.34764004,0.29470527
0.30754304,0.25906798
0.26430002,0.21112347
0.22593147,0.2081126
0.20013674,0.18496558
0.18346438,0.16722912
0.17519508,0.1631211
0.17110096,0.16092393
0.16959485,0.16931513
0.17509533,0.20356524
0.2038407,0.22889495
0.24691512,0.2606998
0.28857437,0.2783164
0.32807964,0.29388127
0.3609568,0.31136706
0.39204368,0.33172706
0.4198669,0.36769262
0.4477418,0.38131568
0.46956787,0.401128
0.49286392,0.42628738
0.5122999,0.4317688
0.5033155,0.42063272
0.47372615,0.3971085
0.44924062,0.37428135
0.4212714,0.33707094
0.3705519,0.2986142
0.31738156,0.24890177
0.27908182,0.25665838
0.25132513,0.23477751
0.23445377,0.20994827
0.22633255,0.20604168
0.23113088,0.19513744
0.2519844,0.2078074
0.28864476,0.23333678
0.32106915,0.2665388
0.34518918,0.3214082
0.38066918,0.3570803
0.41620606,0.39153078
0.44502676,0.42318496
0.46430454,0.45357016
0.4775935,0.494569
0.4558334,0.50323343
0.44295305,0.5227671
0.44224754,0.5362088
0.44097626,0.54310083
0.44684276,0.5334476
0.4380259,0.5055881
0.42146313,0.47651374
0.38515112,0.43586522
0.33007434,0.3981838
0.27556595,0.35161367
0.23625861,0.2616883
0.21015918,0.23895529
0.19386242,0.22203599
0.18653944,0.22144221
0.18796684,0.21828693
0.20210315,0.23221284
0.23278843,0.26024443
0.26346305,0.28754938
0.28071105,0.3226503
0.29792687,0.3385646
0.30793267,0.35525042
0.32212612,0.37325358
0.3402807,0.38824135
0.36020452,0.41996142
0.37452525,0.4234821
0.40218922,0.43721804
0.42214942,0.4591912
0.43718684,0.47008893
0.4357062,0.46751952
0.41422665,0.44540876
0.3917613,0.42563742
0.36848396,0.38582164
0.31661785,0.34874722
0.26668206,0.30198464
0.22997235,0.22533636
0.20623027,0.20125696
0.19303067,0.17736903
0.18606201,0.17627871
0.19065279,0.16926843
0.2083759,0.17695153
0.24120528,0.20121862
0.2779459,0.21979363
0.3030299,0.25965688
0.3270081,0.29185367
0.34570974,0.33117643
0.35942835,0.34819835
0.36390564,0.36711326
0.35641718,0.39989257
0.36632946,0.40484154
0.38180876,0.41295293
0.39502263,0.44149226
0.41418898,0.44128248
0.41718665,0.4327116
0.40171412,0.41058773
0.37831986,0.3931306
0.35629848,0.36026764
0.30785292,0.31600904
0.25781035,0.2725149
0.2193631,0.23088184
0.19572285,0.2115777
0.18267573,0.19547945
0.17478517,0.18941323
0.17760126,0.18909806
0.19350187,0.2032811
0.2199629,0.23257557
0.24775259,0.25535148
0.27218565,0.2867262
0.28613648,0.30844998
0.30076712,0.3241531
0.3164768,0.34307644
0.33660713,0.3602925
0.3588457,0.3930083
0.38530543,0.40093678
0.41445577,0.41753685
0.43863815,0.44043407
0.4562563,0.45015073
0.45389375,0.44214666
0.42818892,0.42071083
0.40227547,0.39860368
0.37402755,0.36826187
0.32235315,0.32566953
0.27032784,0.28038955
0.26933408,0.2372653
0.26834032,0.21297354
0.26734656,0.19286393
0.2663528,0.18767501
0.26535904,0.18209755
0.2643653,0.19355685
0.26337153,0.20852146
0.26237777,0.23710759
0.261384,0.2747478
0.26039025,0.31563044
0.2593965,0.35419783
0.25840273,0.3786101
0.25740898,0.39888686
0.25641522,0.43230298
0.25542146,0.438161
0.2544277,0.4469907
0.25343394,0.47058293
0.25244018,0.4797518
0.25144643,0.46524155
0.25045267,0.4424576
0.24945891,0.41845876
0.24846515,0.37908077
0.24747139,0.34392413
0.24647763,0.29454133
0.24548388,0.18486667
0.24449012,0.16493022
0.24349636,0.15205036
0.2425026,0.15380621
0.24150884,0.14849065
0.24051508,0.15849221
0.23952132,0.18892409
0.23852757,0.19967596
0.23753381,0.22186555
0.23654005,0.23877922
0.23554629,0.24380022
0.23455255,0.25990576
0.23355879,0.27015284
0.23256503,0.28866974
0.23157127,0.30125713
0.23057751,0.3116882
0.22958376,0.3393836
0.22859,0.34866565
0.22759624,0.3440493
0.22660248,0.33464676
0.22560872,0.31658626
0.22461496,0.2864831
0.2236212,0.25131404
0.22262745,0.20687848
0.22163369,0.18307501
0.19446689,0.16185597
0.17650351,0.14790528
0.16624755,0.14837524
0.16246694,0.14441612
0.16004829,0.1522121
0.16601661,0.18091711
0.19034159,0.18573466
0.22610474,0.21601208
0.25667468,0.23899943
0.28545824,0.25160486
0.31094983,0.27910167
0.33307618,0.29438156
0.35590622,0.31882185
0.38222256,0.32841295
0.41419965,0.3405326
0.45169798,0.37204483
0.47248006,0.3844578
0.4687478,0.37417105
0.4406617,0.3632623
0.4089719,0.33797896
0.37866458,0.3033477
0.3321366,0.2661721
0.27548593,0.21103327
0.23563232,0.2614846
0.20952457,0.23367113
0.19247738,0.21754673
0.18543623,0.21416883
0.18690649,0.21174061
0.20093656,0.22478753
0.22575587,0.25708938
0.26032254,0.2938528
0.3000125,0.3354701
0.34395012,0.3644051
0.38402504,0.39198542
0.42379034,0.42031232
0.4601117,0.45126688
0.49090013,0.48983684
0.519779,0.5057318
0.52941,0.5313301
0.5446565,0.5534357
0.55791795,0.55817026
0.53824896,0.5470877
0.505006,0.5147662
0.4742532,0.47940266
0.44979653,0.44348824
0.3949034,0.3987885
0.33754462,0.34154668
0.29045814,0.31164783
0.262197,0.2902498
0.24347638,0.2674033
0.23470236,0.26490557
0.23717168,0.25766197
0.25582552,0.27289832
0.28898168,0.3033079
0.31901053,0.33951467
0.33930504,0.38603997
0.35681072,0.4215899
0.3731111,0.45368528
0.38348526,0.48125333
0.39819226,0.5093388
0.41070375,0.54271686
0.41484073,0.5532478
0.4238714,0.56701124
0.43577763,0.5828787
0.43898153,0.5966476
0.43116137,0.5908866
0.417382,0.56110466
0.4078422,0.53431594
0.3893933,0.49205625
0.3457391,0.4464225
0.29667273,0.39480734
0.2594235,0.24378648
0.23476237,0.225084
0.22035202,0.20461798
0.21098964,0.2045214
0.21159826,0.19982713
0.23004559,0.2074337
0.25854003,0.23079078
0.28343052,0.25735378
0.30348137,0.2939096
0.3184479,0.32005745
0.3273806,0.33973095
0.3283716,0.3532329
0.32741904,0.36465842
0.32934833,0.38568678
0.32113227,0.3884167
0.31881052,0.39541742
0.32033792,0.40784368
0.32652158,0.42111835
0.3239977,0.41932374
0.31541124,0.40762895
0.31200808,0.39046663
0.2952313,0.36159086
0.2642504,0.329812
0.2290603,0.29406908
0.20351651,0.2055192
0.18651971,0.18855701
0.17890762,0.17495883
0.1749179,0.17665474
0.1811013,0.17267734
0.20025805,0.18380281
0.22964816,0.20929874
0.25740618,0.2261719
0.27473938,0.25026983
0.29613373,0.26889998
0.29898098,0.27723423
0.3046259,0.28929934
0.30803293,0.29246414
0.31179976,0.30780587
0.31019753,0.31082016
0.31127194,0.31646004
0.3160861,0.33716372
0.3226893,0.35246032
0.32367224,0.35121712
0.32002074,0.34631342
0.3195173,0.33187234
0.3098378,0.30282652
0.27731752,0.27154538
0.24297348,0.23165463
0.21510921,0.19671944
0.1985062,0.18036209
0.18828298,0.16401175
0.1849432,0.16134179
0.19022341,0.15539071
0.2099376,0.16538972
0.24148789,0.18796428
0.27453753,0.20301682
0.3017955,0.23326182
0.3287332,0.26063973
0.35492378,0.2793254
0.3667012,0.29784364
0.38718507,0.308192
0.407604,0.33130392
0.4178462,0.33438966
0.41374013,0.3419878
0.41024423,0.36376968
0.41237584,0.37624115
0.40240043,0.36850968
0.39107502,0.3572385
0.3852571,0.33824492
0.37284356,0.30439514
0.34074074,0.2706159
0.30255842,0.2261667
0.26803228,0.24154615
0.24485105,0.21538353
0.22785345,0.19285032
0.21917166,0.19094771
0.21766035,0.18323821
0.22534882,0.193527
0.23267673,0.22126067
0.26064178,0.2410452
0.2998595,0.2819194
0.3366214,0.31465757
0.36781868,0.34613052
0.3909833,0.3745495
0.4051617,0.39718905
0.42973268,0.43187168
0.45049164,0.43780527
0.47484624,0.4506082
0.49020526,0.47334692
0.51299584,0.47712484
0.51429594,0.46520913
0.48736578,0.4413589
0.4622015,0.41312402
0.4371453,0.3762421
0.39388824,0.33309838
0.3437475,0.28266296
0.2996883,0.28080815
0.26831543,0.2531514
0.24616441,0.22710305
0.23029497,0.22242878
0.22182332,0.217056
0.21788868,0.22321297
0.22794463,0.25347036
0.2674595,0.2849725
0.32002932,0.3321222
0.37031606,0.36811748
0.42144522,0.402153
0.46229708,0.43909582
0.492161,0.4674372
0.5176596,0.50544465
0.5412336,0.5225044
0.56188375,0.5408682
0.5622147,0.5575414
0.5627875,0.558184
0.5538711,0.5400661
0.5396124,0.50962204
0.50346094,0.47825062
0.469778,0.4311635
0.41635153,0.39421842
0.35785678,0.3389752
0.30895615,0.31612796
0.27904496,0.28910366
0.26002717,0.26260397
0.25044036,0.2543726
0.25383678,0.24858522
0.27551296,0.26026234
0.31122673,0.29332876
0.3537442,0.32084846
0.3994508,0.36969617
0.43716788,0.40855405
0.46889767,0.44441512
0.5206819,0.4813567
0.56923085,0.5143098
0.5960828,0.5542423
0.5992992,0.5652969
0.594032,0.5851735
0.59758556,0.59976685
0.61162496,0.6023779
0.60515714,0.59300137
0.58200526,0.5580201
0.5435754,0.5227346
0.5034888,0.48748887
0.43173417,0.43544713
0.37000823,0.3829219
0.3166072,0.36456445
0.27799422,0.33722407
0.25400692,0.31122097
0.23983373,0.3082468
0.24237083,0.30173773
0.2583156,0.3091077
0.284913,0.34152788
0.32740086,0.38542908
0.34858975,0.43588722
0.37567678,0.48490107
0.40951455,0.52259016
0.4235693,0.555991
0.45950568,0.58687985
0.49884576,0.6164569
0.53985584,0.6341927
0.5632706,0.64588034
0.56529933,0.6534102
0.5592817,0.6621469
0.52109027,0.6541257
0.47478208,0.6237037
0.44092432,0.5857343
0.40983537,0.53893214
0.36229068,0.49758077
0.31188524,0.43683544
0.2742809,0.29318988
0.24987279,0.26539743
0.2334394,0.24433935
0.22482878,0.24207143
0.2258247,0.23474553
0.24299088,0.24384612
0.2739328,0.26846236
0.31653836,0.303833
0.34992337,0.34138367
0.37930125,0.3729281
0.40752685,0.40382245
0.42860764,0.43001255
0.45416418,0.45643523
0.483906,0.48788992
0.50276715,0.5001168
0.5167756,0.51278967
0.52948844,0.5322596
0.53912514,0.53692895
0.5328454,0.52529305
0.5060526,0.4938299
0.47387785,0.46687376
0.44280785,0.4240963
0.38629693,0.38089564
0.327417,0.32888293
0.28060198,0.30177382
0.24934599,0.2762554
0.22869326,0.2535855
0.21750787,0.24980362
0.21729124,0.2440562
0.23186497,0.25583634
0.2606623,0.28430244
0.2981435,0.31598115
0.32683873,0.36150151
0.35506302,0.39502367
0.38499293,0.42703983
0.41590837,0.45881805
0.4479522,0.48834
0.48207936,0.52508026
0.5111546,0.5378113
0.536334,0.55184424
0.5613042,0.5701086
0.5679749,0.578808
0.5584967,0.5708028
0.52417344,0.5341686
0.48702055,0.5080248
0.4521853,0.4651364
0.3956853,0.41665712
0.3387221,0.36401328
0.28861383,0.31514215
0.25892866,0.28890574
0.2365085,0.2664949
0.22391467,0.26133084
0.22555508,0.25598377
0.2394833,0.26826498
0.26707584,0.2992862
0.30466902,0.3394943
0.3441748,0.38270965
0.38233685,0.41821852
0.4200134,0.45393446
0.46289584,0.48751286
0.5056775,0.5189176
0.5322027,0.55739546
0.55530787,0.5736364
0.56779987,0.5912822
0.579778,0.60909224
0.58676046,0.61414754
0.5483272,0.6016655
0.49807918,0.5630077
0.46974295,0.5290723
0.44566628,0.48364544
0.40277943,0.4343008
0.3526436,0.37623274
0.30762175,0.30605224
0.2727153,0.28166845
0.2532323,0.25525948
0.23987243,0.25248986
0.23420803,0.24654129
0.2365976,0.25431395
0.24650678,0.28592277
0.27916053,0.31875342
0.33031023,0.3645521
0.36742723,0.40295693
0.39793745,0.4419249
0.41285172,0.4738849
0.4266402,0.5066358
0.4533202,0.544114
0.48149696,0.56286395
0.5143858,0.58035946
0.5406889,0.594609
0.5465551,0.59938383
0.5374707,0.5850981
0.50590765,0.5476012
0.47988746,0.515123
0.4578554,0.4713931
0.41363752,0.42053846
0.3735732,0.36869347
0.3332954,0.29451337
0.3009201,0.2677516
0.27743313,0.23820187
0.26678622,0.23383175
0.26023525,0.22377631
0.26039216,0.23152381
0.2656326,0.26008815
0.3042004,0.28998417
0.36901516,0.33632678
0.43256176,0.38087595
0.4852734,0.42874464
0.5338527,0.46438178
0.57950217,0.5015763
0.6171605,0.5419561
0.64093715,0.5597931
0.6522218,0.57906663
0.67119485,0.5968071
0.6859206,0.5976127
0.68204206,0.57796943
0.65690273,0.54020095
0.61771536,0.509851
0.57638836,0.4598099
0.5161826,0.40730652
0.4517494,0.34958205
0.3973148,0.38750035
0.35779652,0.35545388
0.33851248,0.3238388
0.32636338,0.3161221
0.32479855,0.30866894
0.33651543,0.31994054
0.36326712,0.35986274
0.41875172,0.39444357
0.47523823,0.4567622
0.51642394,0.5128757
0.5735746,0.5655329
0.610655,0.61256874
0.64108133,0.65268475
0.66742724,0.69588524
0.6921528,0.70509344
0.71670926,0.7193484
0.7554113,0.7374033
0.7660564,0.74096084
0.750042,0.73158467
0.6906789,0.6897642
0.61281157,0.65173256
0.5497276,0.6030942
0.49128196,0.5414704
0.43338937,0.4712012
0.38614368,0.4207228
0.34943345,0.39226478
0.32172945,0.3634553
0.30241868,0.36012775
0.29305658,0.35269696
0.292975,0.360436
0.30692375,0.4009652
0.3494784,0.44468135
0.40682316,0.50328016
0.47018117,0.55193377
0.52938634,0.5986841
0.57221293,0.63637835
0.6035593,0.67657447
0.6270676,0.71055543
0.6413377,0.71932447
0.65662163,0.73343074
0.67680365,0.7378746
0.7008837,0.7459759
0.6937579,0.7435305
0.64872825,0.6987986
0.60168123,0.65243673
0.5547709,0.602572
0.51778144,0.54208344
0.4608089,0.47553688
0.40505883,0.3896108
0.35906753,0.3583799
0.33333802,0.32776973
0.31522083,0.3204233
0.31260866,0.3099081
0.32487157,0.3170605
0.36129344,0.35412025
0.4159125,0.38648438
0.47919703,0.45201695
0.5405201,0.5021522
0.59592384,0.55442184
0.6449923,0.6035441
0.6761342,0.64711237
0.6967415,0.69246626
0.71347857,0.7019948
0.7252682,0.72270995
0.72995716,0.7279035
0.7308596,0.7271141
0.72373766,0.7144722
0.6996098,0.6601302
0.65158564,0.6158461
0.6138714,0.5620827
0.54394895,0.50877017
0.47083473,0.4391104
0.41370246,0.4228755
0.37069815,0.3877409
0.3431168,0.35728446
0.3245058,0.3491885
0.31833124,0.3430425
0.3320631,0.35056826
0.36591488,0.3822465
0.42188993,0.42745125
0.47662017,0.48916334
0.5393264,0.544374
0.5948261,0.59862953
0.6461007,0.6491678
0.6717427,0.692118
0.697959,0.7320934
0.7204898,0.7414588
0.72780603,0.7552953
0.7230321,0.76731515
0.71124613,0.76772285
0.6966002,0.7579497
0.6615878,0.7100628
0.6258743,0.6649031
0.5935626,0.6077063
0.5324671,0.548354
0.46665204,0.47681862
0.41440096,0.42621282
0.3752022,0.39552617
0.3497761,0.3640308
0.33426017,0.35368
0.32744917,0.34852034
0.3407641,0.3573908
0.37019008,0.38908637
0.41594967,0.4395975
0.46683282,0.4978212
0.51807755,0.55642855
0.5738536,0.6097072
0.6219724,0.6570363
0.6624785,0.69724935
0.687634,0.7344347
0.70050234,0.7459321
0.69272196,0.7599032
0.67366886,0.7660794
0.6604625,0.76870143
0.64476115,0.7558948
0.604749,0.71741956
0.5820881,0.667437
0.5501567,0.60924447
0.4991437,0.5544694
0.44056246,0.48400608
0.38889042,0.3883819
0.351031,0.3597218
0.32522458,0.32205608
0.30744094,0.3141166
0.29725772,0.3091728
0.29856613,0.31223828
0.30656683,0.34098923
0.34963322,0.38103342
0.4183379,0.44546962
0.4877271,0.50340164
0.5424581,0.5628158
0.584839,0.6128218
0.61737454,0.65335494
0.6456191,0.6919481
0.67048985,0.7102939
0.6482027,0.7280785
0.62386215,0.731303
0.6009617,0.72609293
0.5885949,0.7124729
0.5616715,0.6715656
0.53465307,0.6245648
0.5104197,0.56732976
0.46580234,0.51638395
0.41531065,0.45413515
0.36983472,0.37360495
0.3348119,0.34275836
0.312139,0.31271052
0.29854095,0.31020355
0.29407197,0.29939437
0.2943837,0.3065628
0.30008706,0.33796775
0.33314344,0.37411827
0.38074085,0.43521953
0.43265477,0.4883553
0.46842334,0.53980047
0.50388175,0.584423
0.53544843,0.6239001
0.56183463,0.66392094
0.58799434,0.6787062
0.614931,0.695161
0.6030863,0.70059896
0.5600719,0.70153475
0.5163992,0.6879225
0.46698064,0.6467687
0.4381729,0.5977466
0.42201018,0.5531246
0.38021225,0.5039874
0.33314422,0.44302866
0.29338568,0.3150988
0.26974335,0.2877212
0.25384143,0.26183942
0.24616623,0.25909203
0.24875346,0.25033325
0.26577574,0.26152748
0.29737046,0.2895379
0.33551872,0.3200637
0.36487195,0.36187854
0.4005369,0.4042926
0.4342014,0.44419032
0.46125102,0.47858432
0.48100886,0.51046276
0.51703125,0.5455842
0.5452719,0.5594702
0.58375967,0.5765536
0.61207694,0.5958667
0.63801116,0.6047108
0.64663243,0.5888008
0.61961085,0.554867
0.57011145,0.5273654
0.5237074,0.47948706
0.4582874,0.42745236
0.38901225,0.37093595
0.33745265,0.36153653
0.30101752,0.33539805
0.2796071,0.30640236
0.2645411,0.30203176
0.26338124,0.2975736
0.27165133,0.30810827
0.30489084,0.34386903
0.3555906,0.3770787
0.40096524,0.4271832
0.4478405,0.47495452
0.4863418,0.52430624
0.5204279,0.56749153
0.5519756,0.604546
0.58185667,0.64621735
0.6176624,0.6635169
0.6492805,0.68088573
0.6762524,0.69873285
0.6977473,0.6992532
0.69337577,0.683335
0.6585465,0.6400232
0.59952104,0.60144114
0.549273,0.54841524
0.47762883,0.48740792
0.4066951,0.42108533
0.34951475,0.37275675
0.31032482,0.34641054
0.28824314,0.31604204
0.27466378,0.31328636
0.27216408,0.30819678
0.2874423,0.3165177
0.31710723,0.3527732
0.37166786,0.38917464
0.42215618,0.4421151
0.47553357,0.489648
0.52997524,0.5378557
0.58048123,0.58134013
0.61969763,0.6231758
0.65751624,0.66617537
0.6893523,0.6859879
0.708388,0.70395565
0.7188837,0.7186258
0.7333598,0.7200078
0.729746,0.7040295
0.6960679,0.6572278
0.6371464,0.61832386
0.59418267,0.56185967
0.5246859,0.49927476
0.45313942,0.43251172
0.39623028,0.41289085
0.35653278,0.3827203
0.33177814,0.3537162
0.3160048,0.34809768
0.31433764,0.34477234
0.32968056,0.35406443
0.36670846,0.39058077
0.42335603,0.43184656
0.48046413,0.48572528
0.5423672,0.5377307
0.6020436,0.5908564
0.651762,0.6371133
0.6890554,0.6798475
0.7173036,0.72102004
0.74344355,0.7364507
0.75351036,0.75495076
0.7719585,0.76846075
0.782382,0.76854515
0.7804881,0.7561774
0.75113356,0.70792586
0.6999231,0.66091335
0.6645932,0.6004599
0.60355675,0.5366785
0.54596156,0.46265945
0.49332136,0.45023468
0.45399067,0.41379353
0.42598483,0.37918395
0.40597346,0.372873
0.39463168,0.36470345
0.40294254,0.37052807
0.42046225,0.40679765
0.4528495,0.4494443
0.50103164,0.5175352
0.539614,0.5819291
0.5732681,0.64429694
0.600318,0.6904933
0.64036024,0.7339247
0.65620834,0.7728541
0.689571,0.77922726
0.71441996,0.79195666
0.7286547,0.800243
0.72655475,0.8032749
0.7014931,0.7977046
0.65690035,0.7542913
0.63307023,0.70478064
0.60223013,0.6493238
0.5481797,0.58547515
0.48888695,0.51679516
0.43406865,0.4190487
0.39259437,0.38374755
0.3633775,0.3532238
0.34326252,0.34828866
0.32973224,0.33942056
0.32601762,0.34667513
0.33603618,0.3813268
0.38738742,0.4236459
0.45959166,0.48666087
0.52043104,0.5413488
0.5921898,0.5939154
0.64042306,0.64035136
0.67486817,0.68250614
0.7008289,0.7240781
0.6989968,0.7362821
0.7166368,0.7532925
0.7102479,0.7614852
0.7082859,0.7604327
0.7084093,0.7506123
0.67059326,0.7062991
0.63227457,0.65739477
0.6040817,0.6013527
0.55057883,0.5453919
0.4996879,0.47563544
0.45479357,0.41854694
0.42150807,0.38509429
0.39683136,0.35206223
0.36865252,0.33996588
0.35084787,0.33230597
0.3471613,0.34037036
0.34882897,0.36671972
0.36820576,0.40914768
0.40459645,0.47313213
0.43493548,0.54209614
0.4644274,0.60826164
0.48848018,0.6576722
0.50787175,0.6967232
0.52166694,0.7334381
0.4954457,0.7399552
0.47744906,0.751479
0.4752042,0.76042354
0.48246562,0.7611238
0.4953857,0.75142545
0.5059799,0.7089548
0.4921901,0.66343635
0.47277725,0.61005485
0.42729038,0.5545897
0.37618333,0.48870334
0.33446565,0.31349987
0.30887586,0.2827961
0.29137564,0.25437894
0.2831614,0.25323805
0.28523692,0.24367735
0.30399856,0.248718
0.33678222,0.27792838
0.3825909,0.30891624
0.4320238,0.3585237
0.48255938,0.39916253
0.53475356,0.44149917
0.5835594,0.47958228
0.62539244,0.5181264
0.66326845,0.55717605
0.69001496,0.5751505
0.7080435,0.5935546
0.7114046,0.6114174
0.73317224,0.6114257
0.7062107,0.5947372
0.670712,0.5536982
0.6342127,0.51960886
0.59556305,0.46925974
0.5271399,0.41792968
0.45714054,0.35930803
0.4009429,0.4253556
0.36417317,0.39429465
0.3350909,0.36417422
0.31901753,0.35789925
0.31599182,0.35054007
0.33285147,0.36083204
0.36471477,0.39710099
0.4061306,0.44058442
0.44692588,0.4956243
0.49863586,0.5522412
0.5554252,0.6052142
0.6023792,0.65066797
0.6396594,0.6885647
0.6670213,0.72804886
0.68683547,0.7396424
0.7060756,0.7540872
0.7253274,0.7679477
0.7362788,0.7711395
0.73345613,0.7575661
0.67942107,0.7172786
0.6291156,0.6720703
0.5800687,0.6166406
0.50694907,0.55347466
0.43688473,0.48376366
0.37948674,0.43069834
0.3403994,0.40026504
0.31558192,0.370986
0.30535322,0.3677228
0.3078537,0.36050883
0.32754973,0.36562467
0.35943276,0.4011411
0.3940506,0.44394302
0.42508632,0.5008159
0.4341224,0.5599666
0.4378547,0.6109552
0.45639345,0.649133
0.47508836,0.68619317
0.5001851,0.7158863
0.51820797,0.72750944
0.5311008,0.73936987
0.55812967,0.7506342
0.58453923,0.75930315
0.5904927,0.75505793
0.5710601,0.714572
0.5488727,0.6737319
0.51776946,0.6227026
0.45798323,0.5614623
0.3981042,0.4970363
0.35083643,0.30950814
0.31680307,0.28352886
0.29572797,0.2531711
0.2856315,0.2526695
0.28459296,0.24409243
0.30121002,0.24873191
0.33070013,0.27853775
0.37654206,0.3123216
0.4274187,0.35808966
0.48149905,0.40311113
0.52365416,0.44557956
0.56582904,0.48279998
0.5975939,0.5204696
0.6292255,0.5525755
0.6439117,0.57263136
0.6432724,0.58872545
0.644371,0.60295916
0.6586114,0.6056678
0.6556519,0.58998233
0.6298894,0.5582706
0.59102577,0.5260313
0.55643445,0.4801795
0.4941721,0.43102083
0.43368056,0.37392858
0.4316436,0.3719049
0.42960668,0.34581643
0.42756972,0.3183725
0.4255328,0.3131798
0.42349583,0.30939484
0.4214589,0.31979394
0.41942194,0.35191566
0.41738498,0.39055908
0.41534805,0.43797335
0.4133111,0.48253402
0.41127416,0.52209187
0.4092372,0.5592338
0.40720028,0.5931162
0.40516332,0.63146526
0.40312636,0.65008736
0.40108943,0.6674998
0.39905247,0.6816577
0.39701554,0.6858405
0.39497858,0.6732668
0.39294162,0.63295424
0.3909047,0.59974504
0.38886774,0.5428025
0.3868308,0.48799753
0.38479385,0.42706057
0.38275692,0.2732518
0.38071996,0.2446852
0.378683,0.22191237
0.37664607,0.22185467
0.3746091,0.21654758
0.37257218,0.21828085
0.37053522,0.2506261
0.3684983,0.27654624
0.36646134,0.31224445
0.36442438,0.34725094
0.36238745,0.37283483
0.3603505,0.39915726
0.35831356,0.42682192
0.3562766,0.45231724
0.35423967,0.47006327
0.3522027,0.48481026
0.35016575,0.5034049
0.34812883,0.51191336
0.34609187,0.49782556
0.34405494,0.47448403
0.34201798,0.44444394
0.33998102,0.40938824
0.3379441,0.36184618
0.33590713,0.30746412
0.3338702,0.24729468
0.33183324,0.21892098
0.3297963,0.19740757
0.32775936,0.19668259
0.3257224,0.19548294
0.32368547,0.194435
0.3216485,0.22719973
0.31961158,0.2498944
0.31757462,0.28375673
0.3155377,0.3122301
0.31350073,0.3311266
0.31146377,0.36722648
0.30942684,0.39210927
0.3073899,0.41768536
0.30535296,0.4353097
0.303316,0.4473826
0.30127907,0.47039077
0.2992421,0.47738886
0.29720515,0.45937866
0.29516822,0.43598944
0.29313126,0.40886462
0.29109433,0.36999065
0.28905737,0.32821915
0.28702044,0.26377225
0.2849835,0.23830882
0.28294653,0.21189973
0.2809096,0.18876135
0.27887264,0.19016863
0.2768357,0.18445137
0.27479875,0.1784955
0.2727618,0.21346937
0.27072486,0.23450512
0.2686879,0.27130646
0.26665097,0.30639452
0.26461402,0.32331082
0.2625771,0.35689017
0.26054013,0.37937444
0.25850317,0.40364763
0.25646624,0.4247964
0.25442928,0.43372712
0.25239235,0.46056226
0.2503554,0.47840106
0.24831845,0.45772576
0.2462815,0.44164127
0.24424456,0.41399825
0.24220762,0.37810394
0.24017067,0.33785293
0.23813371,0.27374256
0.23609677,0.24441269
0.20973654,0.22645512
0.19361877,0.21860376
0.17853017,0.22450162
0.18090986,0.22462863
0.18535233,0.21465671
0.19274259,0.24943158
0.20921338,0.26916337
0.2381502,0.29098397
0.2658968,0.30425373
0.28965992,0.29379663
0.309511,0.32270905
0.33727577,0.3327207
0.36466464,0.3412944
0.3916826,0.37058377
0.41922033,0.37181905
0.4835356,0.41553771
0.48809493,0.44881973
0.48086494,0.4374477
0.44374144,0.42605036
0.41424873,0.4093204
0.37488398,0.37662596
0.33395624,0.33911356
0.2914733,0.26551574
0.2542181,0.26196635
0.23210135,0.23998809
0.21467178,0.22056565
0.20440958,0.21578532
0.19955306,0.21371663
0.20177428,0.22287211
0.20757844,0.25793695
0.22818023,0.28050074
0.27235344,0.31858176
0.3177499,0.3461682
0.3971522,0.36227748
0.4412672,0.38927284
0.45434836,0.42081052
0.49210516,0.46348253
0.52926373,0.481688
0.56508714,0.5046237
0.59878385,0.5293908
0.6255023,0.5430516
0.6388866,0.51987815
0.58096,0.48725337
0.5475017,0.4583575
0.5013132,0.4185189
0.4465635,0.3632282
0.38479915,0.3050598
0.34333214,0.31002393
0.30653048,0.28882447
0.28236705,0.26232615
0.26631525,0.25666833
0.26210216,0.24951223
0.26696104,0.26142523
0.27861607,0.29585853
0.30241972,0.31984377
0.36194962,0.36768183
0.43337637,0.41207734
0.49597096,0.45177713
0.54782534,0.4932138
0.6026213,0.5328966
0.6399108,0.5798421
0.6675587,0.59882915
0.7121397,0.6222203
0.74650615,0.6425147
0.7614365,0.65343475
0.7420691,0.62063813
0.69349134,0.5782584
0.64202034,0.5383915
0.57157004,0.49088472
0.5052642,0.42666337
0.43414372,0.36277792
0.38732767,0.37938908
0.35300675,0.35090956
0.33020553,0.32031897
0.3172122,0.31820244
0.31757143,0.30571136
0.3404854,0.3154566
0.3842726,0.3533628
0.41042137,0.3873849
0.44247252,0.44699693
0.4846788,0.49673325
0.55084616,0.54400367
0.5858825,0.5832711
0.66729736,0.62215155
0.6952549,0.6644202
0.7263415,0.6804293
0.7526043,0.6973884
0.76574135,0.7115724
0.77353966,0.7173842
0.7627779,0.7021713
0.7222131,0.6609206
0.67899764,0.61967814
0.6003102,0.5705987
0.53512084,0.51147854
0.46722558,0.44838628
0.4137996,0.40027395
0.37603214,0.36685327
0.34849182,0.3388013
0.33285615,0.33616167
0.3307344,0.32083935
0.34985167,0.33252367
0.39196885,0.3638267
0.41948763,0.40226376
0.4658452,0.4587468
0.5254437,0.5039238
0.5863726,0.55009276
0.6482643,0.5917581
0.70902026,0.6305505
0.7308087,0.6707522
0.7612292,0.6782612
0.7798787,0.6944238
0.78730035,0.70904505
0.7961793,0.71020937
0.79450303,0.696291
0.74066615,0.65477145
0.67790896,0.6120482
0.61852115,0.5590863
0.53973347,0.500333
0.46948916,0.43629673
0.41630295,0.41771784
0.37749487,0.38425997
0.34975114,0.3572636
0.33277094,0.35548037
0.3319101,0.34215164
0.35265657,0.35599127
0.39177662,0.39483768
0.42148468,0.43735462
0.4690678,0.4956056
0.5315338,0.5289968
0.5945736,0.5662307
0.68652165,0.60040236
0.73064524,0.6324429
0.76226026,0.6732716
0.7837416,0.6824657
0.79683965,0.69690025
0.80779904,0.7139777
0.79442775,0.71512085
0.758104,0.7076664
0.7184255,0.6665384
0.6683497,0.6307615
0.60550624,0.5771844
0.535829,0.5210163
0.47045884,0.45923588
0.41825116,0.4472699
0.38199785,0.4124373
0.35580802,0.38593033
0.33872265,0.38178927
0.33596915,0.37188965
0.35405776,0.3836843
0.3942935,0.42495084
0.4158972,0.47624797
0.45121172,0.5338851
0.50311446,0.57795084
0.5621313,0.6168799
0.6257267,0.65213984
0.6882023,0.6876985
0.7286799,0.72051305
0.7333517,0.7336169
0.7266067,0.7471887
0.6995618,0.7557218
0.7005206,0.76092064
0.6806988,0.75655806
0.641624,0.7182562
0.5969798,0.6722848
0.550463,0.6227972
0.4881313,0.56779736
0.42877313,0.50544167
0.38020366,0.3834961
0.34275833,0.35690334
0.31797174,0.3266257
0.29969066,0.32317227
0.2910304,0.31579548
0.2915959,0.32508445
0.29661793,0.3536005
0.31696126,0.39765966
0.36008322,0.45240694
0.42501384,0.49792653
0.45936748,0.5399212
0.5051694,0.57614255
0.5514714,0.6113877
0.585325,0.6462936
0.6075838,0.6638089
0.61892223,0.6785824
0.6281158,0.6847309
0.59116864,0.68598616
0.5460865,0.67719865
0.5071036,0.64552623
0.46719518,0.605948
0.42598793,0.54966456
0.38492876,0.503835
0.3444569,0.4445986
0.3101822,0.29643592
0.2863378,0.26743004
0.26879054,0.24170992
0.25404277,0.24300332
0.25108692,0.22959381
0.25361702,0.23817208
0.26395532,0.26549503
0.27943304,0.2963495
0.31351185,0.3417489
0.35225838,0.38079664
0.38401777,0.41105926
0.39192808,0.43840158
0.40512717,0.468536
0.43370628,0.49975494
0.47298634,0.5147352
0.51742816,0.5302037
0.5406746,0.54317975
0.5404416,0.5547112
0.5317798,0.5429578
0.5131852,0.5169938
0.49189267,0.48828816
0.44218805,0.44843185
0.3891094,0.40690133
0.33704147,0.35744712
0.2995743,0.28575218
0.27530047,0.26115018
0.26163355,0.23637336
0.25454202,0.2353816
0.25927126,0.22842568
0.28599283,0.2370198
0.32712215,0.2649178
0.35713282,0.2920558
0.38432118,0.33262277
0.40361246,0.37234846
0.4399089,0.40725574
0.46583584,0.4387989
0.4955639,0.47065502
0.5143718,0.5063396
0.53009397,0.5245453
0.5766765,0.540992
0.56031036,0.5547706
0.55191845,0.56360394
0.5319736,0.5444939
0.5166987,0.51356775
0.48602593,0.47932214
0.43595245,0.43953657
0.38111207,0.39046478
0.33137965,0.33889997
0.32994208,0.29095504
0.32850447,0.26782915
0.32706687,0.24306437
0.3256293,0.24153186
0.3241917,0.23633361
0.3227541,0.24561572
0.3213165,0.27654997
0.3198789,0.30564713
0.31844133,0.34707218
0.31700373,0.38178882
0.31556615,0.4151897
0.31412855,0.4465586
0.31269094,0.47802007
0.31125337,0.5150927
0.30981576,0.5316086
0.3083782,0.55074763
0.3069406,0.5687653
0.30550298,0.57753575
0.3040654,0.5619099
0.3026278,0.5276271
0.30119023,0.4982611
0.29975262,0.45298684
0.29831502,0.40233293
0.29687744,0.34960485
0.29543984,0.24703714
0.29400223,0.2162869
0.29256466,0.1968785
0.29112706,0.20540407
0.28968948,0.19975969
0.28825188,0.18450227
0.28681427,0.22292177
0.2853767,0.24583955
0.2839391,0.2844446
0.28250152,0.32196814
0.2810639,0.32937124
0.2796263,0.36398417
0.27818874,0.38795197
0.27675113,0.40111735
0.27531356,0.4296388
0.27387595,0.43262652
0.27243835,0.46461576
0.27100077,0.48835284
0.26956317,0.47370827
0.2681256,0.46182626
0.266688,0.4345687
0.26525038,0.402206
0.2638128,0.36498997
0.2623752,0.29141742
0.26093763,0.22163722
0.25950003,0.19950035
0.25806242,0.18128353
0.25662485,0.18599409
0.25518724,0.1825515
0.25374964,0.17411485
0.25231206,0.21065916
0.25087446,0.23128264
0.24943687,0.2699288
0.24799928,0.2986486
0.24656169,0.29797152
0.2451241,0.32999185
0.2436865,0.3481443
0.24224891,0.36643687
0.24081132,0.3884543
0.23937373,0.3943539
0.23793614,0.42487702
0.23649853,0.45445967
0.23506095,0.44267845
0.23362336,0.43300906
0.23218577,0.4101988
0.23074818,0.3789785
0.22931057,0.34697843
0.22787298,0.28288972
0.2264354,0.21487643
0.2249978,0.19742458
0.2235602,0.18796563
0.22212261,0.18892674
0.22068502,0.19602284
0.21924743,0.19563375
0.21780984,0.2305982
0.21637224,0.24374709
0.21493465,0.27157632
0.21349706,0.28513718
0.21205947,0.2744781
0.21062188,0.2963669
0.20918427,0.30595607
0.20774668,0.3208102
0.2063091,0.33922154
0.2048715,0.3482991
0.2034339,0.3838893
0.20199631,0.41418898
0.20055872,0.41108313
0.19912113,0.40548348
0.19768354,0.3852594
0.19624594,0.35632718
0.19480835,0.32188973
0.19337076,0.2637617
0.19193317,0.18515399
0.17277046,0.17429829
0.16009142,0.16423713
0.15309133,0.16305241
0.15212293,0.16675721
0.15665527,0.16390878
0.16599713,0.19293985
0.18237908,0.20349373
0.20808575,0.23057675
0.23687944,0.2479918
0.26058203,0.24647115
0.28617933,0.27042732
0.31999528,0.2831173
0.34687582,0.2996405
0.37559184,0.32785565
0.37168917,0.34027573
0.3821958,0.3738794
0.388926,0.39392984
0.38860676,0.3819141
0.38790148,0.37243572
0.36979342,0.34886014
0.3333614,0.31152356
0.2917445,0.28204036
0.25482413,0.22551236
0.22540571,0.23455875
0.2088783,0.2155948
0.19707388,0.19498399
0.19159417,0.19219764
0.19542517,0.19078627
0.22082193,0.19739637
0.26599938,0.22557154
0.29022542,0.2479109
0.30442587,0.2891274
0.30972037,0.32007805
0.32689148,0.33829376
0.33439136,0.35537124
0.3321257,0.37373024
0.3310321,0.40263554
0.34280428,0.4129291
0.33241975,0.4251714
0.3473291,0.44686693
0.3731137,0.4669024
0.38024315,0.45759547
0.37584928,0.44350028
0.35538593,0.42190057
0.31775898,0.39215434
0.27290466,0.34991762
0.23159924,0.30490553
0.20310818,0.22896823
0.18519466,0.20927405
0.17506,0.19234744
0.17054299,0.19383718
0.17391367,0.19225606
0.19916368,0.19831562
0.24019219,0.22763133
0.25537145,0.24698769
0.2554138,0.27609032
0.27294365,0.29267666
0.27119413,0.298713
0.28200623,0.3150672
0.2981027,0.32407528
0.31488472,0.3423936
0.32960004,0.35308895
0.34782735,0.36026385
0.36922142,0.38764465
0.38857844,0.40570816
0.3851298,0.39896587
0.3775429,0.39121035
0.3533525,0.3733124
0.30985725,0.34664834
0.26296848,0.30900058
0.22224206,0.26340485
0.19307405,0.2176009
0.17702433,0.20210853
0.16732036,0.19142959
0.16435413,0.19178595
0.17070845,0.18889764
0.19604677,0.19685355
0.2365963,0.22323956
0.2522626,0.23381326
0.25432876,0.2578621
0.2602698,0.26768973
0.2703247,0.2660989
0.28174725,0.2847835
0.30022317,0.2889837
0.3242411,0.3026394
0.34296274,0.31543553
0.36379445,0.3213468
0.38574365,0.35436693
0.39918196,0.37435842
0.4020648,0.3710069
0.39046744,0.3615138
0.3652177,0.34775788
0.32513365,0.3193443
0.27819994,0.28443164
0.23688073,0.23511407
0.21082054,0.20560825
0.19174483,0.19233555
0.18024409,0.17978686
0.17542782,0.1783777
0.18145901,0.17629275
0.2055754,0.18714836
0.24779235,0.21783438
0.26310694,0.23050992
0.2772723,0.25513327
0.27974188,0.2639133
0.29339346,0.266997
0.3199171,0.27653223
0.33051464,0.28204024
0.3571684,0.3031066
0.38143313,0.31217912
0.40185,0.3228766
0.42011887,0.3494848
0.42938253,0.3643192
0.41819844,0.3617713
0.40720397,0.35075453
0.38371384,0.33547765
0.32964548,0.31062508
0.283629,0.27571285
0.24060756,0.23695634
0.20650586,0.20916945
0.18559001,0.19490916
0.17712277,0.18119046
0.17199402,0.18009341
0.17651805,0.175233
0.1992029,0.18886033
0.24061301,0.21119976
0.25955597,0.22865517
0.26863495,0.25534192
0.2785953,0.26686206
0.28189066,0.2757052
0.28759453,0.28798085
0.3073077,0.2921433
0.30803397,0.31376
0.3243328,0.31586716
0.31563804,0.3253214
0.31775665,0.34417754
0.31916586,0.35619834
0.3193799,0.3525931
0.3217887,0.34281337
0.30486488,0.32696068
0.280896,0.29632676
0.2511994,0.2663965
0.22236753,0.22846773
0.19806124,0.18470782
0.18066621,0.16861165
0.17102276,0.1558524
0.16583945,0.15740675
0.1650386,0.15298918
0.17032374,0.16409788
0.18206191,0.18931454
0.20112436,0.20442311
0.22896472,0.22891
0.25685182,0.25021338
0.27830306,0.25941342
0.28804964,0.2662324
0.2950435,0.2656231
0.29043764,0.27737176
0.2914268,0.28041318
0.28732878,0.28402957
0.29443228,0.30503014
0.29895395,0.31719348
0.30147105,0.32071954
0.30465162,0.32042322
0.2924477,0.3095113
0.27278855,0.28042164
0.24708761,0.256002
0.22114117,0.22097476
0.19931148,0.18037914
0.1844829,0.16228414
0.17654689,0.14221117
0.17026556,0.1449483
0.1689587,0.13732138
0.17134435,0.14696568
0.18631606,0.17410085
0.2035999,0.1905173
0.23509122,0.22033086
0.2653827,0.24712259
0.2838485,0.26824427
0.29287213,0.28390023
0.30157888,0.29367137
0.3014651,0.3144631
0.3001686,0.31777945
0.2986833,0.3243741
0.30721962,0.3442479
0.31749377,0.35049433
0.31994256,0.34342074
0.33127317,0.33727184
0.31650874,0.32333195
0.287694,0.28750974
0.2554299,0.2573766
0.22221166,0.21570227
0.19761834,0.19186424
0.18143952,0.17369467
0.17307983,0.1535428
0.17064923,0.15194847
0.17591202,0.14660335
0.20025389,0.15623772
0.24656938,0.18255202
0.26999584,0.20127915
0.2826915,0.23860931
0.2945354,0.26874685
0.30442068,0.2887582
0.30530387,0.30343127
0.32028154,0.31234628
0.31086954,0.33441958
0.3219757,0.33711526
0.31011882,0.34377745
0.31344613,0.36284935
0.3201566,0.37302858
0.3288963,0.3697236
0.33703497,0.36615875
0.31754807,0.35045654
0.2892617,0.32447475
0.25464463,0.2955812
0.21958572,0.259785
0.19503734,0.20814651
0.1785468,0.19455357
0.17250887,0.17855892
0.16993982,0.18130411
0.17404953,0.1775142
0.1986322,0.19032405
0.24431749,0.2188854
0.26605967,0.23906796
0.27945277,0.26620072
0.28338093,0.28593785
0.29085404,0.29793328
0.28726307,0.3063918
0.28359783,0.30938536
0.29206583,0.32698628
0.28378692,0.32547668
0.28578475,0.33143947
0.28750542,0.34763864
0.30229762,0.3598325
0.31365967,0.36186403
0.31931496,0.3576129
0.3043056,0.34435016
0.2740476,0.32012832
0.24071562,0.28844118
0.2075205,0.25502306
0.1836657,0.19754305
0.16929664,0.1828443
0.1640406,0.17263067
0.16147205,0.17521638
0.16664445,0.17495286
0.19298364,0.18915145
0.23936823,0.22297682
0.25856003,0.24505042
0.26492113,0.26311094
0.26054567,0.27225876
0.25078326,0.2672199
0.27144843,0.2704467
0.25309175,0.27010295
0.2518345,0.280718
0.2533266,0.28008595
0.26192242,0.2884088
0.27531892,0.30565122
0.2927542,0.32540554
0.30140328,0.33479822
0.32092732,0.33501878
0.30625772,0.32587406
0.27516901,0.30403346
0.2398223,0.2776531
0.2049504,0.24445644
0.18173097,0.1923075
0.16829629,0.1797361
0.16119646,0.1667185
0.15950176,0.16990687
0.16519004,0.16853312
0.19407777,0.1828016
0.24156946,0.21114562
0.25985107,0.22991851
0.26940334,0.24894182
0.27700478,0.26448956
0.28540498,0.2700304
0.2829066,0.27674207
0.2650445,0.27800825
0.28707525,0.29056692
0.28711838,0.28978208
0.28917804,0.29416895
0.29619426,0.31121695
0.3076825,0.32496515
0.3180603,0.32842937
0.32562098,0.32779348
0.31057757,0.31934944
0.284541,0.29127055
0.24990629,0.26249805
0.21803701,0.22628391
0.21724787,0.19592027
0.21645874,0.17941548
0.21566959,0.16517016
0.21488045,0.16712815
0.21409132,0.16274998
0.21330218,0.17435427
0.21251303,0.20269608
0.2117239,0.22478148
0.21093476,0.2481593
0.21014562,0.26846352
0.20935647,0.27980006
0.20856734,0.28915635
0.2077782,0.296151
0.20698906,0.3124122
0.20619993,0.31228122
0.20541078,0.3194652
0.20462164,0.33637744
0.2038325,0.3467042
0.20304337,0.34689158
0.20225422,0.34175894
0.20146509,0.33030152
0.20067595,0.30006212
0.19988681,0.27232185
0.19909766,0.23420268
0.19830853,0.16367844
0.18085453,0.1476768
0.17064378,0.13410026
0.16373849,0.1390322
0.16398293,0.1333721
0.16931015,0.14677194
0.18597135,0.17477399
0.2063791,0.18475679
0.22910239,0.20340978
0.24854462,0.22227162
0.2574615,0.23051763
0.26454732,0.24144891
0.26189825,0.24175912
0.2606249,0.25136968
0.26641113,0.25358802
0.26472914,0.25951794
0.27081358,0.28189087
0.27621326,0.2924767
0.2829832,0.29716483
0.29243624,0.29703534
0.28152725,0.2864851
0.26018536,0.25737122
0.23600924,0.23029828
0.20766623,0.19383258
0.18460058,0.18792245
0.1688979,0.16866443
0.15866661,0.15603615
0.15211825,0.15617062
0.15148027,0.15572083
0.15666878,0.17111933
0.16940263,0.20808946
0.18490762,0.22285299
0.20753193,0.24617255
0.22167136,0.2541499
0.23358148,0.25790596
0.24394369,0.27139822
0.26042488,0.27945644
0.27719387,0.3037591
0.2934748,0.3046318
0.3137745,0.31993464
0.33703938,0.3430921
0.36643183,0.35062504
0.3628494,0.35209417
0.36202806,0.3409592
0.33589694,0.32731414
0.29701614,0.29544348
0.2570755,0.26245752
0.21917036,0.21790797
0.19247738,0.20298402
0.17483895,0.1843721
0.16575192,0.16640604
0.16331898,0.16288589
0.16773807,0.16085994
0.19573271,0.17574894
0.24480455,0.20501643
0.265131,0.22980903
0.27215394,0.2583502
0.27961564,0.27596852
0.2914003,0.29149538
0.30729133,0.30766478
0.32930544,0.32511178
0.35164508,0.3553612
0.3746315,0.36270872
0.39655265,0.37890664
0.4165497,0.39771795
0.4292059,0.40681562
0.42060876,0.40204304
0.41389778,0.38559642
0.38190147,0.3642764
0.33952922,0.33233476
0.29026073,0.2976024
0.24602751,0.25371918
0.21572356,0.22995824
0.19391048,0.20867231
0.18124652,0.19681108
0.17547224,0.19715
0.17834835,0.19496071
0.20432879,0.20925388
0.24829109,0.24195419
0.266634,0.272147
0.273339,0.29225653
0.27874258,0.30147368
0.2900158,0.30700764
0.30795994,0.31632555
0.33352426,0.3287157
0.3624481,0.35401526
0.38660812,0.36284527
0.4108469,0.3789931
0.4304686,0.4013138
0.4433674,0.411972
0.43046886,0.4078051
0.42004484,0.39007318
0.38449627,0.3691365
0.33982405,0.33779615
0.29283187,0.30118567
0.24779935,0.25722378
0.21526586,0.22234884
0.19597715,0.2043739
0.18407741,0.18894002
0.17801064,0.18841371
0.18136913,0.18548533
0.2067459,0.19768168
0.25372973,0.23151512
0.26985374,0.2557326
0.27332756,0.28504995
0.28432047,0.2951615
0.29926413,0.30415767
0.3199436,0.3149033
0.34274715,0.33157292
0.36538965,0.35985214
0.39048898,0.36620685
0.41543794,0.3836065
0.44294113,0.3996822
0.44304943,0.41319942
0.42442182,0.41398233
0.41067934,0.3943826
0.3755604,0.37360007
0.32085666,0.34265155
0.28345573,0.305567
0.23618847,0.26347578
0.20461921,0.21774998
0.18520634,0.2001529
0.17426486,0.18756437
0.17115992,0.18708396
0.17415369,0.18587065
0.19990243,0.19987917
0.24517186,0.23100582
0.26158264,0.25017458
0.2717708,0.27526826
0.2815158,0.27882704
0.29347193,0.2836884
0.31292272,0.29301962
0.33675,0.30075276
0.3599936,0.32759824
0.38172483,0.33053792
0.41201165,0.34427795
0.4077383,0.364116
0.4128195,0.3760209
0.40977198,0.37562615
0.40687457,0.36126742
0.38163134,0.34049636
0.34667605,0.31179357
0.3023696,0.27852643
0.26328382,0.23566052
0.26124385,0.21206379
0.25920385,0.19153193
0.25716385,0.17286071
0.25512388,0.17092745
0.25308388,0.16285723
0.25104392,0.17005807
0.24900392,0.19859008
0.24696393,0.21974151
0.24492393,0.25687334
0.24288395,0.28078136
0.24084397,0.3015646
0.23880398,0.31964603
0.23676398,0.33839357
0.234724,0.36901718
0.23268402,0.3751353
0.23064402,0.3895223
0.22860403,0.4074247
0.22656405,0.41644564
0.22452407,0.40813637
0.22248407,0.3873787
0.22044408,0.36182517
0.2184041,0.3260847
0.21636412,0.2934071
0.21432412,0.24624553
0.21228413,0.14775537
0.21024415,0.14009196
0.20820417,0.121924445
0.20616417,0.115909696
0.20412418,0.09721161
0.2020842,0.10515633
0.20004421,0.10722548
0.19800422,0.10466548
0.19596423,0.13871776
0.19392425,0.17947283
0.19188425,0.2231346
0.18984427,0.24646051
0.18780428,0.25878462
0.1857643,0.266651
0.1837243,0.28486407
0.18168432,0.28474906
0.17964433,0.32069516
0.17760435,0.33544725
0.17556435,0.3382715
0.17352436,0.3266493
0.17148438,0.30484813
0.1694444,0.2793392
0.1674044,0.25755692
0.16536441,0.22055042
0.16332443,0.1515547
0.14921488,0.14915326
0.14003356,0.14616278
0.13753854,0.14650346
0.13859837,0.1460127
0.14600758,0.1593973
0.16277243,0.17686564
0.18456577,0.17446229
0.20126957,0.19320022
0.20183638,0.20636219
0.19859582,0.20427984
0.20622793,0.21120252
0.20666198,0.20809284
0.21109016,0.20809974
0.21223001,0.2206867
0.21828456,0.22748168
0.23563361,0.2590535
0.25385755,0.28632286
0.26955763,0.30242807
0.2850473,0.3033497
0.2708328,0.2903865
0.24489859,0.2700371
0.21461515,0.24751395
0.18797906,0.21557683
0.17033724,0.17914018
0.16021143,0.16945985
0.15694647,0.16374663
0.15866974,0.16581109
0.17001046,0.17120603
0.20151712,0.1891483
0.2514176,0.21983157
0.27886286,0.23583956
0.27310884,0.2524956
0.26611108,0.25617456
0.25241637,0.24502684
0.24060106,0.24496213
0.2400392,0.23988792
0.23150156,0.24788159
0.23352408,0.24628137
0.24115774,0.2565462
0.25734305,0.27977324
0.28754595,0.30219457
0.31170234,0.31337777
0.31695476,0.31893253
0.29850146,0.31235284
0.26846948,0.2878185
0.23276973,0.26189142
0.20133528,0.22749646
0.17837873,0.18712467
0.16769701,0.17711744
0.16248176,0.1679476
0.16295245,0.1710613
0.17341025,0.17322785
0.20273618,0.19175899
0.25299227,0.22467376
0.2745648,0.24359044
0.26864117,0.2578277
0.2553865,0.2616865
0.24351561,0.24881819
0.23127764,0.24840154
0.22912993,0.24405646
0.23408933,0.25377533
0.23421687,0.25465497
0.24781287,0.26168877
0.27038732,0.28342324
0.28696123,0.30449197
0.3012004,0.31429592
0.3127479,0.31975543
0.29335165,0.31727087
0.2637514,0.29348993
0.22975336,0.2661864
0.19761133,0.23448235
0.17972508,0.19366664
0.16818511,0.17922026
0.16309583,0.17293206
0.16376369,0.1818305
0.17142202,0.18481141
0.20240551,0.20082182
0.2525377,0.23674156
0.27184328,0.25601792
0.26168993,0.26863533
0.2492078,0.26218605
0.23985113,0.24690682
0.23341393,0.24852334
0.23355708,0.24444652
0.23821618,0.2520942
0.2443136,0.25435314
0.25996536,0.26220766
0.27788538,0.28488863
0.29371843,0.30260646
0.30805632,0.31477976
0.31388643,0.31575632
0.29566172,0.30955285
0.26780578,0.2857483
0.23084566,0.25656018
0.19932602,0.22057468
0.1783847,0.18630254
0.16575243,0.1721401
0.16151492,0.16565856
0.15903133,0.17342113
0.16725126,0.17602207
0.19714141,0.1936725
0.2471367,0.22570744
0.26835388,0.24516825
0.2638166,0.25337917
0.24912804,0.24825475
0.24264826,0.23596823
0.23857959,0.23988396
0.23958384,0.23466943
0.24327143,0.24193545
0.25231716,0.24612884
0.26385763,0.25304794
0.28489274,0.2751941
0.30273688,0.28979406
0.30979285,0.29846916
0.3152289,0.29957604
0.29403612,0.29201674
0.2652027,0.2663034
0.23214708,0.23721299
0.20289439,0.20110208
0.17744955,0.17509255
0.16454895,0.1611458
0.15807669,0.15239407
0.15858765,0.16090292
0.1633691,0.15831387
0.18950386,0.1758779
0.23220707,0.20357727
0.25321385,0.22106849
0.25226027,0.23443511
0.24219342,0.23694882
0.23534554,0.23316564
0.22956711,0.23515
0.22851662,0.22773361
0.23108542,0.2285524
0.23685735,0.22695416
0.2491283,0.23255256
0.2647359,0.2512009
0.28289047,0.2696637
0.2899537,0.28575104
0.29011735,0.2931376
0.2724532,0.28962386
0.25220338,0.26555133
0.2285834,0.24221492
0.20286503,0.21297146
0.18166162,0.16460866
0.17052428,0.15334402
0.1635764,0.14605923
0.15955682,0.14777559
0.16442218,0.1475384
0.17160022,0.16863021
0.19191186,0.1906079
0.21449722,0.20209336
0.23861283,0.21705565
0.2591336,0.22896309
0.26912123,0.23052344
0.26718003,0.23287244
0.2718152,0.22022355
0.27543008,0.22291727
0.2704977,0.21275108
0.26990208,0.212028
0.27320027,0.23068967
0.2808129,0.24350089
0.28912714,0.25908878
0.2836908,0.270613
0.26879027,0.26748726
0.24787469,0.2508646
0.22548519,0.23132208
0.20005518,0.20612583
0.18031475,0.17975071
0.16660549,0.17042676
0.15842062,0.16218713
0.15494135,0.16824248
0.15749301,0.16840944
0.16372992,0.1892864
0.18168421,0.22064944
0.20320272,0.24033912
0.22259429,0.25073242
0.21507856,0.24928105
0.2079395,0.23940364
0.20598038,0.23674645
0.20990252,0.22666994
0.21965872,0.23169695
0.22345671,0.22468857
0.2300726,0.22842936
0.24641222,0.2493259
0.26368076,0.26363537
0.28380355,0.2774815
0.28998953,0.2846649
0.28047755,0.28682214
0.25484726,0.26709694
0.2263089,0.24113813
0.20128697,0.21442223
0.18222426,0.18644643
0.17459685,0.17427304
0.17224807,0.17029342
0.17562291,0.17600597
0.18740004,0.18308042
0.22423209,0.20473439
0.2769362,0.23971374
0.30237296,0.2592479
0.28879464,0.2660939
0.26966178,0.2569253
0.25735864,0.23945105
0.24980369,0.2321646
0.2443006,0.2190065
0.24876904,0.22485007
0.25504595,0.22176863
0.25898293,0.22629693
0.27231318,0.25012255
0.29452318,0.2637898
0.31716076,0.28214273
0.32376835,0.28926408
0.30447003,0.29082352
0.27790615,0.26804358
0.24643534,0.24419525
0.21656363,0.21394086
0.1964133,0.1932456
0.18492243,0.17952181
0.1801168,0.17025237
0.18119508,0.1728673
0.1900156,0.17464027
0.21994263,0.19211227
0.2734998,0.22113562
0.29217935,0.24313964
0.27830306,0.25796497
0.2601755,0.26339877
0.25035673,0.2606118
0.24869788,0.2631377
0.26101556,0.25885534
0.2559484,0.26759
0.26418027,0.26276618
0.26459536,0.26750156
0.26961607,0.28577214
0.28707188,0.2984494
0.3103025,0.30898935
0.31717762,0.31191033
0.3003915,0.308811
0.2738832,0.2843926
0.24344131,0.2592088
0.21416472,0.22836316
0.1933707,0.1930657
0.18394051,0.17876646
0.18068777,0.17225748
0.1825487,0.17762683
0.19207214,0.17980912
0.22592472,0.19879015
0.27895898,0.23089394
0.30173734,0.25690365
0.28631493,0.26515353
0.26235908,0.26221508
0.24608752,0.24862602
0.23518059,0.24313627
0.23442441,0.23568083
0.23646408,0.23951294
0.23700725,0.23566353
0.24247369,0.24068198
0.2582647,0.25889915
0.27980423,0.2758052
0.3048833,0.2935458
0.3128048,0.30226785
0.29897475,0.30040354
0.2749877,0.27811605
0.24353638,0.25611734
0.21362494,0.22558577
0.19495422,0.19546883
0.18771774,0.18323931
0.18580562,0.17920694
0.18988077,0.18240641
0.2027627,0.18924823
0.23830943,0.20906295
0.29383403,0.24475998
0.31645834,0.26958227
0.29903838,0.27391946
0.2717438,0.26361564
0.25229716,0.24451423
0.24007504,0.2396364
0.23581493,0.22868782
0.23668124,0.23414354
0.23924978,0.23103358
0.24439801,0.23915932
0.25688118,0.25974262
0.28074327,0.2722284
0.30423078,0.28729966
0.30813867,0.29194635
0.29355687,0.29128557
0.26905134,0.26745218
0.2357674,0.24309936
0.2046496,0.21149044
0.18068075,0.18640673
0.16821343,0.17439032
0.1608837,0.16252516
0.16047534,0.16483578
0.16650678,0.16492504
0.1919342,0.18026412
0.23785017,0.21205781
0.26386854,0.23461543
0.27086058,0.24555671
0.26996598,0.25162455
0.26552844,0.2507901
0.27006364,0.25327972
0.26228893,0.24911594
0.24945144,0.2562796
0.25110278,0.25494236
0.24845473,0.2609761
0.26635268,0.27437106
0.2811402,0.28406718
0.29491726,0.28770545
0.2922191,0.29261303
0.27881065,0.2838596
0.25741318,0.25920206
0.23158781,0.2327969
0.2047361,0.20126814
0.18097143,0.17607665
0.16452375,0.16146949
0.15542737,0.14811176
0.15042719,0.15154904
0.15279442,0.1508677
0.15933785,0.16653201
0.17924765,0.19764292
0.200689,0.21761462
0.22219503,0.23308963
0.22207971,0.24120861
0.21490063,0.24072155
0.21998964,0.24345973
0.22005615,0.23768103
0.2214703,0.24327354
0.2205393,0.24192932
0.2230759,0.24714866
0.22763889,0.26385835
0.24312726,0.27526507
0.26139173,0.28521165
0.26431715,0.2939671
0.2515584,0.28975445
0.23625991,0.26905572
0.21477386,0.24385786
0.1935902,0.21630944
0.17366403,0.17593676
0.163127,0.16362652
0.1573982,0.15630585
0.15688048,0.16235408
0.15989971,0.16399112
0.16938548,0.18486924
0.18879575,0.21219149
0.2102545,0.23194246
0.2270269,0.24199156
0.22346346,0.24202591
0.21255939,0.2337855
0.20936015,0.23208033
0.20716852,0.21933265
0.19925068,0.22294493
0.19683698,0.21886183
0.20366406,0.22072494
0.22607511,0.24130775
0.25651935,0.25533536
0.28355262,0.26959747
0.29237157,0.2802517
0.2776947,0.27932525
0.25698978,0.2578708
0.22956218,0.23687193
0.20365602,0.20978956
0.18577679,0.18286796
0.17567226,0.17126569
0.17410797,0.16855597
0.1785242,0.17251915
0.19033822,0.17832728
0.22729081,0.19947559
0.28456828,0.23177777
0.3137555,0.25429043
0.30016783,0.2618137
0.27764717,0.2562095
0.25825065,0.23946701
0.2436234,0.23572561
0.23421662,0.22430283
0.22724925,0.23083983
0.22695078,0.22379842
0.23167352,0.22764914
0.25166386,0.24720365
0.285332,0.27056393
0.31544346,0.28902227
0.3214245,0.297583
0.3081423,0.29917264
0.2864152,0.27749845
0.25767088,0.25579566
0.23178522,0.22709155
0.21681586,0.199583
0.20977421,0.18914619
0.21121615,0.18879369
0.21638206,0.19183819
0.22998923,0.20073774
0.26768368,0.2222901
0.32822847,0.2611252
0.35273737,0.28309458
0.3279082,0.2837225
0.29182997,0.2718947
0.26513958,0.24815671
0.24540901,0.23963326
0.23479822,0.22922157
0.23094827,0.23294203
0.23169976,0.22995843
0.23995322,0.23984934
0.26122364,0.26011786
0.28940403,0.27866608
0.31293648,0.29811785
0.31833383,0.30212697
0.30060372,0.29935366
0.27499264,0.28277344
0.24376914,0.2551476
0.21392289,0.22507896
0.19566077,0.20121285
0.1860911,0.18938565
0.18316954,0.18586472
0.18378519,0.18872285
0.19405933,0.19458565
0.22736977,0.21375594
0.28054118,0.2514475
0.30276287,0.276272
0.29147565,0.27506262
0.2680863,0.2645093
0.2503466,0.24184266
0.2387357,0.23543565
0.23499954,0.22704372
0.23533255,0.2287459
0.23887962,0.22654513
0.24931923,0.23749305
0.27224356,0.25756735
0.2932828,0.2736432
0.31437272,0.2872572
0.31559232,0.29142565
0.29701898,0.2946517
0.2672317,0.26916066
0.23468989,0.2402145
0.20089343,0.20641488
0.17842574,0.19178058
0.16593817,0.17908835
0.15965891,0.17365818
0.15809566,0.17649323
0.16729283,0.17994356
0.19683905,0.19921124
0.24672784,0.23592989
0.2695514,0.2575702
0.2625321,0.26364288
0.24768636,0.2537701
0.24173935,0.23263378
0.23956227,0.232056
0.2451321,0.22699606
0.25652298,0.23205844
0.26567727,0.2309819
0.28307933,0.24182405
0.3050802,0.25679737
0.31580582,0.27637243
0.32827315,0.28818455
0.32385406,0.29087675
0.30383518,0.28990805
0.27568933,0.26469803
0.24075328,0.23891565
0.20639573,0.20435394
0.18120599,0.18322802
0.1676352,0.16987255
0.16047561,0.16035748
0.15778524,0.16366075
0.16387461,0.16378945
0.18386208,0.18036756
0.23949395,0.21115072
0.26217464,0.2294123
0.26487955,0.23874307
0.2589497,0.24128075
0.2600911,0.23997086
0.26770732,0.24813975
0.27934834,0.24559462
0.2962688,0.25339147
0.305008,0.24912344
0.31050146,0.2586567
0.3226363,0.2724529
0.32377303,0.28374338
0.3279365,0.28877458
0.31938252,0.2901493
0.3007349,0.27919495
0.27110088,0.25203574
0.24933715,0.2227028
0.21829522,0.18621194
0.19160976,0.17863797
0.17465737,0.16165204
0.16501185,0.15314336
0.15921888,0.15690473
0.15818788,0.15610445
0.1660613,0.17035455
0.1806475,0.20074223
0.2006425,0.22281171
0.21823496,0.23420338
0.22946943,0.23037748
0.24124631,0.22576268
0.25163293,0.23444463
0.26773953,0.23405185
0.28320065,0.2430148
0.30393025,0.24294479
0.32242745,0.25749213
0.34222397,0.27355862
0.35071123,0.28416604
0.34637317,0.28950885
0.33161268,0.28369245
0.30766824,0.27270776
0.282199,0.23886383
0.25539118,0.21030828
0.22711624,0.17103891
0.19941773,0.17935163
0.17864862,0.16499439
0.16533214,0.14889076
0.1571031,0.15050156
0.15383866,0.14474903
0.15692101,0.15794097
0.16727959,0.1817731
0.18593445,0.1970392
0.21010618,0.22425976
0.23061967,0.24118994
0.23591727,0.25470313
0.25165683,0.2621458
0.26334566,0.25838125
0.27548906,0.2710354
0.28633285,0.26802766
0.29397404,0.27236184
0.3078693,0.2896258
0.31928718,0.29891095
0.32897684,0.30448848
0.31918716,0.30897477
0.29881394,0.2997454
0.2658534,0.2797683
0.2332043,0.25101203
0.19892806,0.22536065
0.17433059,0.18195635
0.15831749,0.17402494
0.14996637,0.16096717
0.14963959,0.16277254
0.15720545,0.16135933
0.18295914,0.17891845
0.23153767,0.21378382
0.25772855,0.22902344
0.26247728,0.25045007
0.26349112,0.25674206
0.2673629,0.25358564
0.27068213,0.25524133
0.2823312,0.25452527
0.29635996,0.26893547
0.31679294,0.26837504
0.32707122,0.27929333
0.33579043,0.29198477
0.3438366,0.31006637
0.3447863,0.3206491
0.32780844,0.3233011
0.30042785,0.3136739
0.26783177,0.2978168
0.22976038,0.26824448
0.19790642,0.24281168
0.17363547,0.18911012
0.1601244,0.18168554
0.15466782,0.17335464
0.15405634,0.1787645
0.16244487,0.17769828
0.19222644,0.19561353
0.24404448,0.2245564
0.274457,0.24669112
0.280017,0.26711792
0.27386656,0.27175027
0.26872328,0.2621537
0.26273468,0.2562669
0.26546064,0.24644122
0.2697823,0.2509677
0.27567557,0.24298431
0.2833609,0.24562591
0.29724628,0.26295567
0.3092276,0.28959185
0.3145439,0.309708
0.31072903,0.3191018
0.30957282,0.322815
0.29572043,0.30462742
0.26191488,0.28300107
0.23173873,0.2611526
0.2144232,0.20551968
0.20367472,0.19749907
0.20182261,0.19232811
0.20400955,0.19979696
0.21826509,0.20133063
0.25147837,0.22388485
0.31208915,0.25391167
0.3458817,0.28103456
0.33575433,0.2924037
0.30998662,0.28846812
0.29444188,0.26874846
0.2890679,0.25703016
0.27718946,0.24088442
0.27179262,0.2383558
0.27013507,0.22860703
0.2755745,0.2302447
0.2991737,0.24824849
0.34435767,0.27587512
0.38866806,0.30116332
0.3955424,0.31745586
0.38816878,0.32479644
0.3688541,0.30980664
0.3361658,0.2915324
0.30708352,0.27104098
0.29156604,0.25118622
0.28464466,0.24295989
0.28525093,0.24625549
0.29241678,0.25418103
0.31058797,0.2641665
0.34938097,0.28972498
0.41495997,0.31982315
0.44461554,0.3530529
0.42649135,0.3568147
0.3742759,0.3339001
0.33183008,0.29759592
0.3006193,0.28104737
0.2840446,0.256826
0.26748496,0.25123885
0.25997677,0.23874164
0.26650488,0.23984563
0.2897368,0.2588818
0.3320335,0.2864525
0.38258234,0.32192886
0.3894058,0.3366952
0.38357982,0.34316504
0.36672744,0.32815546
0.34269753,0.30979696
0.33332086,0.287018
0.3103812,0.2614125
0.30296108,0.2493574
0.30718794,0.25136596
0.31697735,0.2594139
0.3314376,0.2660671
0.3699129,0.2889356
0.42840245,0.32177234
0.47262788,0.357549
0.45108208,0.36323223
0.3773546,0.34168392
0.33292708,0.3063625
0.2890523,0.29299554
0.2509482,0.27481613
0.26461276,0.27252164
0.26095116,0.26458877
0.24977356,0.27014017
0.2675281,0.2876972
0.29180607,0.31270972
0.29778737,0.34629035
0.3160817,0.3539936
0.31694722,0.35377204
0.30409518,0.33963025
0.29859263,0.31899455
0.27977464,0.29207453
0.26229542,0.2329672
0.25482282,0.21893643
0.25290188,0.21802177
0.2557255,0.22311501
0.26461953,0.22871637
0.2838225,0.2480815
0.30763134,0.27965823
0.3361697,0.31276453
0.3424835,0.31438115
0.3133508,0.30418926
0.2763725,0.27953705
0.25170696,0.26709062
0.22936527,0.25027573
0.22065204,0.24660361
0.22088479,0.24286711
0.2286847,0.24551868
0.24678758,0.26990235
0.2649515,0.28831637
0.28691602,0.31030348
0.2830996,0.31933358
0.27295506,0.32191086
0.25903904,0.30928677
0.23820138,0.28615394
0.2192075,0.2602389
0.2037981,0.21617338
0.1977529,0.20117185
0.19656993,0.20312518
0.20040819,0.21074517
0.2078291,0.21896845
0.21969248,0.24048287
0.23959526,0.27985737
0.26807958,0.3093142
0.2856455,0.30942494
0.27700683,0.2861548
0.25359803,0.24755596
0.2259855,0.23263498
0.21462008,0.21734798
0.20904194,0.21644732
0.21069014,0.21261556
0.21811572,0.22135434
0.2390108,0.24503386
0.26797384,0.26509064
0.3003889,0.29386714
0.29742578,0.30382705
0.28523147,0.30617148
0.27347797,0.2911936
0.2497642,0.27110168
0.22411521,0.24269612
0.20189378,0.21486598
0.18841209,0.20574322
0.18492424,0.20219395
0.18541051,0.20948276
0.19256803,0.21509519
0.20796262,0.23408043
0.24679251,0.26862597
0.30505475,0.2976238
0.3156988,0.30267793
0.28933364,0.29066807
0.26806426,0.26535046
0.2508973,0.25361517
0.24379745,0.23832065
0.23712388,0.23596594
0.24015324,0.23079114
0.24555968,0.23594673
0.26635084,0.25134343
0.2905205,0.2700194
0.32981354,0.29601225
0.33106536,0.30201
0.31554502,0.30299723
0.30171812,0.2830426
0.27411076,0.2627439
0.2430244,0.2359295
0.21312438,0.22220747
0.19506226,0.20506644
0.18510763,0.1960778
0.17935726,0.20028596
0.18034202,0.19409913
0.19199733,0.20906095
0.22241245,0.23939735
0.2708902,0.2657984
0.27865088,0.2829616
0.26872534,0.2904572
0.2601859,0.29068342
0.25889513,0.29394746
0.25365052,0.2890677
0.25674638,0.29879135
0.2593827,0.2883568
0.26169667,0.293852
0.265989,0.3120063
0.28364173,0.32179463
0.32025895,0.33154836
0.32312128,0.33165082
0.3114083,0.32289672
0.2930155,0.30034715
0.26441848,0.2761887
0.23323289,0.24102694
0.2032339,0.2049347
0.18528557,0.19200674
0.17518754,0.18557554
0.1742867,0.19092359
0.17788544,0.19199842
0.19302522,0.2083472
0.22964425,0.2401236
0.28542447,0.27245343
0.2964844,0.2856206
0.27015847,0.2844646
0.24952392,0.26582947
0.23674177,0.25553513
0.2298796,0.24152878
0.22711651,0.23904267
0.22805451,0.23170465
0.2349668,0.23467416
0.2544111,0.25007844
0.28233847,0.2732753
0.32532692,0.29942513
0.3324083,0.312545
0.32874593,0.31872576
0.31750053,0.30471498
0.29720315,0.28884584
0.26870275,0.26976928
0.24008128,0.24680984
0.23771141,0.23104343
0.23534156,0.22565055
0.2329717,0.23046206
0.23060185,0.23489812
0.22823198,0.2509604
0.22586212,0.28509727
0.22349226,0.3123815
0.2211224,0.32251188
0.21875255,0.31692398
0.21638268,0.30166575
0.21401283,0.30271444
0.21164297,0.29641613
0.2092731,0.3049082
0.20690325,0.30451757
0.20453338,0.3128164
0.20216353,0.33567485
0.19979367,0.34717828
0.1974238,0.36109114
0.19505395,0.3545102
0.19268408,0.34805286
0.19031423,0.3257264
0.18794437,0.29561564
0.18557452,0.2570028
0.18320465,0.17931584
0.18083479,0.16523904
0.16854046,0.15527655
0.1629088,0.16353773
0.16436218,0.16129708
0.17351025,0.17634317
0.19974217,0.20079422
0.24178948,0.22250655
0.26831153,0.23809472
0.28821197,0.24938817
0.30212334,0.25041673
0.31049964,0.24987681
0.31915495,0.2345477
0.32248226,0.2275033
0.32710993,0.21701929
0.33076894,0.21372145
0.3318636,0.23148644
0.34722105,0.24615836
0.36841172,0.26638207
0.36628506,0.2837624
0.3547269,0.28846824
0.34718832,0.27342564
0.33137733,0.25638017
0.30949074,0.23405544
0.28706047,0.27818674
0.27030158,0.26568362
0.26234114,0.26341233
0.26031628,0.2696333
0.26162422,0.2749752
0.27014807,0.2922365
0.2855229,0.32950783
0.30610317,0.36343896
0.32795703,0.37707537
0.32926935,0.3660165
0.3161004,0.34078637
0.2911642,0.3326502
0.26364645,0.31820193
0.23712283,0.3196994
0.22507554,0.31469336
0.22653984,0.3227669
0.24051638,0.34379995
0.2753901,0.36592004
0.3151159,0.397542
0.3202374,0.39650393
0.31896454,0.39563215
0.31472963,0.38320005
0.30623877,0.3568408
0.2882855,0.32660443
0.27256957,0.2454435
0.26034564,0.23420167
0.25349128,0.23218891
0.24915844,0.23945096
0.2487927,0.2461915
0.2562788,0.26778442
0.26635215,0.30060476
0.28836784,0.33447355
0.30750355,0.34574604
0.3103833,0.32836023
0.29593006,0.29373148
0.28032297,0.27636042
0.27616912,0.2526391
0.26819178,0.24430229
0.24973562,0.23342533
0.2483498,0.2355116
0.26905861,0.25121003
0.31422076,0.27719995
0.36544523,0.31537542
0.37522507,0.33270508
0.3763249,0.34131432
0.37149823,0.33369133
0.3569193,0.3190882
0.33082324,0.30349565
0.31129298,0.29701075
0.3006897,0.28604847
0.3003824,0.28804928
0.30549583,0.29714292
0.3168854,0.3042884
0.33990172,0.324742
0.38801345,0.35663533
0.4517185,0.39681858
0.45479593,0.4014425
0.4007439,0.37912044
0.3469057,0.34093073
0.31256086,0.3221602
0.28998488,0.29967588
0.27347538,0.29168925
0.2662368,0.28539327
0.26974803,0.2879308
0.28826886,0.30777562
0.32990706,0.3384648
0.38341537,0.37635237
0.39510238,0.38150382
0.394407,0.38537902
0.3849563,0.37267596
0.3645114,0.35392353
0.33540678,0.32600814
0.30716196,0.29849857
0.29262015,0.28226507
0.28519094,0.27686462
0.28535017,0.28089094
0.29154605,0.28446966
0.31069994,0.29991424
0.3464158,0.3305201
0.39971784,0.36755323
0.39507744,0.3830075
0.34330642,0.36990497
0.30438146,0.34953406
0.28099915,0.3409037
0.26429692,0.32581326
0.25377807,0.3273169
0.24922286,0.31835487
0.25657544,0.32260668
0.27548048,0.34369698
0.31543255,0.3608506
0.3653538,0.38914394
0.37716705,0.3884731
0.3777505,0.38674676
0.37062284,0.3728757
0.35243216,0.35275877
0.3272071,0.3214682
0.3041443,0.2664548
0.29352596,0.25321865
0.29275185,0.25459564
0.29671404,0.26338714
0.30481085,0.2723975
0.32571656,0.2915105
0.3683081,0.32587028
0.4271431,0.3635919
0.43859893,0.36725456
0.40364444,0.34424773
0.35407072,0.30593124
0.3129269,0.28748617
0.29176632,0.26144743
0.28317675,0.2539068
0.281062,0.24534993
0.28659445,0.24757013
0.30241895,0.2670111
0.33532962,0.29057735
0.3774312,0.32648778
0.3793384,0.3398323
0.37355193,0.3412974
0.35830098,0.32789513
0.33322528,0.31056443
0.29960442,0.2849185
0.26766863,0.2903859
0.25117135,0.27174097
0.2418126,0.26834637
0.24019428,0.271114
0.2469928,0.27248254
0.26391557,0.2920461
0.3055574,0.32623315
0.36270395,0.36524034
0.37321267,0.37371254
0.33086324,0.36192805
0.29080546,0.3282902
0.26720494,0.31372565
0.24948236,0.2974025
0.24060963,0.2974619
0.24139489,0.29307124
0.24750063,0.2995644
0.26358387,0.32330638
0.2890697,0.3455427
0.3282695,0.3767827
0.33453527,0.381832
0.33026215,0.3811652
0.32087174,0.36668038
0.30057046,0.34902653
0.27258024,0.31549096
0.24535784,0.23519142
0.22927462,0.2238509
0.22114015,0.22322485
0.22034448,0.23017915
0.2253774,0.2395877
0.23725843,0.25795665
0.26971895,0.29789037
0.32165778,0.33027458
0.32857966,0.3340662
0.29656935,0.30824986
0.2723168,0.27154273
0.256072,0.26009804
0.24700007,0.24432924
0.24675329,0.24709995
0.2503988,0.24593721
0.25349647,0.25467274
0.26350176,0.27558368
0.28050897,0.29159474
0.3091785,0.3155993
0.3025205,0.31800762
0.29057428,0.31743133
0.27557608,0.29816425
0.25789323,0.2745067
0.23380515,0.24345647
0.2089505,0.2063516
0.18799126,0.18850262
0.17509897,0.17740144
0.16840436,0.18035758
0.16619533,0.1808027
0.17068195,0.19211662
0.18320124,0.22082435
0.20601337,0.2493095
0.22523166,0.26889706
0.24179909,0.27875483
0.2514176,0.2725594
0.24529213,0.26737246
0.2190184,0.2547425
0.21021867,0.2531885
0.20801744,0.2470692
0.21570227,0.24400923
0.23592274,0.26156563
0.27359045,0.27610886
0.31864062,0.29715693
0.32000646,0.3118475
0.31523538,0.31776333
0.31363732,0.3068632
0.30519503,0.29100296
0.29219157,0.2703555
0.2761938,0.24957252
0.26863468,0.23712271
0.26759484,0.23887745
0.2693202,0.24542616
0.2771331,0.24991938
0.2891461,0.27023345
0.30615512,0.30497515
0.33531612,0.33267903
0.35045353,0.34506175
0.3279321,0.33043385
0.2916432,0.3040211
0.26296458,0.29599118
0.24477935,0.2801897
0.23309885,0.28283453
0.22889173,0.27070805
0.23270895,0.27583733
0.25038555,0.29732338
0.2894287,0.3222325
0.3341108,0.35337487
0.34253103,0.35597318
0.3428134,0.35813147
0.3378249,0.3458411
0.32261682,0.32574758
0.30404714,0.29373792
0.28408903,0.2575672
0.2723758,0.24737269
0.26996207,0.24679196
0.26962307,0.25346488
0.2747791,0.26146674
0.29329216,0.2803407
0.3355582,0.31245914
0.38934526,0.35004646
0.40669665,0.36016324
0.37125614,0.34331986
0.33725706,0.3087501
0.31620014,0.29052833
0.29504454,0.26372096
0.286603,0.25551876
0.2927207,0.24542539
0.30411285,0.24484149
0.32256928,0.2614883
0.36294997,0.2879814
0.4096569,0.3258085
0.41377026,0.34156787
0.40875864,0.35040623
0.39448518,0.33767873
0.37241495,0.3252788
0.34339577,0.30432123
0.3173922,0.3174278
0.3022054,0.30870077
0.295955,0.30403122
0.29378963,0.3112015
0.29546925,0.31481552
0.3061811,0.3300084
0.33345672,0.35962677
0.3738844,0.3944316
0.38790148,0.40925914
0.38606238,0.39875636
0.38028836,0.37404683
0.3771881,0.36223963
0.37443486,0.34129685
0.37530583,0.3402591
0.37408885,0.3319945
0.3723282,0.33093467
0.37317863,0.34850183
0.38700607,0.37225676
0.3979933,0.40103424
0.38570806,0.40129003
0.37191775,0.39945292
0.34848505,0.38348448
0.31896663,0.35900995
0.2854029,0.32816833
0.25180697,0.2644529
0.22602758,0.24297374
0.20863177,0.23096082
0.19806202,0.23311244
0.19323198,0.22757292
0.19960709,0.23758072
0.22138225,0.26465243
0.2593661,0.3023525
0.28480104,0.32932198
0.30167627,0.34002852
0.30846986,0.33466917
0.31350094,0.33283454
0.30428404,0.3248189
0.2950739,0.32977048
0.2825037,0.3263132
0.28853175,0.32654497
0.29551756,0.34544492
0.31727374,0.36235282
0.34993714,0.3805955
0.34746498,0.38218403
0.3405602,0.38222116
0.33105728,0.36091042
0.31476495,0.34459707
0.29018983,0.31075782
0.26408052,0.25472167
0.24287632,0.23831594
0.23294143,0.22878546
0.22780773,0.23920456
0.22864209,0.23653355
0.2377629,0.24760535
0.2560128,0.27800995
0.27795005,0.31295443
0.30044785,0.33689934
0.3022893,0.33784363
0.29784453,0.32726
0.29637372,0.32084337
0.291359,0.31192717
0.2835812,0.31045535
0.27133363,0.30584386
0.26429793,0.30831924
0.26337707,0.32079583
0.27308288,0.34423444
0.28934714,0.37289566
0.28948247,0.37587494
0.29386288,0.37288094
0.3015095,0.3589959
0.3000759,0.3408675
0.29174554,0.3150346
0.27630055,0.26600727
0.2662976,0.2525676
0.26161304,0.24723902
0.2621575,0.25287896
0.27006105,0.25615773
0.28741398,0.27372727
0.31485274,0.30419576
0.34949216,0.33581108
0.36552575,0.35431337
0.35451207,0.34704068
0.329706,0.32498145
0.30076113,0.31511918
0.2740053,0.29890123
0.26530764,0.29751125
0.2760148,0.28770193
0.28347182,0.28874397
0.29851627,0.30795497
0.32781076,0.33330816
0.36473504,0.36964613
0.36619544,0.37611616
0.36539668,0.3816685
0.36183324,0.37442
0.35351172,0.3561212
0.33680898,0.33178377
0.32166088,0.3031433
0.3127539,0.294954
0.30999598,0.29635462
0.31437117,0.3042755
0.3209307,0.31360796
0.33420873,0.33251628
0.355149,0.36400467
0.3819794,0.4032095
0.40322465,0.41074732
0.40615088,0.39005843
0.3934864,0.3493773
0.37215596,0.32559696
0.33207634,0.2957052
0.30819398,0.2830018
0.29813287,0.27079472
0.30349255,0.26974165
0.3254942,0.28753364
0.37041244,0.32155532
0.4124644,0.3684358
0.41797608,0.38162512
0.4199456,0.38895005
0.41776124,0.38436913
0.4092309,0.3704841
0.38830543,0.35109338
0.36609647,0.35969654
0.3493802,0.3515654
0.33760306,0.34535056
0.32920286,0.3479858
0.32196012,0.35208222
0.32160684,0.3706471
0.3279874,0.40107936
0.34372047,0.43436438
0.35454246,0.44743037
0.35915846,0.4286956
0.35545242,0.39136046
0.3542375,0.37076676
0.34926927,0.3453442
0.349355,0.33971938
0.35134816,0.32578197
0.35404035,0.32676125
0.35868752,0.3464481
0.38070527,0.37209594
0.39712593,0.40801948
0.39008453,0.41348183
0.3726477,0.4156565
0.36054143,0.40503728
0.33710405,0.38082856
0.30266416,0.3552961
0.27361304,0.28882006
0.27683368,0.2739013
0.28005433,0.265936
0.28327498,0.27346754
0.28649563,0.2750564
0.28971627,0.2894123
0.29293692,0.3178476
0.29615757,0.36193323
0.29937822,0.38288638
0.30259886,0.36826226
0.3058195,0.33968523
0.30904016,0.32003185
0.31226078,0.2987507
0.31548142,0.29079944
0.31870207,0.2796912
0.32192272,0.27798086
0.32514337,0.29636776
0.328364,0.3180755
0.33158466,0.35845512
0.3348053,0.37329924
0.33802596,0.38085312
0.3412466,0.37146807
0.34446725,0.35834378
0.3476879,0.3392144
0.35090855,0.31102192
0.3541292,0.30437276
0.35061666,0.29892385
0.3559109,0.30292326
0.36642012,0.30697203
0.3856065,0.32493588
0.42469147,0.34880167
0.47846475,0.3873104
0.4873611,0.40332037
0.46187446,0.3935896
0.42070228,0.36793706
0.3980868,0.3496199
0.39745244,0.3239098
0.3984006,0.31507716
0.3980603,0.2994368
0.4103219,0.29509264
0.43489704,0.31163758
0.48845991,0.34362215
0.55153114,0.3832649
0.5623443,0.39432937
0.56385714,0.40186286
0.5526177,0.40082216
0.52671987,0.38625136
0.49007174,0.36918107
0.46232697,0.45559588
0.44719344,0.44345525
0.44227767,0.43880618
0.44237274,0.4425239
0.4500737,0.4468487
0.46925563,0.46128294
0.50940514,0.48587358
0.5710892,0.52921027
0.5858445,0.5417194
0.5348676,0.51800084
0.4765773,0.46958992
0.43924728,0.43537495
0.40607607,0.40125316
0.3870009,0.3811635
0.3790311,0.36184487
0.3860016,0.3559579
0.4143051,0.37780258
0.47520497,0.41622835
0.53439564,0.46877173
0.5436107,0.4804124
0.5397262,0.48833823
0.52797765,0.48016107
0.49777085,0.4629621
0.4550736,0.44098663
