true,forecasted
0.17887484,0.16656901
0.1583609,0.16434103
0.14494129,0.14821543
0.13891163,0.14416203
0.14030316,0.1458117
0.152964,0.1608334
0.17084913,0.1811951
0.17742907,0.19791837
0.16674848,0.19086424
0.15217787,0.18722299
0.14201511,0.17392956
0.13547108,0.18266
0.147826,0.18355574
0.16203345,0.19470693
0.18004633,0.22260743
0.22122248,0.24704601
0.26633435,0.27921927
0.2933261,0.31565574
0.30688417,0.322937
0.30321246,0.3315539
0.29689828,0.31443238
0.27528974,0.29304224
0.23577257,0.25813136
0.19181424,0.21846496
0.16379368,0.15618607
0.14416498,0.15627238
0.13543689,0.14154765
0.13226934,0.1393489
0.13362154,0.14108536
0.14687711,0.15776262
0.166308,0.18197143
0.1749233,0.19642909
0.17575043,0.17897123
0.15607645,0.17180362
0.15243849,0.1533971
0.13540058,0.15963499
0.13474561,0.16155434
0.1536856,0.16990776
0.18621227,0.20159908
0.21693982,0.22283116
0.23668729,0.24525504
0.2493131,0.27211562
0.27524233,0.27398264
0.28339106,0.28703538
0.28548667,0.27265543
0.27350557,0.25201148
0.23890467,0.2179623
0.19466051,0.1843585
0.16722186,0.14327863
0.15099783,0.14417033
0.13842715,0.12878563
0.13436195,0.12621997
0.13770169,0.12884934
0.14742012,0.14328472
0.16579616,0.16820288
0.17211376,0.1810858
0.15879199,0.17342296
0.14011602,0.16816387
0.13432905,0.14995046
0.13254106,0.1535043
0.1484109,0.15119322
0.1754488,0.15285069
0.18615972,0.17598177
0.21907559,0.19695315
0.25613314,0.2213604
0.28658727,0.2552134
0.30239943,0.26700193
0.30232337,0.28229496
0.30106515,0.27455604
0.28579172,0.25325656
0.25462797,0.22079027
0.214082,0.18729223
0.18217228,0.16387951
0.1580473,0.16541314
0.14526342,0.14840212
0.13639006,0.14270768
0.13568555,0.1456902
0.13673186,0.16383359
0.13549201,0.18395859
0.1372424,0.19171242
0.13865913,0.17751557
0.12444229,0.1739339
0.12120381,0.15495996
0.122770496,0.1636688
0.14436963,0.16064884
0.17452084,0.17143214
0.21682061,0.19780138
0.27451044,0.22126131
0.32484534,0.24803938
0.354439,0.2790566
0.37634787,0.28371337
0.36594543,0.2992264
0.35197937,0.2888793
0.33275655,0.2645002
0.2930087,0.2301243
0.24378845,0.19102599
0.20788361,0.17822178
0.18783279,0.17755665
0.17290074,0.15548013
0.16350871,0.15016298
0.15785249,0.14986832
0.15506773,0.1662031
0.15279096,0.18964913
0.15657589,0.20658424
0.17593884,0.19900827
0.19523002,0.19576845
0.22416615,0.18065713
0.24546024,0.19008183
0.27145696,0.19424565
0.3053807,0.21513459
0.33564767,0.25638446
0.38804573,0.28623542
0.41372415,0.31978768
0.444497,0.35495564
0.45318535,0.34892398
0.43221596,0.3515592
0.41377372,0.33312458
0.3886349,0.30771297
0.33780482,0.26927036
0.26695684,0.2255748
0.24925798,0.22043024
0.22267808,0.22056782
0.20471178,0.19149576
0.19610843,0.17928688
0.19767085,0.17231049
0.21545772,0.18508515
0.23613872,0.2041077
0.25722817,0.22967237
0.2836675,0.25551903
0.28373286,0.27969372
0.2719248,0.29151878
0.26208544,0.3249864
0.2903209,0.34843343
0.3179262,0.38298324
0.35646883,0.42006385
0.38483033,0.44478595
0.42055315,0.4631561
0.4048008,0.48699936
0.38713828,0.4746887
0.37267876,0.44123185
0.3696915,0.4057652
0.36171705,0.38149142
0.2820504,0.34041637
0.25933146,0.28911048
0.21737304,0.21346359
0.18855226,0.2111347
0.16874668,0.18605039
0.15873131,0.1796087
0.15807165,0.17876905
0.16617298,0.19271883
0.18441273,0.21109019
0.19036718,0.2287253
0.18627465,0.23484163
0.16842496,0.24486539
0.15697066,0.24448858
0.15854631,0.26410452
0.1770407,0.2696696
0.20420891,0.28750482
0.23488519,0.31585848
0.27714396,0.3413631
0.32237077,0.3690523
0.36270994,0.40400052
0.3815286,0.40361905
0.3677185,0.39949134
0.35489488,0.37750563
0.33556223,0.34657556
0.27411482,0.3079814
0.24279042,0.26041234
0.20548208,0.17810038
0.18173821,0.1759026
0.16729192,0.15163445
0.16134988,0.1466317
0.16061373,0.14437169
0.17180103,0.15814431
0.19381201,0.17648622
0.20863768,0.18581685
0.21839628,0.19047846
0.22887777,0.21382348
0.2535889,0.2347819
0.28052643,0.2671262
0.28681028,0.28132507
0.32073787,0.29403245
0.27846158,0.31027955
0.25188422,0.31783256
0.29313642,0.33811426
0.32184142,0.35049286
0.3313975,0.34496456
0.33519354,0.34240034
0.32695976,0.33140638
0.31282622,0.30613506
0.26724052,0.2609445
0.2222312,0.22142653
0.1881656,0.1805711
0.16393767,0.1808963
0.15099314,0.16111001
0.14385523,0.1514202
0.14682327,0.15318283
0.15557913,0.16907693
0.17093201,0.1894029
0.18029884,0.20463605
0.17771147,0.20152557
0.16695398,0.2101201
0.16187026,0.20188816
0.16660236,0.21924087
0.1789432,0.22272678
0.21101998,0.2361318
0.25569052,0.26094323
0.30157912,0.28122348
0.35003117,0.3019297
0.3881504,0.33063862
0.39863956,0.3289491
0.38624406,0.33424985
0.36853752,0.31969032
0.3475788,0.29982454
0.3008716,0.25950742
0.24195944,0.2212004
0.24131721,0.20602226
0.240675,0.20120263
0.24003278,0.17891845
0.23939055,0.16812679
0.23874834,0.16678986
0.23810612,0.18190615
0.23746389,0.19146447
0.23682167,0.21063533
0.23617946,0.21625182
0.23553723,0.2542847
0.234895,0.28491053
0.2342528,0.330331
0.23361057,0.34641045
0.23296835,0.35493904
0.23232614,0.36855665
0.23168391,0.37612623
0.23104168,0.39221364
0.23039946,0.41263822
0.22975725,0.4018375
0.22911502,0.39303705
0.2284728,0.37260628
0.22783059,0.33912998
0.22718836,0.2984143
0.22654614,0.25036487
0.22590393,0.14873877
0.2252617,0.14822933
0.22461948,0.13318068
0.22397725,0.12694438
0.22333504,0.12636435
0.22269282,0.14419149
0.22205059,0.1689204
0.22140838,0.18641935
0.22076616,0.17595068
0.22012393,0.17254595
0.21948172,0.15325437
0.2188395,0.15830763
0.21819727,0.16090374
0.21755505,0.17084825
0.21691284,0.19483715
0.21627061,0.21772094
0.21562839,0.2361174
0.21498618,0.26350975
0.21434395,0.26649997
0.21370173,0.28013358
0.21305951,0.26795503
0.21241729,0.25168633
0.21177506,0.21602643
0.21113284,0.18502063
0.21049063,0.14808898
0.18371676,0.1487712
0.16421537,0.13220467
0.1530268,0.12798592
0.15081583,0.12611547
0.1468254,0.14487366
0.14099102,0.16722983
0.14419447,0.17929503
0.14940894,0.17170437
0.15606149,0.1741777
0.16346556,0.16266693
0.17941914,0.18125576
0.20188472,0.18498547
0.23186931,0.19749226
0.27223325,0.21598811
0.32626337,0.23481111
0.39032164,0.24998134
0.42856306,0.27335462
0.4322937,0.27226892
0.41382712,0.28616256
0.39391088,0.27124748
0.37125945,0.250578
0.32712337,0.21571109
0.2722602,0.17869359
0.2239927,0.22765635
0.1938227,0.21657184
0.17393424,0.19589217
0.16432218,0.18626355
0.1637219,0.18554673
0.16885605,0.19926289
0.18087177,0.2187491
0.19777852,0.24433689
0.2149899,0.24653772
0.22973053,0.25789052
0.25359234,0.25801432
0.27335563,0.27822542
0.30946556,0.28913355
0.34635988,0.31017497
0.38157943,0.344966
0.41948035,0.38037387
0.455037,0.41872483
0.46641228,0.45516756
0.47251114,0.4520686
0.44608802,0.44311145
0.42765817,0.41036636
0.40002766,0.38596255
0.33967486,0.34161496
0.29034355,0.2898344
0.24877135,0.247669
0.22168604,0.24238908
0.20478398,0.21527275
0.19700009,0.2011222
0.19713509,0.1988937
0.20868896,0.21026562
0.22440284,0.22818515
0.24316938,0.25476623
0.25821936,0.27803615
0.27614763,0.30425307
0.27227855,0.31838286
0.2765407,0.34103572
0.287907,0.3529177
0.29226443,0.37084952
0.30060714,0.39620036
0.31596515,0.4241788
0.33058617,0.448308
0.34933218,0.48589417
0.3528249,0.4834696
0.35006747,0.46914637
0.3522477,0.4410717
0.3363398,0.41053247
0.2986346,0.36476797
0.25607204,0.31408638
0.22185479,0.18433571
0.19798572,0.18151644
0.19349885,0.16119167
0.17520827,0.15334678
0.17575897,0.1531922
0.18723294,0.16398427
0.20362572,0.18662748
0.22520393,0.21189006
0.24357398,0.22424242
0.26001632,0.24620335
0.26513466,0.25549257
0.25742638,0.28074157
0.25551322,0.29413682
0.26085114,0.30570972
0.2584415,0.32846576
0.25281733,0.34145483
0.2584475,0.35512233
0.268603,0.37717134
0.27099255,0.37412846
0.26834965,0.36369944
0.27098614,0.34289098
0.2621914,0.32155538
0.2321671,0.28412598
0.20057523,0.24587335
0.17446059,0.16203284
0.15778412,0.16063745
0.14955975,0.14458424
0.14508867,0.13722917
0.14812337,0.13710862
0.16007797,0.15112376
0.17681469,0.17244104
0.19636948,0.19464341
0.21465066,0.19564277
0.22173773,0.20846711
0.22818008,0.20584403
0.23369277,0.22171529
0.23399654,0.22484215
0.23021887,0.22766532
0.23447803,0.24230155
0.23592082,0.25418812
0.24571958,0.26200986
0.26313132,0.28674027
0.2727246,0.28927436
0.2750035,0.29560035
0.27936092,0.28242913
0.2731061,0.2635824
0.243844,0.23034266
0.2105701,0.1988841
0.18204753,0.16232766
0.16428116,0.16313708
0.15406713,0.14584461
0.1483451,0.13641961
0.15608926,0.13569748
0.1631729,0.14931656
0.18651561,0.16937064
0.2115254,0.19239695
0.22451821,0.19840303
0.2389978,0.22040465
0.23143394,0.22337806
0.2458358,0.24907957
0.24827276,0.25884673
0.2529643,0.26685223
0.29437712,0.28192943
0.3593608,0.28992262
0.3516141,0.29336637
0.34445995,0.31386414
0.35791886,0.30918157
0.35592154,0.30853978
0.35310003,0.29578924
0.3438793,0.27408338
0.318218,0.2384867
0.27536196,0.20173405
0.22404099,0.20137246
0.21764433,0.19650537
0.20100033,0.17293465
0.1929571,0.16268484
0.1897464,0.1608755
0.19335872,0.17399259
0.1995584,0.19544423
0.21323052,0.21527478
0.24183682,0.23310117
0.27774894,0.26063508
0.30541444,0.2733723
0.30557594,0.30824974
0.3133389,0.32069767
0.3377933,0.33562776
0.34855634,0.35217482
0.40517038,0.36649948
0.42654434,0.37756842
0.46534973,0.40134925
0.48029074,0.3932554
0.46103674,0.38757625
0.43668747,0.3659884
0.42132732,0.34256303
0.38643545,0.29825383
0.311201,0.2527377
0.28761518,0.24222487
0.25280964,0.2322936
0.22892305,0.20750509
0.2153116,0.19295824
0.20594479,0.19219282
0.1981015,0.20231643
0.20213594,0.22516696
0.23001294,0.2571632
0.26716447,0.27610612
0.30944204,0.30202618
0.34634665,0.31524023
0.38388738,0.35543573
0.4114807,0.37746653
0.43558517,0.412088
0.45194465,0.4559609
0.47767347,0.4897425
0.54196715,0.51604146
0.5649839,0.5376172
0.5232254,0.5136227
0.48097605,0.49034438
0.4601656,0.455724
0.43632388,0.42382616
0.3881038,0.37896174
0.33079553,0.32276374
0.2711891,0.27257723
0.2611045,0.2659496
0.2413331,0.23785907
0.2295323,0.21839793
0.22669372,0.21556762
0.24391407,0.23133156
0.2545139,0.25213575
0.2944177,0.27696788
0.33906648,0.29860365
0.34419078,0.32715362
0.371039,0.3392537
0.367002,0.37221503
0.4051866,0.39085773
0.46445978,0.4319068
0.50354546,0.46571344
0.5097169,0.50595015
0.51071966,0.535121
0.5333467,0.5653553
0.52154297,0.55333596
0.50698686,0.53374624
0.48716077,0.49558398
0.4640834,0.47191954
0.41560486,0.41314876
0.35174268,0.36064067
0.29273653,0.2873745
0.27370426,0.27231473
0.2377084,0.24758491
0.22859408,0.23063104
0.22277036,0.22892201
0.23066747,0.23625419
0.24748494,0.2567022
0.2676511,0.29534882
0.3026737,0.3241721
0.31769034,0.36648953
0.31604803,0.3911651
0.31368497,0.42780137
0.31531274,0.45069113
0.33982012,0.475724
0.36657262,0.51548856
0.41920307,0.55028737
0.49025443,0.57417905
0.5071958,0.60270643
0.47908038,0.58256906
0.43621793,0.55927336
0.4098273,0.5165683
0.3888861,0.48162687
0.31489277,0.43112868
0.29116642,0.37323493
0.25027737,0.23606537
0.22003731,0.22595131
0.20319422,0.20512359
0.19416705,0.19212085
0.19246621,0.18962693
0.2044879,0.20190267
0.22633056,0.219223
0.25738838,0.2491209
0.26293737,0.2600597
0.26921266,0.2877095
0.28730458,0.30282992
0.31814578,0.33522108
0.33591598,0.3527765
0.35739252,0.37335703
0.3907963,0.40339458
0.42971534,0.42821053
0.4742406,0.44792175
0.50623065,0.47498956
0.51644254,0.46218547
0.49805456,0.44934744
0.46347928,0.4257184
0.44279528,0.39552963
0.3669375,0.34725463
0.32749295,0.29811513
0.27628905,0.25913322
0.24013896,0.25227588
0.2169646,0.22774166
0.2036253,0.21158095
0.19821729,0.21089056
0.2011691,0.22374316
0.21402518,0.24167985
0.23619896,0.26822835
0.25585288,0.2891093
0.27919856,0.31322438
0.28443524,0.32407603
0.31647784,0.35459483
0.35029307,0.37197393
0.38440135,0.40183538
0.41795042,0.43538198
0.458243,0.46792892
0.50126696,0.4916818
0.5331874,0.5282135
0.5339436,0.5219145
0.5155244,0.50188535
0.4827363,0.47874403
0.4510671,0.44706553
0.399324,0.39280725
0.31277496,0.34130844
0.27888197,0.27601957
0.24686116,0.26408073
0.22177789,0.24039608
0.20679884,0.22303171
0.20224018,0.2212244
0.20826215,0.23573357
0.21790196,0.25432888
0.24168687,0.28860146
0.27355,0.30152714
0.30418485,0.32573965
0.32894,0.33764747
0.3638024,0.37180388
0.39731213,0.3912656
0.42651743,0.42459136
0.46183014,0.46556333
0.50758374,0.50320625
0.53702915,0.5323546
0.55527824,0.566944
0.5555453,0.55400753
0.5211093,0.5325305
0.48580557,0.500196
0.46076715,0.46673977
0.4172869,0.4120612
0.35543916,0.35690606
0.29129073,0.28943807
0.26621002,0.2779259
0.24178556,0.25121236
0.22653264,0.23348291
0.21879277,0.2323659
0.21627375,0.2438134
0.21906962,0.26677725
0.24402216,0.30016336
0.2807379,0.32444882
0.323852,0.35776517
0.35151368,0.38120586
0.37023064,0.41921395
0.39375237,0.44244143
0.42214206,0.4778193
0.41668534,0.5197659
0.44753295,0.55641097
0.4969638,0.58059704
0.5360627,0.6109408
0.5320257,0.5939693
0.507303,0.5663376
0.48306996,0.5310268
0.469259,0.498021
0.43313026,0.43722537
0.3886776,0.38232142
0.3305742,0.2831243
0.3114616,0.27062875
0.28494024,0.24181297
0.2713587,0.22353995
0.26309204,0.21783073
0.26076016,0.22944514
0.2592379,0.24961126
0.28582504,0.28186622
0.33270657,0.3121679
0.38702333,0.3540878
0.42625853,0.38635403
0.45526046,0.42941236
0.49388126,0.4573333
0.5495866,0.48962715
0.5863493,0.5250809
0.6321781,0.5578645
0.6626771,0.57248026
0.67058957,0.59447277
0.66604716,0.5737746
0.64858496,0.5493682
0.6222059,0.5211209
0.5945314,0.48439288
0.54026204,0.42329675
0.4739586,0.3671571
0.4057232,0.3727883
0.36499867,0.3558311
0.33213663,0.32056114
0.31161883,0.29926285
0.3048945,0.29066643
0.31198797,0.30240458
0.32588568,0.3239173
0.37520543,0.350996
0.43640205,0.3884866
0.49965072,0.43306056
0.50410724,0.46914116
0.54881287,0.5222677
0.5960541,0.54394317
0.62565583,0.5828022
0.64163333,0.6181706
0.6695719,0.65725523
0.7230017,0.696055
0.7611457,0.73098934
0.7721715,0.71697044
0.73639524,0.6926646
0.69931465,0.64991957
0.64886653,0.6070071
0.56153774,0.5355372
0.48507455,0.4640745
0.42715916,0.40772033
0.3731094,0.39071366
0.3398231,0.35327902
0.31090876,0.3321922
0.2936038,0.32375205
0.28482533,0.3338459
0.28935492,0.35992554
0.3189836,0.4011486
0.36763132,0.43251866
0.41010755,0.47604457
0.4460449,0.5182661
0.47727913,0.57399106
0.5206026,0.5965861
0.57915074,0.6260215
0.5879271,0.66305953
0.61286044,0.6991865
0.64544433,0.72864157
0.68896943,0.7687578
0.6685606,0.75546086
0.61712855,0.72501427
0.5771337,0.66775525
0.5273991,0.62357914
0.48569235,0.5482037
0.4330948,0.4786244
0.37783083,0.31749123
0.33235493,0.30514926
0.30226997,0.2792275
0.2837995,0.25740582
0.27766946,0.25350237
0.28265536,0.26854917
0.30599806,0.29776165
0.35691914,0.3288737
0.41038013,0.36235717
0.45797685,0.39982137
0.5087915,0.43331826
0.55627716,0.48548043
0.5984923,0.5159405
0.62793946,0.5604375
0.6664244,0.5977176
0.68664443,0.64237446
0.70920444,0.6626798
0.72349304,0.690372
0.7243616,0.6668909
0.68705714,0.6298363
0.64398915,0.58886087
0.61000735,0.5486495
0.54657537,0.48317963
0.4749212,0.4189889
0.4152669,0.38197064
0.3676638,0.36405385
0.33608988,0.33375156
0.31052083,0.31398937
0.30872342,0.3078387
0.30604035,0.32129544
0.32086134,0.34472147
0.35842344,0.3771627
0.40427104,0.40279138
0.45106667,0.44733176
0.499332,0.48099983
0.5329263,0.5446315
0.5736889,0.57733446
0.6044617,0.6218817
0.6375592,0.67068124
0.68211097,0.7099025
0.7196855,0.7454285
0.75175625,0.77736187
0.74941325,0.75387937
0.71460515,0.7225805
0.67329615,0.6773993
0.63746136,0.6267071
0.56912684,0.55175084
0.49335235,0.47685745
0.4335545,0.40720814
0.3836353,0.3867867
0.34591597,0.353587
0.32918054,0.32989785
0.32120526,0.32192007
0.32962617,0.33443063
0.35080063,0.3594703
0.38084972,0.4020403
0.42100304,0.4302347
0.46204588,0.4852999
0.502773,0.52557707
0.54608876,0.5964503
0.56183296,0.6291893
0.5840469,0.672146
0.64277536,0.7234822
0.6873754,0.756862
0.6929958,0.78232026
0.6660903,0.8069639
0.6428497,0.7764155
0.62200934,0.7455709
0.60818344,0.6888869
0.5850065,0.6383727
0.5317852,0.56593615
0.47167203,0.49037853
0.40054336,0.3478585
0.32840768,0.3336836
0.32953516,0.30205512
0.3069867,0.2831966
0.29783136,0.28004885
0.29256904,0.28932652
0.30361065,0.32047996
0.3225784,0.35371277
0.37973762,0.38699165
0.44545656,0.43891755
0.47477677,0.4749721
0.5418471,0.5441828
0.5695549,0.58543605
0.5963912,0.63126725
0.6383581,0.6881352
0.66999483,0.7227398
0.63372004,0.7383298
0.606213,0.75254416
0.60560805,0.7162779
0.59496933,0.6773995
0.56898373,0.6304674
0.54992706,0.58387035
0.5022099,0.5143698
0.4471386,0.44884443
0.3824271,0.337395
0.32651073,0.3161397
0.3293177,0.29541636
0.3147881,0.27910477
0.3083872,0.2721923
0.30268994,0.28644663
0.30826628,0.3175267
0.3247945,0.3513802
0.38704214,0.38355774
0.43263295,0.42570862
0.4468908,0.45259836
0.47025147,0.505126
0.4821971,0.53847736
0.4918882,0.5738174
0.5369441,0.61325806
0.5630036,0.6462639
0.62957835,0.667871
0.6419854,0.6941234
0.5883663,0.67046255
0.5147306,0.64037544
0.46864802,0.59078306
0.44091928,0.5531986
0.3936084,0.48978046
0.3382799,0.42808324
0.26688507,0.31441224
0.27402723,0.29669604
0.2543178,0.27355075
0.2452573,0.25732446
0.24746485,0.24926755
0.26447374,0.26160884
0.2789533,0.28448966
0.31145477,0.31199583
0.3524989,0.3415662
0.35468253,0.3813282
0.36120263,0.40128422
0.39230788,0.43907273
0.43077147,0.46141997
0.43117177,0.48245516
0.482779,0.5117784
0.50185996,0.54161686
0.5789576,0.5612155
0.63309366,0.5939001
0.65993977,0.58201134
0.6459451,0.568233
0.6021333,0.5421851
0.54732305,0.50163144
0.4791261,0.44184667
0.3986259,0.38463384
0.33797273,0.33473167
0.30399987,0.3199311
0.2763963,0.2939183
0.25428703,0.2787041
0.24385254,0.27306855
0.24620022,0.28667212
0.2651868,0.31276345
0.29759127,0.3371119
0.33044004,0.35937235
0.3553657,0.39580327
0.38055107,0.4160673
0.41712967,0.46406442
0.45062232,0.49225286
0.49292853,0.5298767
0.53180784,0.57466954
0.5783894,0.61031854
0.6306926,0.6382011
0.6808493,0.6680914
0.69645387,0.6475332
0.6684927,0.62570363
0.61297363,0.5911623
0.5627742,0.54645956
0.4922458,0.47867417
0.41768935,0.41610724
0.35799834,0.33914864
0.31119972,0.3240665
0.27198204,0.29684097
0.26573366,0.2825205
0.26139888,0.2766314
0.27939895,0.28942722
0.28294843,0.31651723
0.32639325,0.34491238
0.357469,0.36714682
0.40363488,0.40020522
0.4668002,0.42005372
0.50715905,0.46830082
0.55256313,0.49844554
0.5844874,0.5398943
0.6384808,0.59173787
0.6746441,0.6304426
0.7093001,0.66079175
0.7457813,0.69443965
0.74906677,0.6716535
0.71142006,0.6459118
0.6699265,0.6119163
0.6168124,0.5648251
0.5427597,0.49449348
0.46922693,0.4301381
0.4062607,0.39154857
0.35920188,0.3727681
0.3272003,0.34084994
0.30462918,0.32259735
0.30812058,0.31611568
0.30523884,0.3307286
0.32590532,0.3555619
0.3792138,0.38924965
0.42020282,0.41185907
0.46512884,0.45377457
0.509658,0.4860951
0.55821085,0.5487687
0.5908383,0.5786055
0.63262844,0.6203935
0.67258435,0.6712635
0.7020562,0.7105315
0.7418721,0.7450537
0.7784712,0.778456
0.78351474,0.75381356
0.76253253,0.7261348
0.7128859,0.6779729
0.67364264,0.6250358
0.6061878,0.5496071
0.54246193,0.4745608
0.4774214,0.41912085
0.436975,0.39714703
0.41924152,0.35957775
0.40015456,0.33824372
0.39232752,0.32757556
0.403543,0.33933553
0.40456882,0.3676919
0.43903044,0.4053657
0.475759,0.44710803
0.5012093,0.5019874
0.54435074,0.5486394
0.57622075,0.6179582
0.6021854,0.64772445
0.6087008,0.6864675
0.61209095,0.7240511
0.6257823,0.7528377
0.6679394,0.77907753
0.69105095,0.8072393
0.6763928,0.7876525
0.6551213,0.7559826
0.62493336,0.7007162
0.60340047,0.65379804
0.55861884,0.57629186
0.4989714,0.5014845
0.42869636,0.3693375
0.37615007,0.34886912
0.36815384,0.32084322
0.34604672,0.3037187
0.33205074,0.2962067
0.32591343,0.31003746
0.32897592,0.339608
0.37340933,0.37341484
0.42532927,0.40344098
0.48454264,0.44849783
0.54862744,0.47636956
0.58673084,0.5357572
0.61920154,0.568929
0.6475408,0.6134927
0.6899363,0.661979
0.70853233,0.7014838
0.728581,0.7304312
0.70437616,0.758945
0.68224216,0.7323138
0.6602064,0.7029108
0.6377566,0.65308017
0.6157939,0.60604143
0.5719295,0.53587794
0.5253877,0.46467552
0.44341606,0.38298827
0.43753982,0.36480048
0.41218096,0.33420032
0.39665675,0.30893946
0.37955132,0.3033899
0.37161106,0.31757253
0.36852852,0.34216627
0.3835016,0.37428734
0.395704,0.41095963
0.4304758,0.47617885
0.47061932,0.5284072
0.4760414,0.60466975
0.4883374,0.64061224
0.5199609,0.6768694
0.54043806,0.7128503
0.51799726,0.7394833
0.49927816,0.7607557
0.5060486,0.7827574
0.48278713,0.7566506
0.46348098,0.7208664
0.4671356,0.6731615
0.45099574,0.6250949
0.4310547,0.5514806
0.37153074,0.47866368
0.32601812,0.27058744
0.29947665,0.25579447
0.28223795,0.23469386
0.26860684,0.22074787
0.28342098,0.21627218
0.29020384,0.2261814
0.30577803,0.25187442
0.34372765,0.28250173
0.38300386,0.30694634
0.41595134,0.3331758
0.45692882,0.3448295
0.49912778,0.3804264
0.54285836,0.40618804
0.5850321,0.43362883
0.62377644,0.47121206
0.67091554,0.5018963
0.7066008,0.52402645
0.7334392,0.5541271
0.7293714,0.5394709
0.69103134,0.5193698
0.6494412,0.49415338
0.61130315,0.4584062
0.54335696,0.40309003
0.4739693,0.34740216
0.42185283,0.40914565
0.376767,0.38694426
0.33494657,0.35736153
0.32622874,0.33742854
0.3186764,0.32708701
0.32465735,0.34113127
0.34223914,0.36887422
0.38244587,0.40295407
0.4073685,0.43226036
0.44522157,0.4802403
0.48543558,0.511386
0.5353898,0.57035494
0.5588043,0.5978215
0.5921269,0.63558203
0.6532368,0.67833966
0.6390682,0.7110405
0.6691229,0.7429132
0.7085272,0.77445495
0.7134892,0.74947757
0.675719,0.7272861
0.6342083,0.6803772
0.574989,0.6293555
0.49795842,0.55325663
0.44443676,0.48143172
0.37501147,0.3726002
0.33275568,0.35284722
0.31282493,0.32623607
0.2789465,0.31008887
0.29783905,0.30285704
0.30689013,0.3132076
0.32843545,0.34388545
0.34953642,0.37325272
0.384418,0.40768227
0.4154882,0.45858005
0.40700963,0.4899842
0.39007342,0.539166
0.36998072,0.5677233
0.4026928,0.5901335
0.44882494,0.62751776
0.4967395,0.6570477
0.54854023,0.68201965
0.5851095,0.7192228
0.60522693,0.7031185
0.5932223,0.6812453
0.56382906,0.64182484
0.5226269,0.59526616
0.46001905,0.5224763
0.40181226,0.45801425
0.3353794,0.296499
0.31527814,0.28267926
0.2751325,0.2584209
0.26642278,0.24158067
0.25969076,0.23605603
0.28402382,0.2466143
0.28668296,0.27240002
0.32811332,0.30177382
0.36595613,0.3297622
0.40986872,0.36929336
0.44612905,0.392047
0.48370782,0.43867147
0.52747434,0.47007528
0.56271565,0.50530183
0.6174977,0.54442716
0.6341353,0.5737933
0.6190776,0.5914541
0.6209814,0.6131022
0.6193844,0.59201497
0.61194015,0.56634194
0.58887005,0.53529316
0.5369629,0.49887633
0.48897356,0.43816936
0.41997424,0.3817055
0.4178606,0.33105248
0.41574696,0.31677923
0.41363332,0.2921845
0.41151968,0.27635935
0.409406,0.27174783
0.40729237,0.28510952
0.40517873,0.31167552
0.4030651,0.3407138
0.40095145,0.3609711
0.39883777,0.39273646
0.39672413,0.40157026
0.3946105,0.44237012
0.39249685,0.47059515
0.3903832,0.50324893
0.38826954,0.55293417
0.3861559,0.58949107
0.38404226,0.6168336
0.38192862,0.6518955
0.37981498,0.63140666
0.3777013,0.6100004
0.37558767,0.58086264
0.37347403,0.5328962
0.3713604,0.47034448
0.36924675,0.41045362
0.3671331,0.24072021
0.36501944,0.22682142
0.3629058,0.20728171
0.36079216,0.19209391
0.35867852,0.18922059
0.35656488,0.20041773
0.3544512,0.22302824
0.35233757,0.25385058
0.35022393,0.27263817
0.3481103,0.30072942
0.34599665,0.31235194
0.34388298,0.34153754
0.34176934,0.36156914
0.3396557,0.38079515
0.33754206,0.41244423
0.33542842,0.44125023
0.33331475,0.45731044
0.3312011,0.48362055
0.32908747,0.47482222
0.32697383,0.46176246
0.3248602,0.4333604
0.32274655,0.40962148
0.32063287,0.35734117
0.31851923,0.31046754
0.3164056,0.20878729
0.31429195,0.20017141
0.3121783,0.18164793
0.31006464,0.16640642
0.307951,0.16644323
0.30583736,0.17956084
0.30372372,0.19744696
0.30161008,0.22596796
0.2994964,0.23380813
0.29738277,0.24872184
0.29526913,0.25554883
0.2931555,0.2877362
0.29104185,0.30319825
0.2889282,0.32793438
0.28681454,0.358122
0.2847009,0.38415328
0.28258726,0.40312308
0.28047362,0.428615
0.27835998,0.41784346
0.2762463,0.40666685
0.27413267,0.38698453
0.27201903,0.36107606
0.2699054,0.31641462
0.26779175,0.26963747
0.26567808,0.18223855
0.26356444,0.17277381
0.2614508,0.15463482
0.25933716,0.13983843
0.25722352,0.13823065
0.25510985,0.1509537
0.2529962,0.17198768
0.25088257,0.20533961
0.24876893,0.21918654
0.24665527,0.23513232
0.24454163,0.24199027
0.24242799,0.26200545
0.24031433,0.26798806
0.2382007,0.28055486
0.23608705,0.2991922
0.2339734,0.32125652
0.23185976,0.33341825
0.2297461,0.36213633
0.22763246,0.35562143
0.22551882,0.3558064
0.22340517,0.3401427
0.22129153,0.31966358
0.21917787,0.28110957
0.21706423,0.24211647
0.21495059,0.17264348
0.18532147,0.16729558
0.16921708,0.15173462
0.15928288,0.143021
0.154658,0.14310913
0.15670235,0.15817083
0.16238593,0.17654932
0.16569704,0.20295848
0.17376377,0.19625366
0.17085682,0.1912268
0.17530994,0.17550084
0.1836766,0.18252222
0.20268366,0.1811307
0.24615067,0.1930948
0.28891528,0.2182209
0.32221824,0.24421795
0.39199683,0.27009547
0.44506222,0.30528682
0.4568686,0.30960214
0.4322762,0.31802708
0.4045201,0.31111208
0.37134403,0.28656656
0.33408356,0.25373787
0.29181668,0.21617109
0.22654973,0.2319241
0.20535989,0.2239444
0.21039236,0.20365208
0.19777468,0.19024727
0.19296224,0.18793117
0.19447595,0.20280072
0.20636562,0.22393966
0.21086617,0.2514911
0.25070205,0.25619462
0.28127837,0.26549828
0.30453733,0.25728998
0.35619283,0.27430135
0.42981744,0.28742975
0.48977634,0.31305027
0.53731537,0.35093224
0.5981561,0.38748577
0.6563625,0.41624868
0.70434713,0.4523765
0.69648975,0.44466582
0.65685594,0.43950954
0.60407895,0.41908842
0.5457961,0.39129484
0.48829466,0.34162825
0.40408432,0.29283664
0.3606045,0.3474425
0.3135991,0.33860224
0.28266135,0.3041332
0.26321465,0.28119895
0.25537392,0.2754146
0.26142666,0.28930402
0.2640781,0.3075844
0.27888626,0.3368881
0.3234453,0.36037007
0.3644454,0.40265387
0.401661,0.4354006
0.45891678,0.4911682
0.5121727,0.5151156
0.5675123,0.5492603
0.61794204,0.58769995
0.6666132,0.62164503
0.7231149,0.650809
0.76430345,0.68464017
0.7567836,0.66230077
0.717674,0.6329081
0.6750709,0.5841252
0.60978514,0.5409587
0.53615415,0.4726346
0.4611521,0.40264747
0.4035994,0.35754126
0.36063185,0.345922
0.33084977,0.30641443
0.31348374,0.28220496
0.30505857,0.2742349
0.3165663,0.28237048
0.34251088,0.2990888
0.3628287,0.33393028
0.3936601,0.36670667
0.433622,0.4089158
0.47883728,0.4475312
0.52886117,0.50354356
0.5803803,0.5226981
0.62761176,0.5525815
0.66650045,0.58821064
0.7050495,0.6167957
0.7326206,0.64847606
0.74727064,0.6845405
0.72771245,0.6669207
0.6933538,0.6356152
0.6516983,0.5803752
0.58510864,0.54099715
0.51292676,0.4785958
0.44826823,0.40874848
0.40211177,0.3544734
0.3515957,0.34282365
0.3250158,0.30669114
0.30718708,0.2879471
0.3005546,0.2790044
0.31060627,0.29317218
0.34224984,0.31261945
0.36430526,0.3441477
0.40099666,0.3676199
0.44141316,0.41403204
0.494382,0.4508934
0.55430883,0.5148741
0.61241525,0.54672116
0.6613629,0.5882822
0.70364857,0.6288962
0.7454703,0.6663843
0.7862696,0.6956566
0.8188091,0.72664785
0.8067733,0.69974655
0.75847507,0.6688318
0.69816494,0.6181264
0.63147783,0.57484126
0.54750973,0.5025791
0.48263332,0.43202412
0.4107326,0.39896953
0.37212932,0.3830969
0.34248567,0.34244964
0.32135308,0.3214957
0.31176496,0.31382608
0.32636034,0.32522672
0.35031527,0.3465341
0.34896863,0.38378018
0.42710233,0.4065278
0.45686218,0.43379724
0.51405257,0.4619657
0.5691606,0.5162878
0.63005,0.53254217
0.67938006,0.57572466
0.7021857,0.62363464
0.73437226,0.6656328
0.7755843,0.7122898
0.7993316,0.7529863
0.76843745,0.7352368
0.7172207,0.70713305
0.6865803,0.6550659
0.6324024,0.60897475
0.5595054,0.5395811
0.5008846,0.46642455
0.44248426,0.4066751
0.39793077,0.3837457
0.36749375,0.34880564
0.34578824,0.32573316
0.3398325,0.31975284
0.3454614,0.33000296
0.3719362,0.35710257
0.3885614,0.39979652
0.4254959,0.42491576
0.4537621,0.4617405
0.50052315,0.49345124
0.556137,0.5499263
0.6076101,0.5702409
0.6624639,0.6075535
0.71673155,0.66025984
0.7472032,0.7053178
0.71252835,0.7456399
0.6552234,0.78219867
0.6383342,0.76053643
0.62824875,0.7331269
0.5992511,0.6721375
0.55900383,0.6303421
0.504649,0.55917424
0.45028952,0.48685712
0.38264456,0.3534283
0.34718233,0.33757675
0.3305776,0.30891374
0.3166423,0.2901571
0.30800867,0.28531286
0.31231695,0.2962477
0.31948048,0.32260343
0.34019095,0.36002365
0.36989015,0.3887115
0.41989905,0.43198845
0.46328616,0.45790207
0.5173201,0.51167643
0.54216754,0.54720527
0.58153135,0.5956817
0.5967287,0.65540713
0.6056302,0.6985764
0.625059,0.72246456
0.6116163,0.7439369
0.5809037,0.7143528
0.55586916,0.6821722
0.527297,0.6359922
0.48687452,0.5868351
0.43317768,0.52057517
0.3545851,0.45427004
0.33154747,0.31426334
0.29453605,0.29206544
0.27239305,0.27048653
0.2592221,0.2540162
0.25531712,0.2458045
0.25132966,0.25739077
0.26149586,0.28394273
0.27685642,0.32001066
0.3088499,0.35886228
0.33186874,0.3977595
0.33578527,0.4172585
0.36547035,0.45016828
0.382962,0.47323516
0.39119107,0.49511796
0.42660287,0.52681226
0.45455378,0.5608508
0.5116083,0.57917196
0.5456205,0.61261797
0.5409055,0.60277116
0.51754314,0.5840161
0.50516087,0.5498206
0.45549673,0.5137954
0.38486406,0.45667905
0.35496408,0.40058678
0.31222254,0.28469586
0.27988386,0.2680645
0.2603594,0.24802831
0.25037694,0.23251583
0.24973308,0.22833964
0.2605491,0.23889637
0.28706577,0.2626607
0.30797234,0.29494688
0.3324622,0.32148957
0.34813422,0.35941312
0.36266124,0.38000527
0.38646537,0.4165843
0.42994004,0.4402667
0.44973153,0.46141496
0.48168612,0.49434692
0.5258534,0.5196404
0.5552723,0.5315538
0.55218464,0.56071067
0.5341491,0.5464935
0.5182233,0.5281263
0.49230176,0.49510294
0.44426158,0.46452492
0.3748205,0.40856764
0.31075665,0.35634795
0.309392,0.28081957
0.30802736,0.26672843
0.30666268,0.2456339
0.30529803,0.2288711
0.30393338,0.22637057
0.3025687,0.23847067
0.30120406,0.26271257
0.2998394,0.2958493
0.29847473,0.31848714
0.29711008,0.34147778
0.29574543,0.35269797
0.29438075,0.38180506
0.2930161,0.40092957
0.29165146,0.42814422
0.29028678,0.46502095
0.28892213,0.50066304
0.28755748,0.5261537
0.2861928,0.56163585
0.28482816,0.5533304
0.2834635,0.5350252
0.28209883,0.50756603
0.28073418,0.47230554
0.27936953,0.416844
0.27800485,0.36267832
0.2766402,0.18780477
0.27527556,0.17504239
0.27391088,0.15882385
0.27254623,0.1470875
0.27118158,0.14390963
0.2698169,0.15300669
0.26845226,0.17278656
0.2670876,0.20592336
0.26572293,0.2234295
0.26435828,0.239803
0.26299363,0.2423111
0.26162896,0.2586014
0.2602643,0.26969314
0.25889966,0.27717644
0.25753498,0.29618746
0.25617033,0.3165801
0.25480568,0.3330258
0.253441,0.3613967
0.25207636,0.36169773
0.2507117,0.35948163
0.24934703,0.3433104
0.24798238,0.3243854
0.24661772,0.2854901
0.24525306,0.24455479
0.24388841,0.17535003
0.24252374,0.16845796
0.24115908,0.15226117
0.23979443,0.13933443
0.23842977,0.13830636
0.2370651,0.15171216
0.23570046,0.17287067
0.2343358,0.20699665
0.23297113,0.21601067
0.23160648,0.21452151
0.23024182,0.20384431
0.22887716,0.21233319
0.2275125,0.21560113
0.22614785,0.23047772
0.22478318,0.25260538
0.22341852,0.2796115
0.22205387,0.30252594
0.2206892,0.33849636
0.21932454,0.34392825
0.2179599,0.34383804
0.21659523,0.33054262
0.21523057,0.31200066
0.21386592,0.27850342
0.21250126,0.24132511
0.2111366,0.17313914
0.20977195,0.16791482
0.20840728,0.15235165
0.20704262,0.14302543
0.20567797,0.14607279
0.20431331,0.16028045
0.20294864,0.17942894
0.201584,0.20380479
0.20021933,0.19823435
0.19885467,0.18675768
0.19749002,0.16320205
0.19612536,0.16373697
0.1947607,0.15881729
0.19339605,0.16784891
0.19203138,0.19331354
0.19066672,0.22222964
0.18930207,0.2479727
0.18793741,0.28468186
0.18657275,0.29759493
0.18520808,0.30993012
0.18384343,0.29722425
0.18247877,0.2792973
0.1811141,0.24933702
0.17974946,0.21584244
0.1783848,0.13743486
0.15827546,0.13904843
0.14369631,0.1250772
0.13677372,0.11949335
0.13354635,0.12247257
0.1356659,0.13735056
0.14432092,0.16338432
0.14390694,0.1871783
0.14180577,0.1684027
0.13963495,0.15731877
0.12773801,0.13345742
0.13281064,0.14422533
0.1700378,0.15240403
0.21476772,0.17336884
0.28516966,0.21610022
0.30575624,0.23941965
0.3337238,0.2574094
0.35675207,0.27452868
0.36247283,0.2652958
0.36729765,0.2694192
0.3531637,0.25618693
0.3230787,0.23566902
0.2912869,0.2078037
0.25163344,0.17639387
0.22398758,0.19979
0.20382653,0.19416699
0.18945204,0.1724766
0.18221629,0.16152593
0.18792635,0.1602156
0.20186934,0.17370802
0.23932336,0.19453
0.25399908,0.2199717
0.24749647,0.23342681
0.27215466,0.25314456
0.2732612,0.25790784
0.25293055,0.27686208
0.26449722,0.28529522
0.26025558,0.29569492
0.2661891,0.31668934
0.28016755,0.3349423
0.28857905,0.350074
0.3051043,0.37817928
0.31908658,0.37845922
0.32518372,0.37521902
0.2882172,0.3588412
0.27920026,0.33784586
0.2410054,0.2955585
0.20144467,0.2583916
0.17424056,0.1707069
0.15738337,0.1663137
0.1463281,0.14824492
0.14130718,0.14267446
0.142644,0.14279298
0.15655667,0.15758309
0.18939093,0.18025233
0.19332881,0.20074005
0.18362233,0.19814844
0.1574402,0.19950503
0.1393188,0.18873926
0.1310188,0.19949754
0.13953754,0.20156981
0.16887315,0.20922369
0.1994751,0.23485759
0.23087469,0.25512126
0.27238834,0.27943182
0.30980948,0.30911717
0.32423994,0.31201506
0.32296634,0.3219039
0.3035363,0.30720386
0.2673435,0.28822136
0.22952546,0.25220847
0.19115886,0.21689656
0.16653998,0.16011497
0.1517878,0.1608544
0.13998017,0.14350906
0.13599658,0.13778256
0.1383746,0.13863942
0.1540509,0.15512833
0.18700565,0.17818712
0.1931545,0.19333313
0.17938839,0.18526919
0.1550515,0.18014868
0.1398426,0.15993999
0.13593975,0.16856804
0.14590257,0.16897878
0.17921449,0.1780552
0.20199837,0.20356089
0.24326251,0.2236218
0.28938782,0.24652587
0.33144236,0.27631637
0.3404238,0.28091344
0.34461033,0.29314202
0.3301927,0.28493243
0.28552812,0.26408148
0.21666852,0.23084354
0.19719577,0.19559751
0.18008521,0.16082072
0.1626474,0.16171783
0.15016814,0.14639279
0.14538732,0.13942254
0.14764743,0.14244251
0.16341302,0.15920538
0.1956107,0.18535905
0.204411,0.2030142
0.19091062,0.1885888
0.17014931,0.17665839
0.15832031,0.15683194
0.14832929,0.15532985
0.17215094,0.15240899
0.18842025,0.16572835
0.20823437,0.1947921
0.24701925,0.22300178
0.2951167,0.25559318
0.3261843,0.29006425
0.33198282,0.29633096
0.3370063,0.30904266
0.32056996,0.2954315
0.28589898,0.2772898
0.24434002,0.24249959
0.18692106,0.20977128
0.16497116,0.16831192
0.15198348,0.16931045
0.1421249,0.15178207
0.13698563,0.14583248
0.14074364,0.1460716
0.15545738,0.16179892
0.19058593,0.18358241
0.19803615,0.2051178
0.18972033,0.19850796
0.17572565,0.20175086
0.16074063,0.19364628
0.16470072,0.21040723
0.171578,0.21923696
0.22547609,0.23514687
0.20584098,0.2648476
0.22172192,0.28441122
0.24104771,0.30221742
0.2560148,0.32679698
0.26805314,0.32447234
0.27595368,0.3239312
0.26692864,0.30642414
0.24545427,0.28375405
0.21966219,0.2493102
0.19588327,0.21303533
0.12736717,0.13892609
0.1542205,0.14036956
0.14654428,0.12702392
0.14123924,0.12036721
0.13927351,0.12264019
0.14413294,0.13706124
0.15771534,0.16341685
0.17098756,0.18196934
0.1909149,0.18178126
0.20946056,0.19187579
0.22166723,0.18244071
0.22850564,0.1940128
0.24083152,0.19799308
0.2226187,0.19823001
0.22334415,0.21529663
0.23177317,0.22516716
0.23895039,0.2355859
0.24871582,0.25680852
0.25684363,0.261129
0.2635748,0.26920986
0.25006548,0.2579937
0.24033336,0.2388145
0.21809764,0.21023583
0.19504248,0.17960802
0.17422006,0.14498572
0.16045694,0.14490753
0.15240303,0.12679794
0.14755514,0.12148415
0.14447944,0.1192932
0.14849207,0.133286
0.16021,0.15769833
0.17202832,0.17707525
0.1896742,0.18192685
0.21092042,0.1994847
0.23278531,0.20471524
0.2463754,0.22916491
0.26165223,0.23796381
0.26105666,0.24230675
0.2577793,0.257271
0.25409946,0.26343313
0.26088277,0.26610237
0.27188164,0.28002435
0.28366834,0.27360997
0.29400542,0.2791264
0.2835748,0.26946384
0.26339367,0.24645704
0.23035303,0.21342406
0.20342322,0.18058524
0.18197532,0.15665276
0.16602345,0.15515354
0.15667927,0.1368705
0.1526786,0.1287397
0.15724537,0.1278505
0.17236839,0.1416159
0.20544748,0.16660812
0.22402346,0.18690716
0.23384058,0.1973252
0.23626176,0.2166288
0.24837232,0.21884038
0.24606308,0.2430316
0.25002062,0.25289825
0.2534569,0.2636347
0.25221664,0.2834558
0.25191414,0.29203367
0.25807324,0.30246365
0.26834154,0.31711042
0.27431777,0.31299615
0.28690043,0.31145644
0.26919472,0.2952904
0.24852698,0.27956712
0.21981813,0.24590817
0.1883741,0.21183975
0.16209283,0.16208312
0.14867109,0.1623818
0.14078893,0.1452066
0.13647167,0.13890475
0.13856044,0.13850984
0.15527195,0.15208645
0.18860225,0.17697752
0.2096887,0.19633684
0.21622376,0.20216227
0.22152667,0.21936841
0.22379062,0.22061181
0.21475022,0.24064158
0.21591829,0.24393965
0.21362486,0.25008273
0.21231665,0.26301998
0.2123739,0.26965585
0.22914265,0.27624232
0.2396579,0.29426083
0.25690344,0.29463613
0.26508167,0.29769582
0.25204444,0.2821147
0.23197441,0.26595104
0.20267896,0.23191705
0.16917905,0.20168364
0.15109824,0.15119146
0.13849507,0.14908981
0.1319348,0.13771701
0.12930301,0.13028927
0.13061506,0.13327856
0.1475889,0.14769387
0.18353945,0.17346314
0.20065129,0.19735508
0.19778919,0.19202085
0.17807975,0.18394646
0.15207577,0.16073999
0.13210313,0.1537689
0.13052833,0.14247902
0.12640375,0.13948388
0.11819347,0.15378344
0.13867794,0.17739199
0.17516896,0.20074697
0.21811259,0.24228388
0.25056535,0.26031336
0.27167785,0.2803365
0.24332447,0.26883087
0.22656298,0.25339535
0.176073,0.22633335
0.17173822,0.19811393
0.1525483,0.14245598
0.13497163,0.14469202
0.12925217,0.13110052
0.1254164,0.12476401
0.13646525,0.12558955
0.14536467,0.13953367
0.18054834,0.16166289
0.20072818,0.18060307
0.20670357,0.17897263
0.21096016,0.18848996
0.2124538,0.18137525
0.20656557,0.19231765
0.20967247,0.19208966
0.20546713,0.19135538
0.21234271,0.20234582
0.22050856,0.20964976
0.22845821,0.2139852
0.23853938,0.23592702
0.2566155,0.24194011
0.26787925,0.25481144
0.25623867,0.24715701
0.2347694,0.22835521
0.20616439,0.19904333
0.17846811,0.1713479
0.17773564,0.14700493
0.17700319,0.14609593
0.17627072,0.13276866
0.17553827,0.12607644
0.1748058,0.12546071
0.17407334,0.13868082
0.17334089,0.16207375
0.17260842,0.18364985
0.17187597,0.18375733
0.1711435,0.19544621
0.17041104,0.19127019
0.16967858,0.20607772
0.16894612,0.21061723
0.16821365,0.21179396
0.1674812,0.22527136
0.16674873,0.23646429
0.16601628,0.24474148
0.16528381,0.265878
0.16455135,0.2678907
0.1638189,0.2766303
0.16308643,0.26559925
0.16235398,0.24525705
0.16162151,0.21523538
0.16088904,0.1837081
0.1601566,0.1253166
0.14480114,0.12734365
0.13472083,0.114325896
0.12803154,0.10881387
0.12712835,0.11055405
0.13190062,0.1266092
0.14569964,0.1533684
0.1575628,0.16755556
0.16973275,0.16319312
0.18400045,0.16596545
0.19280587,0.15360445
0.18788876,0.16135104
0.1800519,0.15657681
0.16815539,0.15203193
0.16254145,0.15993904
0.1780977,0.17215113
0.18960029,0.17921454
0.21545644,0.20351571
0.23232988,0.21262285
0.2520389,0.23422925
0.24439983,0.2285513
0.22717692,0.21030982
0.20336469,0.18081406
0.17825748,0.1546348
0.1604642,0.1437707
0.14018354,0.14567247
0.1306454,0.13106443
0.12309819,0.12585151
0.12165583,0.12776071
0.124555506,0.14628571
0.13334042,0.17232451
0.13684636,0.1848013
0.13713431,0.17524232
0.12340751,0.16081889
0.10250307,0.133232
0.09120769,0.13428901
0.09183958,0.12983543
0.10958287,0.14074491
0.1434139,0.16380292
0.18246195,0.19234344
0.23365602,0.21640004
0.27986506,0.2488515
0.29470396,0.25877517
0.2981172,0.27645174
0.27752677,0.26715454
0.24617246,0.2464066
0.2114972,0.21521789
0.17775248,0.18134114
0.15332544,0.14610365
0.13668615,0.14844382
0.12656353,0.13131833
0.12379801,0.12499238
0.12785764,0.12747921
0.14597948,0.14695004
0.17654766,0.16952421
0.1871586,0.18703306
0.18333736,0.17428784
0.15862493,0.16444074
0.1407462,0.145861
0.13877578,0.15070073
0.1591624,0.14975332
0.18456055,0.16070518
0.21726538,0.18816218
0.26933485,0.21395476
0.30536062,0.24045911
0.3374045,0.27602047
0.3166261,0.2818366
0.34728402,0.29749703
0.30155092,0.28537965
0.27394778,0.262771
0.23063672,0.22975287
0.16734576,0.19364294
0.16350059,0.16921084
0.14901288,0.16599888
0.13378604,0.15067434
0.12854038,0.14659384
0.13254404,0.14836276
0.15334553,0.16680285
0.1749374,0.1900223
0.19604307,0.2105676
0.18102984,0.19377941
0.16807933,0.18159267
0.13073553,0.15899545
0.12936367,0.15805425
0.14340107,0.1537025
0.17172967,0.158748
0.20907988,0.18978485
0.25631344,0.21976005
0.30599123,0.25554687
0.35777277,0.2979729
0.33846703,0.30320436
0.34853497,0.31939712
0.3066936,0.3013459
0.2667945,0.27797997
0.22334117,0.24342635
0.20394787,0.20468614
0.16865055,0.15654579
0.1513204,0.15970716
0.13874245,0.14166617
0.13259745,0.13753505
0.14227659,0.13969576
0.15305415,0.15659001
0.20297334,0.1831823
0.18912946,0.20073836
0.18822841,0.19352628
0.17214838,0.17832765
0.15525444,0.15489855
0.16837199,0.15017973
0.18341854,0.14861597
0.19230984,0.15819044
0.24805744,0.18851247
0.29830134,0.21969709
0.32724944,0.24737017
0.37581596,0.29024494
0.36404678,0.3006048
0.3397697,0.31232986
0.3274545,0.29744327
0.28183421,0.27524292
0.2201296,0.23965696
0.19120884,0.20381786
0.13725993,0.17274693
0.14519249,0.17344216
0.1347704,0.1549825
0.13030915,0.15146287
0.13211595,0.15351608
0.14931622,0.17160532
0.18394533,0.1945763
0.1968544,0.20994793
0.18674846,0.19842422
0.16917649,0.18774849
0.16309942,0.17052345
0.15562955,0.17386247
0.17543043,0.1722927
0.19623575,0.1875759
0.22904824,0.22039355
0.27484456,0.24873932
0.31866744,0.27817404
0.34348372,0.315168
0.345631,0.320455
0.35173756,0.33062115
0.32304794,0.30910236
0.28616855,0.2859367
0.25383118,0.251584
0.21867698,0.21236178
0.21696372,0.16125232
0.21525048,0.16298655
0.21353723,0.14318678
0.21182397,0.13793749
0.21011072,0.13641056
0.20839748,0.15173224
0.20668422,0.17730832
0.20497097,0.1965969
0.20325771,0.1997346
0.20154446,0.20922221
0.19983122,0.20616455
0.19811796,0.22538199
0.19640471,0.23557888
0.19469146,0.24761307
0.1929782,0.2740606
0.19126496,0.29152045
0.18955171,0.30563784
0.18783845,0.3311013
0.1861252,0.32480985
0.18441196,0.3227162
0.1826987,0.3018398
0.18098545,0.2778431
0.1792722,0.24300233
0.17755894,0.20212781
0.1758457,0.10600045
0.17413245,0.1097343
0.17241919,0.09517742
0.17070594,0.08914551
0.1689927,0.0886699
0.16727944,0.108986646
0.16556619,0.1335303
0.16385294,0.14492671
0.16213968,0.14129744
0.16042644,0.15246683
0.15871319,0.1590836
0.15699993,0.18630435
0.15528668,0.19716443
0.15357344,0.20092629
0.15186018,0.21294487
0.15014693,0.21812154
0.14843369,0.22966297
0.14672042,0.24134548
0.14500718,0.24144751
0.14329393,0.250292
0.14158067,0.24411687
0.13986742,0.22156936
0.13815418,0.19222197
0.13644092,0.16055875
0.13472767,0.1254382
0.12393131,0.13005187
0.10285469,0.121499
0.10893902,0.12008004
0.108146064,0.12579347
0.1101182,0.14362986
0.12247698,0.17096788
0.12516646,0.1775109
0.12191986,0.15586019
0.09311532,0.14281219
0.07746594,0.1151218
0.07705108,0.1125733
0.09822768,0.10270834
0.10234542,0.10107767
0.11943888,0.12188308
0.121742554,0.13903086
0.14632683,0.16121775
0.1877076,0.18931721
0.20093624,0.20545681
0.21892008,0.23225643
0.20661555,0.22602078
0.2063088,0.207279
0.15700355,0.18032801
0.148651,0.15583567
0.10445641,0.14453384
0.1160436,0.14638701
0.11078171,0.13506967
0.11036942,0.13218884
0.11407018,0.1359448
0.12851346,0.15435913
0.15885778,0.1791963
0.17384323,0.19151647
0.16172285,0.17274842
0.13026856,0.16023128
0.10626663,0.13242961
0.082780376,0.12906784
0.09358358,0.11626682
0.12949227,0.11118593
0.09932569,0.12953159
0.13677244,0.14852111
0.13525958,0.16931878
0.20897393,0.20091236
0.23622502,0.21755639
0.24657534,0.24479185
0.22987494,0.23815614
0.21982412,0.21721205
0.1848763,0.19161868
0.14866084,0.16593178
0.119162455,0.1461403
0.124585845,0.14737043
0.11958072,0.1355801
0.11737573,0.13066387
0.12068129,0.13384001
0.13802426,0.15144734
0.1744653,0.17592126
0.18992414,0.19220102
0.17629859,0.17591909
0.1507573,0.16125965
0.109090686,0.12922752
0.095073365,0.117214985
0.08134784,0.102850676
0.08945173,0.101052485
0.10771027,0.12096511
0.1633015,0.14455758
0.16432261,0.17104004
0.20848516,0.20888437
0.25687826,0.22769636
0.24529533,0.25705588
0.2200715,0.25281468
0.22183813,0.23253001
0.18462636,0.20594907
0.15513054,0.1800546
0.13259232,0.14427851
0.098448984,0.14458454
0.11610341,0.13400075
0.116460584,0.13419755
0.1196102,0.13770477
0.13938972,0.15409943
0.1821475,0.18063332
0.19242775,0.19403365
0.1739398,0.17352572
0.14381123,0.14786276
0.10852118,0.11212398
0.08447011,0.101021625
0.07388865,0.088777184
0.08449318,0.08929331
0.10505711,0.11503352
0.14232571,0.14130038
0.17597859,0.16959342
0.22062135,0.20833255
0.24394183,0.22743596
0.25023893,0.25414047
0.24252725,0.24703547
0.21454856,0.22805366
0.18354586,0.19959602
0.1632229,0.17254648
0.11550955,0.13810298
0.12427994,0.14091313
0.12011477,0.12983422
0.11602352,0.12979715
0.121999756,0.13392267
0.13489729,0.15215471
0.17214067,0.17743704
0.19147928,0.18972959
0.17886545,0.16440207
0.14985411,0.14169422
0.120523214,0.1083161
0.098673716,0.102885775
0.093320824,0.092008576
0.09670414,0.093909726
0.11937479,0.121436566
0.14539586,0.14450179
0.19218722,0.1695812
0.23357613,0.20633121
0.25855815,0.21955155
0.2698236,0.24676947
0.25415158,0.23957926
0.22953486,0.21936151
0.1988056,0.18981192
0.17586793,0.16242027
0.15046635,0.13394277
0.13765684,0.13499092
0.1301438,0.12310776
0.12703222,0.12298446
0.1294064,0.1255919
0.14417651,0.14126424
0.1813161,0.1684217
0.1981925,0.18192114
0.17967464,0.17222902
0.14292428,0.15781142
0.1088399,0.1330273
0.082922645,0.12538157
0.073520795,0.11432342
0.07856266,0.10611858
0.09498535,0.12370288
0.12334342,0.14549133
0.1718476,0.16697615
0.21359624,0.20545237
0.23854664,0.22659045
0.2451898,0.25363606
0.23413154,0.2471461
0.21516463,0.22700039
0.19745125,0.19876859
0.17027962,0.17226292
0.14989257,0.13032724
0.13886891,0.13475984
0.13256584,0.12520532
0.12646441,0.118239015
0.1287399,0.12248844
0.13415645,0.14167483
0.1473599,0.16477753
0.16426578,0.17187981
0.1821411,0.16388053
0.20053251,0.17216274
0.20945285,0.16185729
0.21696502,0.17360972
0.21445115,0.1689692
0.22179839,0.16818643
0.21925503,0.1749173
0.22412387,0.18064396
0.22138098,0.19159982
0.23539618,0.20970583
0.24451648,0.22336781
0.24257809,0.2418518
0.23362783,0.23137823
0.21810961,0.21680869
0.19806775,0.18963045
0.17339976,0.1631951
0.1556005,0.15043156
0.14434057,0.15201773
0.13271067,0.1389814
0.12856814,0.13520746
0.13018183,0.13612795
0.13374844,0.15335828
0.14450806,0.17703225
0.15274355,0.19095807
0.14734706,0.17898712
0.118159294,0.17079131
0.08380148,0.14926666
0.06708869,0.14966352
0.076633245,0.1404581
0.09297006,0.14138335
0.11999856,0.15663268
0.13893642,0.1721082
0.16744445,0.19236566
0.19861975,0.22021
0.22825271,0.23535979
0.23523937,0.2561238
0.23307113,0.250576
0.2117356,0.2332738
0.18715091,0.20444429
0.1648212,0.17943302
0.14419532,0.148527
0.13368863,0.14888106
0.12922354,0.13774031
0.12929402,0.1356016
0.13443245,0.14110467
0.15644942,0.15864609
0.19540349,0.1816633
0.2157632,0.1923878
0.2000352,0.1711754
0.15510575,0.15080118
0.11684596,0.115759745
0.109614484,0.107167
0.11274616,0.09375866
0.13485585,0.09478356
0.16305627,0.11950661
0.17321433,0.14186195
0.19157797,0.16893841
0.22261485,0.20171914
0.25821295,0.2228653
0.26763272,0.24953802
0.25767633,0.24400002
0.22825229,0.22388268
0.20267,0.20004687
0.17717955,0.1739593
0.15318872,0.14730407
0.14356215,0.14934257
0.13643493,0.13630104
0.13447817,0.13045298
0.14091112,0.13262084
0.15836431,0.14871694
0.20332281,0.17054203
0.21545175,0.1865867
0.19596574,0.17770249
0.1614161,0.17495567
0.13177331,0.15816374
0.11599703,0.16457011
0.124318816,0.16169764
0.14541252,0.16414955
0.17445333,0.18112479
0.18524371,0.1964706
0.1982049,0.21223997
0.22472328,0.2400854
0.25722304,0.25188205
0.26482448,0.26625615
0.2522824,0.25815216
0.22916017,0.2395109
0.201337,0.21119562
0.18229191,0.18327208
0.15568851,0.14996909
0.14454608,0.14804608
0.13821694,0.13713175
0.13510706,0.1325132
0.13874757,0.13474463
0.15720308,0.1510708
0.1957282,0.17337972
0.21730895,0.19411959
0.1919578,0.18199146
0.1514802,0.16748743
0.120340355,0.13781668
0.0950661,0.12537132
0.09520068,0.11249225
0.11075607,0.11018743
0.13087225,0.12718551
0.15393041,0.15083098
0.18059875,0.17538781
0.21893246,0.2153235
0.25414178,0.23802215
0.2628156,0.26477578
0.24770369,0.25691244
0.2296985,0.23817988
0.20099905,0.21408361
0.17916536,0.18730107
0.15523607,0.14362721
0.14429016,0.1456374
0.13868476,0.13579094
0.13779612,0.13125171
0.14110252,0.13631839
0.16005662,0.15480186
0.20628487,0.17943251
0.22012362,0.19523576
0.20270759,0.17191091
0.16425212,0.14909117
0.12512031,0.11047882
0.102482565,0.09991678
0.08941798,0.08628255
0.093631424,0.08979612
0.11117434,0.11490196
0.14056805,0.14154787
0.17936958,0.1701089
0.22043678,0.20590056
0.25496933,0.22304502
0.25838214,0.24844187
0.24895807,0.2418082
0.23189794,0.22223823
0.2006282,0.19759521
0.17737907,0.17095426
0.15208004,0.13755634
0.14112645,0.14028615
0.13526984,0.12706915
0.13322848,0.12061691
0.13766238,0.12267727
0.15299305,0.13915502
0.18837367,0.16648956
0.20724873,0.18714498
0.20909184,0.17701606
0.20939688,0.1778195
0.1832972,0.16430302
0.1819232,0.17119916
0.19565043,0.16735165
0.20359156,0.16735148
0.18049024,0.1845888
0.18180485,0.1975577
0.19682534,0.2062616
0.22805448,0.23159939
0.25538334,0.233984
0.2574785,0.2518611
0.2465074,0.23936316
0.22809933,0.22293589
0.20322028,0.19359785
0.18506727,0.16767581
0.16428415,0.1401747
0.14548516,0.14044091
0.13722062,0.12596871
0.1293483,0.120101444
0.13166778,0.122500196
0.13587311,0.1374455
0.15250343,0.16467519
0.16525057,0.18260041
0.17503096,0.17919834
0.17227826,0.17592943
0.14181986,0.15810002
0.12914962,0.15907054
0.14028008,0.1528558
0.13364804,0.15395291
0.14990582,0.17291816
0.1610085,0.19121057
0.17364542,0.20846315
0.1978144,0.23820394
0.22723204,0.24957046
0.23119384,0.26815432
0.22242302,0.25845155
0.21015054,0.24443771
0.19149168,0.21443018
0.17399618,0.1884294
0.15172371,0.14237322
0.14020446,0.1429835
0.1309953,0.1317222
0.1263576,0.12805744
0.12568215,0.13142675
0.13082868,0.14957704
0.14526641,0.17241228
0.15008439,0.18665369
0.1540274,0.17186408
0.12495412,0.16286169
0.08926888,0.1407939
0.08023744,0.14144549
0.09159135,0.13185148
0.08987171,0.13257295
0.07740527,0.1507049
0.10316657,0.16625093
0.14991435,0.18707578
0.1987176,0.21506564
0.23271011,0.23003636
0.24012701,0.25245327
0.23017828,0.24413803
0.21066152,0.22601989
0.19283962,0.20040196
0.16421238,0.17468058
0.14613584,0.144533
0.13696513,0.14561841
0.13389583,0.1363705
0.13202666,0.13137148
0.13754874,0.13671581
0.15589614,0.15311232
0.20478013,0.17417932
0.21977755,0.19014834
0.19926147,0.17325078
0.15678139,0.15357809
0.12081673,0.11955643
0.09133672,0.10813772
0.07888523,0.09019925
0.07832725,0.08748039
0.091520004,0.10365714
0.12266924,0.12704952
0.17096192,0.15188944
0.21657026,0.1973541
0.25135487,0.22244433
0.26595923,0.25230318
0.24940325,0.2488411
0.24484715,0.22966087
0.20199537,0.20658287
0.17593713,0.18158159
0.12989174,0.15652275
0.14964135,0.15699881
0.14612302,0.14846514
0.1455048,0.1430734
0.1519117,0.15004642
0.16870695,0.1668547
0.20921531,0.19068074
0.23056409,0.2053211
0.20777893,0.18038669
0.16767046,0.15567698
0.12539077,0.11541366
0.10032799,0.094905995
0.08418429,0.07553068
0.08389718,0.07173417
0.10018444,0.09394424
0.12952815,0.12551828
0.17205395,0.15753396
0.21869706,0.20380095
0.253515,0.23100936
0.2613694,0.26251748
0.25042138,0.25229898
0.23075806,0.23698887
0.20699836,0.2105009
0.18098241,0.18483526
0.15516941,0.15100247
0.14637296,0.15211755
0.13908851,0.1419595
0.1380281,0.13715206
0.13987805,0.13988066
0.16507241,0.15662535
0.20025992,0.1806886
0.2178242,0.1972269
0.19872187,0.17390382
0.16183521,0.15221563
0.13542962,0.11329305
0.11093252,0.09391736
0.10529893,0.07772228
0.10715572,0.073586695
0.12220483,0.095266595
0.14051165,0.12724034
0.19487499,0.15657604
0.23821425,0.19977495
0.25943655,0.22043368
0.26700854,0.2525375
0.2585637,0.25005645
0.2318411,0.22825755
0.1954539,0.20045656
0.17367704,0.17435902
0.1588189,0.13994604
0.13571289,0.14324498
0.13452345,0.13313216
0.13168272,0.1271825
0.12765385,0.1314283
0.15295844,0.1500093
0.20305409,0.1771943
0.20616695,0.19588196
0.19396411,0.17926562
0.16111916,0.14893898
0.11796789,0.10713822
0.114106916,0.085323595
0.10599918,0.06834522
0.12695232,0.06496105
0.14748806,0.08617291
0.18588458,0.12059408
0.2332933,0.14856525
0.24807581,0.20067781
0.28972533,0.22275509
0.27531496,0.25342873
0.2656089,0.24992073
0.24193422,0.22937125
0.20917045,0.20266199
0.17914358,0.1758984
0.16039029,0.14060818
0.14080602,0.14498061
0.1365614,0.13184589
0.13113971,0.1268246
0.13700359,0.12896232
0.15035997,0.14580359
0.18893935,0.17130184
0.20722865,0.1878949
0.20995572,0.17625865
0.19155534,0.17239404
0.1635775,0.1564536
0.14028393,0.16129254
0.13967554,0.15520559
0.17935592,0.15578729
0.2005043,0.17015056
0.23451605,0.18955262
0.24932933,0.20060211
0.26060975,0.23338951
0.27701065,0.24079499
0.27423745,0.26135674
0.2610605,0.24904811
0.24236318,0.22952917
0.2204325,0.19684118
0.19042914,0.16810687
0.16837968,0.13255899
0.15153146,0.13431448
0.14043689,0.121124595
0.13664983,0.12061865
0.13525489,0.12485368
0.1404843,0.1406316
0.15421453,0.16991661
0.16381975,0.19021331
0.16685358,0.1735149
0.14934528,0.15085967
0.13849038,0.11672175
0.13292386,0.11325129
0.137744,0.10730094
0.16175063,0.105712034
0.18894276,0.1357513
0.23240848,0.16407289
0.27914044,0.18755996
0.30545932,0.23262441
0.3090648,0.24337626
0.3020038,0.2635729
0.2813792,0.25616035
0.26463392,0.23129892
0.23915888,0.20086795
0.21201715,0.16769803
0.18562268,0.14133509
0.16597988,0.14530684
0.15283796,0.12677261
0.14428888,0.12234617
0.13873006,0.12228991
0.13924403,0.13862073
0.14519976,0.16629675
0.15475713,0.18115528
0.16750939,0.1865089
0.17075728,0.19518742
0.15698133,0.18757367
0.15421282,0.20159216
0.14778413,0.20877366
0.15043046,0.22198932
0.15802124,0.24607232
0.17977333,0.25621834
0.20516422,0.2711727
0.2279622,0.2908955
0.25277162,0.2935597
0.24923833,0.29396632
0.23832789,0.27757293
0.21883975,0.2656411
0.19449475,0.22950372
0.16810112,0.20019336
0.15178995,0.13780218
0.13717106,0.14254095
0.13046125,0.12940097
0.13258079,0.12224457
0.13605852,0.12551859
0.15177798,0.14335129
0.1837001,0.17396212
0.22066791,0.19039913
0.20214577,0.18279281
0.20019841,0.16992158
0.17667626,0.14585207
0.14419831,0.13552304
0.13069624,0.124568164
0.14268844,0.13181166
0.19252047,0.15175956
0.22968696,0.17829393
0.25518638,0.19525054
0.27046406,0.22783834
0.28120318,0.24290825
0.26613826,0.26335523
0.24246188,0.25148854
0.22714788,0.24138959
0.1753185,0.20929244
0.16718213,0.1879231
0.14762434,0.15311421
0.13585515,0.15445882
0.12908724,0.14211005
0.13173784,0.13688524
0.13026386,0.13794175
0.16100766,0.15122351
0.18152885,0.17652446
0.21046542,0.19637331
0.20537357,0.1968536
0.19287893,0.1913547
0.1726397,0.16989079
0.16290374,0.16376178
0.1703796,0.15432559
0.18719235,0.15262645
0.19631736,0.16608575
0.21295965,0.18207082
0.22326083,0.20007874
0.2271342,0.23409238
0.25631428,0.2563147
0.24922252,0.2711059
0.24410035,0.26686528
0.23793869,0.25092715
0.20852746,0.22509056
0.1836091,0.20164372
0.1624372,0.171327
0.15273671,0.16657028
0.14658871,0.15444717
0.14695871,0.14909008
0.15152676,0.14963675
0.15919572,0.16346435
0.20234059,0.18501002
0.23207481,0.20811845
0.2252881,0.20622917
0.1995584,0.19689222
0.16026638,0.17243059
0.12024337,0.16028686
0.12278673,0.14374705
0.119310275,0.13460189
0.13507715,0.14467262
0.16038729,0.1641042
0.19300966,0.18889356
0.2474875,0.22713342
0.28593314,0.25590715
0.28887084,0.2795385
0.27912635,0.27249494
0.26439127,0.25590616
0.23359323,0.2338765
0.21165186,0.21039449
0.19331813,0.18966272
0.18222356,0.1871748
0.18181297,0.1763916
0.1815421,0.17175685
0.18470411,0.17492348
0.20737433,0.18914096
0.2565527,0.20553552
0.27389437,0.22820961
0.25123057,0.2155795
0.20919181,0.19584253
0.15414703,0.15797792
0.1281832,0.14089708
0.10601968,0.12023467
0.09368355,0.11813394
0.120914996,0.13482991
0.14454266,0.15640935
0.19705178,0.18530762
0.24559098,0.22876029
0.28251436,0.26151285
0.29007438,0.2846418
0.28306165,0.2751379
0.2708473,0.25743687
0.24512145,0.2373425
0.21737902,0.21224287
0.19658396,0.18627517
0.18705179,0.18270001
0.18270847,0.17252874
0.18077478,0.16794717
0.18416877,0.16964619
0.21320403,0.18454361
0.24748665,0.20167899
0.28791428,0.22786225
0.25427848,0.21222603
0.1999741,0.18630682
0.16254571,0.14270219
0.119974636,0.12042797
0.09440644,0.10077743
0.094258614,0.10025864
0.10755775,0.120406464
0.13448629,0.14865117
0.18621184,0.17805757
0.21893546,0.22596908
0.27053156,0.25829265
0.25944254,0.282075
0.24875085,0.27025887
0.23508728,0.25585806
0.21342278,0.23389113
0.18771401,0.21003732
0.1713584,0.16891256
0.16259955,0.16408366
0.111684896,0.15522934
0.14321566,0.14908059
0.15747395,0.15152448
0.16399834,0.1652971
0.18189415,0.18368697
0.2046447,0.20508955
0.19280373,0.18679126
0.19899529,0.17396016
0.17438284,0.14328405
0.10951494,0.12924515
0.08497981,0.111269295
0.10776368,0.10327697
0.13452004,0.11972533
0.15998612,0.1378318
0.18537103,0.16713445
0.21061282,0.20593508
0.2319462,0.22793962
0.22725639,0.25605768
0.21558973,0.24926394
0.2106423,0.2370382
0.18917005,0.21291587
0.1727102,0.18881452
0.10869421,0.16438687
0.13461915,0.15853365
0.14293112,0.15100968
0.13666649,0.1470412
0.13692881,0.1512614
0.14081883,0.16610608
0.16053385,0.18778038
0.17834933,0.20856637
0.21980403,0.1882298
0.22178942,0.1513395
0.09792519,0.09569928
0.086945966,0.062097766
0.098982185,0.03586643
0.0862611,0.032941606
0.06788848,0.05602421
0.11812255,0.09260501
0.14652976,0.13114665
0.19558848,0.18275015
0.18903548,0.21714637
0.24388629,0.25445735
0.2355111,0.24799967
0.20771058,0.234257
0.20030265,0.2142849
0.081214115,0.19024731
0.13275126,0.14973176
0.13626574,0.15270568
0.12908767,0.14226331
0.12896591,0.13711411
0.13485286,0.14236847
0.15361255,0.15787232
0.15703987,0.18160832
0.2170556,0.20330143
0.19490063,0.18787135
0.15952641,0.16903168
0.11956534,0.13338666
0.09505371,0.11713352
0.08792264,0.10003029
0.08680327,0.09383374
0.10309096,0.109805495
0.1388531,0.13190307
0.17410214,0.15065719
0.2199805,0.19205771
0.2543323,0.21889737
0.24693935,0.24127047
0.24945879,0.23558027
0.23310018,0.21784502
0.21908456,0.195313
0.17906155,0.17318413
0.117680356,0.15098058
0.14326437,0.15100968
0.13410817,0.13999705
0.12730138,0.13094164
0.12804307,0.12705639
0.1402207,0.14474505
0.15051633,0.166471
0.17990577,0.18959521
0.18248032,0.18623355
0.17200226,0.192711
0.15669082,0.1854262
0.1571014,0.19388118
0.16625588,0.18914714
0.182444,0.19118966
0.19223037,0.19088212
0.19462164,0.20194493
0.19287209,0.2090982
0.21441525,0.23241922
0.25343597,0.23962125
0.2530899,0.254296
0.24271223,0.24226496
0.23080078,0.2275554
0.20473826,0.19918102
0.17888808,0.17322657
0.15858392,0.14844386
0.121848516,0.14603505
0.13504682,0.13647047
0.13273288,0.12900221
0.13171391,0.13173628
0.14040996,0.1465372
0.1596768,0.17169924
0.1975085,0.19665496
0.20151943,0.19158424
0.16036594,0.17693238
0.13837588,0.14563522
0.10749025,0.1298316
0.086047485,0.11353296
0.082619734,0.10892016
0.10763807,0.12227136
0.13450721,0.14765893
0.17590466,0.17458768
0.22486171,0.21755639
0.26262292,0.24552181
0.26416397,0.26609614
0.25973305,0.26071912
0.24927935,0.24749859
0.22967543,0.22471577
0.21717736,0.20357409
0.17709753,0.17125452
0.1755603,0.16885334
0.17402306,0.1560552
0.17248584,0.15066665
0.17094861,0.15271522
0.16941138,0.16637008
0.16787416,0.18536988
0.16633692,0.20358346
0.1647997,0.18924057
0.16326247,0.18132293
0.16172524,0.15654896
0.16018802,0.15504044
0.15865079,0.14314286
0.15711357,0.14282309
0.15557633,0.15977204
0.1540391,0.17706357
0.15250188,0.1953693
0.15096465,0.22683808
0.14942743,0.24020623
0.1478902,0.26149395
0.14635296,0.25381657
0.14481574,0.23714152
0.14327851,0.20884553
0.14174129,0.18171269
0.14020406,0.12461656
0.13866682,0.12403414
0.12663916,0.11492306
0.12010067,0.11091444
0.12251116,0.11170575
0.12433676,0.12622324
0.14631699,0.15036003
0.17773539,0.1654882
0.18344802,0.16185978
0.1967117,0.1656029
0.20891924,0.16003124
0.22111523,0.16907662
0.22845267,0.16262671
0.23202097,0.15743761
0.23556578,0.1601905
0.23284854,0.16777913
0.23277761,0.18221991
0.2506149,0.20126484
0.27430537,0.2183398
0.26720336,0.23502982
0.25833982,0.22910768
0.24343385,0.21515143
0.23756528,0.19073546
0.20554575,0.16938098
0.19597642,0.19160616
0.18055859,0.18691128
0.16257605,0.17492741
0.15554582,0.16911596
0.15484898,0.17100662
0.15756024,0.1826918
0.16799004,0.20404696
0.17981264,0.22621156
0.1841457,0.21862057
0.1656274,0.20169857
0.15350659,0.16513546
0.11636488,0.14648369
0.0809441,0.12767953
0.07542629,0.1292326
0.09014514,0.14862251
0.1323864,0.17608742
0.16787042,0.20642677
0.20973782,0.246604
0.24247256,0.27573112
0.24107377,0.2960664
0.23274258,0.28620166
0.21128573,0.27410764
0.20432298,0.24763498
0.19800538,0.22338215
0.17474984,0.16842583
0.1613486,0.16420184
0.15351515,0.15403607
0.15106021,0.14859104
0.15006132,0.15248746
0.16019632,0.16688119
0.1690983,0.18970844
0.17187792,0.21124013
0.18020569,0.2012181
0.17038429,0.17717943
0.12460677,0.13705897
0.09657597,0.11413943
0.09657682,0.09136467
0.12001693,0.084837
0.1087066,0.10140401
0.12657721,0.12854762
0.16861552,0.15863687
0.22388333,0.20114474
0.26840776,0.23766638
0.26916227,0.2638918
0.2612459,0.25621143
0.23575634,0.2450599
0.2396092,0.22620758
0.21480234,0.20745777
0.19463873,0.1970112
0.18129088,0.19075835
0.17714708,0.18041667
0.17511812,0.1773853
0.18741965,0.1799313
0.19158652,0.19179824
0.20970792,0.20753703
0.24157493,0.233553
0.24399523,0.21761176
0.2023064,0.1934425
0.15576713,0.1533197
0.1252284,0.12926999
0.095132746,0.10614295
0.1096978,0.09527478
0.11382622,0.11423203
0.14179593,0.13770735
0.18638828,0.16774228
0.23954852,0.21729565
0.28240243,0.2528813
0.28438994,0.2800392
0.29159793,0.27198154
0.2437312,0.2551955
0.2553829,0.23567963
0.22571832,0.21277174
0.20434391,0.18467756
0.18184544,0.17704302
0.17243761,0.16651018
0.16842027,0.15991254
0.17045906,0.16184649
0.17897226,0.17416054
0.21003006,0.19049619
0.24843854,0.21447752
0.21277593,0.20034298
0.1919501,0.18563946
0.13646312,0.16344622
0.12250176,0.15440871
0.10454827,0.1377448
0.09715915,0.13860373
0.10854895,0.15354724
0.14096667,0.17493428
0.18285416,0.20355047
0.2344618,0.23725304
0.27940106,0.26045167
0.28465655,0.2815214
0.27752635,0.2712294
0.2678203,0.25663126
0.24734865,0.23435336
0.22353299,0.20942953
0.1998062,0.1873517
0.18305197,0.18141893
0.17397355,0.17138708
0.16937771,0.16708452
0.17282341,0.17095661
0.18727054,0.18320376
0.2026059,0.2016789
0.24339882,0.22796588
0.25808647,0.21406007
0.21425503,0.19451654
0.17477162,0.15404992
0.16990066,0.1346526
0.15035228,0.11146377
0.15157162,0.106432
0.14903894,0.12506238
0.16908292,0.14998274
0.1970975,0.17807212
0.26042005,0.22300632
0.28072852,0.2532206
0.2924947,0.27803886
0.2739593,0.2654897
0.26358593,0.25076956
0.2416984,0.23001468
0.17322202,0.20666263
0.17415127,0.17936781
0.16618538,0.17123973
0.15573978,0.16295333
0.15145926,0.1544345
0.15997544,0.15600559
0.16683264,0.17333469
0.19165231,0.1898682
0.23766781,0.21905115
0.22206542,0.20567457
0.17516597,0.17980064
0.15184976,0.13048922
0.095603995,0.09646087
0.11364165,0.06958133
0.076405525,0.06538216
0.11185323,0.08108452
0.151129,0.11543537
0.18870479,0.15649864
0.21867868,0.2109963
0.26357138,0.24671464
0.25981084,0.28099236
0.24899738,0.27232522
0.23067388,0.25735465
0.23258366,0.23902011
0.1727653,0.21245499
0.17602685,0.16806403
0.1602352,0.16832176
0.14929913,0.15775299
0.1436352,0.1541301
0.15092607,0.1595347
0.15974303,0.17307013
0.16834123,0.19631132
0.20946953,0.21889874
0.21059103,0.19555202
0.16747607,0.16077223
0.13775253,0.10909444
0.11687074,0.0874892
0.10727919,0.06845395
0.10912059,0.07572626
0.13211125,0.10929243
0.16346514,0.14012988
0.18550177,0.17247812
0.20816858,0.21894914
0.25171292,0.24075238
0.24587253,0.26359305
0.23796432,0.25633073
0.19073118,0.24050334
0.21020095,0.2175099
0.18949817,0.19181123
0.16597816,0.14132269
0.14766109,0.13621895
0.13395266,0.12675744
0.12475118,0.11763189
0.12137727,0.12096761
0.12248681,0.13202871
0.12868991,0.15378046
0.14585601,0.1747647
0.15598117,0.17680126
0.1576833,0.1798127
0.14532793,0.16742307
0.1000866,0.16442949
0.09649564,0.15233783
0.09118975,0.14815967
0.08409926,0.15549603
0.1146226,0.16999595
0.16015019,0.19252384
0.20706971,0.22324806
0.2505692,0.24293825
0.24485655,0.26135948
0.24082427,0.25701177
0.23650572,0.24626365
0.22532526,0.22236222
0.16229749,0.19946021
0.19155662,0.17584287
0.17765935,0.1720841
0.16953109,0.16430265
0.1644559,0.15761758
0.16918375,0.15896456
0.17123578,0.17232467
0.18573974,0.19064935
0.20419823,0.21058565
0.18693174,0.20348422
0.16123495,0.18371029
0.12516817,0.14859362
0.0969639,0.13124996
0.08200365,0.11119023
0.07921719,0.11037917
0.09440644,0.11881955
0.1239296,0.14287002
0.16403508,0.16997421
0.21557692,0.21044688
0.25572383,0.24222006
0.2573307,0.26587623
0.2533578,0.25919643
0.23843001,0.24599482
0.2278917,0.22412533
0.16552956,0.1983237
0.181349,0.16957946
0.16446061,0.1675731
0.15675618,0.15817943
0.15415087,0.15188605
0.16169167,0.15685031
0.1762251,0.16922426
0.20304169,0.18917005
0.23746616,0.2139769
0.24959849,0.20336875
0.19861975,0.18324633
0.1577226,0.14419483
0.12772904,0.123912625
0.10813794,0.10330595
0.09744027,0.09700124
0.13363948,0.11426672
0.16502243,0.13676459
0.21061623,0.1647748
0.24979545,0.20780201
0.3001218,0.24065076
0.30074814,0.26284954
0.29515257,0.2570366
0.26149628,0.2411189
0.26759386,0.22404799
0.2009888,0.20264202
0.20848131,0.19519746
0.1871381,0.19515353
0.17726585,0.18100235
0.17370652,0.17628491
0.17809811,0.17690732
0.18980323,0.18686086
0.20789771,0.20480382
0.2461763,0.22861932
0.24634036,0.22613862
0.23291305,0.22902484
0.23294467,0.21009721
0.23779128,0.21267246
0.24389227,0.2027242
0.25326508,0.20418735
0.25838128,0.21946113
0.2557546,0.22314051
0.26484627,0.22957878
0.28848162,0.25661808
0.3066197,0.27112904
0.3008938,0.27920145
0.2845647,0.26817307
0.26640484,0.25400093
0.25672188,0.2282137
0.17508906,0.20511535
0.18931104,0.16618723
0.166217,0.15790835
0.15068851,0.14623874
0.14210525,0.13607317
0.14237955,0.13476813
0.14771321,0.14504975
0.16421409,0.16423382
0.19022448,0.19644345
0.19514158,0.20515925
0.21756445,0.209046
0.2103475,0.19515835
0.20751062,0.19449687
0.21024881,0.18817812
0.19529626,0.18328579
0.19579655,0.19408683
0.2006107,0.20717748
0.19841725,0.22529078
0.24902214,0.25853032
0.27573878,0.27300176
0.26696068,0.28376088
0.2571457,0.2797775
0.19954345,0.26297206
0.2304718,0.24115005
0.20642117,0.21189064
0.18140453,0.17074013
0.16179292,0.16330704
0.15026769,0.15078226
0.14299178,0.1458379
0.1399148,0.1459191
0.1406018,0.15342796
0.15050352,0.17659773
0.1608752,0.20625868
0.16916537,0.21561189
0.16355614,0.21124762
0.13482337,0.19665769
0.11295978,0.18908799
0.11069199,0.17832835
0.12394925,0.16819152
0.12923208,0.17731163
0.13557361,0.1936686
0.18995917,0.20640853
0.18768753,0.24431717
0.2139064,0.2700661
0.21231836,0.2818268
0.21597254,0.27176985
0.20402648,0.26058012
0.18009803,0.23659655
0.19831257,0.21463189
0.18033728,0.17093328
0.16474003,0.16613688
0.15628408,0.15566656
0.15429357,0.1490596
0.15634432,0.15174055
0.16363518,0.16309868
0.19432598,0.18006627
0.20479979,0.20115449
0.18285373,0.19892448
0.18753116,0.18155296
0.15174039,0.15048799
0.12681176,0.12987976
0.09501312,0.10830791
0.09744027,0.104573615
0.13773075,0.11296095
0.15948582,0.13534905
0.19480108,0.1662936
0.23278745,0.20959403
0.26781902,0.24682447
0.2686265,0.27139693
0.2629549,0.2679208
0.2595109,0.2568748
0.2462532,0.23528951
0.23757938,0.21353841
0.1693149,0.20745885
0.20211671,0.19981182
0.19425677,0.18937176
0.1871351,0.18321964
0.18699369,0.18758461
0.19296566,0.1963419
0.20174117,0.21225294
0.22701116,0.23999198
0.22844711,0.23349804
0.19807032,0.21732049
0.17633063,0.18210636
0.16354418,0.15843372
0.1465712,0.13257526
0.11795764,0.12375968
0.12186603,0.1373538
0.15870269,0.15995216
0.2052612,0.18999414
0.2519842,0.2371003
0.29475138,0.27737868
0.29658082,0.29985276
0.29310012,0.28796288
0.2894989,0.2762646
0.27932757,0.25690004
0.24365857,0.23685986
0.21779686,0.20836706
0.21528256,0.20793536
0.20071964,0.1923281
0.19117081,0.18548447
0.18679759,0.18423751
0.1873342,0.19676256
0.19044793,0.2136837
0.20126651,0.23622568
0.20732905,0.23199579
0.2019689,0.22732325
0.18089484,0.19740655
0.17223895,0.19090167
0.19280843,0.17889617
0.21415593,0.18277603
0.22314848,0.19854455
0.2279639,0.21002792
0.23723288,0.2212018
0.26473093,0.24921425
0.28193334,0.2705594
0.27909902,0.2823515
0.26458907,0.26877302
0.252464,0.25959218
0.23296732,0.23424539
0.20303315,0.21510264
0.17518178,0.18417534
0.17666483,0.17499538
0.17814788,0.16301027
0.17963094,0.15827441
0.18111399,0.1579376
0.18259704,0.16642311
0.1840801,0.1846024
0.18556315,0.21667393
0.1870462,0.21496029
0.18852925,0.19760205
0.1900123,0.16441977
0.19149537,0.14702807
0.19297843,0.13450725
0.19446148,0.13466725
0.19594453,0.15509437
0.19742759,0.17629643
0.19891064,0.2085373
0.20039369,0.24607424
0.20187674,0.27812025
0.2033598,0.2914321
0.20484285,0.2838221
0.2063259,0.27212477
0.20780896,0.25268602
0.20929201,0.23020636
0.21077506,0.19691108
0.21225812,0.19125932
0.20873253,0.17960241
0.1829426,0.1708639
0.20029154,0.17226914
0.20423497,0.18115747
0.20430718,0.19444636
0.26041153,0.22112814
0.27874696,0.22060573
0.25220296,0.21779145
0.20549148,0.20203452
0.194003,0.19402033
0.17032063,0.17567629
0.17357577,0.16986004
0.19153227,0.174216
0.22182104,0.18277831
0.25940922,0.2030077
0.31182307,0.23733297
0.3480637,0.26803854
0.3795714,0.28334466
0.36104286,0.27442652
0.35058016,0.26684213
0.3434995,0.24621537
0.2960361,0.22832969
0.27308646,0.26274765
0.25093448,0.25049976
0.23324801,0.23792526
0.22285838,0.23102185
0.22126734,0.23096898
0.23398243,0.23750722
0.26523122,0.24989487
0.29648298,0.2800324
0.3055405,0.28602356
0.25094473,0.28691232
0.219954,0.26272476
0.19028942,0.24794088
0.15235859,0.22980903
0.15236543,0.2213327
0.15946744,0.23606324
0.20283662,0.2505901
0.24792072,0.2728085
0.3075498,0.3162687
0.355493,0.35032618
0.3562082,0.36335275
0.34962186,0.34590852
0.33909166,0.33123484
0.31302148,0.30607024
0.27905458,0.2822102
