true,forecasted
0.109851845,0.108234115
0.072878845,0.07707811
0.0547596,0.061372343
0.049018193,0.048624866
0.052288033,0.04966272
0.06704188,0.07045695
0.11562111,0.112545446
0.16882741,0.15264219
0.20990135,0.18942933
0.21880029,0.2153303
0.23772925,0.23829058
0.2541345,0.24971323
0.26948,0.26186314
0.2816397,0.2706498
0.2896055,0.27464104
0.29069522,0.27963823
0.293815,0.28386796
0.29927674,0.28736943
0.28478408,0.27714577
0.26166135,0.26629972
0.24675025,0.24852522
0.22780812,0.22806849
0.17717782,0.18060772
0.12900251,0.13559999
0.079648264,0.08495231
0.05686827,0.055434674
0.0455981,0.042122807
0.03543167,0.03699272
0.041658875,0.041828495
0.062636346,0.07035302
0.11580538,0.1220614
0.15957037,0.1721085
0.18166114,0.2061247
0.20627408,0.23170729
0.22555244,0.24969162
0.24746664,0.2655023
0.25830093,0.2754077
0.2674332,0.28284463
0.2771545,0.28941387
0.29661748,0.29126242
0.30261716,0.297099
0.30382603,0.30405262
0.2789806,0.29881987
0.25557467,0.28398415
0.24510618,0.27054012
0.23386335,0.2446215
0.1830488,0.19554423
0.14285912,0.14860392
0.103294045,0.09397621
0.07531178,0.06495569
0.054903015,0.05106109
0.045997065,0.044484504
0.050533544,0.04780009
0.06563303,0.07574656
0.11226341,0.12625892
0.16249782,0.1703097
0.19090863,0.20580183
0.21495901,0.22569914
0.23855454,0.24339257
0.25285798,0.25411138
0.2691612,0.26267323
0.27671623,0.26495802
0.28444374,0.2713803
0.30137447,0.27513066
0.2940413,0.27978456
0.295283,0.2845622
0.2726276,0.28008878
0.24368057,0.25994626
0.2228002,0.2441145
0.201373,0.22010808
0.1581885,0.1760431
0.11842036,0.13192649
0.08228444,0.07961184
0.054141153,0.05614421
0.03379598,0.035180528
0.026213758,0.028292714
0.023823386,0.02626435
0.026155982,0.036026746
0.04035822,0.0678297
0.07557143,0.10361315
0.1143261,0.13497168
0.15026835,0.16618969
0.17915334,0.19004838
0.20004636,0.21497133
0.22395658,0.23352134
0.24088764,0.24511153
0.2636673,0.26150185
0.28195697,0.27658314
0.30420464,0.29311556
0.3147651,0.30891785
0.30662408,0.30627674
0.28570578,0.2898089
0.2684212,0.27702248
0.2541313,0.24984214
0.21422364,0.20487186
0.16886382,0.16600066
0.12579557,0.13053143
0.09788015,0.10296851
0.07524255,0.0815904
0.05879455,0.06608759
0.058592334,0.061764892
0.053436894,0.06544128
0.059328727,0.08452311
0.0926948,0.11882084
0.14396662,0.17116971
0.2019034,0.2282283
0.25537655,0.2742077
0.30615145,0.32155347
0.34896004,0.3631873
0.3896451,0.3976874
0.42313987,0.42807382
0.4463024,0.45141158
0.4605975,0.46701708
0.4584965,0.4766435
0.4472631,0.45094338
0.4220965,0.41454715
0.39955136,0.3848849
0.3832191,0.35116383
0.3351537,0.30161133
0.27557233,0.24816023
0.2303484,0.22465599
0.192432,0.18902074
0.17335124,0.16776522
0.15570857,0.15057741
0.159569,0.151807
0.18513012,0.1723766
0.23112753,0.22313687
0.29335687,0.27329573
0.3165201,0.31892172
0.3373292,0.3636243
0.377591,0.38739052
0.4221999,0.4069339
0.44850373,0.41694504
0.45837855,0.42141196
0.46749082,0.41548795
0.42943272,0.40715554
0.4216951,0.3915477
0.4033186,0.381075
0.3791202,0.36210975
0.3562939,0.3394398
0.34521893,0.31659725
0.32047778,0.2907276
0.26834667,0.23881589
0.20601527,0.19377407
0.15105073,0.15490857
0.11220905,0.11531973
0.090663396,0.09487225
0.071973056,0.082406364
0.077306435,0.08378242
0.098741844,0.10785647
0.14621443,0.15790583
0.2025516,0.21130043
0.24476004,0.25655934
0.26058513,0.28432444
0.2823397,0.31330234
0.30163208,0.33740178
0.31798178,0.36013436
0.3232832,0.37797213
0.35183775,0.39831364
0.3554476,0.41666225
0.37636745,0.43371877
0.39347115,0.4364916
0.37351862,0.4196763
0.3357407,0.38192666
0.3120344,0.35605955
0.279423,0.32842568
0.23603648,0.2708611
0.17732705,0.21797624
0.12455971,0.1355129
0.10317576,0.102161914
0.08039286,0.08854829
0.0740342,0.07752784
0.07927955,0.082568556
0.10176109,0.10652798
0.15010647,0.15677299
0.21478003,0.20024946
0.25146365,0.23310159
0.2806633,0.24928972
0.3040163,0.26557344
0.30622736,0.27941382
0.3022541,0.2855102
0.29003558,0.28980893
0.29691404,0.29709566
0.29356387,0.3043492
0.31254616,0.3160346
0.327018,0.32964465
0.31590918,0.32457194
0.28514543,0.30013308
0.26443428,0.2823566
0.24838218,0.25778657
0.19847307,0.21175975
0.15018733,0.16574219
0.10443607,0.096712254
0.07561194,0.06980872
0.05328442,0.054491643
0.048499916,0.046209067
0.055497874,0.051108565
0.079770654,0.079255685
0.12877022,0.1292802
0.17731747,0.17841741
0.21256487,0.21666326
0.23187247,0.2384364
0.25297096,0.26475614
0.27691025,0.2835281
0.30222318,0.298313
0.31756812,0.31480742
0.34628898,0.3312565
0.34945574,0.3485162
0.37519857,0.36005375
0.37902516,0.37468657
0.35836598,0.3608161
0.3263209,0.33448875
0.30695093,0.31417757
0.28447127,0.2850026
0.24096799,0.23788798
0.18738887,0.18681675
0.1855984,0.1313274
0.18380792,0.10092346
0.18201746,0.08879852
0.180227,0.076511666
0.17843652,0.08035834
0.17664605,0.104651265
0.17485557,0.15504725
0.17306511,0.19674823
0.17127463,0.2273068
0.16948417,0.23796685
0.1676937,0.25536862
0.16590323,0.263416
0.16411276,0.2654031
0.16232228,0.26603234
0.16053182,0.26889265
0.15874135,0.27679676
0.15695088,0.28196165
0.15516041,0.29767323
0.15336993,0.28953356
0.15157947,0.26686138
0.149789,0.25265124
0.14799853,0.23117927
0.14620806,0.18656898
0.14441758,0.14358976
0.14262712,0.099015266
0.14083664,0.07539256
0.13904618,0.056726184
0.13725571,0.045670614
0.13546523,0.04251234
0.13367477,0.05050687
0.13188429,0.070469394
0.13009383,0.09910001
0.12830336,0.1343852
0.12651289,0.17673588
0.12472242,0.2090563
0.12293195,0.23608083
0.12114148,0.25940856
0.11935101,0.27906376
0.117560536,0.29541796
0.115770064,0.31194544
0.1139796,0.32213172
0.11218913,0.33722326
0.11039866,0.3273616
0.108608186,0.31177416
0.106817715,0.29637814
0.10502724,0.2675436
0.10323678,0.2261391
0.10144631,0.1839137
0.09965584,0.07624571
0.071982965,0.057637967
0.048368122,0.045530286
0.038157247,0.038601857
0.032433618,0.039719652
0.038301345,0.052742586
0.038328696,0.079178154
0.068336725,0.10804798
0.10976073,0.14300548
0.15215549,0.18521778
0.18614103,0.21937472
0.21342827,0.25292414
0.24059346,0.2789908
0.26679644,0.29973948
0.29377702,0.3226475
0.326585,0.33724537
0.34033528,0.35203412
0.36293954,0.37608907
0.34206685,0.37100732
0.32190734,0.35146582
0.31002536,0.3334305
0.2952599,0.30122185
0.26424146,0.25723496
0.21224266,0.21329747
0.16590133,0.13964082
0.12772751,0.106110945
0.10674491,0.08903821
0.09156594,0.07807251
0.09133945,0.07914521
0.116117515,0.10302809
0.14519684,0.15189068
0.20173162,0.20460588
0.2511493,0.25672257
0.30004168,0.3003683
0.35144237,0.33878955
0.39018473,0.37579948
0.4294869,0.41173527
0.46380392,0.43979263
0.49058175,0.46572468
0.520038,0.48264137
0.5330545,0.4914847
0.5355371,0.4894228
0.5092118,0.4550663
0.45491335,0.40709525
0.41354695,0.37398064
0.37952754,0.34174
0.32665405,0.27996832
0.2598901,0.22447866
0.2001385,0.19501784
0.16889493,0.15739399
0.14919658,0.13838315
0.13285576,0.12208242
0.13553159,0.12551767
0.16154759,0.14956123
0.19408889,0.2006267
0.24897361,0.2509271
0.2710068,0.29054514
0.2953801,0.31875172
0.32297978,0.3442609
0.34800348,0.36909595
0.36341423,0.3905459
0.3883094,0.40748125
0.41464812,0.42232993
0.4422075,0.43804938
0.4431182,0.44692013
0.4442276,0.44282416
0.41137418,0.41387662
0.38313943,0.37809414
0.3547512,0.3475403
0.33597332,0.31521887
0.27607164,0.2583032
0.21513712,0.20377722
0.16877614,0.14964098
0.13158348,0.1161543
0.10337951,0.10143483
0.09433237,0.09302
0.09877996,0.09915145
0.119147524,0.13610527
0.14739287,0.20295508
0.19814213,0.2642281
0.22798076,0.28728887
0.25101647,0.29608968
0.25878808,0.3025867
0.27110183,0.3069198
0.27432758,0.3056448
0.28096622,0.3021235
0.28050485,0.30253524
0.27711195,0.2957813
0.27475986,0.29776797
0.2571348,0.29797456
0.24725826,0.28448454
0.23000431,0.26044083
0.22244704,0.23634888
0.20331073,0.2022999
0.17010021,0.15509084
0.11944632,0.1090785
0.09084801,0.086815774
0.06941841,0.05816733
0.05556813,0.04637799
0.04935203,0.03999613
0.056538876,0.043918315
0.08100413,0.06947606
0.120184086,0.11894071
0.1679218,0.16144001
0.19300772,0.19791372
0.21543986,0.21324782
0.23085214,0.22823186
0.2335837,0.23630777
0.24277188,0.23823237
0.23866855,0.23385191
0.24694067,0.23726548
0.2338102,0.24150953
0.24700254,0.24701966
0.2434758,0.26085243
0.23641065,0.26682857
0.22331044,0.24398994
0.22106895,0.2324783
0.21753211,0.20814644
0.17536642,0.17275065
0.1354328,0.1316731
0.10015343,0.10025736
0.07353251,0.07453548
0.061043046,0.061390568
0.053725094,0.052690834
0.060933135,0.055082735
0.08481686,0.073561765
0.12427031,0.11042632
0.18192302,0.13933158
0.21482004,0.17329074
0.23987246,0.19726226
0.25712743,0.21850915
0.27050543,0.22843125
0.27669656,0.23529062
0.28120568,0.23830223
0.28814897,0.24095033
0.28017855,0.24983805
0.28311864,0.25436574
0.28600678,0.27401707
0.2783697,0.2814097
0.2606477,0.26661456
0.2581628,0.25753516
0.24561507,0.23306508
0.21481952,0.19751035
0.17906667,0.15776742
0.14841096,0.14914964
0.11844139,0.12392527
0.10420941,0.10581432
0.09155414,0.092505455
0.09337615,0.090123594
0.099322684,0.09966739
0.11389773,0.122348234
0.14824498,0.1458095
0.18901686,0.18650086
0.24158096,0.22962835
0.27617452,0.26656282
0.31095612,0.29189497
0.3231285,0.31873065
0.32066923,0.33708924
0.33607197,0.35336703
0.3716819,0.37228858
0.38865247,0.38432714
0.40146706,0.40658185
0.40127268,0.41023818
0.37918857,0.39075664
0.35949415,0.37074476
0.34659463,0.3435468
0.3028334,0.29835868
0.25681975,0.2533662
0.20932887,0.21190266
0.1765057,0.17537408
0.14499018,0.15278268
0.13156776,0.13637084
0.11902855,0.12918513
0.114227295,0.13390207
0.12508363,0.15696882
0.17332424,0.19801182
0.2378137,0.25600848
0.30510172,0.31800166
0.3700151,0.36148164
0.41913944,0.39913812
0.4519621,0.42714497
0.48032933,0.44656086
0.4818464,0.4545004
0.4734307,0.45312646
0.43587378,0.4419116
0.39563435,0.43249086
0.37776467,0.40376398
0.36501506,0.37264818
0.3479375,0.35101223
0.33812797,0.32089835
0.30549282,0.2722859
0.25057802,0.22692499
0.21506293,0.2214905
0.17813148,0.18328898
0.15766408,0.16227153
0.14550367,0.14598244
0.15244164,0.14169724
0.17315535,0.15557757
0.21925634,0.1909176
0.28778163,0.23781347
0.3338934,0.29477945
0.3671034,0.35049117
0.40775374,0.39670372
0.46507585,0.43856984
0.5244759,0.4729061
0.57303643,0.49948382
0.59317875,0.522378
0.6113007,0.53399485
0.6025453,0.53523374
0.6025335,0.5347296
0.5784702,0.5035613
0.5272426,0.45336074
0.47390231,0.42341793
0.43134773,0.38920018
0.3596328,0.3320612
0.27017912,0.27892348
0.22616525,0.23585278
0.1826748,0.193191
0.16782744,0.17088959
0.15521406,0.15806074
0.15212215,0.15751417
0.18679264,0.18082449
0.22405623,0.23004678
0.27513027,0.28382367
0.3173324,0.32619599
0.33688065,0.35724866
0.35254097,0.38165084
0.3767413,0.40566233
0.40935507,0.41836482
0.4459067,0.4248189
0.47724974,0.43194762
0.49546507,0.43222758
0.45185974,0.43058053
0.41681302,0.41800496
0.3956617,0.38699916
0.3656118,0.35036677
0.34944242,0.32739684
0.32606605,0.29399675
0.2831185,0.24346451
0.23048823,0.19433263
0.17825404,0.17314933
0.15058339,0.13436589
0.1323715,0.1149319
0.11742039,0.10219493
0.12361033,0.10199253
0.14867146,0.12284931
0.1996638,0.16241631
0.25738162,0.21022055
0.30567762,0.26104212
0.34413537,0.29379493
0.36721757,0.33284512
0.39839533,0.36372402
0.42360792,0.39105952
0.44232234,0.41523966
0.47017607,0.44276774
0.47113296,0.46677485
0.47030598,0.48478517
0.47631797,0.49528387
0.4640916,0.47461084
0.43333042,0.42946914
0.3959964,0.4016114
0.37296256,0.36867562
0.3130019,0.31822902
0.26079592,0.2621301
0.20331004,0.19484854
0.1590391,0.15615486
0.1310705,0.13542242
0.11501292,0.11955035
0.111662574,0.11881913
0.12974575,0.13944462
0.17461789,0.18336059
0.22747718,0.22834754
0.2742843,0.2777077
0.30622426,0.3119521
0.3528314,0.3507703
0.39413252,0.38004318
0.4362401,0.4123746
0.4636381,0.43995857
0.5004598,0.46882442
0.5252719,0.4989956
0.5383159,0.51673126
0.54603124,0.5259596
0.52515036,0.50248635
0.47595644,0.4502104
0.43860757,0.41696027
0.40728468,0.3845327
0.34242,0.32652172
0.28357452,0.2705631
0.22372359,0.21811715
0.18601283,0.17692097
0.16037461,0.15411359
0.13980757,0.13809013
0.14450763,0.13676356
0.1602724,0.15591651
0.19519655,0.19951044
0.25020725,0.24918726
0.3050255,0.3074201
0.35361874,0.35348654
0.40380734,0.4000557
0.45346174,0.43832266
0.48858556,0.47883803
0.52325535,0.5119021
0.55306304,0.54011786
0.5643209,0.5683383
0.56177175,0.5806902
0.558873,0.580612
0.5248628,0.54814535
0.47467852,0.49279678
0.43495482,0.4562949
0.39227083,0.4185721
0.33633178,0.35771462
0.27707535,0.2995456
0.22948141,0.24133559
0.18875533,0.20062603
0.16207406,0.17546308
0.14439754,0.1577249
0.13750215,0.15023337
0.13899203,0.1565851
0.14675578,0.17555445
0.18472551,0.21266204
0.23178,0.26633576
0.28076467,0.32092196
0.30961052,0.36825332
0.35417137,0.40522406
0.39259085,0.44094598
0.42571077,0.46802247
0.46843013,0.48948437
0.48192725,0.5084232
0.49524918,0.51467115
0.46232188,0.5147035
0.43158105,0.49029663
0.3933356,0.45023793
0.3717267,0.42311126
0.35391378,0.38866392
0.3160249,0.33796647
0.2789873,0.28651357
0.24449867,0.24657679
0.21130337,0.21096967
0.19226927,0.19138257
0.17351414,0.17499138
0.16996244,0.17301293
0.1650981,0.1874015
0.17900872,0.21090077
0.20359893,0.24985611
0.2554251,0.30704328
0.32304883,0.36482966
0.38424897,0.41930416
0.4494586,0.4621953
0.49608555,0.50178033
0.53755844,0.5348452
0.56801504,0.5636757
0.57239187,0.5833132
0.5845321,0.5963762
0.60444874,0.6111062
0.60452,0.5972276
0.57206947,0.5574614
0.54162025,0.52568156
0.5144106,0.48814094
0.45745158,0.43436107
0.40431485,0.373906
0.34890294,0.33959144
0.30482566,0.29678053
0.27458072,0.27410203
0.2554919,0.25429866
0.24124233,0.2535857
0.2590575,0.27919114
0.2910364,0.3306758
0.3595738,0.3880453
0.42008388,0.44592786
0.44710276,0.4969458
0.49823952,0.5505514
0.55286133,0.59467375
0.59534484,0.6345187
0.63673055,0.66649127
0.66236055,0.69165885
0.6965244,0.71271795
0.7156559,0.7199168
0.7238046,0.7237636
0.69939405,0.68824023
0.6311061,0.6284746
0.5892521,0.58467764
0.5458188,0.5403374
0.46769306,0.46830806
0.3977813,0.40000185
0.3332768,0.34802908
0.2942442,0.30284375
0.26504263,0.27673116
0.2457701,0.26035628
0.23736225,0.26084498
0.2366033,0.28989238
0.24881567,0.3415881
0.27602598,0.40495473
0.31366888,0.4627831
0.3720643,0.5193956
0.43764278,0.5728091
0.5005285,0.62429917
0.551485,0.6676743
0.6013231,0.70028484
0.6325592,0.7260202
0.6378023,0.7458957
0.6405397,0.7531501
0.63615996,0.7424994
0.603214,0.6983064
0.56560296,0.63897556
0.5238641,0.5938795
0.49578094,0.5436231
0.45261133,0.46997228
0.4024935,0.40188906
0.34396905,0.36465362
0.3005666,0.31883138
0.27036765,0.2922302
0.2500835,0.27537873
0.24428825,0.2707446
0.26744464,0.2908141
0.31300327,0.3297048
0.39139873,0.39031017
0.4672064,0.4593158
0.53432107,0.53044397
0.6041805,0.5907015
0.66320205,0.64247227
0.7180157,0.6828618
0.7515373,0.7128701
0.78336203,0.7392783
0.7953753,0.74608254
0.7979185,0.741855
0.79919004,0.73363304
0.7635909,0.6927506
0.71865433,0.6330198
0.662126,0.5933286
0.63079256,0.5537639
0.55004346,0.4860615
0.4868355,0.42290348
0.4148339,0.40812773
0.36411455,0.35476273
0.32811916,0.32675952
0.3066224,0.3050224
0.30051175,0.2989204
0.31580678,0.3220448
0.35790905,0.3689692
0.4299069,0.43240547
0.50868714,0.5011635
0.59337395,0.5622723
0.6579967,0.62608004
0.7201712,0.67664623
0.749176,0.7205575
0.7919837,0.7547207
0.80898046,0.7822385
0.83674854,0.79786426
0.85102856,0.8003458
0.8499207,0.7909335
0.8281997,0.7441357
0.76181555,0.6726456
0.7100839,0.62928236
0.66339576,0.58567715
0.572278,0.50991553
0.50159603,0.44268212
0.4301021,0.43443123
0.3851493,0.38166136
0.35405925,0.35002738
0.33522224,0.33033937
0.3424718,0.32507792
0.3529897,0.34963584
0.3875229,0.39608815
0.4349256,0.45661357
0.48770833,0.5217921
0.54420686,0.58131516
0.60198003,0.63742584
0.6659042,0.6786761
0.71004033,0.7113026
0.75395775,0.731754
0.7602108,0.7478359
0.7175258,0.7526647
0.6539149,0.7455555
0.6483376,0.72927517
0.65161175,0.6917762
0.62023723,0.6352716
0.5808742,0.60043454
0.5510703,0.5588025
0.48646802,0.49217585
0.44049674,0.43120062
0.38833812,0.39514282
0.33751535,0.3481058
0.30947393,0.3173027
0.28549892,0.29945987
0.2741737,0.2880669
0.2717165,0.29759905
0.28888193,0.31676495
0.33151788,0.36210552
0.39894813,0.42617956
0.4738529,0.49641988
0.5446855,0.55060256
0.5954445,0.58805376
0.62704253,0.6095569
0.6547055,0.62095344
0.6431352,0.62492096
0.6244852,0.6131448
0.6089293,0.591701
0.5640621,0.5803311
0.5057342,0.55387396
0.46401057,0.51958144
0.4424302,0.49867848
0.4260277,0.46468186
0.3874065,0.41716525
0.34629565,0.36858466
0.3021818,0.3184388
0.2672968,0.27680588
0.24436688,0.25120908
0.22254704,0.23757152
0.21693349,0.2289928
0.21447407,0.24140581
0.22555262,0.25993067
0.260039,0.29713973
0.3036298,0.3468188
0.36757874,0.40824342
0.41368932,0.45324102
0.4495962,0.4857734
0.46174756,0.5074039
0.48314413,0.5175775
0.50062,0.5269862
0.53281957,0.5220255
0.5173606,0.5060952
0.47800753,0.49461207
0.42311338,0.46308288
0.3850312,0.42681
0.36631298,0.4055612
0.3630876,0.37072963
0.3280152,0.32625774
0.2788124,0.28358114
0.24286914,0.2423611
0.20639083,0.20568867
0.18554994,0.182946
0.1751695,0.165588
0.17630707,0.16227703
0.20437942,0.17709422
0.24214146,0.19519265
0.30466312,0.22725332
0.35170528,0.2713119
0.36434567,0.31302798
0.3913558,0.35863596
0.41829315,0.3904896
0.44782615,0.42655182
0.50692546,0.45594275
0.55163217,0.49105147
0.584795,0.5253798
0.6207755,0.5461502
0.6440799,0.5644905
0.63015956,0.54829407
0.5879342,0.50486284
0.5338324,0.47399965
0.47821262,0.43815392
0.41304404,0.39043766
0.33981135,0.33331707
0.2876599,0.29586524
0.2314089,0.25277668
0.19969286,0.22850066
0.1784354,0.20848574
0.17593682,0.20333627
0.20350184,0.21764848
0.22971132,0.24234937
0.302424,0.28818634
0.3552052,0.3491805
0.4079363,0.4123869
0.4631159,0.4732015
0.5081834,0.5212872
0.554676,0.5698363
0.59227276,0.6097913
0.6241705,0.64473987
0.6610281,0.6708304
0.70137453,0.68429416
0.709907,0.6919034
0.6949528,0.6641163
0.6374615,0.61125904
0.5871416,0.5752327
0.5391738,0.53778887
0.46577993,0.47409603
0.39465234,0.41095746
0.33016714,0.3365439
0.27475235,0.2917269
0.24858029,0.26462975
0.224701,0.2462251
0.21648975,0.24335192
0.2286486,0.2664886
0.28272274,0.30945495
0.3424648,0.37344855
0.40571,0.44255254
0.48202708,0.51075053
0.5508089,0.57870305
0.6114224,0.63927287
0.6683389,0.6963749
0.6991149,0.7421937
0.7269704,0.7779644
0.7529539,0.8061023
0.77089566,0.82068634
0.7707039,0.8231294
0.74782884,0.78601474
0.6944566,0.7243358
0.6431535,0.67586744
0.58759785,0.6241833
0.50808376,0.5442994
0.4420579,0.46687025
0.3715561,0.38635075
0.32563356,0.3374135
0.2919111,0.30806088
0.28169525,0.289819
0.2677272,0.2849568
0.2846769,0.31025726
0.3343821,0.35293427
0.40741664,0.42096135
0.45929325,0.49455705
0.5243136,0.5710689
0.59775996,0.64876
0.65864426,0.71447325
0.7185083,0.7748263
0.76496094,0.81942403
0.79612315,0.8562623
0.8195048,0.88379735
0.8214817,0.90099037
0.82660806,0.90872616
0.80306983,0.8779708
0.75927866,0.81248593
0.7070187,0.7587025
0.68249685,0.70217556
0.6191127,0.61938244
0.5604383,0.53705215
0.4937868,0.47309124
0.4414846,0.42205775
0.40692383,0.39179897
0.37904567,0.3722906
0.3729966,0.36806235
0.38727865,0.39491922
0.40798894,0.43965012
0.47671556,0.49201632
0.5347715,0.5510326
0.58232427,0.60924256
0.6305873,0.6598362
0.6902276,0.69888717
0.74325013,0.73162395
0.7792107,0.74700785
0.7864767,0.76612425
0.79764223,0.7696864
0.7881522,0.7691376
0.76099026,0.7651368
0.71093243,0.7408119
0.6693691,0.685322
0.634686,0.64810646
0.60660356,0.60628814
0.5403104,0.5370258
0.4753775,0.46997404
0.415985,0.41941804
0.37555173,0.3666206
0.3272144,0.33490914
0.3008904,0.31632096
0.285048,0.30533573
0.28135526,0.31951985
0.29758617,0.34615785
0.3470136,0.39435008
0.42459676,0.46148553
0.50578773,0.52878916
0.582227,0.5905732
0.6536356,0.6362688
0.70216376,0.6749764
0.7174145,0.698488
0.7351486,0.7231308
0.7320689,0.7304254
0.7273765,0.7281577
0.7014901,0.7202378
0.6615153,0.6884791
0.6233773,0.62967503
0.58201027,0.59659743
0.5554958,0.55587876
0.51426053,0.49488667
0.46573293,0.43622902
0.43084687,0.398938
0.39489558,0.35127646
0.3732048,0.32248786
0.35260457,0.29922312
0.32197347,0.28864688
0.30736184,0.30056927
0.30428192,0.32031772
0.3239324,0.35848188
0.35167843,0.40333554
0.39012492,0.45021868
0.42303887,0.48261574
0.43391484,0.5011825
0.44610482,0.5097749
0.46591547,0.5107699
0.46437055,0.5176587
0.4606886,0.51182455
0.46640915,0.5096591
0.48341507,0.5227632
0.49494728,0.5177433
0.4941514,0.48979485
0.47906646,0.47321552
0.4618911,0.44914508
0.41749883,0.40185037
0.3611466,0.34688643
0.3073745,0.3322093
0.27613539,0.28928438
0.24321717,0.26515716
0.23119026,0.247691
0.23228818,0.24468248
0.25279146,0.26559606
0.28592387,0.29787973
0.34696743,0.34577924
0.4031511,0.4091381
0.46052468,0.46951574
0.51747,0.5315028
0.5830261,0.5781977
0.6294926,0.62360954
0.67582315,0.6604676
0.7297691,0.6942107
0.73428833,0.71875685
0.7469251,0.7260008
0.74494976,0.7306321
0.7176815,0.6939756
0.66827494,0.63465345
0.62574226,0.59282064
0.5815508,0.55206805
0.51057345,0.48952374
0.43423894,0.42563385
0.37308648,0.38474303
0.32665217,0.33841658
0.28878433,0.31161913
0.2652893,0.291193
0.26260406,0.28809986
0.28500253,0.31093636
0.3228085,0.34650046
0.38929927,0.3971788
0.4450257,0.45703048
0.5024787,0.51806647
0.5654021,0.5786209
0.617352,0.6258091
0.6635966,0.67212296
0.70489395,0.7070614
0.7335352,0.73838574
0.7797512,0.7601415
0.7734342,0.7680148
0.77759606,0.7651587
0.73739237,0.72816974
0.6814196,0.6700705
0.63181764,0.6294796
0.57133406,0.5860668
0.49066877,0.5170832
0.41501665,0.4510172
0.352609,0.37285614
0.3083485,0.32431602
0.28106844,0.29599068
0.25868535,0.27206057
0.26047215,0.26733515
0.28392255,0.28615075
0.31673753,0.3180304
0.3595562,0.35952213
0.39903805,0.40029755
0.4155397,0.437617
0.4368028,0.47061718
0.45226622,0.49745387
0.48616922,0.5260526
0.50634533,0.54319435
0.54090023,0.56861913
0.5940859,0.587966
0.61470675,0.60547376
0.6284807,0.6108157
0.6077013,0.59131545
0.57230806,0.54764664
0.54229337,0.518127
0.5166622,0.48280284
0.45589262,0.4230115
0.38918817,0.35761502
0.32718977,0.34210157
0.2911513,0.29765022
0.25555006,0.2765924
0.24091397,0.26150268
0.24132678,0.26188818
0.2550309,0.2888861
0.30118576,0.33436334
0.36855054,0.39060396
0.43671137,0.4503533
0.4886958,0.50266
0.5450448,0.5514989
0.5958674,0.5924159
0.62645334,0.6211382
0.6568041,0.6403636
0.6561985,0.65861034
0.6579536,0.65887815
0.68063587,0.65302014
0.6868969,0.6475299
0.6840893,0.61249703
0.60808605,0.56409264
0.5719717,0.5306851
0.52791286,0.48815787
0.4722145,0.43082783
0.39630118,0.36924654
