true,forecasted
0.12474819,0.11264127
0.08558912,0.08380114
0.06061235,0.063806996
0.04635461,0.057494104
0.049339414,0.06301613
0.07383125,0.07394709
0.117402695,0.098042734
0.15498608,0.1207045
0.17415959,0.13335189
0.18474919,0.15851809
0.19525528,0.17555572
0.21254672,0.21484716
0.23188795,0.26573732
0.2534762,0.30200362
0.28153026,0.33242518
0.3106645,0.37150905
0.3405231,0.39955533
0.36111933,0.41168454
0.35520396,0.40116677
0.3331354,0.39500716
0.31973055,0.3942746
0.29253814,0.35750064
0.22688706,0.29351303
0.15879102,0.23113401
0.10675495,0.07103319
0.06958175,0.040316537
0.048550878,0.024055764
0.03768236,0.013404414
0.040245205,0.013588909
0.067617334,0.024346238
0.1097642,0.044215024
0.14954132,0.07881628
0.16577548,0.12378446
0.1721984,0.15672545
0.1796221,0.1880982
0.19173963,0.21382424
0.20604122,0.24183734
0.22887062,0.26332742
0.26168197,0.29722556
0.28523853,0.32165232
0.30407798,0.33617234
0.31150907,0.34837982
0.29926836,0.3567178
0.28484914,0.34359878
0.2814246,0.33573306
0.26219875,0.31832907
0.20615263,0.27622706
0.14242744,0.22374852
0.09388464,0.094217576
0.062104292,0.06468518
0.038670678,0.043382138
0.026543453,0.037866436
0.0320272,0.04392442
0.056677528,0.06831075
0.0994233,0.11119322
0.13816848,0.14483517
0.16009125,0.16533321
0.1677768,0.1865223
0.17902829,0.20056342
0.19991635,0.22445634
0.2267498,0.25044426
0.23778027,0.27466807
0.23624796,0.29495615
0.24946016,0.31954095
0.26262668,0.3425322
0.27219638,0.35586295
0.26926926,0.35531077
0.25402826,0.34132233
0.24298371,0.33218277
0.2252936,0.2970866
0.18418166,0.24011818
0.12947202,0.18016884
0.0843964,0.13707125
0.05276093,0.10614368
0.033267215,0.08962914
0.019725569,0.07142028
0.018312067,0.067488715
0.021825403,0.07178824
0.030297179,0.08153591
0.057316106,0.09681508
0.089065544,0.14077586
0.1183511,0.19263764
0.14520347,0.24743943
0.17030388,0.2885687
0.1942845,0.3260203
0.22392763,0.3557666
0.26383117,0.3920112
0.3054795,0.41466877
0.35170493,0.43979484
0.38153425,0.45143086
0.38921148,0.4372733
0.36829942,0.40917072
0.33964092,0.38003808
0.31719792,0.34826574
0.26631144,0.28938365
0.20882784,0.22750656
0.1540093,0.15550312
0.11489844,0.113947526
0.08810629,0.08409448
0.0673398,0.063339174
0.05939933,0.05438435
0.05519966,0.047055565
0.055625536,0.048529036
0.08548946,0.06780334
0.13492692,0.11873976
0.1873328,0.17782246
0.24166664,0.22601737
0.29346186,0.26958925
0.3442842,0.3057239
0.39280602,0.34295195
0.44543752,0.38480937
0.46984586,0.42553803
0.50041735,0.4621785
0.5261997,0.4889865
0.51263475,0.4994534
0.4880179,0.47419417
0.46776494,0.45153534
0.44461763,0.41542497
0.38096026,0.34428993
0.30676287,0.27300444
0.24510753,0.27472326
0.20348944,0.22796685
0.17383753,0.19925608
0.16213918,0.17903787
0.16753341,0.18648821
0.19571806,0.2093774
0.24238159,0.25249246
0.29709816,0.28578836
0.3471299,0.32364488
0.37859488,0.37494946
0.40798473,0.4265951
0.41857457,0.46772933
0.41950682,0.49655178
0.4301151,0.50825787
0.44063205,0.50887483
0.43609485,0.5012306
0.43384692,0.49809423
0.43143147,0.4889173
0.43265674,0.46965477
0.38585317,0.4565486
0.35369885,0.43634695
0.32852808,0.38623223
0.2592181,0.3169559
0.1885885,0.24454395
0.13042757,0.11442403
0.09223191,0.07501453
0.06878122,0.04736965
0.057687763,0.03487827
0.062562004,0.042066492
0.08392023,0.06712015
0.1255411,0.117124654
0.17156605,0.15172864
0.19730413,0.18054841
0.20303933,0.19984336
0.2246375,0.21635838
0.2387702,0.22874692
0.25532526,0.23866753
0.28817075,0.25330114
0.31563056,0.27286455
0.35360312,0.2977356
0.38840336,0.33648095
0.40918505,0.36686534
0.4088051,0.3734776
0.37915155,0.35185966
0.36511576,0.32727736
0.3473952,0.28171733
0.28010523,0.21964303
0.20518716,0.14933378
0.14683267,0.11270157
0.106593,0.07280421
0.08200173,0.053154543
0.06935012,0.04116471
0.07283139,0.04509474
0.09624263,0.06325207
0.14056224,0.10285067
0.18564315,0.13968027
0.21476561,0.1810159
0.23571758,0.21811527
0.25657797,0.25141904
0.2490712,0.28554237
0.22553793,0.31080732
0.24723552,0.33775556
0.285514,0.37209117
0.30430385,0.3980043
0.3335615,0.42717466
0.36563253,0.44511363
0.36917356,0.45475283
0.35174736,0.42555577
0.3250535,0.39857483
0.30319673,0.36183602
0.23926713,0.30265015
0.1663197,0.23798598
0.115832314,0.13328561
0.07791949,0.0976427
0.0557951,0.075534895
0.04290818,0.06227185
0.048447754,0.064586416
0.070541695,0.077422
0.102438316,0.10368919
0.14610988,0.14862806
0.174041,0.20275332
0.1924352,0.23915887
0.21106033,0.2700876
0.23490736,0.29161716
0.26825392,0.3073893
0.30000222,0.3254619
0.33666304,0.35415253
0.37356517,0.38373584
0.40637952,0.42158183
0.43033242,0.46173424
0.4179752,0.48266008
0.38317776,0.45131108
0.35400084,0.425798
0.32653484,0.3960862
0.2597104,0.3418236
0.18960959,0.27660945
0.18867248,0.15405819
0.18773538,0.119140536
0.18679827,0.09895001
0.18586116,0.08669609
0.18492405,0.08720825
0.18398695,0.09944151
0.18304984,0.12674469
0.18211274,0.15472764
0.18117563,0.19337277
0.18023853,0.22748338
0.17930143,0.26558712
0.17836432,0.30473363
0.17742722,0.34706435
0.17649011,0.37377605
0.17555301,0.39969733
0.1746159,0.4201021
0.1736788,0.43578878
0.1727417,0.44737345
0.17180459,0.44440404
0.17086749,0.42277658
0.16993038,0.41534734
0.16899328,0.39432532
0.16805618,0.34263906
0.16711907,0.28428385
0.16618197,0.09520804
0.16524486,0.06320725
0.16430776,0.042330123
0.16337065,0.031384207
0.16243355,0.03326358
0.16149645,0.04517375
0.16055934,0.067806505
0.15962224,0.09755319
0.15868513,0.14138266
0.15774803,0.18896979
0.15681092,0.23129468
0.15587382,0.2691781
0.15493672,0.3053656
0.15399961,0.33593005
0.15306251,0.36959615
0.15212539,0.40379092
0.15118828,0.44019756
0.15025118,0.46854794
0.14931408,0.47626653
0.14837697,0.4506575
0.14743987,0.42654443
0.14650276,0.38805506
0.14556566,0.32180065
0.14462855,0.25312468
0.14369145,0.09729191
0.09807208,0.06785961
0.06835927,0.04537847
0.048092477,0.0362826
0.04066577,0.03868199
0.03221476,0.047507495
0.033802208,0.07855632
0.05757841,0.10704914
0.09975228,0.13945113
0.14358926,0.18388186
0.18571374,0.21591341
0.22624964,0.25175518
0.26315498,0.29149696
0.29845652,0.3311652
0.33806846,0.36331013
0.3801159,0.40670985
0.42264366,0.45385954
0.44476226,0.48538607
0.44562486,0.47588125
0.41824812,0.43997154
0.38193265,0.40847427
0.35283926,0.35089433
0.29016608,0.27070203
0.21806623,0.19166839
0.15707622,0.18238875
0.11465136,0.13836816
0.08333126,0.10990058
0.072647065,0.091338605
0.074208446,0.09487564
0.086866505,0.117835045
0.11296817,0.16267395
0.15271206,0.20023987
0.20271058,0.22953631
0.25472313,0.2527768
0.31159514,0.2740976
0.36657286,0.3036822
0.4226282,0.33644095
0.46621647,0.3821511
0.49829075,0.43391126
0.541302,0.4806151
0.58652645,0.5182051
0.60275644,0.5313485
0.58483195,0.5131581
0.5433735,0.48603842
0.51125586,0.45550483
0.4815998,0.4019517
0.41062763,0.31793353
0.33291253,0.2375219
0.26579952,0.20668736
0.22059402,0.16547175
0.18702851,0.13932927
0.16819713,0.1284785
0.17347832,0.14183481
0.20163691,0.18384929
0.24066979,0.2566362
0.2847084,0.30938062
0.31262153,0.3406257
0.33965635,0.37376177
0.35375792,0.40277576
0.37202224,0.43529212
0.40782923,0.46879548
0.42386636,0.488757
0.4220976,0.49304155
0.4278773,0.49435923
0.43117934,0.50383073
0.4240913,0.5031336
0.4112579,0.48631737
0.39132884,0.4779158
0.38195643,0.45605415
0.3637145,0.40206724
0.30662817,0.31799263
0.23775004,0.23552532
0.18498935,0.20523426
0.14443523,0.15865809
0.114999026,0.12989013
0.099980205,0.11057247
0.10348178,0.111702286
0.1284417,0.1294517
0.1626068,0.15675731
0.20090859,0.17912424
0.22649072,0.19521837
0.24206737,0.21347159
0.25049484,0.24460992
0.25805214,0.26952583
0.25471458,0.29562986
0.25432655,0.3088921
0.24749598,0.31727046
0.24916187,0.31553993
0.25525928,0.32258376
0.2654537,0.3316338
0.2573222,0.33471587
0.24596943,0.32867357
0.2416002,0.32181907
0.22090177,0.28950873
0.17412314,0.23949257
0.124452434,0.18636976
0.086864665,0.13143742
0.05939287,0.10233995
0.047700517,0.087302014
0.040013123,0.07492557
0.05229722,0.084518924
0.080156125,0.113911286
0.12305623,0.15882468
0.16575263,0.1802564
0.18948086,0.20118129
0.20806907,0.21209823
0.2179818,0.23324095
0.22686999,0.23893547
0.22865008,0.22686745
0.23371233,0.21953535
0.23201598,0.22096068
0.23178644,0.20902008
0.23757656,0.21125376
0.2513219,0.21042073
0.24819316,0.21482003
0.24515045,0.21965413
0.24612331,0.20957427
0.2333958,0.18174937
0.19082744,0.14635035
0.14503759,0.10543175
0.10488859,0.11942322
0.077885576,0.08815826
0.061441027,0.07319435
0.05777497,0.06663382
0.06323611,0.07235338
0.08889528,0.09274426
0.13228956,0.13229401
0.17844461,0.17999262
0.2185168,0.21998186
0.24250339,0.24164405
0.26214337,0.25464588
0.26982823,0.27032125
0.28699142,0.28120932
0.2999946,0.2921521
0.31763417,0.30839607
0.329112,0.32279995
0.3333691,0.34944347
0.33324727,0.37836784
0.3217342,0.4120349
0.31127816,0.4301502
0.30961272,0.42890328
0.30567443,0.4122341
0.26942474,0.36210173
0.22038777,0.30138597
0.18060581,0.14539325
0.14501268,0.111376196
0.12200678,0.09230898
0.10962579,0.07873927
0.10441796,0.07958275
0.113182954,0.09035414
0.12271157,0.11075807
0.15573978,0.15421453
0.2014978,0.21217297
0.2424042,0.26395792
0.28761706,0.31189504
0.33100396,0.36098468
0.37284562,0.41158697
0.3895338,0.45461023
0.40386233,0.49804536
0.4160108,0.5359069
0.43619707,0.5728934
0.45320567,0.59569585
0.46847504,0.59303206
0.454493,0.56157166
0.42969063,0.53560656
0.41024905,0.502244
0.35998568,0.43685055
0.303256,0.36039174
0.24407147,0.23110166
0.19086759,0.18605076
0.15742135,0.15568314
0.12810281,0.13905405
0.11399433,0.14040999
0.10550271,0.1567315
0.107862085,0.19313455
0.14967304,0.2520979
0.20193544,0.3137602
0.26752284,0.3655709
0.34286726,0.41466248
0.39979625,0.46880645
0.44702798,0.5198492
0.485091,0.56894594
0.5019995,0.61447203
0.53497833,0.6498023
0.5589232,0.6827483
0.5947691,0.700273
0.58734614,0.68511724
0.5776205,0.64402837
0.5381477,0.61399555
0.5062028,0.57083297
0.43805027,0.48999837
0.3591261,0.4046059
0.2984284,0.31485948
0.24827528,0.26411426
0.21522032,0.22621115
0.19965519,0.20161253
0.20178433,0.19710335
0.22559445,0.21170753
0.26445198,0.23993379
0.32168734,0.2785683
0.3682385,0.34501886
0.43205047,0.41603744
0.4894743,0.48200068
0.5598792,0.53173596
0.61332184,0.567694
0.6285732,0.5978778
0.63008547,0.6239308
0.64154476,0.63564235
0.686302,0.6483067
0.7253063,0.6496068
0.6903358,0.6253871
0.61742485,0.57762015
0.5651064,0.53925836
0.51594025,0.49252072
0.43850154,0.41740546
0.36018616,0.34120136
0.28982487,0.25460967
0.23689207,0.20169818
0.19943003,0.16790035
0.17463206,0.14781515
0.17130028,0.14617828
0.19136268,0.15575616
0.2333739,0.19835997
0.27606267,0.26363143
0.3078061,0.31932816
0.35051888,0.3740776
0.39486432,0.40161172
0.45608804,0.42918396
0.51654816,0.45461094
0.548768,0.47807336
0.5796592,0.494684
0.54138416,0.5171598
0.47591096,0.54013395
0.45508704,0.55056924
0.4706113,0.54397166
0.47230282,0.5225341
0.44756296,0.49075598
0.4152769,0.43559775
0.34526747,0.35681817
0.27257425,0.27543482
0.21236055,0.22296524
0.17179099,0.17504635
0.14251488,0.14503892
0.12908398,0.12788858
0.12851852,0.13012199
0.14995012,0.15136112
0.18687601,0.19505297
0.24439721,0.25064185
0.2842816,0.30840206
0.31846377,0.35486424
0.3534617,0.39458802
0.3802972,0.42919016
0.39319798,0.46358708
0.40459412,0.48902917
0.4257798,0.5125273
0.45820978,0.535023
0.4710065,0.5633808
0.48178276,0.5875738
0.47177866,0.5849896
0.44589016,0.55281717
0.4273361,0.5206877
0.3984522,0.47338018
0.33146396,0.3995944
0.2543268,0.31859794
0.18931106,0.17228425
0.14021526,0.13039656
0.11184535,0.09888624
0.09686806,0.083627015
0.09970429,0.08124164
0.12055429,0.09127223
0.15551277,0.115836106
0.19927476,0.15675974
0.23151721,0.21040298
0.2586785,0.26407838
0.29164118,0.30564678
0.3294119,0.34700882
0.374075,0.38543317
0.417562,0.41230798
0.45951325,0.43657082
0.5032321,0.46182093
0.54613936,0.48829708
0.56773174,0.50461894
0.5554507,0.49919668
0.5202827,0.46862078
0.4723494,0.4454838
0.43750882,0.40674564
0.3609424,0.342956
0.28181404,0.27818495
0.21506067,0.20600623
0.17114595,0.16156471
0.1391695,0.13413699
0.12317528,0.118997976
0.124711506,0.1209497
0.14419161,0.14409573
0.17914087,0.18889433
0.22835293,0.23600325
0.27715182,0.27842396
0.3255721,0.31044003
0.3755367,0.33754098
0.4269093,0.37023598
0.47656408,0.3972694
0.5210327,0.42382407
0.54397124,0.4498711
0.5600231,0.46960643
0.5608809,0.4851545
0.5137839,0.4881661
0.4466418,0.4823695
0.40744305,0.45302272
0.39054656,0.4282511
0.37355617,0.39257213
0.32609487,0.33095297
0.2715693,0.2658071
0.22355251,0.20627216
0.18378393,0.16178447
0.15987277,0.13331293
0.14183454,0.11537807
0.13465607,0.11268597
0.13836482,0.12498917
0.14491832,0.15209346
0.17433976,0.19713268
0.22018199,0.25145748
0.2734689,0.30154645
0.31929985,0.33822402
0.36337537,0.36527073
0.41310513,0.39338794
0.43244842,0.41144025
0.44392022,0.4260514
0.47254804,0.44477645
0.4918466,0.46368346
0.5100087,0.47638977
0.49634248,0.4726331
0.4755257,0.44653472
0.45372868,0.42066336
0.42651203,0.38633493
0.3788512,0.3275806
0.3207152,0.26242176
0.2717089,0.25027794
0.23001374,0.2007811
0.20367053,0.16791092
0.18599728,0.14680901
0.17843585,0.14180687
0.17576341,0.14702599
0.17687008,0.15986978
0.20636211,0.1917305
0.25734872,0.24131502
0.31375173,0.30479872
0.3707527,0.36488736
0.4481575,0.43564114
0.5078888,0.49862102
0.5629076,0.5566851
0.5839971,0.6105248
0.5772922,0.6565021
0.6108649,0.6998276
0.65709585,0.7212046
0.6438183,0.7135943
0.601492,0.66548735
0.56359786,0.63372326
0.5264673,0.5896738
0.46185303,0.51142013
0.38978338,0.4303588
0.32270497,0.3419499
0.2748787,0.28774068
0.24860658,0.24882732
0.23470065,0.22373566
0.2390092,0.22222115
0.24838625,0.2345065
0.27731514,0.2690828
0.33486056,0.32497743
0.3808117,0.40682137
0.42352676,0.49387735
0.4663602,0.5728
0.5154458,0.64544845
0.564657,0.7008987
0.6153686,0.73876405
0.6760153,0.77122533
0.70562893,0.7933526
0.74675936,0.7957944
0.76736367,0.79560167
0.74521667,0.77262557
0.6715038,0.7189687
0.5999428,0.6729791
0.55716866,0.6246468
0.48813,0.5329082
0.4132486,0.44136262
0.34956056,0.35030726
0.29259098,0.2961391
0.25200477,0.25489992
0.22552063,0.226843
0.21264847,0.21980114
0.21150628,0.23144914
0.21812806,0.2598446
0.25986704,0.2962072
0.32485417,0.35750207
0.40221122,0.4158908
0.47954473,0.4748414
0.5471392,0.5190966
0.5821039,0.5446494
0.60991275,0.56881166
0.6283748,0.59188694
0.66570854,0.607574
0.69516486,0.6232251
0.6730587,0.6388481
0.6512824,0.62901455
0.62006634,0.59260505
0.5754994,0.5649824
0.5355119,0.52396315
0.4880825,0.45235702
0.42444104,0.3785284
0.3555168,0.34861764
0.29411337,0.295642
0.25409794,0.25231457
0.23028712,0.22719511
0.2307446,0.22202353
0.25274786,0.22700453
0.29993415,0.24553698
0.36507055,0.29118058
0.4328233,0.36101282
0.50655395,0.44398415
0.5828597,0.5154953
0.64655465,0.58263874
0.7013732,0.63759303
0.73063457,0.6740123
0.7354184,0.70537096
0.7223363,0.7240975
0.7016021,0.72996426
0.7390833,0.7236591
0.7595953,0.6966255
0.7377002,0.6477156
0.6869542,0.6144707
0.64675194,0.56209505
0.5560461,0.479303
0.46353573,0.4058915
0.38874364,0.37897256
0.32664764,0.31709996
0.28527293,0.2792517
0.26434863,0.25630006
0.26190713,0.2635182
0.2820422,0.2895747
0.3194401,0.34048882
0.3997711,0.41364524
0.48230183,0.47510096
0.5548292,0.5419545
0.62820774,0.60134584
0.68236005,0.6578986
0.7190084,0.70709157
0.721138,0.7450445
0.7249139,0.7585337
0.69132876,0.7721261
0.7257204,0.79358125
0.7769968,0.80369526
0.78305125,0.77040046
0.74691206,0.7192565
0.69471776,0.6756667
0.64481753,0.61367804
0.5654889,0.52526844
0.47138485,0.43482795
0.39221427,0.39943716
0.33238745,0.3463001
0.29180428,0.30506086
0.2683838,0.2859364
0.261547,0.2886453
0.27952087,0.3114129
0.3163757,0.35597113
0.38752,0.42045674
0.46493793,0.4865
0.5414144,0.5484229
0.6220887,0.5934586
0.6867362,0.629121
0.67963433,0.6597693
0.6381053,0.67260325
0.6143411,0.6683589
0.6596732,0.66887
0.7095721,0.67981994
0.7474256,0.6973485
0.732622,0.6781378
0.67051107,0.62499774
0.62311065,0.5878583
0.5889982,0.53804445
0.52511287,0.45969877
0.4524363,0.38114282
0.39096066,0.36817542
0.33956385,0.3114616
0.30003288,0.26744747
0.27175134,0.24294624
0.25706705,0.23320873
0.25390115,0.23522797
0.25948316,0.25334468
0.2969964,0.30335233
0.36139917,0.37044173
0.4419865,0.44214818
0.51643604,0.48793468
0.5883935,0.53668284
0.63914204,0.582404
0.66321725,0.60948706
0.6843886,0.61809
0.7112073,0.62664485
0.72333425,0.6360897
0.7165962,0.63631666
0.68662065,0.6283059
0.64649236,0.59423345
0.6092668,0.57099545
0.57505906,0.52613664
0.5043706,0.44763553
0.42930996,0.3689487
0.36325377,0.3443199
0.30739847,0.29628643
0.27049956,0.2586019
0.24510777,0.23322758
0.23450063,0.22519298
0.22954704,0.22296326
0.23074529,0.230699
0.26029247,0.26431674
0.31776083,0.3247194
0.3860629,0.39779076
0.45167127,0.45752636
0.504456,0.51387334
0.55085075,0.5624093
0.58916014,0.5862278
0.60220623,0.6042216
0.5365134,0.60750747
0.4732757,0.6044377
0.4531413,0.59413105
0.44114858,0.5729581
0.43054214,0.55323404
0.41407937,0.53967184
0.39853707,0.50129724
0.339284,0.43416736
0.27449992,0.36518165
0.21600331,0.2235783
0.1776127,0.18259734
0.14892189,0.15584359
0.13662188,0.1418003
0.1410038,0.14731431
0.16639559,0.17550798
0.21170214,0.22249052
0.26553074,0.27029845
0.29868606,0.33404693
0.32020372,0.4036034
0.34706762,0.4788674
0.38860637,0.5525439
0.44883227,0.61109364
0.5032591,0.6635282
0.5508062,0.7061843
0.5978956,0.7409877
0.6446371,0.76992667
0.6756536,0.77784073
0.67041254,0.74862593
0.640607,0.6787174
0.5825093,0.6294709
0.52550274,0.5723345
0.43688017,0.48860306
0.3406207,0.40163055
0.26708406,0.2863372
0.21314724,0.23661834
0.17904004,0.20029594
0.16025527,0.18025848
0.15924296,0.18071835
0.17736746,0.19819762
0.22127458,0.23126724
0.2866689,0.27148098
0.34336233,0.32823372
0.39792505,0.3946784
0.4476285,0.47474453
0.49655148,0.5559988
0.5468379,0.6256
0.59180117,0.68493897
0.63313717,0.7317156
0.6716521,0.7690129
0.70922536,0.7976369
0.73955643,0.8101875
0.7343645,0.7803786
0.6957395,0.72430354
0.6298753,0.6923225
0.5715298,0.63642573
0.4816568,0.54908645
0.38478482,0.45772073
0.30779642,0.3282018
0.25038782,0.2754957
0.21434966,0.23343916
0.19375457,0.2104302
0.18934242,0.2030388
0.20806284,0.20567106
0.24390097,0.22377367
0.3106075,0.27141464
0.37004584,0.34609976
0.43770906,0.43631715
0.50690347,0.5125942
0.56443805,0.58251786
0.61394036,0.64251894
0.6566526,0.6885188
0.702177,0.71753323
0.73518515,0.74602497
0.76962453,0.7755934
0.79639935,0.79260445
0.7890045,0.7755333
0.7493598,0.71920735
0.6993276,0.6786058
0.6468652,0.6179481
0.5511142,0.52891845
0.45503074,0.44034845
0.3737241,0.3688638
0.3123057,0.31411532
0.2695276,0.2723692
0.24404216,0.24870941
0.2420669,0.24491058
0.26390755,0.25433624
0.30281606,0.288263
0.37451497,0.34852833
0.43238637,0.42617536
0.49089402,0.51172835
0.5591753,0.5836116
0.6356827,0.65287495
0.700351,0.7064104
0.75971246,0.7516022
0.79527885,0.7858284
0.82932353,0.81678885
0.8712171,0.84558356
0.89487195,0.8601151
0.87532884,0.8429632
0.839099,0.7889493
0.79866856,0.7459117
0.7604272,0.6845078
0.67855626,0.59169984
0.5984765,0.49920514
0.51690966,0.40465772
0.4506871,0.34628344
0.39309072,0.31063902
0.34949875,0.28245485
0.3293683,0.27434346
0.3348465,0.28536865
0.355233,0.30782482
0.40225598,0.3507714
0.45368114,0.4242548
0.5162863,0.50609326
0.56570065,0.5924274
0.63724774,0.662092
0.6903289,0.72921133
0.7447534,0.7774557
0.782529,0.82186675
0.8167935,0.84417486
0.8251767,0.8458832
0.79457706,0.82708484
0.7199245,0.77842057
0.63429385,0.7099145
0.59422725,0.66664624
0.5554908,0.6083373
0.48232606,0.52602184
0.40682083,0.43965974
0.33835405,0.31818333
0.2829417,0.26771358
0.24620406,0.23294868
0.22319193,0.2091862
0.21145806,0.20513402
0.21127234,0.21503957
0.21901742,0.23406175
0.2712858,0.28441617
0.3539397,0.36388624
0.44339398,0.4348165
0.5354231,0.5052572
0.60802126,0.5657449
0.64759123,0.61323285
0.68116343,0.6547788
0.70839965,0.6982141
0.746258,0.7269541
0.77998734,0.7571157
0.80050904,0.77652115
0.77896255,0.7643719
0.7343788,0.7002439
0.71215755,0.65373456
0.6864755,0.60490847
0.62055546,0.53291684
0.5327592,0.4531289
0.43963727,0.3898063
0.37332892,0.33059862
0.32631496,0.28614104
0.2938561,0.2574846
0.27427545,0.24069811
0.26951033,0.22481282
0.26987875,0.21752866
0.2928849,0.25604564
0.33620462,0.32947445
0.3827055,0.42034847
0.42781872,0.4813979
0.4670057,0.5449538
0.47279397,0.60743177
0.49048546,0.6518494
0.5183411,0.67913777
0.5340449,0.71465194
0.5820225,0.75039816
0.646195,0.77208084
0.6719075,0.75729984
0.6498186,0.6932455
0.62077487,0.65117234
0.58253837,0.5969384
0.5173955,0.5126848
0.45512232,0.42407885
0.388431,0.32224762
0.33584705,0.27249074
0.2977093,0.23868985
0.27505797,0.217989
0.2756285,0.21755631
0.3015267,0.23386428
0.33752608,0.26119253
0.3748933,0.30206463
0.41885164,0.36256993
0.45683783,0.4305599
0.51184666,0.5042948
0.57352185,0.5710468
0.63000214,0.62784755
0.68027335,0.672132
0.72066,0.708282
0.75035,0.7360743
0.77294797,0.7619418
0.7858836,0.7722929
0.7669521,0.7476957
0.7210873,0.68932277
0.67606145,0.6525693
0.6275058,0.60083526
0.53434366,0.522047
0.43826714,0.44134465
0.36717984,0.33829114
0.31103408,0.27929303
0.27639166,0.24043365
0.25256076,0.2155278
0.25089443,0.21413346
0.26946026,0.22979279
0.2997399,0.26693246
0.36093456,0.3362284
0.41654715,0.420429
0.47084293,0.48966667
0.52203625,0.55662173
0.5728699,0.6156324
0.6201995,0.6603416
0.66487277,0.69775426
0.70034707,0.7345424
0.7381588,0.7629577
0.7680659,0.78745043
0.785544,0.80837053
0.7639828,0.8002608
0.7148929,0.7306077
0.6623468,0.68734705
0.60587347,0.6441704
0.5143094,0.56649274
0.42073253,0.4804218
0.34796134,0.3185822
0.295878,0.2682626
0.26394168,0.2346663
0.2502976,0.21429053
0.24527295,0.21259917
0.27089268,0.23259495
0.31634134,0.26058862
0.358437,0.29219177
0.3812853,0.33906204
0.3986515,0.39291167
0.42939672,0.45277956
0.4679428,0.51868266
0.52342486,0.57280946
0.591015,0.61383545
0.64582795,0.65017724
0.69040644,0.6800485
0.7323325,0.7037261
0.7487415,0.71859765
0.7217067,0.7050961
0.68031514,0.662861
0.6403052,0.6339427
0.59957623,0.59507746
0.51626736,0.5232287
0.42539635,0.44767007
0.34649548,0.30978423
0.29006872,0.26534054
0.25298664,0.23466279
0.22863623,0.22165671
0.22557437,0.23216762
0.24710424,0.2628204
0.28434667,0.31625447
0.34448445,0.35988292
0.4028913,0.3956046
0.46282148,0.45289075
0.52746624,0.51343846
0.58994913,0.58962494
0.6401719,0.6621369
0.6832086,0.7123325
0.71577007,0.7424013
0.71948,0.7726158
0.7346596,0.79210395
0.7555606,0.7891708
0.7456393,0.75049764
0.7031397,0.7010977
0.65579194,0.66904396
0.60787106,0.607669
0.5293919,0.5152087
0.44549567,0.4293087
