true,forecasted
0.2074246,0.17591922
0.17354989,0.1343716
0.14849187,0.11370915
0.13271461,0.09646959
0.13549884,0.109562516
0.1638051,0.13372187
0.20974478,0.19410273
0.2612529,0.24114238
0.29048723,0.26832533
0.31554523,0.288525
0.34106728,0.31060004
0.35591647,0.3278121
0.38886312,0.34819943
0.41067284,0.3724303
0.43201855,0.3878134
0.43155453,0.39285165
0.4487239,0.40512258
0.45522043,0.40662217
0.43433875,0.39299497
0.39721578,0.37710378
0.36426914,0.34602582
0.3438515,0.308517
0.2825986,0.24913487
0.2199536,0.18472815
0.17354989,0.15821405
0.13967517,0.121404
0.11647332,0.10479743
0.10533643,0.09129792
0.10951276,0.10525109
0.14199536,0.13537207
0.19535963,0.20144978
0.24733178,0.25726253
0.2812065,0.28350002
0.30812064,0.3024491
0.3299304,0.32725114
0.34570765,0.3456886
0.36334106,0.371403
0.38700697,0.39767474
0.40185615,0.4170866
0.40696055,0.42168978
0.41995358,0.4298346
0.43526682,0.43464226
0.425058,0.42004934
0.41160092,0.40319407
0.37679815,0.36877465
0.3610209,0.3232751
0.3025522,0.26166576
0.23990719,0.19616872
0.1837587,0.16896088
0.14988399,0.12974608
0.122969836,0.10734335
0.11136891,0.0932985
0.11461717,0.102732405
0.13921113,0.13048123
0.18329467,0.18669435
0.2361949,0.24219342
0.2723898,0.27419537
0.3062645,0.30071735
0.34106728,0.3335023
0.36287704,0.34918025
0.38654292,0.37685323
0.4148492,0.40092596
0.4287703,0.41898936
0.44037122,0.42440072
0.46264502,0.4304302
0.4737819,0.43310666
0.46264502,0.4150184
0.43712297,0.39307025
0.3911833,0.35844308
0.35034803,0.3212482
0.28677493,0.26008677
0.21763341,0.19761497
0.15962876,0.15434304
0.11090487,0.11236776
0.08399072,0.08665806
0.06914153,0.07123916
0.05986079,0.06928588
0.06914153,0.0851659
0.0774942,0.1109132
0.10394432,0.15270737
0.15081206,0.19283445
0.19767982,0.2430456
0.2412993,0.28727177
0.27563804,0.32445538
0.31322506,0.3718134
0.34802786,0.41299963
0.38700697,0.4468395
0.41670534,0.47860125
0.4598608,0.4984732
0.47703016,0.5144364
0.47471,0.502393
0.45290023,0.46794727
0.40417632,0.4286433
0.35638052,0.3902965
0.2974478,0.32673648
0.22320186,0.26401606
0.15962876,0.1738254
0.11647332,0.13005653
0.08584687,0.102067016
0.06403712,0.08166778
0.055684455,0.07694155
0.055684455,0.08044994
0.055684455,0.08492856
0.08306264,0.12559076
0.12529002,0.1744672
0.1712297,0.20826101
0.19443156,0.24359167
0.21113689,0.2583152
0.22041763,0.2691147
0.22645012,0.28198844
0.22784223,0.28454435
0.23526682,0.27947167
0.26218098,0.29018852
0.29048723,0.29609185
0.2951276,0.2928373
0.27192575,0.27383918
0.25382832,0.24676968
0.24454756,0.23526627
0.21113689,0.18844646
0.17401393,0.14988253
0.13828306,0.12945232
0.11740139,0.10570573
0.09976798,0.09278728
0.0974478,0.08300939
0.10858469,0.09723218
0.14849187,0.12640063
0.21020882,0.18657543
0.2561485,0.2432164
0.29187936,0.27097958
0.3113689,0.2872197
0.3299304,0.3090499
0.33781904,0.31159553
0.34849188,0.31700838
0.35684454,0.3298991
0.35406032,0.32909635
0.34524363,0.3168712
0.34849188,0.30902615
0.3461717,0.31615266
0.3313225,0.31879285
0.312761,0.3126264
0.29651973,0.3046245
0.28213456,0.26883695
0.23897912,0.23130158
0.18979119,0.18477407
0.14802784,0.14729413
0.11322506,0.12018984
0.09837587,0.10775797
0.09651972,0.100918464
0.10394432,0.112969264
0.14338747,0.15026811
0.2,0.21759564
0.2510441,0.2729915
0.28445476,0.29470402
0.2988399,0.31291217
0.312761,0.32692745
0.32714617,0.32369068
0.3396752,0.32886705
0.3396752,0.3320171
0.33178654,0.325633
0.3150812,0.31075147
0.31044084,0.3084413
0.31925753,0.31142676
0.30719256,0.3018622
0.2974478,0.2920836
0.28955916,0.2844531
0.27470997,0.25598797
0.23109049,0.21043468
0.18932715,0.16592097
0.15962876,0.14424707
0.13689095,0.11603362
0.12111369,0.10175028
0.11136891,0.09221474
0.12575406,0.10991207
0.15684454,0.14444801
0.21577726,0.211319
0.26914153,0.25746286
0.29976797,0.2795341
0.32157773,0.30210322
0.33689097,0.3216045
0.35034803,0.33024988
0.36148492,0.34742826
0.37958238,0.36641005
0.3786543,0.376948
0.37354988,0.3724327
0.38561484,0.37508687
0.39721578,0.38167763
0.40417632,0.37778196
0.38700697,0.36511484
0.362413,0.35129893
0.3475638,0.31568238
0.30348027,0.26447183
0.23387471,0.20803228
0.18143852,0.18488567
0.14709976,0.14898819
0.1262181,0.12853867
0.118329465,0.11770948
0.12529002,0.12777533
0.1638051,0.1576793
0.212529,0.21870035
0.2700696,0.27743
0.31322506,0.30720612
0.34802786,0.33204243
0.37354988,0.35672474
0.39535964,0.3736742
0.43201855,0.39610162
0.47471,0.41962898
0.5058005,0.43704888
0.5211137,0.4421281
0.54292345,0.44883698
0.5517401,0.45371643
0.5368909,0.44330823
0.50348026,0.4219515
0.46914154,0.39385867
0.44315544,0.3544366
0.39303944,0.29453835
0.312297,0.23199528
0.30835742,0.22319281
0.30441782,0.18350455
0.30047825,0.15790159
0.29653865,0.13856052
0.29259908,0.14303923
0.2886595,0.17301705
0.2847199,0.23228225
0.28078035,0.2919563
0.27684075,0.32322577
0.27290118,0.3443044
0.2689616,0.36383465
0.265022,0.36809716
0.26108244,0.37251106
0.25714287,0.37893367
0.25320327,0.3795976
0.24926369,0.3732836
0.24532412,0.36791027
0.24138454,0.36479872
0.23744495,0.35280615
0.23350537,0.33723953
0.2295658,0.3120423
0.22562622,0.28313807
0.22168663,0.23429528
0.21774705,0.18178257
0.21380748,0.14184302
0.2098679,0.114078395
0.20592831,0.09766177
0.20198873,0.085511655
0.19804914,0.09301256
0.19410957,0.10978639
0.19016999,0.14612967
0.1862304,0.20261435
0.18229082,0.23508824
0.17835125,0.25791532
0.17441167,0.2875134
0.17047209,0.29580292
0.1665325,0.31257144
0.16259293,0.33445662
0.15865335,0.34871888
0.15471376,0.34804377
0.15077418,0.34732735
0.1468346,0.36080992
0.14289503,0.36275744
0.13895544,0.34764227
0.13501586,0.3283915
0.13107628,0.29367968
0.1271367,0.24665216
0.12319712,0.195957
0.11925754,0.07465473
0.07981438,0.044875316
0.055684455,0.032981716
0.040835265,0.026239654
0.03387471,0.02724282
0.034338746,0.027924918
0.034338746,0.034453064
0.06542923,0.072526075
0.11229698,0.11149305
0.15962876,0.14650384
0.20046404,0.18133672
0.24733178,0.20607877
0.28306264,0.22979446
0.32296982,0.25772923
0.35591647,0.26963806
0.39675173,0.27738824
0.42784223,0.2941824
0.4524362,0.31644744
0.44825986,0.31894004
0.42969838,0.3184825
0.39303944,0.3088075
0.3726218,0.2799182
0.3262181,0.23777479
0.27192575,0.19424942
0.21716937,0.19992563
0.17401393,0.16943401
0.14895591,0.15001135
0.14060324,0.14190358
0.14617169,0.15315685
0.1837587,0.1875594
0.23480278,0.2530704
0.29280743,0.319907
0.33828306,0.3609807
0.37447795,0.39165366
0.4013921,0.4226965
0.41438514,0.4397364
0.4287703,0.46620148
0.43805104,0.4847956
0.4301624,0.49987626
0.4190255,0.50354624
0.42412993,0.5085262
0.42830625,0.51730293
0.41299304,0.49588838
0.4,0.47094908
0.3935035,0.44749612
0.3786543,0.41210356
0.3336427,0.35670725
0.27795824,0.2897086
0.22830626,0.22688337
0.20092808,0.19300747
0.17819026,0.16866821
0.16751741,0.15739913
0.17679815,0.16212359
0.21299304,0.19512491
0.27424595,0.2575628
0.3359629,0.31776792
0.3911833,0.3493059
0.43480277,0.37539962
0.46682134,0.3946256
0.4900232,0.40450048
0.50348026,0.41220224
0.5090487,0.41837797
0.49837586,0.42198113
0.46542925,0.414405
0.43712297,0.4153025
0.41716936,0.41869122
0.39860788,0.41013196
0.38515082,0.39233974
0.36983758,0.3802203
0.3689095,0.34734532
0.33317864,0.30283794
0.27146173,0.24778712
0.22273782,0.23419218
0.187471,0.19757077
0.16705337,0.17057979
0.1512761,0.1528472
0.1638051,0.16385897
0.19582367,0.19408631
0.24593967,0.25717744
0.31044084,0.3140869
0.3549884,0.35101244
0.40649652,0.39623126
0.45707658,0.43562537
0.499768,0.46812424
0.5387471,0.5058555
0.5758701,0.5423759
0.5986079,0.5675649
0.60417634,0.5740252
0.62691414,0.57629424
0.6408353,0.5906336
0.6222738,0.5814645
0.58793503,0.55224043
0.54199535,0.52050596
0.5048724,0.47439033
0.43851507,0.40953946
0.35916474,0.33653936
0.27470997,0.27916253
0.22737819,0.2348912
0.18886311,0.20500958
0.1698376,0.18187083
0.16798145,0.18540359
0.19721578,0.20877382
0.23990719,0.26852003
0.29791182,0.3295325
0.33039442,0.3651373
0.3512761,0.3963601
0.3689095,0.42324883
0.3786543,0.43624452
0.39675173,0.45140055
0.4074246,0.4685399
0.4051044,0.47688413
0.39443156,0.47448447
0.38561484,0.47195527
0.38700697,0.47199506
0.3684455,0.45437688
0.36287704,0.4254789
0.3573086,0.39375722
0.35591647,0.35994586
0.31925753,0.30487528
0.26450115,0.24172768
0.21531323,0.20761772
0.18468678,0.16731817
0.16194895,0.14213204
0.15220417,0.12786812
0.15684454,0.12698424
0.18979119,0.14146328
0.24361949,0.17486458
0.29976797,0.21855749
0.33410674,0.25121444
0.36055684,0.29078528
0.38143852,0.32370907
0.40464038,0.3322903
0.42459396,0.34912112
0.43341067,0.36188066
0.42598608,0.3717494
0.41809744,0.36726758
0.43897912,0.37492913
0.44454756,0.37255508
0.42320186,0.36340883
0.39814386,0.33879134
0.37587008,0.31747842
0.3684455,0.2909533
0.32482597,0.24729845
0.26032484,0.19567782
0.21067286,0.2115161
0.16798145,0.16246575
0.13828306,0.13476026
0.115081206,0.11189706
0.10858469,0.105982706
0.1187935,0.108693615
0.13457076,0.11667967
0.16844548,0.14665025
0.21763341,0.19209446
0.27053365,0.24201058
0.32296982,0.2831303
0.37958238,0.30868363
0.43062645,0.34218836
0.46821347,0.37087545
0.4965197,0.3925568
0.50765663,0.4109446
0.5290023,0.42808568
0.5475638,0.44072825
0.54617167,0.4363237
0.5331786,0.40862414
0.49048725,0.3768536
0.4440835,0.35215697
0.37958238,0.30796903
0.30812064,0.24939236
0.23897912,0.24912454
0.19071926,0.20304883
0.15684454,0.17326212
0.12714617,0.14771223
0.11276102,0.14835867
0.10858469,0.15561843
0.10487239,0.17565987
0.14060324,0.21495199
0.20464037,0.27329457
0.2510441,0.3326123
0.26450115,0.38705838
0.29559165,0.4297966
0.3689095,0.4806721
0.4301624,0.52227527
0.46450117,0.5563287
0.512761,0.58099556
0.57030165,0.6013925
0.5860789,0.6135218
0.5587007,0.6035105
0.54245937,0.5699437
0.5095128,0.52374697
0.46635732,0.48863885
0.41438514,0.43126988
0.34477958,0.35736322
0.2839907,0.28943247
0.23944315,0.2500908
0.21299304,0.22234559
0.19953597,0.19972418
0.20556845,0.21091083
0.24037123,0.23770154
0.29605567,0.30040607
0.35545245,0.37167126
0.40092808,0.42297757
0.43062645,0.4607005
0.46635732,0.49788862
0.4923434,0.5246467
0.51554525,0.5552264
0.53410673,0.57698876
0.5364269,0.5951562
0.5368909,0.5964746
0.54570764,0.60081136
0.55684453,0.609459
0.52668214,0.5814215
0.48306265,0.5567646
0.44918793,0.51263493
0.4185615,0.47955367
0.36426914,0.41836676
0.29837587,0.3413031
0.24269141,0.2379932
0.21206497,0.20278028
0.18607889,0.17958823
0.1712297,0.16237117
0.18051045,0.17304581
0.212529,0.20478338
0.26821345,0.274889
0.32436195,0.33235323
0.35777262,0.36174795
0.38329467,0.38625616
0.39675173,0.40639699
0.39675173,0.42360154
0.40788862,0.4356693
0.4153132,0.4516277
0.4074246,0.4604038
0.39814386,0.45851135
0.3976798,0.46183
0.39582366,0.4686974
0.39164734,0.4463012
0.37726218,0.4250694
0.35777262,0.4008655
0.36426914,0.35940272
0.3238979,0.30501017
0.26821345,0.24353293
0.21856149,0.20981996
0.1837587,0.17366803
0.15962876,0.15173498
0.14292343,0.13747554
0.15220417,0.15001795
0.18143852,0.18264696
0.23016241,0.25026694
0.28538284,0.30504733
0.33271462,0.33768466
0.3684455,0.37527397
0.40928075,0.4084217
0.44686776,0.43189564
0.4937355,0.46521935
0.54617167,0.49720368
0.57772624,0.52085894
0.6018562,0.53252447
0.60046405,0.537902
0.6097448,0.55180734
0.5986079,0.5310858
0.56937355,0.50170034
0.5285383,0.47165108
0.5020882,0.42648387
0.42737818,0.3647162
0.34106728,0.29473326
0.26821345,0.27254435
0.225058,0.22541279
0.19025522,0.19487086
0.16844548,0.17450522
0.17354989,0.17920476
0.20510441,0.20150357
0.25568447,0.2523662
0.31740138,0.30693358
0.36705336,0.362377
0.4213457,0.42818528
0.47842228,0.48952186
0.5211137,0.53838927
0.5786543,0.5973136
0.63201857,0.6519076
0.6714617,0.68680805
0.7030162,0.7063077
0.72761023,0.7175082
0.7109049,0.7268092
0.63155454,0.7105589
0.562413,0.67301714
0.51090485,0.62151223
0.49327147,0.5697097
0.43851507,0.49273
0.36426914,0.4089122
0.29698375,0.27767265
0.2547564,0.2344929
0.22412993,0.20320779
0.20417634,0.18165237
0.20417634,0.18252292
0.23016241,0.20244783
0.27703017,0.24113084
0.3396752,0.28189498
0.39164734,0.3302625
0.4649652,0.4001198
0.51972157,0.45619234
0.56937355,0.50282556
0.62784225,0.5590417
0.67795825,0.60731983
0.72529,0.6410332
0.7489559,0.6636142
0.775406,0.6796266
0.7767981,0.68332785
0.749884,0.6647199
0.6988399,0.62173414
0.6487239,0.58111
0.612529,0.5341946
0.5447796,0.4625436
0.45800465,0.3855447
0.38654292,0.36886477
0.32853827,0.31386632
0.27935034,0.27181876
0.23294663,0.2393514
0.22088167,0.22950444
0.21763341,0.22940415
0.21670534,0.241033
0.23897912,0.2819206
0.27331787,0.33658746
0.3048724,0.39362612
0.3201856,0.4403047
0.32714617,0.47655702
0.33828306,0.50689864
0.36380512,0.52998096
0.41345707,0.54700035
0.44686776,0.5545694
0.4974478,0.56929326
0.53039443,0.56921357
0.53085846,0.550593
0.50719255,0.5093732
0.46589327,0.46440738
0.44222736,0.4397598
0.38700697,0.38521078
0.34431556,0.32372347
0.25290024,0.27557656
0.17679815,0.2312358
0.15313224,0.20072225
0.1350348,0.1726707
0.11972158,0.18002447
0.121577725,0.18764076
0.12714617,0.22311303
0.14338747,0.27129254
0.1823666,0.32343814
0.225058,0.37074974
0.26171693,0.4165149
0.31368908,0.4500641
0.38422275,0.4842159
0.4399072,0.51314473
0.4812065,0.538654
0.5141531,0.5499575
0.52946633,0.5619947
0.54199535,0.57639664
0.46032482,0.55158
0.3726218,0.5230898
0.3313225,0.4792648
0.29698375,0.44658077
0.2589327,0.3922969
0.20139211,0.31994912
0.15591647,0.14261396
0.12436195,0.11057772
0.109048724,0.0881698
0.09698376,0.074583076
0.101160094,0.080461055
0.12668213,0.09396137
0.16102087,0.12905991
0.2037123,0.15685079
0.24686775,0.19203918
0.287703,0.23883766
0.33410674,0.2829058
0.3897912,0.31098303
0.42784223,0.35287133
0.4538283,0.39279908
0.4714617,0.4187036
0.48399073,0.4354141
0.4965197,0.4560584
0.49327147,0.4697095
0.48445475,0.44876844
0.46635732,0.4144366
0.4176334,0.39443076
0.37819025,0.36107907
0.3238979,0.2974182
0.2663573,0.23675346
0.21392111,0.19676362
0.16798145,0.15155227
0.13596287,0.12699476
0.11183295,0.10725892
0.10487239,0.11371895
0.10394432,0.12540922
0.10394432,0.15990995
0.13178654,0.19738182
0.19907193,0.25313678
0.27470997,0.31973812
0.3610209,0.3821892
0.44454756,0.43073127
0.49141532,0.49434748
0.5350348,0.5476695
0.5638051,0.58866954
0.5953596,0.6121136
0.62041765,0.6385683
0.63851506,0.6526138
0.6292343,0.6409253
0.61160094,0.6067019
0.55777264,0.56585634
0.48816705,0.5224013
0.42412993,0.44856176
0.37215778,0.36619556
0.29791182,0.30563572
0.2412993,0.2572013
0.19814385,0.22491002
0.17633411,0.2030551
0.17262182,0.2084702
0.20092808,0.2296452
0.2510441,0.27573943
0.32575405,0.3392074
0.4162413,0.4119785
0.48074245,0.49873734
0.5716937,0.5794149
0.6510441,0.6451825
0.6955916,0.724801
0.737819,0.7871827
0.7651972,0.82700956
0.7721578,0.8428332
0.7563805,0.8585262
0.74199533,0.8668845
0.7336427,0.8481625
0.7099768,0.8130422
0.6561485,0.7470957
0.6143851,0.695435
0.5336427,0.6071227
0.43712297,0.5112608
0.35962877,0.36285582
0.30533642,0.3088733
0.26774943,0.2743308
0.24176334,0.24678038
0.23526682,0.24956399
0.2510441,0.26855597
0.2988399,0.3217296
0.36983758,0.380629
0.45150813,0.43373537
0.48399073,0.4808915
0.5262181,0.5247858
0.5605568,0.562125
0.61067283,0.5963469
0.65429235,0.62753326
0.6835267,0.64017594
0.6774942,0.6423288
0.69048727,0.6489132
0.700232,0.64850336
0.69187933,0.6201352
0.67331785,0.5868593
0.62320185,0.5396258
0.575406,0.5028322
0.5025522,0.43303946
0.4185615,0.3566127
0.3387471,0.35076672
0.27285382,0.29807884
0.22645012,0.25913125
0.19953597,0.23141731
0.18932715,0.22958949
0.20417634,0.24399668
0.24269141,0.29209837
0.29698375,0.35279864
0.3475638,0.40745834
0.40649652,0.4710503
0.4723898,0.532837
0.5327146,0.5762502
0.58422273,0.6283881
0.63526684,0.6736739
0.65707654,0.7019432
0.66960555,0.7110064
0.68816704,0.7142011
0.69791186,0.7176552
0.68584687,0.6962091
0.6510441,0.6542221
0.58561486,0.600532
0.5164733,0.55427176
0.43805104,0.47863236
0.3475638,0.39731896
