true,forecasted
0.21065886,0.17313325
0.18353534,0.13972676
0.15547371,0.121657714
0.1520434,0.10589751
0.15217283,0.11552817
0.17766614,0.14425376
0.21742977,0.19971804
0.25584507,0.23217568
0.28458986,0.25569698
0.30005145,0.27953148
0.317068,0.30566818
0.3388231,0.33664393
0.36140305,0.36967018
0.39498085,0.40276122
0.41879106,0.4222762
0.44071573,0.44467786
0.45203325,0.46638894
0.45112664,0.4720056
0.43164915,0.46646795
0.40780583,0.44136548
0.3868446,0.4027356
0.35294357,0.34815705
0.29970548,0.28681055
0.23922852,0.21654053
0.19473968,0.15181202
0.15594542,0.12252511
0.13440055,0.10737282
0.120970316,0.09525125
0.12637313,0.11074522
0.16016997,0.14757034
0.19710402,0.21087192
0.23953784,0.24472444
0.26544443,0.25999385
0.27712008,0.27047333
0.2878447,0.29444784
0.30607843,0.3247212
0.3198696,0.35093823
0.33314988,0.38112032
0.35394862,0.40399563
0.3741082,0.4261788
0.38514557,0.44664705
0.39793766,0.44946396
0.39083576,0.44076416
0.3743662,0.41053843
0.36501324,0.37492466
0.33524376,0.31667873
0.28574082,0.2546731
0.2279769,0.19277158
0.18907121,0.14820102
0.1632624,0.116089985
0.1399495,0.10210857
0.13258056,0.09049064
0.14186215,0.10531612
0.16911213,0.13764809
0.20538981,0.19588009
0.23518115,0.23103702
0.24589518,0.2515539
0.25760272,0.2671699
0.27512482,0.28887302
0.288192,0.3109156
0.30597177,0.33498216
0.327613,0.36569735
0.33715045,0.3848654
0.35909542,0.41306418
0.37773076,0.4442438
0.38418362,0.45560038
0.36982805,0.46401727
0.3603975,0.43989152
0.34400454,0.40161616
0.32437965,0.35260132
0.2829016,0.28943238
0.22965397,0.22243547
0.18488148,0.22833978
0.1547914,0.19324297
0.13337027,0.16369797
0.12326656,0.14271808
0.11974699,0.13975352
0.13013834,0.15676731
0.13807173,0.19063102
0.16237888,0.220936
0.193134,0.26716742
0.2259245,0.3195846
0.25754076,0.37245998
0.28781676,0.42781034
0.31758082,0.4798742
0.3473475,0.5212016
0.38297847,0.5456273
0.41501683,0.56503624
0.45625532,0.58036536
0.48681796,0.5853014
0.49300414,0.5649244
0.4651457,0.5359037
0.4274024,0.49008462
0.39548725,0.43215567
0.34568614,0.36771876
0.28727517,0.29126126
0.23382933,0.17832604
0.19241892,0.13995376
0.1605535,0.11501436
0.14281341,0.095151655
0.13116634,0.094546035
0.12781109,0.111601315
0.13162996,0.14461517
0.15378095,0.17117207
0.19543017,0.22132628
0.24894345,0.28001028
0.30412206,0.34161133
0.36733046,0.40993643
0.42678586,0.4718037
0.48277706,0.52682745
0.519329,0.56816024
0.54724,0.60355896
0.56710726,0.6358235
0.58231986,0.64651453
0.57984877,0.62946784
0.54770017,0.58893204
0.5224922,0.5388223
0.49342346,0.47561997
0.42982063,0.4001449
0.35848808,0.3183785
0.29806963,0.27055788
0.25933713,0.23398209
0.23762475,0.21139364
0.22599033,0.18837582
0.23204559,0.19153734
0.25582248,0.2222485
0.30042288,0.28414828
0.35099238,0.32188076
0.39287856,0.35033414
0.41409478,0.37791562
0.42529678,0.4154728
0.4464882,0.4493017
0.46766138,0.4822223
0.48397592,0.50829756
0.49664462,0.5133001
0.5111601,0.5121913
0.5317067,0.51297927
0.54462844,0.49718505
0.53495854,0.478714
0.5048414,0.4466239
0.4776812,0.40987253
0.442692,0.35881254
0.37200725,0.2972353
0.2993167,0.23255326
0.24376594,0.2092076
0.1960908,0.1714269
0.1773579,0.15149914
0.16409603,0.13306434
0.16272217,0.13906679
0.18328068,0.18020926
0.22307147,0.23616986
0.2601458,0.27759063
0.2824661,0.29627112
0.3130522,0.317249
0.34391037,0.34228453
0.37481722,0.37663248
0.40444303,0.40963882
0.43494776,0.4449139
0.4674913,0.4727428
0.48108557,0.5033082
0.50471747,0.5259382
0.52123094,0.531883
0.51010585,0.51598954
0.48561525,0.48401317
0.45781538,0.44502348
0.42381078,0.38629243
0.3539688,0.31995022
0.28256774,0.24167275
0.22589053,0.20868608
0.19043575,0.17178886
0.16863663,0.14591147
0.158291,0.12788716
0.16520883,0.13214467
0.18808356,0.15911771
0.23107132,0.20403343
0.2581999,0.2377225
0.27749485,0.26671073
0.29951492,0.29659
0.32274646,0.3210565
0.33947387,0.35984623
0.38273114,0.3962091
0.4179681,0.4327514
0.4384271,0.4596821
0.45257482,0.49296862
0.47732264,0.51970893
0.49270657,0.530161
0.5004995,0.52228767
0.48547238,0.4909055
0.4608505,0.45382598
0.4273882,0.39409378
0.36465496,0.33650416
0.28978038,0.2585566
0.23605615,0.19915996
0.20235361,0.16323155
0.17950296,0.1396757
0.16739754,0.1181675
0.16691601,0.1249547
0.18685235,0.15531641
0.22622046,0.20475139
0.2660701,0.24099085
0.29884547,0.27209118
0.3276331,0.3053608
0.35845667,0.3463467
0.3908774,0.39545494
0.435454,0.43994224
0.4740846,0.48279572
0.5130403,0.51375514
0.54614115,0.54265743
0.57292813,0.568774
0.5812765,0.5652722
0.5606634,0.5507821
0.5272235,0.5108939
0.4889343,0.47012103
0.45437783,0.4055106
0.38048115,0.33603647
0.30976817,0.2628561
0.3078973,0.21914506
0.30602646,0.18187189
0.3041556,0.16014235
0.30228475,0.14089182
0.30041388,0.14681049
0.29854304,0.1775693
0.29667217,0.22769074
0.29480132,0.2644589
0.29293045,0.28770825
0.2910596,0.31101903
0.28918874,0.338688
0.2873179,0.36985466
0.28544703,0.40188098
0.2835762,0.43267548
0.28170532,0.4519651
0.27983448,0.47494453
0.2779636,0.49499696
0.27609277,0.4977817
0.2742219,0.48746943
0.27235106,0.45792636
0.2704802,0.42407417
0.26860934,0.3646002
0.26673847,0.31000763
0.26486763,0.23625363
0.26299676,0.15444095
0.26112592,0.12405515
0.25925505,0.09991653
0.2573842,0.082567416
0.25551334,0.08455506
0.2536425,0.103681825
0.25177163,0.13580069
0.24990077,0.16106388
0.24802992,0.19532177
0.24615906,0.24000573
0.2442882,0.28277296
0.24241735,0.33116874
0.2405465,0.3764301
0.23867564,0.42456442
0.23680478,0.45897838
0.23493393,0.4898998
0.23306307,0.5225203
0.23119222,0.5332364
0.22932136,0.52020484
0.2274505,0.48684284
0.22557965,0.4479401
0.2237088,0.39156476
0.22183794,0.3249845
0.21996708,0.2557912
0.21809623,0.14742735
0.1777603,0.11440486
0.15115121,0.09479368
0.13226444,0.074983
0.123417385,0.07647076
0.12130344,0.0938715
0.1250439,0.12481828
0.14871502,0.15027615
0.19300698,0.18743372
0.24230659,0.23678914
0.2897307,0.2841507
0.3340152,0.33648384
0.37452048,0.3876385
0.41352156,0.43714267
0.449235,0.47282946
0.4832614,0.50328195
0.51693285,0.5359433
0.53741693,0.5498507
0.53379816,0.5370952
0.5055811,0.5077104
0.45983052,0.46398944
0.4216534,0.4092436
0.36235946,0.33956122
0.29335055,0.26482493
0.23987864,0.21720678
0.19998102,0.17797343
0.1740413,0.15387304
0.16105677,0.13508244
0.1618174,0.13861503
0.17683266,0.17137997
0.20201948,0.22868973
0.24377468,0.25788808
0.29592746,0.30423167
0.35552752,0.35249248
0.4250943,0.41403094
0.49339575,0.47715884
0.5416744,0.5403055
0.5836429,0.58855593
0.61686647,0.6245376
0.6332732,0.65540636
0.6321197,0.67888135
0.62225777,0.6688584
0.60163414,0.65108377
0.5647091,0.6038334
0.5290978,0.54887635
0.48702064,0.48278496
0.41901174,0.3984279
0.3494257,0.3181439
0.29171067,0.28001115
0.2543083,0.24090748
0.23061779,0.21755491
0.22002275,0.19731791
0.22379053,0.20225208
0.25390574,0.23804347
0.29321906,0.30557227
0.34088647,0.3432187
0.37550414,0.37709764
0.40554547,0.40812036
0.4418997,0.45122355
0.4750546,0.48909828
0.49930575,0.530557
0.5063993,0.55774283
0.50775045,0.57032984
0.5056173,0.57593375
0.502425,0.58044547
0.49480152,0.5636176
0.47682697,0.54767394
0.45845562,0.51114446
0.4438789,0.46947756
0.42276892,0.41383705
0.3703496,0.34603643
0.31054166,0.27387655
0.25785965,0.25414953
0.22295548,0.22640865
0.20150363,0.20174377
0.19457486,0.1869865
0.2047549,0.1862596
0.23199919,0.22453119
0.26569816,0.2910443
0.29800597,0.3275721
0.32162505,0.33628845
0.34405935,0.3453383
0.3513635,0.35467812
0.35570747,0.3624807
0.3541184,0.37229288
0.35097438,0.3701728
0.34873846,0.36301476
0.3500347,0.3607619
0.35477272,0.36805362
0.36206403,0.36072206
0.3610845,0.35429615
0.35017267,0.3429133
0.3434771,0.31788033
0.32380083,0.28358296
0.28114206,0.23074123
0.23097664,0.18302423
0.19464701,0.1962888
0.16977212,0.16174798
0.15753165,0.14543115
0.15009955,0.13518423
0.15774807,0.13988341
0.18487522,0.1681477
0.22798537,0.22673686
0.25929022,0.25693813
0.28094122,0.27397987
0.29543203,0.28922006
0.30443835,0.3011642
0.3218691,0.31586877
0.34608516,0.32171804
0.3782888,0.32357827
0.37657344,0.33068717
0.36987653,0.3393898
0.372858,0.3568548
0.38326505,0.3657774
0.3782827,0.36858848
0.3779589,0.35162157
0.38090426,0.32939798
0.3614975,0.29292879
0.31685996,0.24124426
0.2699738,0.19426724
0.2365796,0.19606714
0.21162951,0.16341631
0.19695485,0.13858171
0.19032288,0.12361642
0.19892693,0.13088335
0.22353345,0.15358363
0.25922796,0.19769925
0.29878825,0.23202622
0.32864812,0.26223457
0.3625624,0.29616374
0.39625874,0.3252106
0.41508093,0.36547658
0.43264994,0.39745203
0.44241035,0.4331205
0.46453285,0.45304674
0.4838089,0.47562623
0.49507055,0.49517244
0.49681348,0.49972224
0.4787719,0.49381486
0.4573016,0.4635304
0.44159365,0.42765865
0.41867626,0.36636823
0.37301734,0.31227636
0.3223748,0.24565879
0.27905336,0.24546602
0.24617442,0.20636517
0.22371945,0.17698476
0.20775087,0.1584973
0.20365077,0.15787792
0.2077562,0.18645976
0.21093114,0.22960486
0.23778339,0.26248652
0.282072,0.30485168
0.3287595,0.34868568
0.37704873,0.3940434
0.4324212,0.44491947
0.4902204,0.49889243
0.5246147,0.5366783
0.55612916,0.56763464
0.5796214,0.5962372
0.58907557,0.62136644
0.59151244,0.62333953
0.5893159,0.6116017
0.5606809,0.5753623
0.51600224,0.53288376
0.47708753,0.47062662
0.4230611,0.4023962
0.36614025,0.32041508
0.30779216,0.2566409
0.26744145,0.21424362
0.23363352,0.18537602
0.21155255,0.16552806
0.20041962,0.1644088
0.19240057,0.1955158
0.19403265,0.24577513
0.22540106,0.27888167
0.2904309,0.3289157
0.3654555,0.38192058
0.43649012,0.44590783
0.4986671,0.5055795
0.5527573,0.5692524
0.58961767,0.61621916
0.6085226,0.6492923
0.63042384,0.67297906
0.64875025,0.6956858
0.6574476,0.68643326
0.658401,0.66600025
0.6361986,0.6215341
0.60062176,0.5719643
0.5645177,0.5082926
0.48951527,0.42737496
0.41829,0.3433504
0.35624024,0.3214322
0.31722742,0.2777451
0.28774837,0.24653076
0.27068242,0.22475277
0.2711764,0.22389172
0.2913447,0.25728604
0.331005,0.31605667
0.37898684,0.35143915
0.42811415,0.4015891
0.48826274,0.45163545
0.55106074,0.510844
0.6106189,0.56968987
0.6508667,0.6286288
0.668171,0.666471
0.6807042,0.6929733
0.7171843,0.70729357
0.7357581,0.72296053
0.74885666,0.70902085
0.73366475,0.69004345
0.6963411,0.64325005
0.6436853,0.6007422
0.5837359,0.53916436
0.50069577,0.45795533
0.4150267,0.37701315
0.34664378,0.31955007
0.30426756,0.27725312
0.25588372,0.24785908
0.23844174,0.22535531
0.23554,0.22953473
0.25538644,0.26729783
0.28688732,0.33694774
0.3292097,0.38075605
0.37550598,0.40404978
0.4057188,0.42608634
0.45404777,0.4607088
0.51694113,0.50114685
0.56667906,0.5333765
0.6098103,0.5599251
0.6059799,0.57324487
0.6014388,0.58088326
0.6111239,0.5809081
0.6200762,0.5540833
0.60197264,0.5270792
0.57435477,0.483677
0.5362908,0.44852608
0.49982566,0.39194265
0.42526475,0.3249574
0.35310617,0.26277345
0.298036,0.28189358
0.25728425,0.23764023
0.22634833,0.20959868
0.21079952,0.18523377
0.2131065,0.18300496
0.23265484,0.21091324
0.27073893,0.26321965
0.31240535,0.29924572
0.3471963,0.3341194
0.38919786,0.36353132
0.42837825,0.40565583
0.4775628,0.4490886
0.5188157,0.4845807
0.5464805,0.51866424
0.57388765,0.5361243
0.589246,0.5570711
0.60555816,0.569394
0.61741483,0.5562782
0.61120516,0.538242
0.5800783,0.49777827
0.5397791,0.46251518
0.49840504,0.4059451
0.42269483,0.34559503
0.34704542,0.27821922
0.28700545,0.2583382
0.24436659,0.21252678
0.21584696,0.18414368
0.19617076,0.16199495
0.19507821,0.15963833
0.2173157,0.1880484
0.2501844,0.23270096
0.29303336,0.26629823
0.3293264,0.3067235
0.3636686,0.34691945
0.41412768,0.39959896
0.46237284,0.45734727
0.50949526,0.5061275
0.55243474,0.55040395
0.5903322,0.58217263
0.62079954,0.61876637
0.64615345,0.64012784
0.6559259,0.63205624
0.6389795,0.61285496
0.6058484,0.5653207
0.5557981,0.5220586
0.51116264,0.45734194
0.43565628,0.38861534
0.35868084,0.31411386
0.30139652,0.29292142
0.25672495,0.25111732
0.22545364,0.21917783
0.20778392,0.19854768
0.20459747,0.19726552
0.22514199,0.22155629
0.25874624,0.2724393
0.3020709,0.30437553
0.34823647,0.34848163
0.40160528,0.39804706
0.46399766,0.4637274
0.5283679,0.52856654
0.58519787,0.58387667
0.6354935,0.62438226
0.6595344,0.6502256
0.6631636,0.6635442
0.6627014,0.6647356
0.6574774,0.63797057
0.62502295,0.6036804
0.58087695,0.5484213
0.54704946,0.5073369
0.51080626,0.4419308
0.4510685,0.37233508
0.38850793,0.30756277
0.33183357,0.2890193
0.28852904,0.24573934
0.25460035,0.21667708
0.23525877,0.19503064
0.22367652,0.19254176
0.22305661,0.21974368
0.22884323,0.26801997
0.259123,0.29266155
0.31770653,0.34302786
0.37883148,0.3955339
0.44525516,0.46611798
0.5177645,0.53074574
0.5820987,0.5948179
0.6334814,0.63664037
0.6698499,0.6670323
0.6883062,0.6887779
0.6977698,0.6939997
0.67562103,0.6746321
0.60617334,0.64249337
0.5710743,0.5863765
0.53790873,0.54231405
0.5084021,0.47477993
0.45982385,0.4028654
0.40226668,0.33114648
0.3489082,0.31414905
0.30469826,0.2699525
0.27290583,0.2388808
0.25456908,0.21867137
0.24615495,0.21085332
0.24578579,0.23901652
0.24999385,0.27805513
0.278077,0.3037414
0.3327328,0.35541722
0.41174024,0.40688926
0.48895216,0.46301365
0.5513792,0.5203108
0.60386914,0.57742614
0.658953,0.61576545
0.6929802,0.6512714
0.72679156,0.68116564
0.7560105,0.7120824
0.7753114,0.72137666
0.7682112,0.71130764
0.7453576,0.668568
0.7068256,0.6233509
0.6600901,0.5626737
0.5880382,0.4902362
0.5115639,0.40665376
0.44307894,0.3965792
0.39793694,0.35282195
0.36301222,0.31657732
0.33910456,0.28888348
0.32944587,0.28940767
0.34186423,0.31817478
0.3669316,0.37992346
0.413822,0.4132147
0.46784738,0.469772
0.5284051,0.5283824
0.59761286,0.6015613
0.664945,0.6685317
0.72598565,0.734287
0.7775219,0.77207404
0.8126924,0.79062504
0.8182294,0.7945133
0.78587735,0.7871316
0.7543496,0.7597226
0.72555095,0.7238242
0.6806693,0.67200243
0.62852263,0.6250622
0.57814366,0.5574593
0.50916845,0.4780342
0.4336763,0.40077728
0.37500358,0.3537504
0.3324772,0.30419087
0.3043099,0.272905
0.28280434,0.24780574
0.2755591,0.24392925
0.27797374,0.2784838
0.28816202,0.33173883
0.329949,0.36564156
0.3989655,0.42301914
0.47633663,0.48417807
0.5512806,0.5617218
0.61746365,0.63650894
0.67056143,0.7037168
0.71475065,0.7494365
0.739691,0.77909327
0.75136876,0.80430406
0.76381207,0.82136744
0.76846296,0.8055318
0.7533385,0.7840695
0.71443653,0.7278441
0.6625054,0.677479
0.6065665,0.60102373
0.55938214,0.51962674
0.49395403,0.43631846
0.4218613,0.39092445
0.372315,0.34074688
0.33495578,0.30886626
0.31194907,0.27995408
0.30123013,0.27759463
0.32497475,0.30507958
0.35535672,0.3605128
0.40370607,0.39750585
0.4678966,0.4554035
0.53823143,0.5191028
0.60643154,0.5970769
0.6743509,0.66762215
0.73249716,0.72726524
0.7764193,0.77532345
0.7903184,0.79013044
0.7922829,0.79908985
0.8065503,0.7992382
0.82176745,0.7751419
0.8062664,0.74617416
0.77183646,0.69638294
0.7134379,0.64450955
0.6634842,0.57739085
0.58295685,0.4971868
0.49858442,0.41917807
0.42965803,0.41384792
0.37665462,0.3621575
0.3434149,0.33470345
0.32107764,0.30546346
0.3154933,0.3038898
0.33466503,0.3420604
0.36871228,0.4036469
0.42647356,0.44275868
0.48451814,0.48658362
0.57188606,0.5332709
0.62400454,0.58617467
0.6809164,0.63823134
0.7134877,0.6871654
0.73132205,0.7157862
0.75605935,0.7270854
0.76210797,0.7325719
0.778723,0.736159
0.8015933,0.71771675
0.78859776,0.7024343
0.7482662,0.655749
0.7032344,0.6151463
0.64817274,0.55672914
0.5711532,0.4788568
0.48964682,0.40364605
0.4197182,0.39347
0.3656244,0.34339687
0.3341884,0.3181169
0.3115224,0.28941336
0.31063604,0.28859472
0.32947037,0.3237629
0.36690423,0.38008213
0.40197286,0.41544873
0.48948258,0.45782503
0.56736135,0.49452013
0.63724935,0.54511654
0.70780313,0.5857239
0.75685674,0.62820303
0.7846177,0.655988
0.7934601,0.6665146
0.7919706,0.676964
0.7905274,0.6812426
0.7939981,0.6690359
0.7513249,0.6542108
0.7012813,0.6114387
0.6594693,0.57407844
0.61561376,0.51864743
0.5493954,0.44938436
0.48892394,0.3747229
0.4276403,0.3973692
0.3772139,0.34916162
0.33511853,0.31523234
0.3108033,0.2868045
0.29471546,0.28058577
0.29678476,0.30528975
0.30282,0.35217965
0.33563083,0.3849788
0.40598655,0.440016
0.4926862,0.50226116
0.57462096,0.5802162
0.63925177,0.6499578
0.69366235,0.7120229
0.70722955,0.75175005
0.7034527,0.77022445
0.7037099,0.77717936
0.7076356,0.7698925
0.6884073,0.7432735
0.6498475,0.7038713
0.6177128,0.6477809
0.5851891,0.6060221
0.5520484,0.5356127
0.49368638,0.4644717
0.43156663,0.39329958
0.37607792,0.3577592
0.33464298,0.31247443
0.29630658,0.2805798
0.27648917,0.2555971
0.27033716,0.2530471
0.26587385,0.27367437
0.26534018,0.3228274
0.29941946,0.34657893
0.353743,0.3883079
0.4197477,0.43174678
0.4852512,0.48521823
0.54493254,0.5312139
0.59729755,0.57141435
0.6418549,0.6041435
0.6538729,0.6168852
0.62622905,0.619407
0.5956478,0.6176086
0.58401763,0.59628594
0.57885003,0.55971634
0.55922925,0.5126996
0.53074634,0.47830266
0.49784583,0.42393455
0.43630937,0.363966
0.36924168,0.3024183
0.31630838,0.31137207
0.27448657,0.26482955
0.25312424,0.23501252
0.24317639,0.21295168
0.24389054,0.20978667
0.27130398,0.23503374
0.3079953,0.2759086
0.35306567,0.29722035
0.39133376,0.34645492
0.4233012,0.39481005
0.47367898,0.4550051
0.5343078,0.5100078
0.5770087,0.5657248
0.6250997,0.60379916
0.6520885,0.6355627
0.6779703,0.66443396
0.7048194,0.6914726
0.7136376,0.6935216
0.7024619,0.67274165
0.67285424,0.6233161
0.6200143,0.58182025
0.56289494,0.5138734
0.4799462,0.44657332
0.39494622,0.36870414
0.33506182,0.32067758
0.29000384,0.27200824
0.26192352,0.24662589
0.24105434,0.22356746
0.23916605,0.22129409
0.2572084,0.25352567
0.29361495,0.30066425
0.34011284,0.33015576
0.4006976,0.376721
0.46028307,0.43004152
0.524182,0.49635172
0.579713,0.55534667
0.633211,0.619485
0.677396,0.66043276
0.70933557,0.6914075
0.7399663,0.71796525
0.7612771,0.7374689
0.77647007,0.73233384
0.7688257,0.70892984
0.7303715,0.66044253
0.66812,0.6115377
0.6028975,0.5412075
0.51933414,0.46402144
0.43495372,0.38157833
0.3644797,0.34353593
0.3113674,0.29634228
0.27505168,0.26929462
0.25707814,0.24649692
0.25476304,0.24586354
0.27440292,0.28681016
0.3061542,0.34139085
0.35666782,0.3761142
0.42252356,0.423943
0.49434623,0.47803578
0.5654486,0.54966116
0.631893,0.6136309
0.6850377,0.68323135
0.7270108,0.72567105
0.75972503,0.7560063
0.7888436,0.7812028
0.80506915,0.79297835
0.8172257,0.7763901
0.80458903,0.74822396
0.7776216,0.69738096
0.72219354,0.64423144
0.6576841,0.5668941
0.5680185,0.48512146
0.48097178,0.4005745
0.4132831,0.39607757
0.36183956,0.34663746
0.32974154,0.3165089
0.3070478,0.28946662
0.3056508,0.28710788
0.3256521,0.3277371
0.36081013,0.3849553
0.41516992,0.4158119
0.48149872,0.47585037
0.5528824,0.5407771
0.62929505,0.62019753
0.6994485,0.69510734
0.7674532,0.7718318
0.816587,0.81452626
0.84286267,0.84797806
0.8680089,0.87074786
0.8861814,0.8900055
0.876483,0.87762684
0.84252757,0.8578298
0.8101188,0.7995091
0.7714829,0.7443088
0.7240492,0.66182953
0.6394212,0.5765891
0.556379,0.48501468
0.474661,0.4236605
0.41212562,0.36994505
0.37131009,0.33430016
0.34023586,0.30401605
0.33178505,0.3030968
0.35025015,0.33929932
0.37770474,0.3993414
0.4180649,0.43242642
0.46467277,0.48589218
0.5080427,0.53545994
0.5657149,0.6028397
0.619186,0.66929936
0.6762487,0.72865796
0.73513854,0.76548076
0.7737346,0.7883099
0.7954007,0.796271
0.8054668,0.7894599
0.77980304,0.7565293
0.7162787,0.7131786
0.67761093,0.65969956
0.6362033,0.61101204
0.5974973,0.54076046
0.5372201,0.4652164
0.47245494,0.38841468
0.41458732,0.3586509
0.3698687,0.31083816
0.3376012,0.27776736
0.31527352,0.2501805
0.3022962,0.24363683
0.30344188,0.27251548
0.3128013,0.31346375
0.3493924,0.33970132
0.40776473,0.38962835
0.47292387,0.43708536
0.5349397,0.49607205
0.59369826,0.5504221
0.6522664,0.6025638
0.71016645,0.6394187
0.75040466,0.66503465
0.7732267,0.68634325
0.77324265,0.70603186
0.7600733,0.69843507
0.7473271,0.6737429
0.70604587,0.6260761
0.67377263,0.5871426
0.6242758,0.520662
0.548159,0.45418525
0.48265713,0.3764419
0.42923227,0.38074863
0.39047277,0.33230674
0.35650456,0.302202
0.33337703,0.27414858
0.3216014,0.2701344
0.32397667,0.30021146
0.3254796,0.34350467
0.34846157,0.3711653
0.39737552,0.4196461
0.4515749,0.4649021
0.49413022,0.5193819
0.52639276,0.57060176
0.55233383,0.6188026
0.5784689,0.6514803
0.61664045,0.6712655
0.6581621,0.6918824
0.69926375,0.7076154
0.7255018,0.7058928
0.7327685,0.6886255
0.7079385,0.64396983
0.6647819,0.605061
0.6125516,0.5417826
0.5338787,0.47511068
0.4543241,0.3969248
0.38850582,0.38928768
0.3389978,0.33920476
0.3057012,0.3086753
0.2861345,0.2808276
0.28153673,0.27862003
0.3037843,0.31353188
0.33669943,0.3648808
0.38598156,0.39692107
0.44781303,0.4466577
0.51009476,0.5034408
0.5708667,0.5713395
0.637656,0.6370494
0.69805086,0.69821805
0.74403125,0.7357553
0.7757067,0.7599197
0.7994246,0.7764507
0.8062046,0.788268
0.8085203,0.7751522
0.7824301,0.7511301
0.7479162,0.6996613
0.7011811,0.651977
0.65433645,0.57769054
0.5719869,0.5034958
0.48983154,0.4215572
0.4223866,0.3940573
0.3739492,0.34429902
0.3384055,0.31546807
0.31179065,0.28766733
0.30765387,0.28592497
0.32887357,0.3247314
0.36032513,0.37693435
0.40571967,0.40599716
0.45219266,0.457148
0.5134089,0.51489645
0.5751213,0.58191055
0.6346951,0.64629966
0.68953466,0.70951545
0.7353758,0.74753296
0.76125145,0.7739649
0.7906221,0.7923248
0.8130592,0.8096903
0.8227795,0.8021637
0.8038521,0.78021514
0.7697766,0.7308778
0.7146312,0.67918575
0.6508935,0.60169595
0.5684279,0.52644265
0.47966957,0.43803596
0.41362485,0.4116198
0.36893302,0.35913238
0.33379734,0.32538462
0.32173556,0.29953942
0.32632223,0.29869378
0.35141256,0.33657083
0.39149952,0.3904317
0.42707127,0.4131889
0.46578076,0.463787
0.50797,0.50513345
0.55130816,0.5476271
0.61270857,0.59683335
0.6682974,0.6425518
0.7058555,0.6702782
0.725779,0.697174
0.7306693,0.7140973
0.7369078,0.7379268
0.74763614,0.73710686
0.731503,0.7226981
0.7076011,0.68055147
0.66850233,0.6340008
0.62056834,0.5717932
0.5451845,0.5015451
0.47076118,0.4178543
0.40741912,0.3882517
0.35736838,0.34062827
0.32440054,0.3097682
0.3001174,0.28362393
0.29309306,0.2846815
0.3086941,0.32748082
0.3431783,0.38419956
0.39414054,0.41387185
0.4532776,0.458721
0.5205343,0.5078335
0.5866041,0.5677339
0.65804785,0.6286045
0.7107108,0.6859001
0.76322675,0.7229074
0.78986686,0.7506184
0.8010119,0.7694616
0.8156182,0.7854652
0.8306949,0.77189755
0.80945116,0.7470773
0.7639398,0.6949019
0.7150717,0.6441977
0.6594384,0.5687613
0.5895645,0.49281707
0.5035349,0.40966177
