true,forecasted
0.16932602,0.15888822
0.1444091,0.13496625
0.12495,0.11751593
0.11789411,0.106384106
0.12569965,0.11375835
0.15032482,0.14504619
0.19248603,0.190177
0.23896408,0.22920266
0.27401835,0.26273564
0.2919761,0.28953856
0.320542,0.3147758
0.33456197,0.3338919
0.34645525,0.34194276
0.35713905,0.35855395
0.35798502,0.36355442
0.35418522,0.36921406
0.3649566,0.3728141
0.3667023,0.3674053
0.35086948,0.3497158
0.3239008,0.33225375
0.30162895,0.32404548
0.30398405,0.30127704
0.24580817,0.24938983
0.20290859,0.20065275
0.15921755,0.14435716
0.12475482,0.11876785
0.10985103,0.10232192
0.110234715,0.09237663
0.11217398,0.09653764
0.1377613,0.12397766
0.18438588,0.1595731
0.22690314,0.19940768
0.26404062,0.23062275
0.28273344,0.25707424
0.30266574,0.28000522
0.31103256,0.29844487
0.32138634,0.31149554
0.32865387,0.32339135
0.325853,0.32940108
0.32475832,0.33233708
0.33753666,0.33324283
0.32647407,0.33396864
0.31187227,0.32175758
0.29024494,0.31688774
0.29538444,0.30414337
0.30199343,0.27799386
0.25626,0.23460789
0.19681023,0.18869546
0.14876924,0.15776089
0.12403989,0.13317919
0.11715685,0.11645877
0.09429129,0.10612595
0.11975438,0.1087417
0.14080706,0.13114868
0.18208787,0.1600694
0.22993721,0.1912419
0.26876894,0.22296527
0.30547372,0.2505061
0.3217691,0.27172405
0.33181366,0.28566343
0.3465811,0.29256904
0.36389637,0.30095348
0.3653908,0.3014935
0.36396912,0.30336973
0.3639247,0.3070778
0.36840948,0.30657
0.36226192,0.29249734
0.33530402,0.29242668
0.30410773,0.28842497
0.29054838,0.26593053
0.24922782,0.22591665
0.18992174,0.18256968
0.14420453,0.13415799
0.11882888,0.10883753
0.086344235,0.09574656
0.07849987,0.08641207
0.07784364,0.09310438
0.08086055,0.121409506
0.08859091,0.16356824
0.119494505,0.20648037
0.15457042,0.23822962
0.19335108,0.25989044
0.22884363,0.2883506
0.2555346,0.30425182
0.28164968,0.32614553
0.30269298,0.3390628
0.32277384,0.34348264
0.35655624,0.34976995
0.3871791,0.35588282
0.39713463,0.35156602
0.39589438,0.33961347
0.3687267,0.33394244
0.33692428,0.31466722
0.3074315,0.28781623
0.25392017,0.2427347
0.19935723,0.1905805
0.15317011,0.14751324
0.11524714,0.109201685
0.0955287,0.08065985
0.083748065,0.062417056
0.07170046,0.049833126
0.07160662,0.041073047
0.07204261,0.026246607
0.09516763,0.04281504
0.12962872,0.09160644
0.17447968,0.15884551
0.22224757,0.22775726
0.2705096,0.29143992
0.30840725,0.3353229
0.34114277,0.38386682
0.32842588,0.41897425
0.3224776,0.45476872
0.30785263,0.48147815
0.2952323,0.5037701
0.28292045,0.5037392
0.27586457,0.47353527
0.24956806,0.4344207
0.24288811,0.397866
0.20580252,0.34076703
0.16734685,0.28293815
0.1478003,0.14961036
0.1412598,0.13427427
0.119180284,0.12173706
0.11057686,0.11159225
0.10958612,0.11526152
0.1634927,0.13529074
0.21059237,0.16269913
0.25805,0.19302745
0.29385895,0.2188234
0.30498078,0.23826063
0.3266397,0.24970527
0.32447338,0.25816306
0.3416745,0.26574188
0.35047585,0.2716529
0.3280862,0.27531165
0.3361621,0.28779656
0.3031182,0.30139095
0.29392597,0.3108952
0.2911853,0.3047323
0.2742334,0.3095811
0.27212295,0.28732693
0.27136686,0.27707797
0.23478197,0.2542732
0.20462449,0.20971121
0.16422288,0.14622314
0.14063817,0.12018733
0.12769014,0.10923637
0.12072197,0.107060246
0.13133357,0.11677384
0.16412196,0.15693542
0.19870618,0.21546462
0.24230188,0.26505604
0.2741566,0.2940938
0.28935552,0.31349093
0.3041163,0.33312568
0.3024719,0.34177658
0.31246585,0.3526826
0.33030495,0.3544699
0.31532544,0.34660277
0.2870816,0.33619803
0.2786366,0.32688618
0.28619888,0.31355307
0.2770031,0.30327502
0.26112083,0.30862734
0.26593766,0.30953807
0.27461177,0.29346496
0.23095356,0.246319
0.20767981,0.20439947
0.1779402,0.14698803
0.16167112,0.12337127
0.14824104,0.103642896
0.14391823,0.09624942
0.1501404,0.103660814
0.16577914,0.13978776
0.21711883,0.17626783
0.2353487,0.21504469
0.26992545,0.23800349
0.30230984,0.25571597
0.31405124,0.28407434
0.32374483,0.29131022
0.3345929,0.3043818
0.33516973,0.3005609
0.32694358,0.29478982
0.33056864,0.2873033
0.32567418,0.28228498
0.32960227,0.27581638
0.32778928,0.2666581
0.31277406,0.2625478
0.29823804,0.27047983
0.29372412,0.26766545
0.2507901,0.21537854
0.22319037,0.17458418
0.17937838,0.15463613
0.15814003,0.12827623
0.13947132,0.113566846
0.13100123,0.10735682
0.14305769,0.114857726
0.17244942,0.14875507
0.19477277,0.19221324
0.24141833,0.24135473
0.2685841,0.27554548
0.29716516,0.2984638
0.3361967,0.32627308
0.33600464,0.34248072
0.3645281,0.3585878
0.38603732,0.36835515
0.39306474,0.36856106
0.37993652,0.36564124
0.39576185,0.36692727
0.40054423,0.35837758
0.36634707,0.34431264
0.36159155,0.3403701
0.33053854,0.32986426
0.30664667,0.30705488
0.25886777,0.2557054
0.21024641,0.20753197
0.20849527,0.15768574
0.20674413,0.12869881
0.204993,0.10590643
0.20324185,0.0949298
0.20149072,0.09584492
0.19973956,0.11727139
0.19798842,0.14749211
0.19623728,0.17695078
0.19448614,0.21585041
0.192735,0.2423574
0.19098386,0.2810733
0.1892327,0.29642388
0.18748157,0.31643125
0.18573043,0.32639343
0.18397929,0.33413288
0.18222815,0.3415929
0.18047701,0.3561051
0.17872587,0.3557837
0.17697471,0.34263864
0.17522357,0.32094052
0.17347243,0.31077236
0.1717213,0.29484963
0.16997015,0.24500701
0.16821902,0.19644643
0.16646786,0.13600118
0.16471672,0.11459588
0.16296558,0.09650131
0.16121444,0.08322623
0.1594633,0.073438376
0.15771216,0.09368461
0.15596102,0.11169817
0.15420987,0.14442879
0.15245873,0.1902958
0.15070759,0.2221112
0.14895645,0.25244272
0.14720531,0.281095
0.14545417,0.31057063
0.14370303,0.3229714
0.14195187,0.33571318
0.14020073,0.34185278
0.1384496,0.34641966
0.13669845,0.34933978
0.13494731,0.3378619
0.13319618,0.32478216
0.13144502,0.298002
0.12969388,0.2823416
0.12794274,0.23889697
0.1261916,0.1967456
0.12444046,0.10558233
0.09107621,0.0878388
0.073231526,0.0668671
0.051134158,0.062829
0.043537416,0.06130656
0.04877784,0.08885739
0.048146266,0.11980762
0.067902975,0.15519531
0.1130811,0.20987426
0.15825717,0.2458103
0.19193114,0.27770346
0.21299623,0.29999217
0.24629115,0.3265227
0.2884397,0.32836023
0.3121098,0.34047827
0.33478904,0.34763205
0.37720126,0.35975555
0.38444048,0.37465143
0.3821998,0.35241964
0.35808048,0.32931224
0.32864177,0.3087151
0.3148961,0.31895775
0.27409068,0.28613594
0.21415913,0.24423021
0.17290217,0.1486597
0.1338483,0.12221439
0.11006569,0.105288476
0.11025651,0.09626699
0.122898094,0.10542464
0.15100093,0.1362404
0.19010276,0.19164065
0.22665633,0.22954893
0.2834386,0.2727437
0.33535182,0.30950266
0.38053906,0.35002363
0.41580445,0.39007372
0.45614013,0.42476773
0.50921,0.45921564
0.5317555,0.48760346
0.55083174,0.5094176
0.5574173,0.52269006
0.5562299,0.5177183
0.5285287,0.5135177
0.4941929,0.48754847
0.46770215,0.45033485
0.4561186,0.42055523
0.4008214,0.36820793
0.33656228,0.30641025
0.27500406,0.27078247
0.22673343,0.23709056
0.20906144,0.20601931
0.19312811,0.18905589
0.19337381,0.18629098
0.22310838,0.22111443
0.26241177,0.2784757
0.32210317,0.3276044
0.3814455,0.3745207
0.44419482,0.40521115
0.49401897,0.44595203
0.5394721,0.47923428
0.5798387,0.50370437
0.62824184,0.5244185
0.6465993,0.5340511
0.6572853,0.5425977
0.65090364,0.53168255
0.6541359,0.52573043
0.62931526,0.5016626
0.58951974,0.4645202
0.5480313,0.4497097
0.5183239,0.41981268
0.45364174,0.36039633
0.38762683,0.30068663
0.3176025,0.32668015
0.27684906,0.28084558
0.2308149,0.25325453
0.20268562,0.2343618
0.19808018,0.23430485
0.22066025,0.24219063
0.25992757,0.2637489
0.3225084,0.29854697
0.38564777,0.34273222
0.44229054,0.39551318
0.4967023,0.4421563
0.54581696,0.48013458
0.58387494,0.50466263
0.6371411,0.5228276
0.6539231,0.5270016
0.66877556,0.53213143
0.69095916,0.536078
0.6744531,0.53162843
0.64858365,0.5233335
0.6082687,0.49933776
0.56117827,0.47581065
0.52151585,0.44704258
0.45442274,0.39239094
0.3686078,0.335102
0.29570875,0.27833
0.25111657,0.22428897
0.22068831,0.19478896
0.20240451,0.17434567
0.20443366,0.17534319
0.22239059,0.16725078
0.25146618,0.18496439
0.28814495,0.22022484
0.33786258,0.28298426
0.37142053,0.3530664
0.39541152,0.42923796
0.40976286,0.48568508
0.43401825,0.5279702
0.4532014,0.5582925
0.4794343,0.57402354
0.486228,0.5933659
0.48138678,0.612659
0.4722308,0.61371124
0.44814947,0.60299337
0.4193325,0.5637049
0.3952948,0.52065724
0.39162195,0.4819649
0.35286212,0.41343382
0.28851447,0.3436913
0.23999992,0.24838191
0.20521016,0.2132423
0.17974639,0.1904569
0.17931026,0.17038146
0.17827457,0.16652319
0.19740748,0.17600861
0.2510945,0.19322705
0.29489002,0.23855723
0.32983968,0.27495205
0.35258958,0.31580657
0.38568634,0.35932645
0.39406,0.39075842
0.42275244,0.41598284
0.4319402,0.43582478
0.43050665,0.4394838
0.4199055,0.45074952
0.41634816,0.46328613
0.41538915,0.47578526
0.3981842,0.46329784
0.3748515,0.44245932
0.35982892,0.4202001
0.33463186,0.38520646
0.2865469,0.33956322
0.24158587,0.29083553
0.2008635,0.18253034
0.16550756,0.14914621
0.13560246,0.13039269
0.13323662,0.11961294
0.13175404,0.12205649
0.13516253,0.15325983
0.14538513,0.19828454
0.18239854,0.24357595
0.22436185,0.2831525
0.2481145,0.31168306
0.2975355,0.35353315
0.32303426,0.37784138
0.3262966,0.40317458
0.3438411,0.4214936
0.36900073,0.43071523
0.39109838,0.43791544
0.42602664,0.44626516
0.45827878,0.44381917
0.46013784,0.4289842
0.45438814,0.4033179
0.40955406,0.38572
0.39568204,0.356489
0.3479242,0.29476997
0.2823258,0.23919064
0.23033424,0.22182947
0.17851089,0.18360543
0.14351384,0.15560615
0.1315842,0.13882613
0.119552664,0.13603486
0.11677861,0.14595544
0.11954,0.16135074
0.15116684,0.20090543
0.2079439,0.25382152
0.28750166,0.3095036
0.3701026,0.36461225
0.4295896,0.4229575
0.47744575,0.45786613
0.53494877,0.49659622
0.57067466,0.5219957
0.59150875,0.54193455
0.6170787,0.55648637
0.63661957,0.5575865
0.60899985,0.53547484
0.5679003,0.49838117
0.5174675,0.4716015
0.46162218,0.43429822
0.4009907,0.3720912
0.33136895,0.30804235
0.2766494,0.2632235
0.2423595,0.22737525
0.21331903,0.19078742
0.2025181,0.17816299
0.2130834,0.18581104
0.2467447,0.2191669
0.2892008,0.26145262
0.34446016,0.31579772
0.38601378,0.37350342
0.42619225,0.43294165
0.4585034,0.5012305
0.4862254,0.5663904
0.5238628,0.6236612
0.53110427,0.6804328
0.5361886,0.6990244
0.5192009,0.72089297
0.49627858,0.7442274
0.48938614,0.73958796
0.47392392,0.70965517
0.43885633,0.6541656
0.39590132,0.60448784
0.3876907,0.56417525
0.34135854,0.4813117
0.29962772,0.4024885
0.25485194,0.24869536
0.21571144,0.21290226
0.20242208,0.20214708
0.19850595,0.18321571
0.19640571,0.18807301
0.21905537,0.22442162
0.26412085,0.2730506
0.30200297,0.3339262
0.32343608,0.37187177
0.3475457,0.40084088
0.36205286,0.43024623
0.37310088,0.44866738
0.37924826,0.46968073
0.3844729,0.49208593
0.37968194,0.492421
0.36746314,0.5016601
0.35697603,0.48799592
0.35172373,0.48274857
0.34465152,0.45740685
0.33288094,0.43682072
0.32684824,0.424025
0.32234985,0.39907396
0.27891228,0.35008505
0.22671749,0.2992512
0.20676124,0.18181375
0.19659352,0.15363193
0.17339346,0.14112554
0.16925655,0.13452303
0.1691826,0.14057943
0.20692265,0.17879748
0.23725583,0.23451123
0.2778033,0.29459268
0.3185337,0.32745937
0.35527512,0.35134584
0.37828654,0.38820267
0.39939684,0.41078654
0.42935315,0.43147388
0.45925045,0.444951
0.4787311,0.44624522
0.49057248,0.44375807
0.49600276,0.44406497
0.49183017,0.44062757
0.47243875,0.43192297
0.45450065,0.41967463
0.41517192,0.40566373
0.38502753,0.37624538
0.33285412,0.32080427
0.28043312,0.2649561
0.2323777,0.2255981
0.19549654,0.19150206
0.18293233,0.16891491
0.16425054,0.15718132
0.17400296,0.15753019
0.19179453,0.19421276
0.23343477,0.24427134
0.2709621,0.28876346
0.31088328,0.32805464
0.34803617,0.36237365
0.38547686,0.4024769
0.41925517,0.43042675
0.45529118,0.45893854
0.5187422,0.4835079
0.58147395,0.4971147
0.61602414,0.51289594
0.6477193,0.5185983
0.6626495,0.5110641
0.6572292,0.48276997
0.62021387,0.45102736
0.57997257,0.43121827
0.53954494,0.39476073
0.47744057,0.33453634
0.41141585,0.27791336
0.3393363,0.32247132
0.28313008,0.27487794
0.25511387,0.23849428
0.233009,0.22048646
0.22644985,0.2176533
0.25007814,0.23989066
0.29358926,0.27427265
0.35461792,0.31809318
0.42521256,0.3754104
0.46856636,0.43826228
0.5125573,0.5025711
0.55258316,0.56509864
0.61143214,0.6138432
0.66303647,0.6542156
0.699089,0.6792315
0.7322526,0.692092
0.7528865,0.69852406
0.7429624,0.6891667
0.719105,0.66174144
0.6686188,0.6139147
0.6160748,0.5753349
0.58997005,0.53821504
0.51828986,0.4604033
0.4419931,0.38701797
0.37028077,0.35602692
0.31472695,0.30190867
0.26996276,0.26569188
0.25364763,0.24729422
0.2153708,0.24101856
0.22126392,0.26731315
0.21692896,0.30537832
0.24340282,0.35063043
0.30616874,0.4074159
0.385924,0.4758677
0.4694649,0.5368879
0.50366884,0.5969646
0.51804173,0.64914536
0.52348655,0.69977826
0.50741565,0.71315646
0.50061774,0.72003007
0.49321482,0.71907306
0.5029892,0.7100567
0.49506092,0.6760197
0.48314026,0.6310859
0.451903,0.5901187
0.42922702,0.54762125
0.39566064,0.46687186
0.33963895,0.39163205
0.2867968,0.26573122
0.2468233,0.22832611
0.21489817,0.19755617
0.19477521,0.17954874
0.19043073,0.17370158
0.17333993,0.18742391
0.17957695,0.2055355
0.19638036,0.24862765
0.23112367,0.30238935
0.27234548,0.3602057
0.30929068,0.43293524
0.33154467,0.48741898
0.34225774,0.53025603
0.35448375,0.56145775
0.39641574,0.58727235
0.45248306,0.6077194
0.5014562,0.6175267
0.5218516,0.6210161
0.5162276,0.61095023
0.49587187,0.56703424
0.4434134,0.53248286
0.4013756,0.5019477
0.35038418,0.4350213
0.2924058,0.36144543
0.23281914,0.2481759
0.19812186,0.21788014
0.1590116,0.203872
0.1563754,0.19047064
0.15610108,0.20396248
0.15781152,0.2568332
0.18615668,0.32599592
0.23128875,0.37428895
0.27816492,0.4178872
0.3268846,0.4607758
0.37213382,0.50052184
0.4125873,0.5393424
0.4719246,0.5859111
0.49620408,0.6280332
0.52164835,0.65316254
0.5493327,0.68334365
0.57345974,0.70251215
0.59080946,0.6914179
0.5706651,0.6542877
0.546202,0.60471356
0.4876193,0.5672268
0.44367996,0.520116
0.38263348,0.4386659
0.3310087,0.3596833
0.26882628,0.26577428
0.22268015,0.22807053
0.18368486,0.20319237
0.15733616,0.18498531
0.15173413,0.1783227
0.14758427,0.22357011
0.13768841,0.27749383
0.16728364,0.31715977
0.23196623,0.36782527
0.2983541,0.40837264
0.38546935,0.44648305
0.4627911,0.48411146
0.5241864,0.52283245
0.55560035,0.551412
0.5872223,0.5784473
0.63905936,0.5939144
0.6511805,0.58994514
0.665198,0.5768067
0.65484524,0.5487746
0.6174715,0.50009155
0.560318,0.4684562
0.5009677,0.4306125
0.42589003,0.3676671
0.3711258,0.30087817
0.29887137,0.2799347
0.24236168,0.2286605
0.20190996,0.18810776
0.17945302,0.16723183
0.16981512,0.15943563
0.20161289,0.1698558
0.251084,0.18006882
0.32657897,0.21881863
0.42314008,0.28869572
0.5060269,0.37010568
0.6100786,0.46277824
0.68572265,0.5514537
0.75486344,0.61053145
0.82176054,0.66398525
0.83703905,0.69164294
0.8403428,0.7297335
0.8462814,0.7462102
0.84252465,0.74572223
0.8488544,0.7364171
0.8291285,0.6734276
0.77200764,0.6230524
0.72288984,0.5706307
0.628256,0.49047926
0.5235641,0.40232167
0.4428776,0.42125183
0.3733376,0.38176394
0.32803088,0.34981114
0.29663274,0.32905537
0.29531592,0.33110592
0.31721348,0.38287988
0.35755092,0.45346648
0.43062937,0.5401132
0.5209818,0.63681555
0.5999398,0.7115155
0.70202595,0.79905915
0.7657427,0.86093473
0.8157628,0.9277699
0.8359302,0.96422684
0.81775373,0.97091705
0.7977617,0.9718697
0.77850044,0.96738815
0.7619635,0.92786604
0.73351014,0.88925236
0.6871238,0.83051693
0.6402622,0.76780295
0.60743564,0.7036219
0.53157735,0.59669256
0.45233282,0.49884495
0.37438866,0.40059114
0.33359888,0.34895533
0.29838553,0.31680316
0.2813661,0.29638976
0.28223795,0.2948145
0.28847948,0.31187275
0.32745692,0.33572575
0.3746089,0.3821234
0.42562088,0.4471728
0.46216768,0.5187798
0.5152637,0.57731164
0.5535961,0.633355
0.59431493,0.6791995
0.6452208,0.7190305
0.6732791,0.72014576
0.685079,0.7077465
0.6870682,0.7084224
0.68862486,0.71109146
0.66300815,0.69239336
0.61073124,0.66024095
0.54099756,0.61932427
0.48885903,0.58018214
0.41981494,0.5068842
0.33006003,0.42651683
0.2611674,0.2877607
0.21868722,0.24154443
0.18048012,0.21021202
0.16450115,0.1903868
0.15523101,0.18934539
0.14691252,0.19698268
0.14402719,0.21605086
0.17745546,0.24890746
0.22920893,0.30214015
0.28488505,0.35693616
0.33604386,0.40557605
0.38595328,0.4485862
0.40571994,0.4843686
0.43097463,0.52325314
0.42894793,0.53656715
0.4180744,0.55132717
0.42415372,0.5771401
0.43544728,0.5829521
0.43816155,0.5583625
0.42088974,0.5096092
0.3766834,0.46666062
0.3647753,0.42942226
0.33166587,0.36679038
0.2827761,0.3009383
0.22310483,0.21679832
0.19259024,0.17251627
0.1614653,0.13295487
0.13308297,0.11575259
0.12414748,0.1047054
0.11991878,0.10153851
0.1200084,0.09440168
0.14425832,0.12652116
0.19138102,0.18449458
0.23132472,0.25283468
0.26470858,0.3245023
0.3163072,0.39839002
0.3587453,0.43256617
0.3964577,0.46351975
0.4265288,0.4929436
0.43695247,0.51803046
0.45944878,0.52956474
0.46286884,0.54284763
0.46008307,0.54361653
0.44093344,0.5048362
0.404988,0.46805793
0.38604262,0.43410504
0.336591,0.36753264
0.27621558,0.2989185
0.21844245,0.24518731
0.17969164,0.21753421
0.15684094,0.20096207
0.14644901,0.19512251
0.14649206,0.20823812
0.17887156,0.25369084
0.22322905,0.32221162
0.28768936,0.38860464
0.35350227,0.4345205
0.41054466,0.4699195
0.46239594,0.5136156
0.51087075,0.5466734
0.56833863,0.58613706
0.61165404,0.6135068
0.6514998,0.630439
0.66790086,0.6441292
0.6940035,0.6498072
0.70190674,0.63075143
0.6877187,0.6050453
0.64591014,0.5669569
0.5746786,0.53887254
0.525053,0.5063572
0.45102352,0.431116
0.37207744,0.35640505
0.29400593,0.3069315
0.2451115,0.26366577
0.22258916,0.2331669
0.20717749,0.21359289
0.20431885,0.21328041
0.2271746,0.25559974
0.2684502,0.30765843
0.3277251,0.35863167
0.38863719,0.40185806
0.44810507,0.4529848
0.5177696,0.50613606
0.5783402,0.5573683
0.63996905,0.6029525
0.69173,0.65552133
0.7139527,0.675255
0.7310751,0.69463646
0.750156,0.7106176
0.75499815,0.70211715
0.7288035,0.66336626
0.67859733,0.61272025
0.63004667,0.57609916
0.583757,0.52455175
0.5128205,0.45545644
0.42582235,0.3762414
0.35503444,0.34558105
0.29685217,0.2934616
0.2619871,0.25632513
0.24443129,0.23473296
0.24001285,0.23079845
0.26839355,0.2543632
0.30654672,0.28501993
0.36586043,0.33171022
0.41651884,0.3872803
0.45028228,0.44866934
0.49647173,0.51261747
0.54528373,0.5704361
0.58491784,0.62068623
0.64002424,0.66337776
0.6752359,0.682326
0.6750845,0.6914749
0.6835081,0.6966412
0.671957,0.6894371
0.6498648,0.66019034
0.5959116,0.60618687
0.5611129,0.568658
0.53176063,0.526985
0.46401608,0.44692448
0.39453232,0.37041014
0.33438313,0.33645254
0.29253167,0.28809628
0.2595887,0.2578881
0.25742266,0.2385368
0.24828354,0.22709852
0.27638066,0.25106126
0.33000353,0.2774503
0.3887599,0.31282437
0.4351388,0.37245023
0.4749136,0.44242793
0.5078751,0.5042684
0.5293327,0.5617722
0.5542945,0.60848457
0.58677703,0.6473896
0.6037846,0.6725042
0.6156068,0.6857203
0.62802374,0.69294524
0.64114344,0.68365854
0.63784605,0.6527951
0.6042917,0.60390556
0.54444975,0.5605385
0.5108891,0.520698
0.4397576,0.44310024
0.3630285,0.36941755
0.29814145,0.31171685
0.25719368,0.26698798
0.22277413,0.23717201
0.20396186,0.22065991
0.19923846,0.21475488
0.22689702,0.2457026
0.26033658,0.2828892
0.31609458,0.31067944
0.38516957,0.35497957
0.4371768,0.40731823
0.50277156,0.45087022
0.5681636,0.49515978
0.6200872,0.5407704
0.6727189,0.5716839
0.7098373,0.59758383
0.7406117,0.6094827
0.7671881,0.6206863
0.7558727,0.6208644
0.7301436,0.58816826
0.7053305,0.53855944
0.62521863,0.49944597
0.5917701,0.46098673
0.4933351,0.38242126
0.41007832,0.31745294
0.34017873,0.3494379
0.29034954,0.29395518
0.25675592,0.25352177
0.23808108,0.23280445
0.21530855,0.22529703
0.22444454,0.24253026
0.2185096,0.2635994
0.24677876,0.29928064
0.314837,0.35776693
0.37411246,0.42704967
0.4146926,0.49868184
0.46624872,0.5678804
0.48656443,0.6225603
0.49838945,0.6762544
0.51091266,0.6948921
0.49945676,0.70841014
0.47564882,0.7186809
0.46571726,0.71530616
0.42966735,0.68519956
0.40970513,0.6303713
0.37227494,0.58602697
0.36743876,0.5409404
0.34113067,0.459372
0.28570774,0.38607705
0.23817247,0.24904484
0.19657622,0.20618519
0.1783755,0.18264875
0.16461188,0.15842834
0.14838965,0.15345418
0.15009886,0.16283882
0.13807783,0.16631371
0.16371007,0.18663588
0.2029376,0.23979756
0.25479856,0.29623878
0.31056893,0.34680268
0.3704017,0.3848968
0.44060028,0.42260394
0.49939248,0.4446099
0.5379843,0.4652727
0.55538255,0.47842854
0.5758385,0.49457598
0.58377117,0.4933524
0.56758106,0.47805664
0.53305393,0.44598415
0.4870068,0.41645682
0.46729505,0.4004234
0.39927468,0.33763334
0.33356103,0.26873356
0.27937755,0.28777605
0.24353234,0.24623266
0.21058816,0.2108773
0.19351001,0.1975407
0.21663503,0.19676146
0.24840434,0.21622047
0.2965841,0.2439731
0.3465085,0.2849263
0.41463023,0.34166893
0.46315992,0.4087465
0.5214889,0.4885305
0.5684375,0.556592
0.6303869,0.609062
0.6871825,0.6603103
0.7182943,0.6821501
0.7339855,0.71308887
0.7284039,0.7448791
0.714985,0.7500835
0.7095844,0.7321116
0.6508121,0.6770622
0.5865731,0.63165194
0.54110557,0.57868224
0.46696967,0.49725965
0.39021006,0.41636485
0.32304108,0.32629046
0.27202788,0.28216648
0.24551043,0.2511695
0.22636487,0.2350012
0.21944478,0.23431516
0.24706587,0.28030688
0.28578565,0.3359944
0.3378784,0.39579248
0.38749292,0.44441912
0.4375598,0.49472213
0.49615246,0.5505228
0.54201066,0.59948635
0.58019716,0.6469533
0.62646425,0.70319706
0.66512954,0.72695506
0.68298686,0.7461108
0.6853624,0.75811344
0.6805863,0.74315625
0.6568823,0.70176005
0.6040987,0.63795155
0.55416554,0.6070648
0.5044438,0.55023426
0.43374637,0.47433928
0.35871533,0.39835805
0.29262674,0.28153953
0.23606527,0.2347098
0.21869512,0.20662451
0.20341024,0.18566331
0.18527843,0.18791282
0.21757239,0.21646899
0.25473195,0.26491228
0.315925,0.3055911
0.36348206,0.3483255
0.4205638,0.3885247
0.47758466,0.4411947
0.5300478,0.4772413
0.585669,0.5216969
0.6379045,0.5611336
0.6693882,0.57501423
0.6903824,0.59485614
0.7220703,0.6085785
0.72752553,0.6053888
0.7093184,0.5787797
0.66723675,0.5315727
0.5927032,0.49827278
0.54609036,0.45592695
0.46913433,0.38008717
0.38485304,0.31190586
0.3054244,0.31406248
0.25902453,0.25975528
0.22723289,0.22054866
0.21986605,0.2016187
0.21808793,0.19896829
0.23899855,0.22978565
0.27555498,0.26957694
0.34088957,0.31788746
0.4027827,0.37495264
0.4793037,0.43768534
0.55186933,0.49872452
0.62778556,0.562806
0.6834573,0.61994165
0.7555709,0.68102694
0.7913872,0.7032241
0.815554,0.71471393
0.8249987,0.7250534
0.81083244,0.71911705
0.72544664,0.6740608
0.62830395,0.61911845
0.54630935,0.5750859
0.49023524,0.52753794
0.42614216,0.44395867
0.3601339,0.36302933
