true,forecasted
0.18126675,0.16712414
0.15431611,0.13847852
0.13813336,0.12553725
0.13277349,0.12452254
0.1381577,0.139084
0.17369999,0.18489406
0.22170196,0.24551015
0.26566324,0.3006191
0.285213,0.32769164
0.29453284,0.33129606
0.3131005,0.35247472
0.32594442,0.36044708
0.34643638,0.3768108
0.36187637,0.3896714
0.36266485,0.39156878
0.35899284,0.39352837
0.38100293,0.40026468
0.38609526,0.41617322
0.38421378,0.4111535
0.35721108,0.40305343
0.3433262,0.39113376
0.3193938,0.34986123
0.2707191,0.296633
0.2060611,0.23550057
0.173377,0.16913195
0.1493264,0.14447193
0.13154237,0.13474603
0.12586388,0.1345503
0.13755259,0.14975278
0.1738396,0.20071466
0.22920647,0.26424745
0.2701101,0.3154625
0.2862953,0.33448803
0.29648727,0.3336851
0.311685,0.35305026
0.32546094,0.3503287
0.33739042,0.36334842
0.35013318,0.37512538
0.35141686,0.37106246
0.3484706,0.3717967
0.35824668,0.37863898
0.35192856,0.3872381
0.3372547,0.38768417
0.32668284,0.3803405
0.31942347,0.37234673
0.29943934,0.32789588
0.2541667,0.2766342
0.1982414,0.21783337
0.16039783,0.14584602
0.13913685,0.12055767
0.12191852,0.111432485
0.116117954,0.109363124
0.12467313,0.124582246
0.16155648,0.17174235
0.20986734,0.23553433
0.2493268,0.2816725
0.27538,0.29922405
0.28712657,0.30404273
0.3020996,0.3181872
0.3091877,0.32197636
0.31859022,0.33080146
0.3256842,0.33778426
0.31457677,0.3367405
0.31656185,0.33917132
0.3265072,0.34943232
0.33270228,0.35968763
0.30382442,0.35534313
0.28306058,0.34871024
0.27054885,0.34223533
0.25043973,0.3022442
0.20426086,0.24799614
0.15069471,0.19460273
0.119220346,0.1167558
0.084089555,0.08792707
0.06647917,0.07608273
0.06557929,0.07001917
0.060169313,0.075580046
0.08196244,0.0940594
0.091070674,0.119999215
0.12186112,0.14040717
0.1528267,0.17668536
0.18235391,0.20008817
0.18780863,0.21783465
0.21080224,0.23471975
0.22151907,0.24574119
0.24009258,0.26016992
0.2616381,0.27336967
0.29134288,0.29310676
0.31929848,0.3138304
0.33025753,0.3330325
0.33286622,0.3235637
0.31167576,0.3080062
0.28949788,0.3001994
0.2629495,0.26711148
0.21299066,0.21543007
0.15951936,0.16356812
0.10976529,0.10519153
0.07656267,0.07589169
0.058972716,0.05987057
0.04557863,0.052100915
0.043421835,0.05697068
0.042589083,0.077246696
0.051947337,0.10561094
0.089393005,0.14537051
0.14182141,0.18612245
0.18829359,0.22401723
0.23086031,0.2591342
0.27678868,0.29952228
0.3202543,0.33871397
0.36368632,0.36711815
0.3942399,0.3908096
0.41907024,0.41138986
0.4426811,0.4370743
0.46798718,0.460972
0.4610868,0.44336587
0.4354062,0.42478
0.4233702,0.4102094
0.39351708,0.37360564
0.34705997,0.3013779
0.29075918,0.24236119
0.24888317,0.20240597
0.21388032,0.17037751
0.20462956,0.15268406
0.1966255,0.15099774
0.2098761,0.1614076
0.24806988,0.20525901
0.30311036,0.27566227
0.35362762,0.33474287
0.39689577,0.35973847
0.4276536,0.36730725
0.46236414,0.38262257
0.48227093,0.39439315
0.4889242,0.413804
0.4863403,0.41897184
0.47431841,0.42242575
0.46612564,0.4188142
0.4536752,0.42506722
0.45461252,0.4388129
0.43339047,0.42711166
0.40816322,0.42387965
0.38412136,0.4075049
0.34992403,0.3695369
0.28820983,0.30701864
0.23544092,0.24322385
0.19616972,0.20594068
0.17311288,0.17129222
0.15000641,0.15247832
0.14803398,0.1472935
0.15186407,0.15653545
0.1775286,0.19764775
0.23930019,0.25288117
0.27946398,0.30418968
0.30439502,0.33163804
0.32657045,0.34617722
0.34086055,0.37169865
0.3570428,0.38601756
0.3665319,0.4061953
0.38570952,0.42347878
0.38660747,0.43169528
0.4008922,0.44243047
0.42390576,0.46208367
0.4370834,0.46999586
0.41835034,0.455105
0.40139368,0.43645832
0.386534,0.4147025
0.36519814,0.373205
0.29616135,0.3114845
0.24018402,0.24315268
0.19592068,0.19961835
0.16633363,0.1735948
0.1499607,0.15781553
0.1451962,0.15379797
0.15334083,0.16298565
0.19043384,0.20781806
0.24498354,0.26461348
0.28814855,0.31365743
0.31564108,0.33683497
0.33353308,0.35904533
0.35088518,0.38000956
0.34106386,0.3954914
0.34731,0.40630847
0.35113278,0.41410708
0.35081708,0.4120388
0.35081562,0.41832727
0.35711187,0.42669925
0.35822868,0.43090218
0.35372347,0.41717744
0.34787765,0.4114616
0.33543548,0.39502248
0.3171052,0.34883618
0.26979297,0.29901257
0.21330488,0.23948428
0.17462322,0.17054738
0.14430897,0.14284776
0.130409,0.12930584
0.12022724,0.1271422
0.13335574,0.14672193
0.17240173,0.1893389
0.2113626,0.25241643
0.25942928,0.3006721
0.29070273,0.32317144
0.310932,0.3334767
0.32811922,0.35406664
0.3458843,0.36571065
0.36778346,0.38455352
0.38095865,0.3990903
0.3945327,0.40335858
0.41125685,0.41305757
0.4247244,0.42919743
0.43657118,0.4398426
0.42571378,0.4278264
0.40479574,0.40712234
0.3838305,0.39188632
0.3533849,0.3520593
0.29855406,0.2938438
0.23771593,0.23081298
0.23498298,0.19619088
0.23225003,0.16359934
0.2295171,0.15158635
0.22678415,0.14824066
0.2240512,0.15736097
0.22131827,0.19461942
0.21858533,0.25089386
0.21585238,0.29705733
0.21311945,0.3207641
0.2103865,0.33962348
0.20765357,0.3546811
0.20492062,0.35793537
0.20218767,0.3595773
0.19945474,0.35584188
0.19672179,0.35033917
0.19398884,0.35194045
0.19125591,0.3578402
0.18852296,0.36214125
0.18579003,0.3527409
0.18305708,0.35042158
0.18032414,0.33736145
0.1775912,0.29854015
0.17485826,0.25520703
0.17212531,0.20194511
0.16939238,0.10156289
0.16665943,0.073131844
0.1639265,0.05777038
0.16119355,0.052608635
0.1584606,0.05294933
0.15572767,0.07046112
0.15299472,0.09005794
0.15026177,0.11433545
0.14752884,0.15495804
0.1447959,0.18302536
0.14206296,0.2080686
0.13933001,0.2264865
0.13659707,0.2476481
0.13386413,0.261549
0.13113119,0.2738809
0.12839824,0.2882628
0.1256653,0.30249268
0.12293236,0.32506204
0.12019942,0.3152985
0.11746648,0.30080256
0.11473354,0.29458752
0.11200059,0.26128787
0.10926765,0.21275178
0.10653471,0.16236283
0.10380177,0.08188532
0.0734058,0.05724173
0.04999679,0.04427345
0.043919932,0.040137734
0.041483447,0.044016227
0.03972017,0.06522155
0.050862134,0.09233194
0.08827278,0.119993664
0.12907329,0.15391953
0.16603838,0.19294557
0.19628452,0.22050723
0.22362868,0.25815368
0.2466578,0.28730434
0.27020058,0.30980912
0.29744017,0.33042347
0.33210203,0.35283166
0.3680184,0.38081303
0.38600284,0.40287384
0.38499546,0.3880109
0.37179157,0.36984178
0.3492309,0.36090624
0.32697663,0.32325968
0.27211076,0.2601203
0.21789718,0.20784292
0.1630999,0.17102876
0.13541427,0.13866961
0.121291526,0.12764752
0.114917465,0.12666304
0.12590134,0.13798775
0.1514511,0.1857823
0.2085005,0.25462377
0.26373652,0.30789673
0.31858635,0.33127803
0.3592716,0.35888517
0.405897,0.39119917
0.45811915,0.4305277
0.4975528,0.46665388
0.5374715,0.4934882
0.5657875,0.5099823
0.5817304,0.5266491
0.5948156,0.5447893
0.6073142,0.556805
0.58822995,0.5337502
0.549487,0.51006866
0.5206165,0.48964024
0.48741287,0.43737614
0.40680173,0.36431307
0.33989403,0.28817022
0.2833529,0.25680417
0.24562512,0.21722709
0.22610019,0.19729179
0.2087943,0.18986131
0.21514939,0.19402094
0.2512603,0.2337459
0.30680424,0.29167816
0.3526013,0.35051906
0.38118678,0.3829091
0.40073946,0.40094882
0.43312344,0.42474982
0.45379147,0.43827337
0.47775403,0.45627302
0.5086938,0.46589357
0.5170043,0.47263694
0.5312039,0.47712967
0.5481406,0.49046573
0.54848886,0.49972403
0.5215431,0.49163073
0.48788178,0.481802
0.47033173,0.45850584
0.4398628,0.41725433
0.37679246,0.35678822
0.30413333,0.28686264
0.24905537,0.25844797
0.21638198,0.2259622
0.19476737,0.21058263
0.17628434,0.20403926
0.18916477,0.215213
0.21723127,0.26585442
0.26281816,0.33128282
0.30138698,0.39116618
0.3293372,0.40204388
0.33777955,0.4036664
0.3581105,0.4056054
0.37317201,0.3921864
0.38485733,0.3975724
0.3927855,0.38880295
0.3810501,0.37600255
0.3723777,0.36095032
0.36996067,0.36481354
0.37073556,0.36729097
0.3580993,0.36474687
0.34737518,0.36319157
0.3420683,0.3495868
0.32380953,0.31397986
0.27269933,0.26035327
0.21943475,0.20776775
0.18993284,0.18144262
0.16218057,0.15679558
0.15318178,0.1463044
0.14848976,0.14251995
0.15446398,0.16164884
0.19297199,0.20740177
0.24623121,0.27516198
0.28356498,0.33052883
0.31514832,0.3461004
0.3289442,0.34785962
0.34283102,0.36060223
0.35097274,0.3526734
0.3496555,0.36189726
0.34661976,0.360835
0.33049637,0.3521198
0.3290167,0.3444635
0.32610837,0.34746847
0.33819494,0.35299549
0.33491307,0.3531609
0.32996812,0.34233698
0.32505038,0.3304713
0.31685615,0.29486564
0.26860318,0.24330868
0.23021142,0.19182432
0.18853584,0.17223404
0.176028,0.13861668
0.15701623,0.12484781
0.15707363,0.116260216
0.1639813,0.12477298
0.19382712,0.14569443
0.24581094,0.18934254
0.28771514,0.22950731
0.3182001,0.26379797
0.3376346,0.281603
0.35943744,0.30180153
0.36891827,0.3017873
0.37020728,0.31171882
0.36973596,0.3088026
0.35972396,0.30716884
0.35010934,0.3048377
0.34779495,0.309662
0.34901586,0.32006872
0.3384299,0.3159137
0.329399,0.3033854
0.32087836,0.29175234
0.3070679,0.2629989
0.26532227,0.21827121
0.21531282,0.16892406
0.17772804,0.189411
0.14774603,0.15254629
0.13382319,0.13571167
0.108754024,0.12467262
0.11382204,0.12135254
0.1232017,0.13065405
0.14952584,0.14941245
0.18438618,0.18460234
0.23106314,0.23115084
0.2688785,0.27356023
0.31167722,0.3019222
0.34357235,0.32638356
0.37052834,0.34208292
0.3934592,0.35387388
0.41156185,0.36710578
0.43771815,0.38334483
0.4352384,0.40031347
0.4395651,0.41438612
0.43572676,0.40476766
0.41861933,0.39621904
0.39838567,0.37664345
0.3708022,0.3425994
0.3158225,0.29431728
0.25619847,0.23955962
0.20465194,0.1897143
0.16768539,0.15325004
0.14022547,0.12982409
0.11947475,0.12509507
0.1163957,0.12405427
0.11550749,0.15361442
0.12769331,0.1874484
0.18719283,0.23810391
0.24944888,0.27832252
0.3038789,0.30972943
0.35914025,0.34686336
0.40611878,0.37107182
0.44377217,0.4039333
0.47043386,0.4267322
0.47956887,0.43694764
0.49058387,0.44583136
0.50687116,0.45857814
0.53098744,0.47215986
0.52538925,0.45622382
0.50755215,0.44156423
0.47131088,0.4218569
0.44243646,0.38030475
0.3835187,0.32023254
0.31729004,0.25732154
0.26377106,0.24831532
0.23082042,0.21307433
0.21335839,0.19134894
0.20413925,0.18428154
0.21425875,0.18777426
0.25291124,0.22965492
0.3128772,0.28301615
0.372116,0.34075245
0.42227575,0.3756505
0.45641765,0.4089074
0.5133897,0.44817823
0.56063384,0.48488548
0.6046661,0.52075905
0.63858134,0.55110407
0.6346827,0.5659018
0.63319665,0.5782008
0.645275,0.5927074
0.6439524,0.6007304
0.6298122,0.5797973
0.5970517,0.55470455
0.5346682,0.52819175
0.4814338,0.4750806
0.39070702,0.40448487
0.32395837,0.32880583
0.2793842,0.27599064
0.23333716,0.23730248
0.2149879,0.21406803
0.20544237,0.2070299
0.20992766,0.21100111
0.24066363,0.24830194
0.29410282,0.30776462
0.3404529,0.35824987
0.37205568,0.38583893
0.4070819,0.40065998
0.4480079,0.4231783
0.4721485,0.42677337
0.51730883,0.44009876
0.5543994,0.44815713
0.54551977,0.44859082
0.51996756,0.44449773
0.5001678,0.45193598
0.50150985,0.454007
0.49858502,0.43698084
0.47774333,0.4207259
0.45321164,0.40259874
0.42450306,0.35983634
0.36885017,0.30333996
0.2966682,0.23929682
0.2494484,0.24160601
0.21885008,0.2089597
0.1978002,0.18790478
0.18857037,0.1778394
0.19612838,0.1855795
0.22469054,0.2205865
0.2746353,0.27517608
0.3249648,0.33169106
0.36389014,0.36665577
0.3891962,0.3940921
0.4130994,0.43397892
0.4172734,0.45824885
0.44445607,0.4852686
0.4607322,0.5097662
0.46030706,0.5207133
0.46321392,0.53420275
0.45822325,0.54789233
0.47000825,0.5506474
0.46602252,0.53236634
0.43810096,0.5076097
0.41782743,0.48360008
0.39173093,0.43387625
0.32915044,0.37310255
0.26732436,0.30298156
0.22094704,0.22722556
0.19006807,0.19381094
0.17115407,0.17513676
0.16568571,0.16546711
0.16399102,0.17541659
0.19260572,0.20755373
0.24152897,0.2614861
0.28986853,0.3156989
0.31789806,0.35260144
0.34572184,0.38098824
0.37921727,0.41988996
0.41679573,0.44685736
0.44746652,0.475073
0.48999724,0.5001105
0.5126479,0.5159092
0.5311193,0.53166413
0.5616383,0.54793894
0.57467,0.5547764
0.56790197,0.53838664
0.5336895,0.51222926
0.509869,0.48804992
0.46700606,0.4414744
0.38951725,0.3781471
0.31232658,0.31009036
0.25804248,0.2510673
0.20964846,0.21218807
0.18801196,0.19428484
0.17274417,0.1840901
0.17900392,0.1901943
0.20060784,0.22545493
0.2384587,0.28140283
0.29620126,0.34554157
0.34146127,0.38575274
0.37853143,0.4159487
0.42759913,0.45773
0.47841603,0.49060017
0.5265289,0.52708554
0.54503965,0.55478764
0.55120456,0.5709246
0.55239046,0.5867075
0.5524834,0.5966748
0.5549024,0.6043608
0.5314291,0.58385366
0.49752024,0.5533567
0.46379372,0.52447146
0.4297866,0.47480828
0.36144635,0.40775037
0.2910622,0.33288378
0.22888057,0.24058624
0.18336761,0.19875531
0.16156963,0.17278251
0.13925895,0.16025066
0.1352231,0.15442544
0.13761435,0.17234483
0.15125604,0.19405499
0.18304025,0.24051097
0.23569581,0.28953305
0.28331983,0.32855397
0.31792822,0.37487563
0.3556847,0.39909527
0.37563136,0.43019047
0.386284,0.45403343
0.389364,0.46780646
0.40452528,0.48142698
0.40912,0.49670234
0.41893598,0.50448847
0.4050837,0.4897281
0.38779676,0.46897933
0.3726686,0.43986747
0.34739414,0.39792812
0.30642194,0.3443496
0.2549756,0.28042895
0.20630966,0.21983631
0.17234044,0.18470982
0.14971797,0.1618199
0.13853662,0.15023445
0.13156328,0.15032947
0.13691051,0.17409302
0.15279701,0.20624375
0.18217295,0.261156
0.2475752,0.31234083
0.293774,0.35795215
0.33384585,0.41196498
0.379979,0.4597211
0.42083204,0.50434905
0.45932207,0.5414155
0.48665553,0.5675045
0.5103807,0.5909844
0.5482758,0.6169224
0.5614695,0.631882
0.55307,0.62193817
0.52325386,0.59509116
0.48827335,0.5645664
0.45549586,0.51488775
0.38732105,0.4485055
0.32166004,0.3769577
0.26148245,0.2915523
0.20968105,0.2498129
0.1928966,0.2286765
0.17540976,0.21979488
0.17343003,0.22690463
0.1883009,0.26473227
0.22617023,0.32428262
0.27552396,0.38449806
0.32658213,0.4289211
0.36844158,0.4680267
0.41307753,0.5164476
0.44906977,0.5662739
0.48343882,0.61059207
0.5191514,0.6461779
0.5594431,0.66963875
0.58792645,0.68256485
0.6268124,0.7003545
0.6321343,0.71073806
0.588319,0.6903419
0.5519848,0.65287095
0.5072905,0.621323
0.46534932,0.56786054
0.41048393,0.48811376
0.34157023,0.4074039
0.28784648,0.30176166
0.2405965,0.26127154
0.21406175,0.23809245
0.18906116,0.2314571
0.17639817,0.23439485
0.1802409,0.2731095
0.18629587,0.32798585
0.22625974,0.38537842
0.2927788,0.42698568
0.35857356,0.46773595
0.42163855,0.5187685
0.47532678,0.56007916
0.50577384,0.6008437
0.52624196,0.63233566
0.54802483,0.6488917
0.5700762,0.65924984
0.59870505,0.67019784
0.6111657,0.6723126
0.60850596,0.64935005
0.5874434,0.6165948
0.53562987,0.5847729
0.48124945,0.5288888
0.42648718,0.46010953
0.35949534,0.3806547
0.29773104,0.3244578
0.24882723,0.28320563
0.2191609,0.25561994
0.1988392,0.24794252
0.20683013,0.25204098
0.23718037,0.28962004
0.3028623,0.342332
0.3993595,0.40756503
0.4773386,0.45806235
0.54290867,0.50333846
0.6074543,0.56852037
0.66053015,0.6124611
0.70753497,0.66341144
0.75297934,0.7047826
0.7734178,0.7208429
0.7890776,0.72783744
0.8104879,0.7364178
0.82429695,0.7386975
0.8216649,0.71468806
0.7989228,0.6754348
0.7335828,0.6403559
0.6729091,0.5823502
0.5868354,0.5074897
0.48962757,0.42418265
0.41281876,0.41392332
0.35870537,0.35869214
0.3221805,0.327763
0.29752576,0.31369454
0.2974893,0.31635123
0.317524,0.350896
0.3714968,0.40128547
0.44735512,0.47523448
0.5239864,0.5326511
0.5943516,0.5886323
0.6671946,0.65723157
0.7278148,0.7067301
0.7487022,0.75983465
0.76430416,0.7960443
0.7697414,0.8107769
0.78043,0.8182944
0.7989534,0.82398117
0.8112317,0.82693046
0.7971877,0.7952245
0.75669026,0.74781036
0.7051612,0.70154
0.6554879,0.6470253
0.57218003,0.5644319
0.48209193,0.47358724
0.41191837,0.4081401
0.35803655,0.35876524
0.3300795,0.32585153
0.31241122,0.3103204
0.3020529,0.3136292
0.32658944,0.34473974
0.37242052,0.3901968
0.43867397,0.45635292
0.5007856,0.50959605
0.5715574,0.5527271
0.6366401,0.60972816
0.688977,0.6395368
0.7264733,0.6766264
0.74129844,0.7060255
0.705473,0.7142988
0.67017347,0.7172781
0.6803844,0.721159
0.68173665,0.71811247
0.6542524,0.68954176
0.6228486,0.64540994
0.58303404,0.61033857
0.55041075,0.5578375
0.47915784,0.48911133
0.40723854,0.4091518
0.33253932,0.34821603
0.2876417,0.30121928
0.255678,0.269352
0.23135257,0.25432792
0.22853813,0.25085598
0.2256629,0.26197672
0.24299894,0.2827698
0.29577562,0.3253671
0.36832437,0.37412605
0.4356572,0.41493404
0.49454576,0.4570646
0.55658734,0.4736855
0.5903075,0.5008329
0.62334716,0.5194286
0.633937,0.5224816
0.6565133,0.52680135
0.6785554,0.543174
0.69672763,0.5429377
0.6790954,0.5134957
0.63357806,0.48457995
0.5833565,0.45505384
0.54361546,0.41339445
0.47421727,0.36128667
0.4003688,0.29814053
0.3382791,0.3209971
0.28831685,0.27691346
0.25174722,0.24809568
0.23426817,0.24006264
0.21821189,0.24032968
0.21836172,0.2624259
0.22070919,0.29284537
0.2603194,0.3362795
0.32005534,0.3708906
0.37246233,0.40229106
0.42639622,0.43367898
0.4746813,0.44412023
0.49295226,0.472139
0.4813268,0.48353836
0.43856746,0.48290372
0.4019847,0.4800367
0.3935628,0.49029174
0.39545304,0.49271145
0.38348952,0.46280968
0.3635803,0.43832207
0.35368454,0.41407254
0.34315985,0.3748798
0.30193615,0.3206961
0.25702587,0.2641121
0.2129853,0.22167827
0.18827608,0.17868239
0.16847728,0.15622908
0.1661308,0.13764502
0.17373404,0.1329608
0.21731737,0.13351244
0.27411383,0.14453277
0.33008972,0.18794988
0.36696774,0.24052736
0.4068776,0.28966752
0.44181916,0.33690092
0.48679852,0.37687975
0.52889776,0.41787228
0.5681476,0.44699275
0.6035162,0.47571784
0.6328071,0.50139475
0.6763894,0.5281931
0.6984481,0.5520036
0.68757516,0.54974073
0.6487213,0.5220012
0.5919423,0.488814
0.5416654,0.45206583
0.46536097,0.39053556
0.3790232,0.33044168
0.30969408,0.30904633
0.26346317,0.2652195
0.23197031,0.24242526
0.2126633,0.2256083
0.21510221,0.22791177
0.24416052,0.25863314
0.29665655,0.2967183
0.3508667,0.36070165
0.41207063,0.41388127
0.45662633,0.45403177
0.5039507,0.5118434
0.55276114,0.5610686
0.61021376,0.6135735
0.65183246,0.65911955
0.6807764,0.68419516
0.71081394,0.7034151
0.7393498,0.7203078
0.76383674,0.735152
0.75157213,0.71439713
0.715863,0.67462873
0.6600413,0.63833153
0.59203815,0.58343524
0.50273955,0.5076576
0.41675535,0.42807174
0.35041434,0.36668548
0.30294254,0.31794286
0.26837164,0.29361823
0.25435638,0.27943593
0.25483307,0.28238878
0.28443035,0.31812203
0.32432806,0.36955333
0.39692542,0.43908754
0.46033916,0.49276143
0.5205688,0.5398408
0.58523506,0.6083577
0.6505658,0.66351426
0.7020603,0.7192169
0.7515711,0.76762855
0.7683298,0.7894534
0.79540354,0.8049903
0.80367464,0.82081765
0.8111655,0.8310906
0.79924965,0.8016166
0.7612869,0.75943065
0.7069065,0.7160089
0.650325,0.6534149
0.55854225,0.57054657
0.4777331,0.48175758
0.40190542,0.41600636
0.3532531,0.36257726
0.32539332,0.33495006
0.3015869,0.3176855
0.2975963,0.32126033
0.33233064,0.35456377
0.38312274,0.4062211
0.45036998,0.48168132
0.492047,0.54120153
0.54385716,0.6005665
0.6130783,0.68028754
0.6865201,0.7411573
0.7495374,0.8005543
0.8040166,0.8502778
0.8258097,0.87257504
0.8455963,0.8898487
0.86112726,0.9058763
0.8742485,0.9141877
0.87097,0.885376
0.84220403,0.8381102
0.78546494,0.78628546
0.7397331,0.7225345
0.6606931,0.6352748
0.57793534,0.5395443
0.5040086,0.49059662
0.4496632,0.4342566
0.41098252,0.40184817
0.3819135,0.3870663
0.3710089,0.3923973
0.38803512,0.42955214
0.42576972,0.4821878
0.49221873,0.55003434
0.5486236,0.60180503
0.59381604,0.6523285
0.66521436,0.7090066
0.70650667,0.74739873
0.7443823,0.7866636
0.7833855,0.81205416
0.80142105,0.8184947
0.8038439,0.814807
0.7987676,0.8179708
0.7863609,0.8193572
0.7539269,0.7891397
0.7032316,0.74461854
0.65363073,0.7055594
0.6017778,0.6503995
0.5186825,0.57224226
0.4360405,0.4889268
0.37023064,0.38892844
0.31764024,0.34012192
0.2800793,0.30652618
0.25717616,0.29112592
0.24372177,0.28927663
0.24193124,0.30839536
0.25397894,0.33703443
0.3038254,0.38437125
0.3767983,0.435391
0.4503082,0.48423812
0.51982266,0.54143816
0.58446753,0.5718192
0.64719003,0.6103948
0.6856509,0.6436115
0.70033205,0.6546615
0.71563876,0.66132766
0.7128652,0.6774883
0.720519,0.6715549
0.7095458,0.6372461
0.6743435,0.5899644
0.6280265,0.5562605
0.5925231,0.504295
0.52665925,0.43972167
0.45514858,0.3675998
0.38656855,0.38227853
0.33469173,0.33581468
0.29784,0.31013077
0.27627015,0.29368982
0.26025814,0.29834107
0.25798753,0.3225609
0.2680613,0.3599939
0.30197945,0.41427532
0.343441,0.45944953
0.3750321,0.49216864
0.41533697,0.5263614
0.44409272,0.5490236
0.46583864,0.57336605
0.48383915,0.58850306
0.5091233,0.5946102
0.5480088,0.59574914
0.59435695,0.60978675
0.6362198,0.6156368
0.6437082,0.5963296
0.6243098,0.5640409
0.58717006,0.54283595
0.5483386,0.4954478
0.48033398,0.4377429
0.39914206,0.3741408
0.34648407,0.35335866
0.30754265,0.30890453
0.27324364,0.28738022
0.25357032,0.27531406
0.26100674,0.28412572
0.2981878,0.32166883
0.3555378,0.38224113
0.41401097,0.45241675
0.4560718,0.49797553
0.5254213,0.5346181
0.5925406,0.5916573
0.65114564,0.6426811
0.70283127,0.70049965
0.75229204,0.74300516
0.7648597,0.7640383
0.7855117,0.7753867
0.80333364,0.782223
0.80741423,0.79182446
0.7957017,0.76038724
0.7498983,0.71224797
0.71472764,0.678442
0.65156686,0.619366
0.5546596,0.53957933
0.46680322,0.45796278
0.40739077,0.4154686
0.35722762,0.36418837
0.32353908,0.33797914
0.29773203,0.32289836
0.2930896,0.3278227
0.31979704,0.36216557
0.37017277,0.41291785
0.43006045,0.48330423
0.4893075,0.53591436
0.53766066,0.57605463
0.5810295,0.6351311
0.6389802,0.6821221
0.6843302,0.7328594
0.7191945,0.77231824
0.73613554,0.78830004
0.76339066,0.7952692
0.7753776,0.80373347
0.7848584,0.81292415
0.76519436,0.7800935
0.7175163,0.7370831
0.66654474,0.69771683
0.6170081,0.63978636
0.5292558,0.561889
0.44148695,0.47842583
0.37748027,0.3898728
0.33649978,0.34525755
0.30615002,0.32100418
0.2990473,0.30507702
0.29420012,0.31405956
0.3323287,0.354523
0.38026357,0.4035114
0.42628774,0.46067417
0.4646002,0.50052553
0.4886727,0.52417666
0.5289722,0.56281585
0.57910085,0.5898286
0.61863714,0.6183513
0.65708286,0.64468074
0.6833574,0.6547326
0.70615155,0.6590167
0.7334291,0.6766032
0.75527376,0.68606913
0.74200326,0.6592539
0.70418596,0.62840325
0.6601663,0.6024302
0.60338396,0.54612744
0.5289605,0.47981304
0.44475862,0.406757
0.38368553,0.37879935
0.33950487,0.33634877
0.31223854,0.31132287
0.29422152,0.30003196
0.29192656,0.3103284
0.32181132,0.35413587
0.37178037,0.41191033
0.43109068,0.46945834
0.47700396,0.5025925
0.5354606,0.53038174
0.6007806,0.5725581
0.651311,0.6040538
0.6930887,0.6400718
0.72722185,0.67005837
0.7374567,0.6744456
0.7437578,0.6742367
0.74973685,0.6858611
0.7631718,0.6884567
0.7603102,0.65126795
0.7198288,0.6125342
0.6814346,0.58527875
0.6281705,0.5269935
0.5489719,0.45414504
0.47620332,0.382133
