true,forecasted
0.18036921,0.16691151
0.15091294,0.13626127
0.12912337,0.1215465
0.11540402,0.10199183
0.117825076,0.105755985
0.14243922,0.12725613
0.18238677,0.16585036
0.22717643,0.21571028
0.2525976,0.2520206
0.27438718,0.2879472
0.29658026,0.3193571
0.3094926,0.3499992
0.33814183,0.39310986
0.35710683,0.41544178
0.37566832,0.44955263
0.3752648,0.47429633
0.39019468,0.48278707
0.39584383,0.47472164
0.37768587,0.4794081
0.345405,0.4365711
0.31675577,0.41655865
0.2990013,0.3971291
0.24573793,0.34260845
0.191264,0.27360338
0.15091294,0.15018578
0.121456675,0.124387726
0.10128114,0.105524115
0.091596894,0.09477605
0.095228486,0.10172296
0.123474225,0.12861599
0.16987793,0.17141463
0.21507111,0.21503825
0.24452738,0.23845196
0.267931,0.2691384
0.286896,0.28314835
0.30061534,0.3068723
0.31594875,0.33531013
0.3365278,0.35382953
0.34944013,0.37074617
0.35387874,0.37881136
0.36517704,0.38720527
0.3784929,0.39166763
0.36961564,0.39434266
0.35791385,0.35697222
0.32765055,0.3340605
0.3139312,0.3081157
0.26308888,0.25403497
0.20861495,0.19702663
0.15979017,0.1689074
0.1303339,0.13894765
0.10693029,0.11692532
0.09684253,0.10164195
0.0996671,0.10298423
0.12105316,0.13435844
0.15938666,0.16573037
0.20538686,0.2027295
0.23686069,0.23703057
0.26631695,0.2754717
0.29658026,0.30177215
0.31554523,0.3345711
0.33612427,0.36758295
0.36073843,0.385556
0.37284374,0.40699467
0.3829315,0.4169858
0.4023,0.4266299
0.41198426,0.43226078
0.4023,0.4167456
0.38010693,0.38549805
0.3401594,0.36259094
0.30465046,0.321792
0.24936952,0.27839556
0.18924645,0.21920678
0.13880762,0.1351209
0.09643902,0.10434836
0.07303541,0.08065833
0.06012307,0.061228007
0.05205286,0.060335316
0.06012307,0.068625815
0.06738626,0.08365368
0.09038636,0.10165114
0.13114093,0.11944642
0.17189549,0.16536075
0.20982549,0.19548479
0.23968527,0.22961013
0.27236962,0.26565477
0.3026329,0.28711584
0.3365278,0.32095376
0.36235246,0.34054726
0.39987895,0.35530645
0.41480884,0.3641897
0.41279128,0.35729417
0.39382628,0.3113319
0.3514577,0.285234
0.30989608,0.26688996
0.25865024,0.21748039
0.19408856,0.16373612
0.13880762,0.1596146
0.10128114,0.13286363
0.07464945,0.10313303
0.055684455,0.09349164
0.048421264,0.08038566
0.048421264,0.07653167
0.048421264,0.06473744
0.07222839,0.10697412
0.10894784,0.13507012
0.14889538,0.21185187
0.16907091,0.23110172
0.1835973,0.27991104
0.19166751,0.33637205
0.19691314,0.3578829
0.19812368,0.3637474
0.20457985,0.3891176
0.22798346,0.40762928
0.2525976,0.42267832
0.25663272,0.41898727
0.23645718,0.39099097
0.22072026,0.37078527
0.21265006,0.3391914
0.1835973,0.290476
0.15131645,0.24201004
0.12024614,0.13598654
0.10208817,0.11635035
0.08675477,0.115071066
0.08473721,0.11102082
0.09442147,0.12483198
0.12912337,0.18395738
0.18279028,0.2500097
0.22273782,0.3091171
0.25380814,0.32087964
0.27075556,0.34651145
0.286896,0.33442366
0.29375568,0.35381082
0.30303642,0.3817601
0.3102996,0.3892004
0.30787855,0.38534793
0.30021185,0.3814202
0.30303642,0.39659294
0.30101886,0.38533923
0.28810653,0.36186826
0.2719661,0.3420084
0.25784323,0.3495762
0.24533442,0.3159533
0.20780793,0.2628358
0.16503581,0.21072505
0.12871987,0.1389868
0.09845657,0.12098953
0.085544236,0.10635231
0.083930194,0.09100039
0.09038636,0.10538011
0.12468476,0.14376725
0.17391305,0.19150455
0.21829921,0.2466555
0.24735196,0.2618098
0.25986078,0.27909085
0.2719661,0.26411822
0.28447494,0.28570214
0.2953697,0.31132764
0.2953697,0.30838683
0.28851002,0.30800602
0.27398366,0.31458086
0.26994854,0.3183623
0.27761525,0.31828436
0.26712397,0.31265622
0.25865024,0.29387087
0.25179058,0.2937633
0.23887824,0.2773305
0.20094825,0.22557658
0.1646323,0.18065976
0.13880762,0.14356798
0.11903561,0.122216925
0.10531625,0.1116213
0.09684253,0.09907098
0.10935136,0.10946488
0.13638656,0.14403205
0.1876324,0.19106157
0.23403612,0.2420061
0.2606678,0.26392272
0.2796328,0.28942084
0.29294866,0.28851548
0.30465046,0.31316313
0.31433472,0.34427387
0.33007163,0.34842077
0.3292646,0.3632591
0.32482597,0.37488753
0.33531725,0.3871598
0.345405,0.38958082
0.3514577,0.38750932
0.3365278,0.36168286
0.31514174,0.35210192
0.3022294,0.33741656
0.2638959,0.28740513
0.20336932,0.23349486
0.15777262,0.14776707
0.12791283,0.12070939
0.10975487,0.10390281
0.102895185,0.08639133
0.10894784,0.09171594
0.14243922,0.11468468
0.18480782,0.14194787
0.23484313,0.17813383
0.27236962,0.21290608
0.3026329,0.24495435
0.32482597,0.26092875
0.34379098,0.28893113
0.37566832,0.31370112
0.41279128,0.33692747
0.4398265,0.3564026
0.45314234,0.36763132
0.47210732,0.38153315
0.47977403,0.38695624
0.4668617,0.38631216
0.43780893,0.3662055
0.40794915,0.36077636
0.38535258,0.33645
0.34177342,0.28912744
0.2715626,0.23140977
0.26813686,0.21149924
0.26471114,0.1797194
0.26128542,0.16457061
0.2578597,0.14288843
0.254434,0.14810932
0.25100827,0.18170805
0.24758254,0.21926272
0.24415682,0.26486185
0.24073109,0.30487603
0.23730537,0.3311476
0.23387966,0.35778764
0.23045392,0.39011756
0.2270282,0.4131308
0.22360249,0.42430535
0.22017676,0.4490148
0.21675104,0.45142347
0.21332532,0.45285326
0.20989959,0.44497043
0.20647387,0.43199354
0.20304815,0.39753926
0.19962242,0.3736985
0.1961967,0.33495304
0.19277099,0.29181546
0.18934527,0.23720342
0.18591954,0.15790752
0.18249382,0.13433579
0.1790681,0.11729572
0.17564237,0.09311199
0.17221665,0.099151
0.16879094,0.117079996
0.1653652,0.13510902
0.16193949,0.1597883
0.15851377,0.17549452
0.15508804,0.2146832
0.15166232,0.21916881
0.1482366,0.26188776
0.14481087,0.2978093
0.14138515,0.31063727
0.13795944,0.33265087
0.1345337,0.34874338
0.13110799,0.36351407
0.12768227,0.3632283
0.124256544,0.3414619
0.12083082,0.30978057
0.117405094,0.30915272
0.11397938,0.2764816
0.11055365,0.22723863
0.107127935,0.18039572
0.10370221,0.09665188
0.06940381,0.057857685
0.048421264,0.035636425
0.035508927,0.014854878
0.029456269,0.01179683
0.02985978,0.01267801
0.02985978,0.010167724
0.056894988,0.01567644
0.09764955,0.05835138
0.13880762,0.10084252
0.17431656,0.14281513
0.21507111,0.16667369
0.24614143,0.19655296
0.28084335,0.22869606
0.3094926,0.24873972
0.34500152,0.2611912
0.37203673,0.2909782
0.39342278,0.30434784
0.3897912,0.3091366
0.37365076,0.2950201
0.34177342,0.27785322
0.32401896,0.25435814
0.28366792,0.22030684
0.23645718,0.1725472
0.18884294,0.20591646
0.15131645,0.16871159
0.12952688,0.1453714
0.12226369,0.13093768
0.12710582,0.13416198
0.15979017,0.15779564
0.20417634,0.19412856
0.25461516,0.23604809
0.29415917,0.27994743
0.32563302,0.32151875
0.3490366,0.3491344
0.3603349,0.3770851
0.37284374,0.4075928
0.38091394,0.44357672
0.37405428,0.45199594
0.36437002,0.45279896
0.36880863,0.4775363
0.37244022,0.48152414
0.3591244,0.46974605
0.3478261,0.4485218
0.34217694,0.42415348
0.3292646,0.38501444
0.2901241,0.33435893
0.24170281,0.26897597
0.19852719,0.20749986
0.17472006,0.17009492
0.15494804,0.14767854
0.1456673,0.12750493
0.15373752,0.13273683
0.18521135,0.16916144
0.23847473,0.2140065
0.29214165,0.24437627
0.3401594,0.2799151
0.37808937,0.3034231
0.4059316,0.32656464
0.42610714,0.3480604
0.43780893,0.37094128
0.44265106,0.39874572
0.43337032,0.40849745
0.40472108,0.40047133
0.38010693,0.4190811
0.36275598,0.42188218
0.34661555,0.4071941
0.33491376,0.37741345
0.3215979,0.356203
0.3207909,0.3281527
0.28972057,0.2826874
0.23605366,0.22401816
0.19368505,0.18816783
0.16301826,0.15311944
0.14526379,0.14126372
0.13154444,0.12440872
0.14243922,0.13702168
0.17028145,0.1913067
0.21386059,0.24844922
0.26994854,0.29437876
0.30868557,0.3183629
0.35347524,0.34380656
0.3974579,0.36346662
0.43458086,0.38480806
0.46847573,0.4103466
0.50075656,0.43191165
0.5205286,0.43743888
0.5253707,0.43200147
0.54514277,0.44668326
0.55724806,0.44462526
0.54110765,0.41266024
0.5112479,0.39451045
0.4713003,0.37761006
0.43901947,0.34285066
0.38131747,0.2855514
0.31231716,0.22451366
0.23887824,0.23154601
0.19772017,0.19482638
0.1642288,0.17671044
0.14768486,0.15427771
0.14607082,0.16214786
0.17149198,0.19248293
0.20861495,0.22879109
0.25905377,0.26620468
0.2872995,0.29563937
0.30545747,0.32417816
0.3207909,0.3371694
0.3292646,0.36978883
0.34500152,0.3943063
0.35428226,0.41184083
0.3522647,0.42261598
0.34298396,0.42208618
0.33531725,0.43521106
0.3365278,0.42224178
0.32038736,0.3989782
0.31554523,0.37115383
0.31070313,0.35838106
0.3094926,0.31603748
0.27761525,0.267819
0.230001,0.21827982
0.18722889,0.16849375
0.16059719,0.13655615
0.14082518,0.11928675
0.13235146,0.11137313
0.13638656,0.119510725
0.16503581,0.13948633
0.21184303,0.1800206
0.2606678,0.22425681
0.29052758,0.24774216
0.3135277,0.28684518
0.33168566,0.30872485
0.35186118,0.32413712
0.36921215,0.34217715
0.37687886,0.36668405
0.3704227,0.366667
0.363563,0.36339098
0.38172096,0.38504052
0.3865631,0.3738539
0.3680016,0.35870314
0.34621206,0.33700678
0.32684353,0.3116745
0.32038736,0.27584827
0.28245738,0.22617957
0.22636941,0.17464373
0.18319379,0.16125534
0.14607082,0.11861521
0.12024614,0.10575222
0.10007061,0.07996054
0.09442147,0.07613336
0.1032987,0.07291506
0.11701806,0.071893506
0.14647433,0.0962968
0.18924645,0.12249059
0.23524664,0.16376418
0.28084335,0.20347886
0.33007163,0.23737378
0.37445778,0.2625318
0.40714213,0.2868608
0.4317563,0.3128471
0.44144052,0.33017528
0.460002,0.3398072
0.47614244,0.32594064
0.4749319,0.3235845
0.46363363,0.2978014
0.42651063,0.28301397
0.3861596,0.2735524
0.33007163,0.23066679
0.267931,0.18874636
0.20780793,0.22304416
0.16584283,0.1868337
0.13638656,0.15557826
0.110561885,0.13169828
0.09805306,0.12143011
0.09442147,0.11506144
0.091193385,0.109347485
0.12226369,0.14210433
0.17794815,0.18460384
0.21829921,0.2458489
0.230001,0.27470353
0.2570362,0.33386427
0.3207909,0.3883278
0.37405428,0.4188375
0.40391406,0.44809702
0.44587916,0.47534853
0.49591446,0.49362773
0.50963384,0.4978051
0.4858267,0.49347377
0.47170383,0.46254033
0.4430546,0.44763663
0.4055281,0.4167709
0.3603349,0.36625707
0.29980832,0.3105274
0.24694845,0.26467326
0.20821144,0.22422387
0.18521135,0.20597273
0.17350954,0.18080142
0.17875516,0.18529737
0.20901845,0.22189353
0.25743973,0.2615308
0.30908906,0.3169177
0.3486331,0.36170495
0.37445778,0.4092101
0.4055281,0.44153625
0.4281247,0.47940338
0.4483002,0.5270501
0.46444064,0.548392
0.46645817,0.57655174
0.4668617,0.58743286
0.4745284,0.60321367
0.48421264,0.6018242
0.45798448,0.5895945
0.42005447,0.55160844
0.3905982,0.51190007
0.3639665,0.47845224
0.31675577,0.41952032
0.2594573,0.3487171
0.21103601,0.20529225
0.18440431,0.17568496
0.16180773,0.16734567
0.14889538,0.15241893
0.1569656,0.16265665
0.18480782,0.20075358
0.23322909,0.24949746
0.28205386,0.3064138
0.31110662,0.33236098
0.3332997,0.35960314
0.34500152,0.37405863
0.34500152,0.3976197
0.35468575,0.4120728
0.36114192,0.43057767
0.35428226,0.43648478
0.34621206,0.42823184
0.34580854,0.434433
0.3441945,0.41587692
0.3405629,0.39086878
0.32805407,0.36824313
0.31110662,0.35972878
0.31675577,0.3192419
0.28165036,0.26701385
0.23322909,0.21335165
0.19005346,0.19234166
0.15979017,0.15948994
0.13880762,0.1445112
0.12428125,0.12417273
0.13235146,0.13296992
0.15777262,0.17358305
0.20014122,0.22196074
0.24815898,0.26581684
0.28931707,0.29421636
0.32038736,0.31104326
0.3558963,0.3294383
0.38858065,0.35352603
0.4293352,0.37581924
0.4749319,0.39545944
0.5023706,0.4130356
0.52335316,0.42073286
0.52214265,0.43127742
0.5302129,0.42873648
0.5205286,0.41650525
0.49510744,0.38692266
0.4595985,0.38046527
0.43659842,0.3622483
0.3716332,0.30942395
0.29658026,0.24652006
0.23322909,0.23624834
0.19570261,0.1925415
0.16543932,0.16349886
0.14647433,0.1431129
0.15091294,0.14719398
0.17835166,0.16548324
0.22233431,0.19328038
0.27600121,0.2378819
0.31917685,0.28419143
0.36638758,0.33343858
0.41601938,0.37033805
0.45314234,0.41168192
0.50317764,0.45112583
0.54958135,0.48931238
0.58387977,0.50984555
0.61131847,0.5229413
0.63270456,0.5454003
0.6181781,0.5457772
0.5491778,0.53689986
0.48905477,0.50959605
0.4442651,0.47648188
0.4289317,0.43248013
0.38131747,0.37413147
0.31675577,0.30608806
0.25824675,0.2557968
0.2215273,0.20597239
0.1948956,0.17500234
0.17754464,0.15225326
0.17754464,0.1551558
0.20014122,0.16604994
0.2408958,0.20176454
0.2953697,0.2345843
0.3405629,0.2767685
0.40431756,0.3208623
0.4519318,0.37058836
0.49510744,0.4063929
0.54594976,0.4384711
0.5895289,0.4821255
0.630687,0.5106818
0.65126604,0.51964664
0.6742661,0.5447797
0.6754767,0.5340578
0.652073,0.51717544
0.6076869,0.47313973
0.5641077,0.42845032
0.5326339,0.39259034
0.47372139,0.33245125
0.3982649,0.26292673
0.33612427,0.33472344
0.28568545,0.2888381
0.24291335,0.25458235
0.20256229,0.22845173
0.19207102,0.22175054
0.18924645,0.22678666
0.18843943,0.23722346
0.20780793,0.2800905
0.23766771,0.32123953
0.26510644,0.38447964
0.27842227,0.41845945
0.28447494,0.47166556
0.29415917,0.51420236
0.31635228,0.5442337
0.3595279,0.5643062
0.38858065,0.5758075
0.4325633,0.5881512
0.46121255,0.581992
0.46161607,0.5619949
0.44103703,0.51849014
0.40512457,0.4853262
0.38454553,0.43798536
0.3365278,0.38473558
0.29940483,0.3238724
0.21991324,0.24585432
0.15373752,0.20587175
0.13315848,0.18953986
0.11742157,0.16244325
0.10410572,0.15392484
0.10571976,0.17708553
0.110561885,0.1912242
0.12468476,0.2341494
0.15857965,0.2810745
0.19570261,0.33881027
0.22757995,0.3721308
0.27277312,0.42416286
0.33410674,0.4817404
0.382528,0.5007563
0.41844043,0.5358794
0.44708967,0.55620265
0.46040553,0.5711649
0.4713003,0.5764274
0.40028244,0.56934434
0.32401896,0.53340346
0.28810653,0.5002917
0.25824675,0.47092673
0.22515889,0.4193805
0.17512357,0.35677895
0.13557954,0.14924577
0.108140826,0.11278504
0.09482498,0.098042555
0.0843337,0.086879164
0.087965295,0.08948583
0.11015838,0.111801825
0.14001817,0.14818685
0.17714113,0.1847663
0.2146676,0.21973234
0.25017655,0.2553075
0.29052758,0.28829086
0.33894885,0.30495825
0.37203673,0.32709524
0.39463332,0.36584422
0.4099667,0.37308884
0.42086148,0.37089974
0.4317563,0.39788738
0.4289317,0.3950502
0.421265,0.38533866
0.4055281,0.36880806
0.36315948,0.35016394
0.3288611,0.324818
0.28165036,0.27525368
0.23161505,0.21638082
0.18601836,0.18135428
0.14607082,0.13976918
0.11822859,0.12452922
0.09724604,0.1099243
0.091193385,0.10909148
0.09038636,0.13972804
0.09038636,0.1677862
0.11459699,0.22024357
0.17310603,0.2533877
0.23887824,0.31118175
0.3139312,0.3528299
0.3865631,0.39239955
0.42731765,0.44018355
0.46524766,0.4736348
0.4902653,0.49128726
0.517704,0.50854945
0.5394936,0.5232057
0.5552305,0.5268086
0.54716027,0.5156962
0.5318269,0.491688
0.48501968,0.45645425
0.4244931,0.4198496
0.36880863,0.35711646
0.32361546,0.29119858
0.25905377,0.2706544
0.20982549,0.2161585
0.172299,0.18922634
0.153334,0.15806028
0.15010592,0.15468648
0.17472006,0.17248724
0.21829921,0.18882622
0.2832644,0.23449609
0.36194897,0.29649955
0.4180369,0.35990134
0.497125,0.4266683
0.5661253,0.4909685
0.6048623,0.5509148
0.6415818,0.6081695
0.6653889,0.65659946
0.67144156,0.6897392
0.6577222,0.7137028
0.64521337,0.71439785
0.6379502,0.7098775
0.61737114,0.66244274
0.5705639,0.61490995
0.53424793,0.5743632
0.46403712,0.5045745
0.38010693,0.41962954
0.31272066,0.314775
0.26550993,0.26755407
0.23282558,0.23672865
0.210229,0.21408477
0.20457985,0.21459685
0.21829921,0.23556267
0.25986078,0.2583243
0.3215979,0.3161336
0.39261577,0.36294046
0.42086148,0.4215618
0.45758095,0.46338153
0.48744074,0.5011816
0.53101987,0.5396946
0.5689499,0.5848008
0.594371,0.5879745
0.5891254,0.5912594
0.6004237,0.6173302
0.6088974,0.6111635
0.6016342,0.58082956
0.5854938,0.5570342
0.54191464,0.5296189
0.5003531,0.47478217
0.4370019,0.4125047
0.3639665,0.33646658
0.2945627,0.29956165
0.2372642,0.25454092
0.19691314,0.22375765
0.17350954,0.20325464
0.1646323,0.20639159
0.17754464,0.23750934
0.21103601,0.27019855
0.25824675,0.3155658
0.3022294,0.3521028
0.35347524,0.40338144
0.41077372,0.43455094
0.4632301,0.4731687
0.50801975,0.5094367
0.55240595,0.52968127
0.5713709,0.5439623
0.58226573,0.5475116
0.59840614,0.56055844
0.60687983,0.5610006
0.5963886,0.53286433
0.5661253,0.50069577
0.5092303,0.4566202
0.44910723,0.40252438
0.38091394,0.3481299
0.3022294,0.28846294
0.2449309,0.25645444
0.19207102,0.21882373
0.16140422,0.18349166
0.13840412,0.16805235
0.12993039,0.16393991
0.1375971,0.17170158
0.14607082,0.19079913
0.1686674,0.23712948
0.21305357,0.277394
0.26873803,0.33109868
0.29698375,0.35906363
0.2985978,0.39036077
0.27600121,0.42894492
0.28124684,0.45392576
0.306668,0.46324328
0.3365278,0.4716192
0.36437002,0.48969233
0.37203673,0.49699923
0.35872087,0.49179763
0.34500152,0.46297193
0.3220014,0.4288657
0.31231716,0.39497134
0.27761525,0.34393567
0.22273782,0.285676
0.1835973,0.18553326
0.14768486,0.15649162
0.12508827,0.13744082
0.10935136,0.12456246
0.09442147,0.12728134
0.09442147,0.14300989
0.095632,0.16985692
0.11661454,0.21520022
0.15131645,0.23791328
0.19408856,0.2883705
0.23807122,0.30176246
0.27236962,0.32803768
0.30101886,0.3644577
0.31958035,0.3739651
0.33007163,0.37553045
0.3482296,0.38571596
0.36194897,0.39629906
0.39382628,0.39492044
0.40351054,0.38357386
0.39140522,0.36416724
0.3514577,0.34698954
0.3284576,0.31793022
0.2864925,0.26713997
0.22919399,0.22078852
0.1799657,0.18368387
0.15010592,0.14888616
0.12871987,0.123799495
0.11984263,0.10257541
0.12549178,0.100809574
0.15575507,0.1140161
0.19731666,0.12990555
0.25582567,0.16394195
0.31070313,0.19634047
0.35872087,0.24354362
0.41884395,0.269878
0.4563704,0.30653718
0.50721276,0.35036203
0.54594976,0.37525046
0.574599,0.39893058
0.58751136,0.4220078
0.612529,0.43862343
0.6254413,0.44614357
0.62221324,0.4443447
0.5963886,0.41509995
0.5427217,0.39678776
0.48905477,0.37839174
0.42086148,0.32647046
0.33451024,0.26513347
0.27115908,0.2645599
0.22757995,0.22101335
0.19287804,0.1840834
0.17552708,0.15996702
0.1727025,0.15414049
0.19449209,0.16260713
0.23565015,0.17547886
0.2985978,0.20843981
0.35428226,0.24228704
0.41077372,0.29869667
0.47251084,0.32352576
0.5092303,0.37047103
0.55966914,0.42460054
0.59961665,0.45641407
0.63633615,0.47274432
0.6516695,0.4981354
0.67224854,0.5218511
0.68233633,0.52962434
0.67507315,0.51867115
0.6367396,0.48205853
0.58751136,0.45837548
0.53828305,0.42953214
0.46363363,0.3710761
0.39301926,0.30436128
0.32321194,0.32616135
0.27479067,0.27200118
0.23847473,0.24424134
0.21547464,0.21395704
0.2106325,0.21168788
0.23443963,0.2372709
0.27922928,0.26527256
0.33975586,0.31298888
0.3974579,0.35786396
0.44628266,0.41200495
0.50842327,0.46263167
0.5665288,0.5161873
0.6189852,0.56542474
0.669424,0.61031806
0.69484514,0.6402665
0.7105821,0.6635735
0.72147685,0.6823549
0.7158277,0.6744171
0.7045294,0.65831375
0.67224854,0.6112847
0.61495006,0.57192826
0.5677393,0.53221136
0.49954605,0.4644188
0.41642287,0.38519028
0.36114192,0.34691945
0.3147382,0.29227653
0.28124684,0.262892
0.267931,0.23088464
0.27236962,0.23050858
0.3014224,0.25453073
0.34258044,0.28748107
0.3974579,0.33657464
0.46968627,0.39875033
0.5104408,0.4495176
0.56733584,0.50365055
0.6169676,0.55254954
0.65610814,0.59449947
0.68717843,0.6386423
0.7105821,0.6701022
0.71865225,0.681035
0.71744174,0.69663346
0.72268736,0.6917777
0.7077575,0.6730272
0.6819328,0.6374151
0.6254413,0.59138095
0.58105516,0.54073364
0.5064057,0.47856444
0.41884395,0.39760068
0.34580854,0.35916686
0.29940483,0.3035804
0.26107132,0.27275968
0.23605366,0.24814573
0.22838697,0.24600877
0.24412388,0.267329
0.27842227,0.3041952
0.33491376,0.35393882
0.3974579,0.3989947
0.45394936,0.44345835
0.5088268,0.4913438
0.5576516,0.5301945
0.59880966,0.55557156
0.6444063,0.5968996
0.6734591,0.6170618
0.69081,0.61953807
0.70977503,0.62931854
0.7130031,0.61380684
0.6992838,0.59230334
0.6718451,0.5554317
0.61131847,0.5119813
0.5576516,0.46491423
0.4817916,0.40371615
0.39301926,0.3336573
0.33007163,0.3175908
0.27035207,0.27448982
0.2255624,0.23674531
0.19650963,0.21197495
0.17835166,0.20232238
0.1795622,0.1970812
0.18964995,0.19547163
0.21749218,0.23798327
0.25865024,0.27971998
0.30061534,0.3462562
0.32482597,0.38197652
0.33410674,0.42717466
0.33612427,0.46708375
0.3296681,0.49530116
0.33451024,0.5067545
0.3401594,0.5190054
0.36759812,0.5340575
0.39019468,0.52888095
0.3905982,0.51206774
0.38817713,0.48195148
0.36638758,0.4496618
0.34984365,0.40589735
0.3022294,0.35515925
0.25058004,0.299388
0.1989307,0.22037777
0.15938666,0.17532599
0.13638656,0.15673329
0.11742157,0.13223226
0.11015838,0.12699178
0.108544335,0.1392587
0.1109654,0.14373398
0.13436902,0.17902802
0.1876324,0.21935193
0.24452738,0.27947855
0.2981943,0.3125456
0.35468575,0.35812697
0.4010895,0.40576735
0.4361949,0.4385847
0.4632301,0.45934528
0.48138806,0.48050433
0.5039847,0.5030988
0.5201251,0.5019399
0.5051952,0.49900067
0.4745284,0.47355118
0.4442651,0.45207873
0.42166853,0.4172304
0.3712297,0.36599925
0.3094926,0.30808577
0.26349238,0.26787737
0.2259659,0.22838281
0.20054474,0.20679979
0.18924645,0.18123135
0.18964995,0.18378863
0.22757995,0.21167703
0.27842227,0.23982184
0.33451024,0.2882326
0.38454553,0.33314955
0.43417734,0.3763196
0.48905477,0.4078851
0.53424793,0.43988663
0.57863414,0.48101267
0.6088974,0.50020534
0.62503785,0.5226501
0.6367396,0.53052795
0.6464239,0.54621464
0.6351256,0.5451255
0.6193887,0.53132653
0.574599,0.5047295
0.5189146,0.47911343
0.4285282,0.4426137
0.36154544,0.39196423
0.28851002,0.32737026
0.23565015,0.2568204
0.19691314,0.21927804
0.17149198,0.19383189
0.15777262,0.17038599
0.16059719,0.17161337
0.18682538,0.2021824
0.23524664,0.23305027
0.28568545,0.2756222
0.3220014,0.29896784
0.35186118,0.33573204
0.39140522,0.3476619
0.43659842,0.38667342
0.49147585,0.43022656
0.54877436,0.44635954
0.5891254,0.46766382
0.6008272,0.48505563
0.613336,0.50035685
0.60687983,0.49972716
0.58468676,0.49067438
0.5511954,0.44738463
0.51326543,0.42864278
0.4825986,0.4106365
0.4180369,0.3529837
0.33894885,0.29234442
0.28165036,0.2987609
0.23565015,0.24893667
0.2061939,0.21800731
0.18682538,0.1994029
0.18722889,0.20067775
0.21103601,0.23048563
0.26107132,0.2808998
0.30787855,0.332463
0.3514577,0.37392834
0.39382628,0.42609057
0.45273882,0.45628428
0.49308988,0.48673856
0.54958135,0.5437503
0.59194994,0.5869231
0.6270554,0.60488856
0.6468274,0.62132084
0.67103803,0.6562668
0.68233633,0.6529626
0.6670029,0.64780915
0.64359933,0.6015493
0.6040553,0.55959976
0.5633007,0.53246784
0.4898618,0.46114418
0.4168264,0.3755692
0.3522647,0.32483074
0.3094926,0.27924502
0.27721176,0.2508879
0.25421163,0.22469535
0.2570362,0.22749083
0.28043982,0.26711625
0.3296681,0.30224392
0.37970343,0.3546275
0.42570361,0.41496736
0.4870372,0.46599424
0.54110765,0.5150857
0.59558153,0.55810654
0.6431958,0.60354286
0.69040656,0.6343093
0.7283365,0.66545385
0.7432664,0.66953874
0.75295067,0.68750155
0.75295067,0.6883261
0.7360032,0.6672536
0.6778977,0.6287713
0.6193887,0.57799715
0.5511954,0.51438665
0.4587915,0.46271482
0.38091394,0.3858657
0.3786468,0.3115394
0.37637967,0.26551148
0.37411252,0.23193307
0.37184536,0.21532473
0.3695782,0.21438713
0.36731106,0.22963202
0.36504394,0.27576327
0.3627768,0.30954885
0.36050963,0.34481764
0.35824248,0.37726194
0.35597533,0.40484065
0.35370818,0.41913655
0.35144106,0.43307754
0.3491739,0.46210662
0.34690675,0.46423098
0.3446396,0.4538942
0.34237245,0.4732498
0.3401053,0.45963436
0.33783817,0.44193393
0.33557102,0.4113774
0.33330387,0.37331423
0.33103672,0.33132398
0.32876956,0.28562886
0.3265024,0.22625253
0.3242353,0.2449173
0.32196814,0.20680241
0.319701,0.17706923
0.31743383,0.15117554
0.31516668,0.14546068
0.31289956,0.15340756
0.3106324,0.15740646
0.30836526,0.18902904
0.3060981,0.21605885
0.30383095,0.270953
0.3015638,0.28706622
0.29929668,0.33695608
0.29702953,0.39078322
0.29476237,0.40873602
0.29249522,0.4323286
0.29022807,0.45597517
0.28796092,0.47288632
0.2856938,0.47300014
0.28342664,0.4595764
0.2811595,0.41905504
0.27889234,0.40465888
0.2766252,0.3722758
0.27435806,0.3183997
0.2720909,0.26449996
0.26982376,0.19471243
0.2675566,0.15538616
0.26528946,0.11914777
0.2630223,0.09613265
0.26075518,0.08920817
0.25848803,0.092219934
0.25622088,0.105100505
0.25395373,0.12725714
0.25168657,0.1667171
0.24941944,0.20746979
0.24715228,0.23507467
0.24488515,0.26642132
0.242618,0.31537837
0.24035084,0.3383505
0.2380837,0.3472652
0.23581655,0.36454767
0.2335494,0.38289598
0.23128226,0.39682195
0.22901511,0.4016996
0.22674796,0.37519377
0.22448082,0.35620087
0.22221367,0.33639863
0.21994652,0.29328492
0.21767938,0.23744076
0.21541223,0.13784418
0.21314508,0.10806227
0.21087794,0.08506282
0.20861079,0.066432506
0.20634364,0.07326277
0.2040765,0.10389816
0.20180935,0.1551476
0.19954221,0.19080146
0.19727506,0.22378974
0.1950079,0.24650243
0.19274077,0.26421285
0.19047362,0.28969032
0.18820646,0.3268796
0.18593933,0.33859202
0.18367217,0.36420563
0.18140502,0.37291443
0.17913789,0.38079557
0.17687073,0.39682412
0.17460358,0.39216512
0.17233644,0.3618033
0.17006929,0.33053777
0.16780214,0.31665707
0.165535,0.26399228
0.16326785,0.20211773
0.1610007,0.11887002
0.12791283,0.0786145
0.09482498,0.06957158
0.07787754,0.053081796
0.071017854,0.06431642
0.07505296,0.09076501
0.087965295,0.1222486
0.10450923,0.1579538
0.14647433,0.18623248
0.20336932,0.22955179
0.25986078,0.27428615
0.3320892,0.29898205
0.40391406,0.32739687
0.4632301,0.3645988
0.49551094,0.3852065
0.5265812,0.3967927
0.5507919,0.41897982
0.5717744,0.41227618
0.55321294,0.398386
0.5092303,0.37748015
0.47291437,0.35475516
0.41561586,0.3237674
0.35751033,0.2659287
0.28972057,0.20713331
0.23322909,0.22701177
0.1952991,0.17487833
0.16947442,0.16534181
0.14970241,0.13755625
0.13880762,0.13772237
0.13356198,0.16315126
0.1375971,0.1774474
0.14970241,0.22501229
0.20821144,0.28410402
0.28286088,0.34215775
0.35831738,0.40983155
0.421265,0.45921057
0.47654596,0.5001911
0.5140724,0.556536
0.5507919,0.5818375
0.57702005,0.5993278
0.5992132,0.6246171
0.6044588,0.6144423
0.5858973,0.5965522
0.54554623,0.5832227
0.49228287,0.55558676
0.43215978,0.50351477
0.36638758,0.4433948
0.2985978,0.37043896
0.24452738,0.22392863
0.19610612,0.17333259
0.16140422,0.15596335
0.13921113,0.12266189
0.12428125,0.13100588
0.12428125,0.17863733
0.13517603,0.20534961
0.14082518,0.22402084
0.19408856,0.2677742
0.27398366,0.30327654
0.36114192,0.3586937
0.4442651,0.40114877
0.50317764,0.43224987
0.54110765,0.47427413
0.5790376,0.49721
0.6076869,0.50183564
0.633108,0.5297982
0.6456169,0.5316638
0.64117825,0.4874853
0.6008272,0.46705937
0.56007266,0.44056746
0.5051952,0.38607505
0.4172299,0.3342271
0.35105416,0.2693558
0.2981943,0.2522798
0.25461516,0.20010273
0.22233431,0.18263148
0.20417634,0.15999007
0.210229,0.16624068
0.24452738,0.19324526
0.31877333,0.22274666
0.36437002,0.2765056
0.41400182,0.32600605
0.4862302,0.38095003
0.56451124,0.43842357
0.63351154,0.48349494
0.70009077,0.51835215
0.7581963,0.5713034
0.7908807,0.5886205
0.7985474,0.59948045
0.7945123,0.62315977
0.7860385,0.6126071
0.75900334,0.5865405
0.72268736,0.5703723
0.6847574,0.5390801
0.62140626,0.4793978
0.5354585,0.4142547
0.4632301,0.3417627
0.40754566,0.35924724
0.35791385,0.30869576
0.3179663,0.27004763
0.29577324,0.24874634
0.2913346,0.24847235
0.3175628,0.26694986
0.3865631,0.29975542
0.42570361,0.3546791
0.46161607,0.39617157
0.515283,0.45291853
0.555634,0.49132827
0.56451124,0.52955025
0.58831835,0.56471515
0.6012307,0.5918237
0.631494,0.59807557
0.6359326,0.60050905
0.65247655,0.60080004
0.6532836,0.585655
0.6415818,0.5651537
0.61131847,0.53707415
0.5879149,0.48955098
0.52617776,0.43115416
0.4483002,0.3703014
0.36880863,0.31309745
0.31070313,0.29696664
0.26994854,0.25703275
0.23686069,0.22235392
0.21345708,0.20718226
0.21224655,0.20512669
0.24049228,0.21762806
0.30707154,0.2437907
0.345405,0.28887126
0.36194897,0.32808173
0.38010693,0.3806658
0.40472108,0.40135005
0.4055281,0.42718515
0.4131948,0.45691943
0.41521233,0.4715511
0.42530012,0.4715695
0.4248966,0.47277737
0.4398265,0.4832143
0.44668618,0.48563448
0.4370019,0.47589415
0.41924745,0.45100296
0.42207202,0.41171488
0.3861596,0.3696073
0.32280844,0.32258454
0.26591346,0.27112433
0.22233431,0.2294597
0.1880359,0.19432713
0.16705337,0.16652884
0.15656209,0.1501615
0.15979017,0.1451282
0.19166751,0.15865143
0.25824675,0.18163626
0.29415917,0.2165263
0.31272066,0.24827553
0.3292646,0.29238766
0.3478261,0.31414983
0.3591244,0.33925924
0.38535258,0.37380806
0.4123878,0.3859975
0.43659842,0.4007167
0.44265106,0.40714413
0.43498436,0.4180503
0.42086148,0.42148557
0.39463332,0.42012495
0.3603349,0.38665882
0.3441945,0.35360533
0.3139312,0.33262506
0.2675275,0.2893777
0.21345708,0.23848817
0.16947442,0.15391019
0.14042167,0.11960995
0.116211034,0.098634504
0.098860085,0.07741897
0.08675477,0.07632424
0.095632,0.085803755
0.115807526,0.10824347
0.13235146,0.119886935
0.16382527,0.14264753
0.19610612,0.17256984
0.21265006,0.19766837
0.2295975,0.21695657
0.25058004,0.24144362
0.27358013,0.25414124
0.28043982,0.27485722
0.2953697,0.28079218
0.29940483,0.29710704
0.2981943,0.2958431
0.2788258,0.28801894
0.25219408,0.2520444
0.24896601,0.22577676
0.21950974,0.21152778
0.17794815,0.1746123
0.13598305,0.13305362
0.09684253,0.1059072
0.07021084,0.06956453
0.049631797,0.06526757
0.041561585,0.04259616
0.032280844,0.035962634
0.03873701,0.038611103
0.048824776,0.037853424
0.064965196,0.059121296
0.09643902,0.09371002
0.12549178,0.13696276
0.15171996,0.18558767
0.1880359,0.2129144
0.22314133,0.24106757
0.24735196,0.2610578
0.2751942,0.2896902
0.3102996,0.306171
0.33773834,0.3209383
0.3567033,0.31713286
0.35629982,0.31836182
0.33087865,0.29708478
0.31998387,0.27258164
0.2719661,0.256287
0.2146676,0.22284937
0.17391305,0.17904954
0.13800061,0.14920901
0.11459699,0.11706029
0.09845657,0.10889851
0.08998285,0.08521117
0.098860085,0.09042805
0.13356198,0.120254256
0.20336932,0.13900718
0.2412993,0.18113819
0.26187834,0.22147307
0.29980832,0.27149826
0.32482597,0.30210337
0.3514577,0.34766138
0.38172096,0.3979641
0.4123878,0.42207456
0.44587916,0.45527402
0.46928275,0.47667056
0.4983355,0.497425
0.50075656,0.50183415
0.48824775,0.4974035
0.4515283,0.46774554
0.43337032,0.4453282
0.37647533,0.40990105
0.30868557,0.3574699
0.2485625,0.2970181
0.2467987,0.22623718
0.2450349,0.18887742
0.2432711,0.17341565
0.24150729,0.14632559
0.2397435,0.1497282
0.2379797,0.18093088
0.2362159,0.22324504
0.2344521,0.2595229
0.23268831,0.30347994
0.2309245,0.32101563
0.22916071,0.35263497
0.2273969,0.3753546
0.22563311,0.38744572
0.22386931,0.4075469
0.22210552,0.4339322
0.22034171,0.42952526
0.21857792,0.4346017
0.21681412,0.43746358
0.21505032,0.4349587
0.21328652,0.39431423
0.21152273,0.36811295
0.20975892,0.347132
0.20799513,0.31170994
0.20623133,0.25071627
0.20446752,0.18574725
0.20270373,0.16273485
0.20093992,0.14755404
0.19917613,0.122489184
0.19741233,0.13192296
0.19564854,0.1705667
0.19388473,0.22141616
0.19212094,0.2651691
0.19035713,0.2946471
0.18859334,0.3150636
0.18682954,0.31794578
0.18506575,0.3530539
0.18330194,0.39712858
0.18153815,0.4043425
0.17977434,0.4328308
0.17801055,0.44579887
0.17624675,0.4599406
0.17448296,0.4618396
0.17271915,0.44484195
0.17095536,0.4042607
0.16919155,0.39485458
0.16742775,0.37383404
0.16566396,0.31935877
0.16390015,0.2554116
0.16213636,0.11734682
0.16037256,0.09544484
0.15860876,0.07934264
0.15684496,0.065700516
0.15508117,0.07693635
0.15331736,0.112211406
0.15155357,0.16089554
0.14978977,0.19395727
0.14802597,0.21949197
0.14626217,0.23882964
0.14449838,0.24675733
0.14273457,0.2540837
0.14097078,0.28044862
0.13920698,0.2874073
0.13744318,0.2977015
0.13567938,0.29935437
0.13391559,0.3169666
0.13215178,0.33033544
0.13038798,0.32377106
0.12862419,0.30335695
0.12686038,0.28724548
0.12509659,0.27254847
0.12333279,0.22769123
0.12156899,0.1750558
0.119805194,0.09440611
0.118041396,0.074250296
0.1162776,0.06822088
0.11451379,0.053225026
0.112749994,0.06469769
0.110986196,0.10848414
0.1092224,0.14980039
0.1074586,0.17869066
0.1056948,0.19246969
0.103931,0.20970786
0.102167204,0.21660516
0.100403406,0.22612116
0.09863961,0.24447297
0.09687581,0.23950009
0.09511201,0.25405806
0.09334821,0.24834807
0.091584414,0.25751665
0.089820616,0.26722464
0.08805682,0.25237566
0.08629302,0.23120342
0.08452922,0.21611877
0.08276542,0.19562508
0.081001624,0.15801145
0.079237826,0.120069385
0.07747402,0.08014177
0.055684455,0.053313196
0.040351056,0.04817926
0.026631696,0.033682354
0.024614142,0.037855007
0.027035207,0.058735732
0.040351056,0.07759059
0.05245637,0.10274092
0.083526686,0.12551327
0.11459699,0.15357643
0.14122869,0.17464212
0.1686674,0.19287835
0.19247453,0.21055517
0.20861495,0.219801
0.22757995,0.23317924
0.2449309,0.24081822
0.25380814,0.25483152
0.26308888,0.25447103
0.25905377,0.2494543
0.2562292,0.23654734
0.24533442,0.22662221
0.21224655,0.21218926
0.172299,0.17649099
0.13477252,0.13941349
0.106123276,0.12295985
0.085947745,0.09029889
0.07464945,0.09571814
0.068596795,0.07343465
0.08110562,0.07704664
0.11822859,0.10930888
0.1840008,0.13007338
0.22636941,0.17864564
0.24815898,0.22307724
0.26631695,0.2582235
0.28407142,0.29511434
0.30384344,0.32562158
0.31998387,0.3554475
0.3292646,0.37778455
0.33007163,0.4038972
0.3252295,0.4174685
0.33128217,0.42684716
0.33007163,0.42076668
0.31594875,0.42067716
0.29779077,0.40570077
0.2945627,0.3960103
0.24412388,0.36677626
0.19691314,0.32382172
0.15131645,0.26736546
0.12024614,0.114963785
0.10007061,0.08922115
0.08514073,0.0835871
0.07585998,0.067551225
0.08715828,0.08135871
0.12064965,0.121440046
0.18884294,0.15442753
0.23040453,0.17973693
0.24533442,0.20224164
0.25986078,0.21736377
0.27680823,0.2259959
0.28810653,0.22924277
0.3094926,0.23389597
0.31675577,0.24393184
0.32805407,0.23992184
0.3288611,0.22714068
0.3409664,0.2406355
0.34621206,0.24229744
0.3369313,0.2250829
0.32240492,0.23035352
0.3179663,0.2304823
0.2832644,0.19906197
0.2215273,0.1612445
0.17189549,0.122811034
0.13679007,0.13758898
0.11338646,0.10441576
0.09926359,0.09587766
0.08836881,0.08049342
0.095632,0.08994445
0.12952688,0.11346042
0.19691314,0.14310272
0.23565015,0.1780769
0.25663272,0.20242906
0.27761525,0.23326889
0.30505398,0.25789386
0.33128217,0.26382884
0.36235246,0.28187317
0.38535258,0.30019882
0.41117725,0.3041294
0.4244931,0.30341882
0.4450721,0.3235622
0.4474932,0.31219164
0.43458086,0.2997055
0.40472108,0.29602998
0.38494906,0.28616652
0.33087865,0.26146805
0.26147482,0.21556732
0.21143952,0.16977227
0.17028145,0.16898261
0.14042167,0.13306879
0.12064965,0.115433104
0.112175934,0.09511
0.117825076,0.10271721
0.1492989,0.12310565
0.21345708,0.1503145
0.25017655,0.17757505
0.26954505,0.19965719
0.2985978,0.23951334
0.32765055,0.2749332
0.36517704,0.29343033
0.3861596,0.31940088
0.42005447,0.33969083
0.44708967,0.35631528
0.4595985,0.3578294
0.47331786,0.372238
0.4595985,0.36366603
0.4293352,0.33802575
0.40149298,0.31680056
0.38535258,0.28946465
0.3332997,0.25226313
0.267931,0.20240319
0.21910623,0.15515904
0.1795622,0.1601851
0.14486028,0.12392248
0.12710582,0.10152929
0.115807526,0.08686522
0.1186321,0.09008675
0.14647433,0.100429736
0.20901845,0.12995867
0.24533442,0.15427378
0.26591346,0.1797306
0.30182588,0.22001699
0.33128217,0.25237757
0.35710683,0.26513067
0.3897912,0.29569605
0.4180369,0.3152854
0.43337032,0.32053658
0.4478967,0.32329738
0.46121255,0.3450902
0.45435286,0.33520308
0.421265,0.31479403
0.36679107,0.29749185
0.33572078,0.26866063
0.28568545,0.23064394
0.23686069,0.18579832
0.17915869,0.13864918
0.12831636,0.12216562
0.093614444,0.08684729
0.070614345,0.07330576
0.056491476,0.053048626
0.05164935,0.05108515
0.05971956,0.05498106
0.08271966,0.06145443
0.10894784,0.07057293
0.13275497,0.095258646
0.16503581,0.13382775
0.17875516,0.16670494
0.19166751,0.18382466
0.20538686,0.20575108
0.22031675,0.22605307
0.23807122,0.24327525
0.25340462,0.24747868
0.27277312,0.26352248
0.28205386,0.25812027
0.2675275,0.2495531
0.24452738,0.22882426
0.21950974,0.20948572
0.18561485,0.18365555
0.09442147,0.14959991
0.106123276,0.11172964
0.06980732,0.07406749
0.045596693,0.043298785
0.028649248,0.035007127
0.021386059,0.02255518
0.016140422,0.023119258
0.021386059,0.027873136
0.034298398,0.04161752
0.048824776,0.06787693
0.07424594,0.0936155
0.11177242,0.13222463
0.13800061,0.15706435
0.16584283,0.18237191
0.20014122,0.20835085
0.22273782,0.23217647
0.25582567,0.2391226
0.2719661,0.25402772
0.29214165,0.27295867
0.2990013,0.26581886
0.29415917,0.26879108
0.28972057,0.25839722
0.28245738,0.2532262
0.24412388,0.23512639
0.20094825,0.19460915
0.16301826,0.15497173
0.14445677,0.16270392
0.12266721,0.13394202
0.11136891,0.121409975
0.10935136,0.109540954
0.11984263,0.121798076
0.1610007,0.15895435
0.22838697,0.21609776
0.27236962,0.2683231
0.29496622,0.29655236
0.30707154,0.3192925
0.32684353,0.33061734
0.33612427,0.34930807
0.35105416,0.37135002
0.35468575,0.39099282
0.35468575,0.40129396
0.3486331,0.40083426
0.33854535,0.41504285
0.33612427,0.4096786
0.3288611,0.40571812
0.33451024,0.37649333
0.32563302,0.3592827
0.28891355,0.3376476
0.2412993,0.2855775
0.19328155,0.22733118
0.1646323,0.1813337
0.14122869,0.15056744
0.12428125,0.13231498
0.12064965,0.11584577
0.12750933,0.12389444
0.1610007,0.16578133
0.22354484,0.21763846
0.26550993,0.252283
0.2913346,0.27040803
0.31110662,0.28518477
0.3369313,0.2898833
0.3514577,0.3027493
0.37365076,0.31984106
0.39705437,0.32555494
0.40431756,0.32751963
0.4176334,0.3202563
0.42207202,0.32686344
0.41642287,0.33110443
0.3910017,0.31982428
0.37566832,0.292265
0.36759812,0.27413127
0.3175628,0.25817618
0.26228186,0.21371579
0.21265006,0.16658816
0.1795622,0.20219237
0.15131645,0.17185824
0.13679007,0.1474919
0.13073741,0.13592985
0.13638656,0.14058857
0.17108847,0.17805405
0.23807122,0.2291532
0.286896,0.2655476
0.29980832,0.2824306
0.3175628,0.3074655
0.33531725,0.31041414
0.33572078,0.32483324
0.34742257,0.35056606
0.35710683,0.36026546
0.36235246,0.35880107
0.34701908,0.3549077
0.34136993,0.36609966
0.3332997,0.36769304
0.33047512,0.35450518
0.33612427,0.3226751
0.32684353,0.3009932
0.29415917,0.27913797
0.2408958,0.23037556
0.19852719,0.18067557
0.16705337,0.19487572
0.14808837,0.16567816
0.12993039,0.15153895
0.11822859,0.13415878
0.12670231,0.14443646
0.15938666,0.19188954
0.23121154,0.24190454
0.28084335,0.28599516
0.29052758,0.3013522
0.305861,0.32251886
0.32401896,0.3255056
0.3284576,0.34887516
0.33128217,0.37093887
0.33451024,0.3778408
0.33370322,0.3798918
0.33128217,0.3780551
0.33531725,0.38332254
0.33087865,0.38030902
0.32361546,0.36406288
0.32119438,0.33713728
0.3220014,0.32453308
0.28972057,0.3006028
0.24533442,0.25090614
0.19045697,0.20472364
0.18811661,0.1780983
0.18577625,0.14472887
0.18343589,0.12870765
0.18109553,0.119458586
0.17875516,0.13010181
0.1764148,0.15819179
0.17407444,0.21960184
0.17173408,0.2592467
0.16939372,0.28298268
0.16705337,0.2995982
0.16471301,0.32281423
0.16237265,0.3213292
0.16003229,0.32289806
0.15769193,0.3430884
0.15535156,0.34073833
0.1530112,0.32447714
0.15067084,0.33799046
0.14833048,0.3215973
0.14599012,0.30380338
0.14364976,0.28805572
0.1413094,0.26242238
0.13896903,0.23066626
0.13662867,0.18722624
0.13428831,0.13646789
0.13194795,0.11398992
0.10208817,0.08766633
0.08150913,0.07435321
0.06738626,0.05877398
0.06375466,0.06136544
0.06980732,0.07228821
0.08998285,0.08406799
0.10894784,0.11386819
0.13679007,0.13486955
0.16987793,0.17376423
0.20054474,0.192274
0.23443963,0.21267846
0.2570362,0.23940584
0.2788258,0.24407034
0.30021185,0.2597619
0.32361546,0.26750523
0.3409664,0.2782581
0.35347524,0.28134838
0.3369313,0.27283916
0.30343992,0.25855744
0.27479067,0.24200065
0.23928176,0.22141288
0.18238677,0.18108937
0.14808837,0.14519875
0.10693029,0.14617448
0.078281045,0.113108054
0.058912538,0.09876116
0.047210734,0.07095842
0.039544035,0.071247265
0.044789672,0.07993704
0.054877434,0.082545646
0.07182488,0.11186835
0.0996671,0.15677065
0.14042167,0.20391554
0.17835166,0.23692986
0.22072026,0.2776033
0.26107132,0.3244654
0.2985978,0.3446795
0.3284576,0.3793818
0.363563,0.40259898
0.39584383,0.41787693
0.41117725,0.42290375
0.4018965,0.41949806
0.3748613,0.40150857
0.34379098,0.38918692
0.286896,0.36502767
0.23403612,0.31786534
0.18521135,0.26493174
0.15535156,0.1605927
0.12993039,0.12757333
0.10773732,0.11403226
0.10007061,0.09563023
0.108140826,0.10729727
0.14324625,0.13991638
0.20861495,0.19181748
0.25663272,0.24515581
0.2751942,0.28793257
0.31110662,0.32900488
0.35629982,0.37208483
0.38494906,0.4034715
0.42287904,0.44789094
0.46847573,0.48026142
0.5055987,0.52097696
0.5281953,0.53640646
0.55361646,0.55335927
0.5628972,0.5518971
0.5398971,0.54784626
0.49793202,0.5054965
0.45838797,0.46357933
0.39261577,0.42969397
0.31514174,0.367602
0.25138706,0.29128423
0.21265006,0.21253031
0.17754464,0.17197645
0.15171996,0.14409399
0.14001817,0.11924553
0.14526379,0.124093674
0.17754464,0.15348384
0.24210632,0.19857462
0.28487843,0.22916299
0.30424696,0.267452
0.33975586,0.30736378
0.39019468,0.34714034
0.4244931,0.38045034
0.46807224,0.42830992
0.51972157,0.4615694
0.5544235,0.4974958
0.5778271,0.51624864
0.59598505,0.53631556
0.6020377,0.5408406
0.572985,0.52702284
0.52940583,0.4787144
0.49187934,0.43755925
0.42368606,0.41086122
0.34177342,0.35098812
0.26873803,0.27293745
0.23161505,0.21905485
0.19852719,0.18099242
0.17310603,0.1574442
0.15857965,0.13785008
0.15938666,0.14688154
0.19247453,0.16691731
0.25461516,0.21301664
0.2985978,0.26709828
0.31312418,0.3043969
0.35065067,0.35707062
0.38777363,0.39606875
0.43861595,0.43983588
0.48663372,0.49244502
0.5314234,0.5332767
0.54837084,0.5640539
0.555634,0.5882275
0.555634,0.6075868
0.54473925,0.58903384
0.5128619,0.5706939
0.48663372,0.5266012
0.45233533,0.49576005
0.3910017,0.4493178
0.33087865,0.38029632
0.2642994,0.29995835
0.2255624,0.21128586
0.18561485,0.17089029
0.16301826,0.14185685
0.15171996,0.12705159
0.15535156,0.12601784
0.18440431,0.1418267
0.25340462,0.18705206
0.29779077,0.21514764
0.31191364,0.24388582
0.3296681,0.27409095
0.35105416,0.30186826
0.36598405,0.31274956
0.3784929,0.3316256
0.39221224,0.3580199
0.37808937,0.35313174
0.35791385,0.3431769
0.34580854,0.351286
0.34258044,0.34386644
0.33168566,0.33246237
0.3369313,0.30904508
0.32321194,0.2752547
0.2864925,0.24032745
0.2412993,0.19660154
0.19973771,0.14578256
0.19684726,0.14865038
0.1939568,0.11689381
0.19106635,0.10767599
0.1881759,0.095962375
0.18528545,0.09504474
0.182395,0.110429205
0.17950454,0.14562951
0.17661409,0.1783137
0.17372364,0.20324777
0.17083319,0.23844716
0.16794273,0.25794616
0.16505228,0.2742407
0.16216183,0.29624125
0.15927137,0.31177464
0.15638092,0.3171757
0.15349047,0.31756288
0.15060002,0.32950252
0.14770956,0.3181698
0.14481911,0.30750224
0.14192866,0.29214573
0.1390382,0.2764395
0.13614775,0.24838151
0.1332573,0.20601779
0.13036685,0.16462617
0.1274764,0.074313164
0.12458594,0.05711669
0.12169549,0.045961253
0.118805036,0.03533472
0.115914576,0.03867381
0.11302412,0.051277854
0.11013367,0.0669321
0.10724322,0.08611673
0.104352765,0.1053772
0.10146231,0.13416702
0.09857186,0.13000286
0.09568141,0.14873503
0.092790954,0.16704054
0.0899005,0.1666768
0.08701005,0.16443005
0.084119596,0.17236592
0.08122914,0.18547548
0.07833869,0.18778351
0.07544824,0.18846251
0.072557785,0.18528719
0.06966733,0.19050026
0.06677688,0.16993818
0.06388643,0.14270648
0.06099597,0.11756943
0.058105517,0.06021521
0.0460002,0.047040243
0.039544035,0.03539689
0.032280844,0.023714885
0.034298398,0.02648647
0.043175627,0.04195627
0.062140625,0.053344764
0.09240391,0.06985125
0.12307072,0.09573373
0.1456673,0.11587128
0.1573691,0.113586634
0.16019368,0.13250066
0.1573691,0.1424114
0.15494804,0.1387064
0.14687784,0.13800085
0.14364976,0.1402686
0.15898316,0.14704166
0.17552708,0.16323115
0.18157974,0.17204176
0.20135176,0.17396243
0.1993342,0.17828189
0.17149198,0.16027702
0.14849187,0.14052272
0.12468476,0.12003258
0.10571976,0.09748754
0.09401795,0.078568846
0.091596894,0.08034787
0.093210936,0.06748827
0.11015838,0.07532082
0.14526379,0.10014809
0.20942198,0.13388266
0.26268536,0.1919002
0.27115908,0.22631326
0.28003633,0.25153354
0.27842227,0.2733786
0.2788258,0.29199255
0.27317664,0.30250272
0.2764047,0.30676174
0.27680823,0.32774898
0.25461516,0.3371495
0.25340462,0.3306801
0.2562292,0.3224701
0.25824675,0.3447438
0.27600121,0.3249761
0.26954505,0.30864894
0.23121154,0.29511172
0.19287804,0.25643057
0.16019368,0.21467847
0.14001817,0.12605745
0.12307072,0.11487162
0.114193484,0.11167241
0.113789976,0.09370287
0.13154444,0.10723593
0.17593059,0.1435503
0.24533442,0.17548491
0.29940483,0.21693453
0.30424696,0.23913041
0.29779077,0.25551897
0.29214165,0.24640888
0.28931707,0.26999018
0.28205386,0.28728515
0.28084335,0.27498767
0.2719661,0.28353378
0.25865024,0.2884072
0.25461516,0.28343955
0.25501865,0.287841
0.2570362,0.27510655
0.2832644,0.2667389
0.27479067,0.2745445
0.24210632,0.24820201
0.20498335,0.20941287
0.16987793,0.17494352
0.15050943,0.15931676
0.13719359,0.14424367
0.13154444,0.14133798
0.12952688,0.13341
0.15171996,0.15006147
0.18521135,0.18540363
0.25986078,0.23114184
0.30505398,0.28028914
0.30707154,0.28277892
0.2981943,0.28998604
0.29335216,0.26398557
0.29173812,0.26709068
0.28931707,0.27919373
0.28851002,0.26974362
0.27922928,0.26221502
0.27680823,0.26336557
0.2675275,0.2593436
0.27398366,0.25266758
0.27075556,0.25318772
0.28124684,0.24078959
0.27075556,0.25833812
0.23363261,0.23997812
0.20135176,0.19355473
0.1610007,0.15870257
0.13800061,0.16062124
0.1186321,0.13513753
0.10491274,0.11992817
0.10450923,0.105329335
0.12105316,0.11551412
0.15212348,0.15272696
0.21708867,0.20067708
0.26228186,0.23154134
0.27358013,0.25325757
0.28043982,0.27187112
0.28851002,0.27245897
0.2945627,0.27463195
0.3062645,0.29056653
0.3135277,0.29010922
0.31635228,0.28704792
0.31514174,0.2735954
0.3220014,0.27837354
0.3175628,0.28118894
0.30868557,0.26501626
0.31110662,0.25761467
0.2901241,0.23845385
0.25058004,0.20390774
0.210229,0.16274801
0.172299,0.12218256
0.13921113,0.15363955
0.112175934,0.12768967
0.09764955,0.10881247
0.093614444,0.10213043
0.10168466,0.1125583
0.13436902,0.13714574
0.19328155,0.18383884
0.24694845,0.22131288
0.25098357,0.23394555
0.26550993,0.26031983
0.27236962,0.25898892
0.27721176,0.25931168
0.28568545,0.2772237
0.29335216,0.28909197
0.286896,0.27818772
0.286896,0.26958138
0.28931707,0.28430012
0.28487843,0.2756791
0.26631695,0.2646505
0.2683345,0.25191975
0.2485625,0.24012266
0.21870272,0.21003115
0.1799657,0.16140272
0.1375971,0.118464485
0.106526785,0.11908895
0.08675477,0.09310678
0.070614345,0.07879067
0.064965196,0.06282729
0.061737113,0.06130077
0.07343892,0.06909267
0.09724604,0.08647949
0.12589529,0.11385081
0.14647433,0.14538169
0.16543932,0.17073107
0.1799657,0.19240801
0.18238677,0.19893461
0.18198325,0.19812123
0.17391305,0.21138959
0.16221124,0.20094252
0.15777262,0.18779494
0.16301826,0.19148968
0.16221124,0.19723126
0.1686674,0.19800211
0.17593059,0.20702831
0.1686674,0.1965685
0.14405327,0.16759756
0.12024614,0.14831828
0.08998285,0.1157031
0.06052658,0.07447907
0.0536669,0.04742158
0.043175627,0.049731754
0.03792999,0.03194137
0.039947543,0.03515117
0.050438818,0.050813187
0.068596795,0.053925518
0.09643902,0.07284325
0.12508827,0.09761675
0.15131645,0.12101333
0.14808837,0.13686475
0.15535156,0.14662364
0.1646323,0.14078708
0.16019368,0.14806484
0.15454453,0.14153844
0.15373752,0.13835551
0.16624634,0.14928192
0.17714113,0.13934565
0.19328155,0.14242981
0.21708867,0.16158096
0.20498335,0.174702
0.1799657,0.1557772
0.15494804,0.13588046
0.13557954,0.11987291
0.1150005,0.1356028
0.11136891,0.11946261
0.10410572,0.10842154
0.106526785,0.10224277
0.121456675,0.117376275
0.16786039,0.16478963
0.23322909,0.2235204
0.28124684,0.27988064
0.30101886,0.3015346
0.3147382,0.3170541
0.3220014,0.31158984
0.32119438,0.31998202
0.31635228,0.32843414
0.30868557,0.328225
0.29779077,0.3203888
0.28366792,0.3140825
0.28447494,0.31317887
0.28891355,0.31222895
0.29658026,0.31709486
0.30707154,0.30915314
0.2864925,0.29871196
0.25542217,0.2727386
0.20538686,0.22973597
0.17835166,0.18701336
0.1573691,0.15636893
0.13719359,0.13518997
0.12589529,0.12617859
0.12750933,0.10941988
0.14526379,0.12135545
0.17633411,0.16664355
0.24815898,0.21127506
0.29254514,0.25301012
0.29980832,0.27870858
0.30465046,0.28702772
0.31312418,0.2825502
0.30747503,0.29736242
0.305861,0.30242774
0.305861,0.30026713
0.29214165,0.30046704
0.27438718,0.29623622
0.26994854,0.2984403
0.2764047,0.296973
0.28124684,0.29473487
0.3022294,0.28604007
0.2981943,0.2909152
0.27277312,0.27016053
0.23201856,0.2353243
0.20135176,0.19487526
0.17391305,0.1641002
0.16019368,0.15125787
0.15454453,0.13316952
0.1573691,0.13450645
0.17472006,0.14377092
0.21143952,0.17755038
0.28810653,0.23822014
0.34298396,0.28561446
0.34217694,0.29179537
0.33531725,0.29860795
0.32240492,0.26869845
0.30747503,0.2623932
0.3014224,0.2767893
0.3014224,0.2643269
0.29052758,0.24994943
0.2715626,0.2429175
0.2719661,0.2465448
0.27075556,0.24796888
0.27358013,0.24744587
0.29294866,0.22627981
0.28205386,0.23012827
0.25179058,0.21764101
0.20982549,0.17727977
0.18077272,0.13534318
0.1529305,0.14715254
0.13961464,0.12491968
0.12871987,0.11168622
0.12549178,0.098568216
0.14647433,0.11306912
0.17794815,0.15431212
0.24936952,0.21778424
0.2990013,0.2590858
0.30021185,0.2862717
0.31151015,0.27976605
0.31514174,0.27994666
0.30868557,0.27575567
0.3135277,0.2680584
0.3135277,0.2706441
0.30787855,0.2684547
0.29496622,0.24867956
0.2901241,0.2469893
0.29294866,0.24618784
0.2990013,0.24506496
0.29658026,0.23232065
0.28205386,0.22170945
0.25138706,0.2028175
0.20861495,0.16756433
0.17794815,0.12345495
0.14889538,0.14638907
0.12912337,0.12879577
0.11661454,0.11473844
0.11459699,0.11191359
0.121860184,0.11945508
0.16019368,0.13131164
0.21265006,0.16385308
0.26470292,0.2143862
0.27922928,0.22891124
0.28851002,0.25516075
0.29415917,0.25524962
0.30061534,0.25532866
0.29294866,0.25024557
0.28972057,0.24746247
0.27600121,0.22975597
0.26591346,0.21861486
0.25824675,0.21774447
0.2562292,0.19901888
0.25138706,0.20134118
0.25865024,0.20717321
0.24049228,0.20702691
0.21547464,0.18072562
0.19045697,0.14760664
0.15050943,0.1231558
0.12428125,0.13441527
0.108140826,0.11284621
0.09805306,0.09648887
0.09401795,0.0856401
0.10208817,0.09360159
0.11742157,0.11291186
0.15050943,0.14606729
0.1835973,0.17533946
0.2065974,0.20045283
0.210229,0.21649289
0.2146676,0.21678388
0.21305357,0.22463496
0.20377283,0.22858511
0.19408856,0.22736691
0.19086048,0.22418964
0.17714113,0.22098307
0.17875516,0.22686279
0.17149198,0.22490512
0.17552708,0.2261728
0.19247453,0.2178763
0.18157974,0.2151636
0.1642288,0.19244212
0.13840412,0.16290362
0.1032987,0.13273004
0.08715828,0.08204645
0.06940381,0.050932582
0.062947646,0.04525765
0.05770201,0.03575541
0.06012307,0.036988758
0.06980732,0.05774666
0.09280743,0.08644637
0.12549178,0.1001867
0.14324625,0.13204333
0.16180773,0.14872885
0.16342176,0.15792406
0.16342176,0.15833205
0.16382527,0.15916704
0.15414102,0.1719516
0.14203571,0.16813788
0.14082518,0.16357507
0.15010592,0.18014607
0.15979017,0.17978501
0.17794815,0.19698867
0.21265006,0.20563893
0.21103601,0.2109904
0.1880359,0.20083044
0.16987793,0.1809414
0.1569656,0.15425159
0.14203571,0.15527478
0.14243922,0.14367087
0.14243922,0.14976245
0.15212348,0.14775485
0.17350954,0.16846469
0.22757995,0.21414833
0.30303642,0.27461037
0.35508928,0.3284627
0.36315948,0.34222645
0.35468575,0.33961332
0.34298396,0.32453284
0.32038736,0.31036407
0.31070313,0.29775715
0.30505398,0.2972924
0.29294866,0.28266
0.28366792,0.26429564
0.2755977,0.26562572
0.2832644,0.25214887
0.2901241,0.244042
0.3102996,0.25030208
0.28891355,0.2625149
0.2606678,0.23668325
0.21668516,0.1935612
0.1835973,0.15133095
0.16180773,0.15942626
0.14647433,0.13595197
0.13921113,0.1380371
0.13800061,0.12199563
0.1529305,0.13481672
0.19691314,0.16959816
0.25905377,0.2085787
0.3102996,0.25155514
0.31917685,0.27570564
0.31191364,0.27799526
0.3102996,0.2813809
0.3062645,0.28413448
0.31070313,0.27204493
0.3147382,0.2777373
0.3171593,0.2765669
0.30908906,0.2650174
0.3147382,0.25969395
0.3102996,0.2604024
0.30787855,0.26277748
0.3215979,0.26579094
0.30061534,0.27300906
0.26914153,0.2536997
0.22233431,0.21339005
0.18924645,0.17480586
0.15898316,0.1912978
0.13719359,0.17035249
0.121860184,0.15529148
0.114193484,0.13860942
0.12508827,0.15141232
0.16221124,0.1938247
0.22435187,0.23429917
0.27761525,0.27868667
0.29173812,0.3048887
0.30101886,0.31137756
0.30303642,0.3072226
0.30707154,0.3160541
0.3094926,0.31645614
0.31070313,0.3025676
0.305861,0.29994684
0.29658026,0.28772742
0.29698375,0.28691
0.30182588,0.29741225
0.30465046,0.2837615
0.31675577,0.28129047
0.30101886,0.27925572
0.2719661,0.25962302
0.2259659,0.22724265
0.191264,0.19054358
0.1610007,0.1915321
0.13961464,0.16274743
0.12226369,0.1401325
0.1150005,0.12973042
0.121456675,0.13913526
0.16180773,0.18154664
0.22273782,0.23250909
0.27317664,0.27729526
0.28205386,0.3016431
0.29415917,0.32012588
0.30545747,0.32112324
0.30908906,0.33826756
0.31151015,0.35182533
0.32361546,0.3565406
0.32240492,0.3523151
0.30707154,0.3455403
0.30989608,0.34877285
0.30828205,0.35798642
0.30505398,0.3488012
0.3175628,0.33433408
0.3062645,0.31548557
0.27761525,0.28107804
0.23766771,0.23656845
0.19247453,0.1914034
0.16705337,0.20380464
0.14284272,0.17043972
0.12831636,0.15517962
0.11701806,0.14320952
0.13315848,0.15428285
0.15898316,0.1903453
0.22314133,0.2399608
0.27236962,0.27718034
0.28487843,0.2958641
0.30182588,0.30616426
0.31110662,0.31477952
0.31433472,0.30594185
0.3171593,0.300813
0.3179663,0.30945304
0.30747503,0.29872546
0.29254514,0.27705747
0.2953697,0.29088262
0.29496622,0.2769238
0.28568545,0.26251966
0.286896,0.25327718
0.267931,0.24768908
0.2412993,0.22899686
0.20256229,0.19127557
0.16180773,0.15024488
0.13154444,0.17615086
0.112175934,0.14400084
0.09280743,0.12188236
0.08514073,0.10520819
0.08110562,0.10871326
0.089579344,0.115763776
0.106526785,0.13000791
0.13275497,0.14833517
0.16019368,0.17437872
0.17431656,0.20093721
0.18521135,0.21699846
0.18924645,0.21923459
0.17714113,0.22352304
0.17633411,0.24248727
0.1682639,0.23066214
0.1686674,0.21704285
0.17189549,0.23308058
0.17391305,0.22516051
0.18117623,0.22138512
0.18440431,0.22103429
0.16221124,0.22291441
0.14001817,0.20062229
0.12024614,0.17385104
0.091596894,0.14564627
0.06778977,0.08538225
0.05245637,0.065066874
0.040351056,0.058990285
0.03510542,0.052187696
0.03510542,0.055655517
0.042368606,0.07246935
0.061333604,0.08300341
0.08836881,0.112330206
0.11701806,0.11201382
0.13638656,0.14699009
0.15494804,0.14013627
0.1686674,0.14549121
0.17754464,0.15872362
0.17633411,0.16054623
0.1727025,0.13817161
0.17754464,0.14122508
0.19287804,0.15903464
0.19852719,0.14683342
0.21224655,0.14835696
0.21789569,0.15576495
0.21184303,0.17440064
0.18561485,0.16790618
0.15898316,0.133004
0.13638656,0.11234774
0.12105316,0.12957318
0.10935136,0.11253393
0.106123276,0.109416686
0.108544335,0.10540199
0.121860184,0.117105275
0.1682639,0.17185046
0.24049228,0.23274378
0.29980832,0.28074634
0.32280844,0.30589598
0.33491376,0.3157596
0.35065067,0.31489348
0.35186118,0.3183124
0.35105416,0.32106218
0.3514577,0.31830028
0.34258044,0.31057414
0.33531725,0.30659866
0.33087865,0.304736
0.33410674,0.31266963
0.34136993,0.3246746
0.35468575,0.32585758
0.34338748,0.32825997
0.31877333,0.32063732
0.28366792,0.28734452
0.25582567,0.24938537
0.23605366,0.22941723
0.22798346,0.21595718
0.22394834,0.21245064
0.22717643,0.2061393
0.24896601,0.21885437
0.2953697,0.2567784
0.37365076,0.30512995
0.4285282,0.3486362
0.4361949,0.3749667
0.42207202,0.37162852
0.4010895,0.35147256
0.37728235,0.33796862
0.36880863,0.31232134
0.3599314,0.2940177
0.34338748,0.28443095
0.3288611,0.2608015
0.34701908,0.25632948
0.3671946,0.2622566
0.36598405,0.279764
0.3905982,0.29489803
0.3905982,0.30248818
0.37405428,0.29509494
0.3409664,0.27126864
0.30908906,0.24835025
0.28447494,0.25407913
0.26873803,0.2377522
0.25905377,0.21984027
0.25663272,0.21949843
0.267931,0.22501113
0.30545747,0.26062322
0.37203673,0.3157804
0.42005447,0.36154443
0.4281247,0.3927493
0.4168264,0.4005
0.40149298,0.3800507
0.37768587,0.36101252
0.36598405,0.3539658
0.35428226,0.34773067
0.33935237,0.32882088
0.3207909,0.3116656
0.31877333,0.31361026
0.33491376,0.33242977
0.3603349,0.36544842
0.38494906,0.37228733
0.38172096,0.3621687
0.36235246,0.35939467
0.32644004,0.3286703
0.29577324,0.2903612
0.27922928,0.28707936
0.26712397,0.27181733
0.2638959,0.26045775
0.2675275,0.25037917
0.28165036,0.26167014
0.32482597,0.30955526
0.39382628,0.368292
0.44870374,0.41194403
0.45677394,0.44943342
0.43942297,0.43442023
0.41077372,0.40741745
0.38575608,0.39455307
0.363563,0.37276307
0.35024714,0.35866582
0.33168566,0.34956017
0.30908906,0.3282737
0.30303642,0.3194999
0.3179663,0.33053246
0.3441945,0.34978
0.36558056,0.35262465
0.35629982,0.3518627
0.3365278,0.34094366
0.30303642,0.30904248
0.26631695,0.26777828
0.24291335,0.23995233
0.23121154,0.22855277
0.2219308,0.21459375
0.22515889,0.21500212
0.24250984,0.22524264
0.28003633,0.246832
0.34298396,0.29951254
0.3982649,0.36310145
0.40431756,0.38523102
0.39342278,0.37792507
0.37082618,0.3519963
0.3486331,0.32701716
0.33370322,0.30394104
0.31675577,0.28532794
0.2981943,0.266768
0.27680823,0.24471204
0.2719661,0.22773054
0.28528196,0.22263658
0.29738727,0.24597655
0.30101886,0.24984367
0.28528196,0.25113717
0.26268536,0.24240257
0.23161505,0.21035123
0.19207102,0.17532925
0.1610007,0.16554463
0.14203571,0.14295314
0.12710582,0.12765913
0.11822859,0.11647013
0.12226369,0.118437715
0.13436902,0.13527386
0.15817614,0.16630001
0.19328155,0.19968784
0.21870272,0.2221156
0.23565015,0.23660776
0.23928176,0.22394541
0.22273782,0.22950588
0.20135176,0.23599239
0.19045697,0.22342075
0.18198325,0.22029099
0.17068496,0.21773812
0.1795622,0.21567388
0.18238677,0.21762186
0.19328155,0.22589101
0.20377283,0.22109178
0.18964995,0.22053309
0.17350954,0.21060884
0.14526379,0.1805901
0.117825076,0.15719356
0.10007061,0.07591227
0.085947745,0.05753516
0.08231615,0.051860377
0.083930194,0.054790802
0.08635125,0.05781562
0.098860085,0.057184458
0.11742157,0.06904247
0.1492989,0.09960368
0.17835166,0.12259024
0.20256229,0.15485168
0.20740442,0.14408164
0.20014122,0.13927054
0.18722889,0.15105382
0.17875516,0.1491669
0.17028145,0.12952247
0.1646323,0.13194685
0.16987793,0.1447938
0.18722889,0.1512219
0.22314133,0.17896241
0.23766771,0.19865446
0.23363261,0.20899884
0.21910623,0.19907038
0.20094825,0.16877064
0.1835973,0.15598327
0.17149198,0.17767392
0.16140422,0.15647739
0.15817614,0.14865045
0.15656209,0.14900948
0.16221124,0.1565094
0.19005346,0.17939873
0.2372642,0.22570208
0.31635228,0.28220096
0.3567033,0.3091334
0.35508928,0.3229649
0.3482296,0.32131705
0.3441945,0.31923836
0.33491376,0.3202844
0.32644004,0.32891056
0.32401896,0.321982
0.32119438,0.31937176
0.3026329,0.31679887
0.29779077,0.32249728
0.3284576,0.3464007
0.33572078,0.33877409
0.31514174,0.3182881
0.28851002,0.29576543
0.2594573,0.2487965
0.21870272,0.20043786
0.18036921,0.18213601
0.15171996,0.14696124
0.13557954,0.13143851
0.12508827,0.12257551
0.12105316,0.1257565
0.13598305,0.14470708
0.17472006,0.18935096
0.24210632,0.23138045
0.2796328,0.27905583
0.29496622,0.29566586
0.30384344,0.3150941
0.29980832,0.31047857
0.29779077,0.30496344
0.2990013,0.3144199
0.30384344,0.306596
0.30505398,0.29132253
0.2872995,0.29016775
0.28528196,0.28704116
0.30465046,0.30043447
0.32038736,0.3130759
0.30465046,0.29854625
0.2864925,0.2688789
0.24614143,0.24106914
0.20780793,0.20619638
0.18238677,0.17075771
0.16664985,0.1496703
0.15131645,0.13713554
0.14889538,0.12622663
0.15212348,0.13272063
0.16584283,0.15299891
0.20740442,0.18827048
0.28003633,0.221274
0.31312418,0.25199077
0.32765055,0.2575012
0.32482597,0.25653726
0.3171593,0.26296082
0.30787855,0.26163733
0.30868557,0.2671136
0.31312418,0.27651516
0.31151015,0.26661605
0.30908906,0.27130094
0.3171593,0.28148255
0.32765055,0.29653484
0.33451024,0.27618644
0.3179663,0.26331183
0.29254514,0.24656992
0.26672047,0.21147308
0.2255624,0.16804059
0.1952991,0.18693992
0.19450822,0.15840435
0.19371735,0.14788844
0.19292647,0.13101569
0.19213557,0.13544662
0.1913447,0.16213395
0.19055381,0.19953883
0.18976294,0.24021867
0.18897206,0.28145933
0.18818118,0.2874636
0.1873903,0.30434677
0.18659942,0.3105975
0.18580854,0.3098814
0.18501766,0.30844042
0.18422677,0.3209823
0.18343589,0.322214
0.18264501,0.30929458
0.18185413,0.3072026
0.18106325,0.33670747
0.18027237,0.3268972
0.17948149,0.32727495
0.17869061,0.3297997
0.17789973,0.3017485
0.17710885,0.2681922
0.17631796,0.16779046
0.17552708,0.14386831
0.15656209,0.13832425
0.15091294,0.12279847
0.15010592,0.12643325
0.16261475,0.15389635
0.2029658,0.19130506
0.2594573,0.23143876
0.30908906,0.2517957
0.3171593,0.267288
0.31554523,0.25976428
0.29940483,0.27381486
0.28972057,0.28412536
0.28124684,0.2762702
0.27761525,0.2850507
0.26672047,0.28973466
0.25380814,0.28214765
0.25824675,0.27943656
0.27277312,0.29234868
0.2864925,0.27306268
0.27236962,0.2719811
0.26510644,0.26417562
0.25219408,0.2300747
0.22717643,0.20114243
0.19731666,0.15190595
0.17472006,0.13593832
0.17149198,0.12754786
0.16705337,0.13267693
0.16786039,0.1279791
0.17633411,0.13435829
0.19691314,0.14043882
0.23282558,0.17858432
0.2642994,0.20586203
0.2751942,0.2363329
0.27277312,0.22894326
0.25542217,0.21809602
0.24533442,0.19898558
0.23605366,0.17726257
0.21910623,0.15666857
0.20780793,0.1451133
0.20861495,0.1377901
0.21789569,0.15620829
0.25380814,0.18964599
0.26994854,0.21794447
0.26470292,0.20629485
0.25865024,0.19567466
0.24533442,0.18636426
0.21870272,0.18045402
0.18924645,0.17297366
0.17108847,0.15369113
0.16180773,0.15195726
0.15575507,0.139343
0.15212348,0.13548411
0.15050943,0.15824826
0.16664985,0.16191964
0.18480782,0.18546143
0.20700091,0.22566798
0.22072026,0.2361016
0.21749218,0.22617781
0.20457985,0.227436
0.19772017,0.21012782
0.18924645,0.18487196
0.1799657,0.18543857
0.17552708,0.17477295
0.16947442,0.16324131
0.18924645,0.19267729
0.23080803,0.22594339
0.25340462,0.24463299
0.25542217,0.2480729
0.24654494,0.24444921
0.22757995,0.2373487
0.21184303,0.23252599
0.19973771,0.18284148
0.19247453,0.17015462
0.1876324,0.17418614
0.18843943,0.16835926
0.19650963,0.17482013
0.22475538,0.1979927
0.27358013,0.23076607
0.34580854,0.28010222
0.38898417,0.32554555
0.38535258,0.31289557
0.363563,0.30459562
0.35024714,0.28720695
0.33894885,0.25973782
0.32805407,0.24558781
0.32280844,0.25286758
0.31151015,0.23878853
0.30061534,0.21690518
0.2985978,0.22695896
0.3369313,0.27483615
0.34984365,0.28914556
0.34298396,0.29071233
0.33007163,0.29645303
0.30061534,0.2752091
0.2715626,0.244482
0.2412993,0.22506723
0.22757995,0.2084892
0.22273782,0.20687912
0.21870272,0.19689235
0.22475538,0.21027161
0.24331686,0.24435946
0.2981943,0.28954354
0.36840513,0.34100303
0.41521233,0.39414823
0.40512457,0.39260352
0.38212448,0.3895987
0.35791385,0.39282626
0.33854535,0.38244188
0.32442248,0.37208018
0.31998387,0.38866463
0.30989608,0.38270402
0.29415917,0.3727124
0.29658026,0.3788105
0.33087865,0.406765
0.34621206,0.40493736
0.34338748,0.405632
0.3332997,0.3852867
0.30868557,0.3579611
0.27721176,0.31900412
0.25098357,0.2312204
0.23040453,0.22330329
0.22354484,0.2147939
0.21507111,0.20602408
0.21789569,0.22336859
0.23766771,0.2563307
0.287703,0.30652228
0.35629982,0.3513394
0.39665085,0.3880032
0.38454553,0.37943548
0.3704227,0.3583025
0.35307172,0.34813538
0.33854535,0.33446613
0.3252295,0.31383526
0.32280844,0.31810135
0.30828205,0.2981102
0.29496622,0.28736055
0.29577324,0.29211047
0.32442248,0.30100995
0.33935237,0.3066976
0.32684353,0.307146
0.3175628,0.2792736
0.28608897,0.24861813
0.2562292,0.21450604
0.22919399,0.21545237
0.2142641,0.20216717
0.2061939,0.20072527
0.19852719,0.1933997
0.20377283,0.20424049
0.22515889,0.2309116
0.27236962,0.26338243
0.34742257,0.31447294
0.38131747,0.3411021
0.38051045,0.3422794
0.35266823,0.33178976
0.34177342,0.32425046
0.33531725,0.31256747
0.32280844,0.29460797
0.3207909,0.30148706
0.30707154,0.28892338
0.29940483,0.2768627
0.29738727,0.26967305
0.3207909,0.2878914
0.32361546,0.2855201
0.30747503,0.28320125
0.2909311,0.262157
0.2642994,0.23208854
0.2295975,0.19975092
0.19287804,0.20392737
0.16987793,0.1751371
0.1529305,0.16639708
0.14042167,0.15453139
0.13719359,0.15335907
0.14970241,0.17544694
0.1835973,0.21107344
0.24573793,0.2479777
0.29294866,0.27344716
0.30707154,0.29087615
0.32321194,0.29558843
0.33128217,0.29263496
0.32724705,0.28338867
0.3215979,0.288653
0.31272066,0.27617505
0.30343992,0.25734174
0.287703,0.2618757
0.28447494,0.24985048
0.2981943,0.24935178
0.29294866,0.2521193
0.27801877,0.25145835
0.26187834,0.2298152
0.23686069,0.20371735
0.21224655,0.17535953
0.17835166,0.18673065
0.16019368,0.15818024
0.14486028,0.1435317
0.14001817,0.13646111
0.14405327,0.12894596
0.15252699,0.1336653
0.18561485,0.13991547
0.2215273,0.15548223
0.26147482,0.18751916
0.27801877,0.21704918
0.27398366,0.22235763
0.2602643,0.22548327
0.24210632,0.22364162
0.22475538,0.21993856
0.210229,0.21658027
0.19772017,0.21313308
0.19287804,0.21878827
0.20821144,0.22726995
0.24614143,0.25110656
0.25058004,0.25659144
0.24936952,0.24403019
0.24573793,0.23220445
0.23242207,0.21658048
0.21547464,0.20029093
0.19086048,0.20684168
0.17472006,0.18357334
0.16382527,0.17611234
0.16140422,0.16735911
0.16180773,0.16149221
0.16624634,0.16971444
0.1835973,0.171883
0.20740442,0.18624787
0.23242207,0.21205369
0.24331686,0.23235065
0.23121154,0.21396172
0.21910623,0.21189003
0.20377283,0.21216898
0.19328155,0.20263053
0.18157974,0.19194788
0.1727025,0.19200185
0.17189549,0.19687672
0.19005346,0.20857447
0.23605366,0.24206017
0.25865024,0.2509777
0.2602643,0.2549904
0.25582567,0.25574493
0.23847473,0.23460132
0.22072026,0.22031616
0.20700091,0.19079831
0.19408856,0.1729267
0.18884294,0.17625646
0.18884294,0.16887595
0.19086048,0.17582704
0.21184303,0.2117322
0.26187834,0.2395592
0.32361546,0.30088928
0.37405428,0.33302808
0.39342278,0.35346395
0.40633512,0.35454234
0.40149298,0.36304033
0.39342278,0.35927376
0.38172096,0.34747165
0.37566832,0.34430107
0.37082618,0.33814555
0.36235246,0.3257257
0.3716332,0.32413408
0.40270352,0.34478298
0.40028244,0.35102358
0.3865631,0.3458092
0.3639665,0.3241175
0.32724705,0.293071
0.28407142,0.26425204
0.24977303,0.2257174
0.22072026,0.19932635
0.19852719,0.17393614
0.1880359,0.15935536
0.18601836,0.16018908
0.20014122,0.18794152
0.2412993,0.22444883
0.29980832,0.26024488
0.34984365,0.30660564
0.36073843,0.32403433
0.37203673,0.3230075
0.37970343,0.337351
0.3752648,0.34999323
0.37203673,0.35555074
0.36921215,0.35301667
0.35831738,0.35099858
0.3409664,0.3603341
0.34258044,0.37039465
0.36679107,0.3843512
0.36598405,0.3758806
0.35387874,0.36707392
0.33773834,0.34206796
0.3147382,0.31349623
0.28245738,0.26960084
0.24452738,0.1959602
0.21991324,0.17776136
0.20094825,0.16868113
0.19368505,0.15986314
0.19449209,0.16633669
0.20094825,0.19129011
0.24008878,0.22456749
0.29173812,0.2867574
0.3365278,0.32774726
0.36154544,0.3540424
0.37808937,0.36207607
0.3784929,0.37605208
0.36759812,0.37977323
0.3486331,0.38057277
0.33854535,0.3789441
0.33249268,0.37720627
0.3220014,0.37621924
0.32119438,0.37247524
0.3478261,0.3930542
0.35065067,0.39583537
0.3320892,0.38682392
0.31514174,0.36494622
0.2864925,0.33289182
0.24412388,0.29138935
0.20377283,0.23103967
0.17512357,0.20764445
0.16221124,0.19861065
0.15656209,0.19406989
0.14687784,0.20034306
0.14728135,0.224065
0.15938666,0.2684936
0.17472006,0.3176229
0.20175527,0.3619857
0.22757995,0.3711785
0.24291335,0.3633239
0.24977303,0.35534048
0.23928176,0.3403112
0.20821144,0.34024635
0.17149198,0.32956597
0.14243922,0.3119533
0.12428125,0.31055558
0.123474225,0.3076248
0.14364976,0.32902503
0.15494804,0.3475303
0.16180773,0.35070723
0.16624634,0.32712972
0.16180773,0.30194023
0.15010592,0.2670853
0.13557954,0.15052691
0.12549178,0.1349346
0.12024614,0.13927834
0.12024614,0.14452897
0.12428125,0.15312041
0.13477252,0.17877895
0.16140422,0.22441933
0.191264,0.2736458
0.2255624,0.29202446
0.24533442,0.31065834
0.25743973,0.31053346
0.25663272,0.29473892
0.24372037,0.2776901
0.23201856,0.28766024
0.21991324,0.2690868
0.2146676,0.25168115
0.21991324,0.25758684
0.24896601,0.24703419
0.28810653,0.2653976
0.30021185,0.2861976
0.2953697,0.28996518
0.2909311,0.27911904
0.27842227,0.24870327
0.25542217,0.22004588
0.23403612,0.24317577
0.21587814,0.2287638
0.20054474,0.21774401
0.1952991,0.21041572
0.19610612,0.21522476
0.2029658,0.23759311
0.22273782,0.27541608
0.25098357,0.30436978
0.28286088,0.3477282
0.30182588,0.3362048
0.3220014,0.33136535
0.30465046,0.31014618
0.28003633,0.28373173
0.24735196,0.27472845
0.22233431,0.27479964
0.2219308,0.2555061
0.21991324,0.24841584
0.24573793,0.25977287
0.27761525,0.2966238
0.28124684,0.30046
0.27801877,0.29658356
0.2715626,0.30005065
0.25986078,0.28240576
0.23807122,0.24689257
0.21305357,0.20500705
0.19610612,0.19078746
0.18198325,0.17866932
0.17714113,0.16423778
0.17431656,0.16945526
0.17875516,0.18088792
0.18924645,0.19874395
0.20740442,0.2442343
0.22919399,0.28102908
0.25058004,0.3004695
0.2675275,0.28970048
0.2675275,0.2925205
0.27922928,0.2949442
0.286896,0.29148665
0.27801877,0.27914217
0.2751942,0.27816963
0.27600121,0.28311393
0.29335216,0.28448737
0.3215979,0.30892542
0.32482597,0.32404536
0.3175628,0.3376921
0.30545747,0.3264589
0.29214165,0.2962655
0.27236962,0.2634562
0.26147482,0.241041
0.26563907,0.23344855
0.2698033,0.22591002
0.2739675,0.22644529
0.27813175,0.23529223
0.28229597,0.27501768
0.2864602,0.31896326
0.29062444,0.3906192
0.29478866,0.42711285
0.29895288,0.4509858
0.30311713,0.4319708
0.30728135,0.4455728
0.31144556,0.4632453
0.3156098,0.45766458
0.31977403,0.44392332
0.32393825,0.44640678
0.3281025,0.44585314
0.33226672,0.45324904
0.33643094,0.47692508
0.3405952,0.49005654
0.3447594,0.4981633
0.34892362,0.48398635
0.35308787,0.44391134
0.3572521,0.40021726
0.3614163,0.3336734
0.36558056,0.32958585
0.3554928,0.3278517
0.35266823,0.33287206
0.3591244,0.33918628
0.38010693,0.36983767
0.43740544,0.40670112
0.5015636,0.4811183
0.5511954,0.5042136
0.5588621,0.5243853
0.55684453,0.4967824
0.52698475,0.49108857
0.50721276,0.4793603
0.49994957,0.45387533
0.49591446,0.4290385
0.4898618,0.4190616
0.47412488,0.40818498
0.4825986,0.4131628
0.535055,0.4480583
0.5499849,0.46876743
0.54191464,0.4747078
0.5314234,0.47417578
0.50801975,0.4475697
0.46484414,0.42047542
0.42610714,0.43729696
0.41198426,0.4155403
0.39947543,0.40621805
0.39019468,0.39924684
0.39301926,0.4025251
0.4018965,0.44205236
0.4406335,0.49166447
0.5124584,0.5465108
0.55361646,0.5989319
0.5503884,0.5851946
0.5241602,0.5706835
0.49591446,0.5436056
0.46484414,0.5015816
0.4450721,0.487726
0.42247555,0.47272387
0.40028244,0.44270527
0.3897912,0.4256169
0.39382628,0.42022452
0.44587916,0.45947546
0.46161607,0.47150746
0.4595985,0.46382406
0.44184405,0.4511492
0.4099667,0.42638654
0.37284374,0.38486716
