true,forecasted
0.3732028,0.37927365
0.3530285,0.35639098
0.33769643,0.3432874
0.32946375,0.33700383
0.32656845,0.3333014
0.33136445,0.33928606
0.3458011,0.35782903
0.37262285,0.38622105
0.40106872,0.4060925
0.41981223,0.4271287
0.43285844,0.44729668
0.44620425,0.46242198
0.45774576,0.47720054
0.46649933,0.49261367
0.47881025,0.5048601
0.48762152,0.5118301
0.49345067,0.5165495
0.49352038,0.52137893
0.48382792,0.5108893
0.4602516,0.50120723
0.44087216,0.48814493
0.42699742,0.47467574
0.4148209,0.4520147
0.38708335,0.4265386
0.36152232,0.36767942
0.3427745,0.3503354
0.33017626,0.33754477
0.3207968,0.32997254
0.31679899,0.32795843
0.32078746,0.33579534
0.3339586,0.3523056
0.3582522,0.3773311
0.38206062,0.40246564
0.39973047,0.42354605
0.41213185,0.43790793
0.42393285,0.45356596
0.43174657,0.46431997
0.4397104,0.48034513
0.44958106,0.4876327
0.45650733,0.49617264
0.46286955,0.5021898
0.46697098,0.5071587
0.46425793,0.49973437
0.4513404,0.49065423
0.43688366,0.48113394
0.42718825,0.46745047
0.41431344,0.4439627
0.38953835,0.41852534
0.36073032,0.35143432
0.34200704,0.3343117
0.32796848,0.32401294
0.3179592,0.32018477
0.3146516,0.31600878
0.3175996,0.32452157
0.3281951,0.34122545
0.35233063,0.36877972
0.37679768,0.39105934
0.39720005,0.4079181
0.41271353,0.4237759
0.4286182,0.43459737
0.43875304,0.44408473
0.45005706,0.45318282
0.46401194,0.45814306
0.47714913,0.46491158
0.4898366,0.46815944
0.5014422,0.47424516
0.5055951,0.46551886
0.4974778,0.45684308
0.47957394,0.44791585
0.45748132,0.43598285
0.44341636,0.4136415
0.41292104,0.39009035
0.38449973,0.3797654
0.3591787,0.36051634
0.3412024,0.34328374
0.32721135,0.33577707
0.32104108,0.32964358
0.3170092,0.33122304
0.3176849,0.33894986
0.32546914,0.3548357
0.34228083,0.37495688
0.3651074,0.4010042
0.389489,0.4222558
0.4150632,0.44798347
0.43476376,0.46406615
0.4548898,0.4841517
0.4733634,0.49679184
0.49475035,0.50897497
0.5132883,0.5184192
0.5234793,0.5269248
0.5145459,0.5215751
0.49578547,0.51056856
0.47864687,0.4999324
0.46717596,0.48217747
0.45445693,0.4618643
0.43083027,0.4344077
0.40173692,0.4256424
0.37538588,0.40144387
0.35187125,0.37992272
0.33579278,0.37104782
0.32631084,0.36034057
0.32093653,0.3588738
0.3187778,0.3518933
0.31731027,0.35201678
0.32427055,0.36301228
0.33295187,0.38797086
0.34312794,0.41812408
0.3490227,0.44367316
0.35175884,0.46584007
0.34977227,0.4863995
0.34972286,0.5038798
0.34742424,0.5142835
0.34682494,0.5264549
0.34666833,0.53651077
0.3516092,0.54193413
0.3511019,0.5330106
0.34767568,0.521205
0.35006827,0.50800544
0.34556964,0.49496865
0.33277053,0.47265756
0.3174375,0.31528014
0.30495527,0.30654013
0.2986436,0.29785824
0.29312086,0.30031782
0.2936941,0.29786813
0.3012805,0.30256674
0.31833938,0.3277529
0.3430227,0.35420075
0.36518237,0.38267776
0.3779295,0.39416605
0.3869615,0.40438092
0.39442056,0.40990484
0.39811388,0.40652916
0.4011706,0.41330695
0.4059113,0.41350064
0.40656728,0.4167473
0.4073494,0.41883898
0.40892595,0.42011043
0.40743786,0.4185075
0.40183896,0.41457254
0.39999813,0.4164294
0.4019361,0.40326604
0.3922784,0.39309192
0.37145948,0.36517048
0.3492627,0.35718828
0.33341822,0.33841965
0.32182997,0.32536525
0.31531602,0.3233143
0.31369418,0.31904784
0.31927848,0.32366487
0.335172,0.34374416
0.35702905,0.3704719
0.3786792,0.39898297
0.38998303,0.41983587
0.3997672,0.43497977
0.41213745,0.44776312
0.4205002,0.45504695
0.42279595,0.4642146
0.42293835,0.47096598
0.42119646,0.47213575
0.41897708,0.47614574
0.4168079,0.47587708
0.4164449,0.47187003
0.41270015,0.46618098
0.4090402,0.45941216
0.40793878,0.44548222
0.3976504,0.42769828
0.37757862,0.4021569
0.35600922,0.34044886
0.34062296,0.3258636
0.32928753,0.31670234
0.32175383,0.31191197
0.3176961,0.31055492
0.32283068,0.317678
0.33804402,0.34169948
0.36336634,0.37074193
0.38708314,0.39764908
0.4011329,0.4122613
0.41109726,0.42284685
0.41996372,0.43036583
0.4282466,0.4309543
0.4397743,0.43716583
0.45530763,0.43839547
0.4672962,0.44105932
0.4741527,0.44084996
0.48003376,0.44350573
0.4806044,0.43837065
0.47134656,0.4339909
0.45912564,0.4323809
0.45184886,0.41640815
0.4384959,0.39945507
0.41178235,0.3742252
0.38242885,0.38867232
0.36024728,0.36722267
0.34489968,0.35194084
0.33434382,0.34394634
0.3305202,0.33545688
0.33420935,0.33755812
0.34948227,0.35214055
0.37573445,0.373711
0.402711,0.40587938
0.42266515,0.43170294
0.4410434,0.4577396
0.46467263,0.48676082
0.48000783,0.49879944
0.4864386,0.52296036
0.4941911,0.53224576
0.49299768,0.5396138
0.48725623,0.5498911
0.47435662,0.5491613
0.4551846,0.54229987
0.4323411,0.5310356
0.41604123,0.5244476
0.41114736,0.5027407
0.40103674,0.48700875
0.3779189,0.4566967
0.37757522,0.35038966
0.3772315,0.33825308
0.37688783,0.3273632
0.37654412,0.3214479
0.3762004,0.32052687
0.37585673,0.3281292
0.37551302,0.3443628
0.3751693,0.36809573
0.37482563,0.38783777
0.37448192,0.3991973
0.37413824,0.4063965
0.37379453,0.4130142
0.37345082,0.4105517
0.37310714,0.4148526
0.37276343,0.41544086
0.37241971,0.41528085
0.37207603,0.41137952
0.37173232,0.41661164
0.37138864,0.41414452
0.37104493,0.41441774
0.37070122,0.4132154
0.37035754,0.40070686
0.37001383,0.3864948
0.36967012,0.36401886
0.36932644,0.3253519
0.36898273,0.31446093
0.36863905,0.30665222
0.36829534,0.30239838
0.36795163,0.29899058
0.36760795,0.30157557
0.36726424,0.3115123
0.36692053,0.32742015
0.36657685,0.3377773
0.36623314,0.34814566
0.36588946,0.35647637
0.36554575,0.36406136
0.36520204,0.36702132
0.36485836,0.374227
0.36451465,0.37622756
0.36417094,0.37953135
0.36382726,0.38047016
0.36348355,0.3871996
0.36313984,0.38507298
0.36279616,0.38248646
0.36245245,0.38907117
0.36210877,0.3781334
0.36176506,0.36690998
0.36142135,0.34580886
0.36107767,0.35051918
0.34041756,0.3352879
0.32503802,0.32277972
0.31413716,0.31754774
0.30925485,0.30892465
0.30411717,0.31081805
0.2975178,0.31310898
0.30030406,0.3189673
0.31181034,0.32619432
0.33110642,0.33937395
0.3538757,0.35501498
0.37820175,0.3678542
0.40311962,0.37964046
0.42696416,0.39109454
0.449215,0.3979153
0.46905977,0.40358493
0.48500958,0.40754503
0.49752688,0.41669306
0.49546814,0.41487542
0.48176217,0.4086451
0.46333084,0.410303
0.453117,0.3991113
0.44290143,0.38747394
0.419921,0.3669889
0.38983175,0.394718
0.3670013,0.37137976
0.34787145,0.35336486
0.33601692,0.3481482
0.32858473,0.3378125
0.33292148,0.33935544
0.3461514,0.34864467
0.37149936,0.3662652
0.4024038,0.39056396
0.43085465,0.4153502
0.4592866,0.44399235
0.4918312,0.47103354
0.520364,0.48953462
0.54500985,0.5114508
0.56220514,0.5294213
0.5777294,0.54114836
0.58844274,0.5549179
0.5970007,0.5625983
0.59672993,0.5535784
0.57857054,0.53571504
0.5498359,0.5286013
0.5205223,0.50555694
0.49702373,0.48836178
0.4626549,0.45882356
0.42358306,0.43893513
0.39319688,0.41404238
0.3716068,0.39549294
0.35747162,0.378901
0.348894,0.3684102
0.35178322,0.3758957
0.36364743,0.38404584
0.3919154,0.40503398
0.42340833,0.42647162
0.45144337,0.45298302
0.4780095,0.48211324
0.5053961,0.5099504
0.52977777,0.52695435
0.5484047,0.5523155
0.56513053,0.5657345
0.5785895,0.576217
0.59245956,0.58782476
0.60350186,0.5947619
0.6033463,0.5843897
0.5828019,0.5650217
0.5523946,0.5504987
0.52439696,0.53002775
0.5030998,0.50766784
0.47079763,0.4740008
0.43231365,0.42601642
0.40218985,0.4023182
0.3796545,0.38292477
0.36599663,0.37040663
0.35730106,0.36365592
0.35949758,0.36798632
0.37277594,0.3804227
0.40633082,0.4015504
0.44212103,0.42851782
0.4764601,0.4536506
0.50814515,0.47877818
0.5381875,0.5035544
0.56716394,0.51859975
0.59198385,0.5389665
0.6170003,0.5522698
0.63679045,0.5618995
0.65366626,0.5692218
0.6623097,0.574919
0.65935147,0.56747055
0.63984674,0.5482092
0.6063427,0.5333737
0.57319605,0.51388234
0.54413754,0.4902308
0.5029793,0.4568349
0.46068162,0.44395056
0.4285015,0.41784108
0.40313298,0.3977949
0.38514218,0.38302794
0.37294433,0.37371328
0.3737967,0.3800072
0.38534066,0.38952178
0.41659704,0.4120268
0.4525404,0.4454427
0.484525,0.47823176
0.51452047,0.5072056
0.54419976,0.53747684
0.5722703,0.55504876
0.5974571,0.5816861
0.6193822,0.59579486
0.63091165,0.60907036
0.63894814,0.61716396
0.6392552,0.6241264
0.6276786,0.6143764
0.5974152,0.59836143
0.5637484,0.5774199
0.5356428,0.55674064
0.5139308,0.5319186
0.47772485,0.49599886
0.43993056,0.42525265
0.4103183,0.4029344
0.3873689,0.38474706
0.37153286,0.3726405
0.36403155,0.3611488
0.36538813,0.36444303
0.37555298,0.37177074
0.40157214,0.38289088
0.43317536,0.40357378
0.4651839,0.4225585
0.49394003,0.44792306
0.52809495,0.4726296
0.55682945,0.48670065
0.5809183,0.50592715
0.6041362,0.5149149
0.61673164,0.52719575
0.62669986,0.5354295
0.6355283,0.54471475
0.63133276,0.53786623
0.61345065,0.5221128
0.58294266,0.51216984
0.5485112,0.48965192
0.5248614,0.4686873
0.48845455,0.44074547
0.45095083,0.45362797
0.41688398,0.4269465
0.3945353,0.40688005
0.37479782,0.3919046
0.36458498,0.3785549
0.35849503,0.3790626
0.35418952,0.37791687
0.36871865,0.38276035
0.39682755,0.39949864
0.43199518,0.42804226
0.46862566,0.46124113
0.5059399,0.48950258
0.5416315,0.51101506
0.5719031,0.5385198
0.5931556,0.5553819
0.613408,0.56848496
0.6309455,0.5845219
0.64079446,0.5959897
0.63834834,0.586691
0.6180343,0.5695832
0.5932923,0.5522038
0.56919795,0.5295177
0.54969895,0.5093939
0.52237934,0.47800082
0.4920504,0.49000385
0.4650065,0.4571348
0.43126804,0.42983636
0.4043703,0.41718042
0.38508448,0.40270182
0.37632987,0.40080157
0.37254474,0.39436346
0.37644127,0.3959428
0.39899108,0.4154626
0.43628943,0.45083702
0.48078468,0.49486375
0.5250383,0.5381657
0.55271906,0.56847423
0.5612173,0.6071821
0.5623647,0.63266385
0.5509574,0.64910555
0.53884655,0.67419326
0.5150975,0.681529
0.4994228,0.6739435
0.48583582,0.66127884
0.47108543,0.6359073
0.45930308,0.61015105
0.45134306,0.5899504
0.43224928,0.5540434
0.40776542,0.41929546
0.38713893,0.3946788
0.37457237,0.37561032
0.3649063,0.36652374
0.36178628,0.3571151
0.36940527,0.35927296
0.38806337,0.36776936
0.4207044,0.38516286
0.45009473,0.40516815
0.47387227,0.43317932
0.48657697,0.46387976
0.49666607,0.4890094
0.4961792,0.5130569
0.50222707,0.53417164
0.5069749,0.5528679
0.5042726,0.56449354
0.4975625,0.5722356
0.49272546,0.58362603
0.48966622,0.5758842
0.48271134,0.5594
0.47744155,0.5428193
0.4741069,0.5205387
0.46544358,0.49921826
0.4407789,0.46807826
0.41064224,0.40691954
0.38820013,0.3836967
0.36982277,0.36840546
0.3562553,0.35918126
0.35016033,0.35343674
0.3534352,0.35777047
0.36695954,0.3756981
0.3916391,0.4030904
0.4159409,0.42659888
0.42946965,0.45126534
0.43971977,0.47800374
0.452775,0.49829477
0.46729943,0.51402146
0.48405144,0.5311045
0.5028026,0.5418451
0.51699305,0.551137
0.52696365,0.5585346
0.5323905,0.56515443
0.52882326,0.55856884
0.51120293,0.5466564
0.48940465,0.5320355
0.47296166,0.50983536
0.45539322,0.48550272
0.42661348,0.4552881
0.39457533,0.3927141
0.37033883,0.3712746
0.34969655,0.35790488
0.33765322,0.34473863
0.33180237,0.3424215
0.3358598,0.35242316
0.35024866,0.37250417
0.379517,0.4017872
0.4076277,0.43037906
0.43044522,0.4545523
0.44455788,0.47453478
0.45649728,0.4933545
0.47653016,0.5063039
0.501869,0.52610475
0.5305101,0.53393745
0.5513756,0.5469999
0.5678499,0.55313057
0.57973146,0.5578242
0.5768177,0.550038
0.56394756,0.5360824
0.5439351,0.5188736
0.5264336,0.5031345
0.5062108,0.47436744
0.47653213,0.44292045
0.4415438,0.4311026
0.41205505,0.40453932
0.39357558,0.38445553
0.37989473,0.3704316
0.37375298,0.36248162
0.37768105,0.36749735
0.3939504,0.38253957
0.42346513,0.40540376
0.45953575,0.43982226
0.49536318,0.4764607
0.53672904,0.5079181
0.5840887,0.54572225
0.62499964,0.5701436
0.6607651,0.6039204
0.6729885,0.62372255
0.6531933,0.64133584
0.62852526,0.65377367
0.60624117,0.65951014
0.600241,0.6474601
0.59802556,0.63138527
0.5891475,0.6107434
0.5732163,0.5831393
0.5581435,0.5559748
0.5261933,0.5193071
0.48613596,0.47295406
0.4544853,0.4412829
0.43058133,0.41663674
0.41365907,0.4041716
0.40338296,0.3920612
0.40377492,0.3967314
0.4169639,0.40891045
0.44535252,0.42864814
0.48462805,0.45800793
0.5309294,0.48833403
0.5762102,0.5179874
0.6146496,0.5518229
0.64861435,0.572805
0.67585444,0.6035802
0.68649215,0.6241084
0.6743577,0.6373555
0.66582996,0.6473248
0.6508538,0.6529746
0.63806665,0.6400522
0.6304845,0.62266225
0.6155817,0.5987327
0.5960623,0.57243335
0.5753531,0.54452634
0.53973824,0.50432307
0.49868354,0.48560837
0.4639926,0.45790175
0.43674603,0.43281943
0.41617486,0.41343826
0.40370393,0.4010525
0.39723983,0.39993253
0.39601272,0.40201485
0.40098125,0.41054046
0.41455925,0.42560872
0.43594283,0.45745403
0.4529918,0.49128428
0.47588235,0.52339554
0.50248545,0.544937
0.5260161,0.57288295
0.54360867,0.5875572
0.55637145,0.6037212
0.56401277,0.6116536
0.564325,0.62549365
0.5501666,0.62040925
0.5365815,0.6036771
0.51956713,0.5839453
0.5101063,0.5633279
0.49788362,0.53316724
0.47697455,0.5027399
0.45031852,0.4364893
0.42712653,0.41166082
0.4058444,0.39147034
0.3894636,0.37725842
0.3821134,0.36497873
0.37607053,0.36628214
0.37429896,0.3675539
0.37509903,0.37576005
0.38399354,0.3891289
0.39641142,0.41305214
0.40821925,0.44440717
0.41702023,0.4699339
0.4187441,0.4877246
0.4199398,0.5083255
0.42189136,0.5194254
0.41933692,0.5304818
0.42039567,0.53922695
0.42251045,0.55028033
0.4314315,0.5456207
0.4338424,0.5317357
0.42707816,0.5174672
0.421301,0.49858674
0.4140796,0.4785959
0.39577365,0.45125294
0.3709888,0.38200647
0.35110348,0.36139092
0.33732852,0.34725687
0.32665965,0.33881748
0.3227248,0.33245763
0.32639542,0.33714345
0.3356976,0.355448
0.35326144,0.37774754
0.380858,0.4021394
0.4101098,0.42425555
0.4401482,0.4473052
0.47303662,0.46541214
0.5023579,0.4774334
0.53183955,0.49491987
0.5587888,0.50355893
0.5752625,0.5139927
0.59187204,0.51873803
0.60686535,0.5252719
0.60883176,0.5140745
0.5909931,0.49919254
0.5637534,0.486225
0.5314399,0.46897414
0.50668603,0.447083
0.47574806,0.41641378
0.44238535,0.45637324
0.41293165,0.42942813
0.38793707,0.40546706
0.37042055,0.39640176
0.3596846,0.38600352
0.35460988,0.38509533
0.35291728,0.4000309
0.36177114,0.42063048
0.38769203,0.4578697
0.42561772,0.49303994
0.47387525,0.5286046
0.5238045,0.5610007
0.5664964,0.5852501
0.59768784,0.61421984
0.6205329,0.6346488
0.63777435,0.6526733
0.6463497,0.66569
0.6473046,0.6711746
0.635384,0.66113913
0.6250639,0.644877
0.60789335,0.62027335
0.5829553,0.59125733
0.55983263,0.5638725
0.53444874,0.52429795
0.5047334,0.4911707
0.4734112,0.4599118
0.44454023,0.43446764
0.42398474,0.4161451
0.413092,0.4057951
0.4155933,0.4076861
0.4319022,0.41338646
0.46999663,0.43300185
0.52464706,0.45216134
0.5738865,0.48690504
0.62129813,0.5357516
0.6665376,0.5794928
0.7031136,0.61129415
0.7290517,0.65137285
0.7464546,0.67539096
0.7378711,0.68613297
0.71639663,0.7063684
0.7013439,0.7146685
0.6755757,0.69859576
0.638698,0.67603165
0.60021824,0.6568934
0.57377374,0.62827086
0.5518079,0.6001738
0.5187234,0.5648152
0.4828634,0.48920366
0.4545532,0.4583696
0.43357983,0.43497872
0.4176493,0.41929054
0.4095435,0.4088518
0.40927047,0.4119863
0.42079502,0.42370313
0.44718507,0.44590503
0.4714927,0.4699793
0.49552575,0.49854568
0.51855695,0.52677286
0.54363656,0.56072956
0.56747264,0.5776635
0.5885272,0.6070498
0.60401344,0.6207393
0.6120352,0.6327244
0.6153592,0.6407458
0.60992604,0.6496099
0.5982659,0.63769484
0.580085,0.6208699
0.5537663,0.59933704
0.5261104,0.57451373
0.5042816,0.5435731
0.46909755,0.5045985
0.43447894,0.43034083
0.40356472,0.4043375
0.38276112,0.38591233
0.36787236,0.37480688
0.360464,0.36645827
0.36451882,0.37342346
0.37624532,0.38473374
0.40016982,0.411917
0.4287659,0.4351974
0.45552072,0.4584421
0.4767023,0.48564625
0.49911308,0.50494343
0.52200603,0.52269644
0.5426975,0.5408997
0.5628898,0.55109215
0.5775351,0.56182826
0.5911897,0.56394637
0.59834844,0.57028955
0.5880122,0.56303155
0.55462074,0.5455751
0.52800655,0.52555925
0.5110031,0.5100585
0.4931557,0.47962433
0.4673892,0.45022184
0.43557903,0.42468747
0.41097045,0.4019314
0.39167517,0.38239536
0.37881607,0.37055376
0.3699804,0.36039507
0.36582977,0.3639166
0.362714,0.36839247
0.36923558,0.38267884
0.3789815,0.40256017
0.3922712,0.4291968
0.40323663,0.45778945
0.41029048,0.4772796
0.41827413,0.49507982
0.42268097,0.5122751
0.42944744,0.52519524
0.43611938,0.5401568
0.4410362,0.547473
0.45294443,0.5581703
0.46298227,0.5562022
0.4651405,0.5428341
0.4532241,0.52765286
0.4402876,0.50886303
0.4295672,0.48642278
0.40864706,0.45879853
0.38287804,0.39375716
0.363152,0.3748348
0.34735602,0.3591238
0.33560294,0.35105097
0.3249299,0.3417244
0.32414576,0.33874467
0.3185063,0.33939195
0.31895438,0.33857217
0.33457494,0.3494257
0.35622817,0.36679733
0.383795,0.38667467
0.4125606,0.4075834
0.44302392,0.41802853
0.46648344,0.43308195
0.48751616,0.4401127
0.5062224,0.44963536
0.5234215,0.45859218
0.53726417,0.4710032
0.5446957,0.46700105
0.53912896,0.45718968
0.52360314,0.4504605
0.50099874,0.43519887
0.4859212,0.42280537
0.45695424,0.40001178
0.4224699,0.43976825
0.3938971,0.41289297
0.37311208,0.39035317
0.35883847,0.38361263
0.3524116,0.37197676
0.35684806,0.37127715
0.3725678,0.37728512
0.40233216,0.3924789
0.43981037,0.41728446
0.47106636,0.45415998
0.5046248,0.49216053
0.53558725,0.53024393
0.56515896,0.5575059
0.58868307,0.5911658
0.61518073,0.6140231
0.6379177,0.6318061
0.65643674,0.6523103
0.6677316,0.6618786
0.67088956,0.654341
0.6580972,0.6379223
0.63300073,0.6165685
0.60074675,0.5861931
0.5754747,0.5638447
0.53547615,0.5288111
0.4924559,0.47906974
0.45559123,0.4482883
0.42764702,0.4195868
0.40873516,0.4034983
0.39734054,0.39440474
0.3978111,0.39779934
0.41148198,0.41078955
0.4408795,0.427785
0.48118493,0.45848182
0.5190988,0.4874077
0.5577694,0.52869177
0.5953186,0.5749482
0.628672,0.59260863
0.64766717,0.63189703
0.644529,0.6491426
0.62344265,0.66311187
0.6071054,0.6770504
0.58990645,0.67748964
0.5731016,0.6668565
0.55524325,0.65190566
0.5302856,0.62968576
0.5136948,0.60396034
0.49590862,0.5761523
0.47068393,0.5408155
0.43770874,0.43371812
0.40991843,0.4091687
0.38934848,0.38805142
0.3764469,0.37220484
0.3692843,0.36685747
0.37154254,0.3747405
0.38769224,0.39012885
0.41116533,0.41318595
0.43289036,0.4418455
0.45098084,0.46851897
0.46154523,0.49045265
0.47151166,0.5135696
0.484253,0.52701056
0.49384427,0.5454074
0.49362874,0.5560894
0.4891089,0.56928116
0.49185738,0.5744899
0.49331528,0.58120555
0.5057517,0.5775627
0.5050217,0.5640256
0.50204736,0.54553854
0.48912373,0.52635247
0.46714938,0.49863198
0.4346178,0.4683661
0.40515336,0.39365137
0.3822052,0.37359664
0.36708963,0.3600155
0.35663894,0.35212776
0.35245985,0.34587175
0.35777667,0.3514441
0.37537128,0.3669473
0.40073124,0.394667
0.42459232,0.41991782
0.44061747,0.4420151
0.45108315,0.4622866
0.46236995,0.47437444
0.4717067,0.48617387
0.484766,0.49637178
0.50599015,0.5040422
0.52448946,0.5130055
0.5379136,0.5135194
0.5469419,0.52166826
0.5533471,0.5187676
0.5437195,0.5093112
0.5219447,0.49426705
0.51161003,0.4774273
0.5001245,0.4528381
0.47264242,0.42535484
0.441992,0.41271865
0.4135004,0.38982
0.39609262,0.37448433
0.38224632,0.35745883
0.37574795,0.35001764
0.37893167,0.36138946
0.39334092,0.37501937
0.42006966,0.40019876
0.45010012,0.42759135
0.47887275,0.46275485
0.50529784,0.48473275
0.5357506,0.5063934
0.5792763,0.5223983
0.6222003,0.54415923
0.6558908,0.5507031
0.6814733,0.5712504
0.70399296,0.5742104
0.717672,0.5840324
0.70291334,0.5799296
0.67281747,0.56707466
0.64973766,0.54132605
0.6338887,0.5199959
0.5933309,0.4950469
0.52543217,0.46302205
0.4874363,0.5193386
0.45280164,0.48937842
0.43163508,0.46204174
0.41142884,0.4444483
0.40218315,0.4299012
0.39724228,0.4272465
0.39915588,0.42797887
0.40325332,0.4376245
0.4157615,0.46040556
0.45139334,0.49322784
0.4928473,0.5265618
0.52805716,0.56219393
0.5618663,0.5825483
0.58540183,0.615411
0.6012342,0.6312688
0.60817033,0.647381
0.61471725,0.66213655
0.61941904,0.6713557
0.6095461,0.6650443
0.592142,0.65337247
0.56584996,0.6306348
0.5441541,0.60036016
0.52427304,0.5804357
0.4921493,0.5415123
0.45750424,0.4837155
0.4270297,0.45766136
0.40106285,0.4329351
0.38495946,0.4147234
0.369965,0.4022161
0.36168912,0.4029632
0.35680118,0.40114528
0.35487428,0.40455547
0.3632622,0.41885453
0.3839756,0.4462492
0.40785617,0.4825133
0.43826258,0.5161992
0.46618098,0.54086137
0.49187297,0.5712314
0.5120597,0.5874189
0.5237944,0.6039189
0.5342305,0.61843187
0.546992,0.6326905
0.5525468,0.63114595
0.54434425,0.61097544
0.5231289,0.5935211
0.50764984,0.56728435
0.49360397,0.5445637
0.46781808,0.51390445
0.4333622,0.424014
0.40815273,0.39936167
0.38803703,0.38011375
0.37353382,0.36870426
0.36620447,0.36114386
0.3727555,0.36523136
0.3875385,0.3801188
0.41387966,0.40269154
0.4445326,0.43187216
0.46849564,0.46252257
0.491296,0.4911939
0.515136,0.5169147
0.5333529,0.5374154
0.5491207,0.559889
0.56511676,0.5770428
0.57843214,0.5897299
0.5891279,0.5990762
0.59522754,0.6077613
0.59187555,0.5983269
0.57301205,0.5819971
0.5478395,0.5652149
0.5242609,0.543085
0.5026972,0.515625
0.46876624,0.48339915
0.43130106,0.4264985
0.40130335,0.40234417
0.38009378,0.3827094
0.36343202,0.37140983
0.35563877,0.36445025
0.3591346,0.3704408
0.37268513,0.386378
0.39760423,0.41649267
0.42793795,0.4461477
0.45215333,0.47403407
0.4729198,0.5019512
0.49487275,0.52263355
0.5154253,0.5424871
0.53417885,0.5614642
0.55315256,0.5792364
0.56684905,0.5893796
0.57746744,0.5955421
0.5881473,0.60019267
0.5885932,0.588179
0.57535714,0.57120955
0.5508264,0.5529114
0.5245314,0.5329142
0.50056124,0.5036717
0.46650878,0.47030747
0.4299971,0.43077844
0.40040556,0.40555203
0.3800337,0.38645452
0.36556783,0.3737854
0.357378,0.36735854
0.36008433,0.37093174
0.37352931,0.38314682
0.397583,0.40520918
0.43189994,0.43217638
0.4616091,0.46007544
0.48560882,0.48992333
0.5117722,0.5159198
0.53746057,0.5351738
0.5619409,0.5571393
0.59158915,0.57085556
0.6112048,0.5823458
0.6280619,0.5926967
0.6412572,0.5976137
0.643537,0.59099734
0.62067115,0.5742169
0.5926542,0.55246305
0.5738813,0.5314393
0.553686,0.5061992
0.5140546,0.47309417
0.4721519,0.47179326
0.43866426,0.44268367
0.41372758,0.41799977
0.39698595,0.40648326
0.3894524,0.39640477
0.393167,0.39836863
0.41065493,0.41276598
0.4425294,0.4351393
0.48373425,0.47176948
0.53140944,0.507564
0.57592016,0.54798746
0.6170796,0.5850267
0.6469983,0.6116897
0.66829467,0.6453603
0.6800923,0.665439
0.6847245,0.68200296
0.6850708,0.6946736
0.68150365,0.7001459
0.6690115,0.6933582
0.641097,0.6731486
0.6076005,0.64837134
0.5773271,0.61626035
0.551674,0.59310734
0.51356256,0.5504847
0.5126403,0.4714568
0.51171803,0.4430078
0.5107958,0.42014462
0.5098735,0.40682948
0.50895125,0.3996893
0.508029,0.40139005
0.50710666,0.4130907
0.5061844,0.43843436
0.50526214,0.46655813
0.5043399,0.4965958
0.5034176,0.5291775
0.50249535,0.5592578
0.5015731,0.58063686
0.50065076,0.6053575
0.4997285,0.62511337
0.49880624,0.6380145
0.49788398,0.644437
0.4969617,0.65521765
0.49603942,0.64682543
0.49511716,0.6296472
0.4941949,0.6064464
0.4932726,0.58171177
0.49235034,0.55190325
0.49142808,0.515811
0.49050578,0.42032555
0.48958352,0.39609852
0.48866126,0.3793337
0.487739,0.37039566
0.4868167,0.36036292
0.48589444,0.3610631
0.48497218,0.3673436
0.4840499,0.38158485
0.48312762,0.39701763
0.48220536,0.41659924
0.48128307,0.443011
0.4803608,0.46530762
0.47943854,0.48319277
0.47851628,0.5031156
0.477594,0.5131228
0.47667173,0.52188367
0.47574946,0.52824813
0.47482717,0.5390607
0.4739049,0.5326073
0.47298265,0.5150609
0.47206035,0.50588894
0.4711381,0.48730674
0.47021583,0.4661947
0.46929353,0.43886244
0.46837127,0.42311022
0.467449,0.39947
0.46652675,0.38144377
0.46560445,0.37212947
0.4646822,0.36406752
0.46375993,0.36745116
0.46283764,0.37937868
0.46191537,0.3959306
0.4609931,0.41905752
0.46007082,0.44252726
0.45914856,0.46554083
0.4582263,0.48683086
0.45730403,0.49991012
0.45638174,0.5186931
0.45545948,0.5308651
0.4545372,0.5423294
0.45361492,0.5506145
0.45269266,0.5564215
0.4517704,0.55296683
0.4508481,0.5433893
0.44992584,0.52150726
0.44900358,0.5015463
0.4480813,0.47958148
0.44715902,0.44639474
0.44623676,0.40856203
0.4453145,0.38356304
0.4443922,0.36559373
0.44346994,0.3576639
0.44254768,0.34979022
0.4416254,0.35310337
0.44070312,0.36979258
0.43978086,0.38854232
0.4388586,0.4151416
0.4379363,0.43770188
0.43701404,0.4626267
0.43609178,0.48435926
0.4351695,0.4974624
0.43424723,0.5171717
0.43332496,0.52616036
0.43240267,0.53681594
0.4314804,0.54388416
0.43055815,0.5484996
0.42963588,0.5395051
0.4287136,0.5237706
0.42779133,0.50877154
0.42686906,0.4866888
0.42594677,0.46434176
0.4250245,0.43326855
0.42410225,0.42006478
0.39607975,0.39559838
0.37764004,0.37587994
0.36142486,0.36639726
0.35261643,0.35825595
0.34638545,0.3599675
0.34978837,0.3733847
0.35204193,0.3911846
0.3642555,0.40800253
0.38819134,0.4301865
0.4162052,0.45704997
0.44911185,0.48117414
0.47952065,0.49809754
0.511365,0.52175266
0.5370523,0.5369872
0.55933446,0.54947144
0.58326155,0.56118184
0.59696186,0.570853
0.59239906,0.5641687
0.5704649,0.54521716
0.54316777,0.53240985
0.52487165,0.5099242
0.49964812,0.48536283
0.47331518,0.45439655
0.44437185,0.45128602
0.42028388,0.42292616
0.4001358,0.4011003
0.3859514,0.38911334
0.37230876,0.377604
0.36495617,0.3853897
0.36265534,0.4066502
0.36154437,0.43760064
0.36972797,0.46400228
0.40395278,0.49188364
0.4460791,0.5190321
0.49123386,0.5500492
0.5336152,0.56482685
0.5732166,0.5935365
0.60447264,0.6099782
0.6320507,0.6248387
0.6528614,0.6341866
0.66446054,0.6421883
0.66032904,0.62805545
0.64009845,0.6100672
0.60936797,0.5908102
0.5912583,0.56086105
0.563895,0.53087306
0.5323789,0.49014366
0.50093526,0.48838344
0.47240886,0.4567702
0.4467043,0.4286336
0.42699438,0.41423684
0.41547644,0.4018831
0.40806502,0.40758112
0.40898696,0.41688907
0.4081569,0.4452956
0.4250022,0.47015515
0.46028042,0.4999333
0.50825745,0.53484046
0.5622598,0.5666084
0.60902923,0.59192127
0.6468591,0.6185625
0.6758537,0.64216375
0.69668335,0.6591769
0.7135462,0.6681164
0.7220921,0.6759573
0.7236125,0.6645272
0.70604986,0.6414152
0.6863553,0.61452955
0.6687907,0.5924823
0.63978356,0.5530742
0.5996717,0.5169428
0.55922836,0.5318867
0.5291785,0.49412626
0.5033958,0.46230042
0.48442104,0.44782674
0.47500437,0.4292163
0.47354117,0.43049434
0.48628712,0.4369892
0.51619595,0.45522633
0.5481515,0.47045586
0.5849759,0.49905384
0.62452066,0.5271675
0.6554246,0.5625748
0.68633187,0.5818086
0.7223619,0.6117844
0.74933463,0.6297591
0.7456937,0.6419368
0.72463155,0.65322787
0.7117331,0.65654886
0.6946932,0.6447648
0.6739468,0.6255749
0.669702,0.60059816
0.6550408,0.5807339
0.6239389,0.5468467
0.5825304,0.5096883
0.5425309,0.5229031
0.5084745,0.48678264
0.489078,0.45979428
0.4740652,0.4469595
0.46766534,0.42579263
0.47178653,0.4272196
0.48394728,0.4380551
0.5080061,0.45858884
0.5190063,0.47595719
0.52653223,0.5052478
0.5497199,0.5274099
0.5680086,0.555374
0.5871882,0.5684581
0.6083978,0.5957306
0.62419206,0.60594493
0.62512803,0.61484313
0.6174227,0.61867493
0.5994858,0.62307763
0.5669061,0.61166596
0.54543835,0.5967989
0.5414376,0.57196593
0.5340325,0.55288416
0.50980645,0.526341
0.47984192,0.48754925
0.44858798,0.44452706
0.42280954,0.41754732
0.4067151,0.39864352
0.39413157,0.38997874
0.3881865,0.37653193
0.38915175,0.37479475
0.4057655,0.388547
0.4370874,0.40496317
0.4554447,0.4213691
0.4655016,0.44319224
0.4701013,0.46786726
0.47348797,0.48590726
0.47534943,0.49377954
0.47995415,0.5117501
0.48544088,0.5196179
0.4830545,0.5273045
0.47968864,0.53311676
0.4753651,0.5390628
0.47025818,0.53138185
0.46192366,0.519074
0.4654815,0.50894624
0.458458,0.48911068
0.44121808,0.47043398
0.41661453,0.44327992
0.39112177,0.39646366
0.37088886,0.3760889
0.3566878,0.36425874
0.34673852,0.35628086
0.34263512,0.34759977
0.34726143,0.3467181
0.36492926,0.35590374
0.39452222,0.36581644
0.414215,0.3806175
0.427808,0.39688325
0.43699956,0.4104066
0.4440755,0.42052618
0.44681466,0.4205724
0.44661334,0.43056008
0.44873205,0.42786455
0.44488323,0.43283266
0.43850228,0.43596953
0.43594638,0.4413094
0.42918333,0.43889186
0.4233124,0.43655294
0.4251706,0.43292105
0.4216473,0.41944453
0.40631843,0.41000548
0.3874201,0.3885833
0.3653445,0.370383
0.34844756,0.35333773
0.3345297,0.34367844
0.32854366,0.3365874
0.32099816,0.3306966
0.3220229,0.33075055
0.32561958,0.33687145
0.3338345,0.34352675
0.34144932,0.3518676
0.35393962,0.3631386
0.3673692,0.37291443
0.37898633,0.38002312
0.38891697,0.38104737
0.39286488,0.387776
0.40274477,0.385734
0.4124012,0.39157012
0.4207099,0.39585143
0.42826122,0.4008389
0.42705673,0.40211204
0.41647413,0.40258288
0.40854052,0.39838392
0.3993247,0.39099583
0.38560995,0.38291574
0.36521816,0.36527938
0.34756082,0.35947713
0.33110467,0.3468338
0.31969458,0.33622792
0.30919412,0.32598227
0.30525005,0.3178468
0.30110925,0.3203611
0.30528247,0.3180517
0.30658963,0.31918603
0.3107227,0.31646475
0.3236777,0.33056605
0.33763853,0.34278607
0.35000393,0.35757178
0.36430767,0.36263347
0.38304293,0.3730483
0.40301576,0.37197343
0.4229349,0.38202795
0.4458673,0.39198512
0.45568228,0.40237677
0.45825303,0.40206257
0.45027554,0.40139496
0.45152548,0.39872593
0.44536895,0.39137217
0.42794603,0.38297302
0.40350935,0.36455464
0.37685117,0.3797816
0.3591855,0.36007488
0.346353,0.34274614
0.33774427,0.3354331
0.33602977,0.32830495
0.3430357,0.3269668
0.36428285,0.33488047
0.39758217,0.34616545
0.4205179,0.35936627
0.4387094,0.38390666
0.44982645,0.40380985
0.4586795,0.42669186
0.46049085,0.44067827
0.4625402,0.45768836
0.46175504,0.46631032
0.45813927,0.47668222
0.45136264,0.48579764
0.44920108,0.49274912
0.4445055,0.48984185
0.43983886,0.48574907
0.44241554,0.48191565
0.43527046,0.46571285
0.41721436,0.45136565
0.39501137,0.43084997
0.39447778,0.36610764
0.3939442,0.34945163
0.39341062,0.33385584
0.39287704,0.33246922
0.39234346,0.33013454
0.3918099,0.33490887
0.39127633,0.35416895
0.39074275,0.38325313
0.39020917,0.406481
0.3896756,0.42329884
0.389142,0.4335152
0.38860843,0.44231364
0.38807487,0.4471728
0.3875413,0.4502701
0.3870077,0.45700157
0.38647413,0.4598516
0.38594055,0.46065378
0.38540697,0.46470317
0.3848734,0.45662865
0.38433984,0.45623034
0.38380626,0.45141
0.38327268,0.438464
0.3827391,0.4166922
0.38220552,0.39705777
0.38167194,0.33625162
0.38113835,0.32300165
0.38060477,0.31235638
0.38007122,0.30843884
0.37953764,0.30675444
0.37900406,0.31271368
0.37847048,0.3329265
0.3779369,0.35839796
0.37740332,0.38016275
0.37686974,0.39443862
0.3763362,0.40226626
0.3758026,0.41144368
0.37526903,0.41200686
0.37473544,0.41702974
0.37420186,0.4181106
0.37366828,0.4206061
0.3731347,0.4203993
0.37260115,0.42331502
0.37206757,0.41603026
0.371534,0.41466302
0.3710004,0.41475588
0.37046683,0.40568575
0.36993325,0.3886987
0.36939967,0.36795658
0.36886612,0.3361994
0.36833254,0.32247788
0.36779895,0.31481448
0.36726537,0.3118285
0.3667318,0.31044742
0.3661982,0.31679857
0.36566463,0.33755523
0.36513108,0.36819237
0.3645975,0.3920019
0.36406392,0.40528154
0.36353034,0.4132314
0.36299676,0.41973415
0.36246318,0.42345604
0.3619296,0.43016967
0.36139604,0.4331444
0.36086246,0.4336461
0.36032888,0.43294162
0.3597953,0.43587908
0.35926172,0.42871362
0.35872814,0.42373633
0.35819456,0.42359906
0.357661,0.41114148
0.35712743,0.39394462
0.35659385,0.36841756
0.35606027,0.33323747
0.3555267,0.3197142
0.3549931,0.30852485
0.35445952,0.30663398
0.35392594,0.3044791
0.3533924,0.31080317
0.3528588,0.33057767
0.35232523,0.35451072
0.35179165,0.375271
0.35125807,0.38779074
0.3507245,0.39668626
0.3501909,0.4048346
0.34965736,0.4068961
0.34912378,0.41585204
0.3485902,0.41846126
0.3480566,0.4207163
0.34752303,0.42269045
0.34698945,0.4242772
0.34645587,0.42133716
0.34592232,0.41503322
0.34538874,0.41444194
0.34485516,0.40325397
0.34432158,0.38447562
0.343788,0.36049902
0.34325442,0.34319463
0.33212838,0.32707965
0.31999472,0.3167946
0.31441396,0.31285706
0.31095615,0.30414304
0.30815336,0.3032369
0.31086406,0.30687928
0.31378177,0.30836916
0.3199274,0.30846012
0.3307131,0.318387
0.3443225,0.3312133
0.3497286,0.3428223
0.35763282,0.34940475
0.360356,0.35810152
0.36346972,0.3603528
0.3628877,0.36244178
0.3618799,0.3662625
0.365144,0.376876
0.37050486,0.37972203
0.37552154,0.37816417
0.38007367,0.39111084
0.37500966,0.38140932
0.36229318,0.37422177
0.34561133,0.35677153
0.32747236,0.33056152
0.31621015,0.31711233
0.3070137,0.30843702
0.30233622,0.3053166
0.30243334,0.30251265
0.31074676,0.3053904
0.33209977,0.3201887
0.36482367,0.33660823
0.3833696,0.34392104
0.3971735,0.349803
0.4078041,0.35877955
0.41866404,0.3653574
0.42721376,0.36429536
0.4340885,0.36972338
0.43887135,0.37068442
0.4380532,0.3696569
0.43717274,0.37047803
0.43860945,0.3740709
0.4376718,0.3737516
0.43165734,0.3718381
0.43404487,0.38188642
0.4231194,0.36977288
0.40315464,0.35853302
0.37836203,0.3376801
0.35477215,0.360606
0.33817482,0.34560117
0.3272034,0.33366153
0.3207477,0.32627216
0.317284,0.32440516
0.3224107,0.32912305
0.3414269,0.34817374
0.37430337,0.37190387
0.39734358,0.3978261
0.41124484,0.41455737
0.41873202,0.42430973
0.4225098,0.4328361
0.42374128,0.43189952
0.42386958,0.43647778
0.42479917,0.43653
0.41973773,0.43694398
0.4169228,0.43375683
0.41695848,0.4362037
0.41696435,0.434449
0.41781452,0.43156475
0.42732668,0.42722648
0.41745692,0.4168807
0.401831,0.39592353
0.3791262,0.37639266
0.35565242,0.34446925
0.34054688,0.32732427
0.32829,0.3170786
0.32306334,0.31406397
0.32041186,0.30768824
0.32648763,0.31180584
0.34762767,0.3290264
0.37908506,0.34480792
0.39961195,0.35655308
0.41351852,0.3607878
0.42259324,0.37258768
0.4318312,0.3796992
0.43913528,0.37660968
0.4530098,0.38039002
0.465856,0.38096836
0.47273824,0.379395
0.47625434,0.37956786
0.48008347,0.3828385
0.47511348,0.3787592
0.46860793,0.37840676
0.47136292,0.38446987
0.45844817,0.37069285
0.4360625,0.35654435
0.40861762,0.33696908
0.3822849,0.37877694
0.36333504,0.36111325
0.35025334,0.3471333
0.34329447,0.33487648
0.3387709,0.32669225
0.34436145,0.3323779
0.36367297,0.34365666
0.39886785,0.36094543
0.4196203,0.37756696
0.43273264,0.39742765
0.4439822,0.4154209
0.45899153,0.4326347
0.4724261,0.4403332
0.4800714,0.45514187
0.48161337,0.46082458
0.47679394,0.46852407
0.46975014,0.46801084
0.46595642,0.4750335
0.46166155,0.46988454
0.45865995,0.46185243
0.46384487,0.45737827
0.45533556,0.44347697
0.4391889,0.42548934
0.4146875,0.40192926
0.3884251,0.3675776
0.3706074,0.35075888
0.35709724,0.33793074
0.34818172,0.32779586
0.34413764,0.32057405
0.34767053,0.3207825
0.36728978,0.32432234
0.39966962,0.3264878
0.42061746,0.3279231
0.43784666,0.3387515
0.44755465,0.3546797
0.45356196,0.36562702
0.4639165,0.37055594
0.47586176,0.3784528
0.48489448,0.38326138
0.48959842,0.3845189
0.49021316,0.38677007
0.48337868,0.39693865
0.47464454,0.3967337
0.46864024,0.39225185
0.46850246,0.39691287
0.45707014,0.38673076
0.440895,0.3728099
0.42098862,0.3552326
0.3968818,0.38518775
0.3781688,0.36550185
0.36104667,0.35255563
0.34980267,0.33974674
0.34086388,0.32739386
0.3390704,0.326832
0.34044522,0.32548022
0.34897727,0.32147378
0.35746744,0.31563663
0.3735874,0.32678542
0.39311704,0.3464018
0.41461006,0.36700585
0.43553397,0.37581348
0.44815698,0.39197242
0.45789844,0.39483523
0.46635777,0.40218994
0.47264275,0.41039848
0.47319806,0.4239823
0.46258423,0.4236155
0.44232136,0.4185905
0.4367847,0.42505085
0.4235234,0.41236785
0.4074162,0.39943206
0.3846145,0.38202912
0.3617021,0.37741473
0.3441708,0.36089784
0.32953647,0.34626988
0.3203667,0.3360706
0.3131594,0.32917458
0.30964127,0.33132994
0.3108567,0.33607823
0.31395575,0.34077817
0.31372046,0.34666005
0.32854116,0.35991633
0.3416218,0.37598753
0.3563894,0.3945815
0.37458846,0.40391427
0.3939884,0.41796002
0.40744734,0.42548382
0.4170774,0.4323329
0.4180777,0.43832868
0.42215154,0.45083556
0.428632,0.44833896
0.42688388,0.4400431
0.42807668,0.44218022
0.4186783,0.4289138
0.4039877,0.41359448
0.38474023,0.3931417
0.36413234,0.36815414
0.3481929,0.34947944
0.33621144,0.3356917
0.32873106,0.33146262
0.32730606,0.32408038
0.33553728,0.32387176
0.35769647,0.33861727
0.39255816,0.35835543
0.41516146,0.37722403
0.42833826,0.39981824
0.4354071,0.41773194
0.4437552,0.43155292
0.45451263,0.44595468
0.46714526,0.45669994
0.4783861,0.46816373
0.48433876,0.47329646
0.4843399,0.47787744
0.48721844,0.48597893
0.4809594,0.48245126
0.47028723,0.47325265
0.47223017,0.47032517
0.45914167,0.45510015
0.44134814,0.43366945
0.41482517,0.40928507
0.387209,0.39674914
0.3686309,0.3759158
0.35467482,0.3611161
0.34344336,0.35093293
0.33956614,0.34364524
0.34508252,0.35031304
0.3640618,0.3670227
0.3982165,0.39037848
0.4194797,0.41316825
0.43278775,0.43192527
0.44013467,0.45507854
0.4471853,0.4679129
0.4515697,0.47614503
0.46275467,0.49094838
0.47438824,0.49513572
0.48010927,0.4988235
0.48361188,0.50183487
0.47885188,0.5075218
0.47162956,0.5036534
0.4678849,0.4898225
0.47016197,0.48132968
0.45658067,0.46694973
0.4367791,0.44229844
0.4085243,0.41811407
0.3826174,0.38189992
0.36138308,0.36121896
0.34755915,0.3464917
0.34036076,0.33882815
0.33621028,0.334305
0.34306768,0.340023
0.36269832,0.36055064
0.3960067,0.38335434
0.4181469,0.40482023
0.4316291,0.42286247
0.4420139,0.43886945
0.44713062,0.4528785
0.44883293,0.45680416
0.4540284,0.46942735
0.45879838,0.47697258
0.45606336,0.4799169
0.45286962,0.48095292
0.44975737,0.48583242
0.4459417,0.47785595
0.44549933,0.47251582
0.446743,0.46541476
0.43676397,0.44936508
0.41918772,0.429718
0.39453432,0.40381086
0.37094617,0.369165
0.35182378,0.3516788
0.34072435,0.33889258
0.33282784,0.32926804
0.3308937,0.32548282
0.33711043,0.32973418
0.35771796,0.34524572
0.3931655,0.36705557
0.4126197,0.3871207
0.4249863,0.40701434
0.43305317,0.42440593
0.44294548,0.4347637
0.44680372,0.44282037
0.45142365,0.45185983
0.45268416,0.4580997
0.45195213,0.46129796
0.44799858,0.46134382
0.4478497,0.4656774
0.44487357,0.4597089
0.4411753,0.45148212
0.44520822,0.4460513
0.43343458,0.43375918
0.41451064,0.41393772
0.3892793,0.39058298
0.09676226,0.3621664
0.0,0.34501377
0.0,0.33327904
0.0,0.32732624
0.0,0.323499
0.0,0.3279349
0.0,0.34498692
0.0,0.3657943
0.0,0.38592196
0.0,0.40175185
0.0,0.41420418
0.0,0.4245276
0.0,0.4281085
0.0,0.43674508
0.0,0.4388411
0.0,0.4412357
0.041073106,0.4422298
0.08214621,0.44692612
0.123219326,0.4432728
0.16429242,0.43823045
0.20536554,0.43234837
0.24643865,0.42138886
0.28751177,0.4005707
0.32858485,0.37709892
0.36965796,0.3888118
0.35036963,0.42327887
0.3366959,0.3923305
0.3267678,0.38344115
0.32117626,0.36880752
0.32039988,0.35464832
0.32642654,0.33593178
0.33807915,0.32040334
0.3454856,0.3283028
0.35795015,0.3653569
0.37506324,0.40015942
0.391872,0.4377523
0.4133485,0.4786964
0.43327916,0.4981145
0.45185673,0.52403903
0.47030687,0.5412967
0.48664853,0.55942583
0.49520785,0.5832684
0.4909111,0.58524215
0.47494435,0.58338696
0.46430606,0.5676264
0.44696227,0.5377043
0.42652363,0.51908743
0.40291134,0.49755418
0.37859714,0.39193335
0.35760334,0.37306455
0.34133813,0.35198918
0.32842857,0.34887353
0.321259,0.32956198
0.31596175,0.3283681
0.3170417,0.31907701
0.32090893,0.31555632
0.32457158,0.31584588
0.33927217,0.34236455
0.36175364,0.3651374
0.38978216,0.39295548
0.41830283,0.41666996
0.44616878,0.43781254
0.4708898,0.45894322
0.4919801,0.47244683
0.50682336,0.49272275
0.5126326,0.50532365
0.5077055,0.50424767
0.49090064,0.49547154
0.4797505,0.49446356
0.4592653,0.47759932
0.43536347,0.46707994
0.40702468,0.4439419
0.37755746,0.43181363
0.35652444,0.4075084
0.34253109,0.3856993
0.33456263,0.37356663
0.33150825,0.36659583
0.3368417,0.37224293
0.35946992,0.38571846
0.39355686,0.40788236
0.4149568,0.42783305
0.43583563,0.44846672
0.4586349,0.47834823
0.48611847,0.50683975
0.5125851,0.52687365
0.5375213,0.5538929
0.5637098,0.5733735
0.58306307,0.5877456
0.5973044,0.598531
0.60266054,0.6065606
0.58714634,0.6025146
0.5592931,0.5819306
0.5427396,0.5674964
0.51548773,0.5464288
0.48542792,0.51747054
0.4508334,0.48444915
0.41393763,0.41088346
0.38694194,0.38887605
0.36963105,0.3690842
0.35808972,0.36141554
0.34993592,0.349814
0.35134923,0.3523057
0.3697124,0.352688
0.40281573,0.36573508
0.42137045,0.38319993
0.43990877,0.41016608
0.4623558,0.43880266
0.49127406,0.4679939
0.51961756,0.49268818
0.54677755,0.51631474
0.57319206,0.5369726
0.59297806,0.55224854
0.6092656,0.5666482
0.6119352,0.5783826
0.5973284,0.5747169
0.56806177,0.5612163
0.55054474,0.5465158
0.52327335,0.5282039
0.4963349,0.5057307
0.46069306,0.47639394
0.4281806,0.4252802
0.40622175,0.39888093
0.38796696,0.38024622
0.37538436,0.36820698
0.36978462,0.35881862
0.37582278,0.36749715
0.39649805,0.38610327
0.4308609,0.41334394
0.45024428,0.44181398
0.4664226,0.46719766
0.48047003,0.49563962
0.4978477,0.51928544
0.52075,0.53254545
0.5481994,0.5546991
0.56079113,0.56833553
0.56243503,0.5805294
0.55184644,0.5855763
0.54293966,0.59095496
0.532614,0.58049667
0.52598846,0.5670245
0.5203517,0.5469506
0.50347316,0.52646166
0.47932583,0.4984867
0.4489957,0.4618392
0.41736537,0.4139774
0.3917162,0.39284888
0.37360656,0.3732703
0.3639373,0.3607883
0.35791844,0.35189357
0.36257634,0.3530375
0.3830943,0.35592288
0.42148602,0.36735657
0.4422185,0.3786859
0.45227915,0.4051905
0.45855904,0.43233773
0.46496838,0.45073572
0.4668333,0.4643175
0.46742073,0.48276094
0.46705705,0.49680454
0.46407038,0.5059342
0.46576554,0.5110879
0.47345006,0.52259743
0.4685867,0.51773536
0.4579674,0.5061725
0.45300558,0.4905761
0.4378971,0.48114315
0.4189146,0.45390865
0.39212117,0.43065143
0.36383775,0.34843194
0.34693536,0.3219756
0.33314666,0.29990187
0.32234445,0.300677
0.3176462,0.2842799
0.3197512,0.28477666
0.3372235,0.25987718
0.36751297,0.23983674
0.3826474,0.19943455
0.38963333,0.22232217
0.39782065,0.26058272
0.40575728,0.29912925
0.4089248,0.34104723
0.40519136,0.359136
0.40098256,0.39538568
0.39321345,0.40038553
0.3838138,0.4395942
0.38068363,0.46495488
0.38226444,0.4873961
0.3929195,0.48887855
0.39650562,0.50921386
0.38708404,0.5039978
0.37588146,0.48032868
0.35650548,0.46550572
0.33782336,0.32587636
0.32467407,0.3119404
0.31404158,0.30828646
0.30901387,0.3071946
0.30869222,0.30495968
0.30964842,0.31279615
0.31669536,0.33472514
0.32885313,0.36359078
0.33647224,0.38755786
0.34053493,0.40045395
0.34197146,0.40371615
0.34184298,0.40239784
0.3394473,0.39746934
0.33809838,0.3982739
0.33589143,0.40006536
0.3365693,0.4029617
0.33725756,0.40488756
0.34089333,0.40843403
0.34841886,0.40843007
0.35915038,0.40980953
0.3636401,0.41229075
0.35818073,0.4032401
0.3484838,0.3927235
0.33595222,0.36768168
0.32238737,0.31926054
0.31280184,0.30897278
0.30521402,0.30424052
0.30081624,0.30186242
0.29619727,0.29792106
0.2970554,0.30444276
0.30207017,0.31686604
0.3113768,0.33458516
0.31466982,0.3478527
0.32104114,0.35771674
0.32508007,0.35936266
0.32842582,0.36011752
0.3316153,0.35666376
0.33496997,0.35492235
0.33227363,0.35275117
0.33425087,0.35379905
0.33456424,0.35638458
0.34045678,0.3610486
0.34829652,0.36200285
0.36162123,0.367813
0.36416432,0.37141198
0.3589556,0.36644945
0.3486019,0.35771823
0.33394402,0.34215045
0.31834182,0.32381672
0.31200305,0.31303966
0.30796397,0.30701014
0.30476934,0.30698955
0.307116,0.30567452
0.3142558,0.3136548
0.33522156,0.33092737
0.3691971,0.35385677
0.38500354,0.37240985
0.39067048,0.37880343
0.3918017,0.38128507
0.3911863,0.38352802
0.39123526,0.3797344
0.39273503,0.380434
0.3961572,0.37285346
0.392933,0.3740296
0.38843688,0.37155855
0.38863054,0.3726762
0.3950126,0.37588206
0.40395525,0.37963593
0.4079689,0.3812906
0.39853567,0.3764592
0.38427174,0.36424375
0.3645116,0.34683663
0.3452518,0.33698222
0.33433542,0.3245226
0.32679698,0.31664333
0.32124928,0.31399262
0.32084414,0.31480002
0.330508,0.3233051
0.35292324,0.34328574
0.39168447,0.36951593
0.40919894,0.3886924
0.41112375,0.3978344
0.40811327,0.39768034
0.40370956,0.39734647
0.40079737,0.39167672
0.39993286,0.39217398
0.4006189,0.38859886
0.39693904,0.3896745
0.39427832,0.39069712
0.3947751,0.3918045
0.3995222,0.3930681
0.40892082,0.39864355
0.41029206,0.39895606
0.4015639,0.39254168
0.3856706,0.37766504
0.36426902,0.3604588
0.34418058,0.34389955
0.3315819,0.33145854
0.3254378,0.32310632
0.3220209,0.32043
0.32193732,0.3205035
0.33094537,0.32939526
0.35342625,0.34680372
0.39035925,0.37900364
0.40821773,0.39766237
0.40463936,0.40759444
0.40011624,0.40820462
0.39991626,0.41139898
0.4011102,0.40931463
0.40060705,0.41392553
0.4060449,0.41340733
0.4080566,0.4106618
0.40946987,0.41134506
0.40952525,0.41403285
0.41108832,0.41110805
0.4166745,0.41611826
0.41345766,0.41840136
0.4028335,0.40483737
0.38792956,0.39197326
0.36677158,0.37049574
0.34907383,0.34391904
0.33722514,0.32928988
0.32687438,0.320402
0.31986803,0.31601351
0.3184185,0.31390968
0.32348228,0.32011393
0.34283412,0.3380531
0.37807834,0.36494675
0.40073293,0.39237037
0.41158327,0.40856025
0.41674975,0.4155593
0.42026925,0.4203948
0.4176035,0.41932067
0.41567612,0.42177555
0.41551363,0.42060634
0.41231814,0.4177383
0.40991846,0.41491723
0.41128066,0.41489723
0.4098281,0.41404977
0.41715336,0.41551507
0.41546172,0.41500932
0.4058481,0.4024612
0.38985282,0.38933384
0.36965793,0.3661149
0.3501196,0.34666008
0.3362199,0.3316616
0.32701963,0.32224998
0.32079905,0.31751814
0.3192196,0.31332448
0.3234553,0.31930497
0.34400105,0.33630478
0.37639588,0.35913166
0.39798203,0.3813727
0.41074193,0.3934458
0.4166941,0.40220737
0.42170253,0.4081281
0.42285737,0.40590328
0.4218055,0.40766445
0.4225501,0.4052583
0.41971198,0.40088403
0.4144831,0.39824134
0.41299295,0.39868242
0.41065103,0.39767227
0.41439912,0.39951754
0.4089885,0.40331882
0.40000513,0.39170793
0.38770294,0.37837368
0.37033552,0.3597901
0.35085508,0.34839872
0.33736804,0.33327195
0.32691595,0.3261474
0.32078263,0.3192417
0.31720436,0.31368604
0.31838787,0.31800848
0.32738206,0.32712615
0.34331295,0.34006014
0.350259,0.34641644
0.36089125,0.3521226
0.37451112,0.36169142
0.37865537,0.3649976
0.38170505,0.3622641
0.37869555,0.3630481
0.37217733,0.35718834
0.36828992,0.3536519
0.36580953,0.35182065
0.3675218,0.35595053
0.36994904,0.362189
0.37773857,0.36738968
0.37638232,0.37572604
0.36890993,0.36927602
0.3608398,0.3595907
0.3458439,0.34573603
0.33062512,0.34094232
0.32170776,0.3274826
0.31310782,0.32079935
0.30894762,0.31682444
0.3066606,0.31277892
0.30808437,0.3154839
0.31181887,0.32486856
0.32270268,0.3343333
0.32393563,0.33621094
0.3285114,0.33658355
0.3295025,0.34245974
0.33051506,0.34504715
0.3315787,0.3441251
0.3344086,0.34511417
0.33363876,0.34095728
0.33248922,0.34020355
0.33416262,0.33815426
0.34110793,0.34279895
0.35336065,0.35370517
0.3708613,0.3608337
0.37148193,0.37046504
0.36752138,0.36662295
0.35436302,0.35644773
0.34262073,0.34349132
0.3271978,0.33397523
0.31838068,0.32125095
0.31267306,0.31434605
0.30899295,0.31106874
0.31072292,0.30882618
0.3189669,0.31635016
0.34306535,0.33616215
0.38063467,0.36097705
0.4033429,0.38556814
0.41233596,0.39529076
0.41618612,0.40053523
0.4190262,0.40312052
0.41843772,0.39807612
0.41667965,0.39911613
0.41573346,0.39452922
0.40961635,0.3924199
0.40565765,0.39077288
0.40687045,0.3911795
0.4115407,0.39314976
0.41910008,0.39712697
0.41620687,0.40272677
0.40649012,0.3923296
0.39099565,0.38114533
0.37299454,0.3618995
0.35394832,0.3491784
0.34081692,0.33497357
0.33433598,0.32712418
0.32929048,0.3270855
0.3295796,0.3250152
0.33815882,0.33367762
0.36129072,0.3542068
0.3976274,0.38516423
0.41389984,0.41025102
0.4109751,0.41927853
0.40720153,0.42185813
0.40406865,0.42418727
0.4001565,0.4203813
0.39764896,0.4219443
0.39899746,0.41950393
0.395999,0.41646954
0.39447924,0.41897005
0.3977209,0.41729984
0.40412927,0.41880336
0.41383743,0.42286283
0.41472414,0.4227811
0.40505737,0.40907705
0.3893872,0.39547098
0.37157333,0.37224346
0.3520638,0.3461672
0.3399565,0.33236235
0.33298814,0.32396123
0.32841605,0.3210786
0.326133,0.31845143
0.33439234,0.32790285
0.3557271,0.34886777
0.39237362,0.3744896
0.4139861,0.40064374
0.41405544,0.41080922
0.41070393,0.41399515
0.4091559,0.4145884
0.40667918,0.41100633
0.40941066,0.41358882
0.4136848,0.41276056
0.41644228,0.41263762
0.4140663,0.41228986
0.41120103,0.41064236
0.41605106,0.41341925
0.42268008,0.41837037
0.4183079,0.41607434
0.40714532,0.40507272
0.38988975,0.3893494
0.36798078,0.3669576
0.34840858,0.35192865
0.33572406,0.33582768
0.32627022,0.32654408
0.31932253,0.3221944
0.31839827,0.31829903
0.3248402,0.3250799
0.34450412,0.34301704
0.37871456,0.3701398
0.40064025,0.39439526
0.40821084,0.40910667
0.4124965,0.41810036
0.4155161,0.42394903
0.41774046,0.42416966
0.4164439,0.42885515
0.41784725,0.42994857
0.41516915,0.42669806
0.41269618,0.4262395
0.412392,0.4273318
0.41780415,0.42519116
0.4210094,0.42690647
0.41447067,0.42824972
0.40407753,0.41462037
0.38991714,0.4021532
0.3689377,0.3801245
0.34945562,0.34447336
0.33389753,0.33021477
0.3254812,0.32253367
0.3188987,0.3189146
0.31759304,0.31594834
0.3244824,0.32110983
0.34358913,0.33838385
0.37679297,0.3645113
0.3983017,0.38328043
0.40537444,0.3933637
0.40954635,0.40181094
0.4092278,0.40311512
0.4091371,0.40016526
0.403544,0.3996511
0.39898273,0.39708066
0.39321625,0.39184234
0.38958114,0.38980514
0.39095306,0.39186248
0.3953418,0.39158246
0.4052083,0.3941183
0.40199408,0.39815426
0.3934533,0.38848376
0.3828856,0.3741798
0.36376944,0.3569138
0.3502906,0.34027
0.33610967,0.32967645
0.33108225,0.32262212
0.32387587,0.3145429
0.32192037,0.31240585
0.3216587,0.3170948
0.3297792,0.3288014
0.34484565,0.3411903
0.35545024,0.35139027
0.36086532,0.35455763
0.3584544,0.35767356
0.3559001,0.36004764
0.354397,0.35865515
0.35656586,0.36147594
0.35448328,0.35737473
0.35699204,0.35778633
0.35826954,0.35406286
0.36492914,0.35465375
0.3692413,0.36103362
0.37838235,0.3662275
0.3747108,0.37635243
0.36893946,0.37179637
0.36041987,0.3592388
0.34731537,0.34518468
0.33439422,0.33567047
0.32422814,0.32435906
0.3168378,0.31731206
0.3112657,0.3157232
0.30919492,0.31069142
0.3083841,0.3154791
0.3134714,0.32915574
0.32403973,0.34220588
0.32899836,0.34682205
0.32815227,0.34730795
0.32539865,0.35411406
0.32747522,0.35339674
0.32692647,0.35142124
0.3255324,0.35310626
0.32940382,0.34718323
0.3293042,0.34706947
0.3334131,0.34636647
0.34131414,0.35004315
0.35440478,0.35887185
0.36918038,0.3660037
0.37059382,0.3761624
0.3651905,0.3694333
0.35457724,0.35737973
0.34074143,0.3447215
0.32831937,0.33397132
0.32014668,0.3212422
0.31531352,0.31502953
0.3118153,0.31443387
0.31493407,0.31285724
0.32513946,0.32113475
0.35210744,0.34050047
0.39133537,0.3702724
0.4144236,0.39383063
0.418239,0.40613025
0.41944864,0.41068435
0.41747293,0.4112283
0.41100487,0.40936726
0.4079388,0.41018477
0.4088536,0.40803468
0.40546232,0.40697655
0.40620053,0.4056126
0.4077346,0.40654582
0.4109103,0.4107488
0.41907883,0.41354072
0.41494593,0.4103284
0.40408304,0.39927754
0.3883052,0.38609385
0.36768934,0.3620612
0.34771094,0.34844413
0.33478642,0.33220983
0.32675523,0.32386687
0.32191944,0.31975326
0.32151824,0.31522927
0.32828405,0.32323444
0.34790647,0.3447467
0.38461372,0.37511984
0.404526,0.4039759
0.40797263,0.41787696
0.41288492,0.4264717
0.4199731,0.43107584
0.4254659,0.4310391
0.43290642,0.43559888
0.4412555,0.43587822
0.44669345,0.4346201
0.4516032,0.43507767
0.45047453,0.43461314
0.44872713,0.4314917
0.45276362,0.43073797
0.44391948,0.43059748
0.4302513,0.41277644
0.4106795,0.39735338
0.38685822,0.37098217
0.3629015,0.37220183
0.34578535,0.35281467
0.33497128,0.3413322
0.3258034,0.33148253
0.32173368,0.32662642
0.32559004,0.3322303
0.3467032,0.34543103
0.3821551,0.3681812
0.4063173,0.3948883
0.41637364,0.4168219
0.42227575,0.4319895
0.4261211,0.44662917
0.42711622,0.45155677
0.42841083,0.46272847
0.4299495,0.46499747
0.42722613,0.46607417
0.42369983,0.47015607
0.42300612,0.47101817
0.42746893,0.47220916
0.43064728,0.4682594
0.4256297,0.46278614
0.41329333,0.4471815
0.3976753,0.43381268
0.37887254,0.40585822
0.36033276,0.35404778
0.34567425,0.3347698
0.33552927,0.32396472
0.3297701,0.3183402
0.32797801,0.312011
0.33265075,0.31708243
0.3539382,0.33396524
0.38706422,0.35237005
0.41110477,0.3711088
0.41892934,0.38464072
0.42555115,0.3964159
0.43083307,0.40436152
0.4315053,0.4087291
0.43256786,0.41338095
0.43527612,0.417302
0.43491814,0.41676658
0.4312732,0.41498834
0.42917073,0.4165661
0.4324234,0.41177696
0.4361468,0.40856123
0.43255627,0.40995508
0.42220315,0.39612576
0.40692842,0.38273257
0.38423187,0.36082023
0.36319914,0.36070436
0.34827915,0.34149015
0.33671644,0.33140424
0.3307067,0.32632798
0.3281625,0.3186365
0.33359775,0.32374582
0.35215002,0.34117073
0.38570872,0.36235324
0.4095224,0.3823003
0.42189524,0.39625016
0.4297524,0.4105119
0.43606916,0.41643488
0.43997428,0.42028213
0.43998337,0.424924
0.44130692,0.42516088
0.437641,0.42384395
0.43277726,0.4223392
0.4283345,0.42633703
0.4252874,0.42290732
0.42112702,0.41882908
0.4104056,0.42412078
0.39541936,0.41048625
0.38436028,0.39419335
0.36490238,0.37505114
0.34884438,0.34203377
0.3333075,0.32944655
0.32487404,0.32150653
0.31764093,0.318093
0.31469798,0.31769946
0.3164305,0.31975868
0.32651067,0.33274102
0.34197643,0.34433165
0.35414362,0.35096467
0.36129498,0.35296467
0.36171988,0.35695708
0.36163026,0.3602348
0.35585356,0.35749337
0.35308725,0.36185387
0.3496018,0.360156
0.3508697,0.3600866
0.352554,0.3585537
0.36041716,0.3627065
0.3703748,0.37221298
0.3803947,0.37812203
0.3765738,0.38606948
0.3710663,0.3836838
0.36251947,0.3728815
0.3498124,0.35792553
0.33474314,0.33680776
0.3270323,0.3236469
0.31720337,0.31603143
0.31499645,0.31242508
0.31209248,0.30853572
0.31303054,0.31117335
0.3148645,0.31783193
0.32356822,0.32503897
0.33371913,0.32429928
0.34127402,0.32368854
0.35172063,0.33546066
0.36003634,0.33721545
0.3637205,0.33515736
0.36777765,0.33747378
0.3688986,0.33293533
0.36786792,0.33054575
0.37090462,0.32952362
0.37674594,0.33251002
0.3879046,0.3440754
0.39523616,0.35127646
0.39388528,0.3632313
0.38816804,0.36189407
0.37946072,0.35567605
0.3620609,0.345096
0.34923646,0.3462037
0.34034735,0.33474383
0.3341278,0.32871088
0.3312678,0.3276699
0.33404028,0.32724485
0.34484234,0.33671853
0.37257156,0.35727257
0.41444784,0.38829985
0.4395309,0.41041312
0.43969643,0.4168008
0.4334115,0.4162773
0.42996445,0.41394225
0.42512164,0.40569985
0.4216721,0.40444413
0.42064846,0.3968984
0.4163223,0.3937827
0.4150159,0.39120698
0.42147744,0.3910301
0.4370753,0.39522728
0.45094007,0.40328395
0.44754168,0.4076348
0.44104147,0.3995265
0.42762744,0.38965052
0.40841997,0.3723849
0.38938025,0.3796842
0.3760724,0.37020442
0.3701701,0.35733157
0.3665745,0.35545588
0.36639875,0.35292116
0.37459016,0.3582775
0.39820045,0.37590224
0.43664914,0.397162
0.46191838,0.42371452
0.4684351,0.43407807
0.4722955,0.433917
0.4709579,0.43315557
0.4727056,0.42210257
0.4735904,0.42291352
0.47120297,0.41790354
0.46767128,0.4102212
0.46299216,0.41322398
0.45673558,0.4093362
0.4637414,0.4107914
0.46950126,0.42130053
0.46281922,0.42500466
0.4535247,0.41948736
0.4394693,0.4063105
0.41772735,0.39485884
0.39770803,0.40205938
0.38382116,0.38674363
0.37663022,0.37460306
0.3721814,0.3709725
0.37268227,0.3676893
0.38186964,0.37401703
0.4065447,0.39224035
0.44533783,0.417841
0.4658413,0.44650215
0.4662728,0.45784467
0.45694736,0.45535523
0.45473096,0.4588603
0.4500129,0.4490473
0.44987097,0.4508458
0.4502116,0.4453386
0.4448451,0.43984112
0.4403509,0.4462167
0.44381565,0.44355023
0.45745715,0.44644168
0.4656787,0.45797622
0.46032935,0.4582789
0.44937307,0.44632667
0.4323913,0.43486232
0.41034257,0.41830313
0.39079806,0.40307602
0.37658268,0.38579848
0.3680901,0.3743638
0.36207518,0.37052572
0.36264324,0.3661469
0.37208185,0.37257853
0.39753732,0.38965553
0.4357106,0.41671827
0.45815492,0.44837645
0.4552514,0.46485826
0.44652095,0.46475047
0.44070095,0.4636358
0.43297088,0.45886502
0.42447695,0.45886955
0.4200608,0.458376
0.4148486,0.45577362
0.41445884,0.4600001
0.42129573,0.45988294
0.43381095,0.4633958
0.44235188,0.4729098
0.4381491,0.4695326
0.4285877,0.45583466
0.4136817,0.44296247
0.39310744,0.42354703
0.37534064,0.3832844
0.3629515,0.366824
0.3555599,0.35547838
0.3514107,0.34973177
0.35157785,0.34690648
0.35801116,0.35278252
0.38042444,0.36971897
0.41630378,0.39597103
0.43841806,0.43047392
0.43941632,0.44844443
0.43625984,0.45615393
0.4374311,0.45698425
0.4336728,0.45318806
0.4273026,0.45415106
0.42799956,0.4529614
0.42349544,0.4515569
0.4208661,0.45091444
0.42145815,0.44972065
0.4261201,0.45442888
0.4288928,0.46057552
0.42092517,0.45641243
0.4094185,0.44328433
0.39796048,0.4304741
0.37843004,0.40878606
0.36059326,0.3624237
0.34384045,0.34466556
0.33576995,0.3368858
0.32926962,0.33161044
0.32681334,0.32750443
0.3314459,0.33099505
0.33896184,0.34280163
0.35630327,0.35694614
0.36934707,0.36804685
0.371482,0.3767147
0.36935812,0.38002634
0.3676646,0.38134375
0.36118877,0.3802491
0.35926732,0.3802822
0.3529181,0.37828255
0.3502393,0.37456504
0.34971038,0.3769139
0.35581884,0.37636438
0.36859956,0.3814924
0.3843923,0.39150625
0.3812475,0.39858598
0.3789085,0.39256123
0.37072042,0.3828286
0.36157537,0.3697825
0.35012257,0.35023373
0.34054992,0.3373337
0.3337406,0.33119607
0.32908836,0.32828653
0.32695836,0.32363012
0.32528788,0.32798088
0.32855013,0.33889663
0.33606768,0.35096547
0.34382266,0.36155528
0.3463397,0.36377394
0.34388563,0.36563283
0.34277934,0.3638427
0.3402932,0.36295152
0.3411477,0.36419973
0.34222007,0.3602959
0.34769928,0.35923424
0.35183826,0.3605281
0.3561348,0.36198756
0.3715007,0.37321025
0.38848498,0.38376373
0.38605538,0.38959432
0.38318306,0.38519987
0.3752157,0.3731537
0.36159855,0.35753447
0.34745872,0.34507114
0.33494815,0.33246836
0.32706907,0.32426077
0.32112297,0.3215164
0.3191555,0.3170254
0.32206982,0.3205776
0.33115748,0.33409268
0.35723776,0.3596542
0.39277747,0.3855427
0.4115708,0.39918405
0.41758317,0.40562516
0.4208213,0.41009822
0.4213996,0.41095984
0.42027858,0.41134238
0.41696554,0.4089619
0.4213942,0.40747628
0.4206055,0.403439
0.41807976,0.40609178
0.42503166,0.4098526
0.436002,0.41221058
0.4285513,0.41927588
0.41728693,0.40479118
0.4059475,0.39324278
0.3874028,0.37305146
0.3660749,0.36546868
0.34533352,0.34780335
0.33411375,0.33772135
0.32580897,0.33360034
0.3210623,0.33012834
0.32140356,0.33653572
0.33013982,0.35503888
0.35373768,0.38347486
0.38983968,0.4130322
0.40475622,0.43056387
0.4061481,0.43582672
0.40547445,0.44406125
0.40547407,0.44415984
0.40548807,0.44768855
0.40604588,0.4450662
0.41002268,0.44455037
0.4110353,0.44721544
0.414057,0.4460394
0.4282173,0.45119438
0.44134367,0.45713907
0.43403736,0.457897
0.4277374,0.44406942
0.419388,0.4333673
0.4025308,0.41128445
0.37916332,0.3601613
0.35985303,0.3446508
0.3472324,0.3360535
0.33844736,0.33286452
0.33473906,0.32869646
0.33356756,0.33518872
0.33989903,0.3504346
0.36278772,0.37634555
0.3959377,0.4024196
0.4158706,0.4150579
0.42344445,0.4216325
0.4260979,0.42271474
0.4283273,0.421629
0.4295105,0.42126244
0.42884445,0.41827977
0.42930937,0.41443244
0.42597643,0.41105998
0.42514154,0.41090342
0.43603832,0.4150153
0.44215256,0.41960168
0.43511122,0.42032987
0.42706984,0.40980247
0.41442478,0.39841193
0.39888647,0.3792659
0.3776305,0.37721565
0.3771014,0.36191478
0.37657228,0.3516757
0.3760432,0.34801552
0.3755141,0.3447096
0.37498498,0.3520809
0.37445587,0.37165326
0.37392676,0.40283224
0.37339765,0.43410903
0.37286854,0.44905663
0.37233943,0.4525954
0.37181032,0.45414704
0.3712812,0.45254117
0.37075213,0.45428193
0.37022302,0.45344326
0.3696939,0.4527031
0.3691648,0.4516924
0.36863568,0.45281312
0.36810657,0.45780858
0.36757746,0.46413136
0.36704835,0.4648456
0.36651924,0.4485573
0.36599016,0.43610403
0.36546105,0.4127522
0.36493194,0.3502452
0.36440283,0.33455172
0.35051513,0.32687154
0.34275386,0.3255654
0.3383961,0.3235889
0.33907548,0.3321217
0.34709322,0.35202295
0.37046805,0.38015398
0.4009779,0.40593854
0.41124943,0.41586977
0.41066885,0.4186338
0.41133896,0.41794214
0.41609713,0.41229236
0.41847175,0.4117407
0.419129,0.40778252
0.4207683,0.40368116
0.4193649,0.4045496
0.42062026,0.40131727
0.4346536,0.40505436
0.44304764,0.4134608
0.435593,0.41687715
0.42819673,0.4083874
0.4207055,0.39906308
0.40963936,0.3811596
0.3915109,0.37570256
0.37578994,0.3611967
0.36239368,0.35233656
0.35656962,0.3535064
0.3530189,0.35001072
0.3530031,0.3551028
0.35543832,0.3726604
0.36838764,0.3960436
0.3809966,0.42026827
0.383604,0.42626232
0.38113952,0.42440405
0.3780987,0.42313683
0.37539288,0.4201805
0.37165877,0.42002264
0.36715373,0.41609275
0.3615914,0.41338935
0.3607088,0.41516054
0.3676631,0.41445982
0.38664863,0.42378217
0.40048686,0.4332553
0.3988144,0.43559176
0.3944117,0.4256784
0.38810015,0.4136516
0.37747574,0.3954023
0.3644637,0.35950893
0.3533379,0.34626263
0.34178492,0.33949086
0.3364816,0.33482063
0.33133632,0.32998136
0.32797992,0.33587247
0.3284242,0.34725565
0.33624005,0.3629441
0.33966693,0.37450525
0.34201744,0.37790027
0.34055248,0.3819317
0.34001523,0.38036942
0.3405799,0.3759442
0.34096256,0.3755521
0.34303346,0.36695507
0.3442164,0.36354464
0.34262955,0.3629043
0.3515468,0.36432317
0.3694057,0.37483862
0.3891393,0.38422996
0.3899282,0.39222193
0.38621572,0.38412222
0.37932295,0.3751431
0.36753604,0.35988855
0.35370672,0.3572744
0.34175152,0.3421618
0.33268756,0.3336976
0.326849,0.33205
0.32477254,0.3305668
0.3260062,0.33655164
0.3379248,0.35887873
0.36480927,0.38954625
0.4022773,0.4202722
0.41397455,0.434928
0.41226867,0.4382941
0.40967095,0.43850666
0.4090752,0.43744174
0.40940887,0.4385812
0.40880433,0.43998727
0.4100807,0.43928254
0.40987456,0.44071883
0.41160795,0.43811676
0.4236253,0.443418
0.4372292,0.4498247
0.43022802,0.4480512
0.42308047,0.43836138
0.41366994,0.42234004
0.40134674,0.4001829
0.3806119,0.36575764
0.36492184,0.35102177
0.35222518,0.34185576
0.34667894,0.34271008
0.3440148,0.34132507
0.34633833,0.34739235
0.35497877,0.37132645
0.38034606,0.39971873
0.418367,0.43181047
0.4312056,0.44195995
0.42509153,0.4424922
0.41917515,0.4401311
0.41537237,0.43896627
0.4148644,0.44146267
0.41206154,0.44238898
0.41281348,0.44269553
0.41176677,0.44563293
0.41619205,0.4421994
0.4284756,0.4496248
0.44155642,0.4567843
0.43462762,0.4529003
0.42963195,0.4441479
0.42027932,0.4261465
0.40581152,0.40485656
0.38502023,0.35848093
0.36656046,0.34422776
0.35472205,0.33658123
0.3459625,0.33494496
0.3430514,0.33238804
0.34250733,0.33830318
0.3497623,0.3565817
0.37440518,0.38301492
0.40868703,0.407946
0.42060387,0.4145216
0.41553718,0.4180216
0.40904212,0.4160917
0.40774757,0.41230506
0.40871978,0.40963414
0.4078241,0.40635642
0.4092172,0.40418503
0.40876228,0.4032656
0.41011432,0.4035127
0.42195782,0.4112167
0.43355235,0.41936332
0.426518,0.42214578
0.41867602,0.4113752
0.40960115,0.39741397
0.39372653,0.37763047
0.37569067,0.3561348
0.35924396,0.34473446
0.34758726,0.3363361
0.3401235,0.33376473
0.33570185,0.33095556
0.3346494,0.33674464
0.34346655,0.3527133
0.3672031,0.3802934
0.40151855,0.40430778
0.4150469,0.4165429
0.4127878,0.41968656
0.41137215,0.4225237
0.414197,0.42154014
0.41453484,0.4245126
0.41177586,0.42477554
0.41707408,0.4221008
0.41912523,0.41861486
0.42002398,0.4226086
0.43185025,0.42491373
0.43806905,0.43065602
0.4285164,0.43151146
0.4190013,0.41850317
0.4084946,0.4041336
0.39215466,0.3829624
0.37042806,0.36221683
0.352593,0.3443699
0.33921883,0.33493036
0.33019084,0.3299241
0.3235578,0.32593474
0.32226044,0.3309531
0.32978734,0.3499968
0.3493446,0.37565514
0.3842901,0.40609238
0.40463912,0.4221378
0.40856892,0.43011588
0.40454817,0.43291333
0.40307158,0.43025374
0.40222734,0.43136254
0.40245476,0.42638075
0.40436286,0.4226695
0.40269586,0.42124903
0.40540263,0.41866392
0.42085698,0.4241353
0.4328806,0.4321289
0.42592388,0.4361608
0.42092213,0.426067
0.41428953,0.41320702
0.40224886,0.3955676
0.38799962,0.36012316
0.37171638,0.34779394
0.3593199,0.34096423
0.3509896,0.33921465
0.3507086,0.3369533
0.34863254,0.34243947
0.35309538,0.35680145
0.3625822,0.3753618
0.3787418,0.3906941
0.38196936,0.39165962
0.38130707,0.3930555
0.376941,0.38826263
0.37439242,0.38310808
0.36922222,0.3815466
0.36686122,0.37414736
0.3604803,0.37271753
0.36101648,0.3736102
0.36582866,0.37266544
0.38014126,0.38604772
0.39404333,0.3969385
0.39303514,0.4008773
0.38911712,0.39652064
0.38495642,0.38344997
0.37579578,0.36922538
0.36398098,0.36089593
0.35045296,0.3469068
0.3406335,0.33988455
0.33174998,0.336505
0.3295366,0.33266822
0.328639,0.33654955
0.33182627,0.34788567
0.33898792,0.3604854
0.34826806,0.3679693
0.3486329,0.36812994
0.34390023,0.37028903
0.34237874,0.37199423
0.33890206,0.36860287
0.34386864,0.37015846
0.34375614,0.36341625
0.34523728,0.3614252
0.34727743,0.3626246
0.35678867,0.36407366
0.37410474,0.37403357
0.39287478,0.38617814
0.39154372,0.3966478
0.38952395,0.3903929
0.38279873,0.38132992
0.37204018,0.369164
0.3581901,0.35654455
0.3442162,0.342137
0.33701167,0.33392638
0.33030865,0.3317741
0.32776186,0.3279589
0.32938218,0.33570156
0.3397736,0.35258788
0.3655843,0.38390443
0.40133324,0.41060755
0.4211395,0.42570126
0.4300819,0.43073973
0.43268046,0.42937887
0.43284652,0.42808944
0.42806667,0.42826065
0.42666888,0.42776582
0.43271625,0.42364016
0.43283424,0.42025906
0.43667462,0.4193786
0.4487695,0.42188987
0.45381385,0.42939353
0.44296515,0.43030584
0.4353514,0.42013204
0.42729446,0.40954548
0.41108018,0.38951945
0.3931411,0.38245708
0.37535524,0.36599162
0.3616239,0.35386407
0.35419288,0.35000998
0.34812856,0.34488988
0.34752154,0.3510292
0.35479748,0.36698174
0.37565753,0.39055267
0.40802205,0.42285582
0.42712632,0.44017717
0.43972406,0.44704518
0.44530204,0.4492316
0.44993985,0.44642782
0.45343506,0.44788173
0.45300102,0.4458227
0.45225105,0.4419903
0.45049602,0.44337308
0.44969636,0.438462
0.46197346,0.44400516
0.46293262,0.4523108
0.45341498,0.4495715
0.44472095,0.4404386
0.4351342,0.42875844
0.4199689,0.41027808
0.4007136,0.38466036
0.3835847,0.37095293
0.36949414,0.36023533
0.36124557,0.35757688
0.35464215,0.35484996
0.35417816,0.36109757
0.36270353,0.37715447
0.38410437,0.40434998
0.41454563,0.43329665
0.42789483,0.44439352
0.43684328,0.4441855
0.43927336,0.4433874
0.43687436,0.43921548
0.4264387,0.4384074
0.4216149,0.43509173
0.42282847,0.43101576
0.4217815,0.42976296
0.42383352,0.42924964
0.43910107,0.43521044
0.45243272,0.44342023
0.44512856,0.44682342
0.43835288,0.43417576
0.42997524,0.42303124
0.4176756,0.40518385
0.39741382,0.38992772
0.3786606,0.37563977
0.36668608,0.36551604
0.35763806,0.3616044
0.35143617,0.35919958
0.34753042,0.3645743
0.3469613,0.3802846
0.3542738,0.40760353
0.36208764,0.4371399
0.35909146,0.45067835
0.35536554,0.45058247
0.35400566,0.4500176
0.35473946,0.44601226
0.35545513,0.4455407
0.35346606,0.44325256
0.35007292,0.4402983
0.34873736,0.4396901
0.3526084,0.43862447
0.36783025,0.44663084
0.37464556,0.4586079
0.37068412,0.45911902
0.36901417,0.44808224
0.36799535,0.43643427
0.36495784,0.4185307
0.35744178,0.36408353
0.34873766,0.35201275
0.3422304,0.3451591
0.33759874,0.34482312
0.3354349,0.34275857
0.33853132,0.34936753
0.3460455,0.36403197
0.3620601,0.3889152
0.3817419,0.41664818
0.3870975,0.42628297
0.38927847,0.42652106
0.38877583,0.42395458
0.39134845,0.41848192
0.39112732,0.4158441
0.39173603,0.40885818
0.39389554,0.4069273
0.3971609,0.40251738
0.4072598,0.40441057
0.42785886,0.41660175
0.43718195,0.42845917
0.43218952,0.43242908
0.426315,0.42564675
0.42057475,0.41796166
0.4102413,0.40228242
0.3961404,0.39163592
0.38127905,0.37907
0.37038508,0.36968112
0.36172268,0.3655469
0.35634032,0.36276454
0.35470456,0.3663828
0.35662785,0.372253
0.36613804,0.3890685
0.37967205,0.40855148
0.38652673,0.41742578
0.39147973,0.41940013
0.3975548,0.41827956
0.39726973,0.41340253
0.39390466,0.41142288
0.38945386,0.40369752
0.37993795,0.399095
0.3758058,0.39763832
0.37962732,0.3976843
0.40425935,0.4124611
0.42077768,0.42782992
0.4222651,0.4281646
0.41942784,0.42784742
0.4140254,0.4167704
0.40556118,0.40498215
0.39113513,0.38352537
0.3765918,0.3713176
0.3635779,0.36216488
0.35549125,0.35942447
0.35029456,0.35528228
0.3483911,0.35849473
0.3497457,0.36467952
0.3566578,0.37918684
0.36569518,0.39658368
0.37234613,0.40088093
0.3804534,0.40227693
0.3864699,0.4017282
0.39726892,0.39648747
0.3997658,0.39517537
0.40429872,0.38898653
0.41029805,0.38174585
0.41247126,0.37991458
0.4172738,0.38170037
0.43263078,0.3931841
0.44791016,0.40912497
0.44799995,0.41887718
0.44591862,0.41158643
0.4374252,0.40776592
0.42130575,0.39459586
0.40484685,0.39674804
0.40639228,0.3824065
0.40793774,0.37218603
0.4094832,0.3678423
0.41102865,0.36568686
0.4125741,0.37258726
0.41411957,0.3839662
0.41566503,0.41031757
0.41721046,0.4421356
0.41875592,0.45917997
0.42030138,0.46144742
0.42184684,0.46129778
0.4233923,0.4565984
0.42493775,0.45744348
0.42648318,0.45373583
0.42802864,0.44952843
0.4295741,0.4487437
0.43111956,0.44961774
0.43266502,0.45767868
0.43421048,0.46957743
0.43575594,0.4722002
0.43730137,0.4641295
0.43884683,0.45598432
0.4403923,0.44028825
0.44193774,0.41490012
0.4434832,0.39906016
0.43033525,0.389051
0.4225181,0.38777196
0.4188306,0.38520768
0.42137554,0.39212045
0.43019512,0.4030347
0.45355928,0.4301425
0.48814192,0.4618457
0.5029455,0.4749621
0.50322664,0.47333455
0.5003924,0.4700205
0.49770927,0.46580505
0.4934699,0.46431625
0.48929772,0.46072206
0.48901922,0.4558101
0.49193275,0.45685017
0.49931356,0.45513305
0.52193815,0.4665242
0.5355904,0.4809351
0.5295197,0.48175538
0.52472764,0.47417548
0.5158211,0.46452788
0.49774396,0.44850498
0.47417164,0.45977703
0.45135972,0.43739888
0.43577772,0.424343
0.42639726,0.42326283
0.41808698,0.41614687
0.41652426,0.42006072
0.42256594,0.42923266
0.4450419,0.45711905
0.47849014,0.48997054
0.49128667,0.5053884
0.48800766,0.5084166
0.47955498,0.50773257
0.47333664,0.50985163
0.46610925,0.5067374
0.45862707,0.5084726
0.454291,0.50513494
0.45104578,0.5045969
0.45617518,0.50103074
0.4807326,0.51162934
0.4972828,0.52589315
0.491256,0.5175523
0.48455533,0.5046536
0.47470635,0.49098027
0.4567203,0.47162378
