true,forecasted
0.13929486,0.14255808
0.108412795,0.110334046
0.085224174,0.09249995
0.08034715,0.08756763
0.08331914,0.09136793
0.12260268,0.122392535
0.17103755,0.16898547
0.21270771,0.20587586
0.21841756,0.23336206
0.23843592,0.24348874
0.26824367,0.2642482
0.27367947,0.2835471
0.29880512,0.29611337
0.30396196,0.30753723
0.3212003,0.31866872
0.3380393,0.32651353
0.35448197,0.3347033
0.37319797,0.346829
0.3536374,0.36156967
0.32875025,0.34475267
0.31079495,0.33330593
0.28619286,0.30614242
0.21986601,0.24842267
0.16218948,0.19304065
0.116063185,0.105896145
0.085124075,0.07812388
0.07230373,0.06257617
0.06860549,0.05722537
0.0805484,0.06291667
0.117787264,0.09250146
0.16594075,0.13845262
0.20070636,0.16973247
0.21568707,0.19311477
0.22522199,0.20791702
0.24290134,0.22956434
0.25234932,0.2534231
0.26049405,0.26861665
0.27434513,0.28549716
0.2761067,0.29866132
0.28595555,0.31645375
0.2909288,0.33289242
0.29589388,0.34851182
0.27869016,0.35160705
0.26734504,0.33383337
0.26163223,0.31676564
0.25440517,0.2799809
0.20390953,0.21912181
0.15399066,0.16267306
0.110856295,0.098158345
0.08519967,0.0746283
0.07257164,0.06145897
0.070239276,0.056663483
0.07718932,0.06354204
0.10966491,0.09644022
0.15154384,0.1498465
0.19699308,0.18365794
0.21165301,0.20526887
0.22422469,0.20680174
0.24054517,0.21718563
0.24647462,0.22894922
0.2460828,0.2366035
0.25429738,0.24410784
0.25450265,0.2541819
0.25007012,0.26210144
0.2477619,0.27383992
0.26621965,0.28933474
0.2596441,0.29991716
0.24295962,0.2911679
0.23143706,0.28507683
0.22201551,0.2583552
0.17484377,0.19877309
0.12373247,0.14996602
0.07826135,0.08230798
0.057023603,0.05523885
0.042516273,0.04244237
0.034592718,0.03400305
0.038237926,0.033192415
0.046833824,0.05244448
0.055659845,0.084506094
0.0846486,0.10598154
0.114572726,0.1355978
0.14414668,0.16089088
0.16524653,0.18649392
0.18848433,0.21706331
0.20647797,0.23832774
0.2298241,0.26001084
0.25746766,0.26938206
0.28904969,0.30127537
0.32138985,0.32466736
0.34760487,0.3444658
0.34582236,0.33710125
0.3230112,0.33022818
0.284676,0.3102321
0.25766557,0.2665119
0.20009649,0.20723167
0.13985083,0.15044555
0.091976464,0.103222325
0.056286164,0.06807285
0.035849027,0.048184272
0.02706938,0.03178212
0.021031428,0.026324898
0.024083216,0.032058865
0.025088755,0.050403364
0.052591607,0.08054684
0.09662406,0.13694146
0.14129595,0.1860187
0.1783054,0.23553498
0.22501953,0.28806904
0.27407163,0.32581282
0.31065145,0.35954398
0.33958927,0.37535584
0.3582647,0.40667057
0.36656135,0.4335909
0.37493256,0.4570114
0.36424947,0.45600018
0.34378502,0.43840596
0.3338285,0.40445286
0.31526735,0.36511546
0.26274315,0.29444417
0.20964298,0.22793643
0.1677882,0.15244286
0.14744172,0.12487309
0.13547465,0.10454309
0.12000466,0.0951817
0.13560048,0.09696233
0.17535949,0.13110219
0.22367764,0.18278201
0.27717558,0.22321132
0.30228898,0.2567061
0.33181307,0.2768037
0.34118158,0.30145893
0.35900548,0.33105248
0.34543753,0.35240015
0.35171542,0.37237337
0.34613368,0.37639704
0.3340665,0.38459474
0.3185106,0.38523975
0.32665586,0.39728194
0.32418245,0.40486145
0.30835634,0.3884264
0.29371077,0.3661718
0.28193167,0.33149678
0.23095667,0.2690981
0.17600068,0.20788974
0.13274188,0.1381309
0.0934153,0.11377952
0.07790891,0.10021347
0.0726126,0.09717098
0.087286696,0.10397039
0.11906405,0.15290132
0.15766194,0.21734074
0.2096498,0.2521438
0.23045723,0.26703826
0.24815705,0.27386865
0.26335406,0.28831702
0.27254948,0.30523047
0.28071034,0.3197692
0.29957548,0.3341914
0.3099707,0.34619203
0.31681976,0.3607777
0.33063987,0.3664509
0.32936922,0.37489635
0.33818492,0.37794256
0.3318654,0.36498576
0.3182194,0.35320425
0.2879304,0.31227994
0.24303591,0.24547504
0.17666182,0.18564498
0.13261326,0.13633806
0.11244562,0.109564334
0.099349484,0.09298661
0.08799806,0.08280323
0.10075069,0.08454105
0.13694918,0.11813541
0.18425341,0.16603811
0.22123975,0.19169506
0.24948372,0.21226873
0.2476989,0.23235732
0.26529285,0.2557589
0.26889098,0.27654564
0.28342158,0.29330406
0.30243844,0.30724466
0.29388016,0.3115505
0.29011807,0.3189242
0.3169302,0.32323447
0.3184553,0.32461554
0.32127172,0.32558128
0.3040787,0.309622
0.27773136,0.29685453
0.26251528,0.25982317
0.21060792,0.20093666
0.15303937,0.14841136
0.11182946,0.116348416
0.080266654,0.089428216
0.06844799,0.07174742
0.06356625,0.064512864
0.07222953,0.06973566
0.102361195,0.10752496
0.14681207,0.15807703
0.18405111,0.18479893
0.21018933,0.2058841
0.22893861,0.22750868
0.2447754,0.24847056
0.2655494,0.2732028
0.27965337,0.29433942
0.30271092,0.31389847
0.31206894,0.33165365
0.32999292,0.35439375
0.35994837,0.3681595
0.36795294,0.37878773
0.36076543,0.37693977
0.3350136,0.35519353
0.3167972,0.33966208
0.29723874,0.29913226
0.2415626,0.22954872
0.17476186,0.16967514
0.17270416,0.13566901
0.17064644,0.10776188
0.16858874,0.09101367
0.16653104,0.08416771
0.16447333,0.086477496
0.16241562,0.118738815
0.1603579,0.16637702
0.1583002,0.19341493
0.15624249,0.21411157
0.15418479,0.23168604
0.15212709,0.25424275
0.15006937,0.27161872
0.14801167,0.28738225
0.14595395,0.29769406
0.14389625,0.30472758
0.14183854,0.30944583
0.13978083,0.3191905
0.13772312,0.31669104
0.13566542,0.31924757
0.13360772,0.30020186
0.13155,0.28786016
0.1294923,0.2522449
0.12743458,0.19505487
0.12537688,0.14311793
0.12331917,0.094125494
0.12126146,0.07573957
0.119203754,0.057843905
0.117146045,0.044742554
0.115088336,0.046834655
0.11303063,0.06881631
0.11097292,0.08878705
0.10891522,0.11459361
0.10685751,0.15097676
0.1047998,0.17651452
0.10274209,0.1934901
0.10068438,0.21733662
0.09862667,0.2347333
0.096568964,0.24803083
0.094511256,0.25689763
0.092453554,0.2772266
0.090395845,0.29333925
0.08833814,0.31058723
0.08628043,0.31365082
0.08422272,0.3073101
0.08216501,0.28782532
0.0801073,0.25683025
0.07804959,0.19943787
0.075991884,0.14790438
0.07393418,0.0766108
0.04190693,0.060275614
0.023439225,0.048845556
0.012659701,0.03918588
0.010044182,0.039658673
0.012846423,0.06713576
0.01690305,0.10252009
0.043379888,0.12753306
0.08119222,0.1594558
0.11463678,0.17978913
0.14450857,0.20152032
0.17473824,0.21945667
0.20861767,0.24345466
0.23863856,0.2604602
0.2699947,0.27156264
0.30660933,0.2969416
0.34915957,0.31382832
0.3786574,0.32779577
0.38099098,0.3291359
0.35970142,0.32584682
0.31907758,0.31092995
0.28935158,0.26896724
0.22852316,0.20459421
0.16469161,0.14915866
0.11110007,0.11857344
0.07750816,0.09269231
0.061434075,0.07506052
0.054126162,0.07304525
0.061872095,0.07900241
0.08870733,0.12397083
0.12301235,0.18946786
0.16959698,0.22607078
0.2143345,0.2550332
0.25807944,0.2750239
0.31139448,0.30213356
0.36707008,0.3378591
0.41684946,0.36734608
0.46819106,0.3958273
0.50818455,0.41782045
0.53621817,0.43975028
0.55555964,0.45730385
0.55554515,0.4621949
0.5262573,0.4655113
0.48193172,0.43952736
0.45959517,0.42070156
0.41890237,0.36898795
0.34535125,0.29199275
0.2669667,0.21999474
0.21056032,0.18467362
0.17722654,0.1527594
0.14905816,0.130804
0.1440226,0.12471837
0.15271336,0.12739442
0.17529579,0.17566197
0.22235763,0.23803718
0.26356947,0.282127
0.2942279,0.30874646
0.31714195,0.32968938
0.35624978,0.35436705
0.39326447,0.38654324
0.42793173,0.40966368
0.45425475,0.42992434
0.47525975,0.44206852
0.481986,0.4549113
0.48374557,0.45963454
0.4755543,0.45908383
0.44400775,0.46443006
0.41563657,0.44003198
0.4075793,0.41840404
0.388465,0.3767381
0.31051442,0.30596116
0.23895286,0.23963681
0.19336258,0.18887614
0.16269855,0.15622914
0.13418509,0.1427215
0.12743245,0.13638453
0.13476066,0.14032453
0.16141057,0.18926838
0.19345585,0.26178235
0.24472553,0.30458522
0.2858201,0.3174742
0.31724188,0.32638097
0.34518448,0.34116542
0.37384143,0.3530389
0.38981962,0.3614977
0.4057371,0.36749038
0.39231756,0.35765457
0.38870978,0.36060622
0.39529252,0.3478536
0.3824937,0.35267258
0.36670715,0.35521013
0.33915284,0.34244806
0.31770894,0.3294738
0.288923,0.2963484
0.2380546,0.24054445
0.19446874,0.19060054
0.13598968,0.13157953
0.10483952,0.102768056
0.09042756,0.08939618
0.08509678,0.08061394
0.091396876,0.087365046
0.12354207,0.121306166
0.17262794,0.17860888
0.21492267,0.20310172
0.24444395,0.21511003
0.26059958,0.22742158
0.27869788,0.24141343
0.3017444,0.25159883
0.29729053,0.26001355
0.3013484,0.26788038
0.32380217,0.27045628
0.32016414,0.2817867
0.3244488,0.2863744
0.32766333,0.2936815
0.31588912,0.2887142
0.30202684,0.27286613
0.28780457,0.26248336
0.27112535,0.23055899
0.22341917,0.17034268
0.17404053,0.12454414
0.13181072,0.118119925
0.10748111,0.08991054
0.09151745,0.06974159
0.08943725,0.056667507
0.09592075,0.056086343
0.12250591,0.07178501
0.16281949,0.102248564
0.20060329,0.12565896
0.23544206,0.15506387
0.2593578,0.18043411
0.29374313,0.20333856
0.32000998,0.22435296
0.33360347,0.23988503
0.3506642,0.25290108
0.35282806,0.26076594
0.35942775,0.2731582
0.37686366,0.28858918
0.39447004,0.29802865
0.39184436,0.2913713
0.37026885,0.27510938
0.34809417,0.25809523
0.3309171,0.2321541
0.28246436,0.17203078
0.22165677,0.1236939
0.1658452,0.16487145
0.12974785,0.13128592
0.10860232,0.10239673
0.09378507,0.0886392
0.09207796,0.08548732
0.1020847,0.10146919
0.11593544,0.12282105
0.1452833,0.14764988
0.18991266,0.19345479
0.23974402,0.22990832
0.27982607,0.27071518
0.30967635,0.31191632
0.33834118,0.34023428
0.3579296,0.37129155
0.37285045,0.38925773
0.38847476,0.4045908
0.4056251,0.41850755
0.42508417,0.42374802
0.4256235,0.42660627
0.40103805,0.39670146
0.36209768,0.3692159
0.3362503,0.33574817
0.28306267,0.26689905
0.21937111,0.20238382
0.1613145,0.16694073
0.12369747,0.1329038
0.099131085,0.10670966
0.08171371,0.095793426
0.07287562,0.09422849
0.0723781,0.113671005
0.07429887,0.14813112
0.11190418,0.18099365
0.1714887,0.22556086
0.23887831,0.25813097
0.3015169,0.29658532
0.3623222,0.3393059
0.40912768,0.36558858
0.44789794,0.39690867
0.4736531,0.4079863
0.5070835,0.41816786
0.53601605,0.42731935
0.5578173,0.43743932
0.55932283,0.4432949
0.5300903,0.41912165
0.48743173,0.38920808
0.45239,0.3531082
0.38047808,0.28661725
0.298228,0.21887833
0.24958329,0.2172976
0.20881471,0.17911649
0.1866843,0.1519357
0.16977285,0.1399419
0.175003,0.1369415
0.2043003,0.166087
0.24117114,0.20743547
0.28647444,0.250078
0.33818808,0.29774565
0.3923718,0.3410617
0.45502913,0.39016855
0.50077885,0.44538635
0.54471135,0.48402286
0.5813759,0.5226922
0.59167296,0.5387075
0.5928279,0.555811
0.5896064,0.56166303
0.5981545,0.5669916
0.5732254,0.5640464
0.51742184,0.5285986
0.48463508,0.4944163
0.4403111,0.45065925
0.3694287,0.3701044
0.29577994,0.29198137
0.23583633,0.22653656
0.1914642,0.18754455
0.15587592,0.1650508
0.14718972,0.15796246
0.15721028,0.15439767
0.17780386,0.19733906
0.20963581,0.2624435
0.27362117,0.30443102
0.302489,0.33012915
0.33555907,0.3525502
0.3702351,0.38225734
0.39456612,0.4071268
0.40208524,0.4274512
0.4127428,0.449001
0.39878863,0.4473089
0.406148,0.45824
0.4064469,0.45006198
0.4236854,0.45154417
0.42396733,0.44289157
0.4008333,0.4219715
0.37446043,0.39874908
0.35129505,0.35838407
0.29579833,0.29146188
0.2307087,0.22618249
0.19065623,0.18579765
0.15185446,0.14835173
0.13660532,0.12510376
0.121588394,0.1117173
0.11787231,0.10958333
0.1525884,0.13939036
0.21353826,0.17960463
0.2589945,0.2048052
0.2721484,0.23876597
0.30738807,0.27564842
0.33085233,0.31713098
0.35007444,0.35622367
0.36118403,0.38444173
0.37969092,0.41635033
0.4003456,0.42771053
0.41975355,0.4530634
0.43625465,0.45558113
0.45082986,0.4654258
0.44849873,0.45434493
0.4269229,0.4271473
0.39552334,0.3999797
0.3798057,0.35609618
0.30600175,0.2856919
0.22991002,0.2181661
0.18393211,0.18733446
0.15512797,0.14952022
0.11969247,0.12475558
0.113767736,0.11427623
0.10819037,0.11124806
0.13852802,0.14321688
0.17772721,0.18517347
0.21460679,0.21386236
0.24346939,0.25125277
0.27461305,0.2849555
0.31496218,0.32726544
0.36077663,0.36623353
0.40248108,0.39810228
0.4476645,0.4300061
0.48384076,0.44884932
0.5152134,0.4732513
0.54514796,0.47753972
0.561556,0.4868761
0.5413199,0.48057613
0.5077245,0.44894776
0.4578632,0.42410576
0.42661628,0.38220528
0.34458056,0.3092526
0.26000968,0.23897946
0.20278358,0.20306902
0.15739857,0.16321476
0.12964652,0.13682824
0.11744969,0.12701625
0.11859628,0.12483734
0.14061575,0.15385097
0.18110606,0.19292314
0.22435926,0.22321883
0.26894173,0.26491052
0.31684566,0.30441064
0.3654769,0.35335416
0.3995628,0.4028652
0.4305254,0.43942443
0.4676365,0.47611678
0.48968536,0.49765694
0.4927655,0.52176136
0.5022387,0.5307412
0.5190169,0.5375418
0.51329243,0.5292082
0.4768083,0.49095342
0.44233826,0.45864487
0.4103882,0.41325113
0.3446532,0.33722284
0.2766882,0.26215288
0.2104912,0.20406695
0.17546256,0.1647206
0.14243275,0.1367985
0.12251588,0.122956574
0.119512215,0.11872233
0.12076748,0.13973999
0.13082759,0.16876332
0.16241682,0.19735938
0.21191113,0.24509335
0.2737148,0.2868827
0.34457287,0.335903
0.40376312,0.3852772
0.44694474,0.41717595
0.4642179,0.4531516
0.47902885,0.4682606
0.48973995,0.48667794
0.49320298,0.49410895
0.4911709,0.5016432
0.46434548,0.49722943
0.4258386,0.46434113
0.38993427,0.43044782
0.35777384,0.39029005
0.3062021,0.3196809
0.25149602,0.2499741
0.20284098,0.18672024
0.16208799,0.14650813
0.13130726,0.12060907
0.11589991,0.10199562
0.10962518,0.09475534
0.11149696,0.10502632
0.118639156,0.12850979
0.15001348,0.156955
0.20219506,0.21857351
0.2567435,0.27035874
0.29384884,0.3331877
0.33814728,0.39431223
0.3839558,0.43862706
0.42415792,0.4839362
0.44182256,0.5082483
0.4684329,0.53507
0.50711864,0.5511614
0.54792345,0.5683387
0.55379343,0.5594953
0.5279126,0.5188489
0.48481935,0.48188072
0.43721047,0.44117105
0.36039338,0.35478625
0.2808456,0.28052485
0.21028996,0.23150651
0.17602623,0.1903946
0.14846423,0.16374269
0.12757997,0.14976947
0.12272798,0.14462423
0.14133988,0.17178684
0.1662743,0.21560526
0.20462789,0.2529307
0.24653885,0.30889317
0.2877262,0.35545725
0.33389413,0.4151628
0.36714935,0.47581637
0.39978087,0.5240369
0.45021406,0.56815535
0.46901092,0.5947095
0.49964204,0.61771065
0.53413236,0.62564313
0.54273826,0.63234425
0.5223911,0.6224011
0.4899099,0.5780581
0.44620642,0.54223853
0.40540862,0.49686474
0.3475641,0.4051931
0.27113357,0.32456434
0.21032058,0.21744032
0.1665998,0.17843777
0.14044599,0.15374938
0.123828895,0.1424136
0.12120777,0.13784833
0.12276718,0.17180577
0.13318218,0.21885715
0.16690184,0.24887459
0.22535658,0.2899226
0.29076153,0.3361189
0.3632161,0.3838839
0.42341223,0.43492988
0.47027126,0.47471
0.50497633,0.5103929
0.5183572,0.5270906
0.53361875,0.5509042
0.55066127,0.5549192
0.57007927,0.55712146
0.567008,0.54606193
0.53684974,0.51052403
0.47666255,0.47815192
0.42503133,0.42630345
0.3700685,0.3499644
0.3088836,0.27456594
0.23360212,0.24331628
0.19291091,0.19688076
0.16925836,0.16780071
0.14761285,0.15553774
0.13937151,0.1474157
0.16736628,0.17214526
0.19755587,0.2103103
0.26986098,0.2439705
0.33673942,0.30060336
0.4176653,0.35905176
0.50926936,0.42031574
0.58254486,0.48531526
0.6328279,0.5339288
0.67772484,0.58143395
0.70331883,0.6005453
0.7340719,0.6274691
0.7533311,0.6364433
0.76322585,0.6404935
0.7598036,0.6279533
0.7223341,0.5806439
0.6535928,0.540221
0.6035275,0.48792294
0.5009435,0.40100798
0.40021434,0.31924236
0.31922722,0.32697538
0.26250514,0.27326488
0.22712283,0.2371425
0.20612045,0.22215995
0.19667861,0.20946744
0.21255004,0.24381365
0.25660262,0.28215554
0.31881508,0.32920098
0.39056006,0.388997
0.47468156,0.44827268
0.56930363,0.516539
0.6397107,0.58556134
0.688801,0.63992757
0.7291721,0.68722516
0.75978416,0.7060475
0.7752799,0.72943646
0.7770339,0.72592247
0.7660402,0.72195935
0.73321337,0.7068256
0.6934118,0.6526049
0.6305816,0.60827225
0.58339185,0.5596458
0.49907276,0.46680444
0.40359896,0.37748525
0.33360836,0.3371011
0.26968443,0.2838013
0.23276441,0.24775723
0.22513625,0.22972071
0.2207963,0.21888413
0.2380231,0.2508734
0.27667806,0.29050615
0.33137032,0.33242866
0.37289262,0.3885056
0.45447087,0.44287372
0.5022418,0.5074596
0.57328904,0.5703434
0.60952044,0.6169245
0.6709452,0.66227585
0.6951035,0.6734157
0.7084622,0.6960686
0.705633,0.68640816
0.70235145,0.68606085
0.6775171,0.66450393
0.63350147,0.61574495
0.5865448,0.5697736
0.53568864,0.52432615
0.44986108,0.4376813
0.37393612,0.35362858
0.29700387,0.3134214
0.22824788,0.2625265
0.18738429,0.22871998
0.1649653,0.20984058
0.14661643,0.20070612
0.14369273,0.22293438
0.14779592,0.25824505
0.18716572,0.28795666
0.25073057,0.33861503
0.3210843,0.3888214
0.38906366,0.4484304
0.45643243,0.5028351
0.506345,0.54139936
0.5505458,0.5823971
0.5819669,0.5850038
0.6095847,0.60292536
0.636318,0.59108186
0.64080393,0.59356093
0.61906534,0.5690288
0.5769491,0.5252832
0.52661765,0.48353523
0.4854945,0.44266725
0.41315892,0.36725572
0.33500713,0.29410356
0.2725591,0.26789397
0.22633307,0.21990247
0.19391486,0.18847668
0.16762073,0.17439169
0.1500511,0.16373828
0.14964372,0.18138355
0.15473965,0.20813017
0.18612745,0.22996515
0.23674719,0.27661505
0.28346795,0.3260159
0.31702346,0.3778907
0.3502108,0.42532724
0.3677601,0.45749408
0.3797464,0.49151385
0.3834798,0.49149007
0.4016873,0.5093593
0.43729657,0.50096524
0.45514584,0.50388753
0.4500807,0.48756525
0.4257147,0.4498708
0.40153313,0.4156512
0.3666548,0.37509698
0.30894467,0.31323788
0.24423063,0.24914777
0.2004626,0.20590784
0.17457357,0.16572379
0.15751266,0.13540412
0.14071147,0.116889164
0.14735772,0.10817979
0.18293549,0.1197816
0.224858,0.13070711
0.2703734,0.15499942
0.30734485,0.21671486
0.3503709,0.2717539
0.4061256,0.3340788
0.4492169,0.39068538
0.4974467,0.43383363
0.5375443,0.47368857
0.5729308,0.5031071
0.59813875,0.53328377
0.6137167,0.5506586
0.64047986,0.5608128
0.6386371,0.5452869
0.60026413,0.5027809
0.529626,0.4658967
0.4783497,0.42776677
0.38209873,0.34795287
0.29618663,0.27640525
0.23178232,0.2563461
0.18831179,0.20856386
0.16069886,0.17830077
0.15552802,0.16648251
0.14867668,0.1591067
0.18133199,0.18198916
0.20760496,0.21151988
0.26585108,0.24834883
0.3057844,0.3071284
0.35802758,0.36194393
0.42794067,0.4348917
0.482067,0.50332713
0.5285997,0.55627286
0.5813993,0.6063218
0.61987334,0.63834834
0.64636904,0.6657103
0.6726802,0.679412
0.6941183,0.68420243
0.6809651,0.6695086
0.64552695,0.6124544
0.57710785,0.57181436
0.5184937,0.5218251
0.41882783,0.43161473
0.3251383,0.34557515
0.2614625,0.28171232
0.21087514,0.23065355
0.17888412,0.20345771
0.17199305,0.18929553
0.1644034,0.18332909
0.1868663,0.20711477
0.22335319,0.24751955
0.28109166,0.28996968
0.33826822,0.35265192
0.3843296,0.41212016
0.4613063,0.488715
0.52864635,0.5652453
0.6082178,0.6217166
0.6458026,0.6752392
0.6814901,0.70457846
0.70988685,0.7314642
0.73106354,0.7439085
0.7433041,0.74962807
0.71330947,0.72981834
0.6778869,0.6723017
0.6150801,0.62698966
0.55743283,0.5742166
0.47155714,0.47489038
0.37018853,0.38401118
0.28924465,0.31062576
0.23400514,0.25713843
0.21460015,0.22838566
0.19231679,0.21224508
0.19132893,0.20527202
0.21724962,0.23263426
0.26374623,0.27910906
0.32431966,0.32685417
0.38798198,0.39217648
0.45227692,0.4543735
0.525907,0.5324158
0.5924686,0.6122259
0.65464854,0.67282426
0.7232168,0.72825164
0.7521499,0.7572373
0.77856827,0.78661466
0.7912693,0.7962531
0.79748046,0.7989772
0.7704955,0.77435744
0.72751087,0.7135381
0.649798,0.66592085
0.58404654,0.6114197
0.4998795,0.50526994
0.41386786,0.40973485
0.33556765,0.3404339
0.27919853,0.28926617
0.24031329,0.25617078
0.21196713,0.23940161
0.2076837,0.2294519
0.22485398,0.2603426
0.25860968,0.30786335
0.31624156,0.35175434
0.36640492,0.4121726
0.42728528,0.46195418
0.48832056,0.52713245
0.54336405,0.5908741
0.59304386,0.63903487
0.64133805,0.68628895
0.6733709,0.69849753
0.6821019,0.71779495
0.6628908,0.7111955
0.65196323,0.70598894
0.63930875,0.68215066
0.61242175,0.63189566
0.5566135,0.5916652
0.50635237,0.5429326
0.43228096,0.4521347
0.34566906,0.3659759
0.27265835,0.28025797
0.22613391,0.23010015
0.18817423,0.19734183
0.17085084,0.17977628
0.15702671,0.16881825
0.15802401,0.1821056
0.16502114,0.2077239
0.20658717,0.23349296
0.27702856,0.29345754
0.36046004,0.353859
0.4491359,0.42088363
0.5320109,0.48137474
0.59695154,0.5260052
0.6349944,0.5718481
0.66648895,0.5889166
0.6858745,0.6138989
0.6872428,0.61745274
0.67260057,0.62290555
0.63104504,0.6010144
0.57526755,0.55454636
0.5296337,0.5151794
0.48746517,0.47316334
0.411368,0.3864739
0.33234435,0.31174558
0.27554423,0.26601413
0.23528035,0.2203353
0.20159955,0.18832049
0.18067172,0.17218041
0.16908301,0.15862374
0.17241654,0.17329788
0.17790431,0.19423945
0.20760426,0.2168377
0.2581048,0.2725339
0.30723724,0.32804412
0.3575682,0.39321855
0.4111848,0.4452703
0.46252462,0.48767427
0.50920725,0.52565736
0.5531963,0.5385069
0.5884542,0.5568393
0.624278,0.55761606
0.63674945,0.55809957
0.6137946,0.5341794
0.5773884,0.49052262
0.525862,0.45192322
0.48187783,0.41164675
0.40862614,0.34141126
0.32097894,0.26994553
0.25936058,0.28700605
0.21991588,0.23757349
0.18988834,0.20638508
0.16939469,0.19161734
0.17075878,0.18335964
0.20053889,0.20502488
0.24724287,0.23320462
0.2975637,0.2672368
0.35740495,0.32815275
0.41348776,0.39168853
0.47296518,0.46702474
0.53919613,0.5403259
0.5979188,0.5972472
0.6438892,0.6480642
0.6722035,0.67756814
0.6668603,0.70682317
0.65749073,0.7145168
0.6310095,0.717202
0.5893505,0.69638944
0.5320184,0.63748276
0.48561788,0.59313214
0.44710732,0.5437968
0.3642017,0.4515697
0.2964115,0.36688465
0.23911823,0.245257
0.19870403,0.19768357
0.16969007,0.16874596
0.1587121,0.15733373
0.16478752,0.15050232
0.19313262,0.1744214
0.23508243,0.21418636
0.28203124,0.24511743
0.32584074,0.29712602
0.3662033,0.34490955
0.41828218,0.40604377
0.46467203,0.46405512
0.5089817,0.50962216
0.5516626,0.5555447
0.58684665,0.58166516
0.6230317,0.60949415
0.6479197,0.62174106
0.6667079,0.6266188
0.6479771,0.6082661
0.6111549,0.55724376
0.56693035,0.52351207
0.5250302,0.47327211
0.43634108,0.38530913
0.36501944,0.3047307
0.2949424,0.29447377
0.25021452,0.24881698
0.22074643,0.22314984
0.20531528,0.20867212
0.2103288,0.20515221
0.23765647,0.2363307
0.27802274,0.2833395
0.32033566,0.32155985
0.3577845,0.37501356
0.3937648,0.4155628
0.44082594,0.48458087
0.47971538,0.53963894
0.5314894,0.5841303
0.5571462,0.62977
0.60160387,0.6497532
0.6411842,0.66995376
0.67832786,0.6677042
0.6857928,0.6716201
0.678571,0.6502882
0.6435252,0.6029011
0.5814203,0.5623731
0.5292072,0.51443934
0.44503412,0.42968056
0.3529885,0.34789968
0.28248253,0.30473295
0.24091038,0.25721636
0.20101401,0.23073894
0.18682867,0.21705717
0.18656547,0.21344712
0.19983084,0.24895142
0.24414645,0.30196708
0.28877163,0.3427276
0.3447981,0.390249
0.39385667,0.4282953
0.4725634,0.49050277
0.5292909,0.5483128
0.590918,0.59014654
0.6371874,0.636874
0.6724497,0.65033644
0.6997261,0.67398804
0.7334944,0.66953105
0.74724436,0.6689753
0.7256447,0.64546514
0.68386257,0.5963731
0.63541037,0.5606366
0.5831619,0.507914
0.48266515,0.42283553
0.37821588,0.3415925
