true,forecasted
0.19570024,0.2117463
0.164881,0.18096495
0.15962394,0.17186853
0.1495509,0.1644032
0.1565237,0.18901247
0.22676255,0.25280792
0.30913162,0.3618504
0.37006196,0.42288065
0.39415625,0.44645098
0.4115598,0.4670626
0.44233522,0.49261105
0.42957604,0.49808455
0.44542584,0.5045539
0.4521682,0.5087149
0.43360645,0.49860135
0.42012653,0.47516006
0.41530395,0.47376645
0.42814955,0.46425238
0.39669296,0.4684918
0.38603002,0.4639914
0.3672426,0.45815292
0.36659747,0.42871287
0.29678112,0.3548476
0.21593155,0.28869355
0.18159679,0.1920573
0.15883718,0.16375867
0.14390555,0.14881554
0.1401914,0.14791018
0.15723245,0.17130083
0.21639605,0.23365888
0.29520822,0.34076867
0.36805996,0.39720443
0.37928224,0.41788962
0.3933749,0.43656752
0.41589925,0.4515755
0.41677305,0.45071402
0.41471282,0.45846748
0.4265814,0.45726845
0.4071867,0.45019987
0.38486457,0.43287098
0.38540107,0.42822993
0.36693293,0.41756174
0.35745642,0.41938627
0.33674923,0.41921073
0.34633076,0.411836
0.33696166,0.37527516
0.28111976,0.3006125
0.20866588,0.23571143
0.16158694,0.17756256
0.15056631,0.15134579
0.13037102,0.13699235
0.1298747,0.13025483
0.13598575,0.15440693
0.18966903,0.21189854
0.2719715,0.30478534
0.3360327,0.3591721
0.36536723,0.38533553
0.3854665,0.40398496
0.39646673,0.41985735
0.3939174,0.42275348
0.3840286,0.42832208
0.38195157,0.42537436
0.36106676,0.41302952
0.34013212,0.39643013
0.34689128,0.38929778
0.31662354,0.38186204
0.29791236,0.38430607
0.27858424,0.3859614
0.27608174,0.38284728
0.26569963,0.3444912
0.21497555,0.27903444
0.15099539,0.22063416
0.11019733,0.1248576
0.08065814,0.09609647
0.06800938,0.079608224
0.060780913,0.06073732
0.06722622,0.073789895
0.088333696,0.1045852
0.11101529,0.14031169
0.15040307,0.17962289
0.19282086,0.22107235
0.21734363,0.26150668
0.23913105,0.27745566
0.2442987,0.2829365
0.24709345,0.2828151
0.2462863,0.2870431
0.25532594,0.27120376
0.26618153,0.27774072
0.2911442,0.28430676
0.29452348,0.27419347
0.29244944,0.26547903
0.27095428,0.26470873
0.24999745,0.26385516
0.24057494,0.23764259
0.19529277,0.18893747
0.13148963,0.14451961
0.08010603,0.1166721
0.052194376,0.08570507
0.037434384,0.06241996
0.025383944,0.05196892
0.025493765,0.05758421
0.038225345,0.0772914
0.04920577,0.11870013
0.09391723,0.15812477
0.15287137,0.2106485
0.1894752,0.2531483
0.21752727,0.28862157
0.24524088,0.3044642
0.27522117,0.3151402
0.29808098,0.32308945
0.3124221,0.33609387
0.31995723,0.33527827
0.34706113,0.35473257
0.3573586,0.357347
0.34292927,0.34499574
0.33096045,0.3404505
0.31746012,0.34038034
0.29164228,0.30427468
0.24809626,0.25270504
0.19516614,0.20315552
0.18429674,0.17041849
0.15759793,0.1446542
0.14848328,0.124482766
0.14350888,0.11867014
0.17366558,0.124618925
0.2295555,0.19206147
0.3143917,0.28969407
0.39478457,0.34408224
0.42623395,0.39753035
0.4545387,0.42682326
0.49786088,0.4619228
0.51062065,0.48713484
0.5004318,0.5096731
0.49129793,0.51852477
0.46621704,0.5268957
0.4398837,0.5198254
0.40915808,0.5274367
0.41407788,0.5217261
0.39661196,0.53541154
0.3781636,0.5275892
0.35275027,0.51537323
0.3416756,0.47384846
0.2946123,0.39633268
0.2384385,0.32635164
0.20142241,0.19357029
0.16722028,0.16620606
0.15094438,0.15098569
0.14851269,0.144158
0.16226988,0.1674917
0.22143887,0.22991991
0.2976807,0.337426
0.34719315,0.39323473
0.40051454,0.4200229
0.4254652,0.4358617
0.4333592,0.4547568
0.4324038,0.46010122
0.43594632,0.46534133
0.4344226,0.47320336
0.42873767,0.45637763
0.40810007,0.43565416
0.39816207,0.4294839
0.39985022,0.4247463
0.39408484,0.42472118
0.38399258,0.4134155
0.37437385,0.4175055
0.37867013,0.37764913
0.28898793,0.31276947
0.24621609,0.2412348
0.202364,0.19910268
0.17235191,0.16523197
0.1564541,0.14367187
0.15682077,0.14184383
0.19444299,0.16348508
0.2398746,0.21816635
0.32640433,0.32750222
0.37252787,0.37526035
0.4180669,0.40440702
0.42827556,0.4299181
0.45614943,0.46260265
0.43518057,0.47423658
0.43321517,0.49156773
0.43898714,0.5057886
0.42234698,0.49603057
0.41946638,0.48077765
0.39894164,0.48466045
0.39421806,0.4705071
0.38246948,0.4613546
0.3814571,0.44172645
0.36243984,0.44424543
0.35151762,0.4151555
0.27898392,0.3393104
0.23299,0.26926777
0.18134955,0.20115542
0.1598904,0.1832028
0.15323864,0.16380405
0.14376932,0.14048427
0.16613106,0.173159
0.22048287,0.21949783
0.3174169,0.32542464
0.39154214,0.3741011
0.4240207,0.39566407
0.41783825,0.41599214
0.43255144,0.4258936
0.43356445,0.43490383
0.44486472,0.4494535
0.45725664,0.46000677
0.43358123,0.4477633
0.43134338,0.42849773
0.41376403,0.41750294
0.40954998,0.4278969
0.38935408,0.40782553
0.37551528,0.38601103
0.3815567,0.39206204
0.37729645,0.36522034
0.3149462,0.29726768
0.23823747,0.2262584
0.23519604,0.19719627
0.23215461,0.16961004
0.22911318,0.15332709
0.22607176,0.13565734
0.22303033,0.1597521
0.2199889,0.2022231
0.21694747,0.28393656
0.21390603,0.34007996
0.2108646,0.36087072
0.20782319,0.39291143
0.20478176,0.41439107
0.20174032,0.430482
0.1986989,0.45028356
0.19565746,0.46378657
0.19261605,0.45331964
0.18957461,0.44472635
0.18653318,0.43755394
0.18349175,0.44991842
0.18045032,0.42544913
0.1774089,0.39849088
0.17436747,0.3933281
0.17132604,0.35859674
0.16828461,0.30923784
0.16524318,0.24159607
0.16220176,0.12804301
0.15916033,0.10030396
0.1561189,0.08215447
0.15307747,0.07091016
0.15003604,0.07998294
0.14699462,0.10227206
0.14395319,0.15565267
0.14091176,0.19426987
0.13787033,0.23677069
0.1348289,0.27424398
0.13178748,0.2859583
0.12874605,0.28952023
0.12570462,0.29661918
0.122663185,0.3005798
0.11962176,0.2979207
0.11658033,0.30404937
0.1135389,0.31039986
0.110497475,0.31419465
0.10745604,0.30591142
0.10441461,0.29722536
0.10137319,0.2936204
0.09833176,0.26654357
0.09529033,0.21578024
0.0922489,0.1713065
0.08920747,0.06560001
0.061769314,0.043793388
0.045475412,0.022748865
0.030644009,0.013898
0.03583986,0.02946948
0.041974302,0.04567489
0.054120764,0.10106683
0.096309915,0.13835862
0.15581557,0.20023417
0.18082623,0.23227431
0.20873728,0.24365415
0.22633585,0.2566438
0.23953792,0.2632744
0.24820788,0.2762351
0.256636,0.2666559
0.2803558,0.2796088
0.30862752,0.28238577
0.32401645,0.28689227
0.32984844,0.2839981
0.30980137,0.28742874
0.29276332,0.28231254
0.2882378,0.24484485
0.24979581,0.20268561
0.17980362,0.15869685
0.1446449,0.18358608
0.121172346,0.14741145
0.092982836,0.13543363
0.096236095,0.1277315
0.12085789,0.13891357
0.17660978,0.20916432
0.24680181,0.31392124
0.32901666,0.38187408
0.3844685,0.41927582
0.42969367,0.4500662
0.4792865,0.48845866
0.5073692,0.5047906
0.5305507,0.5337851
0.5821617,0.53841513
0.5788539,0.5543863
0.577389,0.5385252
0.58700174,0.55336833
0.58451843,0.539249
0.5738699,0.54559207
0.5518964,0.5387135
0.5158099,0.51719725
0.48791924,0.49409926
0.4120549,0.40462554
0.3208922,0.32366782
0.2620779,0.277564
0.21426621,0.24082449
0.19884068,0.22446203
0.19332317,0.20839462
0.20499194,0.22016022
0.27024314,0.27817792
0.33848056,0.37089035
0.4111031,0.44347718
0.460079,0.48497424
0.4989813,0.52866375
0.53977996,0.5624959
0.56535715,0.5763771
0.5849787,0.60353625
0.61912143,0.6132862
0.5933348,0.6133658
0.5873252,0.5960963
0.5973742,0.5896794
0.5758437,0.5941499
0.5558626,0.5861546
0.5286663,0.56017655
0.51456404,0.55415463
0.4836368,0.5232923
0.40001705,0.44400883
0.3243693,0.36364347
0.27075806,0.27879262
0.22587436,0.24388465
0.21037923,0.22160408
0.20203993,0.21069893
0.2127545,0.23094547
0.25781643,0.27955315
0.33974683,0.3826432
0.4101723,0.4479524
0.44730183,0.47224638
0.46778518,0.5196861
0.5390088,0.5463726
0.55887884,0.55080897
0.5690899,0.5748398
0.568638,0.58091253
0.5671545,0.57855064
0.5731983,0.5565972
0.55303603,0.5502912
0.5524581,0.5649751
0.5123862,0.5569797
0.48596045,0.5212122
0.4639576,0.51597506
0.4309353,0.48425785
0.3563366,0.41404182
0.28766227,0.33644497
0.23134868,0.24806559
0.19278006,0.2271003
0.17812748,0.20502079
0.17286563,0.18877426
0.1865346,0.21236923
0.23785219,0.26167306
0.32117188,0.36995932
0.36907896,0.41584164
0.41660622,0.42803714
0.4240123,0.44272426
0.4535263,0.46043107
0.47059914,0.45389912
0.47841212,0.4616239
0.4925288,0.4689871
0.48150817,0.45407498
0.45841306,0.43225026
0.44256148,0.41679773
0.4482524,0.42950496
0.42163342,0.41690302
0.3988036,0.3904995
0.37725502,0.39828345
0.3722074,0.36680934
0.319701,0.30304956
0.26839057,0.23342761
0.22233544,0.20336257
0.17407846,0.17687127
0.15167414,0.15734044
0.1327697,0.13695252
0.15974337,0.1442695
0.20550984,0.17871049
0.27268025,0.22995259
0.34973466,0.2738071
0.40360877,0.30152488
0.43944985,0.34386033
0.4352328,0.36845917
0.45084316,0.38150248
0.45690796,0.39346063
0.4352058,0.3983676
0.4368417,0.3910921
0.4142135,0.39180887
0.40653917,0.3900933
0.3830384,0.39918956
0.36214158,0.37941796
0.34639677,0.3605223
0.33387223,0.35305974
0.32154515,0.31850404
0.25876883,0.2657906
0.19662444,0.21113676
0.16144831,0.14923301
0.1238975,0.11546984
0.10190005,0.08509983
0.08862836,0.07274058
0.09395864,0.06429146
0.11174144,0.07100771
0.13139302,0.08771445
0.17689964,0.103549086
0.23041968,0.16108736
0.2734766,0.21790235
0.3061346,0.2564337
0.32586962,0.28580987
0.34437618,0.2930299
0.3465942,0.30094695
0.35318595,0.3045489
0.36679792,0.31929767
0.37887117,0.3492553
0.38283256,0.3465064
0.37247086,0.3325252
0.34991708,0.3162088
0.3410659,0.30848745
0.3222785,0.28307885
0.26868224,0.23881438
0.21299155,0.18206085
0.15671036,0.15753296
0.14379454,0.11871797
0.10477643,0.093838505
0.09452755,0.08055101
0.08770717,0.07667795
0.09878241,0.09012063
0.115584016,0.12146999
0.15968636,0.16214943
0.22515121,0.22417647
0.2927609,0.28738022
0.33683264,0.32761765
0.37274152,0.3644423
0.40935552,0.38771254
0.4403524,0.39740112
0.4512422,0.41883105
0.4811577,0.43107834
0.5236085,0.45630398
0.5478996,0.46439525
0.5385011,0.45787078
0.5162918,0.44351575
0.47155273,0.4201884
0.45577133,0.38100758
0.389968,0.33853567
0.30909383,0.279154
0.2624578,0.23854122
0.23363154,0.2038354
0.20366447,0.1847901
0.19421914,0.1644659
0.2329594,0.18149951
0.25159857,0.25557306
0.32451215,0.36063305
0.41899648,0.41885406
0.47115424,0.46098363
0.5117273,0.5014709
0.5341118,0.5328415
0.5633683,0.5569558
0.59542805,0.58089626
0.6022358,0.602108
0.61150587,0.5962574
0.5884822,0.58978206
0.5812886,0.5913708
0.5701173,0.5731805
0.53892297,0.5716204
0.48311228,0.5600101
0.47154492,0.5342291
0.44808197,0.51114964
0.37738645,0.4103763
0.31372017,0.34484598
0.25781524,0.2582916
0.2231192,0.21958163
0.20905115,0.20540333
0.19236897,0.19278985
0.20859566,0.21417901
0.26447597,0.27292988
0.3282617,0.38242242
0.40343234,0.45415384
0.45266092,0.47919503
0.47628048,0.5183606
0.49287927,0.54512733
0.5152098,0.5532322
0.52725244,0.5760044
0.5365183,0.57886964
0.54160494,0.5827438
0.51427,0.5648909
0.5118917,0.55694115
0.496435,0.55162567
0.46865895,0.55303955
0.4466495,0.5414096
0.4333886,0.51474077
0.41581464,0.47123274
0.34126693,0.39865595
0.277414,0.32340094
0.21953528,0.22384611
0.18592787,0.18639527
0.1609082,0.17027365
0.16022286,0.15976769
0.1761861,0.18352693
0.22598839,0.23978652
0.29929683,0.34458482
0.36504796,0.40772355
0.4006922,0.4305144
0.4161267,0.46117502
0.43660045,0.48599812
0.44044903,0.49751067
0.45640746,0.51735127
0.4827078,0.5279576
0.45725724,0.5192284
0.44361466,0.50270116
0.45534167,0.4967238
0.45642006,0.48845848
0.43993533,0.48090672
0.42510512,0.46214566
0.40799567,0.4532961
0.3746997,0.41316253
0.3212517,0.33842725
0.23679538,0.26486772
0.19666044,0.20739397
0.15755051,0.17802954
0.14228883,0.15796629
0.13744524,0.14288956
0.14933066,0.16721565
0.19665624,0.22214109
0.26566482,0.31845134
0.3421845,0.37248722
0.36689875,0.408989
0.410737,0.43894422
0.45166832,0.460856
0.46690118,0.47768793
0.48386422,0.4984234
0.51955163,0.5136499
0.5290018,0.5055619
0.54949594,0.49084163
0.5534765,0.4832075
0.5753438,0.48202205
0.56102365,0.47311074
0.51178306,0.45173496
0.48396024,0.4517806
0.45538965,0.4145743
0.3622736,0.33608466
0.28287992,0.26556453
0.23242289,0.25572795
0.19243498,0.21317789
0.16000502,0.19624966
0.14504398,0.17854437
0.14468631,0.19613272
0.18699428,0.24716946
0.2477464,0.33621192
0.321826,0.40636334
0.38164914,0.43746835
0.43698874,0.4778179
0.495551,0.50737053
0.52288234,0.52938783
0.5540311,0.55308044
0.5646496,0.57022744
0.5631991,0.5690886
0.572342,0.5580165
0.5739047,0.5548903
0.5682185,0.5569685
0.5469544,0.54217005
0.5184372,0.5162978
0.4762289,0.50191116
0.43840143,0.4584015
0.37406838,0.38118196
0.29537204,0.30835637
0.24000722,0.2350925
0.19105351,0.19424555
0.16616526,0.16999462
0.14499238,0.15337187
0.14289194,0.1615251
0.1495155,0.1865004
0.16055652,0.2537919
0.21192634,0.30780023
0.28891292,0.3509913
0.3573502,0.40941674
0.40859157,0.4513079
0.45786998,0.4822182
0.4777478,0.51458883
0.49287987,0.53357786
0.4911335,0.54514223
0.4936072,0.54547375
0.47425628,0.5510255
0.47262034,0.5608468
0.43303934,0.5470537
0.41189826,0.5168539
0.39226946,0.49741778
0.37970954,0.46140477
0.3282269,0.3948667
0.27626896,0.32907736
0.22730446,0.18741697
0.18895668,0.14935754
0.15394439,0.11741057
0.14230083,0.10532747
0.1317603,0.113316566
0.13536163,0.14875267
0.1471162,0.21440779
0.20840122,0.25563604
0.2606424,0.30583978
0.31267115,0.3548432
0.3332355,0.4039274
0.37722084,0.43168935
0.4048126,0.47082376
0.39895543,0.4863055
0.39841112,0.49662468
0.40590724,0.49877027
0.42708373,0.5053136
0.453114,0.50328606
0.4502364,0.4871168
0.4279815,0.46685255
0.40798005,0.45486894
0.39177316,0.41689205
0.33053738,0.34172618
0.26125634,0.2762295
0.20416556,0.21907628
0.16482459,0.17925513
0.14656949,0.15545642
0.13013996,0.13898757
0.13306676,0.1537661
0.1619392,0.22208023
0.20791753,0.31854758
0.2690651,0.37349483
0.32600224,0.42800072
0.37716442,0.4660335
0.40334353,0.5112788
0.4392662,0.53914696
0.46724507,0.5771371
0.47942874,0.5992656
0.4871943,0.60071653
0.49637556,0.5917602
0.50809294,0.59719676
0.5133158,0.57818943
0.49052557,0.56655073
0.47042212,0.5507496
0.41734195,0.53542125
0.3918488,0.5088532
0.3311945,0.41117877
0.26394787,0.3347116
0.20306014,0.24226338
0.16914967,0.20347214
0.13597195,0.17909196
0.123434804,0.17158806
0.11760703,0.17919576
0.122778274,0.23802182
0.13925222,0.3390215
0.18503548,0.40796497
0.24050052,0.4440869
0.31302583,0.48567683
0.3557599,0.5280578
0.4141163,0.54589444
0.44211137,0.58231175
0.4589328,0.5950189
0.46831807,0.6000082
0.49208888,0.5901287
0.51643944,0.5849016
0.53081113,0.5843565
0.52204156,0.58459604
0.4969829,0.560137
0.45723864,0.53798413
0.42234758,0.5014918
0.36115918,0.40908128
0.3207878,0.33240005
0.2542409,0.2590453
0.21019739,0.21493885
0.1885426,0.19361177
0.1712981,0.17724401
0.18456799,0.1793282
0.23238328,0.23346338
0.30484855,0.3333004
0.4145088,0.40158963
0.49024773,0.46383274
0.5633869,0.52168554
0.64957523,0.5625984
0.7171915,0.60316586
0.75040406,0.6469549
0.78701025,0.6721578
0.8021981,0.6831381
0.8082569,0.6824112
0.81207013,0.6847431
0.79296285,0.6809718
0.7824157,0.68257093
0.7472444,0.638534
0.7275544,0.6134547
0.6622726,0.5767132
0.5668274,0.48960334
0.46262172,0.39958057
0.3849924,0.37781024
0.32999846,0.32034886
0.29176712,0.29230964
0.27752802,0.2651839
0.28843585,0.2792133
0.32192922,0.3205854
0.39115444,0.38871846
0.4837712,0.46687984
0.5585812,0.53362334
0.64538753,0.6039248
0.726419,0.6721044
0.7923129,0.7115108
0.8134162,0.76173306
0.8431456,0.7888214
0.86085343,0.8040866
0.8357635,0.7982245
0.7995354,0.7980249
0.76075673,0.7904694
0.74199635,0.75743794
0.71886885,0.70657384
0.6639829,0.68089116
0.64340115,0.6393554
0.5562077,0.5470505
0.43493032,0.45450884
0.3695537,0.37702623
0.32900167,0.32275748
0.29154626,0.29167712
0.2872512,0.2637247
0.301045,0.28408456
0.33057398,0.31507272
0.40439433,0.39082
0.47112426,0.45627528
0.5397487,0.4990494
0.59091634,0.5593246
0.6643088,0.6114365
0.6706425,0.6416563
0.71178263,0.6779985
0.7304896,0.7018052
0.74166626,0.7104348
0.73751223,0.7061675
0.71083504,0.69922864
0.6907681,0.6906605
0.68495476,0.67591965
0.6180592,0.63603896
0.5721163,0.6051514
0.54400903,0.5605091
0.46627706,0.48277485
0.38136408,0.39656848
0.3055009,0.31375137
0.26342937,0.2653476
0.23538269,0.22483298
0.19026075,0.20476097
0.193517,0.22315824
0.19834678,0.24301761
0.20657445,0.31999144
0.25104347,0.376714
0.309928,0.42975917
0.38075194,0.49614123
0.44925883,0.53379816
0.49977645,0.58065414
0.5133836,0.6133641
0.5426167,0.63925076
0.55993867,0.64788795
0.5662903,0.65734166
0.5907897,0.6513181
0.5808559,0.6573203
0.5675518,0.64041
0.51895815,0.597365
0.48532432,0.5645461
0.44973773,0.51263607
0.39771017,0.44159067
0.3252641,0.36400098
0.27740622,0.2774051
0.22151268,0.22603758
0.20440622,0.19693129
0.17584163,0.18397102
0.1771475,0.18492758
0.17063557,0.20545568
0.18539916,0.26023844
0.22546208,0.3161742
0.27961764,0.37201104
0.33772922,0.44404843
0.38861895,0.48438466
0.40787202,0.5369318
0.40297624,0.58261156
0.39934552,0.6096674
0.40394184,0.62530047
0.40369397,0.6419483
0.4392008,0.6448064
0.4590564,0.6717911
0.45738566,0.6549214
0.4447111,0.61652166
0.42215973,0.569829
0.4150273,0.5332873
0.33632013,0.46580845
0.3074765,0.3950844
0.24942854,0.23640513
0.21488373,0.1946064
0.2009249,0.17643309
0.21015358,0.15354699
0.21935284,0.15759653
0.2828349,0.19666892
0.35858464,0.26722944
0.43504253,0.32346928
0.49734837,0.36904427
0.5345097,0.4211291
0.5682749,0.4659682
0.6228428,0.491857
0.6455376,0.5208734
0.6677859,0.5502868
0.6859066,0.545584
0.676244,0.5453461
0.68600976,0.5432818
0.68332726,0.55050623
0.6583466,0.52588373
0.64738053,0.49965483
0.59912837,0.48810795
0.5533697,0.45766118
0.45476434,0.3850516
0.36001775,0.32315892
0.2882144,0.29718596
0.24022207,0.25022495
0.21782734,0.23447272
0.20795894,0.21235591
0.21775292,0.2221426
0.25876284,0.2656025
0.33007768,0.3411915
0.3884587,0.40366927
0.4536283,0.45848742
0.5070301,0.511332
0.58266765,0.5621006
0.6273893,0.595139
0.67095935,0.6204665
0.704817,0.6526287
0.72481245,0.6587422
0.7292143,0.6594967
0.73773664,0.66124207
0.74476707,0.65156287
0.7390629,0.6331311
0.7087118,0.60256326
0.6503115,0.58341193
0.62361157,0.54470956
0.50755465,0.45437205
0.42031255,0.38955525
0.35608035,0.36860552
0.28993374,0.3180719
0.27424777,0.29280084
0.24499723,0.26960117
0.2621451,0.28627032
0.3272553,0.32838428
0.38825706,0.41184053
0.46108362,0.47601354
0.5180352,0.5416611
0.5854978,0.6002576
0.6210184,0.6618291
0.665524,0.70216984
0.6896489,0.7391853
0.72873604,0.7738824
0.7378945,0.785308
0.7346994,0.790265
0.7330137,0.7879995
0.7330581,0.77123004
0.71292347,0.74646574
0.682121,0.7092667
0.64984226,0.6767707
0.6155969,0.63116074
0.51688534,0.5237938
0.42222333,0.44953385
0.37055528,0.37828273
0.3050418,0.32379785
0.29184994,0.2907876
0.28812316,0.26031148
0.28651544,0.2791021
0.33029193,0.3238572
0.40998808,0.40738288
0.4900671,0.4799601
0.5668898,0.53732485
0.6205521,0.60491663
0.6459181,0.6755736
0.71727794,0.7140434
0.73162025,0.7552132
0.7587667,0.7947003
0.77775276,0.80063
0.77665573,0.80499065
0.77257615,0.8053674
0.7585585,0.7900991
0.7407265,0.7490444
0.7152825,0.70780027
0.657375,0.6690445
0.62030005,0.6159463
0.52936846,0.5096408
0.4209427,0.42327225
0.35410413,0.37469733
0.30140027,0.32022926
0.2620599,0.2822281
0.24143432,0.25669333
0.2472807,0.27648327
0.27719197,0.32301712
0.351454,0.4131994
0.4254772,0.47501272
0.483824,0.5297567
0.53782654,0.5852527
0.59196174,0.6491402
0.63834393,0.68704265
0.67647386,0.72736835
0.70318705,0.76377016
0.6943635,0.76286405
0.67886174,0.7608021
0.6858267,0.75590825
0.6859888,0.74372816
0.6698203,0.7178556
0.6170858,0.6845154
0.5660593,0.6424811
0.5314671,0.59359115
0.44397834,0.49047327
0.35773367,0.4124245
0.28784412,0.27999115
0.23662435,0.22632349
0.20765227,0.19225389
0.17736953,0.17257133
0.17657617,0.17544195
0.18535535,0.19165887
0.20058824,0.23246048
0.25470722,0.28190556
0.32640734,0.3395107
0.4096934,0.40646482
0.47616708,0.4550407
0.5389566,0.5035749
0.59196174,0.5395639
0.6160026,0.5697932
0.63097626,0.57230633
0.6466292,0.5869147
0.6475576,0.5864258
0.6392147,0.6006624
0.60233784,0.5760497
0.56106085,0.5361032
0.5342714,0.50138116
0.49352798,0.4619272
0.39799282,0.3944952
0.31667694,0.33064693
0.27226737,0.27884057
0.22219561,0.22189954
0.19920616,0.19401217
0.18214831,0.1628797
0.1658538,0.16735429
0.17146555,0.18566391
0.19493149,0.21890609
0.22049607,0.27423385
0.2877865,0.33886465
0.3479631,0.4216389
0.3722116,0.49275476
0.41677424,0.5514299
0.4791557,0.60988045
0.5011003,0.64596146
0.5335327,0.6620807
0.5752093,0.68023497
0.6110846,0.69574106
0.6009641,0.71015257
0.6030832,0.6842767
0.5608592,0.6390427
0.5292556,0.60685205
0.49622554,0.5693122
0.4170299,0.49425298
0.31699082,0.43248338
0.29796636,0.32214564
0.24921249,0.27233583
0.21905757,0.25020868
0.2152324,0.23034585
0.2206173,0.23849815
0.27313274,0.2953604
0.3593198,0.38332272
0.424535,0.4583074
0.48987985,0.5161314
0.5261824,0.56928205
0.62014043,0.6259573
0.631817,0.6574755
0.6900432,0.7003315
0.7267923,0.72843784
0.7397309,0.73674303
0.7225938,0.7281275
0.717662,0.73251367
0.6787453,0.7217039
0.647374,0.7058172
0.59759146,0.6713353
0.5678651,0.6454624
0.5497336,0.6089047
0.447132,0.5054568
0.3533972,0.43377966
0.30932546,0.31973332
0.26129955,0.26963568
0.23310223,0.24405122
0.23082176,0.21857724
0.233943,0.23350558
0.2897615,0.28539732
0.36848426,0.37033817
0.42921054,0.44038236
0.47717288,0.48688754
0.52412456,0.5410548
0.559698,0.59231013
0.58914655,0.6244668
0.6320276,0.66447383
0.6657851,0.69724506
0.6920884,0.6986995
0.66567284,0.69479567
0.67873454,0.6963812
0.6764535,0.6895575
0.65429455,0.6667539
0.60487276,0.63361377
0.5730189,0.60428166
0.5275417,0.56393707
0.4403338,0.46546704
0.3475064,0.3922326
0.29472452,0.34861958
0.25141793,0.29798645
0.21157166,0.27158868
0.2058261,0.2477304
0.22631605,0.2667138
0.27327016,0.30737412
0.34358102,0.39233577
0.4106302,0.4624052
0.4599596,0.5106921
0.512316,0.5692976
0.5562179,0.6268371
0.59273046,0.65906924
0.63614446,0.70358884
0.67247885,0.7294798
0.6822878,0.7367968
0.6896501,0.7354823
0.7034667,0.7320166
0.7014623,0.72559905
0.6649863,0.70214516
0.6204849,0.66825163
0.580332,0.63363636
0.54571396,0.5904827
0.4516035,0.4899149
0.35279468,0.4163419
0.2971052,0.33181018
0.24654675,0.28558734
0.22229464,0.25054738
0.20556204,0.22399244
0.20716317,0.24491403
0.2532801,0.29570496
0.32863617,0.38297528
0.40597326,0.4480651
0.46075234,0.5031103
0.5278537,0.5617946
0.58073163,0.61746424
0.63433874,0.6547667
0.6728965,0.69706464
0.70721686,0.7319222
0.7095982,0.7348069
0.71651095,0.74098915
0.72982883,0.73918885
0.72368,0.73134035
0.6865235,0.7077904
0.615154,0.6732573
0.55594724,0.6365653
0.5119661,0.5951333
0.42929757,0.49147707
0.33831134,0.416299
