true,forecasted
0.40497786,0.37573543
0.39131713,0.36997545
0.37740996,0.35887018
0.3686289,0.3595161
0.37530857,0.36240557
0.38445887,0.3807069
0.40151846,0.39846644
0.423444,0.42243633
0.43523574,0.43214613
0.4456123,0.44237706
0.457266,0.45102602
0.46674278,0.46568483
0.47712618,0.4839549
0.48087975,0.48690662
0.48582536,0.49756566
0.48928544,0.506213
0.49661073,0.504094
0.49307525,0.5194942
0.49206764,0.51623476
0.48119888,0.5062985
0.469805,0.49868643
0.46496862,0.48110518
0.44111004,0.4578186
0.416133,0.4310379
0.3930351,0.37032434
0.37832528,0.35957503
0.36839357,0.34958902
0.36634713,0.35987392
0.36909437,0.3594745
0.38386467,0.36731127
0.40248224,0.3784082
0.42363414,0.3934557
0.44006035,0.40208742
0.44676793,0.41329113
0.4524385,0.42597643
0.45816955,0.43767008
0.46933734,0.4412472
0.47646543,0.4555603
0.48181733,0.4660464
0.48119035,0.46954554
0.4871019,0.477268
0.48842463,0.48077503
0.48784885,0.48592246
0.47928685,0.4789957
0.47307587,0.46984103
0.4680602,0.45480403
0.44589534,0.42876354
0.41616318,0.4076181
0.3959069,0.3746517
0.38160765,0.36079413
0.3732017,0.35277092
0.36927643,0.35581326
0.3704105,0.35164055
0.3824125,0.3734014
0.40470922,0.39405236
0.42071557,0.4160003
0.43577945,0.42560902
0.44423002,0.43793938
0.45521796,0.4560269
0.46209314,0.4706864
0.4738061,0.48311597
0.48314992,0.4988906
0.48922172,0.5132847
0.4907354,0.5173694
0.4963114,0.5188634
0.49944493,0.53135264
0.4956948,0.52611774
0.4869626,0.5070061
0.47089902,0.49307024
0.45805335,0.4767018
0.4307115,0.45534983
0.4017496,0.4242863
0.37899202,0.37064704
0.3626779,0.35385716
0.35193786,0.34363845
0.35001054,0.34250334
0.35037163,0.33500597
0.35262114,0.3494121
0.35435197,0.35669613
0.36482435,0.3645841
0.37935093,0.37608936
0.3977778,0.39577845
0.41354105,0.41862428
0.42679152,0.44027358
0.44153565,0.4571165
0.45598644,0.47564587
0.47480223,0.49634483
0.4893325,0.5057845
0.5074076,0.51369995
0.5192013,0.5291484
0.52137315,0.52533245
0.50861895,0.5005588
0.48928016,0.4834213
0.4710639,0.47259375
0.4465095,0.447761
0.4139827,0.41570437
0.38703173,0.36498094
0.37173003,0.35726064
0.35874635,0.3438842
0.35138616,0.34311134
0.34762752,0.33516017
0.34729573,0.3463083
0.35059267,0.34756058
0.35962862,0.36542046
0.37779048,0.3703421
0.3956658,0.40152872
0.41097057,0.41734874
0.42842263,0.44068614
0.44152892,0.46108723
0.44493306,0.47565672
0.44832173,0.4781297
0.44771135,0.48385
0.4509407,0.4897061
0.4586946,0.50098896
0.45920107,0.48757753
0.45602614,0.4716769
0.45304647,0.4722854
0.45325914,0.4572263
0.43588606,0.4312793
0.41355512,0.4072975
0.39827237,0.380111
0.3848903,0.36684182
0.379528,0.36909592
0.37830162,0.36396873
0.38104996,0.36644426
0.39817026,0.38773638
0.4209903,0.40765142
0.43560076,0.43388748
0.45667073,0.45006132
0.45954692,0.45517063
0.46853462,0.46568978
0.47123736,0.47871926
0.4748368,0.48412916
0.47944686,0.4896889
0.478949,0.49961415
0.47677594,0.49089134
0.47895247,0.4918579
0.48128533,0.4974468
0.47758916,0.48965093
0.47022346,0.4820946
0.4611311,0.4843542
0.462699,0.4620626
0.43968508,0.44729567
0.41462982,0.4232883
0.39181077,0.37453455
0.38148218,0.36594856
0.37156454,0.35899943
0.3682791,0.35524547
0.3712742,0.35839882
0.38855973,0.37350866
0.40504658,0.38860318
0.4270151,0.41475886
0.4402382,0.4180904
0.4466896,0.4297442
0.4538801,0.4358321
0.4627212,0.4434645
0.4691481,0.4569773
0.47533232,0.45998433
0.47148252,0.45402613
0.47415176,0.45910394
0.4752729,0.45806652
0.4781904,0.45701194
0.47868884,0.45342627
0.47494808,0.44557524
0.4743735,0.4450387
0.46654478,0.4335607
0.4473934,0.4136928
0.41803113,0.39206293
0.4014338,0.39005232
0.38689882,0.3815362
0.37711936,0.37353918
0.37376663,0.3730339
0.37716648,0.37505853
0.38982296,0.3880223
0.41119477,0.4093334
0.4304299,0.4325305
0.44034824,0.441003
0.450202,0.45278224
0.4548095,0.46471724
0.46418586,0.4786574
0.47497088,0.4953181
0.4805965,0.4986246
0.48530096,0.5151547
0.48731953,0.5246984
0.4873753,0.5258062
0.4933149,0.53192914
0.49310145,0.52767056
0.48916858,0.5093116
0.4798285,0.5007927
0.47587624,0.49113292
0.45233318,0.46836257
0.42302823,0.43831354
0.4002489,0.37701014
0.38379678,0.36290646
0.3775523,0.35511708
0.3727429,0.35469735
0.37503383,0.34998116
0.39068016,0.35602483
0.40689585,0.3715459
0.430196,0.39056575
0.4459227,0.40508538
0.45497555,0.42340186
0.47069386,0.44127315
0.48014417,0.45954692
0.49797273,0.47165072
0.51615244,0.49542496
0.5260945,0.5050783
0.5321002,0.51661766
0.54296577,0.5263639
0.54265743,0.5241089
0.5375708,0.5268528
0.5259294,0.5069717
0.5158514,0.4990831
0.5064767,0.48200688
0.47662544,0.45496318
0.44694403,0.42318046
0.42238516,0.40457198
0.4041015,0.39091098
0.39027566,0.3881079
0.3833117,0.37750393
0.38307104,0.37808266
0.39907914,0.39421028
0.41078502,0.40925172
0.42743692,0.4369073
0.4474679,0.45395747
0.46140817,0.4644527
0.47467676,0.49087232
0.48415747,0.49775273
0.49380025,0.51165235
0.49826682,0.52270496
0.49948147,0.52309835
0.4969119,0.5238362
0.49790868,0.52231014
0.4990425,0.5145644
0.49089792,0.5140099
0.4790374,0.49836692
0.4666139,0.49174988
0.45854115,0.4758857
0.43733206,0.45974618
0.41137934,0.4283782
0.39223495,0.37632352
0.3716604,0.36296365
0.35952818,0.35747284
0.35409048,0.35065398
0.3519881,0.34899014
0.35553703,0.34984776
0.3594102,0.35754693
0.3684305,0.36313778
0.38355318,0.38367498
0.40237302,0.38959363
0.41464186,0.42202863
0.42598668,0.4353225
0.43737411,0.4335512
0.44803908,0.45570585
0.46131784,0.47139218
0.47179434,0.47860742
0.48611778,0.4879103
0.49212372,0.48356402
0.4892818,0.48319826
0.4812516,0.46753252
0.46618003,0.4620788
0.4561548,0.45250085
0.4328426,0.4353789
0.40769917,0.40194824
0.3824324,0.3732461
0.36690316,0.35788012
0.35623446,0.3471101
0.3513588,0.33744922
0.34550738,0.33243987
0.34446394,0.33567208
0.3471805,0.33496124
0.35540566,0.34911036
0.3749429,0.3656789
0.39426133,0.38955745
0.4106518,0.41829637
0.4328646,0.43862665
0.45242202,0.46608073
0.4735239,0.48400864
0.4905522,0.50088143
0.50582546,0.513188
0.5238035,0.5242581
0.5339166,0.5307806
0.53452986,0.53594565
0.52536476,0.50249743
0.5078678,0.4918574
0.4921092,0.48374084
0.4684399,0.46202222
0.43841937,0.4296428
0.41125458,0.4138557
0.39481142,0.3938805
0.38352183,0.38582394
0.37989935,0.37385023
0.38353682,0.37788215
0.39436778,0.3898269
0.41204107,0.40662643
0.42930016,0.43090984
0.45402113,0.4619905
0.4752282,0.47499752
0.49515238,0.502924
0.51136065,0.5274039
0.5274668,0.53783536
0.539471,0.5635989
0.5436819,0.5767668
0.54587734,0.57278776
0.5457101,0.5856871
0.54922277,0.5885305
0.54588616,0.58514667
0.53503513,0.5630574
0.52636003,0.5520238
0.5168949,0.52791035
0.49254748,0.50137436
0.4604341,0.46820897
0.43111068,0.43526477
0.41547376,0.41539517
0.40688777,0.40686053
0.39643782,0.3978141
0.39946678,0.4000055
0.41341785,0.41702196
0.43123853,0.43959612
0.45593676,0.46560368
0.47423837,0.48611522
0.48419738,0.49731043
0.50155216,0.52187073
0.51256657,0.5393774
0.5253937,0.5532159
0.5351839,0.57142687
0.5427774,0.57683057
0.54279506,0.57384014
0.5450512,0.5750796
0.5423064,0.57100314
0.53409463,0.5653694
0.52935976,0.54323035
0.5256115,0.53344846
0.51394403,0.5130997
0.49035987,0.48829913
0.45565617,0.45690623
0.43268016,0.43057323
0.41770062,0.41095486
0.40347624,0.40375367
0.3979209,0.40151894
0.39774874,0.3938156
0.40978146,0.40990433
0.4301957,0.43012768
0.45381284,0.45462868
0.4713389,0.46977288
0.49052906,0.48710915
0.5120004,0.50737274
0.5317238,0.52190405
0.54733384,0.54025984
0.5634836,0.55599034
0.5685092,0.56036603
0.57601595,0.56917536
0.57696706,0.56818664
0.5765894,0.5747098
0.56665343,0.5702744
0.54724485,0.5539467
0.5338573,0.5353448
0.52126086,0.5188194
0.49222085,0.49159837
0.45790565,0.4610973
0.43248963,0.40827084
0.4110159,0.39082885
0.39525658,0.3845389
0.38788858,0.374975
0.38967818,0.37776247
0.4029569,0.3853331
0.42467183,0.4038721
0.44737497,0.4294386
0.46006313,0.45013386
0.4727616,0.4616038
0.48430163,0.48831812
0.4921677,0.5044231
0.5028094,0.51926416
0.5126521,0.5372602
0.51740104,0.5474207
0.5130199,0.55210596
0.51189977,0.55789125
0.5079044,0.54977494
0.5041223,0.552829
0.49990803,0.5283633
0.49562374,0.52027947
0.49267134,0.5038767
0.46760678,0.48203924
0.4455431,0.45017165
0.42169917,0.4232793
0.40507913,0.40425086
0.39780253,0.3977864
0.3907714,0.38544837
0.3910503,0.38806143
0.40470564,0.3923451
0.42256948,0.40694457
0.44136468,0.42927983
0.45541292,0.45167965
0.47109458,0.464335
0.48762712,0.48829806
0.49701983,0.50178945
0.5116972,0.508809
0.51716864,0.5275934
0.5248592,0.52818644
0.52370936,0.52740616
0.5259364,0.53863984
0.5284696,0.5293176
0.5219282,0.5274515
0.5132298,0.5072208
0.49971688,0.5013961
0.49639997,0.48263437
0.47337964,0.46330822
0.44595817,0.4325626
0.4226092,0.40880483
0.4021304,0.39171296
0.3875714,0.38210687
0.38249126,0.37541097
0.38104096,0.37300047
0.3826585,0.37661934
0.38037246,0.38801813
0.39495355,0.40444353
0.4178475,0.4210676
0.43939498,0.43488714
0.45981362,0.46483475
0.4801246,0.48347434
0.5007795,0.4968094
0.52081144,0.5129443
0.5293447,0.52657336
0.54102635,0.5343725
0.5501974,0.5348423
0.554793,0.53232634
0.553752,0.5353934
0.5428241,0.51407087
0.52545255,0.49826825
0.5098275,0.49015456
0.4841452,0.46806535
0.45566288,0.43849754
0.43013063,0.40948695
0.40614668,0.39471143
0.3888955,0.38081217
0.377265,0.37396824
0.37126613,0.36801025
0.37180674,0.37392774
0.3709329,0.3778755
0.38342875,0.3911593
0.41400808,0.41341817
0.44392648,0.43230787
0.46868128,0.4602929
0.48771727,0.49603692
0.50975317,0.51500756
0.528101,0.5355954
0.54504156,0.5606586
0.5587673,0.5675554
0.5651269,0.5715995
0.571679,0.58263546
0.56718415,0.57366824
0.5598653,0.55108577
0.545589,0.54184324
0.53152806,0.52516675
0.5027517,0.49640554
0.4701341,0.4675268
0.44339922,0.444561
0.42757788,0.42374265
0.41652173,0.4136516
0.40903306,0.4007458
0.40968275,0.4034451
0.42490223,0.4134567
0.44331425,0.42903498
0.46806002,0.45165402
0.4866606,0.48031005
0.5044043,0.4977359
0.5277756,0.53281415
0.5498208,0.55120796
0.56975687,0.5745922
0.5803831,0.58824396
0.5823517,0.6050815
0.58537424,0.6083298
0.5869169,0.6138962
0.58623725,0.6115075
0.5784465,0.6041546
0.5664322,0.5826256
0.5404614,0.5622049
0.52559906,0.5461389
0.49788776,0.51663774
0.457688,0.4805663
0.4365263,0.43039462
0.41627574,0.4157226
0.40391383,0.40608272
0.39217958,0.3994578
0.39814273,0.39895383
0.4121713,0.41437626
0.43332994,0.43926343
0.44885325,0.4652562
0.46487007,0.48608294
0.4732487,0.49719253
0.4832557,0.5224056
0.49254048,0.53510976
0.5006382,0.5468736
0.50759095,0.56522167
0.5083026,0.5691005
0.50934285,0.5690149
0.50868833,0.5718667
0.5116258,0.5667575
0.510511,0.56487936
0.5064314,0.5457657
0.5014887,0.5374103
0.49499595,0.5188767
0.47049776,0.49605888
0.4413233,0.4599476
0.41769606,0.40498888
0.39995778,0.39058122
0.3876564,0.37946883
0.38263214,0.38212502
0.38232198,0.3802469
0.39615816,0.39943615
0.41530335,0.42956352
0.4366637,0.45148125
0.45132554,0.46588892
0.4687483,0.4759067
0.48704422,0.49145722
0.5071807,0.5078075
0.52609384,0.5201845
0.5440685,0.5373893
0.5566733,0.547153
0.56503904,0.5577293
0.57358587,0.560174
0.57994163,0.5676226
0.57530916,0.5648485
0.56463915,0.54982364
0.5461356,0.5355961
0.53080463,0.5158614
0.500532,0.48533916
0.464216,0.45424575
0.4380454,0.42160973
0.4135309,0.40287876
0.40017027,0.38884702
0.39423957,0.38452202
0.39606342,0.3838355
0.41118383,0.39321792
0.4272329,0.40996206
0.44715855,0.43446898
0.46614113,0.4549316
0.48875374,0.47484633
0.5135987,0.50040364
0.54326975,0.52730036
0.5701892,0.5511723
0.5953753,0.57378924
0.6126433,0.5895283
0.6288102,0.59946954
0.63928676,0.60886127
0.6343442,0.6131
0.6216069,0.6139753
0.59819865,0.5863579
0.5765498,0.5666167
0.56613916,0.5470388
0.53318083,0.51320493
0.49537224,0.47928843
0.45880076,0.4646356
0.43772927,0.4355092
0.42847002,0.42783028
0.41762573,0.41390303
0.41533774,0.40909246
0.42584696,0.41743615
0.44489378,0.4301951
0.4669734,0.44951355
0.48760045,0.47687978
0.50588757,0.49594396
0.52827084,0.5319673
0.5504699,0.5611553
0.5767417,0.578656
0.6033407,0.6034162
0.6181783,0.62246484
0.63155544,0.63119537
0.6437108,0.6353546
0.6471091,0.6357143
0.6381951,0.6326238
0.62046057,0.6038394
0.599779,0.5830074
0.5821675,0.5677869
0.54692775,0.536675
0.51145893,0.5018399
0.47788534,0.47589743
0.43820685,0.45532075
0.41931632,0.43753606
0.40895134,0.43007
0.40238068,0.42186204
0.40262538,0.41939086
0.39494672,0.42739913
0.40613842,0.4422016
0.42836225,0.4707308
0.45499656,0.49543515
0.47658163,0.531692
0.48956752,0.5582175
0.5018263,0.5721771
0.51425153,0.59406465
0.52240175,0.6077752
0.53408235,0.6111356
0.5402748,0.6128845
0.54695034,0.6153125
0.54609567,0.61145484
0.5339119,0.58875245
0.5149079,0.5699833
0.50467503,0.5502532
0.483032,0.52652556
0.45537904,0.49237278
0.43123946,0.42750636
0.41128257,0.40508968
0.39750314,0.3988917
0.38731506,0.38682878
0.37606543,0.37871155
0.37795424,0.38143638
0.37640667,0.38804394
0.38475576,0.40344763
0.40455663,0.43005282
0.4233239,0.4492393
0.44329742,0.48230484
0.46165714,0.50520027
0.48084325,0.5291513
0.50243616,0.5439191
0.52858776,0.56732875
0.54505986,0.5710537
0.56080264,0.5747437
0.56634736,0.5784901
0.55748636,0.5717888
0.53894573,0.54842037
0.50498873,0.5328632
0.49066603,0.52418417
0.46691614,0.49812955
0.43548152,0.46527803
0.40677786,0.41648948
0.39107573,0.40004173
0.38129756,0.3884808
0.37803906,0.3852452
0.37892005,0.38734132
0.38452524,0.40524766
0.39451802,0.43278053
0.41170847,0.45276862
0.42981395,0.47646436
0.44500434,0.48639166
0.46646872,0.51150334
0.48556814,0.53112286
0.5005224,0.54451585
0.514885,0.5676429
0.53404975,0.5785444
0.5436358,0.57695585
0.55259794,0.58723664
0.5565898,0.5881653
0.5535223,0.57911634
0.5363291,0.56064504
0.5119581,0.54619324
0.49786964,0.5226851
0.47272015,0.4921523
0.44665402,0.4584456
0.42266896,0.4213549
0.40127262,0.40357992
0.38349032,0.39296103
0.3719771,0.38476044
0.36854818,0.37905577
0.37316626,0.3990751
0.3714589,0.4134845
0.38230944,0.43788207
0.40841594,0.46323344
0.4423205,0.48298696
0.4826055,0.51434386
0.51932985,0.54424435
0.5477357,0.57313603
0.56399703,0.595596
0.57384235,0.60818577
0.5857225,0.6188892
0.5889665,0.6192328
0.5921241,0.632139
0.5869355,0.62777305
0.5702673,0.60894394
0.5488937,0.58736724
0.5279234,0.56322634
0.5024361,0.527759
0.48033294,0.4925139
0.44637087,0.4390366
0.42080733,0.41592324
0.40321967,0.39952314
0.38935432,0.39483047
0.38709396,0.3896769
0.39846244,0.3997813
0.42058966,0.41223067
0.45140627,0.43249053
0.48309156,0.45667386
0.520049,0.48623303
0.56173867,0.5159652
0.5981603,0.5516238
0.6306,0.58176804
0.64887184,0.6095757
0.6526658,0.6250117
0.649897,0.6375759
0.6560013,0.64518005
0.6557884,0.652899
0.65876085,0.6451921
0.6501919,0.6241449
0.62761325,0.59848803
0.6079296,0.5716712
0.56715244,0.5295589
0.5229999,0.49849504
0.4939821,0.49934357
0.46732828,0.47257897
0.45350984,0.45649505
0.43764555,0.4447115
0.43311504,0.44276038
0.44431287,0.45223808
0.45956695,0.46183193
0.4832816,0.493176
0.5138118,0.5247399
0.5492686,0.5556843
0.5860451,0.5931923
0.6181289,0.619537
0.6356864,0.638205
0.6399715,0.6684333
0.64292794,0.6717552
0.64323866,0.6669742
0.64537287,0.6774727
0.6449649,0.68161446
0.63599,0.6702224
0.6263708,0.64913523
0.60080916,0.6268818
0.5829932,0.59558535
0.5504959,0.56431144
0.51244146,0.5235802
0.47909668,0.49107772
0.45539606,0.4623945
0.43532634,0.44921118
0.42421722,0.43837774
0.42679423,0.44064668
0.43536052,0.4521417
0.44873407,0.4761672
0.47310978,0.5012184
0.49338493,0.53478
0.51419646,0.54318535
0.5454057,0.582718
0.57109225,0.5951016
0.60136056,0.60636485
0.62359214,0.6336882
0.6360179,0.64262915
0.6467024,0.6367969
0.6512102,0.6443505
0.6503897,0.6417983
0.6447048,0.6403307
0.62293375,0.61702377
0.59388304,0.5897043
0.5712106,0.56757426
0.5388142,0.5434726
0.49814332,0.50101584
0.46564984,0.47272247
0.4369697,0.4458846
0.42220378,0.43063462
0.4080677,0.41688544
0.40505737,0.40750676
0.40187326,0.41400468
0.4039432,0.42096052
0.4163775,0.43722558
0.4398564,0.46349847
0.46458536,0.48675057
0.4944681,0.5207942
0.52317095,0.5438083
0.5412027,0.5610192
0.55450505,0.5840057
0.55213803,0.59263116
0.55757755,0.596118
0.5630657,0.6005154
0.57201725,0.60756713
0.5662077,0.5996467
0.55374527,0.57130444
0.5334539,0.5514489
0.52206725,0.5337332
0.49952117,0.51166356
0.4696906,0.47780547
0.4410639,0.4626633
0.42036718,0.43698406
0.40424308,0.4340621
0.39628783,0.41865563
0.39263925,0.41323748
0.3906982,0.4210831
0.3914799,0.42643207
0.3995695,0.4504344
0.4180516,0.47479355
0.43416768,0.4984216
0.4536731,0.52373934
0.47554517,0.55235124
0.4956134,0.56768966
0.5074709,0.57723176
0.5234602,0.59041
0.5330194,0.59977883
0.5442995,0.5933924
0.5502575,0.59847087
0.55098295,0.5914999
0.5394956,0.5657181
0.5227428,0.5478216
0.5081596,0.5256784
0.48366883,0.50102973
0.4502881,0.47630948
0.42270955,0.43490067
0.40589845,0.4153606
0.3919605,0.4022718
0.38822687,0.3988988
0.39305416,0.38945416
0.40571183,0.39586622
0.42424467,0.4077477
0.45152423,0.42450666
0.47331986,0.44047529
0.49865088,0.4649922
0.5243285,0.49121866
0.54746073,0.514592
0.57113004,0.5330108
0.59539276,0.55326325
0.609529,0.5653943
0.6245095,0.5793279
0.6362064,0.58106685
0.64107466,0.5855536
0.63811535,0.58133245
0.6208647,0.55729663
0.5941103,0.5350834
0.56682587,0.5179827
0.52791536,0.49048916
0.48400494,0.45705366
0.45001352,0.4543835
0.42874768,0.43084985
0.41381556,0.4178942
0.40124717,0.4086054
0.40562126,0.40382287
0.41572925,0.4107253
0.43476918,0.41657275
0.4597277,0.4372069
0.48167542,0.46413925
0.50855064,0.48932433
0.5406601,0.5255838
0.56773424,0.5602201
0.59348243,0.5840301
0.6211621,0.6109878
0.6378829,0.62825763
0.6487998,0.6396644
0.6595237,0.6458811
0.6574284,0.65215886
0.6537855,0.643363
0.6369503,0.61850125
0.60989344,0.5971895
0.5873218,0.5718731
0.5482421,0.53905725
0.50622547,0.50181
0.47119638,0.47781056
0.44815505,0.4483577
0.4315628,0.4303003
0.420459,0.41939855
0.4191939,0.4116461
0.43019038,0.42088735
0.4478384,0.43397096
0.47346362,0.4484696
0.4939682,0.48129687
0.5158399,0.5025423
0.54952043,0.5457454
0.5809378,0.5730526
0.607601,0.5983655
0.6329448,0.630605
0.6486481,0.64457047
0.657529,0.655678
0.66273975,0.6616817
0.6649394,0.6709202
0.65954494,0.66484743
0.6419844,0.6403545
0.6167579,0.61323565
0.593047,0.592747
0.5608229,0.5603379
0.5221943,0.5182883
0.4848187,0.5009968
0.45995742,0.4696659
0.44381464,0.4557405
0.43574038,0.4449463
0.43155643,0.43676457
0.44398698,0.44594985
0.45884463,0.46312395
0.4901887,0.4877124
0.5149697,0.51794773
0.537442,0.54347074
0.5634712,0.58152425
0.5970716,0.60822964
0.6242819,0.6355193
0.64501417,0.6625564
0.6608557,0.6755909
0.6663084,0.68301785
0.6668041,0.6847622
0.6652924,0.69029355
0.65249825,0.68506646
0.63647765,0.65449846
0.6124968,0.62278825
0.5928767,0.60227233
0.5562537,0.568893
0.51806206,0.5280978
0.48456734,0.48695576
0.46501386,0.45934963
0.44652516,0.44684386
0.4367276,0.43797338
0.43583074,0.43418542
0.4450495,0.44374555
0.4611088,0.46672204
0.48512492,0.49693274
0.508461,0.52359134
0.5371391,0.5439792
0.56958926,0.58121383
0.5931561,0.608088
0.6228937,0.6317056
0.64788634,0.66202974
0.6622144,0.6743802
0.67507404,0.6778704
0.684457,0.68106437
0.68515563,0.67818
0.67706805,0.6777423
0.661439,0.64301616
0.63404155,0.61479396
0.6059031,0.5932561
0.56669,0.5597476
0.5254513,0.51877254
0.48824438,0.48141742
0.4617659,0.4570665
0.44051164,0.44117576
0.42836058,0.4290832
0.4166807,0.42522547
0.41340786,0.42541134
0.41947925,0.42153355
0.42837122,0.4426231
0.45587388,0.47165
0.4824698,0.5032194
0.5097959,0.54134095
0.5350561,0.570158
0.55705065,0.589167
0.5693892,0.6142353
0.56910664,0.61989415
0.5601156,0.619959
0.5540984,0.6284023
0.5509385,0.6290744
0.54416794,0.61491764
0.53742635,0.59780806
0.52522814,0.58011276
0.5163427,0.5508607
0.49366724,0.5233692
0.46693203,0.49164337
0.44054735,0.44215047
0.42328984,0.42134964
0.41094142,0.40874794
0.4037011,0.4019973
0.39743683,0.39577392
0.3965388,0.3934611
0.39694172,0.38615495
0.40825316,0.40098238
0.43181497,0.42712742
0.45907834,0.45774978
0.48424238,0.48863238
0.51476157,0.51788455
0.54341763,0.54177094
0.5635439,0.56170285
0.57810456,0.5763853
0.5889797,0.58791846
0.59951395,0.5949432
0.603627,0.5989273
0.5932831,0.5953376
0.578498,0.5806491
0.5604899,0.565674
0.54532456,0.54100513
0.50986695,0.51368046
0.4773486,0.48540354
0.450104,0.45350945
0.43364656,0.43231547
0.4199736,0.4211953
0.412473,0.41081116
0.41492367,0.41537014
0.4272205,0.42726046
0.44473872,0.4459471
0.46927488,0.46748647
0.49108493,0.4937805
0.5177064,0.5093698
0.54428935,0.5418123
0.57399935,0.5648285
0.6001245,0.5876265
0.62184095,0.60420966
0.63099813,0.6236042
0.6323098,0.62422675
0.62969923,0.6298492
0.63150334,0.62984115
0.62106264,0.61447144
0.602184,0.59461206
0.5802326,0.5784388
0.55755866,0.55220777
0.5250659,0.52093846
0.48534873,0.48436302
0.4528638,0.44603685
0.42881802,0.42501044
0.41482788,0.4107199
0.40359148,0.4028542
0.404409,0.40415218
0.41426268,0.41387978
0.43040615,0.42852974
0.44896868,0.45181096
0.46965632,0.4769976
0.4873522,0.4976836
0.51476264,0.52626175
0.5396527,0.5571561
0.56858695,0.5835425
0.59465545,0.6054566
0.6105236,0.6235757
0.6209057,0.6325655
0.63254595,0.6424452
0.6321577,0.6419296
0.61992574,0.63499105
0.6049685,0.6082422
0.58307207,0.58953977
0.56445014,0.56357527
0.53389084,0.5305493
0.49678484,0.4940341
0.4639,0.46240735
0.44415742,0.434353
0.4299901,0.41890103
0.42281663,0.41234893
0.42300436,0.41046563
0.43672088,0.4175744
0.4559102,0.4302258
0.47524694,0.44601452
0.49434772,0.4731751
0.51279664,0.49869448
0.5392395,0.529882
0.56136084,0.55583453
0.5892025,0.5855736
0.6077914,0.6090429
0.6210922,0.6299894
0.6311042,0.63730353
0.63717943,0.65195197
0.6412308,0.65583247
0.63984656,0.6436913
0.62627816,0.6185288
0.6058398,0.59694964
0.58887565,0.5757277
0.5520999,0.54010934
0.51084346,0.50243485
0.47783425,0.47484612
0.45678496,0.44782445
0.43970305,0.43370774
0.43181226,0.42235008
0.43009883,0.4221107
0.44409156,0.44315615
0.46455252,0.46117276
0.48674643,0.48237914
0.5108626,0.5156545
0.5383213,0.52905196
0.56995356,0.5697557
0.60126394,0.59295446
0.6326699,0.61581546
0.65933555,0.6354399
0.67470235,0.6648474
0.6833642,0.66269654
0.6830763,0.6677593
0.6761879,0.68001705
0.6652866,0.6687801
0.64480984,0.6363034
0.62305444,0.6082614
0.5882836,0.5867407
0.5525813,0.5616527
0.5082701,0.51942444
0.0,0.45533282
0.0,0.43257418
0.0,0.42244515
0.0,0.4131466
0.0,0.4111132
0.0,0.41694748
0.0,0.43769428
0.0,0.4564711
0.0,0.4773779
0.0,0.4911742
0.0,0.517558
0.0,0.5368489
0.0,0.55275166
0.0,0.57294196
0.0,0.58444005
0.0,0.5877862
0.0,0.59374547
0.0,0.59046024
0.0,0.5835041
0.0,0.5554127
0.0,0.5422861
0.0,0.5241659
0.0,0.50126785
0.0,0.46420735
0.0,0.18585163
0.0,0.23821333
0.0,0.22042492
0.0,0.25067103
0.0,0.2425487
0.0,0.21919699
0.0,0.19092901
0.0,0.2410901
0.0,0.17711559
0.0,0.27184036
0.0,0.2655686
0.0,0.29715818
0.0,0.38732842
0.0,0.33494213
0.0,0.34365407
0.0,0.39040583
0.0,0.38235044
0.0,0.39596927
0.0,0.4111347
0.0,0.35022104
0.0,0.33600548
0.0,0.34055763
0.0,0.32421303
0.0,0.3159411
0.0,0.3873437
0.0,0.38549662
0.0,0.36547267
0.0,0.34607428
0.0,0.35480604
0.0,0.34154308
0.0,0.3185396
0.0,0.32378608
0.0,0.360765
0.0,0.3778718
0.0,0.4193193
0.0,0.4564685
0.0,0.4828738
0.0,0.48969612
0.0,0.5083992
0.0,0.5124623
0.0,0.51744354
0.0,0.5228988
0.0,0.5208783
0.0,0.50916916
0.0,0.50363237
0.0,0.47982106
0.0,0.45952958
0.0,0.43550885
0.0,0.27555367
0.0,0.30316725
0.0,0.27942237
0.0,0.26835006
0.0,0.28466755
0.0,0.26857698
0.0,0.26516685
0.0,0.27993384
0.0,0.30195314
0.0,0.3167777
0.0,0.3576918
0.0,0.37730566
0.0,0.4156437
0.0,0.41092733
0.0,0.43116024
0.0,0.44050202
0.0,0.4498915
0.0,0.44786012
0.0,0.4633949
0.0,0.44383824
0.0,0.43699816
0.0,0.43925408
0.0,0.42032096
0.0,0.38298532
0.4053317,0.34514928
0.3869209,0.3560844
0.37661454,0.3279148
0.36901683,0.31120872
0.36532074,0.32764074
0.36800697,0.3447553
0.3742811,0.34781992
0.37787908,0.35548717
0.3942203,0.37205875
0.4167263,0.3928024
0.4460353,0.43270585
0.47438288,0.454045
0.51068705,0.5285802
0.54295045,0.5573876
0.5650254,0.5521091
0.58757675,0.57241696
0.6003973,0.5979529
0.6068754,0.5980826
0.599767,0.57376504
0.57458746,0.5630636
0.5545435,0.5829978
0.5274902,0.55361664
0.49207637,0.5230248
0.4557627,0.4630379
0.42941818,0.48997283
0.41004133,0.45306015
0.39985776,0.45426238
0.3883617,0.43584794
0.3830594,0.42056748
0.38139594,0.43454307
0.38866132,0.441004
0.39292163,0.4666537
0.41439566,0.4957134
0.45172426,0.51756614
0.4887744,0.57106996
0.52614576,0.6005907
0.5578501,0.61883134
0.586026,0.6514263
0.6058736,0.6668668
0.61689013,0.68046254
0.63529915,0.67514765
0.6402443,0.67336583
0.630065,0.66541195
0.60350305,0.634072
0.57809055,0.6070837
0.55007774,0.58569545
0.51659817,0.559891
0.48113385,0.5206316
0.43124002,0.533189
0.4110211,0.49077457
0.3962342,0.4776697
0.38541016,0.47124553
0.37920675,0.46831277
0.37899712,0.48359537
0.37935135,0.49874443
0.38068536,0.5034728
0.4022996,0.54270864
0.4427098,0.5509857
0.48692515,0.61459285
0.5352203,0.62155944
0.56873405,0.6234382
0.594922,0.672837
0.6144818,0.66721606
0.62717694,0.6606304
0.64143294,0.6738418
0.6466127,0.66484445
0.63628334,0.639744
0.6120226,0.64442766
0.5935508,0.6111098
0.5590777,0.56743455
0.5153874,0.5468059
0.47646037,0.5019961
0.46895167,0.48181796
0.4459142,0.45435882
0.43222216,0.43183738
0.4237696,0.43577647
0.42527887,0.43317232
0.442586,0.44737795
0.47373754,0.47963053
0.49342558,0.48711002
0.51246166,0.5211405
0.54623276,0.5358049
0.58677894,0.55722475
0.63002414,0.5966546
0.67207885,0.61056787
0.69390017,0.64285624
0.7079445,0.6560054
0.7050387,0.6654143
0.71307683,0.6750702
0.7134244,0.6843727
0.7136225,0.66143656
0.6965415,0.66104263
0.67833596,0.63189745
0.63928866,0.581208
0.59155715,0.5317052
0.5473785,0.5032621
0.51284385,0.4899962
0.4851239,0.4574053
0.469445,0.44509652
0.4548771,0.44009787
0.4570918,0.44365796
0.47044006,0.4591819
0.5041199,0.47714287
0.52000666,0.50265294
0.53622055,0.52758473
0.56062776,0.5528291
0.59054583,0.56940526
0.62391275,0.6120972
0.65080476,0.6384075
0.6751812,0.66028357
0.68487346,0.6668893
0.679356,0.67156184
0.67171896,0.6708087
0.6637902,0.66325885
0.66522056,0.63872916
0.64679366,0.62654847
0.63634336,0.605714
0.60214555,0.5544714
0.561695,0.50560033
0.52046376,0.48714113
0.4892816,0.4939435
0.4656463,0.46266836
0.45412385,0.44541758
0.44505847,0.43722492
0.44385207,0.43506315
0.4620224,0.44942972
0.48847756,0.46481565
0.5061156,0.464965
0.5146636,0.5006808
0.5248876,0.51684344
0.53853005,0.5359193
0.55577844,0.56545997
0.5744224,0.5738092
0.59232414,0.5970778
0.59998053,0.5975508
0.59950686,0.6000737
0.594531,0.6045917
0.5891702,0.613652
0.5791203,0.58528703
0.56444865,0.59151113
0.5613487,0.5756229
0.5395506,0.5276898
0.5088802,0.49643713
0.47143012,0.47373143
0.44928494,0.43113953
0.43052313,0.39828688
0.4178343,0.39356744
0.4120422,0.38023067
0.41346905,0.3740161
0.43046477,0.3768232
0.45998254,0.37232846
0.48024732,0.374922
0.4899317,0.4022278
0.4974244,0.4266712
0.51130754,0.4612739
0.52375716,0.4896196
0.5397729,0.5029286
0.5580778,0.5274161
0.56678677,0.54352725
0.5743606,0.5458291
0.57770485,0.5544048
0.57190144,0.5519566
0.55541015,0.5329624
0.5382179,0.5191769
0.52316266,0.50754005
0.50616205,0.48303762
0.4784862,0.45998058
0.44642916,0.43547866
0.42166448,0.4180904
0.40400198,0.3954723
0.39611736,0.38793796
0.38867015,0.37487298
0.3822168,0.3722448
0.38749155,0.37700674
0.4027206,0.38414592
0.40293622,0.39592713
0.42119524,0.4174608
0.445583,0.43699434
0.45507756,0.45414326
0.4700138,0.4819816
0.48432818,0.4994169
0.49255955,0.5083622
0.5001102,0.52475524
0.4994557,0.5336278
0.4995439,0.5360903
0.4966887,0.5396512
0.4868604,0.52953756
0.47738773,0.5058774
0.47468573,0.49274844
0.45786768,0.47265542
0.43592647,0.44860682
0.41443774,0.4266048
0.39625937,0.3911802
0.3827457,0.36707935
0.37434465,0.3583771
0.36746824,0.35622737
0.36500502,0.3470839
0.3658885,0.34874105
0.36841798,0.35469007
0.37630185,0.35810548
0.39045516,0.37564042
0.4119918,0.39480898
0.4289147,0.41462243
0.44368768,0.43061492
0.4574341,0.4462915
0.47045678,0.46083626
0.4810387,0.47507176
0.49001142,0.48348355
0.50474817,0.49224404
0.513189,0.50325376
0.5104039,0.49349695
0.50684613,0.48156297
0.5042717,0.46769288
0.480205,0.45614895
0.4492467,0.433004
0.42470655,0.40830004
0.40317422,0.39695355
0.39002413,0.37547237
0.3825261,0.36817864
0.37977082,0.36681145
0.3831626,0.36438087
0.40256086,0.3697236
0.4354164,0.38000703
0.45182484,0.39201492
0.46184897,0.4110694
0.47368282,0.42738685
0.49149054,0.4449328
0.50769883,0.46837142
0.529005,0.4811788
0.54756963,0.49682388
0.5626906,0.5187928
0.5723446,0.5266814
0.5828078,0.5382148
0.58725286,0.54064804
0.5773461,0.5334095
0.5576056,0.51834345
0.5474904,0.50574386
0.5201142,0.48577514
0.48641178,0.45611733
0.45055422,0.4316215
0.0,0.41425395
0.0,0.3956294
0.0,0.38539168
0.0,0.3804327
0.0,0.38215706
0.0,0.3987621
0.0,0.42238218
0.0,0.43414745
0.0,0.45139682
0.0,0.45661125
0.0,0.46680677
0.0,0.47875118
0.0,0.48210263
0.0,0.4943485
0.0,0.50036013
0.0,0.49481124
0.0,0.4985195
0.0,0.5051046
0.0,0.49410573
0.0,0.48257127
0.0,0.47962013
0.0,0.46257246
0.0,0.44321996
0.0,0.41633272
0.0,0.1664464
0.0,0.22311428
0.0,0.20860924
0.0,0.23501857
0.0,0.2329654
0.0,0.20670216
0.0,0.18406688
0.0,0.23318896
0.0,0.17283222
0.0,0.25791663
0.0,0.24689852
0.0,0.27102157
0.0,0.35423943
0.0,0.29180956
0.0,0.30303523
0.0,0.34450397
0.0,0.33767805
0.0,0.34749597
0.0,0.35952878
0.0,0.30295315
0.0,0.2909224
0.0,0.3014698
0.0,0.2918364
0.0,0.28355613
0.0,0.39834493
0.0,0.3956037
0.0,0.38141784
0.0,0.3628162
0.0,0.3723978
0.0,0.36541903
0.0,0.3614149
0.0,0.36324906
0.0,0.4113957
0.0,0.4058508
0.0,0.4417648
0.0,0.45525867
0.0,0.4523595
0.0,0.4653239
0.0,0.47281903
0.0,0.47422576
0.0,0.4841906
0.0,0.4847613
0.0,0.48332193
0.0,0.49925926
0.0,0.49722546
0.0,0.47168544
0.0,0.45760193
0.0,0.43038034
0.0,0.25783578
0.0,0.29298517
0.0,0.26854083
0.0,0.2599585
0.0,0.27534437
0.0,0.25760794
0.0,0.26787853
0.0,0.28575245
0.0,0.3138243
0.0,0.31545988
0.0,0.3461272
0.0,0.35043642
0.0,0.37765068
0.0,0.36828658
0.0,0.38213456
0.0,0.3937755
0.0,0.4064044
0.0,0.40341353
0.0,0.4338518
0.0,0.41684833
0.0,0.41579962
0.0,0.41896605
0.0,0.40757594
0.0,0.37128127
0.38035634,0.31055045
0.36617252,0.3335874
0.35825613,0.30459073
0.35472387,0.2830717
0.35489818,0.3175537
0.35800573,0.33681968
0.36377385,0.31918544
0.3708816,0.33413386
0.3828125,0.3528621
0.40014917,0.3723045
0.41183093,0.406294
0.42153293,0.42359564
0.43129927,0.4997
0.43747747,0.5093788
0.4427696,0.5035745
0.4480264,0.5020094
0.45586532,0.5327251
0.4607968,0.5444382
0.458245,0.5144269
0.46049055,0.50990856
0.4617407,0.53872377
0.44087845,0.5086217
0.41879198,0.49547565
0.3947198,0.4413244
0.38292426,0.43938243
0.37363675,0.40958226
0.36567888,0.40931448
0.36623445,0.39233547
0.37312582,0.3856612
0.3908693,0.4008496
0.4226377,0.40153468
0.44194618,0.4319934
0.44617882,0.45983896
0.45739058,0.4870467
0.46620548,0.50775635
0.47092244,0.53640294
0.48065832,0.56378496
0.4896759,0.58129406
0.4917609,0.58341265
0.49148774,0.5919737
0.49526748,0.5950903
0.49966225,0.5997156
0.49435043,0.5921903
0.49114227,0.56593937
0.48703626,0.548968
0.4630233,0.51327115
0.43676904,0.49387172
0.41082767,0.4649055
0.39230686,0.4970758
0.37933385,0.4588985
0.37291563,0.45162496
0.36863923,0.44300616
0.3741601,0.44513983
0.39181277,0.4643997
0.42110303,0.48917562
0.4415032,0.49306858
0.44157684,0.5388175
0.44723213,0.5350735
0.45239252,0.58548284
0.46103996,0.589546
0.4723258,0.58004576
0.48188254,0.6243012
0.48589888,0.6164851
0.4870104,0.60736305
0.49081725,0.62004435
0.49141923,0.5999294
0.4893104,0.5864184
0.48484153,0.59365624
0.48482916,0.56543773
0.46751684,0.5173079
0.43946716,0.50003177
0.40828297,0.4569049
0.39250457,0.4631632
0.3815352,0.43953353
0.37688315,0.41945562
0.37366557,0.42133206
0.37782022,0.43640867
0.39359835,0.4562978
0.42359203,0.49956074
0.44073135,0.50094277
0.4417565,0.5451724
0.44703603,0.53597
0.45591262,0.5554882
0.46621194,0.581667
0.47978875,0.5769077
0.49631202,0.5991211
0.50906515,0.62065756
0.52125657,0.61628187
0.5322996,0.6295211
0.5356244,0.62817943
0.526699,0.60658276
0.5181924,0.61743563
0.51380783,0.59141934
0.48756504,0.54154944
0.4580408,0.49708945
0.4284457,0.46732494
0.40621558,0.43852055
0.3931193,0.41101348
0.38253838,0.4023788
0.37872836,0.39827287
0.38267776,0.41320428
0.40135366,0.4342277
0.43099707,0.4656885
0.4466191,0.48036167
0.45347163,0.5105531
0.46534127,0.5131352
0.47373638,0.53471047
0.4880957,0.563618
0.5033459,0.57180303
0.52232474,0.599286
0.53662664,0.6161747
0.549076,0.6099874
0.5544889,0.62434226
0.55659306,0.6175888
0.5460486,0.5903625
0.5341218,0.59182173
0.52782035,0.5753821
0.49646547,0.5265353
0.46679562,0.48069108
0.43659607,0.45273536
0.4122653,0.4472357
0.3953519,0.41759455
0.38603407,0.40467408
0.37939763,0.40525264
0.37996373,0.4036467
0.39667416,0.41729513
0.42716298,0.43788826
0.443852,0.44454145
0.45461246,0.47365457
0.46322227,0.4922444
0.47547847,0.5145527
0.48959136,0.54282755
0.505089,0.55949724
0.515903,0.57837296
0.5281707,0.5860738
0.53151655,0.59398705
0.5348857,0.6000866
0.5330827,0.60925573
0.5185594,0.5850631
0.4974897,0.5862315
0.48700082,0.55574805
0.46477678,0.50777394
0.43843436,0.4735643
0.40955293,0.45015755
0.38588688,0.40175045
0.3723403,0.3637173
0.36136174,0.35779414
0.35389945,0.35275233
0.35786283,0.34908232
0.36024985,0.34611097
0.36879343,0.34665784
0.38004652,0.33862102
0.3927165,0.3695104
0.40350947,0.38277218
0.41470572,0.41807956
0.42045307,0.43647525
0.42977476,0.43847448
0.43800822,0.47392502
0.44417822,0.49757233
0.4520192,0.4941575
0.45949292,0.51581615
0.46250775,0.5118077
0.45971218,0.49914518
0.4517269,0.49122676
0.44525105,0.47886318
0.4289202,0.45949116
0.4075913,0.4361528
0.3907502,0.40781844
0.37226087,0.3607316
0.35674083,0.3447695
0.35016337,0.34061378
0.34652913,0.3374633
0.34049824,0.33449253
0.34485343,0.3385446
0.35451484,0.34593624
0.36102566,0.3577296
0.37690374,0.37152535
0.38856074,0.3810449
0.3987879,0.39736184
0.40847412,0.41330248
0.41951835,0.42051005
0.42841548,0.4337484
0.43299994,0.44253778
0.43905532,0.4512136
0.4500214,0.45557335
0.45526078,0.4590087
0.45293954,0.45905092
0.46161807,0.44854298
0.46019706,0.44707257
0.44302398,0.43551
0.41783816,0.41648152
0.39757794,0.39710394
0.3849724,0.38907123
0.37411502,0.37348306
0.37117216,0.36786488
0.3667351,0.36826962
0.37254712,0.37267786
0.39300126,0.3875725
0.4241884,0.41144738
0.44541782,0.43564647
0.45302308,0.44766992
0.46245494,0.45259237
0.47167614,0.45269108
0.4761735,0.46540174
0.48245758,0.46819624
0.48917374,0.47837338
0.4897215,0.4822006
0.4875463,0.48065367
0.4908428,0.4870481
0.49131924,0.4891627
0.49231267,0.4870811
0.4951803,0.48080412
0.49281707,0.4819437
0.4713171,0.46444112
0.45060846,0.43875638
0.4238611,0.4206138
0.40351367,0.41071188
0.39118502,0.401366
0.38390237,0.3907125
0.3796062,0.39337245
0.38436875,0.39731985
0.40313056,0.4156188
0.43533456,0.4447845
0.4572954,0.4684666
0.46145192,0.476742
0.4665727,0.47924608
0.47111756,0.47936907
0.4792924,0.49096778
0.48829907,0.49813896
0.496691,0.49981484
0.49660784,0.5037356
0.4961806,0.5065668
0.49751598,0.5019043
0.4978292,0.5062407
0.49434027,0.5019852
0.50083226,0.49879834
0.49269432,0.49540222
0.47659126,0.47816283
0.44797465,0.4496539
0.42041674,0.42905134
0.40320584,0.4003571
0.3885608,0.38907546
0.38118,0.37981334
0.3788206,0.38854957
0.38351262,0.3842741
0.40168428,0.40416238
0.43233326,0.43360007
0.44909596,0.45343316
0.45240328,0.45682386
0.46048847,0.46597245
0.46905008,0.46753064
0.47533828,0.48065802
0.48021004,0.4864967
0.48337454,0.4880961
0.48331338,0.4955317
0.482201,0.5044167
0.48081428,0.4964109
0.48207733,0.50344425
0.47924367,0.49652055
0.48413208,0.48995882
0.48572743,0.4807859
0.46886078,0.46443704
0.44365472,0.43601564
0.41797832,0.41880774
0.39979452,0.38808584
0.38898462,0.37812966
0.38255695,0.36886618
0.37903708,0.37417567
0.38171405,0.37484536
0.40080705,0.38962224
0.4342102,0.4191385
0.45352542,0.43829304
0.4579379,0.44239974
0.46270725,0.45077118
0.4728504,0.45313573
0.4751689,0.4700549
0.47971186,0.4765851
0.4833181,0.47933146
0.48129576,0.4854456
0.480236,0.4940722
0.48264727,0.48833194
0.48367786,0.4874677
0.48344344,0.4814376
0.48647127,0.47471365
0.485863,0.46977556
0.46795514,0.45371482
0.44195256,0.42353156
0.41969493,0.40741074
0.41838977,0.38881022
0.29979238,0.37616718
0.4157794,0.3740291
0.39686668,0.37412348
0.41316906,0.37829497
0.4118639,0.39731497
0.41055873,0.43315998
0.3186959,0.45482853
0.40794837,0.46174923
0.4066432,0.45870754
0.31582648,0.4671159
0.3866465,0.47304925
0.4027277,0.4738921
0.31295708,0.4822339
0.40011734,0.4842126
0.39881217,0.4870047
0.397507,0.48575288
0.39620182,0.4818596
0.28124642,0.47366574
0.37642637,0.46658605
0.3922863,0.46320555
0.37387133,0.44680998
0.38967597,0.4233095
0.38837078,0.3988634
0.38706562,0.35796902
0.37229285,0.35141486
0.36374152,0.34795266
0.35828638,0.34543797
0.35953853,0.34649792
0.36270323,0.35596275
0.36853224,0.36128742
0.38121226,0.380691
0.3922231,0.3872663
0.40676942,0.39753667
0.41912353,0.40375438
0.43046802,0.41623804
0.44654492,0.42729676
0.45811772,0.42749485
0.46894518,0.43384337
0.48147753,0.43794125
0.49363223,0.44187772
0.49655637,0.4490897
0.48761207,0.44442847
0.477293,0.43636492
0.46534818,0.4324915
0.44243026,0.41891944
0.41874787,0.40115303
0.3942239,0.38274318
0.3738831,0.3820017
0.36072364,0.36845985
0.3523323,0.362097
0.34735948,0.35995752
0.3444156,0.36373612
0.349597,0.37496436
0.35683003,0.39013815
0.36657164,0.40271482
0.3780949,0.42413065
0.39582956,0.42600992
0.40952092,0.44781518
0.42732665,0.46364108
0.44806156,0.46949518
0.4661501,0.4839582
0.48306054,0.50127304
0.49832547,0.5027961
0.51222366,0.5078833
0.5207987,0.5112619
0.5146263,0.5029953
0.50571686,0.50487006
0.49557912,0.49704754
0.46556318,0.47718894
0.43478855,0.4487507
0.4073256,0.42294353
0.39070356,0.39550966
0.37666732,0.3801331
0.3692005,0.36909312
0.36646312,0.37123168
0.37246212,0.37326986
0.39005142,0.39651167
0.4257599,0.4312356
0.44641885,0.4506528
0.45272708,0.47370356
0.46032044,0.4744343
0.48042735,0.5013518
0.49341574,0.5123004
0.51679546,0.52550524
0.5398177,0.54356515
0.5563325,0.56217265
0.5726263,0.5685542
0.58498186,0.57419115
0.5881333,0.5829645
0.57479054,0.58160484
0.5631862,0.56862026
0.5433442,0.5450445
0.50878894,0.52756715
0.47425446,0.49667442
0.44119275,0.45881078
0.41550556,0.41056162
0.40066212,0.4002352
0.38987455,0.38431337
0.38605615,0.3917523
0.38644806,0.38957962
0.40363684,0.4000764
0.43617123,0.42444074
0.4532801,0.44221607
0.45920318,0.4430347
0.46810338,0.46224353
0.48813856,0.46895745
0.50915265,0.48665744
0.5316506,0.5131253
0.55711555,0.51926076
0.5772284,0.5314921
0.5921817,0.5434687
0.5961139,0.5444755
0.59918797,0.55109215
0.58553666,0.5379261
0.5702431,0.5220496
0.552689,0.5061732
0.5164888,0.4896898
0.4807525,0.45576724
0.4497199,0.42508483
0.42139056,0.4078645
0.4036591,0.38787845
0.39407516,0.3825456
0.38551483,0.3777122
0.39128235,0.37377688
0.40720755,0.38394874
0.43839544,0.4048441
0.45988825,0.42351776
0.4643963,0.4400992
0.47184795,0.45306686
0.4894347,0.48003343
0.5090148,0.50152826
0.5327734,0.5139041
0.5557277,0.53440166
0.57307535,0.54953825
0.5833421,0.56217796
0.590179,0.56281525
0.5811735,0.56206614
0.56664675,0.5584922
0.5568548,0.5364053
0.5400179,0.5171656
0.5075885,0.49912944
0.4735931,0.47113153
0.44539937,0.43899685
0.42149982,0.41850787
0.40664616,0.39425266
0.39512712,0.38462657
0.38964656,0.3785165
0.38767025,0.37653434
0.40467972,0.3868534
0.43825287,0.40264958
0.45518413,0.41210446
0.4628974,0.43095732
0.47106892,0.44026947
0.48138997,0.4606927
0.4912742,0.47989485
0.5054538,0.490523
0.51579726,0.5086862
0.52000433,0.5092001
0.5188149,0.507728
0.5184354,0.50802517
0.51148033,0.5054769
0.50812805,0.4937816
0.51138586,0.4804882
0.50338835,0.46943313
0.48384792,0.4449471
0.45779264,0.42135173
0.43305975,0.39806053
0.41311032,0.39556974
0.40294093,0.37653932
0.39427024,0.374803
0.38708347,0.3631791
0.39357534,0.35983345
0.40539542,0.36584762
0.43279305,0.3797636
0.45272413,0.38884807
0.4587429,0.41235024
0.46556377,0.4223574
0.46709612,0.44620717
0.47271532,0.46323124
0.48137313,0.47190672
0.48805538,0.48341998
0.4918614,0.4982492
0.48814878,0.50138885
0.48837784,0.50264865
0.4864306,0.50128144
0.47542113,0.4928502
0.4691973,0.47851253
0.45688856,0.4718544
0.44137552,0.45846984
0.41991365,0.43879983
0.39589122,0.4101929
0.3782721,0.36543423
0.36701483,0.354332
0.35390088,0.34683806
0.3518223,0.35198268
0.35242733,0.34886524
0.35478875,0.35146207
0.36770356,0.36232534
0.37738717,0.37267992
0.39071614,0.38489908
0.40177748,0.3978605
0.40520614,0.39961976
0.40478182,0.41125828
0.40496525,0.41159925
0.3998829,0.41258106
0.3997868,0.41383478
0.39998966,0.41479576
0.3992731,0.41866344
0.4020905,0.42725673
0.40471154,0.42427632
0.4154354,0.4224216
0.41536584,0.4209535
0.40292603,0.40599418
0.39368045,0.39553338
0.37796155,0.38217154
0.36502868,0.36528927
0.3580804,0.35750288
0.35463575,0.34544525
0.3525979,0.35554886
0.35567957,0.35443857
0.36121526,0.35315475
0.37301934,0.35934526
0.38473886,0.37229288
0.40006292,0.38640815
0.40870258,0.39982605
0.40439948,0.3919879
0.40550447,0.40317827
0.40199468,0.40618598
0.4032601,0.40894654
0.40221122,0.4009669
0.40287098,0.3980719
0.40846416,0.406495
0.41299784,0.41488868
0.42220128,0.41394106
0.43659443,0.42531124
0.43885973,0.4296525
0.42333138,0.4060103
0.40889746,0.39058846
0.3935413,0.38321817
0.38205194,0.378196
0.37484413,0.37167156
0.37523618,0.36271536
0.37765142,0.37378266
0.38615462,0.38012722
0.4092548,0.39566064
0.4428658,0.42398924
0.4683214,0.44722334
0.47444886,0.45922548
0.46992385,0.4554212
0.4641455,0.4568805
0.46277156,0.45317888
0.45946586,0.44227296
0.45905483,0.43875983
0.45177794,0.43958136
0.45020527,0.43071732
0.4508574,0.43084085
0.45549062,0.43542713
0.45877737,0.44163325
0.46928158,0.44881698
0.46576655,0.44060138
0.45135304,0.42663443
0.42814606,0.41137058
0.41213065,0.39424038
0.39906362,0.38822073
0.39189482,0.3944068
0.39017,0.3833958
0.39191115,0.39050975
0.39908656,0.39764258
0.4196167,0.41579616
0.45355114,0.446948
0.4740311,0.47337434
0.47331768,0.48267108
0.4657651,0.47209227
0.4571551,0.46682256
0.44895747,0.4625343
0.44817623,0.45400828
0.4478048,0.4400029
0.4434664,0.44356897
0.44060296,0.44098794
0.44115785,0.4297764
0.44271836,0.4440755
0.45063624,0.44781986
0.46270314,0.4490685
0.46018463,0.44476965
0.44640344,0.4364853
0.42573705,0.4268953
0.4030342,0.40511328
0.39861327,0.3831836
0.39147964,0.3805865
0.39009005,0.3772955
0.39078766,0.38471708
0.39792195,0.38843125
0.42013973,0.402965
0.4574372,0.43225217
0.47808102,0.4623703
0.47801977,0.4644742
0.4681637,0.45735648
0.4641981,0.43915933
0.45760491,0.43480217
0.45554858,0.43564606
0.4543866,0.43298736
0.45033157,0.41803986
0.44658732,0.42582452
0.44540793,0.42151278
0.4495161,0.4208875
0.4535783,0.43212643
0.46642396,0.42988896
0.46051466,0.4417693
0.44944385,0.42247018
0.42703718,0.40989715
0.40497312,0.39310133
0.39184493,0.37149352
0.38364935,0.3595212
0.3789267,0.35829362
0.37739468,0.35603225
0.38262463,0.35500303
0.40373078,0.37961483
0.43309578,0.40575194
0.46160135,0.42367363
0.4643202,0.4356054
0.4599281,0.4327344
0.45721036,0.431144
0.4544554,0.43968654
0.4566702,0.4430378
0.46099705,0.43994126
0.46126112,0.45286843
0.46159935,0.456718
0.45875397,0.44994566
0.46115297,0.4640994
0.4636427,0.46502796
0.4700191,0.45446593
0.46054423,0.44454944
0.44422838,0.43667132
0.42230058,0.41747943
0.39696756,0.39544576
0.38539597,0.36450028
0.3761965,0.34759906
0.3718346,0.34760374
0.37037653,0.35136104
0.37677532,0.35146675
0.3940532,0.3703776
0.42668164,0.40324694
0.44624564,0.42823777
0.45349532,0.43716913
0.4494813,0.4358932
0.45314845,0.44038945
0.45534852,0.4390908
0.45741782,0.4360266
0.45943755,0.44764677
0.45801154,0.4485602
0.45910326,0.44819906
0.46267042,0.45222726
0.46084592,0.45270362
0.45686066,0.46105313
0.45845217,0.44973683
0.44736516,0.4398941
0.43563935,0.42818418
0.4180409,0.40722775
0.3983589,0.3853461
0.38314226,0.36845905
0.3724105,0.35807455
0.3644603,0.35332733
0.36428377,0.35107785
0.36426336,0.34857696
0.36539185,0.34466553
0.37840053,0.35085818
0.39127874,0.36523896
0.4011239,0.38243717
0.41460502,0.38750523
0.42319724,0.40386868
0.43091664,0.40891513
0.4283937,0.39445037
0.42448273,0.40149707
0.42200044,0.39778984
0.41796568,0.3942014
0.41916817,0.39366624
0.4192578,0.38773865
0.42193663,0.39359632
0.42913207,0.39561465
0.42299846,0.39521945
0.41200703,0.38394442
0.39640492,0.3731436
0.38066506,0.3590706
0.364558,0.3587491
0.35614672,0.352854
0.34815168,0.34790373
0.34830448,0.34886688
0.3467792,0.35053602
0.35306183,0.34943834
0.36309588,0.35716072
0.37694415,0.37717086
0.38925284,0.39397725
0.39790905,0.40018958
0.4010786,0.4130835
0.4011999,0.4145026
0.4047533,0.4087745
0.40384665,0.4075487
0.40078074,0.4099246
0.40021905,0.4062104
0.40644485,0.40939346
0.41457963,0.4051152
0.42178097,0.41876748
0.4354713,0.4215648
0.43743604,0.42428333
0.42237994,0.41860613
0.40838325,0.40875736
0.39459354,0.39375642
0.38419208,0.37997943
0.3807313,0.37262422
0.37767553,0.36422023
0.3772198,0.37178546
0.3858371,0.37064976
0.40877837,0.3860492
0.4461824,0.41366327
0.46713242,0.43784833
0.46967858,0.4523127
0.4706483,0.44850042
0.47083327,0.44617203
0.46947637,0.44617358
0.4685132,0.43766207
0.46768457,0.43734074
0.4622019,0.4341054
0.4526428,0.43116778
0.45647153,0.4262224
0.45935112,0.43455642
0.46700457,0.44784373
0.4762043,0.45389226
0.47239366,0.4501754
0.4551328,0.44003373
0.43191078,0.4239714
0.41408238,0.4070258
0.39987645,0.40272754
0.39032474,0.4000565
0.38567623,0.38953346
0.37882033,0.3904858
0.3862846,0.38513076
0.4104848,0.4053265
0.44520748,0.42239708
0.46625748,0.4441273
0.4682189,0.44968358
0.46417692,0.45067886
0.46489987,0.43984556
0.45982158,0.43946525
0.4550663,0.44302702
0.4558577,0.4289318
0.45275438,0.42019752
0.44840732,0.42059898
0.44599712,0.40712845
0.44811377,0.42350686
0.45878685,0.4281806
0.47109443,0.42928448
0.46752518,0.43274736
0.4504199,0.42547324
0.43127024,0.4181247
0.4105594,0.39960185
0.39649674,0.39319614
0.389842,0.38830286
0.3863981,0.3757007
0.38463724,0.38689217
0.3948926,0.38865045
0.41651046,0.40160194
0.44899395,0.42607045
0.47488964,0.44283447
0.47414196,0.45909795
0.47154316,0.45345134
0.46402735,0.44242644
0.45832753,0.4430339
0.45377937,0.43265927
0.45146614,0.4267023
0.44751796,0.4304944
0.44100374,0.4240114
0.44258964,0.42395395
0.44137442,0.4384153
0.45039508,0.441138
0.46176085,0.44634214
0.45718774,0.44477028
0.44416055,0.42875564
0.4256133,0.41909304
0.4094355,0.4016937
0.39738446,0.3792497
0.389252,0.3736002
0.3822897,0.36719954
0.3843395,0.37408707
0.39432982,0.37295267
0.41719455,0.39334407
0.45545992,0.42518154
0.47983533,0.45317382
0.4822134,0.45681906
0.4762809,0.45409864
0.46999726,0.45327145
0.46611702,0.45315722
0.46234015,0.45213467
0.4586655,0.4496887
0.45191336,0.45068458
0.44736776,0.4555925
0.45042688,0.44701567
0.4524195,0.4517163
0.46076947,0.45924693
0.46599638,0.45052242
0.46129566,0.44388422
0.44963527,0.4360947
0.4311039,0.42093378
0.40929052,0.39915848
0.3942078,0.38238147
0.38823795,0.37552667
0.37750587,0.369453
0.38122642,0.3719362
0.38618505,0.3716089
0.4038393,0.39248118
0.4331158,0.4178602
0.4545076,0.44345737
0.4582079,0.4458993
0.46487206,0.44946674
0.467196,0.44688293
0.46377367,0.44694105
0.46404678,0.4502154
0.46258187,0.4443771
0.45339787,0.43707916
0.4477671,0.43168944
0.44846326,0.4247099
0.45176214,0.42924443
0.4508548,0.43166932
0.4573676,0.42597502
0.45307165,0.42721403
0.44104463,0.41733506
0.42603338,0.40357655
0.4071798,0.38452467
0.3924391,0.37864864
0.3813551,0.3700326
0.37617153,0.3604305
0.3715787,0.364807
0.3721475,0.36988238
0.38224956,0.37774587
0.39638692,0.3977834
0.41248944,0.41703793
0.42238736,0.42749375
0.42668235,0.43065175
0.42824027,0.4329054
0.42509973,0.43079215
0.42201173,0.42532814
0.41419274,0.42445397
0.4108706,0.42440543
0.4055949,0.4209312
0.4075352,0.42492065
0.4144861,0.42854637
0.42046064,0.4312262
0.42565575,0.4271397
0.4216192,0.42627737
0.4138937,0.41526768
0.40202463,0.40748727
0.3873786,0.38820666
0.37638488,0.3692153
0.36883837,0.35941124
0.3633251,0.35465333
0.35856467,0.3588714
0.36132374,0.35534945
0.36761495,0.3551966
0.37918985,0.36509204
0.39393294,0.38216335
0.40238047,0.39532197
0.41046846,0.40494654
0.41008067,0.40307838
0.40922827,0.40777868
0.4085846,0.40608957
0.4031361,0.4037538
0.3992873,0.40603232
0.39812052,0.39998913
0.40218848,0.40165395
0.4110125,0.4064675
0.4244113,0.4220123
0.44397113,0.423285
0.44007453,0.42922536
0.43218485,0.42511413
0.41861117,0.41941088
0.40175036,0.40717652
0.40081507,0.39742827
0.39807495,0.396734
0.4017536,0.3905972
0.4051992,0.4067941
0.41775462,0.413447
0.44476408,0.42617512
0.48660338,0.45945463
0.51399976,0.49003586
0.51501936,0.4997728
0.49961096,0.49541607
0.48560596,0.47958195
0.4723806,0.47048154
0.46375176,0.4601757
0.45863926,0.45396325
0.4500298,0.4479935
0.4454209,0.44641405
0.44588554,0.44879383
0.449093,0.4522887
0.45860943,0.46611458
0.47149205,0.470584
0.46275032,0.46938202
0.448961,0.4546823
0.43402433,0.43760112
0.4155826,0.4197452
0.406799,0.4008394
0.4012003,0.40009373
0.3990125,0.39833334
0.40154743,0.40187013
0.41446054,0.4038826
0.43822414,0.4201339
0.47771084,0.43894523
0.50254804,0.46600693
0.502137,0.46988118
0.4878528,0.46145663
0.47368446,0.4506545
0.46608725,0.45450175
0.46072736,0.45229128
0.4614038,0.44868675
0.45986107,0.44406226
0.45784292,0.44733727
0.45977226,0.43945575
0.4637144,0.44716597
0.46774837,0.45409185
0.47875047,0.45383343
0.46867335,0.46123272
0.45246252,0.445077
0.42886534,0.42712182
0.40798193,0.4092564
0.3932992,0.38100535
0.38225237,0.3790229
0.37819284,0.37014905
0.376056,0.36821032
0.38043648,0.37589926
0.4005791,0.38667426
0.43884537,0.40757167
0.46468973,0.43031806
0.46438247,0.44663638
0.4607703,0.4436569
0.4589836,0.4503689
0.45700082,0.4537598
0.45571122,0.44944802
0.45721596,0.447442
0.45690426,0.4517809
0.454963,0.45053652
0.4573217,0.44989628
0.45857194,0.45858747
0.46122307,0.46129707
0.46880013,0.46375138
0.46120313,0.46067584
0.44471863,0.44815353
0.4241273,0.43192554
0.40379786,0.41271108
0.38959837,0.37222728
0.3800763,0.3590568
0.37692788,0.35337374
0.37673482,0.35808295
0.38344395,0.35716805
0.40510213,0.36936754
0.44474253,0.4020874
0.4680023,0.43215388
0.46722212,0.4395596
0.46360606,0.44221768
0.46450627,0.4474205
0.46146014,0.4549943
0.4630641,0.45835537
0.46686423,0.4741927
0.46474993,0.47544956
0.46354148,0.48238775
0.46467987,0.486051
0.46194503,0.48623943
0.46547288,0.4973308
0.4734273,0.484451
0.46467862,0.4778065
0.4482594,0.46449134
0.4264666,0.43890655
0.4052893,0.41620094
0.38892043,0.3813896
0.377284,0.36913872
0.36996013,0.36888158
0.36863425,0.36539596
0.37005025,0.3739207
0.39061105,0.37758878
0.4231946,0.3992741
0.44757488,0.42671874
0.45395383,0.4439299
0.4559633,0.44513968
0.45837855,0.46308938
0.46034133,0.46081617
0.46350464,0.45358396
0.46700966,0.46598753
0.4649411,0.4570204
0.4636317,0.44708624
0.46260482,0.45503384
0.46373674,0.43919992
0.4619832,0.44557342
0.4626258,0.44684675
0.4552406,0.45061094
0.4392536,0.433592
0.42104992,0.41792378
0.40149185,0.3985393
0.38100016,0.3995985
0.36862555,0.38882273
0.35818917,0.38922715
0.3564868,0.383152
0.35308063,0.382836
0.35873067,0.39284047
0.37101084,0.38772053
0.3857977,0.4029258
0.3997743,0.4219976
0.41236642,0.4289744
0.41873854,0.46020305
0.42101577,0.46197054
0.4213766,0.4502462
0.42022303,0.45257917
0.4202446,0.4490765
0.42054126,0.44014347
0.4230441,0.43137467
0.4249847,0.4278753
0.42548898,0.4313257
0.42992577,0.44769022
0.42019886,0.44625965
0.40836525,0.43013725
0.39399448,0.42758206
0.38345563,0.41451797
0.36894897,0.36057466
0.35825518,0.3559332
0.35412782,0.34623742
0.3495972,0.34872076
0.34921208,0.35017595
0.35047963,0.35488987
0.35820264,0.36183488
0.3692497,0.3778525
0.38641492,0.3912083
0.39931586,0.40263668
0.40566462,0.41453874
0.41301876,0.41516933
0.4212303,0.41667718
0.423534,0.4154602
0.4270793,0.41063768
0.4269123,0.4042949
0.43613273,0.407088
0.4409582,0.4097718
0.4481046,0.41495237
0.45464316,0.4240094
0.44698757,0.42258567
0.43167126,0.40947327
0.41054982,0.39813733
0.39190787,0.38136062
0.366682,0.39183384
0.36988512,0.38225004
0.3656327,0.379035
0.36873272,0.38387114
0.37540752,0.38275975
0.3969637,0.40266836
0.4345639,0.4251715
0.45856208,0.4565056
0.46583828,0.47248265
0.47195312,0.4824761
0.47797492,0.49385566
0.48325595,0.49606034
0.48609146,0.4956663
0.48725832,0.49079582
0.4848208,0.4897354
0.48169836,0.4839118
0.4820878,0.47665328
0.48581144,0.48555285
0.49471524,0.50140893
0.5009364,0.5054255
0.4909806,0.4969365
0.4771122,0.48529077
0.4586724,0.47869226
0.44161215,0.4601856
0.42740238,0.4419443
0.41652828,0.43770155
0.41634327,0.43667608
0.41867003,0.4367895
0.42941174,0.44133785
0.45772955,0.45991498
0.4923156,0.49618196
0.51828396,0.5249917
0.5235053,0.54779124
0.5187594,0.5341213
0.5119661,0.53563344
0.50101423,0.52719456
0.4983237,0.5065583
0.4978342,0.49991617
0.49464843,0.49845424
0.49044105,0.49036598
0.48886782,0.4848793
0.48783493,0.49014992
0.50004923,0.51694965
0.5126995,0.5159654
0.51614875,0.51683056
0.50960064,0.5160799
0.49229065,0.5117867
0.47151053,0.4900443
0.4625432,0.47728676
0.46145323,0.4658501
0.46009946,0.45941648
0.4610407,0.45648685
0.47133657,0.4630174
0.4957469,0.48568964
0.53503823,0.5121654
0.56058306,0.5349322
0.5617145,0.56581897
0.5535212,0.5565067
0.5419691,0.5497464
0.52792513,0.55436623
0.51680887,0.53857696
0.5059115,0.5376264
0.49336016,0.53414774
0.48643556,0.52212316
0.49094376,0.52006966
0.50207293,0.53213274
0.52272516,0.5461156
0.5415404,0.5525574
0.5438322,0.5528386
0.53519166,0.536003
0.51949006,0.52160954
0.5051218,0.50407887
0.4979995,0.50727695
0.49245676,0.48976612
0.49568206,0.48830134
0.49884692,0.49709272
0.5090249,0.50720465
0.5376527,0.5340783
0.5757593,0.56998396
0.60337305,0.5986219
0.5992349,0.6210159
0.5778809,0.5979088
0.5486562,0.57877225
0.5216191,0.5595745
0.50203353,0.5262133
0.4878405,0.52479863
0.47107416,0.51077443
0.46558574,0.48770475
0.46761715,0.48752767
0.47924587,0.4954039
0.4998751,0.5078301
0.51826406,0.524264
0.52285147,0.52828807
0.5167116,0.5146976
0.50044286,0.5016775
0.48482496,0.48321283
0.47456023,0.47475934
0.46825904,0.46352726
0.4685648,0.4573015
0.47191915,0.46963847
0.48123917,0.47288844
0.504096,0.49396032
0.5410564,0.5228576
0.5696117,0.55758363
0.5704488,0.5675114
0.5526119,0.55550414
0.52565575,0.52635396
0.5030033,0.5105165
0.48453632,0.49113116
0.47441685,0.48534665
0.46239787,0.46143153
0.45203054,0.4500477
0.45146856,0.44527876
0.45744917,0.45412582
0.46634915,0.465458
0.4752872,0.4789375
0.4714401,0.4810471
0.4620442,0.45990786
0.44887006,0.45142615
0.43989614,0.43596256
0.42661694,0.41842353
0.42209178,0.4055701
0.41797653,0.3947153
0.41679454,0.3959628
0.4243677,0.3951483
0.4346734,0.40742344
0.4513843,0.43013126
0.46667647,0.44594997
0.4765339,0.4597215
0.47202915,0.45262393
0.45837793,0.44171584
0.4444882,0.4348665
0.4306971,0.42817897
0.41836315,0.420626
0.41160625,0.41667157
0.4058607,0.40832543
0.41029683,0.40496606
0.41476464,0.41735536
0.4244575,0.42479706
0.43127325,0.42165098
0.42790744,0.41819626
0.41977593,0.4143278
0.40866855,0.40859607
0.3961277,0.39024222
0.3863985,0.3876819
0.37936047,0.37583357
0.37903488,0.37480766
0.37975284,0.37843543
0.37911335,0.38110158
0.38369924,0.3750961
0.39731735,0.38865155
0.41272417,0.40864122
0.42852354,0.42483813
0.43542105,0.423417
0.42926893,0.42383906
0.41990826,0.4144344
0.41115707,0.39868462
0.40425736,0.40195647
0.4034917,0.39558458
0.40501666,0.3860448
0.4072521,0.39327052
0.4181822,0.39027566
0.43788788,0.41420087
0.45007265,0.41631207
0.4483201,0.42405063
0.441365,0.4250135
0.43132618,0.42038336
0.41959527,0.40853876
0.410163,0.3959043
0.40639096,0.38971782
0.40600565,0.39057478
0.4085535,0.39253536
0.41262296,0.39974898
0.42512053,0.4164403
0.4547445,0.44047448
0.49677035,0.47220302
0.517141,0.48255444
0.507799,0.46787634
0.49203086,0.4679504
0.47538406,0.45765194
0.46835053,0.4539793
0.46452847,0.46296492
0.46022725,0.44369164
0.45538345,0.44190112
0.450004,0.44799632
0.45667103,0.4399284
0.47173104,0.4527444
0.481332,0.45041665
0.47494963,0.4608398
0.46331358,0.44511923
0.44712344,0.43330425
0.42768487,0.40622428
0.40863854,0.39303753
0.39613885,0.37911817
0.3893393,0.37876785
0.38582197,0.38527942
0.38622805,0.38031754
0.39290223,0.39494085
0.41472507,0.42568168
0.44459635,0.4487673
0.45676106,0.4545837
0.46033013,0.45561346
0.46241426,0.45314044
0.45938239,0.45248884
0.45831513,0.44589216
0.45718205,0.44299892
0.45707893,0.43485448
0.45582858,0.4344809
0.45384765,0.42344242
0.45552528,0.42402637
0.4706625,0.43196636
0.48109168,0.43630153
0.47566372,0.43381605
0.46733946,0.42584285
0.44912988,0.4094551
0.42953816,0.3973122
0.413769,0.39153835
0.4021902,0.382408
0.39641222,0.38183075
0.39266184,0.38862765
0.39601088,0.39102277
0.4059307,0.40863746
0.42979997,0.44247553
0.4681425,0.4700087
0.48566875,0.4884525
0.4822326,0.47366667
0.47488362,0.47529632
0.47408074,0.47703785
0.46942765,0.4626451
0.46797606,0.47140357
0.46733788,0.47654665
0.46582347,0.47251523
0.46541113,0.47583127
0.46820185,0.47695103
0.4808057,0.4952245
0.48712397,0.48728976
0.47947282,0.48098984
0.4684831,0.46626616
0.45230818,0.44748053
0.43136558,0.42533314
0.4106262,0.4079345
0.40991104,0.39122307
0.39867422,0.39110133
0.39173174,0.38813683
0.390276,0.38505456
0.3968855,0.40103406
0.41642454,0.43258327
0.45039055,0.45259815
0.46906027,0.4788149
0.47213084,0.4746409
0.4673873,0.5081372
0.4643876,0.51324695
0.46303096,0.5051549
0.46393922,0.51021475
0.46744084,0.5206053
0.46310484,0.51936835
0.4598443,0.5028075
0.45877478,0.49672714
0.4708538,0.5141349
0.47748116,0.51415753
0.4794347,0.5024134
0.47257656,0.49449143
0.45886433,0.48173138
0.4426025,0.4591095
0.4237723,0.3855692
0.4010165,0.3785776
0.39068815,0.37972307
0.3896408,0.37930167
0.38875735,0.38392785
0.39738494,0.39656126
0.41799268,0.41963333
0.45131144,0.45345423
0.46656805,0.46914676
0.4731649,0.46418333
0.47631207,0.4685047
0.47932827,0.46616748
0.47241175,0.45807877
0.47395733,0.45552316
0.46757513,0.4530714
0.46112195,0.44917563
0.45579717,0.4440528
0.4635601,0.44231874
0.47997323,0.46292478
0.47933698,0.45788437
0.47904757,0.45895427
0.47077394,0.4546021
0.46515775,0.4469401
0.4518979,0.4280513
0.43435633,0.4101366
0.4236204,0.40076742
0.42016217,0.40431792
0.41791192,0.40582561
0.42003912,0.4019365
0.42488417,0.40625876
0.43588287,0.4123762
0.45100626,0.4408047
0.4626313,0.45906454
0.4731947,0.4624718
0.46945056,0.4591614
0.4600706,0.4538893
0.44702202,0.43427986
0.4390175,0.42662293
0.43048048,0.41515127
0.4242625,0.40856105
0.42441493,0.40363222
0.43400306,0.4103011
0.45388767,0.43479714
0.46525338,0.4454891
0.46374658,0.45012176
0.46389183,0.4460818
0.4571861,0.446977
0.45120025,0.43917307
0.44183144,0.43830743
0.43235022,0.4277934
0.4309981,0.42880976
0.42741725,0.43572935
0.43137115,0.43086874
0.4315309,0.4340506
0.441595,0.4434277
0.45483303,0.47613513
0.46822554,0.49712282
0.4725619,0.5010764
0.45804957,0.48832938
0.43823403,0.48586825
0.43083742,0.468443
0.42455018,0.4588736
0.41735908,0.4510782
0.41574976,0.44526443
0.4167245,0.44152048
0.42693648,0.45200104
0.45478025,0.47951964
0.47095263,0.49042085
0.47314575,0.49219257
0.47282055,0.4848493
0.4659295,0.47886583
0.45577228,0.47325462
0.44640905,0.46414542
0.44474328,0.4570024
0.4430057,0.46293527
0.44716504,0.47107154
0.45329818,0.47467598
0.46930027,0.4963252
0.4979791,0.52869564
0.536608,0.5778969
0.5545233,0.5924986
0.5438886,0.57849604
0.518967,0.5482775
0.4989743,0.5360801
0.4886727,0.5146578
0.4802547,0.5024054
0.47245753,0.4877187
0.4658704,0.48258013
0.45948926,0.46835205
0.46799946,0.4726102
0.48829353,0.50692344
0.500592,0.5115468
0.50224566,0.51296467
0.49599507,0.50332093
0.49283126,0.49150512
0.4692616,0.48125088
0.45282358,0.4461399
0.44439495,0.4375802
0.44346625,0.43348503
0.44719929,0.43783256
0.44857943,0.44045186
0.46345982,0.4611513
0.49029785,0.4953798
0.5301449,0.5342937
0.5508094,0.55607647
0.5389879,0.54667246
0.517643,0.5231421
0.4982643,0.51233494
0.48425937,0.49692407
0.47749788,0.4822112
0.47272283,0.47785828
0.46400046,0.47185063
0.4596833,0.46524078
0.46811792,0.48609197
0.49128643,0.51778674
0.5041699,0.5119192
0.5087751,0.50976616
0.5053189,0.5064001
0.49359804,0.505052
0.47926745,0.4888299
0.46167192,0.45007062
0.4531655,0.4397623
0.44941103,0.4453411
0.44994253,0.4403408
0.44932723,0.45514077
0.45667416,0.48376244
0.48369172,0.5108794
0.521684,0.53848803
0.5407473,0.5679185
0.5287566,0.5375619
0.50730175,0.52454716
0.49481633,0.5172553
0.4798077,0.4885176
0.4706922,0.47643974
0.46583304,0.4864351
0.45867634,0.47357512
0.4552306,0.4654407
0.46099243,0.47772208
0.47949034,0.4898902
0.49161693,0.4987038
0.48984456,0.5073206
0.48777834,0.4962494
0.47956598,0.48614833
0.46431428,0.47074884
0.45147836,0.43639398
0.44497958,0.4251906
0.43830526,0.42600232
0.43809977,0.43393016
0.44497508,0.4383755
0.45986065,0.45702472
0.48494568,0.476932
0.5276202,0.51059663
0.5421222,0.5238311
0.5333147,0.51583534
0.5094024,0.50697005
0.49121112,0.4916089
0.47471052,0.4794838
0.46981925,0.46957043
0.4655456,0.46739298
0.4615804,0.46141127
0.4593534,0.45965737
0.46321362,0.46576518
0.48208684,0.48545092
0.48821992,0.48063764
0.48395106,0.47474653
0.47937894,0.4650471
0.4653006,0.46095413
0.44797283,0.44340754
0.43219963,0.41296554
0.41660807,0.39671037
0.41219357,0.3989634
0.41072327,0.39996088
0.40923762,0.39099887
0.4132937,0.40176323
0.43211225,0.4261651
0.46511275,0.45864084
0.48133415,0.4775196
0.48575443,0.48028624
0.48650855,0.48098707
0.48459804,0.48084226
0.4806509,0.4710956
0.47546563,0.47424808
0.4697806,0.4699858
0.4663742,0.46054578
0.46369287,0.45889607
0.46781766,0.46442538
0.47992805,0.47875676
0.4774664,0.47327885
0.46920848,0.46664423
0.46176478,0.46187267
0.45093247,0.45040536
0.43443564,0.42962998
0.4144207,0.41291204
0.4012155,0.39779273
0.39613006,0.3981695
0.39005727,0.3970247
0.3925694,0.39352608
0.3979059,0.40717214
0.41079018,0.41724667
0.42582455,0.44194928
0.44276154,0.46636325
0.45266932,0.47059873
0.45489025,0.4780807
0.45122477,0.47669122
0.44392785,0.46537814
0.43633005,0.45965
0.43006945,0.45764834
0.42681134,0.45007396
0.4243492,0.4443858
0.43628484,0.45917934
0.4564999,0.48320115
0.47155347,0.48410746
0.4739097,0.47706988
0.47349188,0.47607908
0.4660725,0.47738343
0.45905417,0.46419984
0.44615328,0.43830127
0.4414128,0.4322744
0.4397138,0.4294354
0.44184932,0.42939138
0.44490612,0.43306234
0.4515127,0.43798113
0.45882514,0.44728196
0.47339782,0.4701028
0.49129328,0.49368334
0.4931779,0.4869405
0.48043135,0.48321056
0.46215135,0.4729054
0.44702187,0.45927694
0.4394175,0.4534177
0.42726922,0.4454319
0.4238089,0.43958995
0.42382672,0.43921685
0.4350928,0.44369292
0.46387887,0.46837968
0.47652978,0.47618464
0.47994986,0.48534378
0.4827063,0.4833069
0.47575265,0.48262078
0.46464682,0.46610725
0.45914602,0.44430083
0.45260394,0.4335276
0.4517444,0.43805906
0.45231378,0.43981576
0.4556309,0.43766186
0.46617946,0.4572398
0.49243057,0.47606057
0.52663195,0.514441
0.549656,0.5289275
0.545363,0.52429676
0.53827924,0.5156592
0.53139853,0.51205623
0.5233392,0.49822855
0.51381767,0.48700103
0.5064472,0.48239467
0.50190663,0.47429565
0.496595,0.4611167
0.5057691,0.4715382
0.5232683,0.4928879
0.5259516,0.4984685
0.5196759,0.498421
0.50899434,0.49175623
0.49259475,0.48192534
0.4726757,0.47033286
0.45589674,0.4506278
0.43980372,0.43510643
0.43537238,0.43219253
0.43208805,0.43291265
0.43591124,0.43024325
0.43721667,0.44124883
0.46244672,0.45752117
0.49293503,0.49180904
0.5149106,0.5125819
0.518157,0.51289916
0.5197708,0.50053555
0.5255979,0.50998884
0.52657217,0.49560326
0.5245172,0.48466083
0.52188987,0.48592624
0.51583225,0.47691572
0.51299316,0.46790785
0.5136854,0.48028773
0.52360857,0.49419913
0.5197419,0.48977196
0.5127789,0.48430267
0.5036277,0.47016546
0.48792136,0.45898816
0.46649352,0.45060414
0.44629654,0.42909867
0.4363684,0.41303208
0.42840174,0.4087136
0.42351887,0.41042215
0.42645487,0.40481785
0.434179,0.41988128
0.45184493,0.44206426
0.4759789,0.4752677
0.49682376,0.48910984
0.5038165,0.49663612
0.5032101,0.4966066
0.5077129,0.50276107
0.50852686,0.5005099
0.5074353,0.49551663
0.5059692,0.50294566
0.502657,0.5003957
0.49761656,0.4936387
0.49993443,0.5086327
0.5120845,0.52679193
0.51227415,0.5140698
0.50632185,0.5060926
0.50318474,0.50344235
0.4892844,0.49330214
0.4700464,0.4723702
0.45101115,0.4585784
0.43620065,0.44328636
0.42842287,0.44009387
0.42271397,0.4485447
0.420488,0.43966585
0.42497987,0.45450836
0.43454495,0.48293948
0.44607988,0.512317
0.46186113,0.5303947
0.4695975,0.530591
0.47118515,0.52040684
0.4710822,0.5171353
0.4658191,0.5022895
0.4456198,0.4940693
0.42254394,0.49795905
0.40576333,0.49276966
0.39849174,0.48201245
0.39967847,0.49643338
0.41684645,0.52539206
0.4282034,0.52131325
0.43201894,0.5135703
0.43704283,0.5187276
0.43715578,0.51126784
0.43602026,0.49306285
0.42623633,0.41820505
0.42321035,0.4120875
0.42175585,0.4111021
0.4234171,0.41733018
0.42404866,0.41399223
0.43139577,0.42251337
0.44549063,0.4357184
0.4599694,0.4621926
0.47168928,0.4726476
0.47442967,0.48199293
0.46928376,0.47977927
0.4606814,0.4737734
0.4507216,0.46719128
0.4415282,0.46946117
0.43382627,0.44908118
0.4290105,0.44743004
0.43227085,0.4482716
0.44771585,0.4518841
0.47375077,0.47379872
0.4825666,0.48215303
0.48240298,0.49000067
0.48338977,0.48377675
0.47695035,0.48211017
0.46872035,0.46816346
0.45372215,0.46929502
0.4476355,0.461913
0.44196355,0.4579389
0.4366839,0.45796406
0.43855375,0.45836732
0.44585964,0.46678627
0.45615682,0.47625232
0.4741962,0.49159756
0.48639208,0.5126651
0.49949634,0.5101037
0.49661437,0.5005593
0.4912118,0.49852353
0.47796068,0.48376983
0.46257365,0.47322252
0.44973668,0.4699049
0.441573,0.46194506
0.441563,0.45710567
0.45722306,0.46465912
0.47944644,0.4828753
0.48643902,0.484765
0.48944288,0.49276525
0.49157438,0.48948595
0.4868595,0.48404968
0.47611612,0.46963483
0.46500066,0.4633969
0.46108755,0.4581924
0.4543392,0.45299506
0.45244473,0.44570744
0.45797667,0.44578493
0.46051735,0.46048504
0.47115418,0.46902886
0.48290142,0.49321488
0.49844855,0.51165056
0.50245655,0.50548726
0.499304,0.49612415
0.49069852,0.49628913
0.47880253,0.4842146
0.47981113,0.47014257
0.4747106,0.46295482
0.47084907,0.46073294
0.47226205,0.44894278
0.48286682,0.4647116
0.50156075,0.4764463
0.5060686,0.48174697
0.5009615,0.49023303
0.493447,0.4852092
0.4784587,0.47738042
0.46499303,0.46224383
0.4504469,0.4435587
0.23078717,0.43825734
0.31773815,0.43201277
0.45936298,0.4350577
0.44118333,0.43737385
0.25929877,0.46025792
0.4682791,0.48549
0.44949228,0.5214749
0.47422314,0.5362411
0.47719517,0.5340338
0.4801672,0.52093244
0.48313925,0.5168968
0.48611125,0.5179479
0.4890833,0.51136386
0.49205533,0.4997042
0.49502736,0.49448556
0.4979994,0.4903226
0.3422719,0.5088298
0.50394344,0.52754825
0.5069155,0.53191155
0.28917536,0.54194987
0.4882672,0.5402397
0.5158316,0.53264457
0.29515067,0.5134749
0.29714245,0.45995998
0.52474767,0.44236243
0.52124643,0.44578803
0.5191261,0.45642573
0.52197623,0.45114774
0.5333171,0.4762988
0.5584879,0.49913967
0.5955826,0.5250612
0.6158237,0.53494704
0.61404413,0.53806245
0.60961,0.5345442
0.5980093,0.52096933
0.5873831,0.5082529
0.5809643,0.5091593
0.574643,0.49053589
0.5708714,0.48627156
0.5715436,0.48484936
0.5891306,0.50410056
0.61702013,0.5211508
0.6321927,0.52943045
0.63265675,0.5314032
0.6272839,0.52954173
0.6149634,0.53449297
0.59937066,0.51876605
0.58203924,0.57201475
0.5722937,0.5582183
0.57117176,0.5507431
0.5714616,0.56980646
0.5778283,0.5626921
0.59016216,0.5683327
0.61572134,0.58596975
0.6528133,0.61281866
0.66803044,0.6257415
0.652654,0.6317262
0.6289395,0.60671854
0.6046991,0.58737534
0.5812776,0.56250596
0.5621332,0.54137725
0.5478037,0.5261871
0.53484315,0.511415
0.5292895,0.5027643
0.54216266,0.5127732
0.5738943,0.54586923
0.58774143,0.54362744
0.58929354,0.5299497
0.58658016,0.52535796
0.5737061,0.5247234
0.5540419,0.5133852
