true,forecasted
0.11232707,0.09666855
0.09478714,0.073793925
0.083518274,0.06874268
0.073308885,0.055586904
0.06950796,0.05289574
0.08898927,0.084648296
0.10988472,0.111723036
0.1442513,0.14388148
0.16845167,0.19865355
0.18912242,0.20635536
0.22076641,0.235229
0.24228781,0.26644376
0.248109,0.28195384
0.2665477,0.28965342
0.28502458,0.31090707
0.2835936,0.3290612
0.28555828,0.3334086
0.31643397,0.35302418
0.30526578,0.34078318
0.28567436,0.32777873
0.25302497,0.308297
0.223863,0.29311907
0.19038674,0.24868268
0.15371023,0.20453537
0.1179057,0.086064495
0.09054129,0.06432241
0.08149108,0.054124594
0.07640895,0.044937767
0.08194394,0.041623786
0.097892165,0.061117645
0.12308157,0.089806214
0.15633413,0.12347902
0.17858417,0.14203475
0.20088333,0.15343192
0.22664613,0.15680797
0.23548801,0.18787833
0.24034841,0.2050608
0.25412908,0.20054822
0.24972104,0.23038132
0.23603709,0.24851549
0.2341954,0.24262887
0.23109733,0.25031793
0.21911916,0.26238823
0.21317099,0.21566519
0.20400423,0.19973402
0.1918113,0.20716347
0.16907714,0.1616188
0.13423933,0.12823088
0.10934307,0.0827849
0.08470126,0.060129058
0.077545315,0.056491584
0.07725614,0.04337395
0.07503451,0.045749437
0.09761539,0.06154253
0.12138968,0.07742904
0.15515015,0.10903162
0.17514484,0.11964014
0.20444866,0.14699432
0.22938311,0.14679804
0.24628566,0.1707242
0.24663584,0.17845516
0.26412815,0.17707969
0.2644962,0.18570717
0.25947458,0.19497208
0.25395992,0.2080726
0.250717,0.21037585
0.2437565,0.21464369
0.2231418,0.18902992
0.21154805,0.17890969
0.20889688,0.17621762
0.181963,0.14088042
0.14258967,0.11512253
0.10668346,0.11420261
0.0824583,0.08371428
0.06853082,0.06497154
0.061247397,0.050925806
0.05532255,0.05356994
0.059533183,0.0693497
0.058120545,0.09323243
0.089959964,0.1140863
0.11569846,0.14378558
0.14103319,0.17063051
0.17026906,0.18815689
0.1981627,0.22012173
0.22334369,0.23200808
0.23944071,0.24506117
0.2621436,0.25735617
0.2831457,0.2618596
0.30583173,0.2685911
0.31224516,0.2808456
0.3105592,0.27970034
0.29863858,0.2531115
0.2714701,0.2394474
0.25407848,0.21357158
0.22431883,0.17856464
0.17683128,0.14283167
0.14114727,0.15055239
0.114078976,0.11311044
0.0906519,0.10196675
0.075463556,0.087423146
0.06864788,0.091516376
0.06483157,0.093786776
0.06372199,0.10930461
0.081884414,0.15169303
0.12066948,0.18621227
0.16138749,0.2282604
0.20391643,0.2733745
0.24611454,0.31311563
0.28419426,0.34185275
0.32043082,0.3685838
0.3534954,0.38713953
0.34842518,0.40941918
0.32440287,0.41550028
0.2996331,0.40587112
0.28050295,0.4038256
0.27351815,0.38236392
0.26213965,0.3571131
0.24982123,0.3245946
0.23271976,0.27256754
0.18835807,0.2256769
0.16271234,0.1512489
0.1378617,0.12621272
0.12221455,0.11143798
0.1152828,0.10878506
0.123029985,0.117930725
0.15742238,0.12175565
0.19008617,0.1387936
0.21037202,0.18845414
0.24700586,0.23686403
0.2713734,0.2744381
0.2723421,0.31546533
0.26539597,0.3521116
0.26388562,0.37646255
0.25722715,0.39353204
0.24352834,0.40704966
0.24047191,0.43267936
0.23411901,0.44542712
0.22742684,0.44367945
0.21519919,0.41925958
0.19777383,0.41098732
0.18578476,0.38364848
0.18688491,0.33169934
0.1605532,0.2793502
0.12047653,0.23457536
0.0896078,0.1019311
0.073814325,0.071680464
0.066993184,0.06659142
0.05322492,0.052826554
0.059596177,0.059650697
0.07808746,0.09155046
0.10800384,0.113898516
0.14073956,0.1413554
0.17468305,0.17716625
0.19369018,0.18910784
0.21216756,0.21085733
0.22400883,0.23572113
0.24180818,0.22858836
0.24452284,0.23622425
0.25487408,0.24849857
0.2556687,0.24500078
0.24840164,0.24486631
0.22757515,0.25381044
0.21610738,0.24649315
0.20468079,0.23203619
0.19750004,0.21516638
0.19286084,0.19513106
0.16694728,0.16253829
0.12838095,0.1339815
0.10857376,0.09964939
0.090698026,0.07575592
0.07916925,0.06504658
0.07150837,0.05274944
0.07933046,0.05849469
0.110635675,0.0761742
0.14009672,0.10236075
0.1620928,0.12390025
0.18685713,0.15607229
0.2082957,0.17468056
0.22446169,0.19052465
0.23514973,0.2037507
0.23949677,0.19886775
0.2457713,0.22507711
0.24764721,0.21849565
0.24300554,0.20492452
0.2441533,0.22959466
0.24326049,0.23482323
0.23114692,0.21364824
0.22598544,0.21130556
0.21671003,0.2141025
0.20853081,0.19014183
0.17791754,0.15457875
0.13416742,0.11594028
0.09666305,0.10472036
0.0770369,0.08950036
0.06684686,0.075728446
0.057345282,0.061001614
0.06671443,0.072939076
0.08111262,0.08918592
0.11266783,0.11943427
0.14601909,0.14653313
0.16710699,0.17595473
0.1934392,0.19149241
0.21221171,0.22414488
0.21961318,0.25076687
0.231262,0.25196806
0.24700785,0.257128
0.25659922,0.27970243
0.26021165,0.28773317
0.26993248,0.27956212
0.27132973,0.28170195
0.26650456,0.27590784
0.25114757,0.24385408
0.24736845,0.23057835
0.22673738,0.20343453
0.19306421,0.17521018
0.15834297,0.13579692
0.15728499,0.12189255
0.15622701,0.10724873
0.15516903,0.09208417
0.15411104,0.09141342
0.15305308,0.09866239
0.1519951,0.10353073
0.15093711,0.13992429
0.14987913,0.17912407
0.14882115,0.20857874
0.14776316,0.22874445
0.14670518,0.24297416
0.1456472,0.2618626
0.14458923,0.2713437
0.14353125,0.29109734
0.14247327,0.29583305
0.14141528,0.2901163
0.1403573,0.306584
0.13929932,0.30617693
0.13824134,0.28992346
0.13718335,0.26611745
0.13612539,0.2702658
0.1350674,0.23840457
0.13400942,0.19959718
0.13295144,0.1542382
0.13189346,0.095187075
0.13083547,0.068804584
0.12977749,0.05957163
0.12871951,0.041332945
0.12766153,0.045386642
0.12660356,0.070987724
0.12554558,0.08641657
0.124487594,0.10309778
0.12342961,0.13724744
0.12237163,0.15001765
0.12131365,0.18705703
0.12025567,0.21407521
0.11919769,0.2057146
0.11813971,0.22194381
0.117081724,0.22696398
0.11602375,0.23660725
0.11496577,0.23451306
0.113907784,0.24784341
0.1128498,0.24911882
0.11179183,0.23764604
0.110733844,0.2212569
0.10967586,0.20111471
0.10861788,0.17355303
0.107559904,0.13958353
0.10650192,0.09343303
0.08270135,0.061127003
0.069885425,0.060616024
0.055484746,0.039419807
0.048547044,0.041420836
0.049213186,0.06277828
0.04774698,0.08119126
0.064895056,0.099683955
0.09270042,0.13681611
0.12317036,0.1382904
0.1494862,0.17066887
0.17095156,0.18975751
0.19741571,0.17940517
0.22129565,0.211531
0.25144914,0.2101032
0.27141207,0.21103352
0.29884642,0.22305219
0.3260774,0.22032283
0.33281174,0.2152505
0.31955436,0.20657134
0.29030412,0.21349746
0.2766673,0.19489054
0.23891594,0.16350621
0.19567719,0.12448333
0.14911915,0.13827762
0.11667311,0.10354001
0.09864164,0.087150395
0.08874573,0.076209724
0.08581282,0.0711846
0.09841149,0.09787365
0.12067939,0.15000114
0.16581537,0.18162334
0.19837153,0.24778959
0.24090494,0.25209963
0.29491454,0.31769383
0.34987998,0.33944908
0.39453283,0.36603165
0.44701025,0.4013167
0.49636877,0.43107682
0.5286839,0.44223458
0.5149523,0.44115853
0.51372665,0.44899732
0.4977338,0.43845448
0.49101683,0.40585527
0.47913936,0.37318778
0.44813123,0.3496887
0.3988878,0.3012116
0.32940167,0.2258639
0.26597878,0.262407
0.22520421,0.21290271
0.19232318,0.20494255
0.17821811,0.16564716
0.17794035,0.19305488
0.19960462,0.19899909
0.22472556,0.227703
0.25919682,0.2715711
0.29209968,0.33534288
0.32216933,0.3804791
0.35271367,0.41070256
0.36656082,0.46961066
0.38755494,0.48354533
0.41989982,0.53055984
0.45665717,0.5523287
0.47434342,0.55948365
0.44472516,0.6033389
0.43368542,0.57802624
0.44697455,0.5502274
0.42662424,0.52422374
0.40032724,0.52295256
0.38690865,0.46591413
0.33957535,0.4068718
0.28165618,0.34356633
0.22705632,0.2374512
0.20133272,0.20696768
0.17396234,0.20683895
0.15395874,0.18615761
0.14851998,0.19690137
0.16967185,0.1945832
0.2008873,0.21286671
0.24710408,0.2562179
0.29761732,0.32398266
0.344155,0.3409006
0.38407642,0.3830172
0.40146062,0.4412367
0.42053768,0.44444105
0.45950824,0.43875098
0.47024986,0.5091375
0.48085853,0.51571405
0.47186288,0.5030556
0.47673917,0.4879653
0.44200602,0.45691746
0.39447927,0.43053752
0.35426718,0.41333267
0.33602244,0.37494043
0.27815136,0.33445078
0.22347958,0.28979138
0.18285234,0.21547249
0.14773181,0.18181913
0.12193232,0.15113737
0.10952858,0.14590374
0.116982624,0.15257253
0.1342304,0.14346781
0.16461354,0.182733
0.19293773,0.21183641
0.2243248,0.25426924
0.24669288,0.28757662
0.26802185,0.3353043
0.27438268,0.36047894
0.29384664,0.3750253
0.32414198,0.39979923
0.34433705,0.42078856
0.35207382,0.42700678
0.36128622,0.43462604
0.349751,0.427275
0.32367772,0.42599034
0.29777554,0.3894843
0.2825262,0.3620968
0.2614626,0.3366074
0.2281143,0.3023389
0.18415536,0.24268995
0.14519422,0.15627518
0.12759528,0.13077602
0.107351586,0.09072024
0.10460766,0.07815336
0.108282104,0.08334257
0.12989874,0.070511684
0.15516354,0.088245034
0.19548127,0.10870154
0.22930226,0.14265686
0.25148186,0.18401554
0.28020933,0.23582307
0.31967738,0.2673404
0.35019195,0.2888537
0.3603215,0.31997085
0.3484187,0.3346542
0.36434165,0.34409773
0.37088552,0.36735183
0.37938517,0.37275785
0.39060393,0.3747148
0.3656015,0.3419321
0.33641973,0.31916615
0.32425508,0.28213257
0.2878206,0.25490814
0.23133937,0.19677334
0.20068641,0.220453
0.17645529,0.18981244
0.1606271,0.16261514
0.14538321,0.14577219
0.13802141,0.14001387
0.14416897,0.13502443
0.15183978,0.14608037
0.1748274,0.15977451
0.19604822,0.21398664
0.23774534,0.24335244
0.26578087,0.30595997
0.29051346,0.34403828
0.30361855,0.36978862
0.32108605,0.40886432
0.34124294,0.4341771
0.3526755,0.45714438
0.36955324,0.4774437
0.37988514,0.48573506
0.39142385,0.4846735
0.36790302,0.45157823
0.33827382,0.4225909
0.32282904,0.40018114
0.28843763,0.35973966
0.2463174,0.30272666
0.19898163,0.165696
0.1704997,0.13135906
0.14561732,0.09606893
0.13142398,0.07915349
0.1285501,0.067470156
0.12320409,0.06689831
0.12376458,0.06520131
0.14954473,0.07340561
0.19799654,0.13552393
0.2592747,0.16411689
0.31913772,0.24490148
0.36104664,0.29298234
0.4072575,0.33197325
0.4563799,0.3711685
0.48825455,0.41825628
0.5278144,0.44412783
0.5197383,0.4522681
0.52148527,0.48042923
0.49863258,0.4810381
0.4909439,0.44947588
0.46838534,0.4049332
0.45101953,0.3705106
0.40712407,0.33407116
0.3454263,0.26769173
0.28510544,0.28613043
0.24555752,0.2443463
0.21788657,0.19304435
0.2000912,0.1705643
0.20789741,0.15802759
0.22858353,0.18160018
0.2548721,0.2105337
0.29929978,0.21635143
0.33348483,0.2799333
0.37591904,0.32678843
0.42113635,0.37951902
0.44170195,0.4257027
0.4796572,0.47181
0.5259543,0.49859774
0.51655495,0.5074105
0.4504858,0.5205123
0.40712306,0.5150425
0.4105019,0.53449047
0.411794,0.51293164
0.3822164,0.47912252
0.35794064,0.436441
0.3367719,0.39091477
0.29766592,0.35197777
0.23978841,0.28041857
0.19160643,0.20423564
0.15418889,0.16873367
0.13445014,0.13039766
0.118998416,0.111823246
0.12743457,0.118924744
0.1545852,0.15653868
0.19133264,0.18394144
0.2235386,0.21929558
0.25651193,0.28480092
0.2789321,0.3243544
0.2917475,0.36763933
0.3070043,0.42088252
0.31520435,0.44385892
0.32326603,0.46823192
0.32013172,0.46871307
0.3290366,0.47059256
0.29319933,0.47814456
0.28148407,0.49871033
0.30130365,0.4792372
0.29648244,0.46036547
0.28724474,0.426047
0.27297747,0.3641755
0.24047936,0.31661764
0.20210053,0.25505927
0.16504607,0.15397507
0.14018402,0.1267604
0.122780494,0.110797524
0.11414693,0.1054375
0.115264945,0.11076772
0.13263623,0.12922947
0.16669182,0.15100008
0.21322854,0.19286563
0.23645423,0.22782287
0.25117087,0.2593489
0.27236938,0.26750273
0.27884084,0.30493057
0.28923273,0.3154099
0.30709657,0.32464838
0.3252679,0.3230415
0.34484148,0.32927278
0.3231807,0.33775988
0.3226847,0.34474134
0.29996246,0.32712153
0.30960888,0.31736636
0.2977527,0.30250245
0.28799766,0.26244178
0.24745476,0.21511814
0.1994821,0.18253419
0.14044641,0.13246906
0.11855002,0.111934654
0.100927256,0.08696294
0.07821791,0.083391175
0.079662785,0.09174572
0.10079284,0.11669679
0.13006045,0.14813223
0.16328621,0.17769685
0.1902697,0.21301162
0.22160368,0.24610662
0.2547848,0.26078635
0.29372263,0.2906582
0.32329082,0.31190902
0.36466852,0.32531238
0.40178797,0.32838902
0.4019224,0.33985865
0.42470962,0.35541955
0.4468084,0.37338465
0.4299594,0.35078818
0.43342552,0.33304355
0.40544158,0.307758
0.3649225,0.26531556
0.3081,0.22296712
0.2604919,0.18194844
0.21395817,0.205046
0.17664428,0.18342754
0.14357178,0.14927325
0.1322801,0.13675432
0.12996522,0.12938058
0.14789748,0.15389253
0.1726871,0.1813409
0.21646649,0.20892313
0.26546937,0.24391586
0.33299726,0.2678034
0.36675426,0.3047619
0.395693,0.3431317
0.4067342,0.3827958
0.4268261,0.37703425
0.41418082,0.39620066
0.41050786,0.41400978
0.42918316,0.3877946
0.44709706,0.3956803
0.44529456,0.3829372
0.407566,0.34458017
0.40621835,0.31329098
0.39896616,0.2938356
0.35384408,0.25242543
0.29388234,0.20428266
0.244379,0.20757973
0.20683396,0.15792732
0.17991844,0.13887423
0.16421822,0.12543207
0.16968822,0.124938704
0.16795714,0.12937671
0.18016496,0.1508532
0.20080842,0.17356105
0.23197675,0.23147282
0.28520316,0.24680102
0.3698206,0.28798622
0.4492051,0.31892213
0.44836485,0.31433532
0.41431224,0.3483193
0.4403657,0.37087274
0.44327778,0.37757084
0.45870322,0.3943077
0.43600875,0.41127628
0.4568377,0.41743317
0.42862165,0.4008726
0.3831697,0.3645192
0.36509955,0.3415206
0.3322423,0.3006267
0.2943848,0.25363734
0.25165597,0.23365602
0.21746497,0.18442076
0.18989818,0.16171205
0.16910243,0.13614082
0.16292264,0.12962693
0.16539177,0.11922152
0.1698896,0.13080691
0.18726982,0.15099213
0.20840582,0.22038576
0.23841894,0.24787071
0.26836556,0.31229746
0.29167262,0.35922897
0.31201205,0.3784313
0.32031524,0.42518812
0.34111646,0.46579465
0.34089673,0.4784227
0.35048112,0.5025292
0.3906813,0.49666268
0.42236796,0.49145454
0.40905204,0.46098894
0.38668397,0.43207756
0.3350711,0.40394056
0.2845276,0.35143596
0.2353402,0.29370183
0.1991344,0.19631267
0.1652896,0.15476367
0.14244534,0.14063041
0.13136347,0.13075203
0.13852486,0.12673977
0.15894413,0.12565678
0.18147443,0.15298001
0.21115322,0.1815927
0.24931133,0.23900676
0.2786687,0.27377418
0.3093708,0.32583752
0.32409734,0.34717724
0.33490738,0.36424828
0.3443445,0.40813595
0.3198123,0.43323177
0.34729972,0.44170648
0.36446765,0.4716351
0.3770807,0.47689268
0.3774309,0.4729069
0.40154493,0.44779992
0.37919122,0.4103578
0.35968313,0.37296194
0.32660517,0.328516
0.27663952,0.27329332
0.2262617,0.24115232
0.19325319,0.18562703
0.17122486,0.18487377
0.15265223,0.1682227
0.15175645,0.17518166
0.16210273,0.18219836
0.1676531,0.21084267
0.18426399,0.26202136
0.22017616,0.29934412
0.26612112,0.3349536
0.31679755,0.3693864
0.34811416,0.39747527
0.3983769,0.39718306
0.438712,0.43945402
0.46403632,0.44898617
0.453946,0.45840594
0.48928425,0.48809263
0.5073539,0.46744603
0.50640804,0.47528386
0.48422843,0.4486746
0.46525204,0.4145903
0.43422806,0.39946383
0.39816114,0.33921224
0.3533059,0.2916487
0.29686487,0.29299083
0.25302693,0.23630016
0.2180453,0.2203195
0.19812204,0.19658539
0.19235592,0.19037732
0.20917563,0.21389581
0.24901272,0.22523187
0.3021474,0.27398703
0.3661283,0.31805882
0.43573147,0.3564635
0.5065757,0.3800299
0.52050465,0.42751294
0.5692258,0.45177767
0.5994656,0.48494738
0.6384292,0.48031878
0.6667222,0.49903303
0.68845534,0.5112187
0.6997396,0.5150764
0.69731855,0.5157432
0.66009647,0.49090266
0.60659176,0.46208885
0.59470487,0.43464363
0.5377986,0.37544447
0.46303737,0.32721072
0.3924357,0.35829654
0.3388358,0.30610257
0.29872093,0.28127974
0.27127022,0.2571346
0.2503475,0.2551097
0.25380865,0.27576724
0.29014888,0.30358714
0.34924605,0.3459854
0.42419475,0.4023976
0.502866,0.44881427
0.5704604,0.4922197
0.6247443,0.5354395
0.6754197,0.55394214
0.68023896,0.5909529
0.7011805,0.5771324
0.716101,0.57899916
0.72825176,0.58531326
0.7229459,0.5715926
0.6745194,0.5397749
0.6479898,0.5208236
0.60021603,0.4950327
0.552352,0.4529501
0.49500474,0.39239824
0.4286167,0.3340137
0.37029824,0.378048
0.32176012,0.33009124
0.29355696,0.3109123
0.27178705,0.28788498
0.26692864,0.28159004
0.28677353,0.28888518
0.3093053,0.30509415
0.35323697,0.35588092
0.39820677,0.4066858
0.4400036,0.45496047
0.4754396,0.49951172
0.49653742,0.56217945
0.5411139,0.5918815
0.59249616,0.6136391
0.6187703,0.6246439
0.6396221,0.6489147
0.641627,0.63941216
0.6358371,0.6178868
0.6132869,0.5880446
0.5714246,0.55713993
0.5121454,0.53510684
0.45920518,0.5003239
0.41275427,0.435422
0.35405242,0.38425064
0.29891983,0.36428526
0.24005924,0.32105687
0.20015568,0.26994312
0.17575295,0.25861862
0.16814066,0.25135353
0.16399401,0.25538486
0.16241422,0.28380203
0.17712243,0.3161436
0.23243308,0.35802522
0.28221667,0.4159695
0.34030744,0.4664698
0.37290725,0.514213
0.42202026,0.5619228
0.45599154,0.5900315
0.49601412,0.60411966
0.49344677,0.63440025
0.5013428,0.6334217
0.5005328,0.6436003
0.48989385,0.623337
0.5069234,0.5735052
0.48957938,0.527775
0.46505216,0.49421656
0.4218521,0.44270286
0.3763992,0.37235436
0.33246306,0.3058255
0.28812018,0.25019225
0.25632542,0.21858923
0.22452964,0.18926668
0.2112554,0.18117577
0.20882198,0.17713004
0.20964287,0.1867098
0.2189396,0.20262514
0.24089055,0.26111552
0.25674355,0.30273804
0.2757576,0.36598435
0.282546,0.42466098
0.29540214,0.45847902
0.31765217,0.505775
0.35758996,0.53695583
0.404581,0.56470084
0.43130705,0.58077645
0.41037145,0.59964216
0.38800335,0.5965365
0.3729043,0.5584097
0.34803084,0.51771706
0.34842667,0.48521554
0.315126,0.44164473
0.26992851,0.3678902
0.21583706,0.23183742
0.18842404,0.19932199
0.16673249,0.17128798
0.1538273,0.13727643
0.15358177,0.14581609
0.17662196,0.16355318
0.20294623,0.18033472
0.24168368,0.18634284
0.26866516,0.21699402
0.3017476,0.2458837
0.33999595,0.2798871
0.37352628,0.31051555
0.4143802,0.3160924
0.4436979,0.35185266
0.47757792,0.3466388
0.47017,0.36100608
0.4919662,0.38850018
0.5140962,0.41717032
0.50286007,0.41922665
0.47064468,0.38874343
0.4448288,0.3810465
0.42061755,0.3505441
0.37599742,0.3337553
0.31037372,0.2822045
0.2462574,0.29429126
0.20629182,0.25535965
0.17962332,0.2325071
0.16527769,0.20307773
0.1533417,0.18841504
0.16718635,0.22717491
0.19414403,0.24703261
0.2534059,0.26927114
0.29984936,0.31324884
0.345774,0.32578126
0.4054411,0.34311903
0.44523007,0.39053655
0.48933387,0.4052429
0.5039979,0.40265697
0.5443444,0.42158377
0.5762974,0.4364292
0.59990954,0.4135108
0.6074325,0.43660536
0.5969553,0.42774504
0.56548685,0.38309705
0.5356846,0.36082038
0.49832952,0.35429904
0.44581586,0.31580117
0.37398508,0.2758342
0.30436704,0.28583968
0.26544705,0.24182078
0.2343184,0.19340001
0.2271342,0.17149207
0.22275542,0.15790087
0.23459865,0.18875965
0.25275463,0.21733072
0.31525892,0.23680867
0.3564804,0.2919349
0.39724898,0.33039367
0.46022946,0.35217574
0.52806485,0.40369526
0.5417235,0.45436066
0.56766784,0.47262734
0.5942039,0.49527395
0.61507255,0.51741093
0.64153373,0.52810055
0.65093464,0.56628805
0.6284718,0.5538717
0.59502727,0.5075175
0.5589286,0.46049255
0.5337308,0.43469322
0.48441643,0.379709
0.41185054,0.31787652
0.33839235,0.3351484
0.29315072,0.2812383
0.2680516,0.2421086
0.2522358,0.22501504
0.23841397,0.20751235
0.2432466,0.2198056
0.28135014,0.24736565
0.33071363,0.2847526
0.39696032,0.35165685
0.45774144,0.398686
0.51083493,0.45032898
0.5588453,0.51176494
0.61563355,0.56072867
0.6666641,0.59158134
0.6997213,0.62278825
0.6907623,0.6406499
0.7129345,0.6422257
0.7178584,0.6475508
0.7081663,0.6285458
0.6932364,0.58095187
0.61549866,0.5290306
0.517043,0.49374563
0.4631068,0.4259916
0.39429426,0.36057645
0.32967597,0.3529992
0.29513925,0.30896682
0.26139116,0.27513397
0.25133407,0.25905144
0.25021952,0.23988886
0.26585525,0.22083084
0.2906151,0.22610629
0.31969425,0.25555137
0.35846096,0.3201343
0.38963076,0.37785542
0.43183085,0.48156896
0.48781556,0.5400293
0.5523729,0.5829198
0.60191387,0.60448647
0.57654196,0.65837824
0.58969367,0.67169166
0.61303496,0.6477709
0.6197941,0.63309497
0.6017651,0.6111799
0.5598616,0.56833506
0.5304239,0.5030176
0.49368882,0.45899814
0.43296176,0.41535693
0.37289336,0.3542488
0.3157366,0.32234314
0.27187485,0.27311277
0.23531193,0.24657957
0.21328954,0.21865687
0.19653876,0.22032112
0.19533445,0.20657311
0.20090069,0.21479492
0.23206504,0.2418394
0.296103,0.28360188
0.37548205,0.3378717
0.45316526,0.39449158
0.51040936,0.44941038
0.55592084,0.49094144
0.57442844,0.5311511
0.60117185,0.56178766
0.6258087,0.5848993
0.60387015,0.60293376
0.58150154,0.59315795
0.53901184,0.580099
0.53327346,0.53905
0.50899476,0.5137904
0.4636509,0.4684606
0.41478744,0.41918182
0.36655784,0.35458314
0.3205201,0.28955063
0.28149003,0.25323495
0.24731489,0.22875883
0.23238645,0.21083155
0.22046037,0.20388591
0.22402272,0.18276343
0.22855923,0.18545404
0.23900224,0.2213252
0.26690334,0.26512685
0.3113573,0.3133776
0.3677686,0.37370196
0.4191662,0.4281658
0.46611065,0.46348396
0.510453,0.50372857
0.5499746,0.5274843
0.57451326,0.54895514
0.55860174,0.5705203
0.54673916,0.55638915
0.5369092,0.5440106
0.5289026,0.51003927
0.5060281,0.4926078
0.48492682,0.45509034
0.43046334,0.40544653
0.36160418,0.34843403
0.3126132,0.36223143
0.2681612,0.32248056
0.23142022,0.2943921
0.2134304,0.25778592
0.21439962,0.25390783
0.24810702,0.28537306
0.2716323,0.3002844
0.30287552,0.3198173
0.34966123,0.3801494
0.40678975,0.41616872
0.46338308,0.47209263
0.5051075,0.5327228
0.5465462,0.56999755
0.55935717,0.58460045
0.58273363,0.6078651
0.56659895,0.6325947
0.54092443,0.6220784
0.5112402,0.63435566
0.4518682,0.5985189
0.4284441,0.5615696
0.40597233,0.5311708
0.3791446,0.49457535
0.3335141,0.44971636
0.28398892,0.39072764
0.22947685,0.2683264
0.19291441,0.22968091
0.1746771,0.20996924
0.16093165,0.19680491
0.16728951,0.19347684
0.19023547,0.22150026
0.22408372,0.25919855
0.25761157,0.2982394
0.28409308,0.34197566
0.31378925,0.3727194
0.3507227,0.41408363
0.36819914,0.45104647
0.40311977,0.46413162
0.4301072,0.48678434
0.47211882,0.49289787
0.47635722,0.5031788
0.501932,0.49247125
0.52774644,0.49336588
0.5083628,0.47030815
0.50759697,0.43873417
0.48121417,0.40320605
0.46108952,0.37671283
0.4049659,0.32433125
0.34598035,0.27216864
0.297158,0.29667515
0.24806188,0.25168142
0.22258726,0.23494236
0.21108973,0.2240909
0.2160057,0.22416179
0.23629203,0.20717198
0.26707745,0.23839217
0.29710296,0.2761932
0.34278452,0.33109066
0.3747683,0.3716733
0.40111688,0.43865287
0.4234304,0.489486
0.46448472,0.5036495
0.509211,0.5211784
0.554908,0.582867
0.569574,0.5851127
0.5470353,0.5766413
0.563166,0.5468785
0.5560686,0.5303077
0.547138,0.4748711
0.5055866,0.42804497
0.47607747,0.39467078
0.40888986,0.3464726
0.33900493,0.29305658
0.28114182,0.2845469
0.23199262,0.249795
0.1989355,0.22148226
0.18272933,0.21367374
0.18021555,0.2097596
0.18990116,0.21066178
0.22370626,0.23114596
0.26532206,0.26921567
0.31126752,0.33205363
0.3530961,0.37249807
0.39181024,0.42744088
0.43258083,0.47462162
0.48397347,0.50627834
0.5410782,0.5266409
0.5911872,0.56013227
0.626022,0.58463985
0.6503394,0.5862738
0.66909903,0.5929228
0.64820457,0.57386047
0.609237,0.5401143
0.5806569,0.49230096
0.548812,0.44910735
0.41208565,0.39562875
0.32089758,0.34145585
0.3189903,0.31782752
0.317083,0.26972437
0.31517574,0.2392966
0.31326845,0.22626618
0.31136116,0.22238708
0.3094539,0.21270353
0.30754662,0.21448624
0.30563933,0.26267004
0.30373207,0.32057714
0.30182478,0.3958502
0.29991752,0.45813683
0.29801023,0.53775716
0.29610294,0.5814378
0.29419568,0.60424805
0.2922884,0.63669693
0.2903811,0.6595303
0.28847384,0.65162814
0.28656656,0.62930053
0.28465927,0.6053174
0.282752,0.5743918
0.28084472,0.52452606
0.27893743,0.4712355
0.27703017,0.40410495
0.27512288,0.3564462
0.2732156,0.20864505
0.27130833,0.1684279
0.26940104,0.13461165
0.26749375,0.12168223
0.2655865,0.12666103
0.2636792,0.14871772
0.26177192,0.18332478
0.25986466,0.19290756
0.25795737,0.22382808
0.2560501,0.25183707
0.25414282,0.26596922
0.25223553,0.2896279
0.25032827,0.2822721
0.24842098,0.31662542
0.24651371,0.30425972
0.24460642,0.30240363
0.24269915,0.33019325
0.24079187,0.36200714
0.23888458,0.35896525
0.23697731,0.33566076
0.23507003,0.31196487
0.23316276,0.27746415
0.23125547,0.25002757
0.2293482,0.20310888
0.22744092,0.12377063
0.22553363,0.090450354
0.22362636,0.08890881
0.22171909,0.06930831
0.2198118,0.060492534
0.21790452,0.0783013
0.21599725,0.0702956
0.21408997,0.09830228
0.21218269,0.11761522
0.21027541,0.14048463
0.20836814,0.15054199
0.20646085,0.19072062
0.20455357,0.19137153
0.2026463,0.19964807
0.20073901,0.20969923
0.19883174,0.21668342
0.19692446,0.22002631
0.19501719,0.23315312
0.1931099,0.23325162
0.19120263,0.21917531
0.18929535,0.2062837
0.18738806,0.18881978
0.18548079,0.15109196
0.18357351,0.13426374
0.18166623,0.121751316
0.17975895,0.08899481
0.17785168,0.07230093
0.17594439,0.06791495
0.17403711,0.06398698
0.17212984,0.07207546
0.17022257,0.10253848
0.16831528,0.13005567
0.166408,0.16335818
0.16450073,0.18285458
0.16259344,0.223713
0.16068617,0.24028873
0.15877889,0.2617732
0.1568716,0.29713714
0.15496433,0.31104317
0.15305705,0.33027408
0.15114978,0.35461098
0.14924249,0.36642498
0.14733522,0.37617916
0.14542794,0.34791034
0.14352065,0.31804106
0.14161338,0.30737573
0.1397061,0.26219705
0.13779882,0.21284576
0.13589154,0.08875982
0.10587496,0.07164889
0.079878055,0.06497967
0.072558425,0.047229946
0.06731956,0.04690724
0.071608566,0.059462946
0.079050705,0.080247
0.08740105,0.08737244
0.12079943,0.13270345
0.16968326,0.12206176
0.21820848,0.18757664
0.26529378,0.20248957
0.3072181,0.21106489
0.34623033,0.22497676
0.39401302,0.27745417
0.43915644,0.30084422
0.4699076,0.2982942
0.49108627,0.3220024
0.48888052,0.33726126
0.4475906,0.29699898
0.42177722,0.270623
0.3889135,0.2731537
0.34118935,0.25351727
0.2896499,0.20550327
0.2355133,0.26189524
0.20102072,0.21047689
0.1772003,0.20916668
0.15921743,0.16699554
0.13941273,0.19311857
0.13865532,0.18358204
0.14405587,0.22006384
0.16158788,0.23727186
0.20431572,0.2941759
0.27689248,0.31517094
0.35411194,0.40174663
0.42741337,0.43729883
0.48069733,0.43345538
0.5204685,0.47931582
0.5616463,0.53464764
0.59321636,0.53152364
0.6169207,0.5377427
0.59616566,0.50445205
0.5778266,0.47352087
0.54881644,0.44450718
0.52261865,0.44187963
0.47848114,0.3872996
0.42288977,0.35950652
0.3692219,0.2906466
0.31858218,0.2940485
0.2713109,0.23927686
0.23870464,0.2346165
0.21978281,0.21525732
0.20615046,0.20700699
0.20578986,0.20156024
0.20972422,0.22255427
0.21367246,0.2631696
0.2691458,0.3259634
0.34461778,0.3521737
0.41028166,0.39666742
0.48561925,0.45836923
0.5483175,0.4762507
0.59680945,0.5050428
0.63729334,0.5519949
0.6748612,0.56139505
0.7029845,0.559987
0.70521605,0.533482
0.67212224,0.5005931
0.6199002,0.4721109
0.5857147,0.45005378
0.525625,0.41545057
0.45332298,0.34896025
0.37861982,0.3037688
0.3158447,0.3916672
0.2749119,0.32925817
0.2421405,0.3085106
0.21610837,0.29261115
0.21197958,0.28891626
0.2279412,0.27010885
0.26934123,0.30276603
0.30268207,0.34222335
0.35582465,0.40703171
0.43555886,0.46437472
0.5072002,0.51918566
0.5663306,0.57870376
0.62861466,0.6198219
0.67393166,0.6577221
0.6891379,0.7113522
0.7107054,0.7256653
0.7317353,0.7400954
0.7328984,0.70748687
0.7070042,0.6745331
0.67386174,0.6259181
0.6403959,0.5803729
0.58105564,0.5381186
0.5028075,0.46576574
0.41668168,0.4024114
0.34301716,0.3694933
0.30321577,0.31618974
0.2771162,0.2975211
0.25053698,0.2685947
0.23969269,0.2639772
0.2605787,0.2642268
0.29885584,0.29081774
0.328738,0.34267312
0.3822268,0.41514024
0.4520557,0.4657041
0.52796316,0.548525
0.60993487,0.6075574
0.6666894,0.6428726
0.686138,0.690869
0.71563625,0.7105234
0.7434307,0.7252987
0.7530935,0.71883434
0.746625,0.6775331
0.7165519,0.64039165
0.6704229,0.6075657
0.6355598,0.5783481
0.58742,0.53097504
0.51019704,0.45743418
0.44178578,0.38431054
0.38161373,0.37037933
0.33866468,0.2936305
0.2994079,0.28909314
0.27764097,0.2606519
0.28213185,0.26147786
0.29652658,0.23883283
0.32965165,0.2399488
0.36412144,0.3023362
0.38153982,0.372324
0.40419313,0.45488575
0.4209092,0.5265428
0.42332724,0.60233575
0.43387988,0.6409226
0.46619248,0.70850646
0.52698106,0.72932637
0.5750445,0.75118524
0.6064405,0.7777418
0.56523687,0.7278866
0.51441365,0.70795614
0.47280976,0.6875188
0.44390425,0.649416
0.39655307,0.59384507
0.3479981,0.50449276
0.29019898,0.4434324
0.22865497,0.24931553
0.18910258,0.2044203
0.17436759,0.17699136
0.17361861,0.16886017
0.17279127,0.16145226
0.19322392,0.16150963
0.24601534,0.18601851
0.29719767,0.21027334
0.3289627,0.24768063
0.34799662,0.28339475
0.381829,0.3225122
0.41613856,0.35725266
0.45341772,0.39024666
0.49659842,0.41311675
0.5017748,0.43197438
0.51463836,0.45418215
0.5173158,0.4542849
0.51025856,0.46061844
0.47759625,0.46343982
0.4363366,0.42830926
0.4145672,0.38875547
0.37158588,0.36397657
0.32386073,0.31468305
0.27097163,0.26308087
0.22035372,0.20491165
0.18951972,0.17755035
0.16445729,0.1640388
0.14627305,0.1560579
0.1460915,0.1509077
0.15007596,0.15573832
0.15685643,0.16445528
0.16916394,0.19538714
0.19054398,0.23420519
0.22124605,0.24934411
0.24609867,0.28227252
0.26785618,0.31714842
0.2881663,0.3369457
0.30309674,0.33209896
0.3241856,0.3658495
0.35140818,0.39339373
0.36805975,0.3754992
0.3768669,0.37680954
0.3596499,0.3714669
0.33661366,0.3408658
0.33001524,0.3196502
0.30481145,0.30241233
0.27298293,0.25785616
0.2337837,0.2246113
0.20395164,0.15673462
0.17352189,0.13249567
0.15391558,0.11437859
0.14269085,0.11362769
0.13531965,0.10909389
0.13468674,0.10119132
0.1467899,0.11779359
0.15616648,0.13411586
0.17990704,0.1706911
0.21102525,0.19066548
0.23602618,0.22718775
0.2524848,0.25408223
0.2668071,0.27592158
0.28599182,0.28219646
0.31356454,0.3247699
0.35983887,0.3477929
0.37215433,0.3552497
0.37836686,0.37138185
0.36572453,0.37953502
0.35628644,0.3419947
0.34756607,0.3024058
0.31930438,0.28426427
0.28343388,0.25290656
0.23616059,0.21490553
0.19215205,0.18301737
0.15914503,0.15749924
0.13793461,0.13743846
0.13015121,0.13506468
0.13449527,0.1384004
0.16033594,0.15141794
0.18594249,0.17883283
0.21915339,0.20914172
0.24155223,0.2397956
0.25998598,0.2681229
0.27689746,0.28450757
0.30472365,0.3254871
0.33635524,0.34227607
0.3612024,0.3463421
0.3968234,0.37763783
0.41705272,0.3980208
0.4322227,0.4052236
0.4271242,0.42598683
0.42119142,0.41845688
0.39570838,0.37625885
0.3700914,0.33923393
0.3156359,0.30728063
0.26119724,0.2689826
0.2071152,0.23147964
0.20591088,0.15776187
0.20470655,0.12655519
0.20350224,0.11097869
0.20229791,0.08971077
0.20109358,0.099501826
0.19988926,0.111427315
0.19868493,0.13503158
0.1974806,0.17059973
0.19627629,0.20306277
0.19507197,0.23114175
0.19386764,0.27749982
0.19266331,0.30650437
0.19145899,0.31960914
0.19025466,0.3413496
0.18905035,0.36762953
0.18784602,0.38339627
0.1866417,0.39418155
0.18543737,0.4063186
0.18423304,0.41078034
0.18302873,0.37923086
0.1818244,0.350738
0.18062007,0.31858426
0.17941575,0.28626132
0.17821142,0.23620155
0.1770071,0.1226218
0.17580278,0.09580058
0.17459846,0.084883735
0.17339413,0.07722515
0.1721898,0.08303824
0.17098548,0.10524752
0.16978116,0.14339596
0.16857684,0.16131714
0.16737251,0.19824758
0.16616818,0.20459107
0.16496386,0.25101107
0.16375953,0.25424978
0.16255522,0.237849
0.16135089,0.26272792
0.16014656,0.27031317
0.15894224,0.26199043
0.15773791,0.27235276
0.15653358,0.2837484
0.15532927,0.2765163
0.15412495,0.25933278
0.15292062,0.23383318
0.15171629,0.20925543
0.15051197,0.18747377
0.14930765,0.14232278
0.14810333,0.08981175
0.146899,0.06748826
0.14569467,0.06411773
0.14449035,0.057028964
0.14328602,0.067919396
0.14208171,0.09260648
0.14087738,0.11905983
0.13967305,0.14683928
0.13846873,0.17145126
0.1372644,0.1848987
0.13606007,0.2108434
0.13485576,0.219565
0.13365144,0.21644126
0.13244711,0.22247316
0.13124278,0.22050689
0.13003846,0.21854699
0.12883414,0.22324312
0.12762982,0.221353
0.12642549,0.20722133
0.12522116,0.20512997
0.12401684,0.188678
0.12281252,0.16419026
0.12160819,0.13319185
0.12040387,0.10479344
0.119199544,0.08708621
0.11799522,0.05838539
0.1167909,0.05220762
0.11558657,0.03819135
0.114382245,0.051840596
0.113177925,0.085749716
0.1119736,0.1311732
0.11076927,0.15473586
0.10956495,0.19464397
0.108360626,0.19452333
0.1071563,0.22451776
0.10595198,0.23846023
0.10474765,0.22848953
0.10354333,0.24367996
0.10233901,0.2569063
0.10113468,0.25450605
0.09993036,0.2549494
0.098726034,0.25810492
0.09752171,0.24968497
0.09631739,0.2319429
0.09511306,0.22267391
0.093908735,0.20357324
0.092704415,0.17323199
0.09150009,0.13229331
0.09029576,0.096703626
0.06879866,0.06918101
0.05523376,0.048678666
0.04153792,0.028784588
0.042173307,0.04670265
0.046993043,0.055872608
0.055274434,0.094425656
0.06325078,0.10648726
0.08512932,0.13291052
0.10293858,0.12391166
0.12796083,0.18023367
0.15179315,0.18367617
0.1625045,0.17521995
0.16545328,0.20390143
0.16613778,0.23046874
0.17869726,0.2403914
0.18725593,0.23992674
0.19250174,0.24616396
0.19592768,0.2645817
0.2020564,0.22531037
0.20398042,0.21846232
0.18254036,0.21340436
0.15495571,0.19127037
0.120895155,0.13381502
0.08852947,0.11745743
0.07893117,0.101075105
0.064642586,0.08634111
0.06303502,0.07430813
0.07266854,0.092291355
0.09442654,0.10111218
0.1356475,0.14763123
0.16033198,0.16435723
0.18693897,0.19872877
0.21673235,0.1939317
0.22353117,0.24087101
0.24313797,0.2461356
0.25759816,0.2371177
0.26363462,0.25086766
0.25786504,0.28320482
0.25658035,0.2782889
0.2599458,0.27803457
0.2526212,0.273888
0.23933159,0.2660582
0.24077646,0.23832893
0.22805281,0.22941954
0.206891,0.20932041
0.1598553,0.19225672
0.113287345,0.1412277
0.08604346,0.11484473
0.06435788,0.09646667
0.051155068,0.08795051
0.048650708,0.0767062
0.04754064,0.09690333
0.082730114,0.12259308
0.12500857,0.16848335
0.14502905,0.19775183
0.16970608,0.24142703
0.19240054,0.24439088
0.2113298,0.28011894
0.21190369,0.2970898
0.22410952,0.28743312
0.23065586,0.29095924
0.23050062,0.31275475
0.23138848,0.30998555
0.23481046,0.30431706
0.23903498,0.30683425
0.23010679,0.28496915
0.23222873,0.2687777
0.2212406,0.2546939
0.1993308,0.21978652
0.1606281,0.19265181
0.118583746,0.1508262
0.09135425,0.109851114
0.06867317,0.08880796
0.058366567,0.0722072
0.05650603,0.05810374
0.061500363,0.07368826
0.09059982,0.08257372
0.13473684,0.12463093
0.16033098,0.14961912
0.18426648,0.1808061
0.20490795,0.19277817
0.22315618,0.21506436
0.23326588,0.22811969
0.25283894,0.23912679
0.27166057,0.25648338
0.27653685,0.27223223
0.2773771,0.2756571
0.2539535,0.29014102
0.25188613,0.28188622
0.24455707,0.2710865
0.25396392,0.24774477
0.2592494,0.24790193
0.2323299,0.22718765
0.18568307,0.19134682
0.1439666,0.14311838
0.11132215,0.11042071
0.08598295,0.086815275
0.070347205,0.0850126
0.073039055,0.07138142
0.075102955,0.0831813
0.099032,0.10350073
0.13768314,0.1339647
0.16186316,0.16887854
0.1857659,0.21106705
0.2086454,0.21485645
0.24218515,0.24512029
0.26169968,0.26643008
0.2738693,0.27142477
0.2880706,0.2740392
0.30549,0.29459614
0.3235914,0.29762673
0.33881348,0.28515652
0.32921815,0.28220326
0.30401286,0.27475974
0.29845062,0.26777706
0.28898373,0.25900045
0.24843289,0.23507386
0.19162777,0.19567923
0.14844061,0.15924597
0.118959226,0.13505974
0.09497612,0.119916424
0.07681122,0.09583303
0.07337882,0.07856251
0.07369627,0.083265826
0.104281284,0.08866618
0.14553003,0.10490346
0.16923785,0.1450675
0.19723417,0.17073856
0.21736278,0.19927335
0.24143021,0.22437859
0.2513782,0.26344365
0.26801887,0.29427728
0.27375326,0.28574932
0.2848252,0.30760807
0.29133186,0.32254604
0.29744568,0.30907091
0.29041573,0.29990482
0.26008567,0.30142415
0.24213009,0.2631579
0.22723687,0.24981327
0.19308059,0.2323501
0.16034883,0.18775754
0.12723169,0.14706588
0.09497166,0.10275883
0.07794163,0.08282831
0.064697154,0.049322367
0.05492723,0.04315874
0.052732877,0.037547234
0.059945863,0.05131975
0.07397056,0.060061306
0.077547796,0.08364112
0.098230444,0.09536747
0.12332512,0.13107839
0.15119198,0.1479583
0.1513656,0.17824207
0.16019508,0.20396565
0.15694918,0.20662381
0.14728293,0.20483059
0.14842474,0.21197909
0.14729632,0.21825847
0.15815945,0.23589948
0.15297167,0.24356999
0.16939607,0.22412506
0.15732913,0.20759755
0.14828785,0.19103777
0.124021016,0.16442733
0.102755554,0.12725191
0.080239646,0.08555285
0.06440302,0.067463115
0.049135312,0.0542301
0.042423297,0.046023346
0.039015207,0.057021935
0.048182476,0.064105265
0.060021754,0.084356755
0.0720768,0.10282311
0.085386746,0.12606826
0.11888681,0.13397288
0.13026083,0.16616061
0.14663117,0.17280276
0.16093563,0.16393544
0.17169856,0.18366611
0.17254475,0.17989646
0.17415679,0.1773237
0.17974931,0.19223876
0.19182964,0.18836108
0.1937859,0.18281806
0.2001899,0.17782271
0.19648123,0.17689003
0.16704251,0.16261494
0.14882006,0.13521433
0.12026721,0.10032604
0.09376139,0.08437229
0.07730673,0.06702498
0.06412277,0.048755646
0.057996046,0.046345577
0.065900475,0.05467812
0.09907168,0.08568629
0.14907947,0.11722809
0.18296444,0.15572143
0.21263829,0.16839936
0.22596857,0.19546136
0.23963019,0.19998468
0.25298974,0.21462357
0.26370606,0.21415107
0.26656604,0.22178896
0.26080093,0.20349003
0.24765266,0.19637524
0.24887235,0.2091159
0.25394458,0.2131764
0.2506689,0.1998942
0.25745285,0.19634789
0.23986728,0.18817881
0.2183439,0.16272458
0.17346485,0.12959088
0.13027224,0.09412711
0.0986719,0.09641052
0.079701476,0.07875669
0.070293635,0.057080768
0.061955202,0.060941935
0.06797578,0.062679835
0.0966695,0.095580496
0.13278602,0.13200274
0.1661596,0.18454933
0.18268667,0.19622442
0.20312877,0.22807547
0.22490115,0.2091108
0.23335913,0.23438153
0.23773097,0.25337306
0.25010595,0.2450365
0.24285178,0.23195584
0.2347673,0.23278925
0.22941585,0.23646465
0.225479,0.24036431
0.22303417,0.23098807
0.23119701,0.21277368
0.2181807,0.197695
0.19849801,0.18411484
0.16266371,0.1340155
0.118764296,0.10241399
0.08917627,0.093531914
0.07344132,0.06758266
0.062143687,0.05435445
0.061058912,0.051329955
0.06987897,0.06729231
0.10265288,0.09726048
0.14908443,0.15281166
0.1761071,0.180691
0.19797224,0.2082972
0.21200438,0.21671435
0.22144148,0.22430092
0.221377,0.22733189
0.23473904,0.23025145
0.24184984,0.237224
0.2562282,0.23891868
0.25738686,0.22512037
0.2620861,0.23256332
0.25276703,0.2335836
0.23760547,0.22070199
0.24608874,0.21247472
0.22372313,0.20105478
0.1904785,0.18020636
0.14803785,0.14736082
0.11827324,0.10475422
0.08338485,0.07979504
0.06460092,0.058603894
0.04231318,0.05116789
0.0441137,0.038711086
0.052437253,0.05267324
0.07612871,0.084838085
0.124148,0.12164487
0.1585007,0.16654547
0.16994119,0.19251093
0.18879306,0.20979872
0.2027776,0.21113488
0.21213037,0.2333645
0.2285389,0.22609912
0.2422764,0.23752148
0.23487344,0.22683384
0.23201296,0.22105941
0.2309629,0.23404057
0.22619128,0.23347124
0.22014342,0.21654312
0.22011366,0.2097311
0.20508999,0.21209139
0.1780083,0.19219866
0.13431175,0.15128496
0.107581735,0.11505132
0.10798059,0.06470428
0.10837944,0.050559558
0.10877829,0.046533883
0.10917714,0.03694021
0.109575994,0.052032042
0.109974846,0.072421186
0.1103737,0.10927421
0.11077255,0.15173057
0.1111714,0.1659334
0.111570254,0.17813197
0.111969106,0.18890825
0.11236796,0.19593343
0.11276681,0.19639464
0.11316567,0.20659931
0.11356452,0.19822595
0.11396337,0.19636858
0.114362225,0.20637783
0.11476108,0.18885297
0.11515993,0.17876844
0.11555878,0.16566381
0.11595763,0.17441066
0.116356485,0.16558243
0.11675534,0.12319815
0.11715419,0.08440173
0.11755304,0.08562223
0.085656084,0.06797869
0.07291108,0.06143175
0.05883232,0.05300936
0.0574177,0.05808547
0.06487125,0.06498106
0.08241713,0.07156469
0.09627071,0.093096144
0.12115358,0.10396916
0.14339817,0.124063805
0.16830435,0.13582861
0.19108711,0.15495017
0.20195124,0.15430167
0.22392946,0.15346357
0.24163705,0.15673861
0.25141937,0.16038011
0.26470304,0.16596557
0.27033672,0.16547379
0.258182,0.16781832
0.25511813,0.15957466
0.22899622,0.15597276
0.2060835,0.14383908
0.17097884,0.119544305
0.13253455,0.09980341
0.1036454,0.08961279
0.079912774,0.0842262
0.05964528,0.06140913
0.05576102,0.060819104
0.046456855,0.05142667
0.0506164,0.08399746
0.06085753,0.1064529
0.067461915,0.12779391
0.09224856,0.17881784
0.12367282,0.18229753
0.14562228,0.20526214
0.1712085,0.24335599
0.20372298,0.2885402
0.2284526,0.27126104
0.25163713,0.2969341
0.2734487,0.3207202
0.29815698,0.29491806
0.2848852,0.3048919
0.2746396,0.2798681
0.2680392,0.25961047
0.25588793,0.23809959
0.2323433,0.21955219
0.19447635,0.16856745
0.15312742,0.13495347
0.12382807,0.13206157
0.100800276,0.10762272
0.081636414,0.07690621
0.07795452,0.07815407
0.08476673,0.06611305
0.10093519,0.089610435
0.14310552,0.13872656
0.16149363,0.1885918
0.18403484,0.22629574
0.21675666,0.26264992
0.24596474,0.2715298
0.27302608,0.29757825
0.3063203,0.36323822
0.33442327,0.37803602
0.33423728,0.37965572
0.36403462,0.4056305
0.38212067,0.42016423
0.38398913,0.42085108
0.3543862,0.4139573
0.33611965,0.37675583
0.31521824,0.3454837
0.28444675,0.3369087
0.23246829,0.26305982
0.17786297,0.2047374
0.13363916,0.1654385
0.10568995,0.12607203
0.08744519,0.103202164
0.07037052,0.10398105
0.075698175,0.10925158
0.09768434,0.12015019
0.14077179,0.16832371
0.17254426,0.2061166
0.20060258,0.2573573
0.23356299,0.2898135
0.27762857,0.31463444
0.3096436,0.34435466
0.34907642,0.37732893
0.3656645,0.4052201
0.3867147,0.40611675
0.40318474,0.41341782
0.42858198,0.42777807
0.4265647,0.41960633
0.39459038,0.4004079
0.37116775,0.39193606
0.33499816,0.36668843
0.3045823,0.3329777
0.26127064,0.26713055
0.19919887,0.21273336
0.15306145,0.14599201
0.1209522,0.1177992
0.10298471,0.09885518
0.093085825,0.07535976
0.089282416,0.08236355
0.1162902,0.10417443
0.15931068,0.13577603
0.18752626,0.169687
0.21304749,0.22332218
0.24777369,0.24801913
0.28102028,0.28390583
0.3179314,0.3279873
0.3309403,0.3728489
0.35992566,0.38037252
0.38685805,0.41284496
0.4094325,0.43288386
0.4225391,0.43283516
0.3989508,0.42552334
0.36582622,0.4033992
0.34556466,0.37927124
0.30358034,0.3580797
0.27594015,0.32681674
0.23270687,0.27020472
0.18136431,0.21464106
0.14071326,0.15010351
0.10749791,0.1138741
0.09459915,0.08953211
0.081852674,0.083955616
0.085011765,0.08353459
0.105304554,0.096576735
0.15177083,0.12310076
0.17843933,0.15601508
0.20080099,0.18456653
0.2349553,0.2243622
0.26453587,0.21764989
0.28903088,0.2563297
0.3224724,0.2990679
0.33900195,0.30592233
0.35680032,0.31232202
0.3763064,0.32544217
0.3862083,0.33919
0.36272168,0.34162372
0.32977417,0.33651033
0.32295552,0.31309444
0.30242762,0.2925132
0.27418476,0.26844144
0.22729738,0.20857167
0.18376352,0.17186671
0.18094546,0.13332471
0.1781274,0.11155005
0.17530935,0.09177223
0.17249128,0.090713695
0.16967322,0.09404749
0.16685516,0.07992272
0.16403711,0.09695532
0.16121905,0.13727061
0.15840098,0.1569019
0.15558292,0.19281426
0.15276487,0.21933682
0.14994681,0.24707225
0.14712875,0.28611985
0.14431068,0.2989505
0.14149264,0.3157852
0.13867457,0.3414869
0.13585651,0.3525061
0.13303845,0.33821344
0.1302204,0.33740792
0.12740234,0.30938566
0.12458427,0.29392275
0.12176622,0.2709236
0.118948154,0.2198917
0.1161301,0.17647713
0.113312036,0.09046855
0.11049398,0.08365977
0.10767592,0.07932264
0.10485786,0.06975907
0.1020398,0.07336109
0.09922174,0.077699654
0.09640368,0.07593867
0.09358562,0.10061981
0.09076756,0.10708067
0.0879495,0.13291222
0.085131444,0.1586628
0.08231338,0.17010802
0.079495326,0.16897789
0.07667726,0.1673247
0.07385921,0.17126128
0.071041144,0.16905847
0.06822309,0.1753381
0.065405026,0.17847675
0.06258697,0.17627537
0.05976891,0.17519772
0.056950852,0.17177688
0.054132793,0.1488255
0.051314734,0.13176498
0.048496675,0.11011711
0.045678616,0.05615457
0.025638295,0.0619726
0.017115343,0.053954847
0.010800136,0.050587535
0.014155649,0.0705652
0.0180161,0.06163494
0.03468801,0.07070483
0.05539348,0.091615744
0.07467838,0.09409189
0.087432295,0.104212694
0.09980528,0.119718544
0.103435084,0.12551455
0.10571227,0.13387471
0.108785555,0.12239304
0.110702634,0.11628698
0.11372533,0.11978592
0.12303941,0.1118166
0.12101519,0.105269335
0.10341326,0.09494113
0.12079546,0.10796562
0.122568205,0.1322657
0.110310785,0.10470627
0.09410562,0.08930243
0.066997156,0.067724735
0.048849113,0.054821618
0.033671685,0.04740626
0.02766549,0.04124202
0.026421992,0.037078552
0.03479217,0.049685515
0.06271509,0.053060867
0.08320281,0.073801175
0.11977963,0.10571399
0.15616201,0.10761633
0.17907621,0.11955972
0.17768243,0.12639613
0.17593944,0.13652284
0.17536755,0.14309672
0.17285971,0.14067146
0.17448713,0.1342907
0.17398962,0.13844812
0.17742202,0.13641497
0.17052598,0.12840481
0.14764154,0.12666455
0.16072482,0.12632605
0.15406092,0.1416765
0.1491514,0.12734824
0.1162277,0.1028752
0.077255145,0.078540385
0.055681165,0.0571753
0.0412418,0.046985757
0.035316456,0.04092005
0.03369053,0.036052465
0.045582388,0.05271572
0.07225784,0.060206663
0.09777808,0.10063191
0.13226223,0.1232432
0.16551429,0.14157143
0.17419101,0.14757833
0.18114507,0.17860481
0.18391281,0.1729374
0.18522625,0.17156702
0.18160686,0.17211668
0.17204973,0.18707871
0.17157505,0.18464407
0.16885294,0.17934604
0.17194359,0.17861772
0.15762772,0.18089877
0.16612537,0.16852632
0.15394485,0.16091304
0.14250436,0.15203787
0.107118465,0.13311665
0.076286934,0.09735517
0.053546336,0.10219195
0.034205392,0.07792411
0.029502714,0.06748801
0.027174937,0.055549383
0.036161657,0.0763395
0.06879965,0.110866226
0.090411335,0.16326712
0.12861805,0.18118097
0.15764062,0.2194922
0.17130323,0.21599036
0.18113664,0.22647496
0.18693452,0.2373345
0.1845249,0.22665109
0.18188612,0.22368516
0.17628863,0.24269162
0.17542955,0.22881296
0.1791407,0.22416478
0.148578,0.23489842
0.15043408,0.2151677
0.15359119,0.20342207
0.15483171,0.19247442
0.14424387,0.16961065
0.11616966,0.14269008
0.074960604,0.105508395
0.049987953,0.063074924
0.036734052,0.04188976
0.027541984,0.038618237
0.027290506,0.032362446
0.038935844,0.038084902
0.06661274,0.054007344
0.11410775,0.08918122
0.15298656,0.12515551
0.16301985,0.13547912
0.18232608,0.15039344
0.19228993,0.16207851
0.1955289,0.1739594
0.19615883,0.17754735
0.20081042,0.17420478
0.20379491,0.18880284
0.19803573,0.19542927
0.188616,0.18697135
0.1695414,0.18668094
0.17238106,0.19564378
0.17071001,0.16982192
0.16214539,0.15535273
0.14353853,0.15709001
0.1114283,0.12336972
0.07663315,0.0930191
0.057961326,0.06471317
0.04403285,0.04440205
0.032627583,0.04092709
0.031326048,0.028016008
0.03887533,0.031168764
0.07792625,0.04347921
0.12495749,0.065549865
0.16778205,0.088926144
0.18006675,0.10464318
0.19110002,0.1180211
0.19268477,0.13211846
0.19258259,0.14091466
0.19394612,0.14624926
0.19383155,0.14641961
0.18725692,0.15040515
0.18929206,0.15346718
0.1783818,0.15735377
0.15442845,0.16148135
0.14444377,0.16401859
0.15491107,0.15702665
0.1522222,0.15288098
0.13728781,0.15334037
0.112198606,0.12833172
0.09154918,0.09738762
0.06647783,0.0703334
0.055223346,0.061160687
0.043412838,0.051890746
0.0418881,0.045856938
0.040446196,0.05230383
0.053736802,0.05705346
0.06376217,0.06794395
0.09102887,0.08865815
0.11484383,0.0960215
0.14047915,0.11620626
0.15805776,0.12549698
0.16180314,0.13610129
0.15812275,0.14223562
0.16666256,0.14219825
0.16444936,0.13235882
0.15335955,0.1296742
0.13230042,0.13127612
0.13561726,0.13983348
0.14132881,0.13652329
0.1449244,0.14343905
0.13633597,0.15533005
0.13425867,0.13290806
0.12025927,0.11615861
0.100981325,0.09074894
0.07737617,0.07567585
0.063604936,0.06568586
0.04939175,0.05166489
0.046896815,0.043859124
0.050283577,0.054719064
0.05214808,0.05305058
0.0714424,0.068169594
0.083445854,0.08380966
0.101270996,0.09414016
0.1120746,0.113415375
0.11385577,0.11874423
0.12678628,0.12673213
0.13224587,0.13624899
0.13142943,0.13195115
0.12657943,0.13064498
0.12642518,0.13078614
0.13671888,0.13505737
0.14677005,0.14578497
0.1383205,0.14105242
0.15000255,0.14722633
0.15058833,0.15391298
0.1445876,0.13473338
0.12109753,0.11572734
0.09338343,0.0902262
0.06854966,0.084351756
0.0630995,0.07050004
0.05703478,0.06032513
0.058582332,0.064477816
0.06965825,0.0751056
0.09578511,0.100679986
0.12841716,0.13161197
0.17007114,0.17451559
0.18547773,0.18704605
0.20928724,0.21173239
0.2035474,0.2017741
0.20520754,0.22053275
0.21608257,0.21909383
0.21714404,0.21125562
0.21915586,0.2011702
0.21328309,0.19587994
0.20538612,0.19765149
0.19087681,0.20022497
0.20140712,0.19087207
0.20139223,0.18994851
0.18586808,0.18561767
0.15906665,0.1560072
0.14315413,0.12658682
0.111083575,0.105425395
0.08913014,0.085148044
0.07472599,0.07498556
0.066402435,0.057059012
0.06569264,0.05717233
0.08040977,0.080824696
0.08554547,0.09828183
0.13548085,0.14433393
0.17655797,0.18659095
0.18788883,0.20747492
0.19805111,0.23200813
0.2028505,0.2403117
0.20711124,0.24631229
0.210994,0.26020494
0.20988096,0.2698599
0.19972812,0.25038928
0.18719938,0.2468256
0.19185594,0.25745252
0.19906645,0.25302833
0.20385839,0.22631325
0.20969893,0.23484528
0.18480167,0.24433206
0.16300002,0.20132029
0.13020925,0.1658403
0.12011295,0.12306785
0.100834005,0.07765377
0.08100003,0.06518429
0.08118107,0.05361758
0.07473442,0.047353446
0.08184721,0.059006356
0.09314882,0.07687974
0.13991866,0.11578883
0.17281011,0.15422378
0.19470254,0.17438033
0.21735385,0.19443485
0.22672796,0.20227414
0.21710932,0.21585459
0.2169883,0.24324028
0.21260257,0.23670112
0.20457514,0.24134101
0.1925801,0.24501535
0.1697914,0.24315253
0.1790539,0.23647037
0.18945771,0.22743319
0.19676296,0.21468246
0.19095667,0.21431391
0.16192864,0.19552717
0.15071185,0.1569699
0.1267208,0.120095395
0.09966292,0.08295465
0.08787176,0.07422689
0.08095142,0.064346336
0.079554155,0.07375471
0.09241571,0.08448123
0.12762602,0.109271355
0.15021385,0.15839806
0.18698858,0.21356297
0.18837196,0.23412338
0.21215567,0.24341431
0.22398254,0.24247897
0.22430941,0.25226918
0.22102681,0.2670046
0.22370477,0.2580855
0.21428554,0.24903558
0.20647138,0.2550614
0.18084301,0.24018562
0.18086632,0.23176822
0.19435383,0.22220133
0.1938365,0.2152974
0.1788416,0.21287385
0.15421666,0.1960777
0.13593122,0.14818424
0.11001665,0.116450086
0.085494876,0.090325005
0.069181085,0.06990239
0.0561618,0.053706676
0.049387284,0.056714877
0.05864731,0.0733097
0.08365319,0.09731727
0.12133264,0.14632288
0.16235024,0.18286584
0.17190985,0.21150675
0.1887137,0.21594715
0.19742265,0.23811044
0.19548821,0.23859265
0.19931246,0.22711381
0.1952169,0.2408051
0.18449166,0.22188482
0.17565672,0.21645975
0.17642257,0.21665506
0.17744732,0.21514753
0.17757033,0.20998995
0.16584216,0.21041092
0.15966335,0.19722927
0.1382476,0.18080628
0.111729875,0.14337507
0.09504209,0.10590368
0.07352912,0.08863575
0.05977474,0.07334929
0.048312925,0.060353905
0.045162268,0.054362178
0.052425846,0.058540225
0.05592421,0.06188908
0.07218443,0.06925208
0.10013215,0.086875126
0.118243985,0.09599001
0.13472939,0.11914789
0.1454348,0.1225167
0.14958143,0.13641554
0.1533035,0.14381821
0.14898475,0.13858585
0.14150341,0.12983458
0.13532063,0.13471302
0.14920942,0.14037615
0.15821302,0.14652176
0.1483429,0.15020621
0.15317702,0.1552634
0.14394973,0.1534562
0.14228661,0.14078619
0.12585378,0.116974816
0.09832171,0.09718058
0.07924762,0.060096137
0.07412086,0.05741991
0.06387774,0.049491033
0.054706503,0.042214483
0.055898912,0.052890796
0.061552443,0.050579954
0.07259761,0.055397823
0.09511997,0.07941179
0.10882375,0.08119765
0.12086838,0.09786843
0.13161594,0.10297617
0.13604829,0.119135074
0.1472854,0.12662521
0.14392245,0.119423404
0.14575124,0.111616895
0.14379697,0.115098715
0.14918016,0.11277664
0.13384153,0.1148386
0.14508362,0.112033136
0.16093165,0.12211705
0.15512931,0.14026092
0.14768866,0.12140854
0.14228214,0.10206821
0.12219669,0.082780614
0.09957364,0.09757722
0.08734649,0.07691955
0.08476227,0.066439494
0.086445235,0.060689136
0.10400996,0.07458583
0.13006341,0.09896164
0.17221639,0.13076213
0.2173469,0.15848532
0.22631231,0.18224743
0.2311008,0.20248157
0.21855816,0.19886059
0.20867863,0.21633413
0.199432,0.21599464
0.2125118,0.20954375
0.2008734,0.21188234
0.19173491,0.20276892
0.18981385,0.2096203
0.18589686,0.2162661
0.20416494,0.20754021
0.21053867,0.21025234
0.196199,0.2013435
0.17356603,0.17844978
0.156226,0.15036882
0.11613544,0.12576303
0.091359705,0.11092775
0.08117909,0.08771134
0.07426569,0.07651885
0.0704474,0.08138025
0.085890196,0.08262228
0.120180406,0.10117682
0.14561832,0.14036962
0.18632393,0.1683113
0.19422935,0.18998122
0.20099741,0.20094377
0.20650263,0.20923966
0.20524277,0.2116735
0.20418379,0.20446955
0.21020138,0.20377617
0.21578051,0.20589428
0.2178082,0.19817422
0.2236775,0.19316578
0.20539752,0.20159632
0.21055652,0.21583949
0.21165569,0.20636342
0.18694295,0.18832831
0.17660262,0.17132509
0.15329458,0.15140137
0.113107294,0.12003838
0.089658886,0.09434418
0.07916529,0.07218606
0.0643063,0.07102647
0.05340993,0.056311145
0.06446204,0.07092943
0.08085718,0.099669345
0.10936936,0.14310813
0.16184977,0.16902731
0.18916556,0.2038902
0.20442583,0.20290315
0.20593767,0.2191313
0.21898821,0.23084487
0.22061165,0.2243502
0.22260065,0.22341849
0.21741436,0.2415569
0.21778786,0.23706159
0.20527054,0.22370657
0.19536173,0.22604303
0.21085215,0.21963169
0.20692374,0.20485955
0.18985651,0.20232995
0.17477928,0.1841422
0.14549382,0.15493488
0.11340441,0.12013839
0.09057701,0.07513905
0.07245972,0.052357007
0.05692863,0.059531957
0.056431133,0.04446116
0.06067252,0.056405734
0.0911737,0.08990688
0.123677775,0.1145443
0.14814152,0.15058346
0.16784851,0.1739263
0.19359346,0.1859009
0.19206822,0.20245136
0.2038579,0.22033288
0.21812962,0.22022216
0.21789104,0.20659943
0.20986757,0.2176647
0.20785476,0.22282204
0.21337336,0.20442103
0.21354847,0.20657447
0.21347356,0.20714544
0.21708749,0.20196268
0.19082224,0.18414897
0.17507936,0.16990104
0.13969694,0.13849819
0.116665676,0.12000337
0.092871055,0.097098164
0.0773603,0.06886468
0.057775322,0.061862655
0.05558841,0.054106712
0.06768809,0.06433373
0.09607627,0.09112064
0.12585478,0.12240893
0.15536195,0.14963974
0.1775103,0.17833376
0.1936138,0.19182062
0.20518027,0.19707564
0.21233521,0.21504858
0.22127482,0.2041766
0.22418293,0.21157105
0.2239374,0.20409848
0.21833546,0.20260489
0.21933344,0.20683694
0.22344041,0.21227136
0.22324002,0.20445035
0.20821635,0.19996631
0.19089963,0.18624307
0.17157009,0.17001554
0.14321811,0.13100705
0.1264093,0.103799246
0.09921503,0.0891171
0.08939104,0.058312032
0.0736432,0.058581993
0.07287339,0.036076203
0.07239325,0.04277747
0.07913552,0.05569243
0.100960985,0.06484646
0.11786255,0.08783491
0.1405605,0.10651332
0.16511054,0.11807422
0.16239637,0.14589906
0.1716182,0.16747743
0.17405957,0.17758559
0.16609661,0.18163355
0.162255,0.19382715
0.15854336,0.21213569
0.15733805,0.21827558
0.15925068,0.20724422
0.1557652,0.21315993
0.1645947,0.20364773
0.14595708,0.19422306
0.14339718,0.19708756
0.11597721,0.15714523
0.08833057,0.1295659
0.07412433,0.076900385
0.06183715,0.066385664
0.05704321,0.05817327
0.043645468,0.043264866
0.040471494,0.046168037
0.042774472,0.050533403
0.06277511,0.04750478
0.07839994,0.07645573
0.102612704,0.07888937
0.12467724,0.10227491
0.13484347,0.12352742
0.136146,0.14184415
0.15100002,0.1497145
0.15056056,0.14995018
0.1549701,0.14246438
0.15132046,0.15606064
0.15565261,0.15899378
0.17069611,0.1592564
0.1874077,0.16216446
0.18213312,0.16955224
0.16630891,0.1766562
0.16139641,0.16305639
0.14400975,0.14288118
0.12142242,0.11271382
0.091451965,0.106824644
0.07421361,0.08937821
0.066133104,0.069983855
0.0689306,0.0624779
0.074763194,0.08158379
0.107997395,0.091621056
0.14697193,0.12688479
0.16830137,0.14862765
0.18822066,0.17418182
0.19830655,0.1904037
0.22239085,0.20672202
0.22510947,0.21600685
0.23275895,0.2232375
0.22833404,0.22501816
0.22724926,0.22185105
0.2250068,0.22240272
0.23120148,0.22402525
0.216466,0.23073609
0.22498448,0.22772934
0.21831314,0.22834471
0.2098879,0.2186077
0.18708332,0.18980293
0.15091322,0.16494855
0.1346917,0.12782712
0.11922112,0.10845523
0.11417422,0.08854154
0.09656981,0.08515777
0.10122337,0.07196839
0.116484635,0.08274651
0.1437409,0.10900721
0.1738929,0.13018131
0.22241168,0.15900369
0.2326925,0.17700753
0.2427744,0.1909183
0.24612743,0.19099158
0.22778992,0.20839608
0.23469537,0.20196746
0.24458484,0.18909691
0.23941293,0.1869596
0.22663818,0.17942159
0.23288147,0.17707475
0.22439076,0.18668616
0.23076151,0.18794699
0.22185862,0.18974203
0.22598246,0.1908983
0.20969148,0.17605601
0.17036131,0.15516469
0.15120786,0.13620299
0.11771375,0.124355145
0.11434434,0.10626926
0.10599649,0.10255742
0.10963026,0.10108289
0.12191049,0.11272877
0.15614714,0.13227123
0.20505825,0.1675283
0.2431231,0.21524231
0.25550205,0.22698247
0.2597583,0.25244918
0.25579467,0.2379138
0.2557942,0.24843445
0.24086823,0.25611272
0.24277887,0.24328144
0.24967292,0.23558737
0.26131627,0.22813144
0.26675949,0.22717866
0.26478985,0.22872025
0.27196762,0.23051603
0.27155888,0.2319721
0.26790527,0.23450862
0.24065197,0.2155943
0.20945042,0.1821959
0.18026367,0.16256177
0.17056914,0.15590918
0.16724983,0.14811496
0.16325745,0.1422731
0.15954232,0.14153917
0.16589424,0.15295357
0.19685423,0.16731122
0.24479514,0.19443886
0.28783053,0.24800216
0.30584118,0.26128966
0.2894009,0.2802524
0.27627298,0.26887274
0.26270658,0.27399114
0.24700885,0.2785447
0.23325595,0.26038688
0.22097969,0.24862902
0.20208119,0.24219698
0.21108577,0.23890382
0.2173107,0.2307269
0.24328728,0.22805203
0.25329378,0.23460597
0.2370316,0.24229287
0.23154472,0.21919766
0.21790889,0.19035622
0.18146153,0.1635951
0.16855186,0.13113776
0.14749274,0.11997361
0.1414925,0.12635624
0.14144588,0.117743105
0.13604829,0.12532166
0.17830789,0.15606615
0.21910775,0.18571356
0.2523985,0.2421373
0.2588868,0.26020792
0.2595842,0.25949556
0.23897645,0.2638112
0.21532616,0.25731117
0.21653594,0.24076203
0.20607656,0.22709651
0.19533098,0.20689523
0.19113225,0.19826072
0.1801471,0.18161865
0.18413205,0.16760352
0.20510387,0.1795319
0.19914679,0.18968007
0.1868993,0.19621326
0.18357751,0.19073336
0.16843827,0.1650917
0.13830711,0.13851565
0.11525353,0.11122794
0.09990845,0.10883968
0.09331895,0.09226705
0.08774528,0.098565504
0.08420872,0.104657285
0.081011936,0.098123625
0.10974732,0.121557295
0.12915324,0.14005725
0.14711826,0.14574881
0.16206305,0.15356116
0.16291371,0.16129127
0.14156441,0.15442239
0.16150057,0.1546584
0.1613101,0.14877434
0.15004471,0.13837792
0.15053625,0.13105063
0.15242903,0.13097905
0.14598238,0.1307251
0.16554604,0.13551244
0.16163996,0.14647226
0.1523348,0.1542999
0.1531671,0.13504487
0.13747928,0.124732345
0.11067784,0.09801767
0.08920256,0.10530823
0.07767676,0.07942133
0.06753979,0.06080758
0.06173547,0.067932636
0.057885934,0.06526009
0.06489903,0.07121294
0.07371066,0.09977018
0.09245192,0.10040556
0.10618993,0.11554966
0.11991405,0.14102972
0.12370407,0.13786995
0.12494211,0.13349149
0.12973209,0.14891814
0.13174985,0.14833994
0.12837103,0.15297884
0.12843254,0.1479016
0.12925145,0.1586637
0.13264962,0.17606916
0.16393152,0.18372297
0.17248721,0.18319027
0.17128092,0.16511975
0.15655734,0.14893186
0.15233827,0.12918626
0.13271509,0.1006174
0.109931834,0.09277678
0.093174115,0.079946786
0.08811183,0.0630579
0.084132336,0.068163976
0.0903657,0.07545798
0.10976666,0.08266068
0.14176282,0.111511506
0.17006469,0.14683801
0.19347739,0.15887728
0.2081231,0.17682213
0.21142802,0.18178526
0.21593377,0.18913367
0.2075145,0.19280551
0.20412277,0.19891323
0.20789096,0.18305437
0.20109512,0.18019448
0.20088778,0.18859005
0.19146904,0.19210355
0.22298557,0.19259754
0.21734741,0.1983074
0.19565587,0.19677366
0.18739581,0.17415032
0.1634995,0.15311784
0.12753972,0.11832767
0.088312216,0.09384806
0.0705719,0.074688695
0.05900047,0.071477436
0.05056035,0.060207635
0.049025692,0.07093967
0.06148548,0.0950937
0.09329018,0.13419822
0.118955754,0.18156251
0.14936864,0.21033308
0.17873694,0.21091479
0.19010104,0.25407606
0.19476058,0.25360206
0.19418569,0.24166942
0.1909016,0.25801075
0.19180237,0.25388125
0.19585279,0.24969247
0.19712208,0.23535465
0.20776002,0.23147169
0.2087704,0.24077062
0.20270765,0.23477924
0.19018388,0.22939204
0.17859855,0.21785772
0.15290323,0.19105652
0.13042799,0.14434499
0.10912532,0.11932636
0.09118859,0.09105197
0.079052694,0.084346905
0.07553846,0.08403432
0.0763911,0.085699864
0.092547655,0.11387471
0.12998058,0.15520748
0.16116627,0.19290423
0.18364745,0.21271122
0.21507022,0.22773415
0.21652254,0.2336247
0.22078824,0.23581797
0.21024603,0.22936927
0.2069917,0.22871794
0.19876933,0.21553026
0.20460787,0.20374277
0.19998802,0.19860461
0.19438162,0.21385004
0.22322711,0.23824675
0.22102135,0.23463368
0.20157972,0.21615273
0.19923855,0.21714953
0.18123585,0.19130206
0.14631967,0.16284788
0.118941374,0.13498613
0.11886515,0.1015352
0.11878892,0.093022004
0.11871269,0.07042366
0.11863647,0.07147955
0.11856024,0.101831295
0.11848401,0.13221766
0.118407786,0.15064289
0.11833156,0.19734827
0.11825533,0.18865451
0.118179105,0.20854372
0.11810288,0.22642079
0.11802665,0.19971384
0.117950425,0.20620416
0.1178742,0.22687377
0.11779797,0.21828368
0.117721744,0.20772967
0.11764552,0.22654204
0.11756929,0.24292614
0.11749306,0.22365461
0.11741684,0.20966357
0.11734061,0.20832197
0.11726438,0.18559177
0.117188156,0.15109493
0.11711193,0.089864664
0.1170357,0.066682994
0.107852064,0.066338345
0.093100704,0.055804476
0.08808306,0.05436042
0.103850245,0.07581558
0.1376256,0.09780695
0.17996061,0.116039455
0.18805699,0.14545819
0.20779276,0.15507114
0.22315371,0.19528183
0.22860734,0.1974498
0.20616485,0.18625562
0.20636275,0.19678093
0.19966711,0.21149816
0.19748367,0.1972684
0.19313663,0.18975446
0.1829079,0.21613169
0.20313472,0.22805358
0.20563163,0.22675729
0.19168083,0.21692653
0.17839965,0.19821976
0.15895753,0.19578928
0.13473138,0.16061845
0.12396001,0.122012295
0.11577286,0.09998994
0.1076477,0.076496035
0.103453934,0.09197518
0.104136944,0.085970625
0.10752618,0.09895398
0.122658975,0.11982192
0.1418149,0.14001381
0.14573091,0.14835644
0.15844664,0.1804074
0.1696034,0.16364709
0.17481449,0.15879253
0.17792001,0.15753318
0.18091989,0.14919457
0.17866552,0.12077363
0.17222333,0.11262822
0.17252144,0.121721864
0.15996443,0.14636418
0.19449024,0.15675645
0.19705263,0.17234874
0.18770878,0.1476696
0.18126363,0.13329676
0.17840809,0.11435898
0.16804643,0.09744178
0.14499384,0.13334301
0.12723567,0.1191128
0.12029697,0.11359145
0.11517169,0.10738981
0.11534133,0.11373141
0.12367728,0.115969874
0.1305396,0.12220122
0.13286985,0.1448339
0.14260554,0.15580639
0.16863966,0.16613421
0.17159638,0.16568571
0.17213653,0.1756512
0.16773792,0.1785428
0.1592968,0.17112522
0.15008737,0.16209243
0.15247566,0.15793692
0.1578291,0.15719627
0.1605894,0.16362052
0.2007251,0.17489392
0.21252172,0.19574578
0.21139826,0.21220182
0.20190461,0.1951413
0.197629,0.18064466
0.17924635,0.16419025
0.15694074,0.15122005
0.1341932,0.13176742
0.12929708,0.13479571
0.12855555,0.12167975
0.13361187,0.12442925
0.12855157,0.14756699
0.16902556,0.16072825
0.21085066,0.19607651
0.23195939,0.22033158
0.24047986,0.22588703
0.23274606,0.22760493
0.21701013,0.23529866
0.22546661,0.21784405
0.22882411,0.20185451
0.2224216,0.20661767
0.20964982,0.19333991
0.2111691,0.18862785
0.20050883,0.19862509
0.22656874,0.20801277
0.22603305,0.21514317
0.21057786,0.21286395
0.19801737,0.20261635
0.1752242,0.18639374
0.15536046,0.16515444
0.13905014,0.16183767
0.11663393,0.14006574
0.107741944,0.122352764
0.10091139,0.12314151
0.10397177,0.13770713
0.122923344,0.15532336
0.16268307,0.21170953
0.2128223,0.23193108
0.24383438,0.2756319
0.24009247,0.26876265
0.2308756,0.28231514
0.22869365,0.268497
0.2159189,0.24907763
0.20983583,0.25484616
0.21128914,0.25349772
0.22076343,0.22806123
0.22012259,0.22754997
0.235489,0.23904444
0.26698914,0.24229358
0.26581904,0.24069795
0.25974393,0.22938691
0.24135779,0.21058975
0.22362046,0.18712789
0.1992832,0.14763798
0.16935788,0.18265733
0.1522857,0.15535897
0.13979366,0.13383593
0.13913248,0.131765
0.14400975,0.12689707
0.15722942,0.14233853
0.19274974,0.17498097
0.2454861,0.1975336
0.27517432,0.22812614
0.27056837,0.23175135
0.2583005,0.23112178
0.24769235,0.23407432
0.23720916,0.22389357
0.23192069,0.22363491
0.23710896,0.22998513
0.23292015,0.21608508
0.22730283,0.21889977
0.22945453,0.23412243
0.26241297,0.25377384
0.2587127,0.24583718
0.24240437,0.23007278
0.23093562,0.22771847
0.21127872,0.21015778
0.17692204,0.17046183
0.15027784,0.18080205
0.12688151,0.15439913
0.11495344,0.14141196
0.11386867,0.13457423
0.12324625,0.12845212
0.1335836,0.13593514
0.16433577,0.18025799
0.22013003,0.20398256
0.24626036,0.24725711
0.2526837,0.2298024
0.22748388,0.2711113
0.2073647,0.24392715
0.20452602,0.23662551
0.19957832,0.25046837
0.20261738,0.2376958
0.2006011,0.22782567
0.20029952,0.2180132
0.22356291,0.21851307
0.25181618,0.2579823
0.24646422,0.25660157
0.23281054,0.24973391
0.21223849,0.25676212
0.19978763,0.24342787
0.16583918,0.19432725
0.14425379,0.18481025
0.12033367,0.1476266
0.106431484,0.11337851
0.09577817,0.121925265
0.09438785,0.12035242
0.10807527,0.13846996
0.1419905,0.18334042
0.18756445,0.21234725
0.20963891,0.247022
0.23114146,0.26978633
0.23533574,0.27025878
0.24522221,0.2710564
0.24801624,0.27606034
0.2430963,0.2896068
0.24964018,0.26780957
0.24394797,0.26330712
0.23920907,0.27404264
0.24732728,0.2939902
0.25220504,0.31150818
0.23476134,0.30993956
0.22110072,0.2837
0.20626454,0.26101387
0.18422778,0.22767013
0.15631379,0.18467596
0.13028117,0.13039187
0.10750188,0.10305672
0.09800972,0.0970905
0.088618256,0.090218216
0.09107847,0.08326922
0.10378775,0.10743746
0.12396596,0.116009876
0.15650079,0.1369861
0.16575436,0.16666579
0.17316476,0.18988806
0.1754851,0.1924777
0.1801476,0.20933719
0.17051359,0.20084323
0.16118164,0.20324476
0.16105764,0.18511878
0.1578182,0.17063951
0.16299655,0.17047527
0.18506604,0.20264685
0.2231428,0.22223912
0.23043613,0.23813981
0.22459015,0.22879599
0.21976645,0.21174473
0.20437822,0.19189623
0.19060796,0.17823273
0.16877407,0.17827216
0.15109576,0.16327892
0.14209911,0.13532357
0.1317677,0.13986039
0.13360891,0.1342825
0.13457216,0.12440377
0.1428228,0.14752832
0.16267265,0.16101597
0.17341326,0.18613517
0.18053795,0.19239986
0.17881581,0.21122223
0.17299712,0.18945323
0.1640456,0.18572195
0.16456294,0.17778958
0.16246234,0.18341205
0.16063851,0.17140262
0.16569336,0.1689972
0.1943087,0.18460168
0.23491809,0.21980573
0.23837231,0.21570466
0.22789954,0.19238889
0.21870202,0.19507547
0.2050002,0.19226617
0.17834708,0.15617558
0.15697448,0.16529804
0.14045385,0.14728001
0.1321427,0.13662226
0.13516738,0.13412759
0.13829869,0.13572244
0.15776314,0.1414586
0.19841865,0.1605244
0.21960376,0.19381571
0.24660261,0.21373004
0.27233565,0.2212879
0.26238418,0.23159748
0.26997465,0.23030922
0.25966406,0.2298366
0.25470495,0.22694515
0.257931,0.21171816
0.26225868,0.20778322
0.26330727,0.2048107
0.26907536,0.20587347
0.2917763,0.23014231
0.28930417,0.23976594
0.2790898,0.24094887
0.2659257,0.24019045
0.23871902,0.21904397
0.20240161,0.1906725
0.17672959,0.1787428
0.14868018,0.16103019
0.13470459,0.1464703
0.12662259,0.15231284
0.12241741,0.14744799
0.13817368,0.16774887
0.16778553,0.15492368
0.21285751,0.20427613
0.24897206,0.21843728
0.27136397,0.2597671
0.28954422,0.25426918
0.2957642,0.2784306
0.30350694,0.27131745
0.3028026,0.24514385
0.3018329,0.20623189
0.28936964,0.21668836
0.29365864,0.20093422
0.29986474,0.2214514
0.31478623,0.23967193
0.30181703,0.26573914
0.2871118,0.23725961
0.27064574,0.21114318
0.24274068,0.18799698
0.21410449,0.18611458
0.18216537,0.16443023
0.15227824,0.14055836
0.14158823,0.12485862
0.1245701,0.11450763
0.1277411,0.12677544
0.13974753,0.16085693
0.17358686,0.18503377
0.21576662,0.21335885
0.25927964,0.24932832
0.27668765,0.26518622
0.28547052,0.2594509
0.30060577,0.2789122
0.3081476,0.27362838
0.30200502,0.26450217
0.2984526,0.24398787
0.28650022,0.22504804
0.28306833,0.23128498
0.29362392,0.24982348
0.30118957,0.24294366
0.28731516,0.25855702
0.270489,0.25423977
0.24404171,0.22579211
0.22180407,0.1978738
0.19505867,0.17901278
0.16930778,0.17476764
0.15067515,0.13395436
0.13291399,0.10806362
0.122190736,0.10470891
0.118080296,0.11061429
0.12152112,0.1374746
0.13158914,0.20368443
0.14739552,0.23052524
0.16158935,0.2662954
0.17301199,0.26992846
0.19112283,0.2667817
0.20580573,0.25927737
0.20179449,0.2588224
0.19961652,0.277744
0.17845571,0.26170418
0.16367112,0.2399813
0.16886534,0.25805473
0.16090438,0.26468906
0.17468156,0.28146124
0.17297181,0.27190098
0.17651433,0.26466545
0.17448911,0.26288068
0.17207056,0.23005328
0.15447459,0.18047321
0.13472444,0.11018411
0.11332008,0.09112258
0.10100067,0.09040059
0.09518742,0.093098044
0.09897248,0.095706925
0.112984285,0.12053623
0.13345118,0.15625171
0.15491901,0.19276898
0.18250464,0.21260646
0.20051578,0.22528604
0.21052974,0.22378415
0.21294035,0.22264604
0.20946035,0.21044217
0.21959831,0.20128943
0.21053718,0.19583282
0.19664988,0.17863351
0.1952045,0.17632677
0.22541106,0.18782152
0.25981784,0.19505304
0.26624662,0.20028815
0.2639372,0.19050479
0.26186585,0.18037356
0.2424629,0.16042992
0.22835487,0.14053307
0.20030448,0.18861204
0.1867371,0.16859972
0.1693306,0.15936802
0.16514377,0.16384402
0.16083741,0.16645986
0.16171932,0.17394897
0.18313953,0.19030719
0.20386039,0.22558339
0.21634646,0.23551613
0.22238241,0.26129094
0.21898027,0.24280843
0.21057388,0.24856427
0.20570752,0.25428382
0.19555518,0.24029548
0.18586263,0.23348726
0.188429,0.22753713
0.19925095,0.22899428
0.22646806,0.23295456
0.26175624,0.24685864
0.26787502,0.25467837
0.26259398,0.2533911
0.2514412,0.23984434
0.23075606,0.21267724
0.2173127,0.1941616
0.18501446,0.2049132
0.17296487,0.1894292
0.15451427,0.17195633
0.15156548,0.15742303
0.1446367,0.15991281
0.1516255,0.16174117
0.1621067,0.1602135
0.17777865,0.18658601
0.18012081,0.21809983
0.19265848,0.23118967
0.19101073,0.2527434
0.19045569,0.26701722
0.20215014,0.26728514
0.20740288,0.2591089
0.21075691,0.26072547
0.21457916,0.27213034
0.21877691,0.25855017
0.24174072,0.26659942
0.2615107,0.28479123
0.2620558,0.30047962
0.25139904,0.3026705
0.24127297,0.27252522
0.22233728,0.26376212
0.19186337,0.23110254
0.17084491,0.18454608
0.17288855,0.15924472
0.17493217,0.1320704
0.17697579,0.13655068
0.1790194,0.13638745
0.18106304,0.1393225
0.18310666,0.16938457
0.18515028,0.19542988
0.1871939,0.2193239
0.18923753,0.24146557
0.19128115,0.24014367
0.19332477,0.2475543
0.1953684,0.25269145
0.19741203,0.24375837
0.19945565,0.24403651
0.20149927,0.23756453
0.20354289,0.24210715
0.20558652,0.2693582
0.20763014,0.29254708
0.20967376,0.28671312
0.21171738,0.26752052
0.21376102,0.26187232
0.21580464,0.24082768
0.21784826,0.21351758
0.21989188,0.16333035
0.22193551,0.13669124
0.21416202,0.13852255
0.2088438,0.1268349
0.20723574,0.12883174
0.21921687,0.14996094
0.25045413,0.15888405
0.28572991,0.19145656
0.3251444,0.22108838
0.3359877,0.22936127
0.35704187,0.24944034
0.365917,0.268016
0.37218755,0.24286208
0.36769024,0.23470832
0.36967328,0.25387633
0.36758804,0.24674019
0.3748189,0.2325139
0.37079623,0.24954343
0.41636178,0.27896434
0.4060011,0.2804249
0.38769186,0.2660831
0.3816043,0.2593506
0.35347456,0.24923515
0.31786844,0.23509553
0.2872001,0.19858962
0.27439508,0.16865769
0.26422536,0.17274578
0.2564395,0.18040279
0.25111136,0.1690894
0.24750635,0.21058525
0.28226876,0.23320208
0.33466434,0.28061545
0.36738667,0.2955577
0.37733912,0.31042808
0.37416813,0.31268698
0.37938368,0.29491276
0.377354,0.26474315
0.39092782,0.252173
0.39169317,0.21946345
0.3798018,0.20665994
0.38163358,0.1875153
0.36818475,0.19324112
0.39107117,0.23377551
0.38154182,0.24121338
0.36604694,0.21128099
0.35094193,0.22437535
0.34636226,0.19858849
0.3148269,0.18794687
