true,forecasted
0.16203777,0.15336575
0.1364318,0.13005519
0.11851691,0.11629042
0.10719576,0.10402465
0.10806482,0.11007121
0.12043362,0.12577638
0.1461844,0.1563471
0.1750995,0.18783274
0.183571,0.19913161
0.18588465,0.20616336
0.18541075,0.22209433
0.20072497,0.21908046
0.22998689,0.23053183
0.26508585,0.2443431
0.2639585,0.2536089
0.2638245,0.26788792
0.27196524,0.28674915
0.27861646,0.28914115
0.27917385,0.29078773
0.2752779,0.2929247
0.27199712,0.2843348
0.25182864,0.26045117
0.21305278,0.21684924
0.17114158,0.17531618
0.13698702,0.13058515
0.113797665,0.109078944
0.10041949,0.09561542
0.09442117,0.086352654
0.096049376,0.095444076
0.11077814,0.10803159
0.13406149,0.14023295
0.1648316,0.17121944
0.17377548,0.18487567
0.17329572,0.18965821
0.16780317,0.19425817
0.16820079,0.20090558
0.18174228,0.21562417
0.19811505,0.23491794
0.22479197,0.2575098
0.2617386,0.27931106
0.2825808,0.29641107
0.2887517,0.30636895
0.27998886,0.30802926
0.2761444,0.30191964
0.27805918,0.2880548
0.26364005,0.2697873
0.22569686,0.22732225
0.18420537,0.18672392
0.15233393,0.13511705
0.13200487,0.11559629
0.113442004,0.09899928
0.106022924,0.09251529
0.10883663,0.09825679
0.11841992,0.11560818
0.14133711,0.15273242
0.16665962,0.18496422
0.17670102,0.19619831
0.17253332,0.1980671
0.17808758,0.19482797
0.2018959,0.19326396
0.22410163,0.19975825
0.23532593,0.21252203
0.2309163,0.22876932
0.2523618,0.25145954
0.28135565,0.26993287
0.29723558,0.281797
0.29021057,0.2844827
0.28025502,0.28570855
0.28103662,0.27423453
0.26516607,0.24935097
0.2324779,0.207475
0.19558127,0.1668221
0.15718381,0.13281594
0.13073587,0.11117603
0.11165579,0.094402686
0.099438325,0.08477874
0.09481606,0.088147834
0.08833621,0.09358359
0.08902969,0.10712235
0.09318227,0.12855364
0.09744655,0.13737564
0.10332692,0.14123164
0.11099867,0.14854395
0.12821598,0.15863732
0.15532662,0.17749608
0.16770373,0.2010198
0.19201088,0.22521885
0.23513223,0.25055337
0.26511365,0.28438684
0.30113438,0.3046957
0.31531745,0.31420693
0.30033344,0.3252282
0.29671183,0.31907296
0.2888867,0.30905116
0.26137027,0.26603195
0.2292802,0.22289032
0.1945264,0.18563011
0.16538832,0.16193268
0.14370048,0.1388711
0.1291894,0.12266719
0.11977052,0.118477866
0.10876471,0.116037175
0.10105631,0.11506112
0.10503249,0.12286052
0.11599117,0.13350695
0.14109628,0.14562044
0.17544046,0.17068866
0.2253713,0.19562475
0.27297816,0.23002963
0.30548775,0.2628242
0.35006675,0.2971571
0.36923265,0.33801264
0.38544253,0.3773971
0.4071576,0.39758313
0.41644868,0.40350235
0.40812173,0.39942473
0.4037215,0.39306626
0.3915934,0.3761035
0.3472611,0.3345135
0.30265838,0.2859041
0.25179842,0.23715319
0.21986282,0.2073864
0.19857125,0.18378633
0.18815853,0.16886666
0.19046374,0.17044649
0.20982715,0.17852241
0.24174026,0.20917559
0.2833191,0.24429175
0.31079942,0.27130535
0.32543555,0.28974962
0.34906283,0.32186034
0.36907968,0.3399536
0.38161522,0.3607861
0.4016803,0.37934995
0.43561813,0.3986556
0.47291866,0.40956354
0.49520487,0.41796413
0.47131634,0.40416875
0.44089562,0.38822737
0.41892526,0.3642355
0.40131578,0.34220442
0.3808419,0.3179713
0.3463141,0.27576107
0.2882684,0.23058203
0.2413936,0.22003251
0.2052448,0.18471861
0.17976373,0.15706895
0.16497461,0.14243999
0.16240543,0.14335726
0.172021,0.15430635
0.1997675,0.18548168
0.2248451,0.22199818
0.22970316,0.24319118
0.23722793,0.25638038
0.24881674,0.272497
0.2688043,0.28679675
0.2757059,0.30285034
0.28572208,0.3251971
0.3105534,0.35484102
0.3520761,0.38206834
0.39902568,0.40952113
0.42518744,0.41260976
0.4248624,0.40018085
0.40751967,0.3831091
0.3884713,0.36243415
0.36803544,0.33919138
0.31865492,0.29149342
0.2565385,0.243564
0.20888384,0.2131536
0.17484738,0.181339
0.15429655,0.16080551
0.14160573,0.14962639
0.14158952,0.15714593
0.14941998,0.16544598
0.17967872,0.19941172
0.21573408,0.23844698
0.2409329,0.26248246
0.27151096,0.27916312
0.294894,0.29950556
0.32786047,0.3136794
0.35918295,0.3170157
0.34505913,0.32328796
0.28602067,0.32341456
0.26971862,0.32927954
0.3032102,0.33873972
0.31537795,0.34138432
0.3268176,0.33295554
0.32252622,0.33624047
0.30864745,0.32757547
0.29735163,0.31005317
0.25837022,0.2698718
0.2125613,0.22698574
0.17509107,0.17773405
0.14825518,0.1483903
0.13095437,0.12670746
0.121875346,0.1172057
0.12338246,0.1215269
0.13334757,0.13282678
0.15880929,0.16656475
0.19035776,0.20345318
0.20010287,0.22517066
0.20627828,0.23517732
0.22172491,0.24708481
0.24519923,0.26477432
0.26036128,0.2789469
0.28578842,0.30060634
0.30589804,0.32768485
0.33251393,0.35150295
0.36279327,0.3770859
0.389905,0.3841262
0.39425835,0.37353435
0.386183,0.36538917
0.37763223,0.34695145
0.36100024,0.32992744
0.3131064,0.2858839
0.26361006,0.24012649
0.26165292,0.1951117
0.25969577,0.16736501
0.25773862,0.15149885
0.25578144,0.14103839
0.2538243,0.14931023
0.25186715,0.16205981
0.24991,0.1965309
0.24795283,0.23958465
0.24599569,0.2580046
0.24403852,0.27348647
0.24208137,0.2929217
0.24012421,0.30055565
0.23816706,0.2967418
0.2362099,0.29204386
0.23425275,0.28605437
0.23229559,0.28667325
0.23033844,0.29118606
0.22838128,0.29540005
0.22642413,0.29362485
0.22446696,0.30625084
0.22250982,0.29817486
0.22055265,0.28507856
0.2185955,0.24494144
0.21663834,0.20567441
0.2146812,0.17344035
0.21272403,0.14840949
0.21076688,0.12760842
0.20880972,0.11205191
0.20685257,0.11201823
0.2048954,0.11263303
0.20293826,0.12169945
0.2009811,0.13165337
0.19902395,0.13906212
0.19706678,0.15219343
0.19510964,0.17004736
0.19315247,0.18281302
0.19119532,0.20621
0.18923816,0.2321668
0.18728101,0.25672153
0.18532385,0.2820958
0.1833667,0.3100367
0.18140954,0.32469934
0.17945239,0.3318738
0.17749523,0.33203828
0.17553808,0.32188812
0.17358091,0.30795962
0.17162377,0.2688067
0.16966662,0.23072425
0.16770945,0.16027491
0.13939656,0.13828164
0.1204467,0.12057163
0.1058231,0.109699525
0.099662125,0.113885045
0.08866177,0.114830814
0.08143149,0.12927641
0.08217878,0.14193249
0.08784732,0.15808956
0.09688902,0.17676862
0.11637353,0.19688252
0.1434053,0.2201632
0.18360342,0.24752623
0.21668692,0.27499908
0.23950644,0.30180818
0.27718127,0.32597035
0.31641293,0.35159153
0.33229163,0.36865756
0.3481841,0.3711798
0.3407213,0.37250745
0.3422299,0.36484927
0.33758068,0.35093078
0.30341685,0.3108381
0.25591093,0.2671628
0.21656309,0.1890111
0.1824626,0.16207698
0.15977588,0.14485279
0.14897467,0.13172466
0.14715277,0.13895905
0.15477768,0.15287307
0.176423,0.1881743
0.209549,0.2233733
0.2299083,0.24364308
0.24836233,0.25570062
0.2724822,0.27199385
0.30418417,0.29510105
0.33588,0.3203074
0.37868887,0.34720448
0.41934645,0.37983868
0.45631853,0.41323614
0.48526075,0.4397704
0.5018101,0.44723752
0.47972023,0.43219677
0.45227697,0.41314194
0.43463793,0.39589202
0.4079542,0.3684
0.3583564,0.3191367
0.2989895,0.26583534
0.24718282,0.23408769
0.21314377,0.1986394
0.18932563,0.17332344
0.17576875,0.1572519
0.1748317,0.1603727
0.18659367,0.17361766
0.21365023,0.20919333
0.2508675,0.24877211
0.27165097,0.26780656
0.28614396,0.28047064
0.2916564,0.29563302
0.29234743,0.30377728
0.30454662,0.31308338
0.3233303,0.32669646
0.35882622,0.34688488
0.38598737,0.3677714
0.4100616,0.39086136
0.42302704,0.3915268
0.4113776,0.3822069
0.3902161,0.36628723
0.37764028,0.34749642
0.35879326,0.3206645
0.3116404,0.27453154
0.2590596,0.22750078
0.21478137,0.19727592
0.18239,0.1696893
0.15962306,0.14991489
0.14668527,0.13882993
0.14677899,0.14353377
0.15541762,0.16022334
0.17883663,0.20551476
0.20722036,0.25489244
0.21999441,0.27003255
0.23071742,0.2789739
0.24405241,0.2836514
0.26734337,0.2839421
0.27255055,0.2809998
0.27558738,0.2905715
0.27085492,0.2968038
0.27684194,0.3025416
0.29642835,0.30945644
0.30752257,0.30457634
0.30147806,0.3071048
0.29592693,0.2962586
0.29707062,0.27324763
0.28551722,0.2485158
0.25219303,0.2099961
0.20982279,0.17642528
0.1731952,0.1549539
0.14888042,0.13204867
0.13433242,0.12051237
0.12534548,0.11294535
0.12716834,0.12202604
0.13988368,0.14094783
0.16794226,0.18413532
0.2037614,0.2265332
0.22511645,0.2425079
0.24252038,0.25358057
0.24611515,0.2592359
0.2573565,0.25917602
0.25798443,0.25957868
0.25898606,0.27409434
0.25823128,0.2861431
0.25912103,0.29347014
0.26228672,0.30644915
0.27370894,0.31469443
0.28150657,0.3145688
0.2853359,0.3212858
0.29315615,0.2986204
0.29092163,0.27654743
0.26307705,0.23131612
0.2281105,0.19095507
0.19317596,0.17296152
0.16899562,0.14796579
0.15124965,0.13750494
0.142204,0.12722078
0.14341715,0.13746357
0.15660094,0.15377235
0.18303308,0.19349445
0.22314334,0.2374934
0.26040828,0.2592057
0.2802474,0.28075296
0.29901308,0.29856905
0.30295467,0.31203872
0.3055473,0.31629544
0.3039586,0.32733467
0.30841997,0.33942208
0.31348684,0.34512037
0.32269105,0.35463807
0.3175039,0.36025557
0.3058114,0.35073236
0.3049249,0.3571421
0.31126377,0.33423892
0.30923033,0.3145284
0.28176293,0.26819724
0.24994408,0.22146365
0.22163759,0.21315171
0.1892311,0.1863145
0.17033382,0.16549051
0.16134852,0.15267904
0.15641241,0.15706119
0.15902874,0.16247606
0.16342147,0.18284324
0.18337853,0.21403879
0.21023838,0.23801032
0.23043954,0.26459745
0.25265986,0.29613823
0.2744425,0.3202651
0.30177855,0.33577618
0.33974352,0.3442596
0.3433394,0.3604248
0.32563415,0.37479722
0.37287185,0.39189318
0.42327878,0.3988635
0.4408509,0.3947366
0.43671632,0.39824688
0.42457473,0.3888643
0.40989432,0.37155566
0.37716594,0.33024472
0.3428663,0.28312784
0.29363754,0.26947007
0.257712,0.2379851
0.22839533,0.20906116
0.20578218,0.19254279
0.19128893,0.19009589
0.17462356,0.18672875
0.17284717,0.19851187
0.19194523,0.21754065
0.22072303,0.2460213
0.26155075,0.27881607
0.3234228,0.31863755
0.38929802,0.3527239
0.44024068,0.3887917
0.47242433,0.4086973
0.4263235,0.43434158
0.40079936,0.44991225
0.4344133,0.46406695
0.45033437,0.46182752
0.45168087,0.4524516
0.43777788,0.4214933
0.42356154,0.39982036
0.4096798,0.36940545
0.36930582,0.33187678
0.32049114,0.28675732
0.2767056,0.2797065
0.24004272,0.2473802
0.2175282,0.21922435
0.20766456,0.2014982
0.20958032,0.20478274
0.22037867,0.2128587
0.25543907,0.2450245
0.29638627,0.2815541
0.33928627,0.3171144
0.39055258,0.34949425
0.4111609,0.3852356
0.40718457,0.4193473
0.44124636,0.45349327
0.45773125,0.48564512
0.4764554,0.5191988
0.539254,0.54502493
0.5276635,0.5577607
0.51051176,0.55345714
0.4765344,0.5285415
0.45134607,0.49791282
0.43474552,0.47384506
0.4156397,0.44045132
0.3711149,0.38841346
0.3121989,0.33206737
0.2648491,0.270173
0.22817084,0.23274654
0.20900698,0.20643884
0.19402908,0.19082676
0.19385281,0.19409537
0.20328122,0.20684657
0.23284896,0.24717948
0.2756676,0.2910395
0.3148704,0.3195638
0.34158698,0.34025142
0.35858837,0.3595589
0.3575782,0.37951624
0.3496573,0.39373025
0.3647052,0.41351613
0.39417267,0.43634057
0.42292228,0.45171684
0.46335864,0.46594653
0.49631247,0.45845333
0.46808034,0.43797275
0.43165898,0.407049
0.40469766,0.3791541
0.37730053,0.34856275
0.3414558,0.30364192
0.286149,0.25472194
0.24397995,0.23309843
0.21056408,0.19711557
0.18829365,0.17201264
0.17722096,0.1570874
0.17744163,0.15880986
0.1906979,0.16623086
0.21477579,0.19421495
0.25337103,0.2277613
0.27780324,0.25533986
0.29646528,0.27657363
0.3300251,0.30628872
0.3694675,0.33484483
0.40753463,0.3562276
0.4373109,0.38456315
0.46962956,0.41602
0.47962108,0.43960983
0.49793372,0.46788397
0.51976293,0.4696811
0.50675553,0.45256707
0.4862546,0.43785715
0.47070512,0.41870502
0.4473564,0.39766303
0.4027334,0.35061425
0.33539724,0.30149487
0.27978778,0.2760748
0.233487,0.23559567
0.20192464,0.20662759
0.18179895,0.18845667
0.17657857,0.18819405
0.18563415,0.19610146
0.20811094,0.22585589
0.2480098,0.26308104
0.2760328,0.2893075
0.29630005,0.3081372
0.32476822,0.33556104
0.3614089,0.3620441
0.39579734,0.3836076
0.42868808,0.41414592
0.46319994,0.44644818
0.5014138,0.47297323
0.5344804,0.50539035
0.5557165,0.5062788
0.5507608,0.48727927
0.52629745,0.4671377
0.50263864,0.44632378
0.47086993,0.4219776
0.41906828,0.37122697
0.36349165,0.31989974
0.30142277,0.28706452
0.2621561,0.24757686
0.2299809,0.21734615
0.21138425,0.19842337
0.20563343,0.19783404
0.21010095,0.2061426
0.22925758,0.23403752
0.2619681,0.2719178
0.29821402,0.30188695
0.3306592,0.3263263
0.37081647,0.3618138
0.4156536,0.3955735
0.45065162,0.42799452
0.47832456,0.4639333
0.5100297,0.5055561
0.54244804,0.5345183
0.5587908,0.5646812
0.57384527,0.5604018
0.5595723,0.53920525
0.521341,0.5073195
0.49097684,0.48063052
0.45523956,0.45017198
0.40789506,0.3976978
0.34895632,0.34512204
0.29819238,0.31873587
0.2519913,0.280233
0.22074291,0.24527894
0.19870311,0.22546509
0.1857103,0.22093195
0.17391741,0.22032177
0.17108683,0.23383787
0.18783882,0.25607502
0.21636327,0.28221637
0.23386799,0.31209818
0.27642936,0.34601244
0.31116897,0.37690544
0.32736397,0.41014042
0.36665475,0.43705812
0.39545122,0.46913332
0.427254,0.49137276
0.4558945,0.51620585
0.46418616,0.5180425
0.44608957,0.5072594
0.4227335,0.4779907
0.40693066,0.45677927
0.39279607,0.42499158
0.36743677,0.37980714
0.33294004,0.3331772
0.30372116,0.29702887
0.27143207,0.26505253
0.24786772,0.23524944
0.23325093,0.22140686
0.22361356,0.22246252
0.2204149,0.22436884
0.21054502,0.24065255
0.21788031,0.2648862
0.24072804,0.30406868
0.28242263,0.33828473
0.31582868,0.3809975
0.34878957,0.42366272
0.4100398,0.46492764
0.4734778,0.5046704
0.5202516,0.5402001
0.5432059,0.56808716
0.566653,0.5922076
0.59244454,0.59469706
0.5940305,0.58160424
0.5803667,0.5647837
0.57119507,0.5428228
0.5500586,0.5140556
0.5024029,0.46267906
0.45047987,0.40613866
0.38635123,0.38453636
0.33744407,0.3449719
0.31047454,0.31140378
0.290076,0.28969002
0.2841767,0.2940146
0.2888288,0.3037946
0.30387372,0.34022936
0.33951005,0.3871431
0.36508894,0.42804947
0.4153489,0.46305394
0.4567934,0.4959709
0.4891055,0.5336234
0.5414501,0.5703929
0.59103864,0.6050415
0.64117897,0.63593036
0.65721,0.65879816
0.6918906,0.67200327
0.7152388,0.67235684
0.71713954,0.6469287
0.6948428,0.61405605
0.6552261,0.58814836
0.6224303,0.5467095
0.5554997,0.48425654
0.4889299,0.4201029
0.426407,0.41656587
0.3784419,0.37232244
0.34370923,0.33455998
0.31888607,0.31330127
0.3074035,0.3142383
0.2989748,0.32531953
0.29302457,0.3618085
0.30341834,0.41732815
0.32901493,0.4627788
0.36564744,0.50333524
0.39767495,0.5457164
0.4239491,0.59232235
0.45760006,0.6326152
0.5064773,0.66821295
0.51629156,0.7046222
0.49469298,0.7251976
0.47974083,0.74737597
0.5018196,0.7364768
0.4988908,0.7136679
0.49647442,0.6732909
0.47928205,0.6378324
0.46510932,0.5898763
0.4348782,0.5248789
0.39245853,0.462947
0.34667194,0.36948794
0.3092682,0.33686838
0.2817651,0.30382547
0.26542613,0.28779137
0.26465446,0.29249594
0.27369642,0.29951
0.30725968,0.32939577
0.36505666,0.37659362
0.41166,0.42435062
0.46202508,0.47498316
0.5144555,0.5256787
0.57044053,0.58094156
0.6235665,0.6327682
0.66985804,0.6727378
0.7122344,0.7136827
0.7575257,0.72951293
0.7886058,0.7436069
0.8005634,0.7247713
0.78315645,0.69197536
0.75972176,0.65623146
0.7214638,0.6250185
0.6875096,0.58421195
0.62123007,0.5227244
0.5475443,0.46314216
0.48178327,0.46159223
0.42881027,0.4165168
0.39157066,0.37882996
0.3628622,0.3515522
0.3491492,0.35028353
0.35083407,0.3541029
0.3769348,0.3825807
0.43574372,0.43375883
0.49275133,0.48403108
0.549397,0.5316156
0.6074171,0.5841742
0.6488534,0.64139575
0.6823604,0.68915564
0.71762204,0.72392464
0.74505687,0.7592404
0.77332646,0.7724784
0.80275226,0.7929292
0.8178254,0.78270984
0.81224716,0.7537429
0.78077275,0.71429044
0.7335427,0.68630385
0.68571264,0.6426649
0.6167172,0.5770094
0.5379149,0.51133287
0.47534686,0.4811661
0.42448947,0.43619353
0.38788652,0.39339572
0.36369488,0.36877197
0.35698184,0.36450258
0.36826894,0.37054598
0.39156398,0.39405656
0.43313545,0.44463772
0.46826178,0.49585366
0.49527094,0.5385032
0.52066797,0.5894312
0.55349946,0.6373094
0.6025807,0.66888493
0.64774054,0.68470496
0.6998833,0.7066903
0.74680793,0.7143485
0.7538464,0.7330601
0.7186584,0.7010854
0.68321234,0.66878587
0.6644313,0.63766783
0.6389989,0.61375713
0.607362,0.5803963
0.5549327,0.52843285
0.4930972,0.46993864
0.44130522,0.44240132
0.4061921,0.40173802
0.36417547,0.36312342
0.34047613,0.34185946
0.33097455,0.33816192
0.32610643,0.33359194
0.3234965,0.34579054
0.34370828,0.3739936
0.3854721,0.41891575
0.43275404,0.46546185
0.4970859,0.51814884
0.5379857,0.564074
0.5841988,0.59934026
0.60682267,0.61581284
0.60970134,0.6250436
0.5945551,0.623866
0.600603,0.63221383
0.57319945,0.61059237
0.55532503,0.58893853
0.5336349,0.56209123
0.5261594,0.5407957
0.5142252,0.5092546
0.47707626,0.4660572
0.4358444,0.41726124
0.39469454,0.36725956
0.36283046,0.32710978
0.32485023,0.29481596
0.30554196,0.27622378
0.2943814,0.27501264
0.28667548,0.27676827
0.279789,0.2951949
0.29941437,0.3136457
0.32559684,0.34269667
0.36320207,0.37665975
0.4127504,0.41315687
0.44829357,0.44497514
0.48097292,0.4805533
0.48679182,0.505256
0.4946491,0.52286273
0.5051046,0.5273611
0.51457345,0.5394396
0.5129574,0.5329955
0.49424577,0.51629686
0.4692905,0.48388928
0.45192933,0.4570497
0.43423894,0.4228229
0.40340877,0.37697348
0.36560723,0.33271104
0.3336526,0.32269368
0.29601166,0.2832251
0.27373743,0.25267416
0.26148835,0.23113884
0.2620975,0.22980943
0.2793023,0.23258063
0.30481213,0.24702078
0.3424304,0.27027303
0.37408608,0.29558063
0.41918558,0.32161206
0.44179532,0.35178214
0.4469863,0.37972778
0.46447617,0.40592352
0.47244978,0.43580985
0.5220066,0.46410504
0.5642452,0.48385978
0.6181741,0.51396143
0.6509102,0.52278
0.6637695,0.51175445
0.6360094,0.5010735
0.5937148,0.486015
0.5480023,0.46017966
0.4810432,0.4114648
0.40695068,0.36264688
0.3386279,0.36286676
0.29157996,0.32014602
0.25783148,0.28944665
0.23335445,0.2647915
0.2253036,0.26152256
0.2257801,0.26191008
0.25234872,0.27337024
0.29560247,0.30197206
0.329283,0.33616427
0.3611742,0.36945844
0.39837173,0.4182786
0.4461009,0.46112537
0.49881953,0.50295323
0.55110216,0.5485831
0.6014023,0.58714455
0.646486,0.61496013
0.6877489,0.6477838
0.7196514,0.6534481
0.7226271,0.637659
0.7013893,0.61268413
0.6587754,0.589082
0.6134028,0.56010705
0.54195535,0.5006939
0.4677748,0.4434784
0.40142488,0.38600856
0.35011703,0.34396708
0.31817082,0.31337857
0.2923804,0.2892682
0.28195038,0.28934312
0.28471354,0.29917842
0.31150243,0.3239574
0.36197418,0.36584142
0.4088047,0.40833044
0.45142478,0.44462213
0.50401825,0.49672943
0.5594469,0.54801375
0.6090164,0.60302716
0.65613306,0.65959525
0.69649976,0.7097022
0.7292098,0.7411477
0.768391,0.7683635
0.7856327,0.77304554
0.7558661,0.75120276
0.7319303,0.710663
0.7052312,0.6789471
0.66363204,0.63401186
0.59064466,0.5611813
0.518092,0.49270952
0.4482188,0.4457127
0.3971406,0.39947754
0.36077303,0.3638395
0.33646098,0.33739287
0.32321712,0.33626655
0.33116007,0.34227905
0.35719693,0.36915284
0.40841433,0.41942784
0.4671459,0.47220483
0.51437473,0.5199564
0.54797924,0.5776655
0.62258327,0.63963246
0.65095025,0.7011134
0.6911176,0.7558537
0.7428179,0.8057336
0.77002007,0.8313854
0.8044205,0.86138976
0.8165689,0.8675075
0.81977886,0.8496669
0.80682594,0.8069005
0.77416885,0.7705703
0.73652095,0.71970344
0.66796786,0.6402108
0.6030234,0.5667682
0.53652227,0.5357744
0.4852342,0.487916
0.4338961,0.44429553
0.39919338,0.41740328
0.37902218,0.4165466
0.38240337,0.42555383
0.3997471,0.45639387
0.42678472,0.5076878
0.43579713,0.5604323
0.4965428,0.60281575
0.5407325,0.6390429
0.5652626,0.6811054
0.61388826,0.7066712
0.6714898,0.71784323
0.7108164,0.731216
0.722034,0.7379088
0.7424318,0.7524761
0.7326923,0.73054135
0.6910631,0.70451957
0.6691881,0.6773761
0.6496675,0.6524534
0.59992146,0.61790717
0.5332536,0.56124604
0.45650175,0.49774212
0.40484285,0.44947907
0.36379582,0.40729874
0.3256422,0.3681617
0.30394536,0.34387374
0.29038972,0.3415722
0.28335178,0.34215826
0.28264984,0.3583646
0.3063771,0.38962185
0.3476681,0.43150172
0.38003388,0.47714692
0.43597475,0.52195156
0.50321907,0.5716316
0.5683632,0.61510235
0.6174968,0.6467659
0.6629421,0.6757199
0.68661517,0.69045025
0.6827895,0.7116235
0.64787143,0.6993731
0.60555446,0.6717772
0.5751158,0.6406711
0.556571,0.61695564
0.5398068,0.5799395
0.50357336,0.5249887
0.46890527,0.4669913
0.44051978,0.3929235
0.40661162,0.3522058
0.38444704,0.3223695
0.37011087,0.29981446
0.35908175,0.301602
0.35486883,0.30414563
0.34568644,0.32426104
0.3495148,0.34583434
0.37069565,0.37755477
0.39653605,0.40703714
0.42839018,0.43875974
0.45264694,0.46676683
0.44017884,0.4866679
0.4352099,0.50833863
0.46900117,0.51728636
0.47307733,0.5151668
0.47755086,0.5246163
0.48429102,0.5243168
0.48392746,0.5083409
0.48182344,0.50116724
0.4881833,0.4890892
0.488506,0.46869925
0.44973078,0.42220423
0.40274265,0.37453097
0.35720563,0.36022404
0.31991753,0.3225036
0.29909536,0.2938221
0.28929138,0.27412593
0.29233164,0.2777634
0.30932254,0.28930038
0.3374134,0.31728378
0.3825403,0.35404727
0.42618388,0.38996798
0.46476865,0.42466313
0.5094269,0.46797812
0.5599209,0.51482886
0.6073448,0.5601026
0.6511408,0.6094894
0.6913408,0.65146995
0.7273183,0.6785981
0.75408304,0.70275354
0.76618636,0.6955507
0.7446941,0.6640634
0.7201163,0.6343518
0.69291645,0.60657763
0.6579033,0.57197666
0.58977836,0.5091014
0.5186822,0.4484247
0.45291772,0.4306272
0.40051958,0.38508004
0.36918935,0.3510294
0.34147418,0.32561493
0.33244312,0.3240043
0.3402113,0.33413702
0.3657628,0.35594293
0.40900838,0.40028226
0.45108017,0.4428132
0.49802703,0.47707993
0.56363106,0.52482146
0.592335,0.5688874
0.5521459,0.609158
0.56823,0.64878094
0.61936367,0.6877665
0.63745517,0.71118826
0.6584508,0.7383403
0.6816443,0.73238957
0.6798009,0.7096384
0.65902996,0.675567
0.6310719,0.6485442
0.5961168,0.612244
0.5314598,0.5472944
0.460494,0.48274386
0.39244872,0.38667196
0.3452102,0.34350646
0.31000268,0.31306192
0.29223368,0.2904594
0.2820046,0.29101637
0.29532146,0.306369
0.32585564,0.33424506
0.36577684,0.37182277
0.39141852,0.4028918
0.42144924,0.42066664
0.44240314,0.44521335
0.45259815,0.465863
0.44881567,0.4828981
0.44552374,0.50637054
0.47367725,0.53092235
0.49673134,0.548065
0.54515696,0.57450163
0.58789593,0.5803064
0.59775805,0.56773245
0.5828969,0.5555699
0.56801134,0.5425569
0.53815365,0.51454955
0.48243287,0.45649576
0.41626275,0.39830494
0.36461627,0.36359698
0.3215739,0.32673687
0.2991049,0.2967772
0.27909157,0.27889013
0.2730359,0.2837758
0.2775797,0.29737046
0.3062812,0.32793668
0.35093036,0.36226395
0.38886973,0.40124536
0.42622542,0.4353373
0.46883404,0.46904722
0.51445526,0.5050328
0.5412499,0.53974676
0.58850527,0.5715306
0.632708,0.599227
0.6447582,0.6134246
0.65988827,0.6216887
0.6541038,0.6089736
0.6340842,0.57798314
0.6104376,0.5453206
0.5800629,0.5215827
0.54473454,0.4858732
0.4893933,0.43328625
0.42825273,0.37651223
