true,forecasted
0.12431704,0.135232
0.10293162,0.11031611
0.085709766,0.101228654
0.077735186,0.095892966
0.080488354,0.09175719
0.09547024,0.11058873
0.119568594,0.13841748
0.13305852,0.15666957
0.13859683,0.1643565
0.14320122,0.16527489
0.14089222,0.17488979
0.1524266,0.18112323
0.17266732,0.19714157
0.19381918,0.21097766
0.21038042,0.23483196
0.21578754,0.25552323
0.22630346,0.28066042
0.2347261,0.29858726
0.23920427,0.3039477
0.23041159,0.29359335
0.22366239,0.27351207
0.20118311,0.2449635
0.16646788,0.20728947
0.13409466,0.16526714
0.10594078,0.11095293
0.091450386,0.09596999
0.082159325,0.086918786
0.07895173,0.087419316
0.084980115,0.08182288
0.10155795,0.10106444
0.12513125,0.13346778
0.13819802,0.14938156
0.14224966,0.1484667
0.13682134,0.14451614
0.1299558,0.14329651
0.12547092,0.14256962
0.13590614,0.15590797
0.15195188,0.16667275
0.1784639,0.19002217
0.20514295,0.2085699
0.22648565,0.23137161
0.2394269,0.24230123
0.24150744,0.25027218
0.23597513,0.24908389
0.23241569,0.23695472
0.21460348,0.20618013
0.18001801,0.17116985
0.14205176,0.13281943
0.115508474,0.11849783
0.10273177,0.09907998
0.084767915,0.08918202
0.08495699,0.088149644
0.088859454,0.084846474
0.10227435,0.102304876
0.12323061,0.13562867
0.13599548,0.1519996
0.14081402,0.16070962
0.13731053,0.15882997
0.14098297,0.16005163
0.15708713,0.15760942
0.17784442,0.16875298
0.19350758,0.174746
0.19904889,0.19373976
0.21001975,0.21129093
0.2391942,0.2347062
0.25519067,0.25267014
0.2544439,0.26514676
0.24600996,0.26097623
0.24142729,0.24793339
0.22618571,0.2170881
0.19432744,0.18344781
0.15929215,0.14450577
0.12900901,0.11375567
0.10934275,0.09993327
0.09545895,0.09036088
0.08805001,0.085318185
0.08740986,0.08216054
0.086095154,0.104763076
0.092263356,0.13592105
0.09816198,0.14592731
0.10159714,0.14918384
0.10635795,0.14591186
0.111343496,0.14801687
0.13106818,0.14859612
0.14350028,0.16352522
0.16763182,0.18176672
0.19780286,0.20292962
0.2207701,0.22808594
0.24734497,0.2567617
0.27256083,0.27291816
0.27330565,0.28053898
0.25244403,0.2761044
0.24251832,0.26248345
0.23006363,0.22756708
0.2029593,0.18895991
0.16903745,0.14436865
0.1415313,0.12051582
0.117252186,0.10190237
0.10024412,0.089189745
0.08981913,0.08699415
0.08425682,0.081221506
0.08104181,0.102186576
0.08121518,0.13868482
0.08653757,0.15299602
0.101797864,0.15636608
0.121961795,0.15498097
0.15625244,0.16091207
0.20016746,0.16605753
0.23608212,0.18646519
0.27392992,0.20992424
0.3045589,0.23850065
0.3225835,0.2633413
0.34681267,0.29294515
0.36631402,0.30367422
0.37043294,0.30151504
0.35311717,0.2922951
0.33504844,0.27722865
0.30910662,0.23835477
0.262377,0.1972312
0.21196842,0.15296087
0.17573562,0.16604567
0.1508815,0.14122832
0.13587084,0.12396909
0.12834926,0.11386138
0.12908368,0.10516569
0.14615937,0.12659127
0.17283168,0.15314269
0.20268531,0.17475018
0.22862269,0.20437557
0.24307124,0.22293633
0.26567093,0.24153545
0.27439615,0.267954
0.2813,0.29362422
0.30716237,0.3182592
0.33293733,0.34261137
0.36639488,0.36866754
0.38753545,0.38460416
0.38908902,0.390518
0.36350507,0.38703057
0.33165175,0.36012322
0.31440467,0.33633554
0.28860885,0.29694754
0.2547585,0.25741065
0.21290144,0.2116395
0.17049038,0.17052953
0.14337352,0.14579071
0.124531716,0.12890932
0.11420065,0.1214776
0.114215486,0.11447686
0.124570556,0.13254642
0.15226877,0.16020407
0.1687788,0.17886245
0.17363814,0.19606853
0.17917308,0.2044444
0.18320547,0.22208531
0.20354754,0.23859058
0.20932876,0.2603621
0.2278798,0.28582743
0.25624624,0.31211263
0.29745275,0.3388681
0.33864212,0.36514556
0.3655099,0.38281745
0.36686978,0.38623002
0.34121946,0.3668127
0.31311697,0.34646162
0.28113762,0.30391648
0.229838,0.26372615
0.18152286,0.211512
0.14096549,0.14709218
0.11467167,0.12426359
0.10189708,0.107045725
0.092924155,0.107491605
0.09662271,0.0968035
0.11006392,0.11471231
0.135683,0.14657778
0.1595033,0.16058503
0.17816697,0.17980051
0.19681688,0.19733296
0.22673793,0.22124921
0.2605784,0.23297493
0.27777147,0.24922986
0.2822996,0.26211354
0.24552113,0.28158474
0.2165564,0.29484326
0.24575415,0.32170972
0.24956164,0.32365474
0.26777884,0.32650894
0.26301998,0.31149065
0.2518233,0.29592583
0.23627508,0.2599924
0.1998458,0.21591525
0.16206315,0.17133689
0.12893786,0.1315237
0.10805593,0.11508468
0.09824443,0.10230435
0.09282371,0.09588295
0.09445883,0.09102548
0.108177036,0.11270382
0.12900318,0.14407109
0.14805931,0.15817916
0.1577135,0.16838275
0.1549169,0.17504771
0.17412663,0.18175575
0.19071893,0.19103374
0.20783503,0.20681863
0.22097154,0.22459917
0.24513343,0.24797064
0.27477503,0.27260226
0.30912605,0.29814646
0.33425012,0.31153467
0.33370176,0.31563443
0.31986386,0.30558905
0.30506277,0.28749403
0.28036523,0.25485194
0.23349455,0.21202119
0.18352962,0.16821048
0.18233767,0.14402284
0.18114574,0.12318957
0.1799538,0.11055594
0.17876187,0.104927264
0.17756993,0.09682314
0.176378,0.11864706
0.17518605,0.1402548
0.17399412,0.16196276
0.17280218,0.1730264
0.17161025,0.19750215
0.1704183,0.21882813
0.16922638,0.23715283
0.16803443,0.25354254
0.1668425,0.26227558
0.16565056,0.27889216
0.16445863,0.29154104
0.16326669,0.31242773
0.16207476,0.32369643
0.16088282,0.3236391
0.15969089,0.30986968
0.15849894,0.2906419
0.15730701,0.25247303
0.15611507,0.21802762
0.15492314,0.16972303
0.1537312,0.11234939
0.15253927,0.09623678
0.15134732,0.08556983
0.1501554,0.08436901
0.14896345,0.074823186
0.14777152,0.093915924
0.14657958,0.12668715
0.14538765,0.13510056
0.1441957,0.13750936
0.14300378,0.13631092
0.14181183,0.13470076
0.1406199,0.13396713
0.13942796,0.14929476
0.13823603,0.16614942
0.13704409,0.18471064
0.13585216,0.20908399
0.13466021,0.23171172
0.13346829,0.24339846
0.13227634,0.25112298
0.13108441,0.24864204
0.12989247,0.23702851
0.12870054,0.20970573
0.1275086,0.17258044
0.12631667,0.13554806
0.12512472,0.111124076
0.10165063,0.09593118
0.087956436,0.08578431
0.07826498,0.086311854
0.07551428,0.074516304
0.072784945,0.094527625
0.07114133,0.1262974
0.075546235,0.12746492
0.086820744,0.13621975
0.096980385,0.13666527
0.11142753,0.13875827
0.13680775,0.14419706
0.17264861,0.15888481
0.2084381,0.17736666
0.24303788,0.18963341
0.2730373,0.21226773
0.3007447,0.23374844
0.3107866,0.24393195
0.3123142,0.2509279
0.29866788,0.2527491
0.28673664,0.23796622
0.2695513,0.20730874
0.22888486,0.17243864
0.18211268,0.1289407
0.14508352,0.14072302
0.12064268,0.115807466
0.104509726,0.10443155
0.096858926,0.09808881
0.099032864,0.09172253
0.109978296,0.113342166
0.12788549,0.14385623
0.14908113,0.16290697
0.16905175,0.16941392
0.18862955,0.17767037
0.21012126,0.18951532
0.23710677,0.2006991
0.26829416,0.22623704
0.3032011,0.24537362
0.34017274,0.2732201
0.37549174,0.29824182
0.39812973,0.3260755
0.40954283,0.3375974
0.39865795,0.33812392
0.37242734,0.32087454
0.34371048,0.29427242
0.3129694,0.2646437
0.2596397,0.22118837
0.20628518,0.17232227
0.16723478,0.18094403
0.14672783,0.1563005
0.1306436,0.1378051
0.12185146,0.12498593
0.12347671,0.11801587
0.13730842,0.13729735
0.1574524,0.16191608
0.18099958,0.18162447
0.19836408,0.20260039
0.21044397,0.22094677
0.21571288,0.2411969
0.22473417,0.25673044
0.23426373,0.28314012
0.2518687,0.30611745
0.27406585,0.3330819
0.30133948,0.36106807
0.3275777,0.3824555
0.3470065,0.4043377
0.3338981,0.40552977
0.314479,0.38047612
0.2996189,0.356824
0.27556258,0.3198433
0.23246565,0.27743217
0.18715137,0.22673494
0.15164912,0.14038756
0.1285537,0.12023752
0.11143918,0.1071162
0.10547418,0.10380857
0.10825331,0.097234026
0.121378504,0.11393903
0.13944687,0.142315
0.16037524,0.16316718
0.1750383,0.17782852
0.1884313,0.1926754
0.19355473,0.20138068
0.20355071,0.2115911
0.20120376,0.22410314
0.20212144,0.22975446
0.20896226,0.24840415
0.22006923,0.25898132
0.23277196,0.27359334
0.24300963,0.28355742
0.24064061,0.29043758
0.23389353,0.2796848
0.22955872,0.2641863
0.21859422,0.23548302
0.18795322,0.20499754
0.15694785,0.16701487
0.12801471,0.13078004
0.10703499,0.112468995
0.10220974,0.10083795
0.09183083,0.100052066
0.09655527,0.09397138
0.11055206,0.11116457
0.13497931,0.14368716
0.1556033,0.16389495
0.1736526,0.1734718
0.19016795,0.18070114
0.19901058,0.18541664
0.20513836,0.18939273
0.20025909,0.19790287
0.21278174,0.20403062
0.20839715,0.21981205
0.20402032,0.23484585
0.20527941,0.25281456
0.22169165,0.26587445
0.22998647,0.2782391
0.23552302,0.27541593
0.23662005,0.26069757
0.22931103,0.22788188
0.1974187,0.19571204
0.16642144,0.15670595
0.13737498,0.12750357
0.12012682,0.11157808
0.10861892,0.099618636
0.103075676,0.09731163
0.10590265,0.0906956
0.11804609,0.1102605
0.14193259,0.14152932
0.16727768,0.15952139
0.19611971,0.17222723
0.2212134,0.1859613
0.2283501,0.19512585
0.22974162,0.20479418
0.23114653,0.2182806
0.23082753,0.22787009
0.23275943,0.24469504
0.2560183,0.2600808
0.2774936,0.27735522
0.27940768,0.287691
0.2773566,0.29412398
0.27592272,0.2879176
0.2713125,0.27142617
0.2581181,0.23427609
0.22697449,0.20029852
0.19322053,0.15605342
0.16652702,0.14130032
0.14563203,0.119878076
0.13157046,0.104236834
0.121404275,0.10299307
0.12053251,0.09473867
0.12825358,0.11441892
0.13575733,0.15077192
0.15427995,0.16199915
0.18428203,0.18397525
0.21097678,0.19944571
0.23656532,0.2160748
0.25667575,0.23267938
0.2732038,0.2505862
0.30291513,0.2688196
0.31414127,0.2881245
0.33637145,0.30832404
0.35160473,0.3320478
0.3605992,0.340741
0.36672008,0.34358966
0.353767,0.33135867
0.33877012,0.3076997
0.31868017,0.26930818
0.28359613,0.22632006
0.24168663,0.1758048
0.20102105,0.16553642
0.16921152,0.13868423
0.1472112,0.12204473
0.13156322,0.113292165
0.123935714,0.106989324
0.11770925,0.124970324
0.12147578,0.15827048
0.14308505,0.18027143
0.18052416,0.20340899
0.23340169,0.22573562
0.29513508,0.24502283
0.35220745,0.27428865
0.3800882,0.29976863
0.38635457,0.32374725
0.37548134,0.35537434
0.3552879,0.37848192
0.34770757,0.40283448
0.3917119,0.40285861
0.41249937,0.39330032
0.38804778,0.3715049
0.35575116,0.343833
0.32720485,0.29968625
0.27884272,0.26203582
0.23106745,0.20619082
0.19071682,0.1789883
0.16279739,0.15337524
0.14562832,0.13414356
0.13756052,0.12091697
0.14043392,0.112136856
0.15033087,0.13433458
0.17577852,0.16728126
0.20712835,0.18310483
0.24489827,0.21030957
0.29156435,0.23137456
0.30609182,0.25164652
0.33298254,0.2759944
0.36956242,0.30302614
0.38148358,0.3340808
0.42493942,0.3613075
0.4592707,0.3939055
0.4538939,0.4183746
0.43181732,0.42715675
0.42139888,0.42629573
0.38860142,0.40196437
0.3639964,0.36753568
0.3395234,0.3341343
0.29571238,0.2805895
0.24618633,0.2301799
0.19931,0.2026586
0.16381727,0.17037904
0.14640881,0.15363523
0.13376522,0.13882998
0.1319998,0.13233525
0.14738156,0.14628997
0.17255293,0.17189755
0.20529565,0.19748895
0.23778681,0.2176479
0.26359054,0.24996595
0.2787912,0.27367324
0.27759758,0.2980597
0.27538532,0.32997864
0.2988859,0.3505163
0.32244298,0.3865837
0.345159,0.41117346
0.38474962,0.43012753
0.4280852,0.44122595
0.41555002,0.4360986
0.3691251,0.41172326
0.33558175,0.3784938
0.30101854,0.34013754
0.25771824,0.30245164
0.21286154,0.24746603
0.17307885,0.17949012
0.1460921,0.15339203
0.13539736,0.13655469
0.1228498,0.1297984
0.122398734,0.11906577
0.13646278,0.13598013
0.16154888,0.16343847
0.1931222,0.18693514
0.21623455,0.20326367
0.23597832,0.22526214
0.26200768,0.24890056
0.29912972,0.26991928
0.3273821,0.29958868
0.36676332,0.3233998
0.39415064,0.35472834
0.41036516,0.3790888
0.43678045,0.4038585
0.4577194,0.41490597
0.43997216,0.41259953
0.4167295,0.38937932
0.3924117,0.36422557
0.36225885,0.3222263
0.31033397,0.27759513
0.25488934,0.22260109
0.20857863,0.20900121
0.16866459,0.18060106
0.14453146,0.15853992
0.1308521,0.14606974
0.12895904,0.13595851
0.13649139,0.15310141
0.15633471,0.17668
0.18158711,0.19610834
0.20386884,0.22358292
0.22746493,0.24590285
0.25849485,0.27386504
0.29608083,0.3006995
0.34575236,0.3370101
0.3745098,0.37126407
0.41043085,0.40628585
0.43905485,0.43982106
0.47493118,0.46468556
0.4925628,0.48327166
0.48059395,0.48208222
0.45186755,0.44747564
0.41467085,0.41921112
0.37690163,0.37644377
0.31904155,0.32483238
0.26393163,0.26955593
0.21233368,0.21996114
0.17935616,0.18809325
0.1569865,0.16624962
0.13670535,0.15164228
0.1396552,0.14042017
0.14855874,0.15726605
0.16164386,0.17955995
0.18874978,0.20621912
0.21920928,0.22508174
0.25721315,0.24939229
0.29873127,0.2796467
0.34831822,0.31125635
0.38993466,0.35076237
0.42124793,0.38782635
0.45324636,0.42630944
0.48843172,0.4605914
0.5060457,0.48723522
0.5109514,0.50138205
0.49373063,0.49506733
0.45433807,0.4612261
0.41481844,0.42887455
0.37537488,0.3856079
0.3241353,0.33357853
0.2688598,0.27671617
0.2174061,0.21841833
0.18129689,0.18801247
0.15694466,0.1641557
0.14027962,0.15087794
0.13154979,0.14086348
0.12918165,0.15564051
0.13042487,0.18248808
0.14562373,0.20548327
0.17860356,0.22953296
0.20956215,0.25767207
0.25425288,0.29167002
0.29815608,0.32141307
0.32366765,0.36024445
0.36147997,0.395021
0.38791695,0.4347105
0.41489753,0.46573773
0.43128946,0.4882783
0.43834338,0.49764353
0.41592747,0.49213114
0.3810131,0.45666403
0.3585979,0.4237185
0.33750394,0.3831193
0.3057091,0.3306568
0.27040085,0.27559924
0.23198935,0.20111862
0.20254125,0.17210683
0.18361558,0.14871953
0.16705647,0.13844123
0.16012825,0.12577513
0.15944557,0.14321534
0.15923053,0.17279765
0.17263043,0.1924571
0.20697299,0.22055973
0.25481272,0.25089204
0.3006914,0.28802428
0.3508758,0.31286517
0.412367,0.35079354
0.4754617,0.38370734
0.49522823,0.41995546
0.5383064,0.45181394
0.5558369,0.4759248
0.5598008,0.48251748
0.54780054,0.47602877
0.5150578,0.4426602
0.48401603,0.4133637
0.4508108,0.3649221
0.40871608,0.3127229
0.3538085,0.25386038
0.30163854,0.29267198
0.2605355,0.24948014
0.23574917,0.21796203
0.21519631,0.19913007
0.208046,0.18313636
0.20811786,0.19656754
0.22565661,0.21709628
0.2553508,0.23848829
0.29718846,0.2880954
0.36696723,0.33014876
0.41310123,0.3797335
0.43289775,0.42134652
0.48947737,0.47231412
0.54169375,0.5179716
0.58020127,0.55855924
0.60795844,0.5983881
0.6455963,0.63301665
0.67563075,0.6451102
0.6746248,0.6395804
0.6402344,0.5962458
0.5806368,0.55225414
0.53124475,0.50273734
0.47270092,0.44107702
0.41208822,0.3712307
0.35423872,0.34116417
0.30723122,0.30235332
0.26767343,0.2656499
0.241431,0.24640374
0.22630186,0.2257229
0.22301236,0.23338917
0.22197394,0.25437608
0.23986153,0.28604516
0.26925898,0.32528496
0.31421876,0.37300062
0.35663882,0.42861468
0.41042677,0.47868624
0.46951488,0.53741616
0.5054368,0.5799545
0.49870735,0.6241618
0.51657254,0.66320294
0.50789195,0.68561184
0.47690687,0.7011107
0.4609699,0.69992715
0.44672152,0.66123533
0.4179992,0.6155965
0.3906108,0.5616417
0.34970355,0.493072
0.30476934,0.42315227
0.25918636,0.23116365
0.22022317,0.20474567
0.19983503,0.17923754
0.182765,0.16426113
0.18212062,0.14802226
0.19013122,0.1666202
0.21794084,0.19528519
0.26459172,0.21371968
0.31824923,0.2514771
0.37458768,0.28602076
0.43335572,0.32492462
0.4920563,0.36367595
0.5544567,0.40876073
0.5965775,0.45193487
0.63328415,0.48506993
0.6684658,0.5193678
0.6946436,0.5383137
0.713642,0.54652804
0.70963913,0.53788185
0.6704007,0.4902811
0.61438775,0.45577115
0.555687,0.41023082
0.47832662,0.35613924
0.40027985,0.2919918
0.33388343,0.34601688
0.28683972,0.30374467
0.25279114,0.2689792
0.23074438,0.2474662
0.21924496,0.22683598
0.22372894,0.23633349
0.24718097,0.25234157
0.29163745,0.28441992
0.3491319,0.32854503
0.40922117,0.38097203
0.47517553,0.4421881
0.53369534,0.50319093
0.5761705,0.56473905
0.61133057,0.6132556
0.64834493,0.66083896
0.68303615,0.6987604
0.71044713,0.72892004
0.7237125,0.7362339
0.7087645,0.7270464
0.65992117,0.68537164
0.60037565,0.63766676
0.5441987,0.5762655
0.47257066,0.5090255
0.39984396,0.4315789
0.33658683,0.3513853
0.2941853,0.31141514
0.2650126,0.27869365
0.24750422,0.25264868
0.24184127,0.23468263
0.25101477,0.24224436
0.27882648,0.25599867
0.31562614,0.28826943
0.3589584,0.32431853
0.39742023,0.3774007
0.43471313,0.43162492
0.47531042,0.49028447
0.52296954,0.5453104
0.5743456,0.5885111
0.61865443,0.6340067
0.6596385,0.6684135
0.654916,0.6938936
0.62512505,0.7014441
0.59505004,0.6910776
0.560582,0.66118217
0.531336,0.61254317
0.49232376,0.5532271
0.43586385,0.49145886
0.3760717,0.42257482
0.32634383,0.2977459
0.28178003,0.26185352
0.25517163,0.23026742
0.23575287,0.20948507
0.2261045,0.19585823
0.2241673,0.20352793
0.2337733,0.22191058
0.25235894,0.24764486
0.29533935,0.2881176
0.35603663,0.3372761
0.41511822,0.38440707
0.47213972,0.43915692
0.5113467,0.48838335
0.5404604,0.52788275
0.57385653,0.573309
0.5852592,0.6051056
0.56974256,0.6236766
0.53124917,0.6228598
0.5046709,0.6087386
0.48198918,0.5695466
0.45858693,0.5266279
0.43183443,0.4732244
0.3900501,0.41814896
0.33779085,0.35931742
0.2953443,0.26832497
0.2609313,0.23037024
0.23316354,0.20535746
0.21501395,0.18932475
0.20636621,0.17226103
0.20067856,0.18534052
0.20406093,0.2062334
0.22599186,0.23457588
0.26669577,0.26951003
0.3158885,0.3101033
0.3560054,0.34877145
0.38804194,0.39440233
0.42785025,0.43848735
0.43248093,0.4756321
0.4364242,0.51064366
0.44324136,0.5380757
0.4391214,0.5552901
0.43862778,0.5622074
0.42981532,0.55439144
0.40442187,0.5140901
0.37402114,0.4700542
0.3412048,0.4329782
0.29912582,0.38149992
0.25726557,0.32294238
0.21989268,0.22867692
0.19352983,0.19656573
0.17678906,0.17361629
0.16728279,0.15925416
0.1714868,0.14470915
0.18713072,0.16131759
0.21238665,0.1834604
0.24279991,0.20277584
0.274682,0.22853652
0.31718713,0.2560116
0.34155223,0.2887232
0.3521211,0.31323227
0.38452277,0.3489021
0.41519642,0.38199452
0.44732618,0.41520247
0.4952141,0.45050853
0.5453051,0.47816464
0.5824268,0.49756947
0.59403545,0.4960283
0.5551212,0.462201
0.50276196,0.4324556
0.4548059,0.38822785
0.38713965,0.33565295
0.3130956,0.27855882
0.2541422,0.28847724
0.20426466,0.25092298
0.17400058,0.22046897
0.15503271,0.20452648
0.15374449,0.18734889
0.1594595,0.19877833
0.1831142,0.21729882
0.21243449,0.24039067
0.24818584,0.2748673
0.2806998,0.31144756
0.3210751,0.35675356
0.37507775,0.4011971
0.43135497,0.45177937
0.4881157,0.49729484
0.5373171,0.5410731
0.5836225,0.58071244
0.6168742,0.61143476
0.6459367,0.6216225
0.63990146,0.613725
0.60260904,0.5738559
0.5408416,0.5331939
0.48583955,0.48060095
0.40731186,0.41786456
0.33301643,0.35464942
0.27287385,0.30476952
0.23322867,0.26694107
0.20404115,0.23497023
0.18819278,0.2203293
0.18381931,0.20134999
0.1878669,0.21049199
0.21221451,0.22772571
0.25465646,0.25351104
0.30088753,0.28941715
0.34962445,0.32671344
0.4112535,0.37158805
0.47189784,0.41822267
0.52897197,0.47361732
0.57850033,0.52201974
0.6240118,0.57017094
0.6542337,0.60867953
0.694379,0.63979715
0.7023693,0.65229166
0.67053944,0.6409651
0.6322296,0.59847057
0.5909015,0.5590351
0.53431517,0.50299746
0.45885122,0.43751115
0.38634962,0.37374416
0.3224465,0.33821997
0.2739262,0.29654002
0.24091037,0.263549
0.21969178,0.2453815
0.21508297,0.22525793
0.2218154,0.23295033
0.24432841,0.24909545
0.291281,0.2762815
0.34376344,0.31197965
0.39389485,0.35508305
0.44635838,0.4089157
0.5021208,0.46301004
0.5555126,0.5226197
0.6140386,0.5710447
0.65424144,0.6195962
0.68351954,0.65927094
0.72414577,0.69126004
0.7458548,0.702104
0.7379552,0.69230807
0.7042085,0.65412986
0.6487372,0.6071114
0.5915406,0.5462389
0.5112019,0.47831774
0.44514784,0.40720803
0.38539788,0.36836514
0.34204867,0.3225906
0.3058685,0.28546938
0.2823026,0.2647782
0.27182588,0.24233118
0.28086007,0.24810311
0.29884425,0.26834193
0.32082513,0.2932923
0.36011335,0.3425495
0.40193915,0.39604318
0.4480364,0.45821056
0.50291204,0.5155433
0.5215646,0.57178605
0.54580015,0.61678725
0.5756142,0.6578446
0.6081562,0.69302356
0.6342325,0.7193853
0.6439222,0.7278232
0.6032995,0.7243008
0.5637089,0.6883183
0.52128124,0.6375712
0.4746226,0.5805966
0.41394562,0.5106645
0.36530262,0.44097146
0.30920586,0.3064295
0.2704427,0.26490784
0.24312492,0.23630951
0.21809672,0.21818972
0.21153395,0.20000269
0.20860317,0.20975566
0.21342719,0.22897348
0.24195427,0.253424
0.28688547,0.2911209
0.33593097,0.33348936
0.39988756,0.37794656
0.45906463,0.42595452
0.52054137,0.47755408
0.56166667,0.5236775
0.6014935,0.56604594
0.63110524,0.60009825
0.6175387,0.62705886
0.59987336,0.63593394
0.551858,0.62578577
0.5102502,0.58593726
0.48263866,0.53971267
0.45485288,0.48884588
0.41337875,0.4298031
0.3729266,0.36526787
0.33428612,0.2937545
0.30587468,0.25504863
0.2881742,0.22684896
0.27473372,0.20385528
0.26845995,0.18892112
0.26497182,0.20129064
0.25843322,0.21607022
0.2637521,0.24003203
0.29372364,0.2787707
0.31966367,0.32901573
0.34629205,0.38017946
0.3829346,0.42730418
0.38110402,0.47409868
0.398143,0.5090302
0.42113087,0.543278
0.41953212,0.57218057
0.4181526,0.5944931
0.41971236,0.601401
0.41234207,0.594034
0.3998521,0.5548523
0.3934,0.5120028
0.38055074,0.4653374
0.3402799,0.41115627
0.2919012,0.3507719
0.25120366,0.2402758
0.22054148,0.20648322
0.20479886,0.18151236
0.19873641,0.1698288
0.20456001,0.15436186
0.21895878,0.16783318
0.24507129,0.1913148
0.27741838,0.2131411
0.3190267,0.24420431
0.36350983,0.27340257
0.41566283,0.30908132
0.47398862,0.34314397
0.5267541,0.3880278
0.5706539,0.4278404
0.6049225,0.46864432
0.63932437,0.5026779
0.6659956,0.53062296
0.6773843,0.5417334
0.66562593,0.53384805
0.6232585,0.49180287
0.5695586,0.45746332
0.5189022,0.40987498
0.44455007,0.35434103
0.37066227,0.2931096
0.31674862,0.34375295
0.27249464,0.3007444
0.24837881,0.2678821
0.22820675,0.24643922
0.22799261,0.22578482
0.23423955,0.2345219
0.25745767,0.25042304
0.29578352,0.27897015
0.33515084,0.31465656
0.37871224,0.3611809
0.43971404,0.41333842
0.49221995,0.46577284
0.52108353,0.518968
0.5296022,0.5640684
0.54199827,0.60633993
0.54355735,0.64494276
0.537217,0.6776779
0.5572976,0.6901611
0.5608046,0.68122774
0.5322823,0.6480249
0.4994723,0.6029723
0.4559171,0.54579866
0.38869214,0.47794887
0.32553333,0.41170728
0.2671553,0.28626963
0.22714715,0.24833535
0.1973163,0.22088751
0.18287605,0.20480445
0.18243417,0.18848394
0.19050655,0.19746667
0.21844663,0.21677057
0.24932083,0.23860505
0.2723128,0.26878747
0.3092701,0.30570596
0.3296339,0.34554446
0.33429742,0.37717405
0.3269614,0.4219386
0.33386278,0.4542699
0.36074165,0.49358237
0.41301736,0.52626646
0.45690694,0.55250365
0.49218076,0.5729919
0.5033135,0.57044095
0.47885624,0.53335017
0.4474743,0.4956862
0.41701868,0.45257252
0.35451344,0.393716
0.29850212,0.33936775
0.24752982,0.23746932
0.21204627,0.20676453
0.18647803,0.18146612
0.17661251,0.16534986
0.17108057,0.15134788
0.18531251,0.16667157
0.20558219,0.18899335
0.23985112,0.211169
0.28233632,0.2438367
0.32418314,0.27966213
0.37050408,0.3189234
0.41866988,0.3562459
0.46433106,0.39736748
0.50866836,0.43495923
0.54845566,0.4727444
0.58067477,0.5035027
0.57893634,0.52519983
0.5825694,0.53067607
0.5607467,0.5221694
0.5207758,0.48284376
0.48815578,0.44708115
0.43918726,0.40408105
0.37867585,0.34959427
0.3212723,0.29197097
0.31938562,0.2774006
0.31749892,0.24181654
0.31561223,0.21366239
0.31372553,0.19571358
0.31183884,0.18054156
0.30995214,0.1918396
0.30806544,0.21077088
0.30617875,0.23644888
0.30429205,0.26337537
0.30240536,0.29527372
0.30051863,0.3307867
0.29863194,0.36970526
0.29674524,0.41666877
0.29485855,0.4599285
0.29297185,0.50463057
0.29108515,0.5437445
0.28919846,0.572198
0.28731176,0.5885708
0.28542507,0.57978326
0.28353837,0.54037726
0.28165168,0.5088655
0.27976498,0.4540233
0.27787828,0.397554
0.2759916,0.33898115
0.27410486,0.1953671
0.27221817,0.16835797
0.27033147,0.14988627
0.26844478,0.13918525
0.26655808,0.12427485
0.2646714,0.13967171
0.2627847,0.16357622
0.260898,0.1728027
0.2590113,0.18977319
0.2571246,0.20810504
0.2552379,0.22479217
0.2533512,0.23857297
0.25146452,0.2690785
0.2495778,0.2949206
0.24769111,0.32412905
0.24580441,0.3516639
0.24391772,0.37494442
0.24203101,0.3907408
0.24014431,0.39163318
0.23825762,0.3732251
0.23637092,0.34613925
0.23448423,0.31348738
0.23259753,0.26732162
0.23071082,0.22145033
0.22882412,0.15641187
0.22693743,0.13375509
0.22505073,0.11822993
0.22316404,0.11162295
0.22127734,0.09880508
0.21939065,0.11628212
0.21750394,0.13923068
0.21561724,0.15196022
0.21373054,0.16882294
0.21184385,0.18047385
0.20995715,0.19554614
0.20807046,0.21918206
0.20618376,0.24525301
0.20429705,0.276127
0.20241036,0.30223078
0.20052366,0.3283596
0.19863696,0.35276523
0.19675027,0.3578775
0.19486357,0.35422713
0.19297686,0.3339425
0.19109017,0.31211266
0.18920347,0.27604154
0.18731678,0.2364192
0.18543008,0.18456098
0.18354338,0.17338867
0.18165669,0.15072139
0.17976998,0.13359115
0.17788328,0.1238342
0.17599659,0.10814741
0.17410989,0.1196098
0.1722232,0.14149582
0.1703365,0.14371866
0.1684498,0.1605823
0.1665631,0.16661565
0.1646764,0.1730085
0.1627897,0.18031286
0.160903,0.20174746
0.15901631,0.23092367
0.15712962,0.24553996
0.1552429,0.26671565
0.15335621,0.28594798
0.15146951,0.30181426
0.14958282,0.30347982
0.14769612,0.29915622
0.14580943,0.2848094
0.14392273,0.25653014
0.14203602,0.22810705
0.14014933,0.18265882
0.13826263,0.17737421
0.11412421,0.16189533
0.10553844,0.14567617
0.09648483,0.13435818
0.09560777,0.11500694
0.09872374,0.12066293
0.10359701,0.1262423
0.106013864,0.11986103
0.11485898,0.13016185
0.11346412,0.11666911
0.12748209,0.0994855
0.14438899,0.095765635
0.17128217,0.11553216
0.20621526,0.14679216
0.24073453,0.15383627
0.28380638,0.17515814
0.32750055,0.19520593
0.35390735,0.22101957
0.34797326,0.23024033
0.32189286,0.2366412
0.29606584,0.2397918
0.26520592,0.21941426
0.23334378,0.20536534
0.1993838,0.1632635
0.16954465,0.15971692
0.14298707,0.13740909
0.12548222,0.120863795
0.11456592,0.11554753
0.10779853,0.104141794
0.10973573,0.12511759
0.11207262,0.1574905
0.119641855,0.17192951
0.14415066,0.18354912
0.17322926,0.19253029
0.21634296,0.20597482
0.2790786,0.21906866
0.34655243,0.2511208
0.42798793,0.28242692
0.46284723,0.31807545
0.5103152,0.35300744
0.5548246,0.38551933
0.5797361,0.4000634
0.56248266,0.3969407
0.51674974,0.37427688
0.47090656,0.35150862
0.41587803,0.30888543
0.36062568,0.25622708
0.29922682,0.20283267
0.25538206,0.2626781
0.2114614,0.22948642
0.18568201,0.20076106
0.17001584,0.18257245
0.16544199,0.16865855
0.17186335,0.18645084
0.17608501,0.20710914
0.18915865,0.22772947
0.22342406,0.25825548
0.26909003,0.29474616
0.3117085,0.3371084
0.35505682,0.37969497
0.38705438,0.4324754
0.46212712,0.47785002
0.5413726,0.5204472
0.60191846,0.56370795
0.6370326,0.5916664
0.6434422,0.6058604
0.61356366,0.59332055
0.57946193,0.5537914
0.53385174,0.5087393
0.47167063,0.4565671
0.39993435,0.39096776
0.3388619,0.32508874
0.28679472,0.28435782
0.24336165,0.24348287
0.21933834,0.21335916
0.20395711,0.1954082
0.20089199,0.1819965
0.21563043,0.19461423
0.2522691,0.21789221
0.28294045,0.23956715
0.31933406,0.27892506
0.37310842,0.31842422
0.42577976,0.3637593
0.4934335,0.40640897
0.5586866,0.45802295
0.6229476,0.50261676
0.6746068,0.5472441
0.7111706,0.5842647
0.7321394,0.61111933
0.73721164,0.6246684
0.7076924,0.6135947
0.6725275,0.5732521
0.62532896,0.52573186
0.5489811,0.47554627
0.4703697,0.4134206
0.39846835,0.34919298
0.33909547,0.3356967
0.29267815,0.29258043
0.2628348,0.25813353
0.24549022,0.23946841
0.23064744,0.21761818
0.24364324,0.22810078
0.27881837,0.24717535
0.31104136,0.27657023
0.3517855,0.3218677
0.40967542,0.37546474
0.4709447,0.4345367
0.5382148,0.49608943
0.59695196,0.5574491
0.6493111,0.6083251
0.68733406,0.6532919
0.73125154,0.69652116
0.7531832,0.7256642
0.76074696,0.7335248
0.73394084,0.72231424
0.6849165,0.6809453
0.6251674,0.6280302
0.5524335,0.5665024
0.47373548,0.49442223
0.40047175,0.41903988
0.34096348,0.3419308
0.2919192,0.29797965
0.26427183,0.2618039
0.23731668,0.24134576
0.23194645,0.2231111
0.24323261,0.2332947
0.2730917,0.25405136
0.30979833,0.28084946
0.35319096,0.3224156
0.41866705,0.3625037
0.49205348,0.41712648
0.5719167,0.47148535
0.6375817,0.5279536
0.69314814,0.58371174
0.7387541,0.6342173
0.76725537,0.6772307
0.7789776,0.7140289
0.7690644,0.72409666
0.7137792,0.7133208
0.6515151,0.6717899
0.58663607,0.6266544
0.514984,0.5650764
0.43756518,0.4955692
0.37449622,0.42386922
0.3207526,0.33094108
0.27943185,0.28760028
0.24684095,0.25702834
0.23120709,0.23307523
0.22913837,0.21829543
0.24239014,0.22625375
0.27867836,0.24526066
0.3072021,0.2733994
0.34537545,0.30697483
0.38529795,0.34811872
0.4335757,0.39265022
0.50603086,0.44022724
0.58959687,0.49323827
0.65647256,0.5360029
0.6595146,0.58538353
0.59777814,0.62396264
0.53396916,0.654738
0.49238256,0.6663291
0.450204,0.6568116
0.4259388,0.621441
0.39774135,0.57341903
0.36486992,0.52513814
0.32020408,0.46204218
0.2794481,0.39927194
0.24056594,0.22903502
0.21398735,0.19807322
0.19659725,0.17650276
0.1886841,0.15842348
0.18512431,0.14803322
0.19201069,0.1624817
0.21242566,0.18057074
0.22752178,0.20638163
0.264117,0.23074979
0.30608016,0.26309383
0.34670675,0.2920373
0.3921988,0.32523134
0.4446392,0.3635583
0.5040509,0.39867976
0.51035064,0.44156343
0.48301435,0.47325647
0.4280169,0.49302262
0.39926562,0.4993294
0.37871683,0.48755383
0.37158698,0.4541523
0.35479096,0.42057604
0.33141926,0.37250495
0.3010648,0.327966
0.25672448,0.27479964
0.21601053,0.20827553
0.18743013,0.1727664
0.16416788,0.15249476
0.15000409,0.14030153
0.14473696,0.12781648
0.14634861,0.14443493
0.15311,0.16759355
0.16444099,0.19337991
0.19937833,0.22044925
0.24231423,0.24639028
0.26750803,0.27042857
0.2580397,0.29234263
0.257869,0.3237862
0.28766277,0.35125047
0.2998728,0.38273707
0.33544406,0.4136454
0.38167813,0.43430287
0.40877292,0.4498762
0.40721512,0.4506608
0.3943625,0.41723615
0.37101147,0.38662302
0.33356547,0.3502809
0.29148102,0.30725363
0.24778792,0.25485748
0.2095505,0.21030836
0.18164414,0.17945
0.16546318,0.15826105
0.15821029,0.1452903
0.16272907,0.13495919
0.18450835,0.15051877
0.22720242,0.17409153
0.25416604,0.19856595
0.278931,0.22221383
0.30411333,0.2515341
0.33510086,0.28411037
0.37235513,0.31302625
0.4000076,0.3507896
0.42694,0.38212806
0.46916655,0.41890433
0.50087637,0.44852644
0.5142282,0.46611372
0.5041874,0.47688544
0.47232118,0.47447404
0.43953785,0.44096652
0.39936113,0.40531933
0.35220656,0.3685975
0.30211928,0.31971458
0.24851087,0.26411977
0.2471254,0.24574342
0.24573995,0.21248575
0.2443545,0.18720514
0.24296904,0.17212285
0.24158359,0.15868378
0.24019814,0.17304876
0.23881267,0.19429885
0.23742722,0.21764839
0.23604177,0.24356422
0.23465632,0.26922357
0.23327085,0.30409697
0.2318854,0.3342048
0.23049995,0.3763556
0.22911449,0.4140962
0.22772904,0.45382625
0.22634359,0.48892853
0.22495812,0.51553994
0.22357267,0.532648
0.22218722,0.5285599
0.22080177,0.4904569
0.2194163,0.45686984
0.21803086,0.41279155
0.2166454,0.35855672
0.21525994,0.30017048
0.21387449,0.1627682
0.21248904,0.13392735
0.21110357,0.11972183
0.20971812,0.11569878
0.20833267,0.10175277
0.20694722,0.1162472
0.20556176,0.14253776
0.2041763,0.15359142
0.20279086,0.17061341
0.20140539,0.18377738
0.20001994,0.19584563
0.19863449,0.20418474
0.19724903,0.22787891
0.19586357,0.24687462
0.19447812,0.27034125
0.19309266,0.29241076
0.19170721,0.31813264
0.19032176,0.33018744
0.18893631,0.3345348
0.18755084,0.32058537
0.18616539,0.29948083
0.18477994,0.2685508
0.18339448,0.23226899
0.18200903,0.18376066
0.18062358,0.1412435
0.17923811,0.11805579
0.17785266,0.10482201
0.17646721,0.09982787
0.17508176,0.08839611
0.1736963,0.10634564
0.17231084,0.1314828
0.1709254,0.14572419
0.16953993,0.1589136
0.16815448,0.15996264
0.16676903,0.16247264
0.16538356,0.17090549
0.16399811,0.18695228
0.16261266,0.20779637
0.16122721,0.22700483
0.15984175,0.24956131
0.1584563,0.27271613
0.15707085,0.2876209
0.15568538,0.29219642
0.15429993,0.28025174
0.15291448,0.26657796
0.15152901,0.23826697
0.15014356,0.20677568
0.14875811,0.16482829
0.14737266,0.124664806
0.1459872,0.10687047
0.14460175,0.09700532
0.1432163,0.090415254
0.14183083,0.08377116
0.14044538,0.10052899
0.13905993,0.12542905
0.13767447,0.1291888
0.13628902,0.1300261
0.13490357,0.11736492
0.1335181,0.10997665
0.13213265,0.1058754
0.1307472,0.11712457
0.12936175,0.13464859
0.12797628,0.15227962
0.12659083,0.17798166
0.12520538,0.20191568
0.123819925,0.22244178
0.12243447,0.23494962
0.12104902,0.23729645
0.11966356,0.22893023
0.1182781,0.20444402
0.11689265,0.17586255
0.11550719,0.13975787
0.11412174,0.12717056
0.095541745,0.11658511
0.08242961,0.1044448
0.07560414,0.09989479
0.072163865,0.088196695
0.076314546,0.09793949
0.08163041,0.11921178
0.083498046,0.121334106
0.08498947,0.12115436
0.08502407,0.11211057
0.089934945,0.09853334
0.10275278,0.102007225
0.14122818,0.11839537
0.16090539,0.14082351
0.21334068,0.15810265
0.23014678,0.17707932
0.24995604,0.19247952
0.2619277,0.19517624
0.26400208,0.1979237
0.2715023,0.205973
0.26279894,0.20529896
0.23533006,0.1784446
0.20187744,0.1617775
0.16939071,0.12731706
0.14176364,0.13470003
0.12277106,0.11336613
0.113170885,0.09899023
0.10760081,0.095852986
0.111494265,0.08923523
0.13229586,0.108372174
0.17078432,0.14024699
0.20599583,0.15555146
0.2204977,0.16563478
0.23460534,0.17380472
0.2413083,0.1819299
0.24553719,0.18510537
0.24950214,0.19729759
0.2451751,0.20786828
0.24644144,0.22829002
0.24356292,0.24737832
0.25116587,0.2690496
0.25530207,0.28365415
0.25764287,0.29197702
0.26135182,0.28337148
0.24578135,0.26933897
0.22039035,0.23808718
0.17766665,0.20041637
0.143528,0.1633716
0.11872225,0.12803733
0.10266451,0.10837767
0.0912087,0.096894
0.08868326,0.09521623
0.08433486,0.087392
0.10377814,0.10684552
0.13776796,0.13777854
0.15618147,0.14965117
0.15606779,0.15421852
0.14845777,0.15399109
0.13772523,0.15558146
0.13767439,0.1556624
0.15043892,0.16746485
0.1626228,0.17780975
0.1834498,0.1996749
0.21300684,0.21721901
0.24378642,0.24232695
0.2684398,0.25838745
0.26925614,0.2652171
0.2690277,0.2637673
0.2530833,0.25043064
0.21712804,0.22224922
0.17603064,0.18637288
0.14242902,0.14945419
0.113352194,0.11297082
0.09650125,0.09992941
0.08649997,0.08864791
0.08065378,0.08772821
0.086920135,0.08078209
0.10483598,0.10223791
0.13702348,0.13383636
0.15624239,0.14524569
0.14615671,0.15200461
0.13772859,0.14807342
0.13525559,0.14222142
0.13692267,0.14242779
0.14255737,0.15319042
0.16205557,0.16484329
0.17804497,0.18380639
0.21193153,0.20318219
0.24819025,0.22926468
0.27234176,0.24514428
0.27518725,0.25353217
0.27463308,0.25230587
0.25150344,0.24431407
0.21665613,0.21156165
0.17591941,0.17689113
0.13975883,0.13689658
0.112543456,0.10856873
0.10028826,0.095942706
0.08653333,0.08539892
0.0823959,0.08265177
0.086534925,0.07788105
0.103862524,0.09922835
0.13861625,0.13411517
0.15278004,0.14929734
0.1501049,0.1495493
0.13628694,0.14343794
0.1255456,0.13993432
0.12741289,0.13590601
0.13121966,0.1458339
0.1488428,0.15764713
0.1716854,0.17844626
0.20259085,0.19599128
0.23471533,0.22034398
0.26022354,0.23417203
0.25860712,0.24175149
0.26427767,0.23928572
0.24181744,0.22867835
0.21148716,0.20319784
0.17758667,0.1677786
0.13821073,0.1318239
0.11636382,0.10654087
0.0976659,0.09503249
0.08932676,0.08578211
0.08483641,0.08380884
0.08172133,0.07767383
0.10506637,0.099395916
0.13771129,0.12838066
0.15360714,0.14574042
0.15536603,0.14822032
0.15079165,0.14962816
0.14927356,0.14827234
0.15202197,0.15198375
0.15259096,0.16373792
0.17021039,0.17303148
0.17925906,0.1912415
0.19200592,0.20607774
0.20295894,0.22209924
0.21929385,0.23346424
0.22488724,0.23872077
0.22847581,0.2357917
0.22078069,0.22570986
0.19690232,0.19479874
0.17029107,0.16375862
0.14159575,0.12780672
0.11856142,0.10545814
0.10138405,0.08938277
0.09359978,0.0808249
0.084370516,0.08011458
0.08732283,0.0756796
0.09040049,0.09243383
0.10644622,0.12510392
0.119962454,0.13770568
0.14390068,0.14085865
0.16417195,0.14420639
0.17211422,0.14054549
0.17911217,0.13672946
0.18278512,0.14150204
0.18641149,0.14094183
0.18625613,0.15280381
0.18109721,0.16391467
0.18055628,0.18073434
0.18498732,0.19122326
0.19174129,0.20546213
0.1976648,0.20960103
0.1867153,0.20286302
0.17197263,0.1754337
0.15134157,0.15249236
0.12556466,0.12056099
0.105339125,0.1146197
0.08898321,0.09889294
0.08086386,0.08657608
0.074508,0.089617305
0.075723484,0.081409775
0.079274274,0.099502504
0.08817994,0.13504155
0.10178109,0.15196106
0.124993026,0.16536066
0.14389645,0.17653972
0.15925296,0.18259157
0.16772327,0.18752769
0.17947814,0.19525276
0.19260122,0.19986774
0.19396254,0.21301398
0.19608264,0.2223108
0.20206794,0.23914567
0.2118812,0.24520345
0.21477808,0.2517285
0.2164953,0.25085643
0.2039287,0.24074145
0.1818085,0.2035335
0.15680484,0.17410748
0.1283731,0.1340311
0.10681131,0.11823305
0.09491749,0.09875513
0.0866126,0.08789754
0.082863554,0.08572734
0.0862062,0.08066128
0.10426875,0.099310316
0.1375328,0.13279615
0.16361408,0.14911127
0.1842552,0.1644027
0.19709615,0.17482904
0.20083356,0.17661236
0.20014168,0.18254079
0.20343685,0.18632387
0.20352405,0.18739663
0.20164548,0.19956678
0.20410594,0.2076269
0.20848154,0.22411609
0.22163886,0.22906013
0.23729637,0.2375924
0.22874539,0.23792142
0.2151077,0.2257063
0.18910162,0.19904032
0.15517731,0.17168415
0.12319053,0.1381301
0.10255629,0.122816175
0.09380563,0.107703656
0.086820394,0.09620471
0.084699415,0.09607616
0.08856639,0.09043285
0.106769994,0.108049795
0.14816876,0.14140694
0.1714393,0.15993884
0.18792427,0.17224546
0.19808055,0.18012956
0.20034966,0.18046479
0.20307988,0.18455304
0.20052214,0.18657565
0.20304404,0.18813445
0.20064272,0.19824325
0.2013088,0.20641299
0.20214473,0.22102627
0.21272543,0.23058334
0.22390142,0.24368992
0.23091209,0.24500519
0.21921864,0.23318835
0.19354326,0.20672993
0.1602732,0.177128
0.13060723,0.1430428
0.106912114,0.12133873
0.09231297,0.10296659
0.08808372,0.09399757
0.083571665,0.091966055
0.086690985,0.08918249
0.10989409,0.10662964
0.14345226,0.14178465
0.16400865,0.16474058
0.15813333,0.17090519
0.14135,0.16628543
0.12501103,0.1580014
0.10909876,0.15095516
0.102241166,0.15337844
0.11515716,0.15425268
0.12070958,0.16741392
0.1368819,0.18131109
0.1687654,0.20173472
0.19525182,0.22532918
0.21841715,0.24372847
0.23357664,0.24601687
0.22092263,0.23270541
0.19098692,0.20837636
0.1594814,0.18103133
0.12850797,0.14505643
0.108725555,0.10795534
0.09325164,0.09663409
0.08327189,0.08692958
0.07749756,0.0879605
0.080086544,0.08311012
0.10082106,0.10130628
0.13918948,0.13251333
0.16309063,0.15007244
0.17535271,0.15735634
0.18030666,0.16171268
0.18098988,0.15833564
0.18031478,0.15543868
0.1848316,0.15812097
0.18721722,0.15804194
0.18436942,0.16876611
0.18586896,0.17842478
0.19412549,0.1937238
0.20290722,0.20835638
0.2186726,0.22336768
0.22667438,0.22761947
0.21485011,0.21882245
0.18919149,0.18941034
0.15744075,0.16322312
0.12763639,0.12716457
0.12686689,0.10916546
0.1260974,0.09526949
0.1253279,0.086879805
0.1245584,0.08762668
0.1237889,0.08104067
0.123019405,0.098929085
0.12224991,0.13166209
0.121480405,0.15063657
0.12071091,0.15943745
0.11994141,0.16715217
0.11917192,0.16431917
0.11840242,0.16379182
0.11763292,0.1697973
0.11686342,0.16978067
0.116093926,0.1804137
0.11532443,0.18997538
0.114554934,0.20632449
0.11378543,0.21880867
0.113015935,0.23023003
0.11224644,0.23186705
0.11147694,0.22219838
0.11070745,0.1914725
0.10993794,0.16554332
0.10916845,0.12750563
0.10839895,0.10202781
0.09365574,0.09005105
0.08555317,0.080402315
0.07878296,0.081284836
0.07875648,0.07392353
0.08727975,0.090734035
0.10347166,0.123682246
0.1192411,0.12815055
0.13461156,0.13183767
0.15067036,0.13163823
0.15802492,0.12661792
0.16649242,0.119960964
0.16517136,0.1242014
0.14318216,0.12839273
0.118241705,0.13480219
0.12276365,0.14909908
0.14623244,0.16602153
0.16814202,0.18161044
0.18453819,0.19730169
0.19509329,0.206173
0.18562022,0.2002993
0.16841672,0.17527542
0.14889312,0.14913002
0.12336478,0.11558572
0.10257236,0.111457884
0.085565,0.095252216
0.078038484,0.08467445
0.07041328,0.08446065
0.06737516,0.07885077
0.07388462,0.1001351
0.07939821,0.13771783
0.087278694,0.1488965
0.09320115,0.15908839
0.083360516,0.15167324
0.074112006,0.14954041
0.07061171,0.14873429
0.07844135,0.1590911
0.09765372,0.1738004
0.12357204,0.19045284
0.15803288,0.21431789
0.19971004,0.24043277
0.23568755,0.25549945
0.24372445,0.267762
0.2462423,0.26575482
0.2262701,0.25188357
0.19824898,0.21646315
0.16507001,0.18142822
0.13123502,0.13875663
0.103806034,0.11288452
0.08838244,0.098697245
0.08032558,0.08655734
0.076924324,0.08313518
0.08019247,0.07793524
0.09996377,0.10237925
0.13518214,0.13402216
0.15372807,0.15100041
0.15427712,0.15648784
0.14687842,0.15577738
0.14619096,0.158225
0.14987487,0.15989505
0.1706807,0.17519458
0.19646926,0.18925385
0.22768931,0.21109712
0.25904584,0.22908519
0.2840373,0.2505001
0.29508406,0.2681076
0.2958762,0.2725753
0.28884137,0.2678951
0.26012275,0.2510236
0.22466886,0.21890673
0.18340074,0.18319173
0.14730671,0.14037147
0.117995426,0.13238272
0.096384734,0.11105439
0.08633102,0.10061278
0.08319104,0.096939646
0.087624185,0.09085986
0.10066217,0.1115607
0.13836008,0.1441712
0.15697573,0.16498671
0.14857057,0.16180187
0.14161535,0.1587565
0.13785817,0.16164064
0.14650962,0.1636221
0.17116989,0.18159845
0.2021366,0.19754507
0.24525525,0.22476864
0.28650326,0.24831921
0.32118618,0.2762573
0.34505853,0.29732668
0.3382246,0.30052856
0.32591715,0.29317936
0.29690406,0.27524436
0.25769317,0.2430009
0.21215625,0.20318851
0.17102584,0.15843987
0.13783681,0.1364091
0.117291905,0.11788257
0.104911536,0.10421001
0.096556336,0.10059136
0.09447349,0.094634496
0.116000324,0.11432122
0.15195718,0.14880255
0.17037387,0.16674322
0.1678223,0.1765507
0.1696331,0.17354275
0.18210739,0.1795105
0.2061503,0.18152855
0.23772484,0.20184155
0.27207994,0.22111899
0.31157258,0.24750155
0.35428956,0.27295947
0.38190022,0.29438737
0.38937837,0.31680697
0.37319192,0.32333612
0.35105655,0.31011802
0.31426308,0.29161382
0.27066988,0.25736824
0.21948788,0.21647523
0.17294697,0.17209044
0.13864061,0.14088438
0.11140193,0.12179505
0.095485255,0.10920268
0.087070905,0.10324536
0.092410065,0.098177664
0.11135391,0.11911824
0.1473821,0.14920996
0.1615849,0.16666996
0.16324705,0.17251948
0.15510492,0.1703258
0.15310946,0.17939492
0.1675997,0.18601489
0.19378847,0.20525526
0.21690471,0.22821607
0.24796958,0.25558025
0.28122693,0.2790938
0.3111238,0.30100104
0.31865737,0.3192324
0.3093402,0.32327282
0.30582047,0.31191885
0.28056985,0.29130998
0.2500701,0.2593489
0.20940396,0.21960644
0.17620505,0.17446128
0.17448829,0.13135746
0.17277153,0.11390339
0.17105478,0.10072591
0.16933802,0.0996494
0.16762125,0.091257066
0.16590449,0.11075671
0.16418773,0.14558977
0.16247098,0.16377558
0.16075422,0.17782457
0.15903746,0.1878864
0.1573207,0.19685845
0.15560393,0.20841947
0.15388717,0.22722457
0.15217042,0.24261518
0.15045366,0.26348487
0.1487369,0.2823708
0.14702013,0.30099955
0.14530337,0.31062615
0.14358662,0.3125957
0.14186986,0.30114466
0.1401531,0.28277737
0.13843633,0.24420148
0.13671957,0.20835847
0.13500282,0.16182546
0.13328606,0.11304498
0.1315693,0.09799912
0.12985253,0.086439796
0.12813577,0.08454342
0.12641901,0.07112884
0.12470225,0.08726224
0.1229855,0.10902001
0.121268734,0.115875795
0.11955197,0.13164632
0.117835216,0.14027925
0.11611845,0.14068164
0.1144017,0.1434729
0.112684935,0.14970344
0.11096817,0.15154956
0.10925142,0.14973281
0.107534654,0.15187696
0.10581789,0.16158888
0.10410114,0.16912356
0.10238437,0.1772412
0.10066762,0.18157637
0.098950855,0.17970367
0.09723409,0.1596128
0.09551734,0.14437684
0.093800575,0.112183295
0.09208382,0.088358566
0.08019671,0.07721053
0.068690225,0.072360136
0.06445587,0.07110902
0.06286893,0.06888236
0.06852816,0.086010024
0.07898634,0.112005666
0.084142424,0.12250427
0.08138466,0.11681745
0.07117258,0.106301546
0.058377698,0.09305483
0.06568654,0.083312914
0.08061688,0.08285461
0.086950324,0.08279204
0.08690301,0.09400144
0.097908646,0.107073545
0.12076254,0.12454914
0.1483582,0.14172153
0.1697392,0.1596912
0.17908269,0.16812657
0.16981477,0.16627616
0.15222587,0.15077701
0.13010144,0.12787543
0.10163616,0.10233388
0.08342849,0.093466975
0.073148794,0.08165625
0.064280555,0.074851446
0.06331363,0.0745785
0.072820604,0.072481014
0.09492067,0.09226603
0.12525183,0.12216528
0.14719954,0.13874945
0.14219616,0.1332631
0.12226757,0.12056875
0.095969155,0.1065899
0.08541847,0.09583868
0.09686616,0.09271407
0.094517626,0.09106906
0.115952305,0.1029136
0.14050294,0.118761934
0.15501295,0.13905393
0.18247265,0.16016775
0.20909785,0.17990169
0.22013614,0.1891506
0.20088193,0.18657205
0.17459181,0.16267106
0.14817953,0.13822138
0.12070111,0.109032735
0.098894455,0.10954912
0.08625545,0.095189765
0.077882245,0.08630665
0.078037955,0.083391614
0.084262826,0.08131993
0.10909612,0.10116106
0.14225265,0.13166983
0.16358054,0.15325691
0.16100919,0.152973
0.14531496,0.14381671
0.11530775,0.13060036
0.12258676,0.11849198
0.10053789,0.11834991
0.10703481,0.120478414
0.1283062,0.13593593
0.13491027,0.1514026
0.15620725,0.17422229
0.18460563,0.19900963
0.20737197,0.21657224
0.21481144,0.22169888
0.20448904,0.21581867
0.18047473,0.19074196
0.14796574,0.16378681
0.117136374,0.13076785
0.09780837,0.1073806
0.08538722,0.09241324
0.07852256,0.085024826
0.07785082,0.087662384
0.085177846,0.083441526
0.10764918,0.100433275
0.14628647,0.13187549
0.16736789,0.1476321
0.1557795,0.14561425
0.13019219,0.12826201
0.11862974,0.116093695
0.107434504,0.10592683
0.09737107,0.11007513
0.10305008,0.115765594
0.115404315,0.13386166
0.13856593,0.15179372
0.17336167,0.17621759
0.19990653,0.19865014
0.22269952,0.21593513
0.22222322,0.22115578
0.20655388,0.21453175
0.18494229,0.18915243
0.15092424,0.15895769
0.120397635,0.12579283
0.09071067,0.0979096
0.07610941,0.086769
0.07890195,0.079900324
0.07517815,0.082207605
0.08013951,0.07830285
0.101693176,0.09750752
0.14237942,0.12899299
0.16425951,0.14351477
0.15365039,0.13717178
0.12604733,0.121160835
0.10624408,0.10871589
0.093429595,0.09996097
0.098738745,0.10447542
0.104449,0.11038213
0.11940706,0.12833187
0.13922867,0.1439063
0.17852516,0.16606385
0.20424311,0.18805951
0.21963494,0.20209108
0.22377679,0.2113821
0.20796709,0.20481414
0.18271133,0.17764944
0.15155272,0.14719982
0.11941871,0.11422126
0.10047186,0.0981689
0.08729052,0.08312087
0.080007985,0.07639592
0.07902853,0.07859859
0.08075352,0.075539194
0.10521519,0.093023226
0.14294259,0.12584463
0.16238782,0.1405918
0.1520368,0.14229107
0.13026263,0.1300604
0.10709572,0.119022846
0.08935801,0.10395932
0.08748737,0.1043285
0.08988075,0.099153444
0.1036016,0.11042117
0.121572696,0.12294219
0.1502945,0.14100817
0.18085924,0.16790962
0.19714807,0.18889803
0.20187603,0.1985294
0.19061372,0.19179946
0.17328611,0.16788206
0.14668617,0.14320703
0.12360452,0.11258135
0.10430547,0.08859842
0.09221287,0.07990496
0.082332335,0.07562857
0.07794262,0.07178778
0.08264623,0.07021506
0.08459702,0.091125816
0.10436673,0.11751127
0.12177413,0.12824994
0.13703479,0.13045686
0.15504083,0.12963538
0.16674769,0.11700247
0.17553331,0.1079016
0.17519382,0.100544855
0.18340285,0.092047825
0.17732662,0.090378866
0.17694211,0.09302818
0.17620222,0.10548358
0.18447535,0.121501215
0.19476227,0.14444555
0.19015329,0.16002119
0.18067722,0.15497226
0.16452008,0.14098081
0.14433868,0.12279284
0.11821328,0.096813336
0.10037282,0.10937785
0.084764384,0.097742975
0.0763405,0.08877955
0.07193401,0.090803355
0.071821555,0.08524838
0.07530173,0.10444267
0.090064354,0.13482451
0.10015655,0.15611225
0.101775095,0.16218594
0.08190616,0.15385869
0.06824481,0.13938446
0.06872748,0.13104618
0.06695411,0.12664281
0.07997921,0.12342156
0.09388631,0.13094188
0.09905635,0.14038007
0.11597349,0.16032767
0.15114261,0.17948484
0.18150856,0.19966123
0.18919626,0.20810333
0.17956695,0.2045328
0.16059397,0.18088058
0.13727823,0.1544626
0.10904298,0.12451908
0.09264045,0.10993765
0.07941463,0.094169185
0.07631243,0.08636364
0.07605256,0.0874424
0.082777224,0.086664446
0.109623626,0.10363731
0.14875947,0.13525556
0.17150444,0.15359871
0.16467774,0.1530553
0.13974594,0.13520768
0.11542886,0.120521426
0.10804887,0.10762809
0.11394661,0.10489465
0.12343098,0.10557676
0.12733468,0.11999124
0.14316043,0.13380711
0.16273119,0.15777987
0.18944395,0.17708993
0.21613145,0.20114923
0.22584692,0.21176498
0.2032001,0.20710805
0.18301164,0.17989726
0.15175186,0.15651967
0.123939775,0.12572041
0.103926614,0.1170344
0.08668128,0.10249685
0.085183315,0.09337919
0.08275692,0.09385904
0.08895584,0.089396514
0.1125544,0.10735817
0.15343712,0.13885243
0.17560604,0.16039144
0.16476743,0.17000207
0.140462,0.167019
0.11354303,0.15917842
0.1112351,0.15598246
0.13430208,0.15683153
0.14265905,0.15554696
0.14967272,0.16578019
0.15406686,0.17667335
0.16525327,0.19445151
0.19344386,0.21176568
0.21905075,0.23011933
0.22192733,0.23457444
0.20877142,0.22580454
0.18494971,0.1966173
0.15001556,0.17068009
0.12361123,0.13690983
0.10486528,0.11282705
0.092664815,0.09602522
0.08758358,0.08854871
0.08303092,0.08846777
0.092159376,0.08590388
0.11310821,0.10420872
0.15190227,0.13556272
0.17207643,0.1585698
0.17034987,0.1605548
0.15320851,0.14877518
0.12931336,0.13566476
0.11767536,0.12125398
0.12884587,0.12106888
0.1592496,0.12094319
0.16374524,0.13344455
0.16695778,0.14620982
0.17600875,0.16752455
0.19649203,0.19281247
0.22190209,0.21501572
0.22278728,0.22372407
0.20752645,0.21422511
0.18483849,0.18805277
0.15189116,0.16474172
0.12537841,0.1309821
0.10299994,0.10903
0.092812404,0.09597168
0.086280175,0.08820089
0.08544054,0.087782994
0.094751544,0.08567016
0.11797159,0.104685724
0.15842585,0.13732727
0.17880993,0.15819746
0.16739437,0.15557885
0.1399246,0.14014049
0.115058824,0.124056965
0.103171185,0.114338204
0.09690094,0.11427663
0.10854689,0.11804125
0.14037196,0.13276938
0.15618624,0.14932323
0.16997594,0.17411733
0.19646414,0.1941368
0.21848053,0.21311405
0.22149304,0.221784
0.20440553,0.21521345
0.1853148,0.18599384
0.15226454,0.16004694
0.123581745,0.12655012
0.10379385,0.1084347
0.09004811,0.09843402
0.08282559,0.08833332
0.08111296,0.08918931
0.08222147,0.08452482
0.10271624,0.10309828
0.14191194,0.13948901
0.17234214,0.16029528
0.18564935,0.16315806
0.19300973,0.16359074
0.19441254,0.15580498
0.17781176,0.15332854
0.1737979,0.15491374
0.1801227,0.15537935
0.18174547,0.16724262
0.187562,0.17602311
0.18703185,0.19098839
0.2074357,0.20582315
0.2171418,0.21786052
0.21109666,0.22716154
0.19892973,0.2162936
0.18234502,0.18774265
0.15798609,0.16039191
0.1323686,0.12625378
0.11189961,0.10949992
0.09326435,0.093656644
0.082470395,0.084197074
0.07458956,0.08279709
0.07305858,0.07978186
0.07785029,0.09818226
0.09803999,0.1329294
0.11865587,0.14842902
0.14147675,0.15505934
0.15257719,0.15146725
0.15622403,0.14333412
0.15465526,0.13576697
0.13366371,0.13589913
0.102254756,0.13497305
0.1120419,0.14797866
0.12862502,0.159037
0.14837055,0.17701635
0.16472611,0.19478752
0.18034002,0.21071145
0.1826838,0.21836998
0.17555432,0.2083807
0.15956067,0.18596348
0.14101546,0.15867494
0.11768348,0.12928823
0.0954593,0.09690105
0.08219764,0.08420594
0.07090724,0.0779443
0.06746167,0.078356095
0.067346916,0.07564306
0.07317369,0.09514082
0.08562273,0.12350741
0.09737425,0.14050278
0.10112859,0.13788807
0.0904681,0.12701674
0.072400786,0.112906575
0.07869875,0.10237251
0.07308012,0.09696221
0.07361787,0.093811564
0.07373845,0.10231556
0.0860579,0.110053666
0.115710616,0.12895316
0.15612003,0.14782059
0.18543732,0.16759647
0.19287115,0.18107085
0.18104814,0.17717782
0.16408138,0.15578365
0.13924138,0.13508467
0.11265856,0.107909255
0.094846696,0.11291361
0.08217857,0.09635663
0.07711711,0.09104776
0.07772035,0.08936709
0.08560084,0.0894483
0.1089261,0.10567381
0.15183607,0.13668944
0.17549165,0.15878817
0.16763464,0.16119564
0.14026198,0.14454949
0.110566184,0.1307471
0.09260973,0.11832143
0.08396765,0.1143509
0.0832207,0.11530552
0.09409092,0.12526685
0.118755616,0.13834648
0.15216427,0.1585109
0.188721,0.1899856
0.22163339,0.21354388
0.22075173,0.22275126
0.21091287,0.21676439
0.18674673,0.19068149
0.1581125,0.16777617
0.12882274,0.13623565
0.11065798,0.11740707
0.10033451,0.10302254
0.09641174,0.09652237
0.09646753,0.09235059
0.10420202,0.09293324
0.1274602,0.11075549
0.16887115,0.1436527
0.19226597,0.16505292
0.18671866,0.16174272
0.15213372,0.14402594
0.12635276,0.12885629
0.10798549,0.11298576
0.0970819,0.1150437
0.09973956,0.116176866
0.109909095,0.13305873
0.12929465,0.1528659
0.15908648,0.17584169
0.1951646,0.2040425
0.22145402,0.2295667
0.22011407,0.23711559
0.2095445,0.22517017
0.18533087,0.2037555
0.15017022,0.17449321
0.12704091,0.14060926
0.10233349,0.101949066
0.09207499,0.09224202
0.08759665,0.084980994
0.08562538,0.08387663
0.09368099,0.07997239
0.1146383,0.099968135
0.15372083,0.13251822
0.17902373,0.15073426
0.16573822,0.14369512
0.13877955,0.12919211
0.11576093,0.110891715
0.10113371,0.092625126
0.10753107,0.09660764
0.12007721,0.0995664
0.11971336,0.11600241
0.13512284,0.13888833
0.16865541,0.1658461
0.1989954,0.1943107
0.22023465,0.21363494
0.22023094,0.22103882
0.20023261,0.21684878
0.17491418,0.1873551
0.14517973,0.15741412
0.114232786,0.12264636
0.090142205,0.09887236
0.077856466,0.09002382
0.06999187,0.082312815
0.06727948,0.08112386
0.071108855,0.07667705
0.09232321,0.09876502
0.13093702,0.13318992
0.15755409,0.1482786
0.15600917,0.14666618
0.13808309,0.1287072
0.11902308,0.11001237
0.111191496,0.0936867
0.119386226,0.09939249
0.1361397,0.106243834
0.15576413,0.12191625
0.18982863,0.1436982
0.2190873,0.1657421
0.23965128,0.19999462
0.25114188,0.21673816
0.24361446,0.22139265
0.22239235,0.2166653
0.19623975,0.18817048
0.15518154,0.15952721
0.12478735,0.12347462
0.10251551,0.10376881
0.085965574,0.095423
0.078154996,0.08692533
0.0711371,0.08644277
0.0796692,0.081429034
0.08855915,0.101889834
0.12710394,0.13640366
0.15786146,0.15188338
0.16147421,0.15428904
0.1586732,0.15264322
0.171556,0.1485348
0.1750992,0.14600383
0.17231283,0.15306027
0.1783375,0.1592133
0.17284617,0.17131804
0.18000989,0.187551
0.19939968,0.20312339
0.231873,0.2251235
0.23726813,0.23712967
0.20720637,0.24173914
0.19500361,0.2279656
0.1854472,0.1982547
0.16039501,0.16483466
0.13352937,0.12644258
0.109416895,0.10831212
0.09283906,0.09477897
0.08251541,0.08612321
0.07959893,0.08909821
0.07347187,0.08215581
0.08623021,0.099089935
0.09676589,0.13495608
0.11178768,0.14820342
0.11974743,0.14612897
0.11718598,0.13375676
0.113494135,0.12670481
0.11784554,0.12140341
0.13412166,0.13796563
0.15518136,0.15053633
0.18521859,0.17141055
0.21028474,0.191462
0.23075072,0.21209866
0.24611112,0.23761423
0.2523203,0.246568
0.2403569,0.2479275
0.22011513,0.2393564
0.19541618,0.2037368
0.16896506,0.17169768
0.13927951,0.13087344
0.11153469,0.11348412
0.08945016,0.0956261
0.07751839,0.084687985
0.06688473,0.083691105
0.06244258,0.07757605
0.065748684,0.096107736
0.07408959,0.12888287
0.0873057,0.13918513
0.104812674,0.14857787
0.1198244,0.15151085
0.12337519,0.15072119
0.12012293,0.15046845
0.13240409,0.15458278
0.13353254,0.15708199
0.14496222,0.16880347
0.15531695,0.17782733
0.16434972,0.19186386
0.18433076,0.20120749
0.19734561,0.21288954
0.19049278,0.2159591
0.180873,0.2057623
0.15915215,0.18584988
0.13247435,0.15549454
0.10761899,0.13125335
0.08797038,0.10977414
0.07520586,0.09832013
0.069921605,0.08833258
0.06803225,0.0820852
0.07469372,0.08039697
0.0985336,0.10155767
0.13383672,0.13645837
0.16427734,0.15358858
0.18178996,0.15973523
0.17968117,0.15281685
0.17586873,0.14538394
0.16566761,0.13560054
0.15730481,0.1355396
0.16418783,0.14032413
0.18057677,0.15367681
0.18964855,0.16898696
0.20465693,0.18109903
0.22469445,0.20119229
0.2392726,0.2183822
0.22951,0.22110437
0.21282165,0.21006732
0.18810293,0.19402735
0.15542747,0.16236243
0.12849791,0.13540955
0.10635195,0.120634325
0.09391685,0.10423219
0.08710445,0.095738046
0.085671455,0.093768165
0.094164014,0.090771355
0.11561776,0.106617555
0.15684316,0.13507152
0.18744937,0.15836139
0.19086193,0.16835587
0.17282568,0.15965788
0.15451969,0.14652638
0.14103381,0.13480762
0.13509105,0.1293026
0.1455593,0.122647405
0.15869032,0.12970382
0.17786084,0.13955851
0.18692875,0.15473619
0.20229991,0.18056422
0.21928379,0.2053912
0.2213451,0.2097778
0.2135633,0.20864294
0.19108967,0.18779784
0.16074261,0.16705261
0.13400638,0.14178234
0.11561793,0.12937911
0.103443064,0.110355526
0.09842132,0.101690024
0.09748194,0.10094829
0.103836395,0.097482495
0.12845942,0.11316213
0.17084648,0.14028622
0.20068668,0.16953035
0.20934641,0.17844161
0.20357932,0.16740839
0.18226221,0.1481799
0.15864371,0.13215156
0.14321464,0.12166758
0.13679133,0.1090218
0.1400729,0.11420855
0.15356971,0.12259159
0.18558562,0.1415183
0.22226399,0.17079666
0.257604,0.20099281
0.2574197,0.21058606
0.24579777,0.2081463
0.22428435,0.18870686
0.19139014,0.1718185
0.1650813,0.1440953
0.14565039,0.14673166
0.13468888,0.1299513
0.13249835,0.12112057
0.1320697,0.120581456
0.1421718,0.11806894
0.16636495,0.13162303
0.21550897,0.15480489
0.24292225,0.18469046
0.23150915,0.18839386
0.19131741,0.16879842
0.15314831,0.14732587
0.1283309,0.13274455
0.11759609,0.1241875
0.11192097,0.11831522
0.11926882,0.12648994
0.14115368,0.13874938
0.1716757,0.16036603
0.21509215,0.19237074
0.24946913,0.22659713
0.25239038,0.2388412
0.24712394,0.23524722
0.22679618,0.21120347
0.19726105,0.19292559
0.17066869,0.16163391
0.15105593,0.1332967
0.13939355,0.11755548
0.13670182,0.1103612
0.13650957,0.1104039
0.14418244,0.10726303
0.16657856,0.123028964
0.20649667,0.14779733
0.23486081,0.17519064
0.22848782,0.17306025
0.19622281,0.15072314
0.15614846,0.12695147
0.1324883,0.11090259
0.11539178,0.10601817
0.10991633,0.10376089
0.11974178,0.11488828
0.13741152,0.13257809
0.17301653,0.15482503
0.20672971,0.18763314
0.23118308,0.2184192
0.22951,0.2303803
0.21794048,0.2244676
0.20303538,0.2019048
0.18079762,0.17859884
0.1557613,0.14968903
0.1376541,0.12122446
0.124280676,0.10618627
0.118695766,0.10024821
0.11382586,0.09837897
0.11291455,0.096370354
0.13031241,0.11244462
0.14137983,0.13774532
0.15698563,0.15968104
0.16652949,0.1514829
0.16476336,0.13807532
0.14164694,0.118269995
0.12508713,0.102118194
0.11077591,0.097036436
0.1180355,0.09096962
0.13089341,0.10343811
0.12928547,0.116126746
0.1485109,0.14370993
0.17183387,0.16909403
0.19246952,0.19164953
0.19104324,0.20651905
0.18027665,0.2029333
0.17063709,0.18531537
0.15075298,0.16056232
0.12953122,0.13286212
0.112431,0.11533673
0.09611533,0.0980605
0.09455099,0.093440086
0.08862324,0.09179869
0.08787205,0.09181191
0.09237511,0.108364016
0.10204008,0.13771342
0.11901725,0.15613176
0.12280708,0.14980863
0.113806084,0.12251605
0.111308366,0.09595287
0.09580497,0.073400944
0.08180783,0.07092528
0.06631362,0.07447815
0.073395245,0.0901051
0.09405755,0.11263182
0.124276616,0.14356607
0.18585625,0.17552176
0.20839362,0.20272468
0.18991584,0.21662194
0.16661493,0.21048549
0.17818938,0.18942265
0.15597598,0.16461845
0.13936885,0.13409778
0.11310803,0.10796288
0.09896225,0.09955922
0.0922533,0.09045903
0.08957709,0.09144752
0.09112166,0.08947626
0.102419116,0.10753139
0.12812206,0.13749129
0.1685915,0.15914309
0.17930284,0.1543178
0.1521715,0.13818686
0.12868045,0.117202416
0.106803365,0.10062
0.10493555,0.09684962
0.10764141,0.09255378
0.11907922,0.10297082
0.13264064,0.11662521
0.15969643,0.1341109
0.19947012,0.16214994
0.23873731,0.19047952
0.2373684,0.20125613
0.22587375,0.19832937
0.21036841,0.17356388
0.18662775,0.1518209
0.15607625,0.12256083
0.12662409,0.14235622
0.10751165,0.1265275
0.09752272,0.115156874
0.08970438,0.116630524
0.088868275,0.10516738
0.095737,0.122648165
0.11568767,0.15732537
0.15368429,0.1834301
0.1739139,0.19856879
0.17734958,0.2041132
0.17536013,0.20258406
0.17544892,0.20505045
0.1710163,0.20585407
0.17210945,0.20834346
0.16930455,0.20973277
0.16298011,0.22144179
0.17228565,0.23913068
0.19977166,0.2558959
0.23301205,0.27448085
0.23450154,0.2781955
0.2237623,0.26454735
0.2064663,0.23248082
0.18247971,0.20224132
0.1519321,0.16169041
0.12601838,0.12618256
0.110263415,0.106087886
0.09590595,0.09894448
0.09487936,0.095501825
0.09455911,0.09278552
0.103839226,0.10832649
0.13173534,0.13753045
0.16883019,0.1631054
0.17481425,0.16787225
0.14975993,0.1564644
0.12074048,0.13731794
0.10886996,0.12278755
0.10197617,0.11524393
0.10881559,0.107750155
0.12301328,0.11405608
0.13542242,0.124753065
0.16140589,0.14297108
0.20221147,0.17351526
0.2398723,0.20047475
0.24758948,0.20798033
0.24222931,0.20501882
0.22801574,0.18750787
0.20867185,0.16817066
0.17576635,0.14482747
0.15487736,0.16624035
0.15333429,0.14874968
0.15179121,0.13490357
0.15024815,0.13555911
0.14870508,0.12890632
0.147162,0.14197004
0.14561895,0.17525879
0.14407587,0.20390098
0.1425328,0.21869147
0.14098974,0.21653822
0.13944666,0.21118799
0.1379036,0.21086177
0.13636053,0.2175989
0.13481745,0.22368728
0.13327439,0.24020267
0.13173132,0.25678504
0.13018824,0.28109336
0.12864518,0.30064666
0.1271021,0.3222145
0.12555903,0.32352614
0.12401597,0.3090644
0.1224729,0.27337232
0.12092983,0.23867773
0.11938676,0.19302365
0.11784369,0.092540905
0.11630062,0.079808176
0.10580431,0.07488803
0.10182982,0.07786587
0.097658485,0.070853345
0.09748865,0.08811967
0.11503799,0.11538927
0.14677832,0.12920424
0.17333518,0.13276443
0.19408718,0.13023874
0.20475473,0.115629554
0.20832741,0.10285872
0.21287125,0.08986957
0.21420662,0.07222984
0.21203938,0.066593096
0.21332973,0.064235024
0.21412647,0.07734549
0.22657904,0.09353874
0.25091183,0.11910102
0.24521199,0.13699317
0.23405737,0.13765085
0.22101231,0.12513998
0.20924914,0.11206858
0.18223555,0.09220637
0.1598546,0.17282958
0.14091164,0.15047695
0.13041887,0.13803017
0.123979494,0.13504371
0.12088807,0.13078979
0.12261129,0.14180768
0.13892908,0.17229134
0.151552,0.20341583
0.15486412,0.2179814
0.13973746,0.20551397
0.11595954,0.19218585
0.09054331,0.18153758
0.0804986,0.18099359
0.08331373,0.18062444
0.10049357,0.19440065
0.12890378,0.21352968
0.15419202,0.23798028
0.17861485,0.26392972
0.20342307,0.29678097
0.20448056,0.2996578
0.1985371,0.28905985
0.19092001,0.2639536
0.17936797,0.23517323
0.16003451,0.19959024
0.14275263,0.12051715
0.12820785,0.10354306
0.11938746,0.09681562
0.11495201,0.094769016
0.11362089,0.09487978
0.11891539,0.11029166
0.12598854,0.13752328
0.14056103,0.1634977
0.1434189,0.16574407
0.13036573,0.14339443
0.11580807,0.114118665
0.11298975,0.09227966
0.10827431,0.0774046
0.099620044,0.063904926
0.10061839,0.068957105
0.11779134,0.079971984
0.15190934,0.099096656
0.19559202,0.13025512
0.23916525,0.16602778
0.2428391,0.18110982
0.23922634,0.1815333
0.22915179,0.16837999
0.21106575,0.15270445
0.18549505,0.13351035
0.16249321,0.1648172
0.14622009,0.14501522
0.13738063,0.1351563
0.13588637,0.13609901
0.13713841,0.13230558
0.1483656,0.14268482
0.17569996,0.16783892
0.21729062,0.20390025
0.23001525,0.20817652
0.20161581,0.1873522
0.16684003,0.1661466
0.14268589,0.1475983
0.13548298,0.14296369
0.12700984,0.1344039
0.13587278,0.14717072
0.1648534,0.1607869
0.19468689,0.18245748
0.23189719,0.218933
0.27029738,0.25554666
0.26882786,0.26564917
0.2628136,0.26147172
0.24722016,0.23554981
0.22828726,0.21497923
0.19543755,0.1821757
0.16643856,0.16621377
0.14998856,0.14706193
0.13871953,0.13596226
0.13645148,0.13531607
0.13410224,0.13029496
0.14570811,0.1419532
0.16886796,0.169854
0.20943892,0.20586364
0.21981606,0.21871322
0.19309483,0.21004872
0.16497715,0.20066732
0.14116852,0.19249672
0.13442743,0.18987955
0.12774248,0.18756424
0.13159746,0.19650537
0.15372737,0.20474336
0.1853194,0.22708935
0.22504435,0.2484467
0.26183873,0.27587512
0.26830405,0.28129447
0.25693828,0.2716457
0.2450208,0.24592519
0.22389843,0.22202986
0.19435853,0.18427572
0.1681016,0.14419354
0.15196495,0.12451857
0.14332463,0.11702365
0.14105181,0.117340855
0.14193736,0.116557114
0.15314195,0.12792325
0.1762257,0.15756837
0.21836206,0.1863223
0.23444222,0.18407623
0.207015,0.16366932
0.17110246,0.14145203
0.15882854,0.12575522
0.14730053,0.11714828
0.14626917,0.111426994
0.16463448,0.1223093
0.17772949,0.1370735
0.19191377,0.16104418
0.2310219,0.19172952
0.26102945,0.22546615
0.26433626,0.2417375
0.25607887,0.23409489
0.24137926,0.20905751
0.21664502,0.18802969
0.1807579,0.1576167
0.15334603,0.16929099
0.13381253,0.14253597
0.124453336,0.13152044
0.119645916,0.12877704
0.12062573,0.12487811
0.13172333,0.14085144
0.15346873,0.17089535
0.19657378,0.20702772
0.21393386,0.21469378
0.18709028,0.19971491
0.15111966,0.18097648
0.13088387,0.1626753
0.114415504,0.16119622
0.11823481,0.16094957
0.12557931,0.17498046
0.14840904,0.19341618
0.1797901,0.22469324
0.20741221,0.25733298
0.24035603,0.29006034
0.24391848,0.29846585
0.23326927,0.2822975
0.21794295,0.25402886
0.1947621,0.23047233
0.16483063,0.18956685
0.13972722,0.12755114
0.12813424,0.11461027
0.11668619,0.10619591
0.10719158,0.107320935
0.112748064,0.10527045
0.11992962,0.120326556
0.14254414,0.15316373
0.18379566,0.17545588
0.1900629,0.173004
0.17406006,0.14680482
0.16120216,0.12530862
0.14123966,0.114097565
0.13470319,0.115812376
0.12820591,0.12441747
0.14909136,0.14595456
0.16266604,0.16658877
0.18553777,0.19332218
0.21070509,0.21882656
0.23495613,0.24102178
0.2243329,0.25033653
0.21573918,0.24452683
0.19867903,0.21424474
0.18020691,0.18583448
0.15659547,0.15163566
0.13251372,0.11226676
0.114004865,0.09361161
0.098837785,0.088359796
0.08922436,0.085251644
0.0873073,0.08457682
0.08718213,0.100101255
0.096894056,0.13043928
0.11435725,0.15076005
0.12792504,0.15965346
0.13914022,0.15902747
0.13313073,0.14467272
0.114613056,0.1302259
0.09762706,0.120027244
0.08117616,0.107737884
0.09138453,0.11093515
0.1093431,0.111093335
0.14157526,0.1295475
0.17742531,0.15046015
0.21005912,0.17431918
0.21112067,0.18571727
0.20603997,0.1809642
0.19968162,0.16775817
0.18597119,0.15127215
0.1706973,0.12609273
0.14978465,0.14542523
0.13420534,0.12809895
0.12428915,0.12123847
0.11875367,0.118599996
0.117538884,0.11365952
0.121318124,0.12833968
0.12919879,0.15611073
0.1439178,0.17990468
0.14792584,0.1925903
0.13337684,0.17661083
0.10961851,0.1595724
0.09057897,0.14609076
0.08143656,0.14063261
0.08170667,0.13881429
0.09082171,0.14313605
0.11279185,0.15782665
0.14374498,0.18055025
0.18518662,0.21234073
0.22409086,0.24483058
0.22807276,0.25218144
0.22098018,0.24692231
0.21120451,0.22497386
0.19262823,0.20146684
0.16734193,0.16374707
0.14341412,0.13853204
0.12606922,0.120318845
0.11844172,0.112831324
0.1157996,0.110791385
0.11951475,0.1105382
0.13300662,0.122560784
0.16305973,0.14937751
0.20396312,0.17928872
0.21927638,0.18257692
0.19777532,0.1635381
0.16438274,0.13893016
0.14093354,0.121255904
0.13374245,0.10920344
0.13219488,0.097254455
0.13804743,0.10437385
0.16623414,0.11428596
0.20568511,0.13394159
0.24619286,0.16557969
0.28477103,0.2005916
0.28744897,0.21457586
0.28053454,0.21428372
0.2658941,0.19171771
0.24354385,0.17795609
0.21018092,0.15185109
0.1809083,0.17979713
0.15627521,0.16495855
0.14210701,0.15055251
0.13897797,0.15206534
0.14013062,0.14536016
0.15470488,0.1540461
0.17622395,0.1819519
0.22016597,0.21312594
0.23219414,0.22799742
0.22770308,0.22401048
0.2270483,0.21348912
0.22872509,0.21175094
0.24631874,0.20839833
0.24936286,0.20631929
0.2470551,0.21633446
0.25299963,0.22485915
0.26137972,0.23900577
0.28229818,0.26086816
0.3003249,0.29085442
0.2955572,0.29863435
0.2793773,0.29285762
0.26341718,0.26121637
0.23407096,0.23582219
0.20137343,0.20065436
0.16709796,0.17826861
0.14154455,0.15021087
0.12617056,0.13687918
0.10794736,0.13641645
0.113096386,0.12849112
0.11149267,0.13913912
0.13254584,0.1721276
0.16798931,0.20734063
0.1931651,0.23183595
0.19373798,0.2375554
0.19737263,0.23325247
0.1900855,0.22995813
0.18205371,0.23075907
0.18278566,0.22539696
0.20112626,0.235562
0.20526105,0.24085945
0.21650378,0.26260093
0.23577529,0.28324136
0.2524158,0.3054423
0.24463081,0.305535
0.23214912,0.2964416
0.21855272,0.26178882
0.19807579,0.24134731
0.1697678,0.1985288
0.14298849,0.15516481
0.1200645,0.13246194
0.105741814,0.12134728
0.0968441,0.12446062
0.092652455,0.1191969
0.09645623,0.12834951
0.10816821,0.16131689
0.12297197,0.19112979
0.13703972,0.21000329
0.13950495,0.20444426
0.120372385,0.19449331
0.11048709,0.1832387
0.107165806,0.17986326
0.10878028,0.16858964
0.11295674,0.17644155
0.12633474,0.18307632
0.14750178,0.1965338
0.1694315,0.22285607
0.18360129,0.25359288
0.17962873,0.2574594
0.17952281,0.24904808
0.17962767,0.22631034
0.17294927,0.20499204
0.15929408,0.17447844
0.14126949,0.15137705
0.12201458,0.13060108
0.11065463,0.12099051
0.104807906,0.11898412
0.10281122,0.11674395
0.10928466,0.1301614
0.12285386,0.15608326
0.14396706,0.18502644
0.15293628,0.20248629
0.1527209,0.1906871
0.14432314,0.17444472
0.13048595,0.15730605
0.117460854,0.14882345
0.11529098,0.1399396
0.12622705,0.14544094
0.14610198,0.15343142
0.17168398,0.1744529
0.2071423,0.20518349
0.24134219,0.23973677
0.24215217,0.24563476
0.23750664,0.23895133
0.23329064,0.22252901
0.22336845,0.20130397
0.20290828,0.17052859
0.18148825,0.16067153
0.16312699,0.14059126
0.15179211,0.13272575
0.14631365,0.12848176
0.14382353,0.12911803
0.15011832,0.13837422
0.16075975,0.16261841
0.17818551,0.19767429
0.18697412,0.2028425
0.18136415,0.18383728
0.15884303,0.15934247
0.14436676,0.13874881
0.1402874,0.12519316
0.13067397,0.11074725
0.122004874,0.1166673
0.14330432,0.12569077
0.17517193,0.14289737
0.21898472,0.17969602
0.25501415,0.22210635
0.25917754,0.23599702
0.25771913,0.2326792
0.2522698,0.21698636
0.2415182,0.20138459
0.21993364,0.17601025
0.19688644,0.18644714
0.17696877,0.17193834
0.16442034,0.15611851
0.15571187,0.15539162
0.15192486,0.14787103
0.15376303,0.15871863
0.15918605,0.18694265
0.17156553,0.21780531
0.1802747,0.23490575
0.1810559,0.22711383
0.17497456,0.20924795
0.16426587,0.20325105
0.17437802,0.19650932
0.18780582,0.19318856
0.19983804,0.1999197
0.21017899,0.21526143
0.21740238,0.23136225
0.241735,0.25474352
0.25950962,0.29009232
0.25466847,0.2999131
0.24138209,0.2937594
0.22562712,0.2647195
0.202221,0.23647065
0.16805552,0.2066775
0.13761684,0.15682496
0.13869055,0.13255471
0.13976425,0.12266155
0.14083797,0.12480985
0.14191167,0.120025456
0.14298537,0.12934512
0.14405909,0.1549544
0.1451328,0.19098543
0.1462065,0.20431909
0.14728022,0.19000141
0.14835392,0.1689532
0.14942762,0.15419641
0.15050133,0.1449764
0.15157504,0.13258512
0.15264875,0.14089447
0.15372245,0.14630182
0.15479617,0.16850512
0.15586987,0.19235556
0.15694357,0.22549555
0.1580173,0.23529214
0.159091,0.23225737
0.1601647,0.21116316
0.16123842,0.19500381
0.16231212,0.16822702
0.16338582,0.1563688
0.16445953,0.1419053
0.15982036,0.13323197
0.15383841,0.13020308
0.15437986,0.12794916
0.1660862,0.13911417
0.19253978,0.15917213
0.23816197,0.19350986
0.2539247,0.20539615
0.23638877,0.19688489
0.20900127,0.17646584
0.20018741,0.16148813
0.20543319,0.14393254
0.19676356,0.12584282
0.20733684,0.12333527
0.22883648,0.12189739
0.26202145,0.13483036
0.29963833,0.164202
0.33986256,0.19997704
0.34060934,0.21403399
0.3355553,0.21402887
0.32084015,0.2035324
0.293274,0.1881405
0.2565384,0.167147
0.22368127,0.22898428
0.20129645,0.20476986
0.18964149,0.19005722
0.18678187,0.1879769
0.18681347,0.18363777
0.20111638,0.18643549
0.22068924,0.21080725
0.2674157,0.25123698
0.28253636,0.26992384
0.2579719,0.26473075
0.22603035,0.25114554
0.20409393,0.23618735
0.18711783,0.22627573
0.17581137,0.21301861
0.18606581,0.21885464
0.22706135,0.22577715
0.25657406,0.2403414
0.30270258,0.27604505
0.3342148,0.32020572
0.33244002,0.32940227
0.32657424,0.3221095
0.31451058,0.29552
0.28633323,0.27621102
0.24550523,0.24235201
