true,forecasted
0.16045894,0.15304168
0.12777814,0.120099954
0.10453888,0.100192726
0.08261825,0.09416188
0.10852333,0.10483602
0.14291976,0.1415533
0.22027689,0.20469497
0.27976286,0.26868764
0.29946542,0.29752147
0.31634706,0.32424906
0.33151174,0.3393895
0.3431096,0.35139167
0.34498322,0.35727918
0.35942265,0.3710793
0.3508096,0.37333864
0.35194325,0.372886
0.35936114,0.38987753
0.3708382,0.40026587
0.35286885,0.3954987
0.33696532,0.38014436
0.32075334,0.36811328
0.2851391,0.32932016
0.225375,0.2679989
0.17722853,0.20585091
0.13011947,0.12293209
0.10971498,0.1018262
0.0807473,0.08180739
0.08169552,0.07827726
0.105232246,0.092705026
0.14458221,0.12771857
0.20300113,0.19770549
0.27208638,0.24719235
0.29924816,0.2834844
0.29902646,0.302443
0.31413206,0.3223742
0.32659158,0.3293705
0.32905397,0.33939418
0.3474702,0.35228828
0.34283587,0.35065612
0.3351818,0.3514871
0.3429242,0.3692569
0.33330667,0.3739954
0.31978709,0.36777872
0.30370912,0.3555748
0.29776365,0.33803666
0.27389386,0.2944812
0.22859555,0.2383527
0.17760618,0.17586051
0.13651313,0.114983425
0.11335472,0.09523357
0.09976747,0.07567805
0.096384555,0.07447258
0.100310124,0.088352196
0.13603354,0.13051736
0.2050575,0.20986632
0.2670566,0.2592966
0.29535884,0.29343396
0.30094972,0.30805966
0.31337914,0.3244146
0.32091174,0.32604873
0.32386556,0.329672
0.3349518,0.33637103
0.32947844,0.33485064
0.32439482,0.33359507
0.32769296,0.3403452
0.32306477,0.34674656
0.30398706,0.3352263
0.27940586,0.3313548
0.26904643,0.31904995
0.2510171,0.27581546
0.20193318,0.21811372
0.1477494,0.1614638
0.10195435,0.101941645
0.07744435,0.073817134
0.061476015,0.053329837
0.050102886,0.04360061
0.051043194,0.050170965
0.064255856,0.06326513
0.09318465,0.10925251
0.13262996,0.1520943
0.17583476,0.19837484
0.19967248,0.23701143
0.21924827,0.2657598
0.23702824,0.286835
0.24502218,0.2995177
0.25970507,0.31854138
0.2782887,0.33032486
0.29898626,0.3429637
0.32657203,0.36227205
0.33566996,0.3804133
0.33134037,0.36875057
0.31584945,0.3591106
0.29334134,0.35160178
0.27442244,0.31040496
0.2229247,0.24915206
0.16753806,0.18866062
0.119931616,0.1297444
0.08405376,0.08860197
0.0651742,0.06865366
0.051955603,0.054657992
0.046016496,0.053112805
0.050400138,0.05753937
0.063843265,0.09010473
0.11033431,0.13752694
0.16487356,0.20009004
0.20457593,0.26217294
0.24707285,0.30445826
0.2923584,0.34482414
0.32810664,0.36888185
0.35901228,0.39742678
0.3856931,0.4265455
0.40161532,0.43916443
0.4314139,0.4597363
0.45541507,0.48167652
0.44821665,0.4678154
0.43126053,0.4493517
0.41097072,0.43749464
0.38512146,0.39576343
0.3282602,0.32280403
0.26318508,0.262545
0.21662506,0.20464456
0.20065431,0.16515884
0.18386276,0.14679722
0.16998067,0.1407873
0.18594286,0.14867578
0.23098455,0.19066638
0.30631784,0.2745117
0.37184045,0.33964604
0.42389384,0.3713862
0.4587481,0.40797776
0.48811364,0.43042856
0.50671923,0.44917095
0.5117317,0.45762372
0.5012905,0.4767628
0.49690136,0.4811387
0.47442138,0.46797365
0.4567036,0.47392467
0.45856026,0.47075927
0.43328702,0.44996774
0.40408847,0.43459535
0.37374568,0.4184113
0.34001428,0.3676403
0.2821389,0.29530632
0.22746389,0.23478767
0.18367887,0.17428617
0.14466086,0.14443257
0.12709598,0.12197827
0.11996918,0.11323905
0.12807979,0.12782802
0.1743006,0.17321023
0.23731692,0.25510332
0.29614908,0.32050222
0.3254151,0.34516624
0.34065756,0.37220404
0.36035508,0.39674738
0.37437314,0.41138196
0.37449354,0.42348444
0.3906829,0.4439213
0.39267448,0.4480461
0.4026347,0.44735938
0.41523772,0.46235666
0.4190651,0.46967477
0.40334564,0.44400376
0.38303936,0.424088
0.3631782,0.41324097
0.3408722,0.36573294
0.28122497,0.29358804
0.22281748,0.22552416
0.17433466,0.1790338
0.14470546,0.14727773
0.1317683,0.12333703
0.12069353,0.116173506
0.13338023,0.123893425
0.1717543,0.15892145
0.2383227,0.22708368
0.29641756,0.28301224
0.33717358,0.31516403
0.3587961,0.3454663
0.3653576,0.3692412
0.3689231,0.37965846
0.36207354,0.38847718
0.36671314,0.40061855
0.35802013,0.40075472
0.35854322,0.39777535
0.35117233,0.41027513
0.35995477,0.41082352
0.34549028,0.40070486
0.33228815,0.3879617
0.3176167,0.37024683
0.3025234,0.32606328
0.24848133,0.26460654
0.20661911,0.20881374
0.16148911,0.14771566
0.13520285,0.12074403
0.11180255,0.10326186
0.11335472,0.095783144
0.119939305,0.11060017
0.16394687,0.15393855
0.22403923,0.23713702
0.2808864,0.2962598
0.3149467,0.3259671
0.33601645,0.35071138
0.34639588,0.37632233
0.37307164,0.3928507
0.38024393,0.40334347
0.40382504,0.42174777
0.4069285,0.42520988
0.4200256,0.43005502
0.42917252,0.44096464
0.4260104,0.44633
0.41839302,0.42344326
0.39250112,0.4086942
0.37520096,0.39126945
0.35288072,0.34571853
0.28751186,0.27570903
0.22906944,0.21255875
0.22644573,0.17813033
0.22382204,0.1481538
0.22119834,0.12795825
0.21857463,0.12356225
0.21595094,0.13182525
0.21332723,0.17226556
0.21070354,0.24575658
0.20807983,0.3001203
0.20545612,0.32579812
0.20283243,0.3531011
0.20020872,0.3770693
0.19758503,0.38101953
0.19496132,0.38550738
0.19233762,0.3947268
0.18971393,0.3940161
0.18709022,0.3916343
0.18446651,0.3978634
0.18184282,0.39569622
0.17921911,0.38163912
0.17659542,0.37036866
0.17397171,0.35073858
0.171348,0.31080183
0.16872431,0.24978693
0.1661006,0.19221854
0.16347691,0.11201434
0.1608532,0.07565119
0.1582295,0.05644623
0.15560581,0.045605708
0.1529821,0.04841184
0.1503584,0.056893066
0.1477347,0.09289318
0.145111,0.1378891
0.1424873,0.18849535
0.1398636,0.23407248
0.13723989,0.25883356
0.1346162,0.28553158
0.13199249,0.29277477
0.12936878,0.31190842
0.12674509,0.3255413
0.12412139,0.3337087
0.12149768,0.3573201
0.11887398,0.3724587
0.116250284,0.36866874
0.113626584,0.35722798
0.11100288,0.34453183
0.10837918,0.30402932
0.10575548,0.2452578
0.10313178,0.18918902
0.10050807,0.090819165
0.07079254,0.054570913
0.049288243,0.04249437
0.03485054,0.031177148
0.029731568,0.041130565
0.03680366,0.052720144
0.0537334,0.100205034
0.096915565,0.15270944
0.13954936,0.20540011
0.17643234,0.24786586
0.2045243,0.27432513
0.23398036,0.3100145
0.2576711,0.319323
0.27074492,0.3404505
0.29629168,0.35769045
0.32073838,0.36735028
0.3507191,0.39190978
0.36439487,0.41121563
0.36092848,0.4012305
0.35034472,0.39403385
0.3336639,0.38306022
0.3117459,0.33765575
0.25216612,0.26819545
0.18678145,0.21140984
0.14307925,0.13996302
0.11446969,0.10580801
0.08977317,0.092557564
0.080020316,0.085765645
0.09613696,0.10019395
0.13599838,0.1560576
0.19426306,0.24776879
0.2657059,0.32039493
0.31635013,0.3572409
0.36809593,0.39127544
0.410541,0.4282894
0.45775706,0.45845062
0.49636948,0.47882047
0.5318158,0.5111549
0.5574307,0.52962494
0.5704738,0.5266879
0.5835313,0.5438807
0.5896554,0.54919577
0.5722272,0.5198038
0.52888817,0.5006535
0.49416372,0.48524958
0.46326753,0.429905
0.39165395,0.3429346
0.32290748,0.26942748
0.2580492,0.23325332
0.2205893,0.19797745
0.18261707,0.17123528
0.17369248,0.1676724
0.19041021,0.17993647
0.22767347,0.22898787
0.29099804,0.32466123
0.35461017,0.39916784
0.39281815,0.42732427
0.42480755,0.4568646
0.44499037,0.48037776
0.47692552,0.49709255
0.50127095,0.51635706
0.5244294,0.53524125
0.5463513,0.53817856
0.5537819,0.529754
0.5643211,0.53888845
0.56643724,0.5394622
0.53923243,0.5175737
0.5041879,0.4926728
0.47627938,0.48040205
0.4479699,0.42758083
0.3744654,0.34889358
0.29978576,0.27769014
0.24084923,0.2411711
0.20056972,0.20743427
0.17445153,0.1784408
0.1572531,0.17456412
0.15889205,0.18738267
0.19984165,0.23626448
0.2636858,0.33408624
0.31810465,0.41063398
0.35432127,0.4315962
0.37134197,0.44623846
0.4086248,0.45808285
0.42304403,0.4566558
0.43720734,0.45937285
0.44624066,0.46656886
0.44272265,0.45848972
0.4300535,0.44135857
0.4257002,0.44457045
0.43298867,0.44566166
0.4039685,0.43599224
0.37448147,0.42641485
0.36455593,0.41049385
0.34681395,0.35851187
0.27738926,0.29821932
0.22739841,0.23524944
0.17993455,0.18041219
0.14295842,0.15724276
0.1254768,0.13463174
0.116642065,0.12838206
0.13403735,0.13798453
0.16573785,0.17724228
0.24072224,0.25824445
0.2937915,0.30890673
0.33426282,0.33966103
0.35288203,0.3596775
0.37026897,0.37620062
0.3794438,0.3764264
0.3773292,0.38165644
0.37794852,0.38889256
0.36633393,0.3806951
0.36219198,0.37538236
0.35960963,0.37719628
0.359897,0.37857705
0.35118574,0.36938196
0.3414575,0.35932827
0.33390382,0.33870137
0.316873,0.29224053
0.2635891,0.24003692
0.21583349,0.18170874
0.16642463,0.16268
0.1467513,0.13131759
0.12349886,0.110182144
0.123506546,0.09675789
0.1275703,0.09880423
0.1696619,0.110628195
0.23376286,0.15575087
0.29923695,0.19691229
0.33664894,0.2379236
0.3633882,0.274107
0.38965955,0.29676312
0.3993933,0.30166107
0.40560505,0.30848667
0.40086657,0.31390634
0.39337575,0.31545335
0.3786955,0.31752455
0.3824374,0.3227599
0.3749604,0.32914972
0.3625022,0.32676232
0.34374192,0.3140028
0.33318233,0.29583365
0.31456023,0.26009163
0.27152988,0.21023805
0.21932076,0.16077122
0.17721511,0.18764102
0.14803016,0.14290133
0.1265999,0.12103279
0.116962604,0.10103667
0.11325344,0.09510963
0.13074824,0.09199783
0.15376934,0.11383656
0.19778241,0.15363069
0.24913427,0.2035268
0.2914638,0.26100945
0.32960474,0.30062088
0.35058376,0.32574034
0.37769893,0.34658876
0.4068538,0.3619525
0.4305707,0.38023597
0.45248452,0.39309183
0.47265896,0.4091173
0.470491,0.42726514
0.45290413,0.42050374
0.43162853,0.39667767
0.40879878,0.37651193
0.38335904,0.34233305
0.32981917,0.28616977
0.27201894,0.23105016
0.21494547,0.21817829
0.1798012,0.17112052
0.15076673,0.1459078
0.13332993,0.1348655
0.1287815,0.12653197
0.12927605,0.13756198
0.1490713,0.17063211
0.19698885,0.22146237
0.26049072,0.27637428
0.31897554,0.33942208
0.37851292,0.3841372
0.42657128,0.4130901
0.46194273,0.43898398
0.4811848,0.4691876
0.4956359,0.48611844
0.4932355,0.48834234
0.49624622,0.5033828
0.5172338,0.50947255
0.51168007,0.49490607
0.48718742,0.4655966
0.45882258,0.44162625
0.4297064,0.39884427
0.36296332,0.33358616
0.30235842,0.26891163
0.24648295,0.2447063
0.21937634,0.20218883
0.19524291,0.17735507
0.18462797,0.16876374
0.19762027,0.17029993
0.24247961,0.20662087
0.31593338,0.27882734
0.4001888,0.34097072
0.4526708,0.38822827
0.494999,0.43696192
0.5300284,0.48160887
0.56261843,0.517145
0.60516614,0.5477182
0.62874484,0.5816745
0.63268113,0.5969124
0.6321394,0.594778
0.6278091,0.61054885
0.62454045,0.61136293
0.61238366,0.58283865
0.57738304,0.55097294
0.5272044,0.52778727
0.4754107,0.47408712
0.4085681,0.39576733
0.34429356,0.32240406
0.28460065,0.27851608
0.24129434,0.23799796
0.21852897,0.20657505
0.19876644,0.20336549
0.21269949,0.20729405
0.25297415,0.24577998
0.32205197,0.33160892
0.39637968,0.39553058
0.44198313,0.43284738
0.4687914,0.46679348
0.49668938,0.4946971
0.5262797,0.51271904
0.5507752,0.53001213
0.5730594,0.5497017
0.5564377,0.55163115
0.54767936,0.5410648
0.537024,0.5456063
0.5303094,0.53842765
0.50437045,0.51237184
0.48235646,0.48705843
0.4565342,0.469563
0.43139982,0.41698655
0.36898747,0.34541887
0.31411734,0.28164688
0.26284873,0.24228
0.21849887,0.20437275
0.21104516,0.17692468
0.19117981,0.16663456
0.20374613,0.17309202
0.24388985,0.20813894
0.30595225,0.27855232
0.37343898,0.33716983
0.4294201,0.3757316
0.44492227,0.41534075
0.4603574,0.4518463
0.4768921,0.47830057
0.48892763,0.5022895
0.5043964,0.528578
0.5101909,0.5351108
0.50175124,0.53842646
0.5080089,0.5518708
0.50868005,0.5516263
0.4958846,0.524571
0.4712586,0.49463895
0.45091036,0.47346294
0.42365238,0.4238949
0.35889077,0.3528543
0.2960065,0.28754318
0.2414255,0.23640923
0.20721956,0.19957368
0.18055981,0.17376743
0.17084892,0.1635781
0.17613465,0.17096417
0.21446432,0.2097499
0.2705942,0.28538254
0.33015928,0.34749848
0.38685092,0.38496247
0.42045203,0.42294362
0.47942898,0.45858377
0.5072986,0.486463
0.54244024,0.50872964
0.5755512,0.5357294
0.6026297,0.5435388
0.59775984,0.5512274
0.6133376,0.56215847
0.6192035,0.56292766
0.5946373,0.5368192
0.5495251,0.5074132
0.49540326,0.48437482
0.45782846,0.43818614
0.38483432,0.36346728
0.30937648,0.29600725
0.24777302,0.24497709
0.2038006,0.20536835
0.17328998,0.17930463
0.16180152,0.16671881
0.17494652,0.17163907
0.19831035,0.20709497
0.2535614,0.27528828
0.31460923,0.33510387
0.3715454,0.377703
0.40303743,0.42182878
0.45651928,0.46446538
0.50170857,0.49619406
0.544838,0.5225679
0.56966966,0.5557455
0.5858518,0.56713176
0.59062845,0.5759247
0.59184957,0.59074914
0.5966051,0.58843863
0.5741987,0.5568475
0.52874976,0.52360773
0.49630776,0.498931
0.46152467,0.45171958
0.38921398,0.37660265
0.31623766,0.3057032
0.2529388,0.2545966
0.20499906,0.21033522
0.17451744,0.17958505
0.16058703,0.16567212
0.14702548,0.15848623
0.1600826,0.17361426
0.17829934,0.2114534
0.21756515,0.2581907
0.2796205,0.3104538
0.33178923,0.37076724
0.37091005,0.41753983
0.40607935,0.4467069
0.43065768,0.476374
0.4435373,0.50760925
0.44088092,0.52133363
0.45414412,0.52803975
0.45703995,0.5445348
0.45664757,0.5466809
0.44343513,0.52311665
0.4247403,0.4898277
0.40445226,0.466141
0.38791996,0.4214287
0.34020805,0.35499054
0.2841419,0.28977737
0.23522605,0.2505799
0.19893539,0.20253694
0.16627523,0.17472722
0.155057,0.15983619
0.15160443,0.15016763
0.1562181,0.16026509
0.17030516,0.19487776
0.21911271,0.24324152
0.2710479,0.3132312
0.33419272,0.38145536
0.39066488,0.44121504
0.4287028,0.48791772
0.46939754,0.5290323
0.5033218,0.5666776
0.51915705,0.5904607
0.5329657,0.6075768
0.55329907,0.62877023
0.5604522,0.6353959
0.5437942,0.61339444
0.5134787,0.578567
0.48416522,0.54551303
0.45722032,0.50063884
0.39639837,0.42701644
0.32616362,0.36044928
0.26289245,0.28929505
0.2236119,0.24480475
0.19939478,0.22112575
0.176607,0.20990798
0.18449198,0.21397223
0.20895979,0.26059017
0.256606,0.34496516
0.32441768,0.41517892
0.3802459,0.46642736
0.42378289,0.52134216
0.4803851,0.5749702
0.5283057,0.6183387
0.5609254,0.656643
0.59327316,0.6956879
0.6203308,0.7157429
0.64820373,0.7154768
0.65920734,0.72658074
0.6674849,0.72659445
0.6378645,0.68945724
0.5783161,0.6507728
0.5427083,0.62107015
0.50401783,0.56373864
0.4293795,0.47290045
0.36022457,0.39269304
0.30361816,0.3175166
0.2554025,0.27257645
0.22527108,0.24289201
0.1993036,0.23406743
0.19945651,0.23502792
0.194907,0.27638325
0.2180676,0.35502365
0.2544769,0.42139664
0.32349384,0.47367212
0.38745794,0.52755475
0.4480301,0.58088344
0.5027247,0.61922264
0.5339243,0.6545892
0.558429,0.6913685
0.56960154,0.7063808
0.591504,0.70326406
0.61735255,0.7142106
0.6508805,0.70203793
0.64174527,0.66095644
0.61763865,0.62166536
0.5578543,0.59397763
0.5152934,0.5346825
0.45873624,0.45095748
0.3858581,0.37405193
0.3195006,0.35746667
0.2746819,0.3056832
0.2501058,0.2753644
0.22868563,0.2602499
0.22972678,0.26048225
0.2637495,0.2932154
0.33453038,0.35960692
0.4364821,0.43071127
0.5230305,0.5017292
0.5908409,0.5710633
0.65512574,0.6382168
0.69916695,0.690294
0.73970175,0.73436475
0.783489,0.7775321
0.7965118,0.7980556
0.8110633,0.794956
0.8244882,0.8076201
0.8451884,0.79563653
0.8356618,0.75898904
0.78990525,0.70869374
0.7307365,0.6711249
0.6813714,0.6107111
0.5880123,0.52065563
0.48537952,0.43939355
0.3985795,0.41463104
0.3475482,0.36379716
0.30647293,0.323302
0.2803543,0.30625042
0.27783832,0.30525076
0.30521756,0.3395584
0.3851177,0.4144717
0.46907458,0.4958253
0.55024856,0.571651
0.62930745,0.6364037
0.7020092,0.70427436
0.7620005,0.75132835
0.7973172,0.7988576
0.8197959,0.8390025
0.8200437,0.8592601
0.8230002,0.8590639
0.82332116,0.86465627
0.83039194,0.855408
0.8118204,0.81749684
0.76503366,0.75895
0.7177337,0.7197201
0.6592517,0.6578014
0.5637154,0.5677993
0.48373616,0.47317147
0.41149998,0.4112228
0.35303846,0.36226162
0.31545177,0.32578582
0.29715177,0.30834013
0.30036268,0.31033772
0.31637672,0.34251434
0.39603147,0.42056417
0.46652588,0.48785034
0.5337758,0.54576993
0.6009589,0.5997462
0.6831287,0.65393627
0.7441427,0.69211316
0.779539,0.7254184
0.795869,0.7586881
0.7858158,0.76812786
0.7577058,0.76278013
0.7283552,0.7666129
0.7045946,0.7504079
0.6737399,0.705008
0.6243361,0.6560695
0.5799781,0.6234757
0.5530209,0.56254053
0.4791449,0.48552537
0.39763173,0.4062808
0.33198762,0.3575593
0.29016888,0.30751753
0.26107115,0.2724077
0.23413657,0.25351658
0.2251186,0.24478863
0.23096237,0.25916514
0.24820869,0.30401745
0.31690422,0.34275436
0.38999063,0.3945051
0.44880038,0.45673117
0.51922977,0.508149
0.56500787,0.5376618
0.61111623,0.5683097
0.636683,0.59904206
0.6540442,0.6080494
0.66214883,0.6005402
0.6853857,0.6082871
0.70379114,0.58920634
0.6890966,0.5542244
0.6374545,0.5156883
0.59336215,0.48483384
0.5500161,0.42959946
0.47333038,0.37128007
0.40331554,0.31156445
0.34310126,0.3360696
0.2940615,0.2828095
0.25624022,0.25316027
0.2360842,0.23681669
0.22618502,0.22676933
0.22711214,0.23944516
0.23903452,0.27967787
0.28114894,0.315414
0.34189755,0.36576232
0.38723406,0.42738596
0.4319583,0.4706148
0.4674732,0.49762106
0.48418918,0.5213441
0.46913677,0.547014
0.44424823,0.55356926
0.419227,0.546117
0.41234648,0.5546615
0.40114823,0.5360509
0.3897729,0.50626063
0.37319776,0.47400707
0.3643415,0.44806325
0.3459044,0.40012723
0.2989061,0.3424024
0.2549765,0.28448367
0.21681663,0.24557589
0.19911861,0.19843486
0.18701148,0.17105426
0.1735077,0.15923174
0.19115521,0.15439405
0.21485385,0.17113736
0.30524877,0.2083379
0.37305912,0.25299928
0.42490906,0.3077442
0.43599615,0.367306
0.47831488,0.4178825
0.5233746,0.45892733
0.55198395,0.48908392
0.59614927,0.5210866
0.61675256,0.53537387
0.64482826,0.55331653
0.6669104,0.5754828
0.6839232,0.58062315
0.6609245,0.5519874
0.6167119,0.5220556
0.5620474,0.49387532
0.5167039,0.45254272
0.43700257,0.38015568
0.3619848,0.31882218
0.28905326,0.29205748
0.24268086,0.24594995
0.1991988,0.21687852
0.19006176,0.20013183
0.19135755,0.19471034
0.22287548,0.2148993
0.29649356,0.25492716
0.3726639,0.30881113
0.42141518,0.3758227
0.4680198,0.44140086
0.5113114,0.5055462
0.55595255,0.5530731
0.60536146,0.60005707
0.6481354,0.6434384
0.67894083,0.66432565
0.7041526,0.68391335
0.73006445,0.7085327
0.7442394,0.70934576
0.7356305,0.68511254
0.69301516,0.64187866
0.63612515,0.6025393
0.5836502,0.5588881
0.49609926,0.48190403
0.40983292,0.40588972
0.3342459,0.33229026
0.29271102,0.28622794
0.26035097,0.26046747
0.24139298,0.24455224
0.24017498,0.25198147
0.2702741,0.29317793
0.33804777,0.3710389
0.41916725,0.4398822
0.49358633,0.50191456
0.5380144,0.55509365
0.6020809,0.619339
0.66240346,0.67172265
0.70877016,0.71668714
0.7508231,0.7622191
0.7712889,0.7839064
0.78123575,0.79035383
0.78253216,0.8113712
0.7707557,0.8042201
0.7414125,0.7630356
0.7006609,0.7156668
0.6556695,0.6780228
0.6119089,0.6204633
0.52269244,0.5327507
0.44843414,0.44810286
0.38705283,0.38610438
0.33878398,0.33917087
0.30001774,0.30442134
0.2797844,0.2852844
0.28386575,0.2895255
0.32050088,0.32784247
0.3873048,0.4058497
0.46408808,0.4818788
0.5247552,0.55910563
0.5677919,0.61549497
0.63056016,0.68947977
0.6929453,0.74525344
0.7515369,0.7980037
0.8034813,0.8450031
0.8274238,0.8702026
0.83178353,0.8749271
0.84613705,0.891224
0.8621572,0.8837216
0.8509203,0.8427061
0.8120432,0.7865952
0.75833654,0.7433895
0.71344274,0.6808511
0.63115203,0.5884176
0.54529124,0.49700662
0.4760241,0.46075574
0.42190447,0.40996945
0.3798476,0.37218606
0.33910343,0.35320055
0.34231827,0.35439157
0.36852193,0.39201772
0.41157863,0.48151815
0.48388335,0.55845535
0.55210805,0.6279947
0.5911522,0.6857798
0.6436329,0.74150497
0.7043951,0.781656
0.7354912,0.8167634
0.7777159,0.85011446
0.8049122,0.86200625
0.808843,0.84853226
0.7973069,0.8478365
0.7724511,0.8305711
0.74206966,0.78734684
0.685148,0.73559046
0.6308135,0.69730926
0.5827404,0.6319946
0.5009425,0.5470389
0.42376575,0.45819843
0.3530934,0.3653122
0.29795676,0.316199
0.26804724,0.27935353
0.2464177,0.2575027
0.22637023,0.24744155
0.23555054,0.264408
0.25572568,0.30952895
0.3083665,0.35172674
0.38263425,0.41482165
0.4583878,0.48205063
0.5259301,0.5469734
0.59347796,0.5847349
0.6442476,0.6262041
0.68789244,0.6652722
0.7039186,0.68200487
0.72045904,0.6830432
0.7446182,0.6926526
0.7357015,0.6833612
0.7234223,0.640468
0.6723205,0.59625316
0.63114196,0.5633483
0.5847895,0.5092626
0.5234983,0.43911892
0.44857806,0.36943188
0.3773404,0.3839188
0.32725772,0.3353324
0.302376,0.30508783
0.26903522,0.28251132
0.25738636,0.27612358
0.264152,0.29875016
0.26495916,0.34707427
0.30144513,0.39165542
0.35237145,0.44114447
0.3912607,0.5048844
0.43777153,0.5498507
0.46763337,0.5779645
0.5079715,0.60255533
0.5190342,0.62760603
0.52562606,0.6317778
0.5522386,0.6269345
0.5869041,0.630403
0.61892474,0.61938524
0.63061666,0.5930723
0.60916114,0.5571678
0.56826645,0.52304804
0.53341985,0.47512597
0.44896582,0.4120047
0.39273313,0.34615156
0.33084166,0.35696957
0.28979364,0.3061401
0.26489413,0.28349376
0.24871993,0.26706746
0.2607827,0.27276033
0.2932137,0.31740195
0.3620217,0.39147443
0.42972574,0.4654177
0.505532,0.52625203
0.5431336,0.58558774
0.6028964,0.64618504
0.6547839,0.70043194
0.7020819,0.7370021
0.7458443,0.7807191
0.77169377,0.79720765
0.7809288,0.8016232
0.78545064,0.81464803
0.7975984,0.80154634
0.7725649,0.75948495
0.7208872,0.7120683
0.6571224,0.67184204
0.6043374,0.6154991
0.5147701,0.52811456
0.4360179,0.44670042
0.36996138,0.39186588
0.31988597,0.34305122
0.29284197,0.31559917
0.26381212,0.29547563
0.26140332,0.29911128
0.29948345,0.3339017
0.37285152,0.40236336
0.45297444,0.4675452
0.50880396,0.5298228
0.5511089,0.5878395
0.59558356,0.6467874
0.6305863,0.6932356
0.6670791,0.73354375
0.7096312,0.7738701
0.7342789,0.7875226
0.7366833,0.7899206
0.7543943,0.8030912
0.7608633,0.7929549
0.7362586,0.7540855
0.691144,0.7029933
0.6392787,0.6625315
0.58530056,0.6093348
0.50223655,0.52958447
0.41231704,0.44667232
0.35800496,0.3790274
0.31209788,0.33421698
0.28085345,0.30454218
0.26771855,0.28706914
0.26671213,0.29163772
0.30903286,0.32829016
0.3738039,0.40238184
0.43229136,0.46486574
0.47888127,0.5147903
0.5006874,0.5617268
0.53373116,0.60167456
0.5730871,0.634135
0.6074495,0.65969855
0.6443045,0.68769765
0.6670681,0.6923917
0.6830398,0.68660396
0.70421034,0.69503
0.7188517,0.68661976
0.6949142,0.65775776
0.65657884,0.61840844
0.6200423,0.58382374
0.5701618,0.5320015
0.4942061,0.4598922
0.42542404,0.38399228
0.3603977,0.36065227
0.3178544,0.31472227
0.27259523,0.2871011
0.26239395,0.27219656
0.2681661,0.2774563
0.29140514,0.31650746
0.35639852,0.39578044
0.43204376,0.4567231
0.49631566,0.5056703
0.54565775,0.5491468
0.6044626,0.5932338
0.6617868,0.6297114
0.69233453,0.6577768
0.7227815,0.69190824
0.73046297,0.69849885
0.73272216,0.6885384
0.74404955,0.69918454
0.7494614,0.6832357
0.7227415,0.6437065
0.6924222,0.6023376
0.6522583,0.5718988
0.60444003,0.5122705
0.52585894,0.4397114
0.45497325,0.366579
