true,forecasted
0.18613008,0.13721457
0.16441858,0.11469336
0.15453438,0.09175383
0.14320965,0.09559965
0.14393723,0.10279938
0.15228651,0.11629062
0.16358133,0.14870103
0.17793268,0.1602943
0.19138794,0.17680524
0.19727698,0.204042
0.20521213,0.24168992
0.2108931,0.2767632
0.19863805,0.31220508
0.21983469,0.34410512
0.24113469,0.36782378
0.23828988,0.39676884
0.25861302,0.4197649
0.28404912,0.4230704
0.28025904,0.40137407
0.26942924,0.35238922
0.2568913,0.3102777
0.25626314,0.27376541
0.22710907,0.21590215
0.15071271,0.17046812
0.1428949,0.16261035
0.13645676,0.14674437
0.12170158,0.13987485
0.12773055,0.14461133
0.09618173,0.14983314
0.12299885,0.1589465
0.15916106,0.18679729
0.1855328,0.2099686
0.18052255,0.22324769
0.17921598,0.22278856
0.16290727,0.22857112
0.18150705,0.24224979
0.22904949,0.26416782
0.2317414,0.28403515
0.27864337,0.3043044
0.2839594,0.32150283
0.29822898,0.3350642
0.31564814,0.34030938
0.31401652,0.3257921
0.25789943,0.30507204
0.27172396,0.29948148
0.27597472,0.28548008
0.23957485,0.24932513
0.17484456,0.2019257
0.14972588,0.16635458
0.12817195,0.14477384
0.11890397,0.12775475
0.06173059,0.1315874
0.06360486,0.12867069
0.085627116,0.124839775
0.13686591,0.13725133
0.17715923,0.14128259
0.17364702,0.1581428
0.18170282,0.17824797
0.1761847,0.20703223
0.18772747,0.23450477
0.2160549,0.26687104
0.22565228,0.29810864
0.2666356,0.32507956
0.29247653,0.35903355
0.29938796,0.38717315
0.32429758,0.40921414
0.3291619,0.39368904
0.2914834,0.35742632
0.2836277,0.33588603
0.26242438,0.30637014
0.20881476,0.25139982
0.19037585,0.19871517
0.14297733,0.1287555
0.12587988,0.097365096
0.093308665,0.07631889
0.080021925,0.07047507
0.08026456,0.06284578
0.07837467,0.06628486
0.06559014,0.07956791
0.13468486,0.098087095
0.13872956,0.13522583
0.16484502,0.17393634
0.19060785,0.2174212
0.21993506,0.25655147
0.19809562,0.29547626
0.26013467,0.32983893
0.2803029,0.35974458
0.31077218,0.38599166
0.33919933,0.40723255
0.33839798,0.41864467
0.34088713,0.41118544
0.33909795,0.38276508
0.30188146,0.34365577
0.2713397,0.3206849
0.24921377,0.27269745
0.2067497,0.21550521
0.15065256,0.15266232
0.14654638,0.13091499
0.12388696,0.12734815
0.123696834,0.11711444
0.104477175,0.10902763
0.120685175,0.09775518
0.13112278,0.089399815
0.12421501,0.1064418
0.16866402,0.14136165
0.18340093,0.17160389
0.19673753,0.20344894
0.22392158,0.22394863
0.24057929,0.2522269
0.2733413,0.26910782
0.28078884,0.28847447
0.31768295,0.30127355
0.31409395,0.3121337
0.31389886,0.31996772
0.26599643,0.2957564
0.28130436,0.26794216
0.24639489,0.25774822
0.22560275,0.23913492
0.22194761,0.21966054
0.1866293,0.18457554
0.16372924,0.14154418
0.15086927,0.12312642
0.10572093,0.11103698
0.13281359,0.1076484
0.1364315,0.10500007
0.14023022,0.10245342
0.17118843,0.12638417
0.19047622,0.14408228
0.19720086,0.15553537
0.21262944,0.1704099
0.1920796,0.18265313
0.2118437,0.18783836
0.19305447,0.19349997
0.22461027,0.20839404
0.22879323,0.21810228
0.24226011,0.23065296
0.25056654,0.24232928
0.26067045,0.2562205
0.2585921,0.25603604
0.2557569,0.25104424
0.24071024,0.24124442
0.23809844,0.22107355
0.20991392,0.19823739
0.17207754,0.17240691
0.15898922,0.09031585
0.13050988,0.07129205
0.12229155,0.0654489
0.124554366,0.067117766
0.12021719,0.07368531
0.12518755,0.08965928
0.14847848,0.12890777
0.16425738,0.14463775
0.17923293,0.13985088
0.18228912,0.1387311
0.14878027,0.1469717
0.1823197,0.15937395
0.17715126,0.17591788
0.18547197,0.18249264
0.2210718,0.18786632
0.2317414,0.20128438
0.2758883,0.20743476
0.30933565,0.20924094
0.28478467,0.20331879
0.2740034,0.18657462
0.2848455,0.1741148
0.27582482,0.1603249
0.2464258,0.14015964
0.17928046,0.11574721
0.116700314,0.14740908
0.12451647,0.13106179
0.11568058,0.12847218
0.10573522,0.1317033
0.096705556,0.14522192
0.088913985,0.17024639
0.10664726,0.23314703
0.13146646,0.25235048
0.1326444,0.23740989
0.14259343,0.22937104
0.16293585,0.23074417
0.18629593,0.23824939
0.2058576,0.24889737
0.23949873,0.2573179
0.25763685,0.25819248
0.30341637,0.2727747
0.3169587,0.28661817
0.32801688,0.29697153
0.32291156,0.29512334
0.30193496,0.27749702
0.25691724,0.25123915
0.24770744,0.21610914
0.22116287,0.16565667
0.19592853,0.1265953
0.16583484,0.14092721
0.13362858,0.12987846
0.112896934,0.12897989
0.102245934,0.13738434
0.10838293,0.1501058
0.11669832,0.16894507
0.13907589,0.20579377
0.16302194,0.20507072
0.18005191,0.20141435
0.20032254,0.21284
0.22231323,0.23741297
0.25959653,0.25314546
0.2919258,0.2689672
0.31576547,0.27680552
0.31858203,0.2778945
0.34974363,0.28722027
0.37408456,0.29556844
0.41028333,0.29478428
0.3945207,0.29294226
0.38048512,0.26901206
0.33149818,0.2411813
0.30039206,0.22315848
0.27981433,0.19190527
0.22601123,0.1605655
0.22466826,0.17876159
0.22332528,0.16111091
0.22198232,0.1615935
0.22063933,0.16890249
0.21929635,0.18050718
0.21795338,0.21358162
0.2166104,0.27239594
0.21526742,0.29633182
0.21392445,0.2983563
0.21258147,0.29075083
0.21123849,0.29477412
0.20989552,0.30419165
0.20855254,0.31400725
0.20720957,0.31253988
0.20586659,0.30705422
0.20452361,0.3090676
0.20318064,0.31512067
0.20183766,0.32331577
0.20049468,0.33883536
0.19915171,0.35035124
0.19780873,0.34912127
0.19646575,0.340662
0.19512278,0.29806542
0.1937798,0.24852024
0.19243683,0.1481001
0.19109385,0.12323281
0.18975087,0.11158363
0.1884079,0.10612857
0.18706492,0.1070063
0.18572193,0.12001551
0.18437897,0.15377589
0.18303598,0.16086224
0.181693,0.16439897
0.18035004,0.18223052
0.17900705,0.20796448
0.17766407,0.22862674
0.1763211,0.24257845
0.17497812,0.24635379
0.17363515,0.23835865
0.17229217,0.23698339
0.17094919,0.24174726
0.16960622,0.25338748
0.16826324,0.27158388
0.16692026,0.2924309
0.16557729,0.30062604
0.16423431,0.2996894
0.16289133,0.2710453
0.16154836,0.21648483
0.16020538,0.10999717
0.12705982,0.08265569
0.10789899,0.07060442
0.108403206,0.06472057
0.08754958,0.060436748
0.08781914,0.06783259
0.089722656,0.08920567
0.11199752,0.09174786
0.14231987,0.099349335
0.16789757,0.1165809
0.21358934,0.14308129
0.21190153,0.16782025
0.2463859,0.19407833
0.27718356,0.20647065
0.30046818,0.21355791
0.32796702,0.22258556
0.35504204,0.232223
0.36783955,0.24174488
0.3626601,0.24579825
0.33326674,0.24908914
0.32101834,0.25368604
0.30083844,0.24947551
0.27842766,0.22525959
0.22393489,0.17658292
0.18775472,0.19511382
0.1550665,0.17047267
0.13318253,0.16385126
0.08686589,0.16180727
0.090611435,0.16409844
0.09610129,0.17622176
0.1329914,0.20665532
0.15797746,0.21593182
0.16340351,0.21907347
0.18094699,0.23239066
0.21923143,0.25879127
0.26009345,0.29348952
0.27340144,0.3327655
0.3008368,0.3643608
0.30191204,0.38424015
0.29548985,0.4045563
0.28323713,0.425589
0.29788262,0.4432013
0.32811925,0.44450706
0.30855688,0.4454972
0.29451632,0.4465436
0.28685606,0.43588436
0.22711007,0.39018893
0.1683034,0.32927763
0.14244552,0.13075298
0.15300246,0.11526902
0.12304305,0.11365291
0.11481208,0.10342939
0.15207148,0.100387275
0.14681427,0.099024445
0.17079224,0.1117704
0.19137397,0.1286082
0.17151448,0.15692118
0.18959144,0.19117358
0.23796548,0.22298837
0.27730155,0.24416249
0.27248442,0.26855174
0.27640313,0.29288113
0.31121257,0.31720388
0.33497548,0.34092855
0.3275562,0.36460033
0.35573903,0.37827578
0.33491966,0.37884724
0.3207621,0.35887524
0.3158901,0.32135898
0.28449517,0.2886288
0.2735929,0.24618192
0.23398162,0.20118895
0.18648173,0.13297367
0.17909034,0.10764769
0.16010301,0.104752205
0.12911656,0.09566052
0.119081125,0.091095716
0.15259862,0.089862235
0.18961504,0.101156585
0.17095776,0.12748712
0.20337574,0.16071998
0.21013296,0.20065649
0.18539418,0.23350558
0.20189501,0.25633475
0.21877706,0.27988744
0.22180568,0.29863584
0.2673851,0.3141998
0.28452575,0.33321375
0.32203144,0.34866512
0.33580709,0.35933137
0.33603743,0.3575645
0.2961413,0.33221415
0.2580051,0.30146816
0.28886527,0.28358108
0.2593283,0.25453514
0.20560168,0.21398085
0.17718482,0.13819073
0.13589272,0.12133849
0.12979129,0.123666175
0.116293155,0.12526798
0.11003185,0.13284343
0.12278247,0.14495674
0.15303336,0.18451908
0.16690509,0.21865654
0.16747512,0.23347522
0.18207374,0.2446868
0.22229029,0.25247395
0.23109859,0.25566423
0.2206776,0.26116645
0.20120665,0.26643348
0.21229008,0.26816505
0.24805045,0.27608517
0.24489753,0.28186032
0.21383762,0.28849873
0.24910441,0.29389012
0.24784072,0.28736833
0.2521686,0.27299565
0.24455617,0.254759
0.20990495,0.2292658
0.19541833,0.20002912
0.14403594,0.1342124
0.12606867,0.116259955
0.10120526,0.11176493
0.10721895,0.10346496
0.10817453,0.10506528
0.14287196,0.10705865
0.15127143,0.11914329
0.18811701,0.13138579
0.18277274,0.14822048
0.17590052,0.18339057
0.21258323,0.22174467
0.21846563,0.250294
0.24258186,0.27568254
0.25283566,0.29465705
0.2739828,0.3002756
0.28864956,0.30317053
0.28964567,0.30807945
0.2741985,0.31202605
0.2862365,0.30923936
0.2241815,0.30882594
0.23681746,0.30589008
0.23611215,0.28960732
0.1981232,0.25226045
0.17573999,0.2115672
0.1818012,0.16215296
0.15802865,0.14002503
0.13993907,0.12897182
0.14101928,0.11686844
0.1351708,0.11479657
0.1336535,0.1072515
0.1506582,0.10745979
0.15457161,0.10424047
0.18628596,0.11514517
0.21684863,0.15428701
0.21573217,0.19364579
0.279461,0.2259457
0.31441736,0.2526658
0.32165685,0.2680781
0.31253543,0.27056384
0.35766083,0.2739991
0.34601405,0.2779424
0.36739615,0.28334078
0.37328053,0.2779258
0.3800241,0.27521238
0.36597425,0.27470484
0.3402852,0.25892425
0.29034433,0.2231819
0.21322405,0.17930199
0.18132657,0.20302726
0.15268703,0.17801167
0.14116387,0.17424789
0.1420553,0.16865548
0.1333876,0.1721769
0.0719269,0.18465394
0.099245906,0.21018524
0.14389302,0.2101953
0.18096095,0.21985945
0.21206173,0.24647106
0.21316157,0.28046453
0.23688194,0.30919892
0.24169774,0.33339176
0.2765547,0.3414563
0.30285364,0.33398846
0.3352115,0.32714093
0.37632608,0.32376167
0.37010235,0.32008496
0.3861764,0.3246819
0.37160537,0.32708424
0.32557058,0.32381365
0.29666746,0.32266188
0.24145377,0.29599687
0.18792391,0.25297347
0.13983005,0.17723413
0.10439741,0.15434997
0.09619668,0.14332628
0.0733262,0.14699316
0.073917165,0.15050155
0.085164115,0.15867704
0.14179306,0.17934605
0.16155218,0.18724672
0.19801386,0.20035638
0.21044904,0.22740279
0.26143026,0.2484461
0.28010383,0.25453323
0.31658313,0.25353712
0.33625016,0.2400556
0.35648522,0.22375512
0.35188612,0.21285453
0.33674806,0.20623027
0.36126944,0.20544364
0.38894445,0.21388167
0.3717885,0.21159323
0.33869877,0.20001891
0.31343618,0.204388
0.26985067,0.19788763
0.22440088,0.18460442
0.1876447,0.14886831
0.1431229,0.1293025
0.08423546,0.122744255
0.09958427,0.11247143
0.10948077,0.10801051
0.11860217,0.11049088
0.1412862,0.13435489
0.16109449,0.15442249
0.18655153,0.16805366
0.20406942,0.18324943
0.21911809,0.19644284
0.25516063,0.2020601
0.28524002,0.21278155
0.3092921,0.22058018
0.32541835,0.22746614
0.34305158,0.2388387
0.34916133,0.25029418
0.3681134,0.26804695
0.36185443,0.27816224
0.35191572,0.28023258
0.33235604,0.2670658
0.30640775,0.24666327
0.27016744,0.21214777
0.22315712,0.1685308
0.1742772,0.15570667
0.14423238,0.124709606
0.1420264,0.11395282
0.132094,0.101502895
0.115902945,0.10061192
0.12311185,0.10711085
0.14898004,0.13837068
0.15725854,0.14495856
0.18047835,0.1501722
0.20419838,0.16925444
0.22288291,0.19925582
0.22733709,0.22952677
0.28166234,0.2649009
0.2982017,0.28902858
0.33840063,0.30010325
0.3714189,0.3118929
0.37088576,0.31823757
0.39302534,0.3213596
0.38791806,0.3165685
0.3925916,0.3073583
0.3659922,0.2970641
0.34320813,0.28101394
0.30759135,0.24614868
0.24607946,0.19988002
0.21079604,0.17185867
0.18085591,0.1365192
0.1519465,0.1251992
0.13322772,0.113386646
0.10773048,0.10942336
0.11653413,0.11035762
0.13831241,0.12798224
0.16030078,0.13945076
0.17170793,0.16147701
0.17421605,0.19077453
0.18931323,0.22513269
0.20626277,0.2603419
0.21814787,0.29661846
0.227139,0.32230198
0.2468632,0.33680004
0.28433928,0.3438036
0.31950104,0.34575206
0.33465675,0.34149662
0.31458354,0.33290708
0.28449085,0.32042298
0.26048598,0.3085108
0.27869487,0.29777092
0.24986522,0.27521944
0.20949247,0.23655726
0.17576957,0.17300166
0.15698199,0.14767295
0.15327367,0.13965374
0.13796043,0.13270651
0.14871182,0.12773919
0.15616202,0.1319266
0.165545,0.1569314
0.16597079,0.16935384
0.1558692,0.17502335
0.17725961,0.18960615
0.20820618,0.20502083
0.29535824,0.22328357
0.32365477,0.24661452
0.35445374,0.26300842
0.3858317,0.27240032
0.40853202,0.28388664
0.41387033,0.28946763
0.43972322,0.29340696
0.44245204,0.28629
0.41912287,0.27536198
0.39665124,0.26616493
0.37725577,0.25726068
0.33242384,0.24119097
0.29604924,0.20837982
0.24162528,0.23159887
0.20647815,0.19793291
0.20202197,0.17007175
0.16323899,0.16041642
0.14942908,0.15682632
0.14981729,0.15545532
0.15382974,0.16984883
0.14710177,0.1801778
0.14555423,0.20602898
0.17687903,0.24680372
0.23819682,0.2969507
0.265452,0.33939782
0.3084921,0.37279177
0.29959735,0.3959213
0.29998824,0.40836543
0.3387699,0.4216253
0.376714,0.43252596
0.38872772,0.44326857
0.37677813,0.42854086
0.35624093,0.40369582
0.3421751,0.38333583
0.31601176,0.35781735
0.25168267,0.30996114
0.26681542,0.2543386
0.21962695,0.14879511
0.17783894,0.12082234
0.1512146,0.114558734
0.14896674,0.10054538
0.14610764,0.09502985
0.09804403,0.0933215
0.09125425,0.10070994
0.12541921,0.11625307
0.16382363,0.14913586
0.18753602,0.20515867
0.26734123,0.2548894
0.2741071,0.29210162
0.31235895,0.3171031
0.35852137,0.33556086
0.37661427,0.33540547
0.4043617,0.33035776
0.40836585,0.3314238
0.38899562,0.3368279
0.3709253,0.3397565
0.35735938,0.34643158
0.32422146,0.34182957
0.2942903,0.3301465
0.27078265,0.28745458
0.22559443,0.23555867
0.18062858,0.16760221
0.14968666,0.14678127
0.14345029,0.14528951
0.14412402,0.1352414
0.1341125,0.12832177
0.09679729,0.11775575
0.12502435,0.12181537
0.12808852,0.13305624
0.16410881,0.15457003
0.19298433,0.18628722
0.23198503,0.21559647
0.27107283,0.2396573
0.32044867,0.2702079
0.36144096,0.30155617
0.36029458,0.32907176
0.35543492,0.3583763
0.38662112,0.38159668
0.39674497,0.39456022
0.40110776,0.38696074
0.37047493,0.35354248
0.33987108,0.3162808
0.32117558,0.28725925
0.30921233,0.25186372
0.2825039,0.21411294
0.24009402,0.1975221
0.2075607,0.16852653
0.1737361,0.16000614
0.16667475,0.14923511
0.14527138,0.1486094
0.1475126,0.14833087
0.15049368,0.16373345
0.14319968,0.1719971
0.14621034,0.18949428
0.20035444,0.22143365
0.25811213,0.2552867
0.31432563,0.29197398
0.38148624,0.33352748
0.40845627,0.36812252
0.4296808,0.39215365
0.437597,0.40154168
0.47302267,0.40357742
0.47850856,0.39493078
0.46516463,0.37891287
0.39533305,0.3569284
0.35924894,0.33778113
0.31675163,0.32833546
0.28674737,0.31056172
0.23814231,0.2749236
0.19669963,0.21473952
0.20422298,0.17882258
0.188354,0.15982652
0.17643365,0.14179206
0.16283083,0.13873407
0.17210545,0.14403577
0.1806133,0.15830219
0.21619019,0.16582042
0.24800092,0.20039086
0.30571043,0.2571905
0.35627583,0.3229054
0.3661461,0.38381845
0.38607302,0.4360556
0.41386536,0.46813726
0.44047672,0.48342514
0.45686918,0.48924038
0.49035344,0.48741898
0.5162093,0.4731312
0.52664065,0.45469463
0.5167431,0.42217892
0.4843248,0.38084474
0.4247151,0.35880333
0.38449025,0.3170715
0.326347,0.26902023
0.25873867,0.30446243
0.23395835,0.2654282
0.16284545,0.23289502
0.14773296,0.21279854
0.18271324,0.2016272
0.18744695,0.22101389
0.20031124,0.26101848
0.24213281,0.2890525
0.24398082,0.3045433
0.29336098,0.30990967
0.29943183,0.32447442
0.3384794,0.34781614
0.3782027,0.3638374
0.4380248,0.3613674
0.44638172,0.35384607
0.46174017,0.34787574
0.4356812,0.3381696
0.44663966,0.3365837
0.44471553,0.33502597
0.42533997,0.33603293
0.40064973,0.32704017
0.37658235,0.32393676
0.32436007,0.30202
0.27656502,0.2489392
0.22597668,0.2342384
0.22189143,0.1992663
0.21104799,0.17833754
0.19366172,0.16455863
0.1804215,0.1623764
0.15953298,0.18061209
0.15961142,0.22527528
0.17488678,0.2331616
0.20595033,0.2347941
0.24311233,0.24692927
0.2768778,0.27877283
0.3257494,0.32645077
0.39663163,0.382928
0.42901605,0.4294734
0.45475426,0.4609322
0.48252663,0.48810646
0.49328965,0.5017637
0.4981141,0.50127816
0.46566385,0.4863581
0.42554638,0.46010974
0.40063778,0.43058935
0.3752758,0.40420038
0.31124914,0.34765166
0.25032225,0.28728575
0.19489683,0.22701247
0.17068887,0.19461298
0.13397823,0.17335382
0.13757953,0.15941548
0.16446346,0.14947486
0.16304554,0.14104621
0.11284043,0.1435134
0.16646104,0.14793192
0.1673405,0.17764957
0.22439788,0.22573794
0.29186863,0.27784252
0.33972847,0.32456172
0.36094072,0.36828452
0.35379332,0.4028765
0.3544471,0.42975867
0.34119725,0.45847115
0.35722876,0.4778032
0.3916111,0.48162004
0.3742697,0.46914464
0.3618099,0.42931628
0.32923502,0.38691562
0.32076675,0.3687919
0.2793201,0.34559166
0.21812594,0.306066
0.20079352,0.19609137
0.18425049,0.1618562
0.15843248,0.14521182
0.13671403,0.14018567
0.15799308,0.1343123
0.15201862,0.12867114
0.1502444,0.13912612
0.17151083,0.1711841
0.19738,0.21391645
0.22276326,0.26185387
0.25533116,0.30383897
0.26390845,0.3356504
0.2969852,0.3589443
0.3251172,0.3773563
0.36047775,0.38853827
0.3610225,0.40232322
0.35382554,0.410354
0.33498213,0.42068058
0.3267412,0.42020175
0.31864384,0.40124002
0.31043082,0.3793085
0.2650209,0.37066537
0.21818776,0.34423822
0.17256047,0.30454558
0.14106715,0.16216503
0.15272525,0.13213304
0.093636386,0.11703413
0.078175575,0.121370554
0.082417026,0.1199516
0.125838,0.12502582
0.1637525,0.14398684
0.18837526,0.16205734
0.20427781,0.1896232
0.233156,0.22072804
0.23698731,0.25910994
0.30706885,0.29811028
0.33052266,0.34247923
0.36189565,0.38312143
0.37495506,0.41822758
0.35851339,0.4561685
0.40173858,0.48537725
0.4475088,0.5092562
0.44639835,0.49702018
0.43306074,0.45332286
0.39070404,0.4124457
0.30436262,0.3758313
0.26066545,0.2993623
0.23424387,0.23924027
0.21162832,0.2070717
0.17544085,0.1717459
0.1353423,0.15630314
0.12689795,0.14503549
0.12849502,0.14357314
0.14117151,0.15053967
0.17303412,0.18012993
0.13975991,0.19112134
0.15620524,0.21365255
0.18304795,0.24467775
0.23201329,0.2888109
0.2805768,0.33690456
0.31577045,0.3892614
0.34089744,0.43161768
0.3669614,0.46390915
0.39030817,0.4976174
0.42413244,0.5212828
0.45613265,0.53307694
0.478929,0.520527
0.46201238,0.47881898
0.3724795,0.4267098
0.3519935,0.38504937
0.33152875,0.31982112
0.2562618,0.2602608
0.20978563,0.17099942
0.19207661,0.13464072
0.1534362,0.11823692
0.100413874,0.1089005
0.11038284,0.109511115
0.1173777,0.13067311
0.12148853,0.17542237
0.13882826,0.19712505
0.16449204,0.21561605
0.19377738,0.23860633
0.24047592,0.26917744
0.28508314,0.3037055
0.32051414,0.3408982
0.356223,0.3671248
0.38967898,0.38056493
0.4279385,0.3899665
0.43493533,0.39259103
0.4698212,0.3903648
0.46863264,0.3907317
0.42987457,0.3818026
0.3915895,0.35769886
0.37521362,0.34915286
0.36875522,0.31565976
0.2697297,0.27013525
0.2025335,0.22002633
0.18633515,0.18432823
0.18941362,0.16416255
0.17932467,0.14253259
0.18872294,0.13321966
0.19861047,0.14209427
0.2255396,0.17342408
0.23386829,0.18727644
0.27773365,0.2050429
0.3031774,0.2384571
0.31500366,0.2785266
0.36021084,0.32373524
0.43643403,0.3741448
0.4550378,0.41517425
0.49730575,0.4480133
0.50305885,0.48248944
0.49931166,0.50648105
0.50261915,0.5185812
0.49738187,0.5148717
0.4312742,0.47795555
0.4325439,0.4169807
0.42796242,0.38425007
0.3966486,0.32661867
0.32292652,0.2647591
0.2780966,0.24542402
0.244269,0.20510504
0.22535878,0.18688267
0.1872904,0.1674316
0.17367825,0.15880033
0.17960718,0.15969175
0.2159921,0.17890696
0.21412978,0.18894929
0.25333723,0.21158671
0.27009663,0.2498828
0.32276234,0.2951707
0.36634716,0.3467463
0.41307428,0.3968738
0.4758758,0.43525994
0.5116255,0.45615757
0.5223008,0.47169688
0.5431129,0.4807013
0.549305,0.48688534
0.5539972,0.48107225
0.5042843,0.46719226
0.4630976,0.44188315
0.45338523,0.41695923
0.36409098,0.35898256
0.34325632,0.29400322
0.26793584,0.20538683
0.21613568,0.17843634
0.22780873,0.16597846
0.19236413,0.15296891
0.18769789,0.15006799
0.19396284,0.14669052
0.20314042,0.15557633
0.18958712,0.1597248
0.22886868,0.18351813
0.27612162,0.22400945
0.302151,0.26911592
0.2781418,0.30773854
0.31023306,0.34791428
0.33957425,0.3744082
0.33244577,0.39492542
0.33400828,0.41312993
0.3765315,0.43000722
0.39607558,0.44428587
0.4049281,0.44045603
0.3979003,0.42962918
0.37030244,0.4078487
0.34772876,0.38492313
0.31661138,0.3423559
0.28938276,0.2895201
0.21741898,0.20405363
0.15241249,0.18014103
0.15675963,0.174611
0.15192789,0.17374691
0.1423385,0.16778356
0.14254524,0.16271003
0.13808109,0.17103875
0.16085252,0.19240275
0.1917027,0.22438148
0.22461227,0.26166493
0.26646543,0.29812253
0.33095407,0.3276499
0.33498016,0.3578834
0.38337114,0.3887965
0.41318697,0.41509277
0.41874263,0.4483764
0.4571025,0.4710391
0.45558554,0.48279372
0.4474729,0.4739402
0.41271666,0.42198792
0.36995277,0.37884256
0.34725714,0.34458008
0.32476023,0.30007428
0.2780547,0.2559449
0.17858213,0.2204323
0.13632913,0.19350511
0.13805915,0.17800447
0.1186846,0.17177066
0.11615721,0.16766623
0.120810814,0.16546707
0.17957793,0.18041912
0.21603596,0.18402535
0.2438728,0.19359672
0.275185,0.21800321
0.29744455,0.250096
0.32241932,0.28030285
0.3638497,0.31895387
0.40396982,0.35659546
0.43820095,0.38780957
0.43453783,0.41634783
0.4843012,0.43445292
0.45250276,0.44577742
0.45741096,0.4270063
0.46559805,0.39049178
0.42554006,0.3625253
0.40562406,0.33034825
0.35868123,0.28535563
0.2848588,0.24420162
0.2289973,0.2138185
0.209653,0.18937857
0.180945,0.18639252
0.15660343,0.18017027
0.14421774,0.17873862
0.16176389,0.1722963
0.18204783,0.17740582
0.19618645,0.18028167
0.22039308,0.19814353
0.2538491,0.22765096
0.29476494,0.26167548
0.3357137,0.29395708
0.38309127,0.33236554
0.43071815,0.3660491
0.43620735,0.38517752
0.45138398,0.3949524
0.40519366,0.39868924
0.4045003,0.39319912
0.39127207,0.37582064
0.37465358,0.35554734
0.3448524,0.34708098
0.3004027,0.3274361
0.26072362,0.2934084
0.21751836,0.2578142
0.1991765,0.16064472
0.17712831,0.13508335
0.16396223,0.13134602
0.15495317,0.120587125
0.16919848,0.11900199
0.17245378,0.12435987
0.20575356,0.1420837
0.214865,0.15936223
0.23456927,0.18237498
0.24618515,0.2163364
0.2590119,0.25691634
0.26658142,0.29751542
0.2780258,0.3453244
0.31390747,0.38394737
0.32089436,0.40952575
0.35781407,0.42571297
0.3860112,0.43014592
0.42777562,0.41754708
0.44078517,0.39218462
0.41098496,0.3565671
0.40157807,0.3326603
0.39396665,0.31151524
0.34436944,0.27616525
0.29991212,0.23654796
0.23392345,0.22421418
0.22227633,0.19002305
0.20495154,0.16906929
0.16736875,0.15514722
0.17329769,0.15185231
0.21220765,0.1630252
0.23358376,0.19425765
0.23805323,0.21820751
0.2136352,0.24283457
0.24242763,0.27768156
0.2997599,0.32029995
0.3557221,0.35633054
0.3895899,0.3906358
0.44718042,0.41591328
0.41068184,0.42804334
0.4177887,0.4367784
0.42392802,0.4404249
0.39431497,0.44839808
0.41302112,0.44119343
0.3959549,0.4260138
0.39933652,0.40256092
0.39118132,0.3786317
0.34220833,0.32699263
0.2586672,0.26942122
