true,forecasted
0.19752404,0.20673381
0.16193096,0.16997212
0.13905802,0.15007061
0.12830764,0.13762282
0.12901552,0.14182009
0.15142435,0.16352117
0.18322307,0.1954793
0.21561638,0.22762454
0.2517926,0.27015343
0.26382378,0.3148237
0.28202668,0.3559411
0.29398713,0.37830052
0.31654337,0.41540438
0.35004494,0.44716066
0.37217164,0.4712725
0.39457923,0.49207902
0.40718135,0.50809133
0.41459575,0.51277226
0.3965129,0.5008794
0.36817986,0.47509786
0.33219835,0.44747946
0.30666196,0.41335416
0.25459424,0.36302793
0.19668794,0.30815336
0.14864463,0.16839135
0.1182482,0.13412406
0.097377636,0.12004216
0.08518536,0.11069273
0.08829599,0.11678058
0.10976064,0.14174922
0.14384286,0.17467803
0.17798905,0.21347705
0.21240218,0.24744508
0.23421417,0.27937192
0.25465325,0.3079896
0.27650607,0.320962
0.29510635,0.34814897
0.3116756,0.37365088
0.32752654,0.3921401
0.34289917,0.40657988
0.36042207,0.42091048
0.37821713,0.42115006
0.37492698,0.4072036
0.3546485,0.3875462
0.32237196,0.36725754
0.29905656,0.3329954
0.25271013,0.2862128
0.19666204,0.23044778
0.15102272,0.14388779
0.12190163,0.10815434
0.098689064,0.09160268
0.088720016,0.08171322
0.09018582,0.08627918
0.11003403,0.11568564
0.13579178,0.1542761
0.17494391,0.1885713
0.21253115,0.22375953
0.23928036,0.25835732
0.2713368,0.28825706
0.2932225,0.30182374
0.31845263,0.33124033
0.34094983,0.3571797
0.3638056,0.37346005
0.38315758,0.3898474
0.40747964,0.409954
0.42380565,0.4062762
0.41713423,0.38703352
0.3963209,0.36514273
0.34976333,0.34966558
0.31238848,0.31759322
0.26620212,0.26675677
0.20971955,0.21265456
0.1615896,0.14774509
0.1242989,0.11292945
0.09961083,0.09673057
0.08092664,0.08815552
0.07296121,0.09302151
0.07995458,0.121360354
0.07786232,0.15695609
0.106666446,0.19574201
0.14288947,0.2272276
0.18938307,0.2595664
0.23373137,0.2858256
0.2702903,0.29927173
0.30418003,0.33038285
0.3374966,0.3559358
0.36758676,0.37676367
0.39664137,0.3940637
0.43107066,0.4127901
0.45002276,0.4106063
0.45047793,0.38737077
0.4205444,0.36222556
0.37875146,0.3436294
0.34044838,0.30898517
0.28988853,0.25412577
0.23064838,0.19676156
0.17861526,0.17118657
0.13802695,0.13100013
0.11014832,0.11170139
0.09046668,0.0997518
0.08273704,0.10415213
0.08331769,0.12554926
0.077353634,0.15524712
0.09753475,0.18498126
0.12718743,0.22823945
0.15971795,0.27814794
0.1766348,0.32350862
0.18956433,0.3537364
0.2142193,0.39292875
0.23272696,0.42783457
0.25267452,0.44772667
0.286135,0.470451
0.3164124,0.49179867
0.3441247,0.4959763
0.31916648,0.48325306
0.29361242,0.44679895
0.2764585,0.4230112
0.26423088,0.38772506
0.22565839,0.33334905
0.17585422,0.2748966
0.1372526,0.14311942
0.10912124,0.1101269
0.09518205,0.09557504
0.086228624,0.08802572
0.08556258,0.09091529
0.113692194,0.11743433
0.15440549,0.15111038
0.18814336,0.17410141
0.21722983,0.20455971
0.24025291,0.23442635
0.2572385,0.2619217
0.2638726,0.2737419
0.2758276,0.2934157
0.28921676,0.31602138
0.29422343,0.32523608
0.293468,0.3387185
0.29597506,0.3533819
0.2984956,0.3561476
0.29156572,0.3502413
0.2727548,0.33775446
0.2496946,0.32506424
0.23315522,0.2977087
0.19298446,0.25760126
0.14591794,0.21456206
0.10021139,0.121977545
0.07314048,0.09883735
0.059734873,0.085192636
0.054216266,0.08135775
0.05942563,0.09099379
0.08447922,0.11914238
0.12002898,0.1578622
0.14776245,0.18952411
0.17134203,0.22030962
0.19343264,0.24296677
0.21494485,0.25895524
0.22281393,0.26631054
0.23628627,0.2737119
0.25465074,0.285477
0.2519283,0.28495756
0.25130135,0.2931839
0.2608633,0.2993494
0.26929906,0.29310435
0.2618092,0.29154366
0.24934427,0.28241453
0.23533536,0.27452457
0.23240426,0.25582746
0.1888993,0.21101384
0.15703109,0.17362954
0.12940145,0.11418957
0.10329115,0.0895817
0.0992981,0.074943796
0.08657323,0.06893427
0.094809555,0.07533683
0.12316476,0.10576441
0.16000652,0.14242467
0.19312863,0.17871721
0.22854492,0.20190118
0.24417002,0.22304334
0.26761764,0.23484194
0.29114643,0.24147733
0.31073394,0.25490776
0.33627108,0.2687493
0.3537962,0.27463317
0.3641908,0.28457534
0.38454568,0.28992766
0.41367874,0.28912646
0.40844497,0.27684116
0.391186,0.26524955
0.36578134,0.25904822
0.3405716,0.23224099
0.2953708,0.19013035
0.23399779,0.14922357
0.18529442,0.18861496
0.14650083,0.15374441
0.123833045,0.13631126
0.11156632,0.12528984
0.11026908,0.12912236
0.13560453,0.1585328
0.16652283,0.19804972
0.20611419,0.24038589
0.24311107,0.27528387
0.28686306,0.30519736
0.32734704,0.3289604
0.35776687,0.34411517
0.3966857,0.37124348
0.44087812,0.39629906
0.48003674,0.41132402
0.5050251,0.4291543
0.5189989,0.4430523
0.51861244,0.44246674
0.5057843,0.42799497
0.47604644,0.40256014
0.44630012,0.38333446
0.42484143,0.34756148
0.3725805,0.29484624
0.30946037,0.23867787
0.3060979,0.2413006
0.30273545,0.20276439
0.299373,0.18236981
0.29601055,0.1698003
0.2926481,0.17450184
0.28928566,0.20061706
0.2859232,0.24356744
0.28256077,0.28272015
0.27919832,0.3232571
0.27583587,0.36244974
0.27247342,0.39123103
0.26911098,0.40693825
0.26574853,0.436116
0.26238608,0.4625911
0.25902364,0.4802999
0.2556612,0.4956118
0.25229874,0.5059672
0.24893628,0.5096951
0.24557383,0.50151116
0.24221139,0.4762136
0.23884894,0.45438692
0.23548649,0.41274697
0.23212405,0.3657654
0.22876158,0.30936295
0.22539914,0.17155157
0.22203669,0.14121638
0.21867424,0.12490387
0.2153118,0.116313554
0.21194935,0.1197312
0.2085869,0.14596644
0.20522445,0.17519887
0.201862,0.21908918
0.19849955,0.24730441
0.1951371,0.272367
0.19177465,0.28360742
0.1884122,0.2865699
0.18504976,0.30293483
0.18168731,0.31337038
0.17832486,0.3219617
0.17496242,0.33269894
0.17159997,0.3388418
0.16823752,0.335028
0.16487506,0.32447273
0.16151261,0.31213918
0.15815017,0.29963243
0.15478772,0.2738827
0.15142527,0.22956282
0.14806283,0.18604624
0.14470038,0.12764429
0.112928785,0.09732373
0.09133889,0.077749014
0.07814492,0.06743231
0.06855459,0.06847133
0.069835395,0.09169344
0.065525874,0.11257024
0.0825386,0.14002018
0.12618974,0.1700638
0.17484505,0.20358415
0.22318093,0.22344948
0.26065463,0.23357461
0.29825333,0.25845245
0.32922292,0.2803372
0.35188124,0.2938547
0.38946697,0.30820155
0.42543653,0.3237825
0.44980714,0.32341614
0.43365842,0.30352277
0.40940034,0.28339776
0.37466004,0.27179128
0.35593802,0.24475804
0.3114072,0.20026717
0.25856313,0.15343548
0.21231876,0.23289916
0.17325252,0.19344744
0.15110613,0.16822037
0.14140251,0.15369467
0.1380038,0.15527152
0.15538901,0.18013763
0.1925699,0.21586475
0.22473264,0.24990016
0.2612405,0.29203263
0.2910498,0.34033275
0.30956244,0.37881932
0.32567558,0.40961152
0.33925122,0.4486777
0.3447778,0.48710316
0.36461657,0.5080195
0.3465633,0.53246576
0.35157597,0.54467046
0.3561519,0.55059195
0.35072917,0.53702205
0.3418477,0.501768
0.33245108,0.47179034
0.32242426,0.43197668
0.28619203,0.37445444
0.23734945,0.31664523
0.1972753,0.18916282
0.16990809,0.15190098
0.14772634,0.12918536
0.14066176,0.11456451
0.15111336,0.11524141
0.17851691,0.1407897
0.21347855,0.17159204
0.2514694,0.20578682
0.28521946,0.23785377
0.32079837,0.2806063
0.36387557,0.31335312
0.39421868,0.33759424
0.42049435,0.3665751
0.4240071,0.3987002
0.41670746,0.41353187
0.40320423,0.433968
0.3896154,0.44323918
0.36552188,0.4469818
0.34290317,0.43524414
0.3230415,0.41217414
0.30997625,0.3878232
0.30408317,0.35070044
0.27289274,0.3050272
0.22777206,0.25621074
0.19287042,0.1844613
0.16618869,0.14866346
0.14086096,0.124525845
0.132533,0.11350929
0.13645084,0.1129459
0.16845624,0.13647081
0.20505524,0.16749236
0.24470535,0.20032978
0.27337852,0.23267192
0.2923595,0.26968223
0.33759546,0.29537266
0.38286477,0.3110594
0.42690083,0.3409219
0.46373937,0.36916098
0.48911464,0.38746858
0.5085886,0.4056638
0.535056,0.41479275
0.54668283,0.4153694
0.52558863,0.4006731
0.4880577,0.37473246
0.4454954,0.35449722
0.41050884,0.3193403
0.364512,0.2696944
0.29237345,0.22166303
0.2329971,0.25287265
0.18840554,0.21538931
0.15123536,0.19129023
0.13921115,0.17780618
0.13170934,0.17897765
0.15482803,0.20430675
0.18500136,0.23924421
0.21810552,0.27408585
0.25377032,0.3147518
0.27045488,0.3520818
0.29244715,0.38316932
0.31051806,0.40044647
0.3199585,0.42786273
0.33136648,0.45491517
0.33396542,0.47040957
0.32479912,0.4899902
0.31580064,0.4971804
0.31044087,0.49987566
0.30585572,0.4939835
0.2953409,0.46992475
0.29041487,0.4440375
0.29208684,0.4056484
0.2600095,0.35720837
0.21720667,0.30472276
0.1767095,0.16050516
0.14782046,0.13107201
0.13591054,0.10933238
0.12195193,0.09824499
0.12987578,0.09963882
0.1547653,0.11947012
0.19060686,0.14246121
0.22749643,0.16756424
0.25339583,0.19300306
0.2800096,0.22636984
0.298277,0.24701571
0.30783695,0.25762725
0.325445,0.27789092
0.3406675,0.29696923
0.3478837,0.30594134
0.34699482,0.32313514
0.35767922,0.33160472
0.37392828,0.33439654
0.37164605,0.32812732
0.3532106,0.30866855
0.33858892,0.29877096
0.33235896,0.26908004
0.3026856,0.2266968
0.25840002,0.18765327
0.2133583,0.18334141
0.17530595,0.148734
0.15507926,0.121557966
0.13451247,0.10874067
0.12582272,0.10732096
0.13714054,0.1224017
0.142634,0.14630741
0.16325259,0.16714597
0.20092176,0.19673687
0.24773656,0.23312186
0.2999868,0.2605259
0.36206168,0.27306935
0.41200727,0.3017746
0.4466385,0.33032277
0.45976722,0.34930974
0.47409236,0.371421
0.4774811,0.38094905
0.49222478,0.38333017
0.49818486,0.3750714
0.49002495,0.35056162
0.4489023,0.3293297
0.41702417,0.30012405
0.37319225,0.25193924
0.312691,0.21129256
0.25589147,0.25978804
0.20980994,0.21292606
0.17344075,0.18525721
0.14926162,0.16863571
0.13406503,0.16733095
0.12907776,0.18990448
0.12974979,0.21845452
0.14632753,0.25217563
0.19629727,0.29757628
0.23455055,0.3450935
0.25974134,0.3855768
0.29067308,0.4101776
0.34454152,0.4504822
0.3879337,0.4861325
0.4404805,0.5122838
0.48457134,0.5377402
0.53022283,0.55290645
0.5362902,0.55259836
0.50680685,0.5377209
0.48146045,0.50457513
0.43177158,0.4694393
0.38503373,0.43148834
0.33898854,0.37630808
0.28065598,0.3164982
0.22783755,0.25814226
0.19344808,0.21814764
0.1672927,0.19053897
0.15452152,0.1768169
0.16301855,0.17759699
0.18695094,0.20059258
0.22100277,0.23334302
0.2611083,0.2616862
0.28727636,0.30691096
0.30565405,0.35862035
0.35212898,0.4032503
0.3942787,0.43575945
0.41924614,0.47490823
0.44345665,0.5136128
0.45584813,0.53596663
0.46435586,0.5606228
0.48674703,0.57024026
0.5110108,0.57697266
0.51550883,0.5630358
0.4817834,0.52977335
0.43087745,0.49882087
0.39749068,0.45615983
0.341714,0.4018414
0.28375566,0.34320995
0.22928965,0.26850304
0.19056927,0.22877678
0.16347295,0.20275834
0.14697589,0.18702605
0.15105161,0.18759157
0.1761535,0.20847413
0.20788251,0.238457
0.24950264,0.2668728
0.28236356,0.31171623
0.3023009,0.36158484
0.32787862,0.40296865
0.33049676,0.42841098
0.351259,0.463488
0.36001298,0.49594718
0.3700702,0.51634777
0.380591,0.5390375
0.38515148,0.5501613
0.40100092,0.5549812
0.38918015,0.550192
0.3540462,0.5183811
0.34751594,0.48720124
0.33515534,0.45094496
0.30094066,0.39862388
0.24591245,0.34361592
0.19670586,0.2039122
0.16133936,0.16892672
0.14123468,0.14615959
0.13125493,0.13347676
0.13561699,0.13481534
0.15611605,0.15916345
0.17799354,0.19004557
0.21134944,0.22460213
0.25285378,0.26003852
0.29260474,0.29648656
0.34016576,0.32074907
0.3787629,0.33137214
0.42394158,0.36027846
0.46746075,0.3821717
0.5083919,0.39905494
0.5351907,0.41718447
0.5353182,0.42861384
0.55848867,0.4282121
0.54037094,0.41624182
0.5089188,0.3915855
0.47140402,0.37193027
0.442384,0.3391071
0.38693798,0.28956735
0.31434205,0.239838
0.24834682,0.28049624
0.20604272,0.23921916
0.1766363,0.21082811
0.15413709,0.19346814
0.15521994,0.19255234
0.17605565,0.21615306
0.21137334,0.24497065
0.2522012,0.27961102
0.30259496,0.3271638
0.3508046,0.37718093
0.38479543,0.4185885
0.41291112,0.44641486
0.46498132,0.48818526
0.504063,0.52605003
0.5298673,0.54858804
0.5731659,0.575955
0.6173277,0.5886549
0.6140614,0.59229916
0.5206721,0.57475775
0.46730292,0.53723085
0.4412145,0.502422
0.42961034,0.4597025
0.37301224,0.4015739
0.31288671,0.33786258
0.26048383,0.26890197
0.22091687,0.22577518
0.1912353,0.19712284
0.17736459,0.18396838
0.17627028,0.18148069
0.20128527,0.2080546
0.22661525,0.23938772
0.27343377,0.27179867
0.33373162,0.31473038
0.3940312,0.3668429
0.44776243,0.41016194
0.4950969,0.44110057
0.5348043,0.482466
0.57978874,0.5214784
0.6112962,0.54830635
0.6515727,0.5759406
0.67012423,0.5898572
0.6807892,0.5944791
0.655755,0.5737246
0.63202727,0.53751665
0.5944139,0.50083745
0.5624563,0.4567564
0.5117642,0.39602673
0.44491127,0.332882
0.38745615,0.3398347
0.33503658,0.29254788
0.29303724,0.2585714
0.26577014,0.23875149
0.23665377,0.23570584
0.21907884,0.25964895
0.21255828,0.28867513
0.2218964,0.32083148
0.2501647,0.37352476
0.27823606,0.43542534
0.29717645,0.4886515
0.30720177,0.52212036
0.31443417,0.5665513
0.32719764,0.6062685
0.353851,0.62799954
0.40021414,0.65389735
0.43611446,0.66559196
0.47938216,0.6672003
0.48777086,0.65089804
0.464262,0.61021674
0.44274804,0.5706352
0.43204397,0.5284959
0.4008005,0.46647727
0.3454227,0.40286437
0.27131638,0.30197072
0.22441468,0.25459358
0.19265804,0.22692525
0.17699733,0.21096058
0.1676114,0.20422809
0.166237,0.22279543
0.16570391,0.24225041
0.17555618,0.26788768
0.2042998,0.31541058
0.23917006,0.37149176
0.29942733,0.41974756
0.37100366,0.44692364
0.42838508,0.48245218
0.46561825,0.519371
0.49634257,0.5446453
0.4967564,0.56304055
0.4623866,0.57986695
0.47185194,0.58317333
0.43398908,0.56622404
0.38260084,0.5402283
0.3542312,0.5034405
0.33986998,0.46653515
0.30679244,0.41893947
0.26037028,0.3588701
0.20902239,0.25859094
0.17555195,0.21822935
0.15303008,0.19035107
0.14503378,0.17471106
0.14812349,0.17166764
0.17201056,0.19031954
0.2001596,0.21035986
0.22024909,0.2356957
0.2531192,0.2774408
0.29596114,0.32934177
0.32906482,0.36786357
0.36086977,0.39510596
0.3830062,0.42976788
0.3828857,0.46169513
0.40756455,0.4857193
0.44168013,0.5088943
0.4685018,0.52439284
0.50184053,0.5295037
0.49396148,0.5168795
0.47354382,0.48609838
0.43580097,0.4573837
0.40523374,0.41760135
0.36211148,0.3685155
0.312935,0.31238228
0.25539574,0.26255602
0.21700774,0.21983021
0.18593456,0.19109923
0.16626363,0.17570414
0.15904517,0.17390825
0.15871029,0.19225359
0.1509794,0.21742976
0.17993142,0.24428523
0.23474054,0.2945767
0.29971814,0.3531596
0.37728813,0.40160656
0.43711814,0.43316165
0.48160538,0.48092806
0.5228804,0.52530503
0.548605,0.552696
0.56846917,0.5791548
0.5801884,0.5945097
0.55866545,0.5984929
0.53853685,0.5802703
0.5208352,0.54262066
0.47705707,0.5017302
0.44346687,0.4650734
0.3968351,0.4071892
0.3509453,0.34649634
0.29323122,0.29921743
0.24290939,0.25676382
0.2139845,0.22473857
0.19241975,0.2066285
0.1888846,0.20524898
0.20436877,0.23006111
0.23600216,0.25743827
0.29039994,0.28947958
0.34947923,0.34680846
0.42445177,0.40841663
0.5018886,0.46407002
0.570536,0.5036155
0.62156475,0.5523325
0.66525346,0.60103446
0.6940531,0.62505686
0.6932748,0.6538347
0.65158844,0.6694722
0.6538926,0.6710096
0.65364534,0.64524317
0.6435027,0.6013738
0.5969892,0.56379426
0.55330074,0.52058256
0.49616405,0.45723355
0.42488152,0.38807985
0.35530433,0.36890125
0.30851817,0.32495418
0.2704912,0.29164752
0.24819046,0.2740729
0.23516954,0.27500728
0.2567186,0.29774255
0.28993708,0.33203584
0.34060076,0.36579207
0.39198202,0.43087372
0.44640172,0.5044067
0.49057895,0.5723471
0.5244717,0.6201591
0.5851443,0.6676927
0.6308319,0.71638966
0.6539523,0.7278843
0.67176527,0.75280344
0.6851191,0.76435006
0.6921847,0.7679637
0.6700189,0.75139195
0.6507254,0.7029104
0.60600764,0.667313
0.5683907,0.62193817
0.5145851,0.55422044
0.44276422,0.47799757
0.36812285,0.35820717
0.31113756,0.3106031
0.26838577,0.27709562
0.23563516,0.25944912
0.22177838,0.25613093
0.22721681,0.28190103
0.24899743,0.31359404
0.28710955,0.35255882
0.33588886,0.40417027
0.38622612,0.45119002
0.43739176,0.4907632
0.49781486,0.51248235
0.5432159,0.5502216
0.57726794,0.5807451
0.6004885,0.5960069
0.62506974,0.6165174
0.6434532,0.6270199
0.6504585,0.6253169
0.63615155,0.60812265
0.5982939,0.5731784
0.53712237,0.5420383
0.49398464,0.4965437
0.43619114,0.43616557
0.37114954,0.37422362
0.3086362,0.32108933
0.25313914,0.27605388
0.2202949,0.24251544
0.19220537,0.22627534
0.17886326,0.21881066
0.17750476,0.23222524
0.1840537,0.24884024
0.19961332,0.27007356
0.26302055,0.32796434
0.3321107,0.39046592
0.35717028,0.43914545
0.35020778,0.47013208
0.3219935,0.50708365
0.32032105,0.54055107
0.34793425,0.5619365
0.38879845,0.5871183
0.4342423,0.60528976
0.44960496,0.6041748
0.4262983,0.59359604
0.39985833,0.5587114
0.37278193,0.5240883
0.35912782,0.48580265
0.33116704,0.43541205
0.28829324,0.37525144
0.24497177,0.24231315
0.21370016,0.2025137
0.18546996,0.17276552
0.17002064,0.15563126
0.15558894,0.14841606
0.14713152,0.15671927
0.14264646,0.16656011
0.15896674,0.1811223
0.19337787,0.22041681
0.2338128,0.27898657
0.28497595,0.3174018
0.3303795,0.3409167
0.35711724,0.37559816
0.39002746,0.4073215
0.4081925,0.4330389
0.4197481,0.45845312
0.4414889,0.47462153
0.4546739,0.4807647
0.4639871,0.4723963
0.44143984,0.44682965
0.39866292,0.41860497
0.3584959,0.38591778
0.3089223,0.34017074
0.24830101,0.29445446
0.19489472,0.23798354
0.1590128,0.19697636
0.13309646,0.16873567
0.12259756,0.1552262
0.12007156,0.15104932
0.14195228,0.16113582
0.17751597,0.1740404
0.21529244,0.19239974
0.26549375,0.24196559
0.31583723,0.29498252
0.37384188,0.3352981
0.41886944,0.36112684
0.46516234,0.40337566
0.50374955,0.4384659
0.531541,0.46562943
0.56321746,0.4935947
0.5863556,0.5134206
0.5978049,0.5179714
0.5931916,0.5070462
0.57266766,0.47163296
0.52530384,0.4426879
0.47664225,0.41144085
0.4146635,0.35886425
0.3357462,0.30653197
0.27050018,0.29646707
0.22246733,0.2560057
0.18844688,0.22684535
0.16282359,0.21323855
0.15956955,0.21162187
0.17902909,0.23194423
0.20700955,0.2584815
0.25248405,0.2908848
0.3114366,0.35137543
0.36832327,0.41227877
0.42812464,0.46840972
0.48067787,0.5073026
0.5217988,0.5551101
0.55427927,0.60131395
0.5896248,0.62197083
0.61687475,0.6482975
0.6430874,0.6617363
0.6587887,0.66324246
0.65436965,0.6455319
0.6219123,0.6043081
0.5767364,0.5688485
0.5289702,0.53023267
0.46108463,0.4689138
0.38338417,0.4026341
0.3176556,0.3371346
0.26531798,0.29320085
0.22918807,0.2609256
0.20399354,0.2443708
0.19878766,0.24448274
0.21517542,0.26861504
0.23522232,0.30072838
0.2924312,0.33875543
0.3466684,0.39624044
0.41225925,0.46092093
0.47739893,0.5182294
0.53039664,0.55816305
0.579225,0.60551864
0.6233647,0.6513709
0.6514836,0.67306626
0.66214633,0.6990159
0.67575735,0.7080365
0.67758095,0.7109259
0.68271065,0.690027
0.6466477,0.64935243
0.60082614,0.6072395
0.5582404,0.5620709
0.49748045,0.49977773
0.4240103,0.42809048
0.35835844,0.36670032
0.31749302,0.3180625
0.28692728,0.28102076
0.26856154,0.2643519
0.26411635,0.2612763
0.2878991,0.281369
0.32230946,0.31495655
0.3759105,0.3504312
0.42858675,0.40537828
0.4913008,0.46419293
0.5544921,0.5194213
0.60703,0.5524283
0.6516001,0.599232
0.6848258,0.63939637
0.70314425,0.66408956
0.70499146,0.68679035
0.6827868,0.6945158
0.6773103,0.69305974
0.6669075,0.67333984
0.6526596,0.6344371
0.6063873,0.59425473
0.5665574,0.5510214
0.49730194,0.4847105
0.42259803,0.4186071
0.36168694,0.35547963
0.31329754,0.30546603
0.2766562,0.27093402
0.25121918,0.25315663
0.24157754,0.24845569
0.2556487,0.2732591
0.28168333,0.302272
0.32403523,0.34134716
0.3914686,0.39205828
0.45341003,0.44431356
0.50302994,0.48700696
0.5531777,0.51458937
0.58891296,0.55318695
0.6313266,0.58675134
0.66943574,0.6087564
0.6940076,0.630945
0.7126223,0.64375734
0.72168,0.6408561
0.70358145,0.61966413
0.6719239,0.5854938
0.6225898,0.54572016
0.5740331,0.50115997
0.50762457,0.4398507
0.43383768,0.3761789
0.36854935,0.35524702
0.31055343,0.3081833
0.26784047,0.27484426
0.23614433,0.25617278
0.22240135,0.24942023
0.22167903,0.26423126
0.22461462,0.28408098
0.24407516,0.3115491
0.28486192,0.3742435
0.319165,0.44244426
0.33958736,0.5003621
0.35289115,0.5346704
0.3606681,0.5763948
0.35636157,0.6124283
0.34889385,0.6322544
0.3634894,0.6549985
0.4139255,0.67253524
0.44682226,0.6710112
0.45266977,0.6543838
0.42195067,0.61680853
0.39984736,0.5796168
0.3711371,0.540368
0.33732805,0.48406428
0.29684255,0.41944057
0.24803185,0.24847469
0.20732777,0.20835507
0.1806037,0.17862964
0.15944828,0.16002665
0.14849797,0.15190469
0.14883883,0.1557554
0.1489957,0.16138415
0.16866863,0.16802101
0.22154333,0.21058664
0.27074918,0.2732799
0.3249221,0.30672735
0.37551707,0.3320771
0.42754596,0.36598748
0.46485084,0.40077192
0.4992169,0.42242736
0.5183219,0.4517424
0.5372598,0.46976125
0.5551325,0.4780842
0.54632,0.4698627
0.5152917,0.44258994
0.47414714,0.4135866
0.44430473,0.37833285
0.37292483,0.33584404
0.30918148,0.2859043
0.25925234,0.28614855
0.22406784,0.24527836
0.20494667,0.21306151
0.1881817,0.19656269
0.18674178,0.18898387
0.21208271,0.2043967
0.24196845,0.22270328
0.28660086,0.24304438
0.33579028,0.2982029
0.3935529,0.35797572
0.44987884,0.40741703
0.494756,0.43980175
0.5296066,0.4815649
0.56607884,0.5232034
0.59250015,0.5412723
0.626663,0.5681444
0.6344522,0.5831984
0.6354422,0.5859795
0.61828953,0.57111627
0.5809037,0.5376848
0.5277275,0.5078668
0.42955557,0.4699155
0.35017243,0.4213878
0.29142106,0.36711684
0.24041003,0.29364744
0.19979209,0.25472778
0.18099934,0.22678827
0.15946297,0.2125556
0.15642206,0.20964874
0.17170954,0.22927392
0.20738976,0.25213373
0.24723509,0.2806194
0.27464736,0.3335752
0.31956685,0.38759148
0.35994154,0.43318078
0.39333054,0.46227446
0.45844012,0.5033476
0.52161354,0.541165
0.5758069,0.5609807
0.614843,0.58603877
0.63427067,0.5982067
0.6032152,0.6029993
0.57304335,0.5903547
0.5299495,0.55665565
0.4960012,0.5253043
0.47173914,0.48388314
0.41568187,0.4325447
0.35064873,0.37227347
0.29728428,0.30065498
0.2510277,0.26203316
0.2224529,0.23122884
0.2068624,0.21531644
0.20808145,0.21247712
0.22839454,0.2333352
0.26249692,0.2561956
0.31269124,0.2838277
0.34750575,0.3350074
0.38077277,0.3936386
0.42283833,0.44290367
0.45285428,0.4762776
0.4972459,0.51893157
0.5259216,0.55991346
0.55710304,0.58167195
0.5875062,0.6075532
0.6126982,0.6181207
0.6169373,0.6229279
0.60397613,0.606762
0.5725548,0.56757
0.53440416,0.53630507
0.5043065,0.4917506
0.44508034,0.43643725
0.37602577,0.37323135
0.31380996,0.33716857
0.27393675,0.29187572
0.23740149,0.25658566
0.2240315,0.23947115
0.22196363,0.2351162
0.24542792,0.2570442
0.28363863,0.28955397
0.3247284,0.31529745
0.38048318,0.37650362
0.4300075,0.43304765
0.4910752,0.48639652
0.5441698,0.5189262
0.5969421,0.5653517
0.6534934,0.6082692
0.6875886,0.6286036
0.7143527,0.6528431
0.7266202,0.6659228
0.7301586,0.66639465
0.70399976,0.64806044
0.67917,0.6064936
0.63264304,0.5775547
0.60660815,0.5321649
0.5496645,0.47688854
0.47059506,0.40907305
0.46801698,0.38100433
0.46543893,0.3338905
0.46286085,0.30441734
0.4602828,0.2839171
0.45770472,0.28271398
0.45512664,0.30745894
0.4525486,0.3378674
0.4499705,0.38323152
0.44739246,0.43176296
0.44481438,0.47700834
0.44223633,0.51456827
0.43965825,0.5346512
0.4370802,0.5678542
0.43450212,0.5935236
0.43192407,0.6073086
0.429346,0.6216076
0.42676795,0.62821484
0.42418987,0.62727576
0.42161182,0.6116146
0.41903374,0.58652914
0.4164557,0.55426157
0.4138776,0.5141938
0.41129956,0.45527828
0.40872148,0.39503482
0.40614343,0.31477982
0.40356535,0.26863787
0.4009873,0.2379385
0.39840922,0.22336261
0.39583117,0.21430658
0.3932531,0.22577676
0.39067504,0.24517147
0.38809696,0.27018595
0.3855189,0.32584167
0.38294083,0.37779433
0.38036278,0.414546
0.3777847,0.43333238
0.37520665,0.4693209
0.37262857,0.5005457
0.37005052,0.5215639
0.36747244,0.5430781
0.3648944,0.5637733
0.3623163,0.5628131
0.35973823,0.5521991
0.35716018,0.521356
0.3545821,0.48898822
0.35200405,0.4505124
0.34942597,0.40073127
0.34684792,0.34136003
0.34426984,0.2926522
0.3416918,0.2431935
0.3391137,0.21472272
0.33653566,0.19974741
0.33395758,0.1898896
0.33137953,0.20303074
0.32880145,0.22112179
0.3262234,0.24785022
0.32364532,0.2998604
0.32106727,0.3532319
0.3184892,0.38891754
0.31591114,0.41032377
0.31333306,0.44594172
0.310755,0.4804577
0.30817693,0.501707
0.30559888,0.5227223
0.3030208,0.5408149
0.30044276,0.5429628
0.29786468,0.53319377
0.29528663,0.50640845
0.29270855,0.46852258
0.2901305,0.4313724
0.28755242,0.38914752
0.28497437,0.3314591
0.2823963,0.2509153
0.27981824,0.21298072
0.27724016,0.1858586
0.2746621,0.17196988
0.27208403,0.16879928
0.26950595,0.1800451
0.2669279,0.20646878
0.26434982,0.23059711
0.26177177,0.27075312
0.2591937,0.32036358
0.25661564,0.35924593
0.25403756,0.37694508
0.2514595,0.41221783
0.24888144,0.4482028
0.24630338,0.4713875
0.24372531,0.4915806
0.24114725,0.501768
0.23856919,0.50563407
0.23599112,0.496791
0.23341306,0.47526726
0.23083499,0.4378878
0.22825693,0.40648556
0.22567886,0.35439968
0.22310078,0.30810678
0.22052272,0.17767191
0.17522153,0.14325571
0.14594059,0.11724681
0.13424803,0.10575967
0.12812713,0.10233341
0.12311596,0.11890362
0.13539663,0.13601957
0.14674757,0.16134763
0.19709902,0.19176632
0.2582596,0.2331402
0.33680168,0.26054603
0.41558152,0.27670145
0.47053653,0.31031403
0.52212596,0.33958733
0.56118894,0.36386058
0.5870799,0.38796043
0.61279035,0.4052563
0.62931454,0.40875763
0.61268604,0.38986772
0.5782724,0.36223367
0.54167616,0.34448478
0.49431404,0.30782568
0.43777448,0.256822
0.37861302,0.20944603
0.32187623,0.31292087
0.2708804,0.2735703
0.24105293,0.24273178
0.21230432,0.22926186
0.19347224,0.22718346
0.19148853,0.2483334
0.18749623,0.27987844
0.19069675,0.3116879
0.24270223,0.37884262
0.32108793,0.44766316
0.40337428,0.5083224
0.47507113,0.55718076
0.52825487,0.603597
0.57213306,0.6607373
0.5972534,0.67399347
0.62348044,0.6962975
0.6498696,0.7090204
0.6541219,0.7077313
0.6290491,0.6917865
0.58030665,0.65629923
0.53803515,0.62132776
0.4886981,0.5798734
0.42163944,0.5223293
0.36221457,0.44868094
0.3031191,0.32532036
0.25302336,0.28344768
0.21774076,0.24922529
0.19447342,0.23297505
0.17946756,0.23157184
0.18237999,0.25573692
0.18659438,0.28824458
0.18592012,0.32220405
0.23613761,0.37814653
0.31454,0.43437487
0.4062083,0.484637
0.49100623,0.51689535
0.54729086,0.5628316
0.5859144,0.60481983
0.62259656,0.6280496
0.64945555,0.65349716
0.6781128,0.6645422
0.69273,0.6654783
0.6706065,0.6442214
0.6392308,0.6035366
0.60259223,0.5703397
0.54596674,0.5206783
0.47145656,0.45992017
0.40196824,0.39232293
0.34156707,0.3575297
0.29516461,0.31215274
0.25878322,0.27666733
0.23938742,0.25786665
0.2365096,0.2549108
0.26448584,0.27560997
0.31694275,0.30043364
0.34451637,0.33532086
0.38498268,0.38990524
0.43402293,0.4485563
0.5076151,0.5008647
0.5689572,0.5300283
0.6426716,0.57652324
0.694331,0.6147932
0.73210746,0.63864243
0.752741,0.66392344
0.7494593,0.67426634
0.74193585,0.67232627
0.7112028,0.6531607
0.6827806,0.60904455
0.6558835,0.5713458
0.60528904,0.52440935
0.53167945,0.46199036
0.45922244,0.3932021
0.40053257,0.3768182
0.3482375,0.32942638
0.31538406,0.29206088
0.29165286,0.27141887
0.28718796,0.26657513
0.30763975,0.28742245
0.35430688,0.31819996
0.3880425,0.35319668
0.42548037,0.4089946
0.48273206,0.47389364
0.52870154,0.5310603
0.57436,0.5626711
0.61510617,0.6088982
0.6395769,0.64575064
0.6514589,0.66615206
0.6467214,0.689809
0.6477903,0.6975863
0.6277753,0.6930477
0.6207797,0.67391336
0.598578,0.64074063
0.576025,0.6000004
0.5304188,0.5519761
0.45126024,0.49293578
0.3823247,0.42811093
0.32254452,0.33484602
0.2886844,0.28990486
0.25374117,0.25610337
0.22615163,0.23921715
0.21756946,0.23049763
0.23969692,0.24578217
0.28190342,0.26889053
0.31253314,0.29429477
0.337459,0.3469426
0.35853124,0.4022455
0.36574423,0.44097808
0.36818084,0.46378294
0.39309078,0.49403912
0.4100689,0.5227358
0.42480907,0.5390651
0.4359235,0.5617923
0.44361278,0.5772796
0.4449852,0.5739056
0.43718785,0.56606686
0.41135964,0.5404768
0.4113741,0.5085591
0.3823511,0.46855032
0.32691106,0.41899872
0.2705485,0.36534664
0.23084784,0.24410133
0.19576293,0.20269659
0.17250754,0.17398524
0.1576187,0.15538503
0.15434748,0.14913867
0.17605565,0.14743452
0.21717307,0.15541816
0.24920435,0.16086663
0.27365938,0.19722393
0.29310447,0.2481643
0.3065387,0.27272478
0.32255024,0.28940213
0.33435908,0.31410918
0.35760278,0.34597188
0.3898616,0.36794847
0.42284504,0.39134818
0.44993538,0.40762603
0.45974433,0.41703573
0.42536134,0.41891032
0.3837716,0.396071
0.37390935,0.37620094
0.3368465,0.3394249
0.2989714,0.30552432
0.26117378,0.26195368
0.21682796,0.2061998
0.17854181,0.17102039
0.15216011,0.1438958
0.13621555,0.12757796
0.13435584,0.12350829
0.1388775,0.13237074
0.15115045,0.14327857
0.16590035,0.15871187
0.19209881,0.1927157
0.22318044,0.23806074
0.25160486,0.26987898
0.28030542,0.28921837
0.3062088,0.31675255
0.33793408,0.34839386
0.351321,0.36758894
0.3590636,0.39044827
0.3565533,0.40367022
0.3546159,0.410535
0.33437526,0.40556413
0.3088842,0.38422623
0.3018846,0.36425567
0.27162737,0.3340265
0.23101166,0.29279625
0.18719445,0.25316876
0.14635117,0.14553855
0.11735159,0.11268484
0.095748,0.09064859
0.086240575,0.08050651
0.08180383,0.076515384
0.081832714,0.089564204
0.093816586,0.10150035
0.10009362,0.12187487
0.12661152,0.15211353
0.16317043,0.19089082
0.19939022,0.21778545
0.24214499,0.23725829
0.28810203,0.26336393
0.31391677,0.2950519
0.34153596,0.31078818
0.37209323,0.32735962
0.39810517,0.3403627
0.41924492,0.34845954
0.4090981,0.3387788
0.38319817,0.32398304
0.37022406,0.30649447
0.3307953,0.27959335
0.26679894,0.23791696
0.20772316,0.19874418
0.16700886,0.1670155
0.13894871,0.13392204
0.116500296,0.11391018
0.10457095,0.10296924
0.11039905,0.10168456
0.14251873,0.11913129
0.19030783,0.13279372
0.21518688,0.15513356
0.23832873,0.19781253
0.26748767,0.23895428
0.30797288,0.27452287
0.34356424,0.30570948
0.382064,0.3411381
0.42360395,0.3801928
0.46247375,0.39925182
0.49087226,0.42021328
0.5127637,0.43612823
0.527718,0.44416904
0.5119388,0.4342025
0.4702731,0.41197225
0.45708737,0.39301455
0.4052781,0.35597363
0.3339236,0.31129926
0.27274284,0.25899795
0.2711528,0.23253337
0.26956278,0.19419856
0.26797274,0.17001942
0.26638272,0.15238424
0.26479268,0.15532213
0.26320267,0.17696773
0.26161262,0.20735496
0.2600226,0.23771048
0.25843257,0.28454828
0.25684252,0.33408377
0.2552525,0.379239
0.25366247,0.4133833
0.25207245,0.45086023
0.2504824,0.4929303
0.24889238,0.5112555
0.24730235,0.5355815
0.24571232,0.5431127
0.2441223,0.54881585
0.24253227,0.54333
0.24094222,0.5098213
0.2393522,0.4794425
0.23776217,0.4458002
0.23617214,0.39279658
0.23458211,0.33922356
0.23299208,0.17879075
0.23140205,0.14881307
0.22981203,0.1317681
0.22822198,0.12486434
0.22663195,0.12978318
0.22504193,0.15772133
0.2234519,0.19799885
0.22186187,0.24146888
0.22027184,0.2692758
0.21868181,0.2976982
0.21709177,0.3138574
0.21550174,0.3191804
0.21391171,0.33669484
0.21232168,0.35344893
0.21073166,0.36662483
0.20914163,0.373683
0.2075516,0.37736028
0.20596157,0.37628582
0.20437153,0.36513418
0.2027815,0.3526083
0.20119147,0.3392257
0.19960144,0.30665004
0.19801141,0.26104116
0.19642138,0.21581689
0.19483136,0.1644201
0.19324133,0.13684978
0.19165128,0.12090781
0.19006126,0.1137192
0.18847123,0.11824562
0.1868812,0.1446794
0.18529117,0.18021312
0.18370114,0.22256237
0.18211111,0.24961028
0.18052107,0.2763447
0.17893104,0.29395685
0.17734101,0.30064806
0.17575099,0.31751603
0.17416096,0.33446628
0.17257093,0.34522676
0.1709809,0.35294354
0.16939087,0.35834274
0.16780083,0.3590846
0.1662108,0.34800857
0.16462077,0.3362626
0.16303074,0.3262334
0.16144072,0.2920449
0.15985069,0.25002366
0.15826066,0.2052703
0.15667062,0.12875076
0.15508059,0.102525905
0.15349056,0.089545324
0.15190053,0.08492587
0.1503105,0.09151066
0.14872047,0.12077282
0.14713044,0.15739173
0.14554042,0.19449854
0.14395037,0.21908557
0.14236034,0.24125512
0.14077032,0.25456077
0.13918029,0.26056892
0.13759026,0.27401337
0.13600023,0.29062617
0.1344102,0.29795843
0.13282016,0.3037761
0.13123013,0.31021246
0.1296401,0.3117559
0.12805007,0.29971904
0.12646005,0.2916324
0.12487002,0.2821895
0.12327998,0.24973002
0.12168995,0.21259923
0.120099925,0.16735853
0.118509896,0.09458613
0.089869104,0.07153835
0.06820924,0.055764675
0.05599978,0.05178844
0.05152892,0.05432026
0.0567587,0.07974629
0.06571536,0.106328174
0.07201206,0.13291651
0.1025006,0.15577233
0.14021383,0.18116099
0.16954407,0.19366215
0.19523333,0.2001923
0.22134165,0.21190616
0.24456392,0.22403735
0.26194066,0.22859314
0.26609582,0.2381712
0.27943468,0.24557033
0.28317973,0.24512054
0.27635044,0.23437478
0.2650015,0.22943687
0.26102638,0.22392175
0.22815649,0.19803327
0.17985523,0.1614652
0.14151555,0.1259775
0.105920725,0.117305815
0.08499314,0.089509994
0.06656391,0.0741047
0.05984194,0.06931101
0.067813344,0.07346752
0.099932276,0.09771974
0.1546998,0.13055375
0.18871927,0.15892133
0.20652975,0.19014323
0.23386508,0.21826275
0.26011133,0.2400227
0.278621,0.25234097
0.2961887,0.2745643
0.30465335,0.2980492
0.31422925,0.30824935
0.32275864,0.3200002
0.33139136,0.33048138
0.33441785,0.33182612
0.32437757,0.3238309
0.29746178,0.30945194
0.2888455,0.2987423
0.24207777,0.2665341
0.191313,0.22601227
0.14276597,0.1821127
0.107149236,0.12415543
0.081248336,0.09901255
0.0675519,0.08912766
0.062319137,0.08754124
0.06779442,0.09451415
0.09170615,0.12912683
0.14274281,0.17610247
0.17549792,0.22132865
0.19550648,0.24372554
0.20806925,0.25830883
0.22577615,0.2656791
0.2458527,0.26387972
0.26414797,0.2751229
0.27693084,0.28840956
0.2961491,0.29443887
0.31387419,0.29836798
0.33343434,0.30478236
0.34791607,0.30200344
0.33179647,0.28889108
0.31310707,0.28065526
0.3015425,0.2751063
0.26298767,0.24046478
0.21095853,0.20012963
0.1586809,0.15178792
0.120585226,0.11662519
0.09592429,0.091596395
0.077075265,0.07681887
0.07106465,0.072847866
0.07733571,0.07722312
0.10634675,0.11009231
0.15821505,0.14964896
0.18719073,0.18889563
0.20787753,0.21055299
0.23282057,0.23229234
0.25861916,0.24354447
0.28773972,0.24794585
0.32155678,0.26383308
0.353972,0.2820991
0.3811806,0.28988904
0.4122254,0.29875216
0.4346504,0.30463517
0.4449257,0.30383486
0.42828697,0.28664464
0.39524877,0.27484262
0.37400696,0.26803282
0.33066085,0.23119494
0.26667497,0.19005196
0.21140671,0.14391547
0.16520467,0.1580737
0.13307181,0.12650864
0.10848905,0.10685359
0.098751314,0.10037304
0.10124295,0.1062081
0.13309646,0.13517907
0.18594827,0.17335352
0.21985742,0.21479034
0.24289295,0.24277642
0.27093992,0.27175632
0.30598596,0.29095054
0.3392236,0.29917818
0.38011143,0.32339224
0.41922525,0.34591573
0.44079944,0.36536494
0.463834,0.37731844
0.4670868,0.38517764
0.46829587,0.3840903
0.43980572,0.36555892
0.40607807,0.3471155
0.38682345,0.32941496
0.33665627,0.2918421
0.28306124,0.24368191
0.23043999,0.19348665
0.18309385,0.17049077
0.15132475,0.13847446
0.12725192,0.11792757
0.116517976,0.10980297
0.1151946,0.10957268
0.1417608,0.1376113
0.19491811,0.17293027
0.22938277,0.21158734
0.24601902,0.23945832
0.28267577,0.2710268
0.32109663,0.29164472
0.35562629,0.29934314
0.38881212,0.32227296
0.42610532,0.34601915
0.4566541,0.36041045
0.48041695,0.37145817
0.4928037,0.37870085
0.48181477,0.3786949
0.44274855,0.36197674
0.38590792,0.34753406
0.35797226,0.33030245
0.31899342,0.29554242
0.26438153,0.2511081
0.21330625,0.20555636
0.16361114,0.1599823
0.1273814,0.12991878
0.10317238,0.11165186
0.08452479,0.10386894
0.079212345,0.10382983
0.079832576,0.12405963
0.095422074,0.15007234
0.1054967,0.17878734
0.1304482,0.20358819
0.16213612,0.23392393
0.18467668,0.25306833
0.20538789,0.25677142
0.2264422,0.2767407
0.24396038,0.29588863
0.26861134,0.31191686
0.2867199,0.32184488
0.30899674,0.3331655
0.31564102,0.33543777
0.30542547,0.3247976
0.27136344,0.31353164
0.24841703,0.29961294
0.21129864,0.27067155
0.21302216,0.2303041
0.14854029,0.1888933
0.11293128,0.122232
0.086028434,0.0944698
0.06262913,0.076691866
0.045194373,0.06666241
0.0392114,0.06424548
0.04891926,0.07860881
0.05613598,0.08657108
0.06384022,0.10587023
0.093265824,0.1301727
0.12705521,0.16838446
0.16366318,0.19307765
0.196363,0.2054725
0.22616583,0.22605844
0.2613919,0.24278855
0.2936418,0.25738937
0.3192718,0.27140415
0.3438411,0.28252628
0.34778982,0.2897442
0.34426662,0.28015321
0.3371769,0.27368784
0.32671434,0.25484198
0.28586757,0.2334675
0.23456724,0.19658093
0.18003176,0.16028896
0.138446,0.15169024
0.10857097,0.12326726
0.095369786,0.10464609
0.09038377,0.09494824
0.09661299,0.09905788
0.13337582,0.1252777
0.1828822,0.15791072
0.22331713,0.18908194
0.23953333,0.21488139
0.2558469,0.24740167
0.27230164,0.27313992
0.29492906,0.2874496
0.32058546,0.3091425
0.3319446,0.33239514
0.33761784,0.34412414
0.34950513,0.36002332
0.36554804,0.3660134
0.37686163,0.36884582
0.37442178,0.36057365
0.35407883,0.34462914
0.34361926,0.3292399
0.30104277,0.2962767
0.24920161,0.25172096
0.19440196,0.20838577
0.15929241,0.15683667
0.126431,0.12671587
0.104517415,0.10768773
0.0938014,0.09813813
0.101038285,0.101985574
0.12616184,0.1303727
0.17672269,0.1708146
0.20572801,0.20656337
0.22081006,0.23310387
0.24562562,0.2631935
0.28015602,0.28416207
0.30714598,0.29443455
0.33774933,0.31512764
0.37579718,0.33913124
0.40203997,0.34733003
0.42452648,0.3618523
0.44164526,0.3647925
0.43860933,0.36395878
0.40795222,0.35675025
0.38442096,0.3416092
0.37118566,0.32314807
0.32486185,0.29134038
0.2680469,0.24670565
0.21274254,0.20442231
0.169316,0.17697904
0.13995463,0.14446041
0.11654835,0.12447427
0.11281027,0.11511695
0.11672513,0.11868851
0.14504673,0.14602509
0.18938482,0.18837298
0.22450532,0.22597644
0.24193086,0.25554723
0.26417163,0.2870787
0.26936057,0.30997935
0.28510368,0.32138944
0.29729646,0.34440097
0.30057392,0.36780748
0.29964644,0.3813677
0.2999385,0.3955675
0.31309685,0.4009202
0.33051568,0.3998775
0.32834622,0.39205575
0.31830025,0.3740991
0.32003793,0.3569392
0.28964972,0.31951964
0.24160418,0.2745489
0.19430186,0.22706442
0.1509418,0.15840283
0.12679477,0.126585
0.11296166,0.108432084
0.10138961,0.10036646
0.108915076,0.104978204
0.13654272,0.13529146
0.19055332,0.17638838
0.23008592,0.21481372
0.24367777,0.24132615
0.2645329,0.27242705
0.27396065,0.29430905
0.28717753,0.30809113
0.2967965,0.3265658
0.2983766,0.34787333
0.29975897,0.35961634
0.30940807,0.37361705
0.31957307,0.3779323
0.33754715,0.37655196
0.31897077,0.36743224
0.31302065,0.35453048
0.3141369,0.3352923
0.27578077,0.30135083
0.22852027,0.25730026
0.18027428,0.21149448
0.17819957,0.14698645
0.17612489,0.118857086
0.17405018,0.10122985
0.17197548,0.09231765
0.16990077,0.0977633
0.16782607,0.12924497
0.16575137,0.16910368
0.16367666,0.20965454
0.16160196,0.23276436
0.15952726,0.2572494
0.15745257,0.27099258
0.15537786,0.2773142
0.15330316,0.29109487
0.15122846,0.30790803
0.14915375,0.31410587
0.14707905,0.32495967
0.14500435,0.32560387
0.14292964,0.32216978
0.14085495,0.31143296
0.13878025,0.3023558
0.13670555,0.28902292
0.13463084,0.2597453
0.13255614,0.2170581
0.13048144,0.1764913
0.12840673,0.10221103
0.09802128,0.078311294
0.0803328,0.058451414
0.07111545,0.05368752
0.05768743,0.05080379
0.06416739,0.06469254
0.0844974,0.07149198
0.093183406,0.08622113
0.11841677,0.110952035
0.15933923,0.14491273
0.2015629,0.16276446
0.2376338,0.17073372
0.26476696,0.18532969
0.29494524,0.19585976
0.31548318,0.2055726
0.33779067,0.21675996
0.35861665,0.22839585
0.36763108,0.23009063
0.34448972,0.21758868
0.30871913,0.21352111
0.28581902,0.20376691
0.24022777,0.18140572
0.20137367,0.14391147
0.16130276,0.112524316
0.11859654,0.1386586
0.08338342,0.107374
0.06326032,0.088008404
0.054081313,0.082898684
0.05448393,0.0842181
0.05886615,0.11032143
0.06645809,0.14490844
0.07339819,0.17856717
0.09967507,0.20514175
0.14037044,0.23628572
0.19000554,0.2609786
0.23553331,0.27267033
0.2841406,0.29893875
0.3179494,0.32584476
0.3536675,0.34478682
0.38129538,0.35855854
0.4150686,0.3705461
0.42654404,0.3717245
0.41427606,0.35338473
0.37877834,0.33655185
0.3503156,0.31897724
0.30078754,0.2825516
0.23959957,0.234919
0.1846326,0.18831469
0.14106289,0.17067145
0.111398496,0.13806519
0.09307634,0.11824949
0.08419388,0.1089421
0.08265562,0.11317527
0.10791812,0.14181271
0.16065463,0.18341091
0.19385867,0.21939921
0.21264817,0.2509068
0.24772038,0.2846574
0.29421473,0.3142548
0.33248368,0.33433145
0.37555715,0.36744517
0.4145457,0.40208915
0.44777912,0.422627
0.4825351,0.44272667
0.50584674,0.4534221
0.51139027,0.4558574
0.48563775,0.4363246
0.44754407,0.41116264
0.4158843,0.39009532
0.35589045,0.34474224
0.28505886,0.2931363
0.22323222,0.23622039
0.17365116,0.18946773
0.13645484,0.15256464
0.115487404,0.13085914
0.102182396,0.12340191
0.10537817,0.1258559
0.13209528,0.15707609
0.18067914,0.20375223
0.21115747,0.24386972
0.22841719,0.2772385
0.26293913,0.30974323
0.30898502,0.33731052
0.35213795,0.35533398
0.40031248,0.38623884
0.44762525,0.4169923
0.4857747,0.43865305
0.5201784,0.45739877
0.5432109,0.46990162
0.5507177,0.46987826
0.520999,0.4482352
0.48237202,0.42131317
0.44533902,0.3969198
0.38524386,0.35470533
0.31769916,0.29772028
0.25364658,0.23955555
0.19995916,0.22308494
0.16142626,0.18513608
0.13703597,0.16087125
0.120636515,0.15058911
0.12510414,0.1518268
0.15195818,0.18109846
0.20548275,0.22074759
0.23882745,0.2581011
0.25598907,0.29660162
0.29157218,0.33658117
0.34105366,0.3698394
0.38679433,0.39048785
0.4342174,0.42695925
0.47151408,0.45786458
0.5008804,0.48293293
0.52523607,0.50531477
0.52217627,0.51686215
0.5196199,0.52018946
0.48782438,0.50086564
0.4461953,0.4696634
0.41280952,0.4409781
0.361616,0.3985539
0.29935834,0.34204888
0.23954628,0.28212523
0.19175047,0.1998002
0.15543282,0.16362478
0.13026495,0.1404423
0.11817525,0.12670918
0.1183244,0.12895916
0.1469617,0.1545603
0.19632466,0.19338048
0.23482743,0.22705406
0.24753761,0.2584229
0.2673953,0.29953492
0.28637403,0.32780853
0.30355754,0.34207374
0.31990945,0.37016538
0.33383122,0.40058511
0.3263979,0.41675973
0.31499466,0.4333784
0.30418226,0.43637562
0.29785994,0.43515784
0.29274243,0.42633504
0.29387608,0.41067284
0.28397053,0.37805238
0.25365928,0.3458777
0.2152643,0.29803663
0.17120084,0.25203001
0.16889474,0.130984
0.16658862,0.10044306
0.16428252,0.07967391
0.1619764,0.067942314
0.1596703,0.0638268
0.15736417,0.07549082
0.15505806,0.07987532
0.15275195,0.09693773
0.15044583,0.11879783
0.14813973,0.15879159
0.14583361,0.18119548
0.14352751,0.19450963
0.14122139,0.21143101
0.13891527,0.23129135
0.13660917,0.24633354
0.13430305,0.25712767
0.13199694,0.26856965
0.12969083,0.27651
0.12738472,0.26836383
0.1250786,0.26304778
0.12277249,0.24625161
0.12046638,0.22823833
0.11816026,0.19334075
0.11585415,0.16458833
0.11354804,0.10515572
0.11124193,0.08309169
0.10893582,0.0686673
0.10662971,0.06571038
0.104323596,0.06098866
0.10201748,0.064235136
0.099711366,0.054351166
0.097405255,0.062333103
0.09509914,0.09372434
0.09279303,0.12776585
0.09048692,0.15007538
0.0881808,0.15244466
0.08587469,0.16153766
0.08356858,0.15620568
0.08126247,0.16200513
0.07895636,0.16531575
0.07665025,0.1772213
0.074344136,0.18595354
0.07203802,0.1901378
0.069731906,0.19990635
0.067425795,0.1929116
0.065119684,0.18877801
0.06281357,0.16208662
0.060507458,0.14273202
0.058201347,0.07753377
0.044742707,0.06053135
0.0362539,0.047892842
0.028506832,0.049461804
0.02853497,0.05268584
0.037992097,0.0671815
0.05090844,0.075155824
0.07052858,0.0951416
0.10071559,0.1215221
0.12408353,0.1395642
0.1349325,0.14653584
0.13501418,0.14277026
0.13646802,0.13861279
0.14027084,0.12923409
0.13885933,0.122907735
0.14013639,0.1197809
0.14301372,0.119268894
0.15554313,0.11846824
0.16271254,0.12723035
0.18544555,0.14476594
0.18048966,0.14620298
0.15660134,0.13888365
0.12470949,0.117929906
0.094575755,0.10002418
0.06906751,0.08395643
0.05273154,0.06352825
0.051968634,0.05657953
0.05147738,0.058641553
0.05600949,0.06719801
0.0966847,0.09566279
0.15191062,0.13861722
0.19386588,0.1741101
0.20971408,0.19626826
0.20838198,0.20393932
0.21394914,0.20729686
0.21611312,0.20113549
0.2240524,0.2026055
0.22503442,0.20853445
0.22035366,0.2043316
0.21179514,0.20436989
0.20969217,0.20423603
0.21119308,0.19915016
0.21397355,0.20289427
0.22419357,0.2076882
0.22111607,0.20950976
0.18937735,0.18443546
0.15277736,0.15620518
0.12663518,0.12204592
0.1009972,0.09077597
0.08453575,0.07025243
0.0798017,0.06452354
0.08302114,0.06855959
0.09372496,0.07909967
0.12906905,0.11370386
0.18320788,0.16601434
0.22576047,0.21339597
0.23428762,0.2324619
0.22745758,0.2394022
0.22130853,0.24222869
0.21391155,0.2319521
0.21498619,0.23360442
0.21413788,0.23444182
0.21280977,0.23807546
0.2057656,0.23517534
0.20416833,0.23661375
0.21069759,0.22943223
0.20983982,0.22450441
0.2222191,0.22831249
0.22110063,0.22872105
0.1969917,0.2007675
0.16055603,0.16577052
0.12727308,0.12641639
0.10260817,0.108216494
0.088745914,0.09176903
0.082463406,0.084227785
0.0811211,0.08810268
0.0968438,0.100078106
0.13042529,0.13861617
0.1920759,0.19637138
0.23570661,0.24481799
0.23726629,0.26466683
0.23907943,0.2662888
0.23346098,0.26168242
0.23290373,0.24466825
0.23408395,0.24510764
0.23190977,0.24201739
0.23078907,0.24499682
0.22228631,0.24283677
0.22153114,0.24008074
0.21977052,0.23082395
0.2165023,0.2258881
0.23627281,0.22826698
0.23041683,0.22817273
0.20087594,0.20132492
0.16229847,0.16415495
0.12458275,0.12173026
0.10056421,0.10750005
0.07912644,0.08613327
0.06429911,0.078140266
0.06482099,0.07701882
0.071955785,0.08592318
0.09884344,0.12189014
0.1608105,0.1742453
0.20118693,0.22004595
0.21491598,0.23655581
0.22509094,0.24521974
0.24103923,0.244763
0.25124854,0.23067647
0.26174545,0.23243038
0.2646681,0.24073151
0.27417603,0.24178383
0.28411692,0.23737575
0.28945178,0.23595732
0.290945,0.2265595
0.27139455,0.21680133
0.27231705,0.22145723
0.25915173,0.21779446
0.22661053,0.19329675
0.18587457,0.15616664
0.14349826,0.11842765
0.108848594,0.10755539
0.08676869,0.08671972
0.07118068,0.07500422
0.06648772,0.07069334
0.06720058,0.075394794
0.094080515,0.10256027
0.13960455,0.13392787
0.18091269,0.16834822
0.1959676,0.18730932
0.21232946,0.20631704
0.22315978,0.21173392
0.23235995,0.20612933
0.2507772,0.2139454
0.2663657,0.22222134
0.27885702,0.22670808
0.2838316,0.22988512
0.29493505,0.2332502
0.28112656,0.23047118
0.2611902,0.22272056
0.26790696,0.2195759
0.25383905,0.21589765
0.22824614,0.19206908
0.19533567,0.15654404
0.16125844,0.1200792
0.12913826,0.10053672
0.10181538,0.07582932
0.09010789,0.06070141
0.07867353,0.04694408
0.07749755,0.04875795
0.08313966,0.060114764
0.10476591,0.06709094
0.11699255,0.08312307
0.12844409,0.11159162
0.15453173,0.15141618
0.16946588,0.17382972
0.1698324,0.18444239
0.17225358,0.19816314
0.16489966,0.21261427
0.15809403,0.21328026
0.15442592,0.22245406
0.15520899,0.2270934
0.15958945,0.22835243
0.16403393,0.23074813
0.16892359,0.22804128
0.16145962,0.21447262
0.1429313,0.20656413
0.120617345,0.17411357
0.09625793,0.14936939
0.07491777,0.092865534
0.06051969,0.073993295
0.0452494,0.060424812
0.03436058,0.055578835
0.044313446,0.05579772
0.048936937,0.064864084
0.06487551,0.068712436
0.0883418,0.08561786
0.106196105,0.11072019
0.13311887,0.13600656
0.14143337,0.14845097
0.14653319,0.14687005
0.14981836,0.14908113
0.14583503,0.14659572
0.1487121,0.14457774
0.142883,0.14541861
0.15129885,0.14845958
0.16063347,0.15065481
0.17007542,0.15724666
0.19453144,0.1659809
0.19148356,0.16815709
0.16696976,0.15876833
0.13902166,0.1365954
0.10847038,0.1181827
0.085965194,0.10537357
0.07318306,0.08672847
0.0648561,0.07808399
0.06437355,0.07671471
0.071321115,0.08443186
0.10711537,0.109457776
0.15794513,0.14455195
0.20111099,0.18041006
0.21434952,0.20114279
0.23179424,0.21178551
0.2417354,0.21366754
0.23379412,0.20566118
0.23703074,0.2040398
0.23640752,0.20519203
0.22990465,0.20018473
0.2243639,0.19736043
0.22525378,0.19421497
0.2337879,0.1914035
0.23720105,0.19843064
0.24969436,0.2033384
0.23623696,0.20673916
0.19952816,0.18848619
0.16418755,0.16243394
0.13255565,0.13318217
0.102647506,0.12311566
0.08902777,0.10291105
0.07953777,0.09369142
0.07441307,0.09199331
0.08772705,0.100629345
0.12081828,0.13198787
0.17648391,0.1770319
0.21339913,0.21864161
0.21816379,0.24128494
0.2224494,0.25121805
0.22698873,0.25288388
0.22706443,0.24611413
0.22877374,0.24499585
0.22529835,0.24643165
0.21973567,0.24032858
0.212506,0.23882724
0.2127311,0.23626101
0.21904671,0.23230459
0.21805449,0.2372403
0.23934136,0.23754498
0.2347866,0.24026448
0.21185116,0.21846059
0.17928977,0.18715718
0.14654714,0.15299267
0.12616533,0.12164132
0.10920739,0.10113813
0.10643439,0.09509994
0.100545034,0.096611395
0.10900596,0.106390715
0.14805153,0.14091471
0.20600289,0.18894279
0.25205228,0.23474102
0.2583318,0.25653395
0.24563733,0.26266608
0.23695928,0.26233533
0.23308824,0.24655962
0.2302012,0.24533929
0.22201069,0.24400565
0.21710832,0.24245581
0.21664347,0.2361108
0.21922001,0.23728663
0.21968289,0.23189758
0.21996051,0.23087738
0.24478802,0.23361722
0.23021366,0.2367349
0.20200536,0.21335945
0.1702298,0.18150507
0.1318413,0.14285807
0.11082383,0.12063568
0.092865944,0.10149104
0.08685234,0.09272084
0.08336525,0.089225166
0.08881164,0.09928739
0.122200914,0.13240285
0.18164198,0.17882207
0.22112602,0.22276188
0.24050216,0.2428171
0.23544966,0.25316325
0.24196422,0.25367135
0.2438309,0.24451259
0.24368574,0.24538021
0.24025665,0.25053564
0.23479232,0.24621382
0.23547854,0.24467789
0.24003978,0.24074963
0.23912972,0.23460065
0.2379388,0.23414561
0.25197783,0.23495564
0.23908092,0.233215
0.21138929,0.20946047
0.17398381,0.1751775
0.13721624,0.13805115
0.111994825,0.117528394
0.0934802,0.09583484
0.08181603,0.08586541
0.07682453,0.08267047
0.084219776,0.09116085
0.1090326,0.12114917
0.16662666,0.16197176
0.20670578,0.20298293
0.21430147,0.22473976
0.22951026,0.2389308
0.23708726,0.24214916
0.23583958,0.23633356
0.23630694,0.23533669
0.23308948,0.2381902
0.22220615,0.2334812
0.21400866,0.23130602
0.21091147,0.22768933
0.21406293,0.22273083
0.21214223,0.22629069
0.21298207,0.22868988
0.20392159,0.228833
0.1814159,0.20829494
0.15698378,0.17907983
0.13211842,0.14713581
0.10761883,0.098519936
0.08972419,0.080637336
0.079947114,0.071713924
0.071280524,0.06625984
0.074457385,0.07401711
0.090017006,0.09601066
0.11511342,0.12345357
0.14258571,0.15718831
0.16489668,0.17807555
0.1726933,0.19469468
0.17367755,0.20037341
0.17071158,0.18856028
0.16517057,0.19209056
0.16415718,0.19010642
0.15716654,0.18707061
0.1567099,0.18780796
0.15421277,0.1883097
0.15686975,0.18533482
0.16099052,0.18872279
0.17601283,0.1937336
0.17127779,0.19743504
0.15441595,0.18242005
0.13355859,0.1553537
0.110753864,0.12827131
0.08520901,0.09717411
0.06607067,0.07883275
0.054741636,0.06829786
0.04554296,0.06299736
0.04424672,0.06768054
0.057773333,0.08519283
0.07235915,0.10800095
0.095667824,0.13107112
0.11992092,0.15277478
0.14185642,0.1678066
0.1503751,0.17221685
0.14462219,0.16462557
0.14784163,0.16111964
0.14001812,0.16090938
0.13642894,0.15433192
0.13887277,0.15100327
0.14617887,0.1497778
0.16074377,0.14971465
0.17119586,0.1584026
0.2002323,0.16950028
0.19104458,0.17409487
0.17550813,0.1671567
0.14711955,0.14599629
0.12123459,0.12800275
0.107088484,0.115313694
0.098435596,0.10285509
0.0995421,0.096713886
0.10357126,0.09745679
0.12316426,0.107719034
0.16404763,0.13454178
0.22194968,0.17187756
0.26932794,0.21417715
0.2796986,0.2315551
0.2691955,0.23310058
0.25326386,0.22749856
0.2390991,0.20917448
0.22976224,0.20412712
0.22433002,0.19883847
0.21493016,0.19619599
0.21283616,0.18877363
0.21336626,0.18711954
0.21913436,0.18326885
0.2217943,0.18615675
0.24186164,0.19189247
0.2301265,0.20302892
0.20194684,0.1824041
0.16249742,0.15293948
0.13044173,0.121541835
0.106369905,0.1304249
0.094686806,0.107835084
0.08469609,0.1004594
0.08446105,0.100354366
0.09874584,0.10792713
0.13358398,0.1442987
0.18814982,0.19091573
0.23192246,0.24191704
0.23322667,0.258336
0.23096411,0.26391408
0.23786236,0.26019675
0.2341818,0.2473987
0.24201477,0.24722864
0.24899594,0.24821606
0.24943043,0.25011212
0.24244303,0.2483865
0.23660074,0.24952057
0.24079695,0.23948263
0.24741188,0.23136115
0.26317292,0.23476784
0.24555391,0.22931302
0.21210115,0.20405394
0.16465566,0.16574398
0.12906407,0.12368579
0.100516155,0.10700754
0.085519254,0.08551251
0.067811355,0.070195146
0.06537175,0.061977826
0.07421288,0.06933844
0.10417954,0.10520184
0.16151117,0.14667428
0.2032742,0.1868112
0.2148353,0.20658398
0.21845736,0.22687213
0.23006625,0.23296633
0.23275086,0.23505396
0.23953284,0.24438088
0.23793034,0.25611517
0.2336029,0.25705814
0.23279816,0.26434448
0.24313498,0.26698714
0.24864088,0.2632338
0.2490801,0.24983451
0.26475003,0.23838346
0.25053594,0.23810059
0.2230293,0.20989646
0.18314539,0.16877905
0.14218782,0.1291889
0.111507304,0.11239351
0.08821457,0.08815548
0.07346666,0.07432683
0.06404115,0.06695802
0.07483734,0.077218786
0.1024142,0.111346744
0.16126217,0.15208642
0.20549719,0.18891153
0.21509449,0.20966402
0.2237805,0.2313661
0.231791,0.24122228
0.24542269,0.2407108
0.25642705,0.25298303
0.27078304,0.26675245
0.25996965,0.27301013
0.2563023,0.28224355
0.24645749,0.28622866
0.24843895,0.27989548
0.25046498,0.26956862
0.27003333,0.26150927
0.25725967,0.24931136
0.22598556,0.2219097
0.19167402,0.17962602
0.15225248,0.13698749
0.11757195,0.11616457
0.09640708,0.09138581
0.08148189,0.075117394
0.07254365,0.069009036
0.08243975,0.07418621
0.11088956,0.105798066
0.16047984,0.14223444
0.20587814,0.17415556
0.22653608,0.19504021
0.23327921,0.21839763
0.2485114,0.23147504
0.24950737,0.23634478
0.2556542,0.24589975
0.25719342,0.25956777
0.26634827,0.26206198
0.26032448,0.27129588
0.25824866,0.27348188
0.25780743,0.27194202
0.2441252,0.26499993
0.24815187,0.25710517
0.23419848,0.25129473
0.20708574,0.22133195
0.183117,0.18463342
0.14864486,0.14711112
0.1192982,0.09850649
0.096808195,0.07524724
0.08257146,0.057603553
0.07402564,0.045317274
0.07079849,0.048098195
0.0807511,0.06523847
0.09626864,0.08109491
0.11931015,0.10016083
0.14120431,0.12232961
0.15624504,0.15699343
0.17174141,0.17625178
0.17489685,0.18640545
0.17300005,0.19569524
0.16404589,0.2097778
0.15990518,0.20698407
0.14980067,0.21564387
0.14415583,0.21575168
0.14922652,0.21872325
0.15590915,0.22131945
0.15999681,0.21689023
0.14662033,0.21084699
0.13476817,0.19536039
0.11087388,0.16559115
0.089318335,0.1422399
0.06722523,0.0909273
0.05239466,0.070272595
0.039875705,0.05491886
0.034290366,0.05028768
0.034510225,0.05069052
0.041198585,0.063287765
0.0516076,0.06823843
0.06648772,0.08627312
0.08777759,0.108365886
0.10440164,0.13389073
0.13207287,0.14550579
0.1420454,0.14584062
0.14773631,0.1474172
0.15308858,0.14707541
0.15343867,0.14237016
0.15337543,0.14580342
0.16285446,0.14924417
0.17212485,0.15152857
0.1801209,0.15855786
0.19015892,0.16423848
0.18569355,0.1648422
0.15949684,0.15247747
0.13116156,0.12846166
0.09930283,0.110227466
0.071016595,0.09862356
0.061191466,0.078401014
0.054379106,0.069464564
0.05468835,0.0666748
0.070024125,0.074180976
0.10808121,0.09741247
0.16988793,0.13071996
0.21741982,0.16537805
0.24273211,0.18310222
0.24912068,0.19651772
0.25740457,0.20142192
0.26252455,0.192063
0.26626563,0.18677612
0.26140386,0.18795815
0.25934967,0.18215328
0.25353453,0.17524853
0.25896102,0.1717796
0.26576042,0.16971888
0.27233773,0.181008
0.29419827,0.19367784
0.2888963,0.19917747
0.27078828,0.18562232
0.23486204,0.16443738
0.20149094,0.14544015
0.17692561,0.18156566
0.17107287,0.16468354
0.16542977,0.16004416
0.17263976,0.15969248
0.19347247,0.1687758
0.23588489,0.19285218
0.30092847,0.23798178
0.35034025,0.28535238
0.36267868,0.31223926
0.34841877,0.31322682
0.323043,0.3078615
0.29657015,0.28826106
0.27545458,0.27672833
0.2608374,0.26924327
0.2460631,0.26086453
0.24211213,0.24708368
0.25774968,0.23843187
0.27172247,0.23683117
0.2692448,0.25666124
0.29246706,0.27314985
0.30275905,0.2789507
0.29490617,0.26302087
0.25920752,0.24189436
0.22822347,0.21274096
0.20842183,0.22016959
0.19574177,0.20269608
0.18668477,0.19708067
0.18644972,0.19287927
0.19773917,0.20158492
0.23406154,0.22085908
0.28945827,0.2595657
0.32844308,0.3071534
0.33170384,0.3406456
0.32493234,0.3432057
0.3081188,0.3344408
0.28629112,0.31611982
0.26946515,0.30339226
0.25654033,0.29169732
0.2401202,0.28002214
0.23264503,0.2665429
0.23423184,0.25728315
0.2469866,0.25630483
0.2717145,0.2819013
0.30205166,0.29511678
0.3058032,0.30027115
0.29301134,0.29106772
0.26315275,0.26902723
0.23421541,0.2416805
0.21113108,0.26016873
0.20517948,0.23914847
0.19943827,0.23269685
0.20438893,0.22930525
0.22192878,0.23574722
0.2605747,0.25689855
0.3233261,0.2890718
0.37019765,0.33980185
0.37032938,0.37464467
0.35260928,0.37458605
0.32524806,0.36641705
0.29741424,0.34646177
0.28177246,0.33439162
0.26672077,0.32391617
0.24938263,0.31689692
0.23554975,0.3063584
0.23023033,0.30074236
0.23792985,0.29968977
0.2587576,0.32028598
0.28137556,0.33349127
0.2805601,0.33441466
0.25947344,0.3185439
0.22780293,0.29355296
0.19572933,0.26007304
0.172211,0.19805005
0.15779574,0.17860839
0.15509172,0.17138259
0.15821429,0.16801183
0.17127205,0.17510276
0.21147095,0.20404615
0.26734823,0.24174802
0.3192733,0.2918873
0.3325716,0.3191854
0.3178513,0.32219332
0.30018175,0.3152563
0.27226603,0.2979183
0.26047835,0.29069433
0.24151629,0.28538084
0.23363626,0.2786161
0.21814562,0.27194563
0.21498145,0.26776585
0.21360256,0.26314783
0.22307014,0.2716062
0.23547007,0.27951276
0.22932427,0.27988464
0.21087487,0.25889963
0.1854946,0.22977577
0.15963253,0.19386125
0.13106744,0.1394237
0.113432,0.11888512
0.10369003,0.10489708
0.098418914,0.09767032
0.10210645,0.10003045
0.11195374,0.12180038
0.12910913,0.14974491
0.15305224,0.1818635
0.17803437,0.20323488
0.18494284,0.21824339
0.19029313,0.22087713
0.18729877,0.21398088
0.17793328,0.2145036
0.16855359,0.2184375
0.16211645,0.21580446
0.1594326,0.21658038
0.15993257,0.21774319
0.1631042,0.2173119
0.1747853,0.21866438
0.18584393,0.22103065
0.1715594,0.22425109
0.1557483,0.2048406
0.1360333,0.17808843
0.109322175,0.15081584
0.085187845,0.1159475
0.0742323,0.0975735
0.06459939,0.085425094
0.06128558,0.08116221
0.060476862,0.080720246
0.06643619,0.09112342
0.08644301,0.10056572
0.11526282,0.122536495
0.1384577,0.1442485
0.16236271,0.16500655
0.17029776,0.17570175
0.1687219,0.16670707
0.16642,0.16893537
0.16046292,0.17039734
0.15666658,0.17599115
0.1571399,0.1735779
0.1553427,0.18101114
0.16446094,0.18566321
0.19734626,0.18871836
0.21307345,0.19923393
0.2004823,0.20061332
0.18552373,0.18827976
0.16398288,0.1657156
0.14293902,0.1435608
0.12212522,0.1358874
0.10946235,0.11784672
0.10777395,0.11245104
0.105792746,0.114281096
0.1134564,0.120312855
0.13146482,0.14852276
0.17823456,0.1781502
0.24079423,0.21865612
0.2774094,0.23759001
0.2744626,0.24389477
0.26610503,0.24327143
0.26429087,0.22925802
0.2505524,0.22932817
0.24740914,0.22333449
0.24638379,0.22465268
0.2422543,0.22517166
0.23744231,0.2294156
0.2319541,0.22560462
0.2544605,0.2257594
0.26175094,0.22930413
0.25461364,0.23259018
0.23633954,0.20825705
0.20180815,0.1757633
0.16508566,0.13899074
0.13206738,0.12985417
0.10165976,0.10297379
0.07846911,0.08901126
0.07115205,0.0828856
0.070895344,0.08698854
0.08235061,0.113716856
0.116185576,0.15139222
0.1655829,0.18815173
0.19089444,0.21029317
0.20305087,0.23125988
0.21752737,0.24142149
0.22629803,0.24033183
0.2366737,0.24626444
0.24132855,0.25743282
0.25053445,0.25778717
0.24776918,0.2596463
0.24974465,0.25855026
0.2540721,0.25412157
0.25617132,0.2538066
0.2641385,0.2568787
0.25287843,0.25117344
0.23416412,0.22970825
0.20303494,0.19796242
0.16409492,0.17170271
0.12749144,0.14643064
0.10469495,0.12481431
0.08816776,0.118419364
0.08124808,0.11773019
0.077410154,0.12555979
0.08367424,0.15426031
0.11737848,0.1881926
0.18289241,0.2297861
0.21254161,0.24660558
0.2203432,0.2522907
0.22318393,0.25162598
0.22828498,0.23614687
0.2391459,0.23790382
0.2528966,0.23858696
0.26626262,0.2426562
0.27346665,0.24182196
0.27414763,0.24418986
0.27773508,0.24250819
0.28292876,0.24152653
0.2944973,0.24106121
0.27342582,0.2433656
0.25685456,0.21272862
0.23321298,0.18239546
0.20090058,0.1423371
0.16754793,0.14937842
0.16490816,0.1221465
0.1622684,0.107644305
0.15962864,0.10115234
0.15698889,0.10615906
0.15434912,0.13780269
0.15170936,0.18433215
0.1490696,0.22113103
0.14642985,0.24220389
0.14379008,0.2615955
0.14115033,0.2734849
0.13851057,0.26815563
0.13587081,0.27349937
0.13323106,0.283497
0.13059129,0.28486246
0.12795153,0.28743407
0.12531178,0.28572348
0.122672014,0.28405547
0.12003226,0.28708845
0.117392495,0.29070005
0.11475274,0.28447527
0.11211298,0.2557572
0.10947322,0.22796799
0.10683346,0.1980368
0.1041937,0.113358095
0.10155394,0.09889871
0.08121796,0.09007886
0.070655316,0.086774506
0.06932222,0.09515928
0.082485564,0.11918585
0.109901324,0.15454221
0.15881959,0.19058424
0.20250931,0.20935604
0.21841054,0.21570203
0.21440555,0.21117456
0.21697064,0.19509439
0.21163902,0.18903549
0.2112252,0.18576065
0.20904255,0.17726737
0.20041506,0.17016591
0.19519724,0.16306901
0.2016371,0.15874504
0.21003577,0.16666146
0.22031358,0.17618924
0.20076115,0.18495378
0.19563894,0.17201258
0.1849431,0.14822768
0.15998037,0.12602472
0.13764898,0.1327618
0.11716336,0.1151531
0.10891781,0.111336514
0.10114012,0.11156872
0.101194896,0.12100017
0.11202197,0.14438727
0.13704842,0.18322822
0.17166471,0.22132283
0.20367707,0.24533513
0.21969956,0.2523786
0.21581034,0.25341102
0.20580469,0.237611
0.19465692,0.2308759
0.17808516,0.22568211
0.16425776,0.21826783
0.16436036,0.20937024
0.16193394,0.20711245
0.17166097,0.2049984
0.19698349,0.21969728
0.22114395,0.23346347
0.21778658,0.23771843
0.21227519,0.22442925
0.1960921,0.20184861
0.179728,0.1750606
0.1546393,0.1471614
0.14661933,0.1300828
0.12810546,0.124580465
0.11773155,0.12451001
0.114488214,0.13044593
0.11279981,0.15341318
0.12859224,0.19183654
0.14548793,0.23243049
0.16057172,0.25565177
0.18391974,0.2575692
0.18435448,0.25175676
0.17761108,0.2343828
0.16755065,0.22432543
0.1653349,0.22137469
0.15841348,0.21083578
0.15227515,0.19800936
0.1514104,0.19310999
0.16360492,0.19058214
0.19885015,0.20341316
0.22436638,0.2180443
0.22263664,0.22750528
0.2146899,0.2113937
0.19669317,0.19223382
0.17085102,0.1665509
0.15183817,0.16473134
0.13683455,0.1490033
0.12340603,0.14490172
0.12447842,0.14443164
0.13950372,0.15028617
0.16408846,0.17920855
0.21110618,0.22433797
0.28074786,0.27416033
0.31642735,0.29397428
0.31161088,0.2931862
0.2876429,0.2828884
0.2724799,0.2618305
0.25621414,0.25151888
0.25176546,0.24660015
0.24316236,0.239992
0.23653325,0.22784132
0.2257931,0.2230019
0.22996715,0.21781029
0.25650546,0.22438744
0.27979398,0.23952082
0.2685374,0.24548475
0.25485668,0.22558478
0.23041658,0.19967064
0.19988023,0.1666435
0.17224437,0.1651097
0.15844785,0.14751054
0.1486145,0.14214888
0.1474313,0.14324573
0.15314412,0.15540832
0.17440858,0.1834932
0.22085612,0.23226127
0.28982428,0.2813237
0.32074556,0.3065457
0.311825,0.30881074
0.2852792,0.30217716
0.2649238,0.27772635
0.24725127,0.27221134
0.23989935,0.2634005
0.23578306,0.26354387
0.22704376,0.2517221
0.22147511,0.24505338
0.227723,0.23996781
0.2577626,0.2506143
0.27462968,0.265585
0.2733561,0.2670123
0.26542103,0.24763048
0.24428132,0.22240117
0.21258144,0.19080004
0.18368295,0.17501509
0.16640133,0.15962851
0.15538527,0.15395853
0.15143579,0.15168913
0.15577544,0.15938264
0.17523997,0.1862134
0.21599585,0.22302544
0.27077857,0.2780555
0.31189173,0.298061
0.30226132,0.29637498
0.27967596,0.28101453
0.2704031,0.25929722
0.25344986,0.24615188
0.25631052,0.2362366
0.24785906,0.2290647
0.23694035,0.21557246
0.2279105,0.20790023
0.23471837,0.20237073
0.25539374,0.2095974
0.26903862,0.22633791
0.26391914,0.23463127
0.25111657,0.21310768
0.22491863,0.19245377
0.1965602,0.16260985
0.16634232,0.156121
0.14772534,0.13801223
0.13474925,0.13227822
0.13039841,0.13269413
0.13886854,0.1397673
0.15505387,0.16594955
0.19491313,0.20388027
0.2599246,0.24494238
0.29802975,0.26973546
0.2857396,0.27035093
0.27744702,0.26499915
0.2664693,0.24390617
0.25245193,0.24141736
0.25421727,0.23587486
0.25213295,0.23312375
0.23985727,0.2264714
0.23954678,0.22718766
0.23783995,0.22318314
0.25949782,0.22542763
0.2738008,0.23469682
0.26083764,0.24193946
0.24004875,0.2190434
0.21308914,0.1940465
0.18721835,0.15686196
0.1476778,0.1455947
0.12208713,0.12343873
0.105000705,0.112404615
0.08780448,0.104476295
0.08058278,0.10742828
0.090408415,0.13165748
0.11662205,0.15984483
0.17240322,0.1972351
0.20948103,0.2193169
0.22204877,0.2369755
0.24165398,0.24048759
0.26048732,0.24115229
0.2663082,0.23650484
0.2635977,0.24738622
0.2570433,0.2379632
0.25544652,0.23112082
0.24629714,0.22551954
0.24401839,0.22464891
0.26434392,0.2275054
0.25312495,0.23377685
0.23727152,0.23608199
0.21953972,0.21917836
0.20110376,0.19251087
0.17278716,0.16658157
0.14715566,0.14290142
0.12320285,0.123423874
0.10811856,0.117294036
0.10440786,0.11467371
0.10931271,0.121507585
0.11787771,0.13830434
0.14063138,0.1638848
0.17259221,0.19729291
0.20980646,0.22031885
0.22816248,0.22880308
0.22300266,0.22753511
0.22062431,0.21207568
0.21452655,0.20284861
0.20037895,0.1951204
0.18681748,0.18628895
0.1812416,0.17850783
0.1720651,0.1769686
0.18853725,0.17779975
0.21707048,0.1953583
0.23469372,0.21177761
0.23250735,0.2196468
0.23493849,0.20627347
0.22553737,0.19375977
0.20937546,0.1730425
0.18432012,0.16831091
0.16633758,0.15390272
0.15837887,0.14636455
0.15586507,0.1445091
0.16475649,0.1519203
0.16865842,0.16849068
0.18470556,0.19649841
0.21027206,0.23018563
0.22908896,0.25350395
0.23776127,0.2536581
0.22251514,0.24609084
0.20580171,0.22366385
0.19420202,0.21264221
0.18842272,0.20360672
0.17720847,0.19710827
0.16666998,0.18646131
0.16833498,0.18033841
0.18266134,0.17746674
0.22551796,0.1954649
0.24750948,0.21187243
0.24462318,0.22202384
0.24039161,0.20942023
0.22241728,0.19152658
0.19544522,0.17044058
0.16804366,0.17859288
0.14759637,0.15864071
0.14633699,0.15314512
0.14172296,0.15146953
0.1333086,0.15835251
0.14693058,0.18278182
0.18971822,0.21865036
0.24879177,0.2643799
0.29073036,0.2890625
0.30314997,0.2945697
0.29925376,0.2902024
0.312448,0.27449554
0.30139783,0.26540312
0.28549808,0.25699326
0.292794,0.24939865
0.2832019,0.23976971
0.28171942,0.23406026
0.29545194,0.23178452
0.31168532,0.24650411
0.3253967,0.25878754
0.30720773,0.26440454
0.2879088,0.24513805
0.26156145,0.22396593
0.21456191,0.19372675
0.18994181,0.19489342
0.16542354,0.17229795
0.14157754,0.16138294
0.13384467,0.15351912
0.13881974,0.15929793
0.14860104,0.18388477
0.18098913,0.21820474
0.23077363,0.26178855
0.26726407,0.29454696
0.2703137,0.3062871
0.27633253,0.30630785
0.2890748,0.29857025
0.28363115,0.29515967
0.28550455,0.29174727
0.27964956,0.28184947
0.26955128,0.27888814
0.26556072,0.27574334
0.26979256,0.27283496
0.28842348,0.28511953
0.29140013,0.28804642
0.28218576,0.29362398
0.26968747,0.27538323
0.24956787,0.24921305
0.22386616,0.2175094
0.18880492,0.19221492
0.16763332,0.17200887
0.15377133,0.16346985
0.14175308,0.15697806
0.14313373,0.16492368
0.15569203,0.18674931
0.18703958,0.22042395
0.23028985,0.2641079
0.2684154,0.29304314
0.2890843,0.304922
0.30793205,0.3040796
0.32009494,0.2922682
0.3046347,0.28431776
0.28706622,0.28027984
0.27865136,0.26890177
0.26245284,0.26203403
0.26156145,0.25393522
0.26784196,0.25165126
0.29657042,0.27151138
0.30386308,0.2804737
0.28542462,0.28242326
0.2806159,0.2677763
0.26160726,0.24395959
0.2373843,0.21808629
0.21200478,0.22011372
0.18880865,0.19643098
0.176336,0.18992232
0.16981646,0.18386464
0.16702056,0.18894061
0.16635276,0.20818406
0.16449207,0.24114823
0.1861136,0.28422198
0.20525542,0.3168727
0.2258648,0.3239187
0.23377445,0.32168385
0.23706137,0.30286235
0.23570861,0.2950315
0.2147606,0.28802982
0.19362834,0.27891868
0.17031842,0.26909384
0.14859083,0.26537496
0.13760939,0.2633736
0.15003847,0.28286353
0.15989348,0.29635453
0.16108938,0.2971807
0.16963595,0.28929293
0.16918802,0.2651381
0.16159283,0.23922098
0.14689621,0.15482174
0.13171183,0.13995242
0.1231543,0.13788843
0.1241149,0.1320871
0.12493731,0.14109911
0.14006718,0.15885946
0.16955402,0.18984687
0.19911857,0.23005907
0.22085711,0.25530002
0.22443709,0.26169726
0.22392143,0.25761172
0.21891972,0.23919936
0.21287625,0.2262115
0.19777751,0.21910813
0.19149151,0.20285818
0.18719271,0.1874651
0.19185679,0.17786416
0.21654113,0.1772777
0.2579282,0.20084147
0.26323244,0.2208889
0.26190805,0.2292254
0.2588126,0.22346854
0.25296682,0.20928128
0.23765546,0.19046262
0.21393596,0.21979025
0.19516636,0.20267758
0.19078214,0.19889301
0.17792481,0.19601662
0.17572623,0.20233573
0.18622538,0.21677026
0.20221551,0.24366611
0.22580454,0.28755674
0.2495116,0.31942293
0.26642945,0.3187619
0.28296337,0.30786806
0.2712285,0.28746453
0.2449292,0.27112532
0.22465122,0.25375986
0.20626533,0.2402249
0.20502436,0.22633314
0.19744785,0.21849415
0.21407688,0.21789649
0.2507802,0.24693215
0.2632663,0.26515824
0.2584187,0.276325
0.24925937,0.26567107
0.24473748,0.25202313
0.22252685,0.22832662
0.19993626,0.19921216
0.18106855,0.18202016
0.16810118,0.17483687
0.15766004,0.16922818
0.15517114,0.17602746
0.15370011,0.19525167
0.16733254,0.22228682
0.18616065,0.26700374
0.20120236,0.30131027
0.2117289,0.30790466
0.22395231,0.30058068
0.23542152,0.29091865
0.25000834,0.28029045
0.25164595,0.2709883
0.2429587,0.25555792
0.24348804,0.24766554
0.24698983,0.24047875
0.25842717,0.23839954
0.29248947,0.25984567
0.29860988,0.26748526
0.28536212,0.27747434
0.2774333,0.264471
0.2605461,0.24298947
0.23899129,0.21608129
0.21574885,0.22059405
0.21801327,0.1996639
0.22027768,0.1942327
0.2225421,0.18793078
0.22480653,0.19746204
0.22707096,0.21631032
0.22933538,0.2495353
0.2315998,0.29375598
0.23386422,0.32987887
0.23612864,0.33757064
0.23839307,0.33386928
0.2406575,0.31772697
0.2429219,0.30588302
0.24518633,0.29385403
0.24745075,0.28199103
0.24971518,0.27093658
0.2519796,0.26337537
0.25424403,0.26279545
0.25650844,0.29230762
0.25877285,0.30692983
0.2610373,0.3119151
0.2633017,0.30302215
0.26556614,0.2850738
0.26783055,0.2608788
0.27009496,0.23925191
0.2723594,0.22058913
0.26762262,0.21835591
0.26898783,0.21353166
0.2808858,0.22343905
0.30368406,0.2398687
0.35020828,0.2704707
0.41069162,0.31622064
0.45096222,0.35406864
0.4499842,0.35682872
0.4425379,0.35082552
0.4496169,0.32789373
0.44513088,0.30970746
0.4230074,0.28930002
0.3993419,0.27494866
0.38005516,0.25863382
0.3767222,0.25080386
0.39425978,0.25026703
0.45258114,0.28581586
0.47725827,0.30948454
0.4796513,0.31708384
0.47536147,0.31502807
0.4566235,0.300803
0.42683685,0.28020602
0.39466316,0.36703545
0.37484232,0.34863922
0.36462826,0.3441108
0.35914153,0.33695686
0.360631,0.3463682
0.37309813,0.36720124
0.4116405,0.39638585
0.46699566,0.44806033
0.50368875,0.49176517
0.5007542,0.48505828
0.46611398,0.469878
0.43074673,0.44087473
0.39688763,0.4214283
0.37810135,0.40089262
0.35356715,0.3864519
0.33429635,0.3660235
0.32789007,0.35777694
0.3320233,0.36389214
0.37288874,0.39532292
0.39694688,0.41416803
0.388908,0.41715452
0.3724087,0.40633392
0.3506258,0.38535625
0.30830553,0.35195115
