true,forecasted
0.11232707,0.124831825
0.09478714,0.104622275
0.083518274,0.098337054
0.073308885,0.08790997
0.06950796,0.09007673
0.08898927,0.10313731
0.10988472,0.11909718
0.1442513,0.14749193
0.16845167,0.19584714
0.18912242,0.21719503
0.22076641,0.2775301
0.24228781,0.29044324
0.248109,0.2966898
0.2665477,0.3136621
0.28502458,0.33173123
0.2835936,0.33856788
0.28555828,0.3380747
0.31643397,0.33340284
0.30526578,0.3226957
0.28567436,0.31978655
0.25302497,0.29570478
0.223863,0.27159032
0.19038674,0.23946294
0.15371023,0.19401194
0.1179057,0.08381516
0.09054129,0.07345532
0.08149108,0.05386831
0.07640895,0.051628448
0.08194394,0.061678875
0.097892165,0.056679953
0.12308157,0.068876095
0.15633413,0.09811813
0.17858417,0.12844506
0.20088333,0.15800434
0.22664613,0.19791907
0.23548801,0.21610525
0.24034841,0.23059845
0.25412908,0.24794805
0.24972104,0.2494064
0.23603709,0.2638042
0.2341954,0.26281944
0.23109733,0.25992134
0.21911916,0.2602274
0.21317099,0.25993493
0.20400423,0.24853635
0.1918113,0.22112262
0.16907714,0.18325323
0.13423933,0.14842512
0.10934307,0.08078416
0.08470126,0.065996386
0.077545315,0.059883267
0.07725614,0.053479075
0.07503451,0.058724094
0.09761539,0.07359105
0.12138968,0.088919066
0.15515015,0.11232612
0.17514484,0.13568765
0.20444866,0.15881972
0.22938311,0.18545482
0.24628566,0.19365314
0.24663584,0.19683394
0.26412815,0.20509043
0.2644962,0.20867871
0.25947458,0.20689179
0.25395992,0.21313411
0.250717,0.20947583
0.2437565,0.19763856
0.2231418,0.19760545
0.21154805,0.183703
0.20889688,0.16818915
0.181963,0.14023015
0.14258967,0.10865788
0.10668346,0.0891521
0.0824583,0.06905674
0.06853082,0.062074207
0.061247397,0.061223432
0.05532255,0.069210276
0.059533183,0.07126595
0.058120545,0.086822994
0.089959964,0.122526325
0.11569846,0.14714824
0.14103319,0.18730605
0.17026906,0.21822599
0.1981627,0.23447394
0.22334369,0.24667966
0.23944071,0.27020597
0.2621436,0.26161534
0.2831457,0.26994243
0.30583173,0.28268734
0.31224516,0.26505235
0.3105592,0.25432056
0.29863858,0.25809324
0.2714701,0.24851716
0.25407848,0.2146943
0.22431883,0.16862386
0.17683128,0.14247726
0.14114727,0.123071834
0.114078976,0.09994939
0.0906519,0.090353
0.075463556,0.08317989
0.06864788,0.08378564
0.06483157,0.092533566
0.06372199,0.09532049
0.081884414,0.13561685
0.12066948,0.16579801
0.16138749,0.21071628
0.20391643,0.26236176
0.24611454,0.28860936
0.28419426,0.32576892
0.32043082,0.34647638
0.3534954,0.34723103
0.34842518,0.374529
0.32440287,0.3732402
0.2996331,0.36442113
0.28050295,0.348237
0.27351815,0.3496684
0.26213965,0.3294369
0.24982123,0.2960965
0.23271976,0.24338594
0.18835807,0.20619832
0.16271234,0.1430324
0.1378617,0.12145685
0.12221455,0.11039448
0.1152828,0.10534963
0.123029985,0.11260159
0.15742238,0.1152715
0.19008617,0.12056789
0.21037202,0.16628979
0.24700586,0.20195666
0.2713734,0.23903471
0.2723421,0.29768455
0.26539597,0.31408316
0.26388562,0.32875597
0.25722715,0.35899973
0.24352834,0.3656859
0.24047191,0.37840074
0.23411901,0.39529943
0.22742684,0.3714936
0.21519919,0.35304382
0.19777383,0.3525254
0.18578476,0.33511233
0.18688491,0.2952055
0.1605532,0.24686158
0.12047653,0.19825862
0.0896078,0.08396751
0.073814325,0.06218366
0.066993184,0.055663764
0.05322492,0.053196907
0.059596177,0.058454428
0.07808746,0.08530218
0.10800384,0.10752561
0.14073956,0.14297561
0.17468305,0.16858158
0.19369018,0.19225751
0.21216756,0.21436173
0.22400883,0.22678062
0.24180818,0.23229972
0.24452284,0.24726781
0.25487408,0.24615633
0.2556687,0.24040766
0.24840164,0.25059614
0.22757515,0.23919687
0.21610738,0.22855864
0.20468079,0.22766608
0.19750004,0.20921877
0.19286084,0.19160558
0.16694728,0.14812586
0.12838095,0.117540695
0.10857376,0.08860731
0.090698026,0.07270719
0.07916925,0.06816063
0.07150837,0.06645355
0.07933046,0.065580904
0.110635675,0.08595673
0.14009672,0.10103702
0.1620928,0.13541132
0.18685713,0.15893511
0.2082957,0.18920255
0.22446169,0.21384948
0.23514973,0.22330004
0.23949677,0.2217283
0.2457713,0.2440213
0.24764721,0.24476057
0.24300554,0.22970523
0.2441533,0.24506187
0.24326049,0.24170658
0.23114692,0.22159466
0.22598544,0.22317293
0.21671003,0.21140555
0.20853081,0.18666191
0.17791754,0.15131342
0.13416742,0.115969345
0.09666305,0.11061883
0.0770369,0.08719045
0.06684686,0.08642471
0.057345282,0.07400066
0.06671443,0.082192704
0.08111262,0.100420825
0.11266783,0.12446975
0.14601909,0.15951853
0.16710699,0.20352727
0.1934392,0.21588385
0.21221171,0.26852128
0.21961318,0.28688586
0.231262,0.27290478
0.24700785,0.29946953
0.25659922,0.3157292
0.26021165,0.3162847
0.26993248,0.3190592
0.27132973,0.30187616
0.26650456,0.2902702
0.25114757,0.28487706
0.24736845,0.26848605
0.22673738,0.24374457
0.19306421,0.20658903
0.15834297,0.16670191
0.15728499,0.092496306
0.15622701,0.081056885
0.15516903,0.078440025
0.15411104,0.08002877
0.15305308,0.07612966
0.1519951,0.0927803
0.15093711,0.09801121
0.14987913,0.1471012
0.14882115,0.16869004
0.14776316,0.20372349
0.14670518,0.23450813
0.1456472,0.2544992
0.14458923,0.25715017
0.14353125,0.28092587
0.14247327,0.27453214
0.14141528,0.26928028
0.1403573,0.27769122
0.13929932,0.27344772
0.13824134,0.25789842
0.13718335,0.2565245
0.13612539,0.2515425
0.1350674,0.21547185
0.13400942,0.18157914
0.13295144,0.1473902
0.13189346,0.08130556
0.13083547,0.06498045
0.12977749,0.05834472
0.12871951,0.05132877
0.12766153,0.054281544
0.12660356,0.062056374
0.12554558,0.06865742
0.124487594,0.09254324
0.12342961,0.108563125
0.12237163,0.14080995
0.12131365,0.17131974
0.12025567,0.18867615
0.11919769,0.19758673
0.11813971,0.21357
0.117081724,0.21134351
0.11602375,0.22527967
0.11496577,0.22214323
0.113907784,0.21993387
0.1128498,0.2124675
0.11179183,0.21003042
0.110733844,0.19980875
0.10967586,0.17901357
0.10861788,0.14637902
0.107559904,0.11765033
0.10650192,0.07609606
0.08270135,0.060916897
0.069885425,0.060367867
0.055484746,0.05642441
0.048547044,0.05507237
0.049213186,0.061241683
0.04774698,0.057498746
0.064895056,0.09592587
0.09270042,0.1100187
0.12317036,0.15401411
0.1494862,0.18503457
0.17095156,0.20649254
0.19741571,0.22347867
0.22129565,0.24503243
0.25144914,0.23375365
0.27141207,0.25048277
0.29884642,0.25538725
0.3260774,0.24695727
0.33281174,0.23625465
0.31955436,0.236894
0.29030412,0.23202205
0.2766673,0.19756481
0.23891594,0.15968454
0.19567719,0.13391119
0.14911915,0.1589152
0.11667311,0.13051133
0.09864164,0.124354735
0.08874573,0.10872638
0.08581282,0.10127658
0.09841149,0.12717855
0.12067939,0.14346965
0.16581537,0.18273877
0.19837153,0.22817916
0.24090494,0.25707367
0.29491454,0.31213984
0.34987998,0.3378299
0.39453283,0.37388274
0.44701025,0.4008511
0.49636877,0.40510207
0.5286839,0.42364332
0.5149523,0.42506033
0.51372665,0.41681448
0.4977338,0.39372006
0.49101683,0.3851193
0.47913936,0.37117058
0.44813123,0.3410293
0.3988878,0.2898493
0.32940167,0.23255174
0.26597878,0.23474392
0.22520421,0.1975698
0.19232318,0.19063263
0.17821811,0.176614
0.17794035,0.1775589
0.19960462,0.18959896
0.22472556,0.20693389
0.25919682,0.2601996
0.29209968,0.31863934
0.32216933,0.3603082
0.35271367,0.42003566
0.36656082,0.44968534
0.38755494,0.48410192
0.41989982,0.52620804
0.45665717,0.5334207
0.47434342,0.54761446
0.44472516,0.57508826
0.43368542,0.5235331
0.44697455,0.49761143
0.42662424,0.48695007
0.40032724,0.4772097
0.38690865,0.43997127
0.33957535,0.36994588
0.28165618,0.31126818
0.22705632,0.18543705
0.20133272,0.16393216
0.17396234,0.14680779
0.15395874,0.1411104
0.14851998,0.14423622
0.16967185,0.15706746
0.2008873,0.17205277
0.24710408,0.2282309
0.29761732,0.27743545
0.344155,0.31322557
0.38407642,0.36708388
0.40146062,0.39277685
0.42053768,0.417841
0.45950824,0.45062947
0.47024986,0.4556921
0.48085853,0.4658236
0.47186288,0.4877911
0.47673917,0.45215353
0.44200602,0.4328777
0.39447927,0.42746317
0.35426718,0.41726318
0.33602244,0.3832844
0.27815136,0.326558
0.22347958,0.26397678
0.18285234,0.18574613
0.14773181,0.16359654
0.12193232,0.14028452
0.10952858,0.13278303
0.116982624,0.14003631
0.1342304,0.14110036
0.16461354,0.16060929
0.19293773,0.20916943
0.2243248,0.26260138
0.24669288,0.297111
0.26802185,0.3554727
0.27438268,0.3842622
0.29384664,0.4094911
0.32414198,0.44803882
0.34433705,0.4538756
0.35207382,0.4724992
0.36128622,0.49196663
0.349751,0.459156
0.32367772,0.44773144
0.29777554,0.4350259
0.2825262,0.42829457
0.2614626,0.39445317
0.2281143,0.3407358
0.18415536,0.2810222
0.14519422,0.13607445
0.12759528,0.119898826
0.107351586,0.099588886
0.10460766,0.096560985
0.108282104,0.101894915
0.12989874,0.08859144
0.15516354,0.093394406
0.19548127,0.12172844
0.22930226,0.16456163
0.25148186,0.19456175
0.28020933,0.26532134
0.31967738,0.2828995
0.35019195,0.2804297
0.3603215,0.31143686
0.3484187,0.33282346
0.36434165,0.34435233
0.37088552,0.3500411
0.37938517,0.34910282
0.39060393,0.34554487
0.3656015,0.33116978
0.33641973,0.3097602
0.32425508,0.27642477
0.2878206,0.25432885
0.23133937,0.20954761
0.20068641,0.2068933
0.17645529,0.16916211
0.1606271,0.15652181
0.14538321,0.14871174
0.13802141,0.13543047
0.14416897,0.14044803
0.15183978,0.14395995
0.1748274,0.17042841
0.19604822,0.19605038
0.23774534,0.2490702
0.26578087,0.29382598
0.29051346,0.31140384
0.30361855,0.33795553
0.32108605,0.37940904
0.34124294,0.37730718
0.3526755,0.39165092
0.36955324,0.40944186
0.37988514,0.40199867
0.39142385,0.37313133
0.36790302,0.35720775
0.33827382,0.34661514
0.32282904,0.31862047
0.28843763,0.27892065
0.2463174,0.23267229
0.19898163,0.168712
0.1704997,0.14244856
0.14561732,0.12760478
0.13142398,0.10710703
0.1285501,0.099521995
0.12320409,0.10434354
0.12376458,0.09427794
0.14954473,0.11294151
0.19799654,0.1628405
0.2592747,0.18582016
0.31913772,0.26157898
0.36104664,0.29045153
0.4072575,0.31769946
0.4563799,0.3507496
0.48825455,0.38030267
0.5278144,0.40196067
0.5197383,0.39125136
0.52148527,0.39504734
0.49863258,0.37382707
0.4909439,0.35628062
0.46838534,0.34626892
0.45101953,0.3219326
0.40712407,0.28749922
0.3454263,0.22864062
0.28510544,0.27444246
0.24555752,0.24076639
0.21788657,0.21691945
0.2000912,0.19567129
0.20789741,0.19871783
0.22858353,0.182052
0.2548721,0.19699106
0.29929978,0.2258814
0.33348483,0.30375332
0.37591904,0.3457628
0.42113635,0.41772014
0.44170195,0.45932952
0.4796572,0.50184464
0.5259543,0.5524018
0.51655495,0.5771301
0.4504858,0.59922457
0.40712306,0.6157799
0.4105019,0.58164203
0.411794,0.5593022
0.3822164,0.5317908
0.35794064,0.51887405
0.3367719,0.47686452
0.29766592,0.4061597
0.23978841,0.33808878
0.19160643,0.19067755
0.15418889,0.16431634
0.13445014,0.129217
0.118998416,0.12923759
0.12743457,0.1201545
0.1545852,0.14135708
0.19133264,0.17187564
0.2235386,0.19987978
0.25651193,0.24393812
0.2789321,0.27294093
0.2917475,0.30324805
0.3070043,0.32244727
0.31520435,0.36555377
0.32326603,0.39237574
0.32013172,0.3965156
0.3290366,0.4078615
0.29319933,0.4228556
0.28148407,0.42131123
0.30130365,0.40494773
0.29648244,0.37409693
0.28724474,0.35708892
0.27297747,0.34145677
0.24047936,0.28614128
0.20210053,0.21841545
0.16504607,0.16264212
0.14018402,0.13540153
0.122780494,0.13163935
0.11414693,0.10919757
0.115264945,0.10797517
0.13263623,0.13634498
0.16669182,0.15203136
0.21322854,0.19788516
0.23645423,0.24369413
0.25117087,0.26463577
0.27236938,0.3168455
0.27884084,0.35074407
0.28923273,0.36963668
0.30709657,0.40268818
0.3252679,0.4128824
0.34484148,0.42669374
0.3231807,0.43523586
0.3226847,0.41300833
0.29996246,0.3895732
0.30960888,0.3711564
0.2977527,0.36864734
0.28799766,0.3474608
0.24745476,0.2918848
0.1994821,0.23591731
0.14044641,0.17129001
0.11855002,0.14270478
0.100927256,0.12830174
0.07821791,0.11302045
0.079662785,0.11606182
0.10079284,0.12566212
0.13006045,0.14655937
0.16328621,0.17690887
0.1902697,0.22775036
0.22160368,0.25751734
0.2547848,0.31879237
0.29372263,0.34072363
0.32329082,0.36093906
0.36466852,0.4002322
0.40178797,0.41644615
0.4019224,0.42840007
0.42470962,0.443372
0.4468084,0.4282639
0.4299594,0.40471694
0.43342552,0.38901764
0.40544158,0.37445325
0.3649225,0.3451928
0.3081,0.2980054
0.2604919,0.24104275
0.21395817,0.22418454
0.17664428,0.18446247
0.14357178,0.17186509
0.1322801,0.14964236
0.12996522,0.14628449
0.14789748,0.1608733
0.1726871,0.17617215
0.21646649,0.2137338
0.26546937,0.2647284
0.33299726,0.2992026
0.36675426,0.36244205
0.395693,0.39565605
0.4067342,0.43390995
0.4268261,0.47937238
0.41418082,0.49019384
0.41050786,0.51408255
0.42918316,0.5291492
0.44709706,0.50163996
0.44529456,0.469928
0.407566,0.45246702
0.40621835,0.44817677
0.39896616,0.4215368
0.35384408,0.35977048
0.29388234,0.29525226
0.244379,0.23211953
0.20683396,0.19686042
0.17991844,0.16919172
0.16421822,0.15214835
0.16968822,0.14553332
0.16795714,0.14916003
0.18016496,0.16157849
0.20080842,0.18638065
0.23197675,0.23308782
0.28520316,0.27344888
0.3698206,0.32988748
0.4492051,0.36077955
0.44836485,0.40883175
0.41431224,0.44992363
0.4403657,0.46185452
0.44327778,0.48818547
0.45870322,0.49862796
0.43600875,0.49198022
0.4568377,0.46362376
0.42862165,0.43722963
0.3831697,0.42742056
0.36509955,0.40371704
0.3322423,0.34995067
0.2943848,0.28298008
0.25165597,0.2129114
0.21746497,0.17619969
0.18989818,0.15693988
0.16910243,0.14118856
0.16292264,0.14330262
0.16539177,0.12455177
0.1698896,0.13540465
0.18726982,0.1573356
0.20840582,0.21157314
0.23841894,0.25250533
0.26836556,0.32830593
0.29167262,0.35129407
0.31201205,0.38093024
0.32031524,0.44430244
0.34111646,0.46598408
0.34089673,0.48154908
0.35048112,0.5146821
0.3906813,0.4849246
0.42236796,0.45610887
0.40905204,0.43573958
0.38668397,0.43183574
0.3350711,0.3979796
0.2845276,0.34099907
0.2353402,0.27828455
0.1991344,0.2006171
0.1652896,0.16657542
0.14244534,0.16525252
0.13136347,0.13633451
0.13852486,0.13135578
0.15894413,0.13628224
0.18147443,0.14272092
0.21115322,0.16741838
0.24931133,0.23847367
0.2786687,0.26451898
0.3093708,0.36568546
0.32409734,0.38806465
0.33490738,0.40974393
0.3443445,0.46294487
0.3198123,0.5011927
0.34729972,0.51301205
0.36446765,0.5239123
0.3770807,0.5095446
0.3774309,0.48076305
0.40154493,0.46322083
0.37919122,0.44685423
0.35968313,0.40880388
0.32660517,0.36589026
0.27663952,0.30101267
0.2262617,0.22175026
0.19325319,0.17385434
0.17122486,0.1763176
0.15265223,0.15652326
0.15175645,0.15127203
0.16210273,0.1793827
0.1676531,0.19594029
0.18426399,0.2449775
0.22017616,0.29077524
0.26612112,0.32060218
0.31679755,0.38571697
0.34811416,0.4128626
0.3983769,0.43361843
0.438712,0.4768452
0.46403632,0.49333358
0.453946,0.49986708
0.48928425,0.5187013
0.5073539,0.47978026
0.50640804,0.4519597
0.48422843,0.44137013
0.46525204,0.41932407
0.43422806,0.39691544
0.39816114,0.33111465
0.3533059,0.27393207
0.29686487,0.29653338
0.25302693,0.2514327
0.2180453,0.237071
0.19812204,0.2098614
0.19235592,0.19828692
0.20917563,0.22058927
0.24901272,0.21762778
0.3021474,0.2694705
0.3661283,0.3217127
0.43573147,0.3662749
0.5065757,0.43245646
0.52050465,0.48153126
0.5692258,0.534195
0.5994656,0.5716159
0.6384292,0.5829728
0.6667222,0.6078634
0.68845534,0.6053946
0.6997396,0.58831453
0.69731855,0.5608591
0.66009647,0.52914184
0.60659176,0.50898594
0.59470487,0.47099388
0.5377986,0.40325332
0.46303737,0.34271815
0.3924357,0.34574503
0.3388358,0.30497065
0.29872093,0.29260796
0.27127022,0.26741517
0.2503475,0.24875635
0.25380865,0.2769102
0.29014888,0.2774328
0.34924605,0.33856466
0.42419475,0.39602375
0.502866,0.45029807
0.5704604,0.5085289
0.6247443,0.56535834
0.6754197,0.6168387
0.68023896,0.6390991
0.7011805,0.64769965
0.716101,0.67180926
0.72825176,0.66453266
0.7229459,0.6541444
0.6745194,0.6118277
0.6479898,0.57803077
0.60021603,0.5486053
0.552352,0.5078228
0.49500474,0.4318018
0.4286167,0.3798083
0.37029824,0.35455674
0.32176012,0.31012282
0.29355696,0.28985393
0.27178705,0.27216798
0.26692864,0.25543755
0.28677353,0.2691918
0.3093053,0.27031767
0.35323697,0.32970414
0.39820677,0.38668093
0.4400036,0.4418089
0.4754396,0.50732124
0.49653742,0.56193894
0.5411139,0.6094246
0.59249616,0.6441995
0.6187703,0.6548734
0.6396221,0.68470085
0.641627,0.68521756
0.6358371,0.6644223
0.6132869,0.6290671
0.5714246,0.5928815
0.5121454,0.5667978
0.45920518,0.5275464
0.41275427,0.44889832
0.35405242,0.39298502
0.29891983,0.27460378
0.24005924,0.23523743
0.20015568,0.22311257
0.17575295,0.20455396
0.16814066,0.19584729
0.16399401,0.20288594
0.16241422,0.1924827
0.17712243,0.25157145
0.23243308,0.30684346
0.28221667,0.35225055
0.34030744,0.44020128
0.37290725,0.48525614
0.42202026,0.52014905
0.45599154,0.5691415
0.49601412,0.59160084
0.49344677,0.62230873
0.5013428,0.62633526
0.5005328,0.5954839
0.48989385,0.557604
0.5069234,0.5426273
0.48957938,0.52949756
0.46505216,0.48676416
0.4218521,0.41740113
0.3763992,0.35299578
0.33246306,0.26932254
0.28812018,0.22832379
0.25632542,0.21698165
0.22452964,0.182334
0.2112554,0.1755909
0.20882198,0.17947938
0.20964287,0.17792585
0.2189396,0.21378121
0.24089055,0.2866978
0.25674355,0.30767038
0.2757576,0.41310582
0.282546,0.4571873
0.29540214,0.4890934
0.31765217,0.5443708
0.35758996,0.5821512
0.404581,0.6092906
0.43130705,0.6052128
0.41037145,0.582811
0.38800335,0.56080997
0.3729043,0.5317127
0.34803084,0.5205639
0.34842667,0.49126774
0.315126,0.43569762
0.26992851,0.35329387
0.21583706,0.23212329
0.18842404,0.19389237
0.16673249,0.18643527
0.1538273,0.15359542
0.15358177,0.15030809
0.17662196,0.15287687
0.20294623,0.16200632
0.24168368,0.17632684
0.26866516,0.24366061
0.3017476,0.2593758
0.33999595,0.34868354
0.37352628,0.3809323
0.4143802,0.38745037
0.4436979,0.43622965
0.47757792,0.47664267
0.47017,0.49051452
0.4919662,0.4922818
0.5140962,0.48258433
0.50286007,0.45910382
0.47064468,0.42295468
0.4448288,0.4150416
0.42061755,0.3921891
0.37599742,0.36010665
0.31037372,0.29962492
0.2462574,0.25746188
0.20629182,0.21871868
0.17962332,0.20522006
0.16527769,0.17942989
0.1533417,0.17744318
0.16718635,0.17678395
0.19414403,0.1825518
0.2534059,0.22201295
0.29984936,0.28798836
0.345774,0.32551482
0.4054411,0.407012
0.44523007,0.4525565
0.48933387,0.48591802
0.5039979,0.5380619
0.5443444,0.562363
0.5762974,0.5851907
0.59990954,0.593405
0.6074325,0.5674647
0.5969553,0.5367684
0.56548685,0.51108485
0.5356846,0.50296247
0.49832952,0.46369588
0.44581586,0.3987041
0.37398508,0.3363826
0.30436704,0.29721588
0.26544705,0.26096115
0.2343184,0.23073633
0.2271342,0.20779401
0.22275542,0.20166302
0.23459865,0.20947309
0.25275463,0.22213839
0.31525892,0.26117828
0.3564804,0.32948902
0.39724898,0.3751842
0.46022946,0.4474246
0.52806485,0.4944931
0.5417235,0.5498438
0.56766784,0.5841077
0.5942039,0.6057658
0.61507255,0.6337983
0.64153373,0.6340466
0.65093464,0.63145554
0.6284718,0.6003356
0.59502727,0.56428546
0.5589286,0.53295445
0.5337308,0.49890453
0.48441643,0.42749995
0.41185054,0.36380297
0.33839235,0.3573936
0.29315072,0.316664
0.2680516,0.28403962
0.2522358,0.2590512
0.23841397,0.2512767
0.2432466,0.24854702
0.28135014,0.25799015
0.33071363,0.30369797
0.39696032,0.38382804
0.45774144,0.43271497
0.51083493,0.5159223
0.5588453,0.5775444
0.61563355,0.6369305
0.6666641,0.6778246
0.6997213,0.70512277
0.6907623,0.7352371
0.7129345,0.73576283
0.7178584,0.7248403
0.7081663,0.69345665
0.6932364,0.6471149
0.61549866,0.61695915
0.517043,0.57323974
0.4631068,0.49301612
0.39429426,0.42748144
0.32967597,0.36883304
0.29513925,0.31346798
0.26139116,0.28897053
0.25133407,0.26777643
0.25021952,0.26192325
0.26585525,0.24357608
0.2906151,0.2585102
0.31969425,0.2972111
0.35846096,0.38594586
0.38963076,0.43211654
0.43183085,0.54192156
0.48781556,0.5829302
0.5523729,0.62257063
0.60191387,0.70164055
0.57654196,0.7422009
0.58969367,0.7528112
0.61303496,0.7864782
0.6197941,0.74307895
0.6017651,0.7043858
0.5598616,0.6713577
0.5304239,0.6470952
0.49368882,0.59919435
0.43296176,0.52107364
0.37289336,0.43726048
0.3157366,0.29493764
0.27187485,0.24847433
0.23531193,0.2364196
0.21328954,0.20782074
0.19653876,0.19588947
0.19533445,0.19569753
0.20090069,0.18690106
0.23206504,0.22874603
0.296103,0.29025418
0.37548205,0.3371841
0.45316526,0.43047935
0.51040936,0.4757019
0.55592084,0.5284751
0.57442844,0.584337
0.60117185,0.6083474
0.6258087,0.6409093
0.60387015,0.64929324
0.58150154,0.62220013
0.53901184,0.58827245
0.53327346,0.5617669
0.50899476,0.5534314
0.4636509,0.5141573
0.41478744,0.4463945
0.36655784,0.37559125
0.3205201,0.28244236
0.28149003,0.24115324
0.24731489,0.2285062
0.23238645,0.21086204
0.22046037,0.2016212
0.22402272,0.1934292
0.22855923,0.18998867
0.23900224,0.23191941
0.26690334,0.27903643
0.3113573,0.3282435
0.3677686,0.40062034
0.4191662,0.44058543
0.46611065,0.4709017
0.510453,0.53171957
0.5499746,0.54942274
0.57451326,0.5625626
0.55860174,0.58859897
0.54673916,0.55568445
0.5369092,0.5199555
0.5289026,0.4931432
0.5060281,0.4982403
0.48492682,0.4521377
0.43046334,0.39690125
0.36160418,0.33290282
0.3126132,0.32296172
0.2681612,0.2764165
0.23142022,0.26908696
0.2134304,0.2287089
0.21439962,0.22041361
0.24810702,0.23858011
0.2716323,0.24061032
0.30287552,0.28367066
0.34966123,0.35790226
0.40678975,0.38976586
0.46338308,0.47910997
0.5051075,0.5312454
0.5465462,0.5690546
0.55935717,0.60965335
0.58273363,0.6439037
0.56659895,0.66741455
0.54092443,0.66606665
0.5112402,0.6420485
0.4518682,0.6059532
0.4284441,0.5687362
0.40597233,0.5521178
0.3791446,0.5223681
0.3335141,0.45399767
0.28398892,0.3887761
0.22947685,0.23727593
0.19291441,0.1882047
0.1746771,0.19657764
0.16093165,0.17448497
0.16728951,0.16661717
0.19023547,0.18343396
0.22408372,0.19227779
0.25761157,0.23708484
0.28409308,0.29195482
0.31378925,0.3172011
0.3507227,0.3990783
0.36819914,0.43324432
0.40311977,0.43357053
0.4301072,0.485649
0.47211882,0.51347363
0.47635722,0.51810664
0.501932,0.5229186
0.52774644,0.4900799
0.5083628,0.45694897
0.50759697,0.44396815
0.48121417,0.42396283
0.46108952,0.39493287
0.4049659,0.33441842
0.34598035,0.28001824
0.297158,0.2903038
0.24806188,0.24532185
0.22258726,0.22482766
0.21108973,0.20622286
0.2160057,0.20853993
0.23629203,0.20699853
0.26707745,0.23569086
0.29710296,0.2684241
0.34278452,0.34276626
0.3747683,0.3659628
0.40111688,0.4457478
0.4234304,0.48383138
0.46448472,0.49534938
0.509211,0.5485548
0.554908,0.5868873
0.569574,0.5839726
0.5470353,0.6052195
0.563166,0.5740272
0.5560686,0.5521384
0.547138,0.51328427
0.5055866,0.48985827
0.47607747,0.46053272
0.40888986,0.3984515
0.33900493,0.33017024
0.28114182,0.29488757
0.23199262,0.25496107
0.1989355,0.23535682
0.18272933,0.21380657
0.18021555,0.20905516
0.18990116,0.22246021
0.22370626,0.2397644
0.26532206,0.28409886
0.31126752,0.35080364
0.3530961,0.3843812
0.39181024,0.45053196
0.43258083,0.49130285
0.48397347,0.5199837
0.5410782,0.5599827
0.5911872,0.5829767
0.626022,0.59362924
0.6503394,0.60397565
0.66909903,0.5831864
0.64820457,0.5510426
0.609237,0.5189218
0.5806569,0.49473685
0.548812,0.4619133
0.41208565,0.39341205
0.32089758,0.32991076
0.3189903,0.2945352
0.317083,0.25459188
0.31517574,0.23474093
0.31326845,0.21111947
0.31136116,0.21110056
0.3094539,0.22140662
0.30754662,0.2298699
0.30563933,0.27805215
0.30373207,0.3380214
0.30182478,0.38051838
0.29991752,0.44415733
0.29801023,0.49848172
0.29610294,0.5402114
0.29419568,0.5772588
0.2922884,0.59597915
0.2903811,0.6211576
0.28847384,0.62635577
0.28656656,0.5935687
0.28465927,0.56430537
0.282752,0.5328679
0.28084472,0.52038974
0.27893743,0.4877176
0.27703017,0.4119022
0.27512288,0.35630178
0.2732156,0.1747385
0.27130833,0.1454842
0.26940104,0.14006428
0.26749375,0.12078071
0.2655865,0.1125913
0.2636792,0.13767381
0.26177192,0.15154916
0.25986466,0.1796799
0.25795737,0.2192193
0.2560501,0.23540577
0.25414282,0.29098675
0.25223553,0.3218416
0.25032827,0.32203105
0.24842098,0.34771103
0.24651371,0.36923862
0.24460642,0.3772194
0.24269915,0.36620542
0.24079187,0.37235123
0.23888458,0.35215652
0.23697731,0.32542467
0.23507003,0.30732846
0.23316276,0.2887728
0.23125547,0.25471577
0.2293482,0.20791905
0.22744092,0.113880515
0.22553363,0.08759427
0.22362636,0.082470685
0.22171909,0.07311043
0.2198118,0.064593315
0.21790452,0.09333768
0.21599725,0.104995124
0.21408997,0.13663206
0.21218269,0.15607363
0.21027541,0.18458699
0.20836814,0.21998161
0.20646085,0.23648089
0.20455357,0.25033778
0.2026463,0.27218843
0.20073901,0.27441528
0.19883174,0.27914047
0.19692446,0.27765754
0.19501719,0.29130962
0.1931099,0.26643547
0.19120263,0.2578404
0.18929535,0.23898312
0.18738806,0.21527734
0.18548079,0.17934829
0.18357351,0.14165862
0.18166623,0.12293053
0.17975895,0.09430826
0.17785168,0.09132124
0.17594439,0.08783531
0.17403711,0.0866019
0.17212984,0.103332885
0.17022257,0.11675133
0.16831528,0.15829182
0.166408,0.18557018
0.16450073,0.21687594
0.16259344,0.26720205
0.16068617,0.285587
0.15877889,0.29428455
0.1568716,0.32101387
0.15496433,0.3322143
0.15305705,0.33473006
0.15114978,0.34199345
0.14924249,0.33314714
0.14733522,0.3227254
0.14542794,0.31573355
0.14352065,0.28688043
0.14161338,0.26086995
0.1397061,0.21513765
0.13779882,0.17964794
0.13589154,0.07725331
0.10587496,0.062306006
0.079878055,0.057180263
0.072558425,0.047919467
0.06731956,0.055708125
0.071608566,0.063723385
0.079050705,0.0731825
0.08740105,0.10052213
0.12079943,0.13131428
0.16968326,0.15838075
0.21820848,0.20323563
0.26529378,0.22032277
0.3072181,0.23004803
0.34623033,0.24349022
0.39401302,0.25331637
0.43915644,0.26064697
0.4699076,0.26090825
0.49108627,0.2585179
0.48888052,0.25057355
0.4475906,0.2495039
0.42177722,0.23154415
0.3889135,0.2076254
0.34118935,0.17386848
0.2896499,0.14414495
0.2355133,0.23709187
0.20102072,0.18938278
0.1772003,0.19071116
0.15921743,0.16090013
0.13941273,0.15647824
0.13865532,0.18427162
0.14405587,0.20293526
0.16158788,0.25562048
0.20431572,0.2993797
0.27689248,0.34224975
0.35411194,0.388673
0.42741337,0.42844725
0.48069733,0.48004273
0.5204685,0.5296134
0.5616463,0.5257704
0.59321636,0.5514768
0.6169207,0.58143955
0.59616566,0.5277226
0.5778266,0.4826351
0.54881644,0.46827048
0.52261865,0.48192936
0.47848114,0.45219412
0.42288977,0.36731887
0.3692219,0.30656335
0.31858218,0.24690598
0.2713109,0.20350091
0.23870464,0.20099878
0.21978281,0.17747293
0.20615046,0.17315456
0.20578986,0.18226244
0.20972422,0.19077665
0.21367246,0.2612158
0.2691458,0.30511516
0.34461778,0.36133173
0.41028166,0.4258679
0.48561925,0.47442487
0.5483175,0.53379476
0.59680945,0.6033793
0.63729334,0.5962168
0.6748612,0.62943506
0.7029845,0.66709006
0.70521605,0.6052202
0.67212224,0.5581821
0.6199002,0.5485335
0.5857147,0.56280994
0.525625,0.5135523
0.45332298,0.41738605
0.37861982,0.35175204
0.3158447,0.25600085
0.2749119,0.209825
0.2421405,0.20731941
0.21610837,0.18887457
0.21197958,0.18375006
0.2279412,0.19588907
0.26934123,0.20701708
0.30268207,0.27455768
0.35582465,0.3360573
0.43555886,0.38537374
0.5072002,0.4823803
0.5663306,0.5178563
0.62861466,0.565148
0.67393166,0.6301826
0.6891379,0.64783216
0.7107054,0.67010176
0.7317353,0.70068747
0.7328984,0.6482582
0.7070042,0.6096653
0.67386174,0.6042458
0.6403959,0.5859662
0.58105564,0.53623664
0.5028075,0.44869232
0.41668168,0.37954596
0.34301716,0.2986305
0.30321577,0.24114849
0.2771162,0.23146035
0.25053698,0.2129277
0.23969269,0.21497098
0.2605787,0.20271243
0.29885584,0.22867209
0.328738,0.27641052
0.3822268,0.36438665
0.4520557,0.40320906
0.52796316,0.51768905
0.60993487,0.548692
0.6666894,0.5721186
0.686138,0.6637287
0.71563625,0.69613004
0.7434307,0.7043418
0.7530935,0.74815863
0.746625,0.6856841
0.7165519,0.64434886
0.6704229,0.6308411
0.6355598,0.6127412
0.58742,0.55883896
0.51019704,0.47189307
0.44178578,0.38874927
0.38161373,0.3324609
0.33866468,0.27637494
0.2994079,0.26009488
0.27764097,0.23342219
0.28213185,0.232995
0.29652658,0.23092854
0.32965165,0.24848956
0.36412144,0.2877611
0.38153982,0.37537354
0.40419313,0.41378388
0.4209092,0.5100107
0.42332724,0.55404216
0.43387988,0.6011243
0.46619248,0.6601652
0.52698106,0.69580156
0.5750445,0.7112057
0.6064405,0.72827035
0.56523687,0.68488085
0.51441365,0.64791185
0.47280976,0.6230948
0.44390425,0.598894
0.39655307,0.5553258
0.3479981,0.4707073
0.29019898,0.39899054
0.22865497,0.22615477
0.18910258,0.18594533
0.17436759,0.18126433
0.17361861,0.1604938
0.17279127,0.14784025
0.19322392,0.16052428
0.24601534,0.15785076
0.29719767,0.18622254
0.3289627,0.23518634
0.34799662,0.26514447
0.381829,0.3465932
0.41613856,0.37973046
0.45341772,0.4059707
0.49659842,0.43304843
0.5017748,0.4607426
0.51463836,0.48700088
0.5173158,0.4663304
0.51025856,0.467029
0.47759625,0.44636866
0.4363366,0.42632967
0.4145672,0.39806354
0.37158588,0.36991537
0.32386073,0.326226
0.27097163,0.27591264
0.22035372,0.20451719
0.18951972,0.1678062
0.16445729,0.16091427
0.14627305,0.13960838
0.1460915,0.13370937
0.15007596,0.14833722
0.15685643,0.14775234
0.16916394,0.18179332
0.19054398,0.23150998
0.22124605,0.2563561
0.24609867,0.32655418
0.26785618,0.35521534
0.2881663,0.37763986
0.30309674,0.4138089
0.3241856,0.43840572
0.35140818,0.4625174
0.36805975,0.46391386
0.3768669,0.4425174
0.3596499,0.4159216
0.33661366,0.395688
0.33001524,0.39113358
0.30481145,0.36773878
0.27298293,0.31599468
0.2337837,0.25714442
0.20395164,0.1717644
0.17352189,0.14198075
0.15391558,0.13584761
0.14269085,0.115614906
0.13531965,0.11577067
0.13468674,0.10893388
0.1467899,0.11168379
0.15616648,0.1269491
0.17990704,0.17726962
0.21102525,0.1985428
0.23602618,0.28063226
0.2524848,0.301533
0.2668071,0.31041914
0.28599182,0.35091364
0.31356454,0.38333395
0.35983887,0.39570522
0.37215433,0.40012038
0.37836686,0.38631848
0.36572453,0.3746513
0.35628644,0.35424745
0.34756607,0.34019172
0.31930438,0.31746238
0.28343388,0.28668353
0.23616059,0.23254235
0.19215205,0.18640165
0.15914503,0.15578116
0.13793461,0.13976867
0.13015121,0.11581291
0.13449527,0.117292866
0.16033594,0.12219555
0.18594249,0.1406385
0.21915339,0.16757952
0.24155223,0.22141168
0.25998598,0.23745233
0.27689746,0.3052122
0.30472365,0.33733687
0.33635524,0.35671133
0.3612024,0.40402848
0.3968234,0.42864856
0.41705272,0.44325012
0.4322227,0.45609403
0.4271242,0.4376428
0.42119142,0.42086086
0.39570838,0.39067376
0.3700914,0.38648582
0.3156359,0.36804575
0.26119724,0.31910396
0.2071152,0.2525322
0.20591088,0.1493925
0.20470655,0.12564076
0.20350224,0.11766772
0.20229791,0.09564029
0.20109358,0.0936553
0.19988926,0.11740037
0.19868493,0.12557447
0.1974806,0.16330333
0.19627629,0.20287539
0.19507197,0.22808847
0.19386764,0.2867306
0.19266331,0.31723982
0.19145899,0.345791
0.19025466,0.36929452
0.18905035,0.385778
0.18784602,0.406196
0.1866417,0.4036386
0.18543737,0.40141028
0.18423304,0.38192925
0.18302873,0.36569822
0.1818244,0.35019505
0.18062007,0.328715
0.17941575,0.28160876
0.17821142,0.23216256
0.1770071,0.09396969
0.17580278,0.07558301
0.17459846,0.086031854
0.17339413,0.07209726
0.1721898,0.072740026
0.17098548,0.09154927
0.16978116,0.09780947
0.16857684,0.13908112
0.16737251,0.17795672
0.16616818,0.19409053
0.16496386,0.2616068
0.16375953,0.2835057
0.16255522,0.27455086
0.16135089,0.30030066
0.16014656,0.32473516
0.15894224,0.3231452
0.15773791,0.32426214
0.15653358,0.30930874
0.15532927,0.29569602
0.15412495,0.29364252
0.15292062,0.27345997
0.15171629,0.24634646
0.15051197,0.20920421
0.14930765,0.16990449
0.14810333,0.09047207
0.146899,0.06855787
0.14569467,0.069869034
0.14449035,0.06841327
0.14328602,0.07212262
0.14208171,0.10121869
0.14087738,0.12101543
0.13967305,0.16473445
0.13846873,0.18756053
0.1372644,0.21465647
0.13606007,0.24735427
0.13485576,0.2565062
0.13365144,0.26213735
0.13244711,0.27433228
0.13124278,0.27726004
0.13003846,0.27146262
0.12883414,0.28348598
0.12762982,0.26736668
0.12642549,0.25389102
0.12522116,0.26063165
0.12401684,0.23202404
0.12281252,0.20776014
0.12160819,0.16332544
0.12040387,0.13113163
0.119199544,0.07866037
0.11799522,0.060650725
0.1167909,0.053211898
0.11558657,0.055613965
0.114382245,0.06388842
0.113177925,0.08943687
0.1119736,0.11721507
0.11076927,0.1598726
0.10956495,0.18315725
0.108360626,0.209362
0.1071563,0.2284849
0.10595198,0.24087116
0.10474765,0.2488516
0.10354333,0.25854197
0.10233901,0.25048453
0.10113468,0.25125918
0.09993036,0.25831062
0.098726034,0.24072728
0.09752171,0.23419525
0.09631739,0.24100356
0.09511306,0.2242642
0.093908735,0.19865839
0.092704415,0.1528385
0.09150009,0.12689042
0.09029576,0.08146913
0.06879866,0.069202565
0.05523376,0.049385056
0.04153792,0.052372232
0.042173307,0.059943467
0.046993043,0.07479821
0.055274434,0.081442155
0.06325078,0.12520552
0.08512932,0.14509138
0.10293858,0.1776987
0.12796083,0.21159402
0.15179315,0.23469597
0.1625045,0.24930787
0.16545328,0.25427198
0.16613778,0.25151646
0.17869726,0.2716341
0.18725593,0.26028126
0.19250174,0.2611764
0.19592768,0.2601083
0.2020564,0.2598368
0.20398042,0.2391094
0.18254036,0.21106578
0.15495571,0.16651386
0.120895155,0.13704501
0.08852947,0.1285992
0.07893117,0.10687968
0.064642586,0.11150147
0.06303502,0.1081067
0.07266854,0.11196333
0.09442654,0.11375625
0.1356475,0.11017396
0.16033198,0.16246362
0.18693897,0.18107036
0.21673235,0.22733465
0.22353117,0.2694554
0.24313797,0.29363114
0.25759816,0.3019348
0.26363462,0.32993078
0.25786504,0.32500973
0.25658035,0.33450243
0.2599458,0.34844282
0.2526212,0.30828133
0.23933159,0.29040402
0.24077646,0.30221853
0.22805281,0.2999883
0.206891,0.2632385
0.1598553,0.21766342
0.113287345,0.1885099
0.08604346,0.09753749
0.06435788,0.07430528
0.051155068,0.08309297
0.048650708,0.084018216
0.04754064,0.08503714
0.082730114,0.12646694
0.12500857,0.14827068
0.14502905,0.21111111
0.16970608,0.2245405
0.19240054,0.25615072
0.2113298,0.2702318
0.21190369,0.28588778
0.22410952,0.28903922
0.23065586,0.2989927
0.23050062,0.2809889
0.23138848,0.27828655
0.23481046,0.29021797
0.23903498,0.256929
0.23010679,0.23737897
0.23222873,0.25215307
0.2212406,0.23794621
0.1993308,0.21223287
0.1606281,0.15720838
0.118583746,0.13136497
0.09135425,0.08531031
0.06867317,0.06748447
0.058366567,0.05631137
0.05650603,0.05497311
0.061500363,0.064388335
0.09059982,0.09187989
0.13473684,0.12611926
0.16033098,0.16087866
0.18426648,0.18901421
0.20490795,0.20833677
0.22315618,0.23029369
0.23326588,0.23680592
0.25283894,0.23519042
0.27166057,0.24997395
0.27653685,0.24794134
0.2773771,0.23917533
0.2539535,0.25420743
0.25188613,0.24134809
0.24455707,0.22863273
0.25396392,0.23041333
0.2592494,0.20988238
0.2323299,0.19002019
0.18568307,0.14906049
0.1439666,0.115559824
0.11132215,0.09161189
0.08598295,0.07065005
0.070347205,0.059890285
0.073039055,0.062062204
0.075102955,0.069279335
0.099032,0.092295066
0.13768314,0.12243722
0.16186316,0.15875986
0.1857659,0.19549908
0.2086454,0.21328333
0.24218515,0.24994609
0.26169968,0.255921
0.2738693,0.25732788
0.2880706,0.2672019
0.30549,0.2762673
0.3235914,0.26890162
0.33881348,0.2688013
0.32921815,0.26431996
0.30401286,0.26524404
0.29845062,0.27122346
0.28898373,0.2381579
0.24843289,0.2146046
0.19162777,0.17495894
0.14844061,0.13856813
0.118959226,0.099488586
0.09497612,0.07957946
0.07681122,0.0802673
0.07337882,0.076544374
0.07369627,0.083542086
0.104281284,0.09650277
0.14553003,0.10256275
0.16923785,0.14627475
0.19723417,0.17369056
0.21736278,0.20062926
0.24143021,0.24682778
0.2513782,0.26043358
0.26801887,0.2524054
0.27375326,0.26616976
0.2848252,0.27075517
0.29133186,0.27482042
0.29744568,0.27445737
0.29041573,0.25725687
0.26008567,0.2506907
0.24213009,0.2579662
0.22723687,0.23920491
0.19308059,0.21066472
0.16034883,0.17557187
0.12723169,0.14535597
0.09497166,0.08960827
0.07794163,0.07866225
0.064697154,0.06054066
0.05492723,0.059142902
0.052732877,0.06315116
0.059945863,0.07189705
0.07397056,0.07691759
0.077547796,0.09815305
0.098230444,0.11166016
0.12332512,0.13056803
0.15119198,0.15315682
0.1513656,0.16585246
0.16019508,0.16046202
0.15694918,0.1678083
0.14728293,0.17423773
0.14842474,0.16996394
0.14729632,0.16818774
0.15815945,0.17181948
0.15297167,0.1714945
0.16939607,0.16196975
0.15732913,0.15588325
0.14828785,0.1423348
0.124021016,0.12941703
0.102755554,0.09819624
0.080239646,0.08611365
0.06440302,0.07265383
0.049135312,0.06464687
0.042423297,0.05776833
0.039015207,0.059707962
0.048182476,0.06645613
0.060021754,0.06399603
0.0720768,0.08800426
0.085386746,0.09874588
0.11888681,0.12655248
0.13026083,0.14937115
0.14663117,0.16411185
0.16093563,0.16342486
0.17169856,0.177668
0.17254475,0.18006448
0.17415679,0.18096758
0.17974931,0.18693179
0.19182964,0.18437684
0.1937859,0.17515683
0.2001899,0.16691808
0.19648123,0.16258994
0.16704251,0.15123077
0.14882006,0.12623718
0.12026721,0.0975211
0.09376139,0.08333492
0.07730673,0.07581881
0.06412277,0.06508965
0.057996046,0.069639325
0.065900475,0.07357502
0.09907168,0.09584989
0.14907947,0.107145876
0.18296444,0.15545677
0.21263829,0.16924323
0.22596857,0.19658639
0.23963019,0.21452755
0.25298974,0.22783364
0.26370606,0.22644892
0.26656604,0.23418027
0.26080093,0.228347
0.24765266,0.22332703
0.24887235,0.23299228
0.25394458,0.22050482
0.2506689,0.2129356
0.25745285,0.2161911
0.23986728,0.20195031
0.2183439,0.17853354
0.17346485,0.14506358
0.13027224,0.11217453
0.0986719,0.10348737
0.079701476,0.08814405
0.070293635,0.0865452
0.061955202,0.091397226
0.06797578,0.095660865
0.0966695,0.12138895
0.13278602,0.12941399
0.1661596,0.19897331
0.18268667,0.20526019
0.20312877,0.24740347
0.22490115,0.254837
0.23335913,0.27106225
0.23773097,0.27892897
0.25010595,0.28842753
0.24285178,0.26372486
0.2347673,0.2649648
0.22941585,0.2799871
0.225479,0.24568173
0.22303417,0.23494665
0.23119701,0.24985568
0.2181807,0.24243975
0.19849801,0.21333623
0.16266371,0.1642034
0.118764296,0.13653103
0.08917627,0.0917902
0.07344132,0.07197118
0.062143687,0.06614046
0.061058912,0.07630381
0.06987897,0.08513294
0.10265288,0.10967982
0.14908443,0.14256573
0.1761071,0.1946513
0.19797224,0.22619694
0.21200438,0.24560112
0.22144148,0.27375323
0.221377,0.27640632
0.23473904,0.27240655
0.24184984,0.28086382
0.2562282,0.28047436
0.25738686,0.26570547
0.2620861,0.27728298
0.25276703,0.25172985
0.23760547,0.25531033
0.24608874,0.27083236
0.22372313,0.23874938
0.1904785,0.21520124
0.14803785,0.17208046
0.11827324,0.13886465
0.08338485,0.084630966
0.06460092,0.07341704
0.04231318,0.060043745
0.0441137,0.06469017
0.052437253,0.074246705
0.07612871,0.096827775
0.124148,0.12749095
0.1585007,0.17566419
0.16994119,0.20091158
0.18879306,0.22056374
0.2027776,0.23737353
0.21213037,0.24544844
0.2285389,0.23652509
0.2422764,0.25055966
0.23487344,0.24326158
0.23201296,0.23256482
0.2309629,0.24711461
0.22619128,0.23005143
0.22014342,0.225313
0.22011366,0.22743523
0.20508999,0.21078525
0.1780083,0.19162035
0.13431175,0.15106255
0.107581735,0.115750946
0.10798059,0.08508243
0.10837944,0.06654042
0.10877829,0.07215783
0.10917714,0.07335022
0.109575994,0.08005321
0.109974846,0.099221155
0.1103737,0.10973783
0.11077255,0.1608828
0.1111714,0.1779428
0.111570254,0.206433
0.111969106,0.23216313
0.11236796,0.24106933
0.11276681,0.2277346
0.11316567,0.24482629
0.11356452,0.2380532
0.11396337,0.2273003
0.114362225,0.24288288
0.11476108,0.20860296
0.11515993,0.19990894
0.11555878,0.21276443
0.11595763,0.20080452
0.116356485,0.17798275
0.11675534,0.13432972
0.11715419,0.106950566
0.11755304,0.08368826
0.085656084,0.06929779
0.07291108,0.06164611
0.05883232,0.053838596
0.0574177,0.05703533
0.06487125,0.061038893
0.08241713,0.06335328
0.09627071,0.08029701
0.12115358,0.0938662
0.14339817,0.119568765
0.16830435,0.14095607
0.19108711,0.15278918
0.20195124,0.15360583
0.22392946,0.16508675
0.24163705,0.16814087
0.25141937,0.17042103
0.26470304,0.1725181
0.27033672,0.1709813
0.258182,0.16645889
0.25511813,0.16002269
0.22899622,0.15646508
0.2060835,0.14568445
0.17097884,0.12641306
0.13253455,0.09969614
0.1036454,0.11423552
0.079912774,0.08841192
0.05964528,0.08895626
0.05576102,0.08597852
0.046456855,0.088437006
0.0506164,0.09122483
0.06085753,0.092281945
0.067461915,0.12667996
0.09224856,0.14943606
0.12367282,0.19492117
0.14562228,0.23695964
0.1712085,0.25063187
0.20372298,0.26455677
0.2284526,0.28704968
0.25163713,0.2811875
0.2734487,0.29558608
0.29815698,0.30169502
0.2848852,0.2795432
0.2746396,0.26560134
0.2680392,0.27609593
0.25588793,0.26281652
0.2323433,0.22717024
0.19447635,0.1879485
0.15312742,0.16202901
0.12382807,0.11402035
0.100800276,0.099600896
0.081636414,0.08572549
0.07795452,0.08223531
0.08476673,0.08325963
0.10093519,0.09546711
0.14310552,0.111399114
0.16149363,0.1503786
0.18403484,0.18092215
0.21675666,0.22437802
0.24596474,0.2607666
0.27302608,0.27615356
0.3063203,0.31593415
0.33442327,0.33187494
0.33423728,0.32640415
0.36403462,0.34548482
0.38212067,0.35682514
0.38398913,0.350835
0.3543862,0.33440575
0.33611965,0.3356451
0.31521824,0.31520712
0.28444675,0.28334016
0.23246829,0.23402888
0.17786297,0.19331722
0.13363916,0.17327163
0.10568995,0.13896576
0.08744519,0.13211417
0.07037052,0.12290865
0.075698175,0.13039227
0.09768434,0.13917859
0.14077179,0.16674535
0.17254426,0.2171894
0.20060258,0.26428884
0.23356299,0.30081314
0.27762857,0.34693536
0.3096436,0.3736719
0.34907642,0.4106134
0.3656645,0.4498284
0.3867147,0.44767034
0.40318474,0.46129677
0.42858198,0.488208
0.4265647,0.43512198
0.39459038,0.41469455
0.37116775,0.4189412
0.33499816,0.41397887
0.3045823,0.3833965
0.26127064,0.30498344
0.19919887,0.25152254
0.15306145,0.17119049
0.1209522,0.14062457
0.10298471,0.13330255
0.093085825,0.115481734
0.089282416,0.12703197
0.1162902,0.14120832
0.15931068,0.16818419
0.18752626,0.21788666
0.21304749,0.27371353
0.24777369,0.30650905
0.28102028,0.36214545
0.3179314,0.38847935
0.3309403,0.42828923
0.35992566,0.46388912
0.38685805,0.47116002
0.4094325,0.49113262
0.4225391,0.5189794
0.3989508,0.46638086
0.36582622,0.44649237
0.34556466,0.44433683
0.30358034,0.43341005
0.27594015,0.4058926
0.23270687,0.3276912
0.18136431,0.26923022
0.14071326,0.11566499
0.10749791,0.088153824
0.09459915,0.08899401
0.081852674,0.07713139
0.085011765,0.08832523
0.105304554,0.08687208
0.15177083,0.09632232
0.17843933,0.13199136
0.20080099,0.17686728
0.2349553,0.20098794
0.26453587,0.26163864
0.28903088,0.28062654
0.3224724,0.28875074
0.33900195,0.3158172
0.35680032,0.33147794
0.3763064,0.34025216
0.3862083,0.346996
0.36272168,0.3146028
0.32977417,0.31249735
0.32295552,0.31746143
0.30242762,0.30396026
0.27418476,0.27573353
0.22729738,0.2276534
0.18376352,0.19051386
0.18094546,0.13218482
0.1781274,0.10485562
0.17530935,0.10453886
0.17249128,0.09807503
0.16967322,0.10158837
0.16685516,0.101346865
0.16403711,0.09688045
0.16121905,0.13872601
0.15840098,0.17128259
0.15558292,0.20787862
0.15276487,0.2749175
0.14994681,0.29557496
0.14712875,0.29928976
0.14431068,0.3293398
0.14149264,0.34128657
0.13867457,0.35431898
0.13585651,0.35999447
0.13303845,0.33603588
0.1302204,0.3266589
0.12740234,0.32755876
0.12458427,0.30666387
0.12176622,0.27304688
0.118948154,0.23117475
0.1161301,0.19396695
0.113312036,0.0867344
0.11049398,0.07795109
0.10767592,0.07757097
0.10485786,0.07073334
0.1020398,0.07015126
0.09922174,0.07489898
0.09640368,0.067454435
0.09358562,0.09181923
0.09076756,0.106821895
0.0879495,0.136089
0.085131444,0.1699053
0.08231338,0.18130815
0.079495326,0.17761147
0.07667726,0.19298998
0.07385921,0.19892125
0.071041144,0.19094743
0.06822309,0.19815508
0.065405026,0.20033845
0.06258697,0.18943386
0.05976891,0.19141658
0.056950852,0.18638
0.054132793,0.16416101
0.051314734,0.14499299
0.048496675,0.11592172
0.045678616,0.06736088
0.025638295,0.0634944
0.017115343,0.05394633
0.010800136,0.05273802
0.014155649,0.05884031
0.0180161,0.057447113
0.03468801,0.05567711
0.05539348,0.08563168
0.07467838,0.09107829
0.087432295,0.12152515
0.09980528,0.12461857
0.103435084,0.13504848
0.10571227,0.14302021
0.108785555,0.14028686
0.110702634,0.12510547
0.11372533,0.12875205
0.12303941,0.12619862
0.12101519,0.122277215
0.10341326,0.12119136
0.12079546,0.13316208
0.122568205,0.14301297
0.110310785,0.1264126
0.09410562,0.10421781
0.066997156,0.08300033
0.048849113,0.072871804
0.033671685,0.0683774
0.02766549,0.056465507
0.026421992,0.06184143
0.03479217,0.07240149
0.06271509,0.075420044
0.08320281,0.08796232
0.11977963,0.12935647
0.15616201,0.14133853
0.17907621,0.16573411
0.17768243,0.17117003
0.17593944,0.18123318
0.17536755,0.18529384
0.17285971,0.18697912
0.17448713,0.16902849
0.17398962,0.16899745
0.17742202,0.17200197
0.17052598,0.15936331
0.14764154,0.16052425
0.16072482,0.17462042
0.15406092,0.17787024
0.1491514,0.15527706
0.1162277,0.12301755
0.077255145,0.10285625
0.055681165,0.060617417
0.0412418,0.057817686
0.035316456,0.059932195
0.03369053,0.056981236
0.045582388,0.0708995
0.07225784,0.091774605
0.09777808,0.10664352
0.13226223,0.16640796
0.16551429,0.188295
0.17419101,0.21466789
0.18114507,0.23074955
0.18391281,0.2439732
0.18522625,0.25610682
0.18160686,0.2525469
0.17204973,0.24065578
0.17157505,0.24226253
0.16885294,0.24559325
0.17194359,0.21937741
0.15762772,0.21719714
0.16612537,0.23959441
0.15394485,0.2330808
0.14250436,0.21151915
0.107118465,0.16019619
0.076286934,0.13900638
0.053546336,0.08134638
0.034205392,0.062466804
0.029502714,0.073378704
0.027174937,0.08026303
0.036161657,0.09215127
0.06879965,0.10886181
0.090411335,0.12387728
0.12861805,0.1911915
0.15764062,0.21060805
0.17130323,0.24559316
0.18113664,0.27110168
0.18693452,0.27737626
0.1845249,0.2748549
0.18188612,0.28217775
0.17628863,0.26560962
0.17542955,0.26050192
0.1791407,0.27107698
0.148578,0.22651455
0.15043408,0.22144961
0.15359119,0.2567978
0.15483171,0.24148738
0.14424387,0.20802058
0.11616966,0.15309091
0.074960604,0.13488145
0.049987953,0.074750856
0.036734052,0.061848868
0.027541984,0.055860557
0.027290506,0.05817984
0.038935844,0.06810868
0.06661274,0.08624245
0.11410775,0.11078031
0.15298656,0.15670045
0.16301985,0.17395851
0.18232608,0.19945198
0.19228993,0.20831263
0.1955289,0.21667148
0.19615883,0.2230001
0.20081042,0.22684503
0.20379491,0.21253154
0.19803573,0.21099856
0.188616,0.21856931
0.1695414,0.20066679
0.17238106,0.19539274
0.17071001,0.20946859
0.16214539,0.1989446
0.14353853,0.18012796
0.1114283,0.1333119
0.07663315,0.10764205
0.057961326,0.075840086
0.04403285,0.06528174
0.032627583,0.059995577
0.031326048,0.05452758
0.03887533,0.060634498
0.07792625,0.072491966
0.12495749,0.087946534
0.16778205,0.111799635
0.18006675,0.1299263
0.19110002,0.14934337
0.19268477,0.1632641
0.19258259,0.16675223
0.19394612,0.17002605
0.19383155,0.17028058
0.18725692,0.166003
0.18929206,0.16382073
0.1783818,0.16637534
0.15442845,0.16127457
0.14444377,0.15315266
0.15491107,0.16011187
0.1522222,0.15346064
0.13728781,0.14424513
0.112198606,0.12048953
0.09154918,0.092670575
0.06647783,0.066893786
0.055223346,0.06784408
0.043412838,0.061770156
0.0418881,0.057783797
0.040446196,0.06460936
0.053736802,0.06431979
0.06376217,0.059126973
0.09102887,0.09425831
0.11484383,0.095980346
0.14047915,0.12715721
0.15805776,0.12754713
0.16180314,0.13971357
0.15812275,0.1396904
0.16666256,0.14291039
0.16444936,0.12632349
0.15335955,0.12335904
0.13230042,0.12586732
0.13561726,0.11717227
0.14132881,0.11872085
0.1449244,0.13052012
0.13633597,0.14654845
0.13425867,0.12478814
0.12025927,0.108762786
0.100981325,0.08900568
0.07737617,0.07030782
0.063604936,0.06533186
0.04939175,0.05885247
0.046896815,0.05233088
0.050283577,0.06305174
0.05214808,0.057877917
0.0714424,0.060151994
0.083445854,0.083694644
0.101270996,0.09752968
0.1120746,0.1231492
0.11385577,0.13670176
0.12678628,0.1396461
0.13224587,0.13984035
0.13142943,0.1413306
0.12657943,0.13310622
0.12642518,0.13272795
0.13671888,0.13159001
0.14677005,0.12794697
0.1383205,0.12375585
0.15000255,0.13869481
0.15058833,0.14429644
0.1445876,0.128053
0.12109753,0.109101586
0.09338343,0.087582044
0.06854966,0.07884902
0.0630995,0.0747073
0.05703478,0.05988735
0.058582332,0.071624175
0.06965825,0.08280173
0.09578511,0.09044022
0.12841716,0.11233538
0.17007114,0.15693174
0.18547773,0.1747261
0.20928724,0.1945432
0.2035474,0.19799834
0.20520754,0.20421848
0.21608257,0.20336515
0.21714404,0.20433944
0.21915586,0.18707675
0.21328309,0.17745632
0.20538612,0.18726471
0.19087681,0.16871911
0.20140712,0.17264761
0.20139223,0.18859683
0.18586808,0.18852493
0.15906665,0.16366157
0.14315413,0.12761204
0.111083575,0.10518893
0.08913014,0.08844307
0.07472599,0.07291168
0.066402435,0.070197955
0.06569264,0.073643565
0.08040977,0.08190426
0.08554547,0.11754494
0.13548085,0.14625335
0.17655797,0.20490651
0.18788883,0.2208679
0.19805111,0.24361816
0.2028505,0.24588007
0.20711124,0.25269413
0.210994,0.2481611
0.20988096,0.2548099
0.19972812,0.23463929
0.18719938,0.22204214
0.19185594,0.2360568
0.19906645,0.20729384
0.20385839,0.19694372
0.20969893,0.21188644
0.18480167,0.20472011
0.16300002,0.18239048
0.13020925,0.13677487
0.12011295,0.10882063
0.100834005,0.08476132
0.08100003,0.0675302
0.08118107,0.059395052
0.07473442,0.06217347
0.08184721,0.073320374
0.09314882,0.09735023
0.13991866,0.13511
0.17281011,0.1714314
0.19470254,0.19826955
0.21735385,0.20965424
0.22672796,0.21896061
0.21710932,0.21516848
0.2169883,0.21229976
0.21260257,0.21560514
0.20457514,0.21002448
0.1925801,0.19175316
0.1697914,0.2048603
0.1790539,0.18813214
0.18945771,0.18813533
0.19676296,0.19698037
0.19095667,0.1817964
0.16192864,0.17122431
0.15071185,0.13271448
0.1267208,0.10292161
0.09966292,0.08290017
0.08787176,0.06940912
0.08095142,0.057873473
0.079554155,0.06597242
0.09241571,0.076640144
0.12762602,0.09958181
0.15021385,0.13273925
0.18698858,0.17910421
0.18837196,0.19671352
0.21215567,0.21256614
0.22398254,0.21013829
0.22430941,0.2151776
0.22102681,0.21440342
0.22370477,0.21650529
0.21428554,0.19979905
0.20647138,0.18715729
0.18084301,0.1965244
0.18086632,0.17775334
0.19435383,0.17595096
0.1938365,0.18931367
0.1788416,0.18301633
0.15421666,0.16507223
0.13593122,0.12038941
0.11001665,0.0931129
0.085494876,0.08431266
0.069181085,0.06621101
0.0561618,0.05591221
0.049387284,0.059418023
0.05864731,0.06787736
0.08365319,0.09823339
0.12133264,0.13035205
0.16235024,0.17852327
0.17190985,0.19362527
0.1887137,0.21033847
0.19742265,0.21297282
0.19548821,0.2239519
0.19931246,0.21984929
0.1952169,0.22911096
0.18449166,0.21796042
0.17565672,0.2089202
0.17642257,0.21969968
0.17744732,0.19906706
0.17757033,0.19660982
0.16584216,0.19982679
0.15966335,0.18393132
0.1382476,0.1743579
0.111729875,0.125821
0.09504209,0.094278425
0.07352912,0.06922349
0.05977474,0.06175826
0.048312925,0.060107738
0.045162268,0.052735552
0.052425846,0.05677219
0.05592421,0.06466794
0.07218443,0.062584735
0.10013215,0.089452244
0.118243985,0.094817884
0.13472939,0.12508386
0.1454348,0.13436316
0.14958143,0.14727092
0.1533035,0.15713479
0.14898475,0.1553823
0.14150341,0.14724338
0.13532063,0.15518716
0.14920942,0.15216987
0.15821302,0.14538454
0.1483429,0.13928057
0.15317702,0.1460038
0.14394973,0.14792272
0.14228661,0.13487224
0.12585378,0.11009455
0.09832171,0.08968936
0.07924762,0.07026991
0.07412086,0.0650783
0.06387774,0.05918412
0.054706503,0.059405833
0.055898912,0.06701974
0.061552443,0.06453617
0.07259761,0.06563458
0.09511997,0.098934375
0.10882375,0.10645105
0.12086838,0.13367951
0.13161594,0.13940343
0.13604829,0.15030424
0.1472854,0.1507275
0.14392245,0.15235962
0.14575124,0.13712162
0.14379697,0.13605438
0.14918016,0.13638477
0.13384153,0.12474096
0.14508362,0.123516686
0.16093165,0.13910462
0.15512931,0.14887068
0.14768866,0.1311235
0.14228214,0.10715668
0.12219669,0.088057205
0.09957364,0.08760697
0.08734649,0.070371136
0.08476227,0.06972785
0.086445235,0.07573816
0.10400996,0.08987534
0.13006341,0.103445776
0.17221639,0.1300846
0.2173469,0.17335702
0.22631231,0.1983958
0.2311008,0.21638286
0.21855816,0.23109001
0.20867863,0.22868046
0.199432,0.21624523
0.2125118,0.22151005
0.2008734,0.21565892
0.19173491,0.19660836
0.18981385,0.21299708
0.18589686,0.17834812
0.20416494,0.18227856
0.21053867,0.20364244
0.196199,0.19052178
0.17356603,0.17565028
0.156226,0.13593793
0.11613544,0.11423205
0.091359705,0.09958616
0.08117909,0.0847509
0.07426569,0.07377669
0.0704474,0.08338402
0.085890196,0.09070854
0.120180406,0.115028776
0.14561832,0.15861556
0.18632393,0.20066024
0.19422935,0.22484499
0.20099741,0.22891515
0.20650263,0.22566631
0.20524277,0.22342566
0.20418379,0.21782807
0.21020138,0.21925175
0.21578051,0.20486404
0.2178082,0.18584703
0.2236775,0.19485095
0.20539752,0.17926344
0.21055652,0.18422386
0.21165569,0.1943938
0.18694295,0.18808462
0.17660262,0.17146541
0.15329458,0.13168445
0.113107294,0.10107724
0.089658886,0.08354892
0.07916529,0.06738268
0.0643063,0.061521105
0.05340993,0.0636625
0.06446204,0.0741348
0.08085718,0.103147134
0.10936936,0.14448911
0.16184977,0.18800561
0.18916556,0.21511982
0.20442583,0.22999892
0.20593767,0.23581085
0.21898821,0.23597708
0.22061165,0.2401444
0.22260065,0.2457946
0.21741436,0.23174676
0.21778786,0.22239842
0.20527054,0.22800799
0.19536173,0.21320088
0.21085215,0.20801438
0.20692374,0.21963899
0.18985651,0.20799948
0.17477928,0.18850943
0.14549382,0.13763854
0.11340441,0.10943888
0.09057701,0.08276041
0.07245972,0.06077368
0.05692863,0.05902691
0.056431133,0.05521643
0.06067252,0.06498992
0.0911737,0.09296493
0.123677775,0.12563667
0.14814152,0.15897633
0.16784851,0.17996907
0.19359346,0.19665287
0.19206822,0.20743376
0.2038579,0.20593116
0.21812962,0.21388146
0.21789104,0.21560931
0.20986757,0.210071
0.20785476,0.20310776
0.21337336,0.20787263
0.21354847,0.1922372
0.21347356,0.18890022
0.21708749,0.19943269
0.19082224,0.1811626
0.17507936,0.16999228
0.13969694,0.1281109
0.116665676,0.101984404
0.092871055,0.073061824
0.0773603,0.05523621
0.057775322,0.056708142
0.05558841,0.05163859
0.06768809,0.056284938
0.09607627,0.078931615
0.12585478,0.09473853
0.15536195,0.13892913
0.1775103,0.14627883
0.1936138,0.1766257
0.20518027,0.1778834
0.21233521,0.1920688
0.22127482,0.201431
0.22418293,0.21133235
0.2239374,0.19169475
0.21833546,0.19749837
0.21933344,0.20608805
0.22344041,0.1856381
0.22324002,0.17610843
0.20821635,0.18276362
0.19089963,0.17775899
0.17157009,0.1664794
0.14321811,0.11636634
0.1264093,0.0911763
0.09921503,0.07981999
0.08939104,0.05663458
0.0736432,0.057038993
0.07287339,0.043897346
0.07239325,0.050722014
0.07913552,0.06339274
0.100960985,0.06725945
0.11786255,0.088396676
0.1405605,0.097044945
0.16511054,0.12710032
0.16239637,0.15211871
0.1716182,0.16572288
0.17405957,0.18258479
0.16609661,0.18306053
0.162255,0.18472233
0.15854336,0.20056069
0.15733805,0.20304123
0.15925068,0.19378158
0.1557652,0.18320033
0.1645947,0.18392506
0.14595708,0.16758136
0.14339718,0.1638437
0.11597721,0.12648498
0.08833057,0.10529856
0.07412433,0.078106314
0.06183715,0.07300231
0.05704321,0.068334326
0.043645468,0.06224519
0.040471494,0.06413449
0.042774472,0.07103992
0.06277511,0.060111918
0.07839994,0.092222445
0.102612704,0.08999497
0.12467724,0.1245449
0.13484347,0.13679615
0.136146,0.15349919
0.15100002,0.15966135
0.15056056,0.15877993
0.1549701,0.15081866
0.15132046,0.16030838
0.15565261,0.15659223
0.17069611,0.15440455
0.1874077,0.14350615
0.18213312,0.14891782
0.16630891,0.15123774
0.16139641,0.13410681
0.14400975,0.114804044
0.12142242,0.08994842
0.091451965,0.07951978
0.07421361,0.063589856
0.066133104,0.06525312
0.0689306,0.06704536
0.074763194,0.07681755
0.107997395,0.09303876
0.14697193,0.11267613
0.16830137,0.15985876
0.18822066,0.17177336
0.19830655,0.19392414
0.22239085,0.1963126
0.22510947,0.20272492
0.23275895,0.20188951
0.22833404,0.20167166
0.22724926,0.18807091
0.2250068,0.18422918
0.23120148,0.19158614
0.216466,0.16483304
0.22498448,0.16777296
0.21831314,0.18471934
0.2098879,0.17593002
0.18708332,0.16255434
0.15091322,0.12086685
0.1346917,0.09759822
0.11922112,0.10192379
0.11417422,0.08803944
0.09656981,0.07593638
0.10122337,0.07643497
0.116484635,0.089082696
0.1437409,0.10791848
0.1738929,0.13980475
0.22241168,0.17137256
0.2326925,0.19354686
0.2427744,0.20096955
0.24612743,0.20146874
0.22778992,0.19937265
0.23469537,0.1909644
0.24458484,0.18597293
0.23941293,0.17593619
0.22663818,0.15880655
0.23288147,0.16760644
0.22439076,0.16055578
0.23076151,0.16819651
0.22185862,0.17562477
0.22598246,0.17019367
0.20969148,0.16536905
0.17036131,0.14183965
0.15120786,0.11584391
0.11771375,0.11316644
0.11434434,0.0921772
0.10599649,0.08900472
0.10963026,0.097748354
0.12191049,0.11347495
0.15614714,0.13539445
0.20505825,0.18863997
0.2431231,0.22935632
0.25550205,0.2651934
0.2597583,0.2588829
0.25579467,0.26189688
0.2557942,0.2528311
0.24086823,0.22961065
0.24277887,0.23349282
0.24967292,0.22132197
0.26131627,0.18491378
0.26675949,0.1998259
0.26478985,0.17855382
0.27196762,0.19192372
0.27155888,0.21368437
0.26790527,0.20417121
0.24065197,0.19639324
0.20945042,0.15760362
0.18026367,0.13624401
0.17056914,0.14163095
0.16724983,0.13063753
0.16325745,0.13410948
0.15954232,0.14576103
0.16589424,0.1540846
0.19685423,0.16031748
0.24479514,0.17910203
0.28783053,0.236817
0.30584118,0.26592168
0.2894009,0.27099836
0.27627298,0.28953397
0.26270658,0.2869668
0.24700885,0.2578803
0.23325595,0.2572825
0.22097969,0.24197173
0.20208119,0.22100477
0.21108577,0.22403733
0.2173107,0.19270867
0.24328728,0.20164567
0.25329378,0.23316796
0.2370316,0.23709625
0.23154472,0.20900315
0.21790889,0.180549
0.18146153,0.16306515
0.16855186,0.13371539
0.14749274,0.12204875
0.1414925,0.11898774
0.14144588,0.12541617
0.13604829,0.1313304
0.17830789,0.14560105
0.21910775,0.17062834
0.2523985,0.2173549
0.2588868,0.2447732
0.2595842,0.24882725
0.23897645,0.262299
0.21532616,0.2554065
0.21653594,0.2389356
0.20607656,0.2342493
0.19533098,0.22154361
0.19113225,0.20786734
0.1801471,0.20503278
0.18413205,0.18930891
0.20510387,0.19308248
0.19914679,0.2134745
0.1868993,0.2131974
0.18357751,0.19240145
0.16843827,0.16689901
0.13830711,0.1400827
0.11525353,0.11444096
0.09990845,0.10457774
0.09331895,0.08513127
0.08774528,0.09551087
0.08420872,0.10666577
0.081011936,0.10429394
0.10974732,0.14473772
0.12915324,0.1658011
0.14711826,0.20688745
0.16206305,0.19614895
0.16291371,0.22165251
0.14156441,0.2123132
0.16150057,0.17961156
0.1613101,0.18894899
0.15004471,0.19571105
0.15053625,0.16750371
0.15242903,0.17130633
0.14598238,0.16762097
0.16554604,0.17690676
0.16163996,0.18636619
0.1523348,0.17692111
0.1531671,0.16040514
0.13747928,0.14555414
0.11067784,0.11110839
0.08920256,0.09312369
0.07767676,0.082959265
0.06753979,0.0747067
0.06173547,0.078188896
0.057885934,0.08926441
0.06489903,0.087300695
0.07371066,0.11213832
0.09245192,0.13283694
0.10618993,0.16366142
0.11991405,0.1715537
0.12370407,0.19176555
0.12494211,0.18104097
0.12973209,0.17846859
0.13174985,0.17571482
0.12837103,0.17561235
0.12843254,0.16475968
0.12925145,0.16018932
0.13264962,0.15616047
0.16393152,0.16748773
0.17248721,0.18309559
0.17128092,0.17592257
0.15655734,0.15985139
0.15233827,0.1330783
0.13271509,0.10987656
0.109931834,0.08841461
0.093174115,0.08365279
0.08811183,0.065137774
0.084132336,0.078791946
0.0903657,0.09222667
0.10976666,0.095647685
0.14176282,0.12534586
0.17006469,0.1673618
0.19347739,0.19016787
0.2081231,0.19784686
0.21142802,0.20543468
0.21593377,0.20748475
0.2075145,0.19683786
0.20412277,0.19936758
0.20789096,0.19052745
0.20109512,0.17326224
0.20088778,0.18285376
0.19146904,0.16982757
0.22298557,0.17640184
0.21734741,0.18937078
0.19565587,0.18287832
0.18739581,0.16210029
0.1634995,0.13391645
0.12753972,0.10377546
0.088312216,0.10505256
0.0705719,0.08947551
0.05900047,0.08175367
0.05056035,0.080893576
0.049025692,0.08139978
0.06148548,0.10659071
0.09329018,0.11994813
0.118955754,0.1722691
0.14936864,0.19291912
0.17873694,0.2195918
0.19010104,0.24125081
0.19476058,0.25361666
0.19418569,0.25602266
0.1909016,0.2679097
0.19180237,0.2539935
0.19585279,0.25704327
0.19712208,0.2515276
0.20776002,0.24511412
0.2087704,0.24610116
0.20270765,0.2527193
0.19018388,0.23857433
0.17859855,0.21598418
0.15290323,0.18051353
0.13042799,0.148321
0.10912532,0.103431076
0.09118859,0.09110312
0.079052694,0.08309671
0.07553846,0.08610754
0.0763911,0.091175675
0.092547655,0.10583607
0.12998058,0.12663692
0.16116627,0.1588375
0.18364745,0.1770374
0.21507022,0.19291016
0.21652254,0.1947048
0.22078824,0.20173301
0.21024603,0.21048376
0.2069917,0.19870135
0.19876933,0.18439156
0.20460787,0.17983814
0.19998802,0.17359604
0.19438162,0.17715026
0.22322711,0.19238438
0.22102135,0.2046322
0.20157972,0.20004289
0.19923855,0.19362624
0.18123585,0.16891262
0.14631967,0.14828034
0.118941374,0.11887032
0.11886515,0.09716275
0.11878892,0.09391217
0.11871269,0.0893614
0.11863647,0.09533929
0.11856024,0.11865138
0.11848401,0.15063176
0.118407786,0.18622969
0.11833156,0.2173705
0.11825533,0.2229718
0.118179105,0.24065843
0.11810288,0.24329615
0.11802665,0.22496122
0.117950425,0.23837107
0.1178742,0.2328091
0.11779797,0.22144406
0.117721744,0.22038911
0.11764552,0.20660104
0.11756929,0.20162868
0.11749306,0.20676523
0.11741684,0.20165089
0.11734061,0.18635426
0.11726438,0.15027015
0.117188156,0.12030095
0.11711193,0.098547086
0.1170357,0.08534585
0.107852064,0.07952458
0.093100704,0.08204925
0.08808306,0.09267581
0.103850245,0.0989716
0.1376256,0.12566344
0.17996061,0.15382634
0.18805699,0.1881228
0.20779276,0.19359174
0.22315371,0.21222791
0.22860734,0.21392414
0.20616485,0.19297726
0.20636275,0.20321763
0.19966711,0.2067871
0.19748367,0.17666261
0.19313663,0.18287581
0.1829079,0.18016164
0.20313472,0.19481389
0.20563163,0.20691082
0.19168083,0.20014533
0.17839965,0.18105242
0.15895753,0.16479263
0.13473138,0.13625298
0.12396001,0.11237013
0.11577286,0.11034468
0.1076477,0.08679451
0.103453934,0.08798896
0.104136944,0.09394718
0.10752618,0.11028663
0.122658975,0.14183913
0.1418149,0.16661902
0.14573091,0.1899711
0.15844664,0.18990867
0.1696034,0.1827653
0.17481449,0.17739324
0.17792001,0.17889835
0.18091989,0.16494182
0.17866552,0.1490762
0.17222333,0.14283416
0.17252144,0.13516
0.15996443,0.15016991
0.19449024,0.15258986
0.19705263,0.15639932
0.18770878,0.15939417
0.18126363,0.15451981
0.17840809,0.1349573
0.16804643,0.10317852
0.14499384,0.14594413
0.12723567,0.13606596
0.12029697,0.13121936
0.11517169,0.13173197
0.11534133,0.13483451
0.12367728,0.13371079
0.1305396,0.14115208
0.13286985,0.17081605
0.14260554,0.1971777
0.16863966,0.20312288
0.17159638,0.21997255
0.17213653,0.22768214
0.16773792,0.2246452
0.1592968,0.2091749
0.15008737,0.1975996
0.15247566,0.19862351
0.1578291,0.17472346
0.1605894,0.18512133
0.2007251,0.20619553
0.21252172,0.22429545
0.21139826,0.2329511
0.20190461,0.2185043
0.197629,0.2095279
0.17924635,0.1957584
0.15694074,0.14377812
0.1341932,0.13357094
0.12929708,0.13750438
0.12855555,0.15029173
0.13361187,0.16228202
0.12855157,0.15246248
0.16902556,0.16969377
0.21085066,0.21907309
0.23195939,0.25535485
0.24047986,0.25653848
0.23274606,0.29236758
0.21701013,0.28043973
0.22546661,0.24701029
0.22882411,0.24861619
0.2224216,0.24242613
0.20964982,0.22129244
0.2111691,0.22221033
0.20050883,0.19315824
0.22656874,0.20743321
0.22603305,0.23963518
0.21057786,0.24019411
0.19801737,0.2089818
0.1752242,0.18557246
0.15536046,0.16821624
0.13905014,0.13949978
0.11663393,0.12126114
0.107741944,0.124790266
0.10091139,0.13057917
0.10397177,0.13584712
0.122923344,0.14891723
0.16268307,0.16970557
0.2128223,0.22445382
0.24383438,0.26422676
0.24009247,0.27448767
0.2308756,0.30602854
0.22869365,0.30807465
0.2159189,0.2885812
0.20983583,0.2915811
0.21128914,0.28248793
0.22076343,0.26887086
0.22012259,0.26314446
0.235489,0.24336419
0.26698914,0.2558351
0.26581904,0.28172034
0.25974393,0.27233493
0.24135779,0.24704349
0.22362046,0.2087983
0.1992832,0.185434
0.16935788,0.14533952
0.1522857,0.13658842
0.13979366,0.11439516
0.13913248,0.13025485
0.14400975,0.13710496
0.15722942,0.13405716
0.19274974,0.16398573
0.2454861,0.19775479
0.27517432,0.23793574
0.27056837,0.23644462
0.2583005,0.2622473
0.24769235,0.2570907
0.23720916,0.23683403
0.23192069,0.23835441
0.23710896,0.23915711
0.23292015,0.22385521
0.22730283,0.21805659
0.22945453,0.21621299
0.26241297,0.22888903
0.2587127,0.24021251
0.24240437,0.22959906
0.23093562,0.21056996
0.21127872,0.19213209
0.17692204,0.15706058
0.15027784,0.16417569
0.12688151,0.14665212
0.11495344,0.14407049
0.11386867,0.14328898
0.12324625,0.13650283
0.1335836,0.15634148
0.16433577,0.17665164
0.22013003,0.21159154
0.24626036,0.24606122
0.2526837,0.25587317
0.22748388,0.28334314
0.2073647,0.28216127
0.20452602,0.29055297
0.19957832,0.28346592
0.20261738,0.27652505
0.2006011,0.27742457
0.20029952,0.2592754
0.22356291,0.26599216
0.25181618,0.26507637
0.24646422,0.2731582
0.23281054,0.2677818
0.21223849,0.2441146
0.19978763,0.22684892
0.16583918,0.19718166
0.14425379,0.120319724
0.12033367,0.1085278
0.106431484,0.096054494
0.09577817,0.09814601
0.09438785,0.10418344
0.10807527,0.12111351
0.1419905,0.14151166
0.18756445,0.1827366
0.20963891,0.20359562
0.23114146,0.21564528
0.23533574,0.22327715
0.24522221,0.22775955
0.24801624,0.23468146
0.2430963,0.22473887
0.24964018,0.21119906
0.24394797,0.2146446
0.23920907,0.20609796
0.24732728,0.20429602
0.25220504,0.2086747
0.23476134,0.21551785
0.22110072,0.21163805
0.20626454,0.19506566
0.18422778,0.15978327
0.15631379,0.13472246
0.13028117,0.12487009
0.10750188,0.10592754
0.09800972,0.10802467
0.088618256,0.1014916
0.09107847,0.102056086
0.10378775,0.10781374
0.12396596,0.124008216
0.15650079,0.1375742
0.16575436,0.17875123
0.17316476,0.18424459
0.1754851,0.21980608
0.1801476,0.22306195
0.17051359,0.20896451
0.16118164,0.21294737
0.16105764,0.22658968
0.1578182,0.21127129
0.16299655,0.1969861
0.18506604,0.20905499
0.2231428,0.22694586
0.23043613,0.23056626
0.22459015,0.22058508
0.21976645,0.20992677
0.20437822,0.20090318
0.19060796,0.17463058
0.16877407,0.14962351
0.15109576,0.14320691
0.14209911,0.13181359
0.1317677,0.12767783
0.13360891,0.12408079
0.13457216,0.11788535
0.1428228,0.11427203
0.16267265,0.13456541
0.17341326,0.16687725
0.18053795,0.18431133
0.17881581,0.21853861
0.17299712,0.21740004
0.1640456,0.21320702
0.16456294,0.20885944
0.16246234,0.20787963
0.16063851,0.21109895
0.16569336,0.19203202
0.1943087,0.20403367
0.23491809,0.2117279
0.23837231,0.22544567
0.22789954,0.2257664
0.21870202,0.20731574
0.2050002,0.20707329
0.17834708,0.17867173
0.15697448,0.14827743
0.14045385,0.14236988
0.1321427,0.14022279
0.13516738,0.15089121
0.13829869,0.15708652
0.15776314,0.14287339
0.19841865,0.13861836
0.21960376,0.18641621
0.24660261,0.20649761
0.27233565,0.23096314
0.26238418,0.25418776
0.26997465,0.2615079
0.25966406,0.25749478
0.25470495,0.25175804
0.257931,0.23497856
0.26225868,0.23390813
0.26330727,0.22564171
0.26907536,0.20959018
0.2917763,0.22531907
0.28930417,0.25610888
0.2790898,0.2649362
0.2659257,0.23421307
0.23871902,0.21450897
0.20240161,0.2052462
0.17672959,0.15306088
0.14868018,0.1505579
0.13470459,0.14803733
0.12662259,0.14815712
0.12241741,0.15522625
0.13817368,0.16818044
0.16778553,0.16191903
0.21285751,0.23421395
0.24897206,0.24866332
0.27136397,0.2685643
0.28954422,0.29066417
0.2957642,0.30239156
0.30350694,0.28865945
0.3028026,0.28098726
0.3018329,0.260011
0.28936964,0.2683191
0.29365864,0.25712723
0.29986474,0.2344357
0.31478623,0.23777194
0.30181703,0.25878602
0.2871118,0.26411897
0.27064574,0.23108584
0.24274068,0.20904294
0.21410449,0.19200917
0.18216537,0.15462765
0.15227824,0.13772345
0.14158823,0.14723498
0.1245701,0.14238688
0.1277411,0.13541445
0.13974753,0.17749658
0.17358686,0.17671433
0.21576662,0.24606034
0.25927964,0.26610124
0.27668765,0.30206785
0.28547052,0.33350843
0.30060577,0.3489392
0.3081476,0.36375573
0.30200502,0.3522454
0.2984526,0.3366645
0.28650022,0.34681714
0.28306833,0.3355572
0.29362392,0.3228648
0.30118957,0.320387
0.28731516,0.33420712
0.270489,0.31985825
0.24404171,0.293172
0.22180407,0.26262853
0.19505867,0.24316798
0.16930778,0.14566883
0.15067515,0.12235595
0.13291399,0.11003362
0.122190736,0.10253851
0.118080296,0.10642706
0.12152112,0.13731878
0.13158914,0.17363718
0.14739552,0.19488016
0.16158935,0.22934532
0.17301199,0.22201034
0.19112283,0.2366251
0.20580573,0.23192266
0.20179449,0.22271098
0.19961652,0.21462005
0.17845571,0.21838039
0.16367112,0.2020417
0.16886534,0.19326743
0.16090438,0.2072022
0.17468156,0.21896225
0.17297181,0.21331109
0.17651433,0.19821766
0.17448911,0.20432685
0.17207056,0.19404384
0.15447459,0.15980788
0.13472444,0.10879576
0.11332008,0.09831604
0.10100067,0.087589666
0.09518742,0.096967205
0.09897248,0.104523584
0.112984285,0.119529
0.13345118,0.16542205
0.15491901,0.19821428
0.18250464,0.23335683
0.20051578,0.23272747
0.21052974,0.22634488
0.21294035,0.2233592
0.20946035,0.21656264
0.21959831,0.21068758
0.21053718,0.19026974
0.19664988,0.16663943
0.1952045,0.17388093
0.22541106,0.17182812
0.25981784,0.18713415
0.26624662,0.20809606
0.2639372,0.20609814
0.26186585,0.19924022
0.2424629,0.1659525
0.22835487,0.14235784
0.20030448,0.20980537
0.1867371,0.19615807
0.1693306,0.18521515
0.16514377,0.1836192
0.16083741,0.19632855
0.16171932,0.18299676
0.18313953,0.20097847
0.20386039,0.24271172
0.21634646,0.28100303
0.22238241,0.28569984
0.21898027,0.29212573
0.21057388,0.29848617
0.20570752,0.3087623
0.19555518,0.31059033
0.18586263,0.29268906
0.188429,0.2853448
0.19925095,0.2955174
0.22646806,0.26643696
0.26175624,0.28162864
0.26787502,0.3011305
0.26259398,0.33091804
0.2514412,0.32059485
0.23075606,0.27753326
0.2173127,0.24794497
0.18501446,0.22053662
0.17296487,0.21244767
0.15451427,0.19607964
0.15156548,0.18621993
0.1446367,0.1953707
0.1516255,0.18104835
0.1621067,0.17832068
0.17777865,0.22894543
0.18012081,0.27230847
0.19265848,0.28833488
0.19101073,0.32782954
0.19045569,0.3437787
0.20215014,0.34613207
0.20740288,0.36313727
0.21075691,0.3517294
0.21457916,0.37345743
0.21877691,0.36842415
0.24174072,0.33459678
0.2615107,0.33493614
0.2620558,0.34634313
0.25139904,0.3780372
0.24127297,0.33818886
0.22233728,0.31188136
0.19186337,0.27145287
0.17084491,0.17227268
0.17288855,0.16047609
0.17493217,0.14683077
0.17697579,0.15534334
0.1790194,0.15530236
0.18106304,0.15305574
0.18310666,0.1583263
0.18515028,0.20223418
0.1871939,0.22707157
0.18923753,0.26679552
0.19128115,0.28357008
0.19332477,0.29689983
0.1953684,0.32342753
0.19741203,0.3107636
0.19945565,0.2805113
0.20149927,0.29617655
0.20354289,0.28762242
0.20558652,0.29069522
0.20763014,0.30054578
0.20967376,0.32871166
0.21171738,0.3293193
0.21376102,0.30654365
0.21580464,0.27459103
0.21784826,0.25721377
0.21989188,0.1709543
0.22193551,0.15875405
0.21416202,0.15021826
0.2088438,0.1512645
0.20723574,0.17040977
0.21921687,0.14306274
0.25045413,0.16136017
0.28572991,0.19234794
0.3251444,0.24344325
0.3359877,0.23699462
0.35704187,0.27867526
0.365917,0.2801329
0.37218755,0.25031
0.36769024,0.24897605
0.36967328,0.25721592
0.36758804,0.24003796
0.3748189,0.22639672
0.37079623,0.23133734
0.41636178,0.26780888
0.4060011,0.29233152
0.38769186,0.28855348
0.3816043,0.27068266
0.35347456,0.2614745
0.31786844,0.24405
0.2872001,0.22239944
0.27439508,0.2004023
0.26422536,0.20455997
0.2564395,0.20805556
0.25111136,0.22049683
0.24750635,0.21932049
0.28226876,0.23459972
0.33466434,0.26894683
0.36738667,0.31089476
0.37733912,0.29879686
0.37416813,0.3400196
0.37938368,0.32156426
0.377354,0.27502176
0.39092782,0.27847606
0.39169317,0.28116828
0.3798018,0.2503835
0.38163358,0.25480896
0.36818475,0.2228598
0.39107117,0.24176933
0.38154182,0.27402785
0.36604694,0.2700681
0.35094193,0.25740936
0.34636226,0.24018545
0.3148269,0.22200064
