true,forecasted
0.13929486,0.13305612
0.108412795,0.10875359
0.085224174,0.08892224
0.08034715,0.085455164
0.08331914,0.09062853
0.12260268,0.12734719
0.17103755,0.18199062
0.21270771,0.20564273
0.21841756,0.23170298
0.23843592,0.24568653
0.26824367,0.2632147
0.27367947,0.27355757
0.29880512,0.28899834
0.30396196,0.3002237
0.3212003,0.310367
0.3380393,0.32620868
0.35448197,0.3430234
0.37319797,0.35185492
0.3536374,0.3519125
0.32875025,0.3332748
0.31079495,0.32574508
0.28619286,0.28048372
0.21986601,0.2230185
0.16218948,0.16722795
0.116063185,0.116059914
0.085124075,0.09192986
0.07230373,0.07676225
0.06860549,0.071737446
0.0805484,0.08010459
0.117787264,0.11168209
0.16594075,0.16440147
0.20070636,0.19317967
0.21568707,0.21226585
0.22522199,0.22734204
0.24290134,0.24266963
0.25234932,0.25858492
0.26049405,0.27082738
0.27434513,0.28211045
0.2761067,0.29522172
0.28595555,0.31087187
0.2909288,0.3339791
0.29589388,0.34882867
0.27869016,0.34915572
0.26734504,0.3301327
0.26163223,0.3147737
0.25440517,0.27248135
0.20390953,0.20983109
0.15399066,0.15915938
0.110856295,0.088356175
0.08519967,0.06676776
0.07257164,0.056470305
0.070239276,0.05060767
0.07718932,0.06186281
0.10966491,0.0888643
0.15154384,0.14115557
0.19699308,0.1733989
0.21165301,0.19031096
0.22422469,0.20505689
0.24054517,0.21950246
0.24647462,0.2272977
0.2460828,0.23164429
0.25429738,0.23868221
0.25450265,0.24801818
0.25007012,0.26086226
0.2477619,0.2757837
0.26621965,0.28925413
0.2596441,0.2868748
0.24295962,0.27872658
0.23143706,0.2684324
0.22201551,0.23681447
0.17484377,0.17539951
0.12373247,0.13324098
0.07826135,0.073065005
0.057023603,0.047978044
0.042516273,0.030166306
0.034592718,0.022062516
0.038237926,0.022680905
0.046833824,0.03617647
0.055659845,0.060798794
0.0846486,0.09173383
0.114572726,0.12730587
0.14414668,0.15951331
0.16524653,0.18762515
0.18848433,0.21003371
0.20647797,0.23177141
0.2298241,0.2508723
0.25746766,0.27501687
0.28904969,0.29948252
0.32138985,0.33099833
0.34760487,0.3502982
0.34582236,0.35413843
0.3230112,0.33410585
0.284676,0.31754047
0.25766557,0.28153005
0.20009649,0.21498364
0.13985083,0.16056158
0.091976464,0.08541667
0.056286164,0.058415744
0.035849027,0.0357033
0.02706938,0.018926702
0.021031428,0.013101069
0.024083216,0.019622777
0.025088755,0.039048575
0.052591607,0.06528103
0.09662406,0.114805125
0.14129595,0.1670956
0.1783054,0.21038164
0.22501953,0.2527514
0.27407163,0.28539982
0.31065145,0.31951398
0.33958927,0.35413533
0.3582647,0.3806416
0.36656135,0.41079473
0.37493256,0.43362585
0.36424947,0.43713397
0.34378502,0.41387263
0.3338285,0.3832371
0.31526735,0.34170106
0.26274315,0.269729
0.20964298,0.21119036
0.1677882,0.1403909
0.14744172,0.11125655
0.13547465,0.092861846
0.12000466,0.08253998
0.13560048,0.089825995
0.17535949,0.1249719
0.22367764,0.19509879
0.27717558,0.22912267
0.30228898,0.2620435
0.33181307,0.28635594
0.34118158,0.30321208
0.35900548,0.3266893
0.34543753,0.34536666
0.35171542,0.3621073
0.34613368,0.37050533
0.3340665,0.37723544
0.3185106,0.38836333
0.32665586,0.40138638
0.32418245,0.40094352
0.30835634,0.37915102
0.29371077,0.35774437
0.28193167,0.30994585
0.23095667,0.24889264
0.17600068,0.18871297
0.13274188,0.13365395
0.0934153,0.107823215
0.07790891,0.09473106
0.0726126,0.09323658
0.087286696,0.107546635
0.11906405,0.1499373
0.15766194,0.21359214
0.2096498,0.25232002
0.23045723,0.26268715
0.24815705,0.27578095
0.26335406,0.28965542
0.27254948,0.30463457
0.28071034,0.31894547
0.29957548,0.33303666
0.3099707,0.34697405
0.31681976,0.3585996
0.33063987,0.3782213
0.32936922,0.3918471
0.33818492,0.38010225
0.3318654,0.3614175
0.3182194,0.35220394
0.2879304,0.30777293
0.24303591,0.23588684
0.17666182,0.1761706
0.13261326,0.12469809
0.11244562,0.09952049
0.099349484,0.089624144
0.08799806,0.08597739
0.10075069,0.098054506
0.13694918,0.13995494
0.18425341,0.19520095
0.22123975,0.234631
0.24948372,0.24275884
0.2476989,0.25243828
0.26529285,0.262525
0.26889098,0.2691322
0.28342158,0.27700493
0.30243844,0.28362745
0.29388016,0.28449544
0.29011807,0.29133356
0.3169302,0.3056464
0.3184553,0.31446135
0.32127172,0.3036137
0.3040787,0.2955237
0.27773136,0.28817135
0.26251528,0.24474044
0.21060792,0.18945345
0.15303937,0.13323773
0.11182946,0.11437644
0.080266654,0.09028599
0.06844799,0.07492588
0.06356625,0.072674036
0.07222953,0.08404496
0.102361195,0.121951774
0.14681207,0.17649782
0.18405111,0.2120111
0.21018933,0.23246247
0.22893861,0.24686293
0.2447754,0.265966
0.2655494,0.2818025
0.27965337,0.29984066
0.30271092,0.31602532
0.31206894,0.3333675
0.32999292,0.34588674
0.35994837,0.37365565
0.36795294,0.3861819
0.36076543,0.3790904
0.3350136,0.36015823
0.3167972,0.3487521
0.29723874,0.30394983
0.2415626,0.23463291
0.17476186,0.1733162
0.17270416,0.13021985
0.17064644,0.10552375
0.16858874,0.08827173
0.16653104,0.08723724
0.16447333,0.092485674
0.16241562,0.13619222
0.1603579,0.19022655
0.1583002,0.22273736
0.15624249,0.24607712
0.15418479,0.26070902
0.15212709,0.28470495
0.15006937,0.30184963
0.14801167,0.31811896
0.14595395,0.3305514
0.14389625,0.34111258
0.14183854,0.35162356
0.13978083,0.36749533
0.13772312,0.3705939
0.13566542,0.3600928
0.13360772,0.3412037
0.13155,0.32793596
0.1294923,0.27942926
0.12743458,0.21931928
0.12537688,0.16021663
0.12331917,0.087184705
0.12126146,0.06368896
0.119203754,0.048556916
0.117146045,0.037345517
0.115088336,0.045059655
0.11303063,0.06112434
0.11097292,0.097165614
0.10891522,0.122904666
0.10685751,0.1512657
0.1047998,0.1809916
0.10274209,0.20042111
0.10068438,0.21228871
0.09862667,0.22856736
0.096568964,0.2458973
0.094511256,0.258475
0.092453554,0.27686933
0.090395845,0.3023083
0.08833814,0.323869
0.08628043,0.32823783
0.08422272,0.3125752
0.08216501,0.29566774
0.0801073,0.26133677
0.07804959,0.20291439
0.075991884,0.14834937
0.07393418,0.05995493
0.04190693,0.037253138
0.023439225,0.022416895
0.012659701,0.010905987
0.010044182,0.022493701
0.012846423,0.031954642
0.01690305,0.06649965
0.043379888,0.100173354
0.08119222,0.1350853
0.11463678,0.17019539
0.14450857,0.19734861
0.17473824,0.2210437
0.20861767,0.24218564
0.23863856,0.26602143
0.2699947,0.28930128
0.30660933,0.3110811
0.34915957,0.34505332
0.3786574,0.3685858
0.38099098,0.37165666
0.35970142,0.35331774
0.31907758,0.32915086
0.28935158,0.29364064
0.22852316,0.22156069
0.16469161,0.16752037
0.11110007,0.1289628
0.07750816,0.104709774
0.061434075,0.08762019
0.054126162,0.08531131
0.061872095,0.09550503
0.08870733,0.13719004
0.12301235,0.20787552
0.16959698,0.25025845
0.2143345,0.28104538
0.25807944,0.3069504
0.31139448,0.32784218
0.36707008,0.35897166
0.41684946,0.3845718
0.46819106,0.414884
0.50818455,0.4416857
0.53621817,0.45943263
0.55555964,0.48262236
0.55554515,0.49714833
0.5262573,0.4914595
0.48193172,0.4647211
0.45959517,0.4400126
0.41890237,0.38879666
0.34535125,0.3056572
0.2669667,0.2334169
0.21056032,0.20382306
0.17722654,0.16918373
0.14905816,0.143401
0.1440226,0.13622952
0.15271336,0.13848683
0.17529579,0.18144302
0.22235763,0.23986953
0.26356947,0.2825145
0.2942279,0.3147071
0.31714195,0.34608707
0.35624978,0.37755203
0.39326447,0.41040504
0.42793173,0.43408075
0.45425475,0.45778203
0.47525975,0.47658488
0.481986,0.48702595
0.48374557,0.50063264
0.4755543,0.51178044
0.44400775,0.49612397
0.41563657,0.46757537
0.4075793,0.45175782
0.388465,0.39781997
0.31051442,0.31926584
0.23895286,0.25060067
0.19336258,0.19427197
0.16269855,0.16493799
0.13418509,0.14505833
0.12743245,0.13899043
0.13476066,0.141835
0.16141057,0.18926324
0.19345585,0.25989053
0.24472553,0.3043058
0.2858201,0.32768178
0.31724188,0.34611827
0.34518448,0.3710532
0.37384143,0.39175576
0.38981962,0.40180665
0.4057371,0.4142761
0.39231756,0.4113344
0.38870978,0.41249827
0.39529252,0.41606387
0.3824937,0.4253835
0.36670715,0.4193548
0.33915284,0.39877233
0.31770894,0.3909016
0.288923,0.341561
0.2380546,0.28237516
0.19446874,0.22372735
0.13598968,0.14272237
0.10483952,0.11540278
0.09042756,0.09820559
0.08509678,0.09362295
0.091396876,0.096019395
0.12354207,0.12647824
0.17262794,0.17495134
0.21492267,0.20864883
0.24444395,0.22793338
0.26059958,0.24659628
0.27869788,0.2668814
0.3017444,0.2859009
0.29729053,0.29457286
0.3013484,0.29984754
0.32380217,0.30529928
0.32016414,0.30909404
0.3244488,0.32221135
0.32766333,0.3316567
0.31588912,0.3222228
0.30202684,0.30791613
0.28780457,0.29810068
0.27112535,0.25895676
0.22341917,0.2007651
0.17404053,0.14800937
0.13181072,0.13138716
0.10748111,0.104610704
0.09151745,0.08366932
0.08943725,0.072284564
0.09592075,0.075126156
0.12250591,0.09234526
0.16281949,0.12525976
0.20060329,0.15466684
0.23544206,0.18691155
0.2593578,0.21325506
0.29374313,0.23238724
0.32000998,0.24689549
0.33360347,0.26310167
0.3506642,0.27120167
0.35282806,0.27874947
0.35942775,0.28561026
0.37686366,0.30110863
0.39447004,0.31269422
0.39184436,0.31038782
0.37026885,0.29333043
0.34809417,0.27897194
0.3309171,0.24353923
0.28246436,0.19043648
0.22165677,0.13449104
0.1658452,0.15750803
0.12974785,0.12555921
0.10860232,0.09830764
0.09378507,0.08053666
0.09207796,0.07808264
0.1020847,0.08202745
0.11593544,0.10681391
0.1452833,0.1282779
0.18991266,0.17482847
0.23974402,0.22072823
0.27982607,0.25937036
0.30967635,0.28932482
0.33834118,0.31873277
0.3579296,0.34191662
0.37285045,0.3630621
0.38847476,0.3828225
0.4056251,0.39757544
0.42508417,0.4193331
0.4256235,0.4127524
0.40103805,0.39198855
0.36209768,0.37034595
0.3362503,0.32933152
0.28306267,0.26644117
0.21937111,0.20169768
0.1613145,0.16300514
0.12369747,0.13030134
0.099131085,0.104859196
0.08171371,0.086765364
0.07287562,0.08900792
0.0723781,0.1049221
0.07429887,0.14028856
0.11190418,0.16663861
0.1714887,0.20868391
0.23887831,0.25076005
0.3015169,0.28482136
0.3623222,0.32176167
0.40912768,0.3479389
0.44789794,0.37313908
0.4736531,0.38636193
0.5070835,0.40431866
0.53601605,0.41403794
0.5578173,0.43415493
0.55932283,0.43093777
0.5300903,0.40629587
0.48743173,0.37600532
0.45239,0.3289832
0.38047808,0.26901105
0.298228,0.20762238
0.24958329,0.21713147
0.20881471,0.17748843
0.1866843,0.15021029
0.16977285,0.13621143
0.175003,0.13525465
0.2043003,0.16233523
0.24117114,0.21357116
0.28647444,0.25369763
0.33818808,0.30121636
0.3923718,0.34811616
0.45502913,0.3919816
0.50077885,0.44468433
0.54471135,0.47934666
0.5813759,0.51234895
0.59167296,0.53867805
0.5928279,0.55318254
0.5896064,0.56961274
0.5981545,0.5796351
0.5732254,0.5660879
0.51742184,0.5281065
0.48463508,0.49445143
0.4403111,0.44236293
0.3694287,0.36190382
0.29577994,0.29003796
0.23583633,0.23061542
0.1914642,0.19084546
0.15587592,0.16356063
0.14718972,0.14936179
0.15721028,0.14629105
0.17780386,0.18203318
0.20963581,0.23848376
0.27362117,0.27986518
0.302489,0.31859502
0.33555907,0.35584515
0.3702351,0.39107364
0.39456612,0.42571506
0.40208524,0.45050737
0.4127428,0.47309923
0.39878863,0.48571512
0.406148,0.49157694
0.4064469,0.49592552
0.4236854,0.49921727
0.42396733,0.4865381
0.4008333,0.45093945
0.37446043,0.43141425
0.35129505,0.37987363
0.29579833,0.30980477
0.2307087,0.24572603
0.19065623,0.17723003
0.15185446,0.14431457
0.13660532,0.124744594
0.121588394,0.119518906
0.11787231,0.12212559
0.1525884,0.15788662
0.21353826,0.20866114
0.2589945,0.24981707
0.2721484,0.27937144
0.30738807,0.30425027
0.33085233,0.33207282
0.35007444,0.3652019
0.36118403,0.39285818
0.37969092,0.41695192
0.4003456,0.43812585
0.41975355,0.45197675
0.43625465,0.4747117
0.45082986,0.4854192
0.44849873,0.470268
0.4269229,0.44330436
0.39552334,0.42131683
0.3798057,0.37083688
0.30600175,0.29974833
0.22991002,0.22525561
0.18393211,0.17665492
0.15512797,0.14749512
0.11969247,0.12512833
0.113767736,0.1227068
0.10819037,0.12356996
0.13852802,0.16096872
0.17772721,0.21516877
0.21460679,0.252784
0.24346939,0.2921596
0.27461305,0.3192248
0.31496218,0.3535929
0.36077663,0.39051577
0.40248108,0.42380962
0.4476645,0.45348084
0.48384076,0.48157832
0.5152134,0.49747822
0.54514796,0.5231076
0.561556,0.5333415
0.5413199,0.51843613
0.5077245,0.4876557
0.4578632,0.46251962
0.42661628,0.40978014
0.34458056,0.3328905
0.26000968,0.25355703
0.20278358,0.20160334
0.15739857,0.16904509
0.12964652,0.14310557
0.11744969,0.13570617
0.11859628,0.13968962
0.14061575,0.17030674
0.18110606,0.22412083
0.22435926,0.255816
0.26894173,0.29818496
0.31684566,0.33211944
0.3654769,0.37118497
0.3995628,0.41363317
0.4305254,0.45048234
0.4676365,0.48028064
0.48968536,0.5074194
0.4927655,0.52584195
0.5022387,0.54833734
0.5190169,0.5586873
0.51329243,0.5448927
0.4768083,0.5042307
0.44233826,0.4761592
0.4103882,0.42481354
0.3446532,0.346187
0.2766882,0.26884326
0.2104912,0.20389396
0.17546256,0.1681126
0.14243275,0.1383599
0.12251588,0.122948036
0.119512215,0.121237285
0.12076748,0.13809647
0.13082759,0.17221725
0.16241682,0.19971293
0.21191113,0.24520433
0.2737148,0.29519954
0.34457287,0.3402075
0.40376312,0.386069
0.44694474,0.42061827
0.4642179,0.45126212
0.47902885,0.4750348
0.48973995,0.49543187
0.49320298,0.5104528
0.4911709,0.528051
0.46434548,0.51382035
0.4258386,0.4770492
0.38993427,0.4452829
0.35777384,0.3964235
0.3062021,0.32318103
0.25149602,0.2527446
0.20284098,0.18074484
0.16208799,0.14206174
0.13130726,0.11430699
0.11589991,0.09377688
0.10962518,0.086250596
0.11149696,0.089411825
0.118639156,0.11273479
0.15001348,0.1436272
0.20219506,0.19696248
0.2567435,0.25923085
0.29384884,0.3126479
0.33814728,0.3716532
0.3839558,0.41474107
0.42415792,0.4549569
0.44182256,0.48954925
0.4684329,0.5205444
0.50711864,0.5383902
0.54792345,0.56344414
0.55379343,0.5470844
0.5279126,0.51258165
0.48481935,0.47169814
0.43721047,0.42018005
0.36039338,0.34420276
0.2808456,0.2708055
0.21028996,0.22584538
0.17602623,0.18890882
0.14846423,0.16606352
0.12757997,0.1562338
0.12272798,0.15913495
0.14133988,0.19239458
0.1662743,0.25016975
0.20462789,0.29893336
0.24653885,0.34689277
0.2877262,0.39141956
0.33389413,0.4387175
0.36714935,0.4906001
0.39978087,0.5322184
0.45021406,0.57088065
0.46901092,0.60397834
0.49964204,0.6190251
0.53413236,0.6357959
0.54273826,0.6398314
0.5223911,0.61765474
0.4899099,0.5789225
0.44620642,0.5386036
0.40540862,0.48712543
0.3475641,0.39667806
0.27113357,0.31576636
0.21032058,0.22908735
0.1665998,0.19394758
0.14044599,0.17182752
0.123828895,0.16457622
0.12120777,0.16721112
0.12276718,0.20841433
0.13318218,0.2643269
0.16690184,0.31025127
0.22535658,0.35272735
0.29076153,0.38799044
0.3632161,0.43198195
0.42341223,0.4783669
0.47027126,0.5166278
0.50497633,0.5430063
0.5183572,0.56657445
0.53361875,0.57684165
0.55066127,0.5859781
0.57007927,0.5828378
0.567008,0.5613125
0.53684974,0.525605
0.47666255,0.48649505
0.42503133,0.43384674
0.3700685,0.35561982
0.3088836,0.2837754
0.23360212,0.24287122
0.19291091,0.20428418
0.16925836,0.17905805
0.14761285,0.16600585
0.13937151,0.1692161
0.16736628,0.19977783
0.19755587,0.25066975
0.26986098,0.29523614
0.33673942,0.34533328
0.4176653,0.39123014
0.50926936,0.44134644
0.58254486,0.49368602
0.6328279,0.5361363
0.67772484,0.56514025
0.70331883,0.58930963
0.7340719,0.6001185
0.7533311,0.6085884
0.76322585,0.61014014
0.7598036,0.5899484
0.7223341,0.5476114
0.6535928,0.50334996
0.6035275,0.45359835
0.5009435,0.3734081
0.40021434,0.2997607
0.31922722,0.31698284
0.26250514,0.27123597
0.22712283,0.23606318
0.20612045,0.21828142
0.19667861,0.21442646
0.21255004,0.24545315
0.25660262,0.29047236
0.31881508,0.33974576
0.39056006,0.3958916
0.47468156,0.45739582
0.56930363,0.522156
0.6397107,0.58825326
0.688801,0.64035004
0.7291721,0.68102485
0.75978416,0.7145056
0.7752799,0.7282261
0.7770339,0.7417663
0.7660402,0.73781496
0.73321337,0.7123341
0.6934118,0.65407616
0.6305816,0.60949636
0.58339185,0.5513363
0.49907276,0.4569312
0.40359896,0.37277675
0.33360836,0.33463445
0.26968443,0.28651512
0.23276441,0.25000003
0.22513625,0.2307226
0.2207963,0.22922316
0.2380231,0.25502765
0.27667806,0.29698554
0.33137032,0.3417984
0.37289262,0.39262667
0.45447087,0.44912615
0.5022418,0.51022136
0.57328904,0.5662255
0.60952044,0.61269367
0.6709452,0.6433799
0.6951035,0.66498846
0.7084622,0.67253745
0.705633,0.6806684
0.70235145,0.67603225
0.6775171,0.6505868
0.63350147,0.593864
0.5865448,0.5525553
0.53568864,0.4998087
0.44986108,0.4148473
0.37393612,0.33705288
0.29700387,0.30086568
0.22824788,0.2550422
0.18738429,0.22061235
0.1649653,0.20071799
0.14661643,0.19738594
0.14369273,0.21949992
0.14779592,0.26126406
0.18716572,0.29445472
0.25073057,0.34491974
0.3210843,0.39664164
0.38906366,0.45132253
0.45643243,0.5011365
0.506345,0.540379
0.5505458,0.5625179
0.5819669,0.5732282
0.6095847,0.576717
0.636318,0.5787739
0.64080393,0.5735152
0.61906534,0.55434626
0.5769491,0.50318587
0.52661765,0.46421602
0.4854945,0.4157836
0.41315892,0.34830472
0.33500713,0.28022838
0.2725591,0.25563976
0.22633307,0.21239159
0.19391486,0.18130821
0.16762073,0.16393742
0.1500511,0.1588251
0.14964372,0.17823462
0.15473965,0.2214734
0.18612745,0.2496272
0.23674719,0.30696055
0.28346795,0.35564542
0.31702346,0.40527117
0.3502108,0.45216054
0.3677601,0.48739532
0.3797464,0.50842696
0.3834798,0.5191047
0.4016873,0.52551883
0.43729657,0.5284093
0.45514584,0.5271236
0.4500807,0.51060694
0.4257147,0.46464708
0.40153313,0.43240288
0.3666548,0.3869749
0.30894467,0.32550773
0.24423063,0.2596779
0.2004626,0.20493098
0.17457357,0.16844243
0.15751266,0.14252928
0.14071147,0.13036664
0.14735772,0.12655729
0.18293549,0.13933691
0.224858,0.17264399
0.2703734,0.20634106
0.30734485,0.26139963
0.3503709,0.31279808
0.4061256,0.36107498
0.4492169,0.41608584
0.4974467,0.45699352
0.5375443,0.49326038
0.5729308,0.52682674
0.59813875,0.5515012
0.6137167,0.57559437
0.64047986,0.59206843
0.6386371,0.5674127
0.60026413,0.53112423
0.529626,0.4974636
0.4783497,0.44812194
0.38209873,0.3690032
0.29618663,0.28910053
0.23178232,0.24428858
0.18831179,0.20567556
0.16069886,0.17376173
0.15552802,0.16229019
0.14867668,0.15962258
0.18133199,0.17576523
0.20760496,0.21524543
0.26585108,0.24803996
0.3057844,0.3068531
0.35802758,0.36294618
0.42794067,0.42615196
0.482067,0.48849154
0.5285997,0.539545
0.5813993,0.58239794
0.61987334,0.62206525
0.64636904,0.65210384
0.6726802,0.67722726
0.6941183,0.6899793
0.6809651,0.66981155
0.64552695,0.6236177
0.57710785,0.58107054
0.5184937,0.5264047
0.41882783,0.43916485
0.3251383,0.3519924
0.2614625,0.27744684
0.21087514,0.23758577
0.17888412,0.20496902
0.17199305,0.19259688
0.1644034,0.19412255
0.1868663,0.21906345
0.22335319,0.2700108
0.28109166,0.31373543
0.33826822,0.36684585
0.3843296,0.42452452
0.4613063,0.48795792
0.52864635,0.5550705
0.6082178,0.6080118
0.6458026,0.65466505
0.6814901,0.69213074
0.70988685,0.7209277
0.73106354,0.7408441
0.7433041,0.74819267
0.71330947,0.7248848
0.6778869,0.6680475
0.6150801,0.6203345
0.55743283,0.5593737
0.47155714,0.4628851
0.37018853,0.3750294
0.28924465,0.30958626
0.23400514,0.26468465
0.21460015,0.22797415
0.19231679,0.21204315
0.19132893,0.2064448
0.21724962,0.23016535
0.26374623,0.27602038
0.32431966,0.32615927
0.38798198,0.38841835
0.45227692,0.45768383
0.525907,0.53392184
0.5924686,0.61773854
0.65464854,0.6778876
0.7232168,0.7305511
0.7521499,0.77767104
0.77856827,0.8004254
0.7912693,0.82012177
0.79748046,0.82119703
0.7704955,0.79517037
0.72751087,0.7291842
0.649798,0.6671378
0.58404654,0.60673416
0.4998795,0.50119406
0.41386786,0.41171497
0.33556765,0.33004895
0.27919853,0.28274566
0.24031329,0.24899939
0.21196713,0.22959921
0.2076837,0.2275019
0.22485398,0.25007746
0.25860968,0.2981457
0.31624156,0.3458294
0.36640492,0.3998225
0.42728528,0.4633713
0.48832056,0.52789557
0.54336405,0.5911357
0.59304386,0.6392986
0.64133805,0.67431545
0.6733709,0.70128
0.6821019,0.7089792
0.6628908,0.71098906
0.65196323,0.7029053
0.63930875,0.6717735
0.61242175,0.61373824
0.5566135,0.56339145
0.50635237,0.5139861
0.43228096,0.42240435
0.34566906,0.3459755
0.27265835,0.26881084
0.22613391,0.22184125
0.18817423,0.18951312
0.17085084,0.16768982
0.15702671,0.16502813
0.15802401,0.17189167
0.16502114,0.20017123
0.20658717,0.23429295
0.27702856,0.28937286
0.36046004,0.3519001
0.4491359,0.41178557
0.5320109,0.47188982
0.59695154,0.5166448
0.6349944,0.5462552
0.66648895,0.5698264
0.6858745,0.58381927
0.6872428,0.5907333
0.67260057,0.59610635
0.63104504,0.5716809
0.57526755,0.52180237
0.5296337,0.47834042
0.48746517,0.43488377
0.411368,0.35827973
0.33234435,0.2868348
0.27554423,0.26179838
0.23528035,0.21777889
0.20159955,0.18489927
0.18067172,0.16600658
0.16908301,0.15418407
0.17241654,0.16750035
0.17790431,0.19035816
0.20760426,0.22011638
0.2581048,0.2769107
0.30723724,0.34140417
0.3575682,0.4007192
0.4111848,0.45830724
0.46252462,0.5000226
0.50920725,0.5282573
0.5531963,0.5531774
0.5884542,0.56576633
0.624278,0.5787056
0.63674945,0.5830051
0.6137946,0.55744594
0.5773884,0.5141735
0.525862,0.47607923
0.48187783,0.42636684
0.40862614,0.3556763
0.32097894,0.2835244
0.25936058,0.28035316
0.21991588,0.24051324
0.18988834,0.21360752
0.16939469,0.20086555
0.17075878,0.20162737
0.20053889,0.23030823
0.24724287,0.28089628
0.2975637,0.3266053
0.35740495,0.38220257
0.41348776,0.43599847
0.47296518,0.49169013
0.53919613,0.5524531
0.5979188,0.60244423
0.6438892,0.6419616
0.6722035,0.6732001
0.6668603,0.689129
0.65749073,0.70491964
0.6310095,0.70410985
0.5893505,0.67922336
0.5320184,0.62481064
0.48561788,0.58239937
0.44710732,0.5295115
0.3642017,0.44283658
0.2964115,0.35768905
0.23911823,0.25508022
0.19870403,0.21699905
0.16969007,0.1891247
0.1587121,0.17750764
0.16478752,0.17814595
0.19313262,0.19658089
0.23508243,0.24063501
0.28203124,0.27427873
0.32584074,0.3273531
0.3662033,0.3780527
0.41828218,0.4356794
0.46467203,0.49265778
0.5089817,0.5414671
0.5516626,0.5771189
0.58684665,0.61011094
0.6230317,0.63445383
0.6479197,0.64904696
0.6667079,0.65637434
0.6479771,0.63026506
0.6111549,0.58320016
0.56693035,0.53829575
0.5250302,0.48569733
0.43634108,0.40278432
0.36501944,0.32079947
0.2949424,0.28626162
0.25021452,0.24921833
0.22074643,0.22090966
0.20531528,0.2101795
0.2103288,0.21123773
0.23765647,0.24560216
0.27802274,0.3069635
0.32033566,0.3492773
0.3577845,0.3922541
0.3937648,0.43952563
0.44082594,0.48830196
0.47971538,0.5363395
0.5314894,0.5766988
0.5571462,0.61479324
0.60160387,0.6397411
0.6411842,0.65918183
0.67832786,0.6706416
0.6857928,0.67510974
0.678571,0.6476707
0.6435252,0.5992821
0.5814203,0.56583893
0.5292072,0.5062346
0.44503412,0.419939
0.3529885,0.33625716
0.28248253,0.29366228
0.24091038,0.25587836
0.20101401,0.22449571
0.18682867,0.21173108
0.18656547,0.2129403
0.19983084,0.25125855
0.24414645,0.32095367
0.28877163,0.36972076
0.3447981,0.41885397
0.39385667,0.45990065
0.4725634,0.5114802
0.5292909,0.5657087
0.590918,0.6086526
0.6371874,0.64507174
0.6724497,0.6687207
0.6997261,0.6850341
0.7334944,0.6925362
0.74724436,0.69087803
0.7256447,0.66407055
0.68386257,0.6069059
0.63541037,0.5714301
0.5831619,0.5093862
0.48266515,0.42252132
0.37821588,0.34342998
