true,forecasted
0.12398416,0.16951177
0.09090182,0.14441147
0.06478731,0.11876775
0.048932303,0.0997029
0.05529311,0.113977
0.0864723,0.13837497
0.13178872,0.1742667
0.18109623,0.21921195
0.20552985,0.24311787
0.22263211,0.27689064
0.23172615,0.30380398
0.2437523,0.3314198
0.25979427,0.3546174
0.2766485,0.3884655
0.29427865,0.412686
0.31787607,0.4338054
0.34103087,0.4471702
0.35361385,0.4435409
0.32521144,0.41929635
0.30602333,0.39448574
0.27518377,0.36297894
0.2542545,0.34699866
0.20232157,0.29531762
0.15069374,0.2452644
0.09920427,0.11916452
0.07362696,0.09699349
0.048512217,0.075209334
0.035000354,0.06569484
0.045482907,0.07760647
0.06780892,0.09576644
0.12737833,0.13990155
0.16647042,0.18566662
0.19227105,0.20741981
0.20025751,0.2284165
0.20505719,0.2429011
0.2223302,0.26487035
0.22758475,0.280365
0.2519342,0.3070269
0.2661556,0.32386303
0.28552425,0.33996868
0.30617204,0.35088554
0.31386295,0.3492984
0.2911086,0.3288695
0.26679635,0.31666213
0.25263336,0.29125836
0.23962869,0.27245545
0.19074365,0.22791019
0.14672495,0.17818984
0.09113178,0.090492
0.05839305,0.06837295
0.040262077,0.052660204
0.028259823,0.03929017
0.032311738,0.05794677
0.068062514,0.08242062
0.10836708,0.13539475
0.15637662,0.18956102
0.1820721,0.20837462
0.19484045,0.22284842
0.19977503,0.23657942
0.22265682,0.26224414
0.2480833,0.27272916
0.24576937,0.2976344
0.24328202,0.30114397
0.24591036,0.3163318
0.2511543,0.32744515
0.2726032,0.32074484
0.24743351,0.2997282
0.23156337,0.28874683
0.21609022,0.26438722
0.19700567,0.23835468
0.16213942,0.18978792
0.12556972,0.12896451
0.090926245,0.055802252
0.055513773,0.035011362
0.0350131,0.00691472
0.02764403,-4.265178e-05
0.02129969,0.0024369955
0.022976857,0.020767592
0.029360231,0.054549217
0.0510038,0.0935023
0.08918217,0.109835096
0.115432896,0.143139
0.13150193,0.16471118
0.14734472,0.18799344
0.17601056,0.20649822
0.18362154,0.23179527
0.21756876,0.2447402
0.25483817,0.25584763
0.29137814,0.27033752
0.31281936,0.27335972
0.3245449,0.24908838
0.3098246,0.24338567
0.29502907,0.21394083
0.2732769,0.19369921
0.23656353,0.15024903
0.19171289,0.107970476
0.14451352,0.17413077
0.11732595,0.15122226
0.085037045,0.12863699
0.068412766,0.11031893
0.05494206,0.103242904
0.051877435,0.08968885
0.04882529,0.08492917
0.07751795,0.10057417
0.106228136,0.122051075
0.14939763,0.17415611
0.18963368,0.20570837
0.2234869,0.24686529
0.26756853,0.2792424
0.31131744,0.3133379
0.34437615,0.3438519
0.3761653,0.36769032
0.39888325,0.39095083
0.41556224,0.4040607
0.41822246,0.38495544
0.39994225,0.3795724
0.39232516,0.3500306
0.3787862,0.33471534
0.33246604,0.29287028
0.2860102,0.23902293
0.22283445,0.22553597
0.19423394,0.1991005
0.16417295,0.16793244
0.15843776,0.14699411
0.16758914,0.14916919
0.20540106,0.17078152
0.25576755,0.19519164
0.3137915,0.22419988
0.3555162,0.24840261
0.3853066,0.3048303
0.40423235,0.35777178
0.4139188,0.40556976
0.4114036,0.4485389
0.42491624,0.4956204
0.41490716,0.5234818
0.42300037,0.54868823
0.42183304,0.55522346
0.42974275,0.5566274
0.37704507,0.5247577
0.3379657,0.4867847
0.31190482,0.4531259
0.2857991,0.44197464
0.23936155,0.37947154
0.17339471,0.3325431
0.117963515,0.12967104
0.089879744,0.10593587
0.072695166,0.0836249
0.047933068,0.06602612
0.05723502,0.08473933
0.09153753,0.10782046
0.14474002,0.15546568
0.19917808,0.20617177
0.22228505,0.22338076
0.24505001,0.248293
0.2516944,0.26517874
0.24726462,0.29109648
0.27900836,0.30415994
0.29482117,0.33369973
0.3154485,0.3466691
0.34584993,0.3686254
0.3662282,0.3818344
0.38494307,0.3825408
0.36348486,0.35730317
0.33387822,0.33757132
0.31225774,0.30736828
0.28670645,0.28604916
0.2409811,0.23733172
0.17324015,0.18104674
0.12287472,0.13220379
0.08805175,0.11387327
0.06880789,0.08720321
0.056119476,0.07048717
0.067653574,0.0835209
0.11615783,0.10425095
0.16075966,0.14452656
0.20829388,0.18977901
0.2412716,0.20880936
0.25921723,0.23508349
0.27577114,0.2553771
0.26691237,0.2785722
0.24566819,0.2846781
0.2761615,0.3104262
0.29554397,0.32174015
0.3032431,0.34344006
0.32857692,0.35304204
0.34627214,0.36022234
0.3344021,0.33468586
0.31394288,0.32272726
0.28773862,0.29085237
0.26775813,0.2753785
0.22400019,0.22965074
0.16277115,0.17912425
0.11404358,0.13800505
0.078978166,0.116907075
0.050600175,0.09404515
0.044282388,0.076239616
0.054393448,0.08405398
0.07718257,0.10235056
0.13760862,0.13780412
0.1786628,0.18055265
0.20924559,0.20063935
0.22390221,0.23070736
0.23931296,0.25360572
0.2488786,0.2802427
0.2686185,0.29892057
0.290214,0.3320596
0.32118633,0.34874398
0.34988934,0.370114
0.39513594,0.38634375
0.40259317,0.3890982
0.37282053,0.36271524
0.3449192,0.34528157
0.31332362,0.31723768
0.29072383,0.29812688
0.2338558,0.25105542
0.18074572,0.1952811
0.1797996,0.14019686
0.1788535,0.11313589
0.17790738,0.089522466
0.17696127,0.07598007
0.17601515,0.08335108
0.17506905,0.10363323
0.17412293,0.13651907
0.17317683,0.18376316
0.1722307,0.20097385
0.1712846,0.23637687
0.1703385,0.2644114
0.16939238,0.28813702
0.16844627,0.31266734
0.16750015,0.34349275
0.16655405,0.3694494
0.16560793,0.38397843
0.16466182,0.3988223
0.1637157,0.39791176
0.1627696,0.36681873
0.16182348,0.3528726
0.16087738,0.32103366
0.15993126,0.30709937
0.15898515,0.2581383
0.15803903,0.20679611
0.15709293,0.08708534
0.15614682,0.062405095
0.1552007,0.031708106
0.1542546,0.012376907
0.15330848,0.011378283
0.15236238,-0.011438709
0.15141626,-0.036060616
0.15047015,-0.0204424
0.14952403,0.016708061
0.14857793,0.048013106
0.14763181,0.065363176
0.1466857,0.08531294
0.14573959,0.11445154
0.14479348,0.14704059
0.14384736,0.16973165
0.14290126,0.17506674
0.14195515,0.20218042
0.14100903,0.24039192
0.14006293,0.2374697
0.13911681,0.24361035
0.1381707,0.22313178
0.13722458,0.21006605
0.13627848,0.18055433
0.13533236,0.13612182
0.13438626,0.06950702
0.10208806,0.044523012
0.073501885,0.020080753
0.060450207,0.009152467
0.039800566,0.010232076
0.039220355,0.014697012
0.03957432,0.030708477
0.05475246,0.0653895
0.083599664,0.085840754
0.11939319,0.116054654
0.1438993,0.13487744
0.17072919,0.15858471
0.19392511,0.18015264
0.22545457,0.2053567
0.25942063,0.22385548
0.2993898,0.235037
0.32614136,0.2624778
0.3537259,0.27307644
0.35830626,0.25879285
0.34583798,0.25735736
0.31118786,0.22815655
0.2950097,0.21357116
0.24595816,0.1686514
0.1951506,0.12211464
0.14417255,0.16385934
0.11110137,0.14492446
0.092406645,0.118413314
0.07379929,0.100499235
0.0854104,0.11952509
0.10195423,0.15031308
0.12842004,0.1953446
0.15824471,0.24068591
0.20290895,0.25145
0.24245805,0.28482902
0.29991958,0.3148115
0.34369716,0.35210305
0.37710348,0.38470763
0.4104678,0.42530575
0.45376477,0.45830175
0.48544478,0.48244286
0.5176954,0.48759225
0.51116365,0.4907512
0.47463349,0.4495816
0.46569481,0.41509712
0.43922687,0.37686896
0.40549287,0.35186005
0.35284856,0.29348308
0.28345647,0.23277639
0.2356198,0.2314768
0.19028029,0.19982687
0.16053449,0.17181061
0.1553997,0.15625396
0.15779461,0.16621801
0.20293285,0.19578055
0.25998676,0.23096444
0.30425614,0.27046975
0.34594896,0.29164904
0.36707845,0.33980674
0.38964504,0.38613227
0.4193335,0.43647847
0.44952115,0.47780204
0.45429614,0.52319276
0.44386244,0.5553124
0.4373253,0.57437044
0.43209836,0.58309186
0.41678187,0.58273286
0.3896785,0.5426626
0.3592468,0.50476897
0.34271413,0.46805096
0.3235701,0.4461413
0.27635932,0.3851456
0.22932114,0.32472283
0.17001382,0.16404492
0.13975711,0.13737495
0.11368297,0.11076625
0.09849102,0.096741095
0.110649146,0.10734462
0.14677009,0.1354224
0.19440602,0.17741954
0.24221508,0.22544883
0.2682122,0.24801348
0.27742574,0.2871018
0.28279263,0.3161212
0.28851295,0.3408868
0.28896198,0.35821536
0.28551283,0.38595444
0.28361818,0.3992822
0.2795984,0.41596207
0.27755532,0.42002657
0.27501062,0.4204533
0.24645287,0.40187138
0.22636937,0.37999862
0.21701059,0.35084903
0.1985567,0.33241618
0.16241877,0.2914152
0.1258419,0.24292196
0.0806864,0.06424405
0.06151636,0.048468594
0.0375647,0.027469866
0.041837275,0.02217881
0.04766062,0.03165479
0.09436662,0.056107752
0.14345692,0.10655032
0.18780676,0.15819055
0.2244795,0.1787302
0.23568672,0.1949026
0.24786024,0.20251137
0.25087255,0.21564354
0.26298952,0.2172181
0.26589748,0.23361662
0.25776258,0.23218459
0.26358116,0.2373964
0.2515789,0.24210024
0.26465634,0.24705325
0.24975887,0.23789397
0.23338711,0.23611432
0.22655205,0.21799475
0.20931251,0.19493753
0.17909724,0.15646969
0.13331133,0.11063604
0.10553692,0.08750039
0.07712123,0.07156817
0.06029221,0.045389216
0.057723884,0.038021658
0.06873195,0.035287146
0.11376688,0.04721746
0.1627754,0.0696106
0.21686852,0.10356921
0.25627768,0.12178144
0.28096277,0.15465808
0.29685998,0.17400284
0.3165983,0.19699496
0.33236858,0.21555683
0.33854273,0.23794208
0.36228433,0.25043738
0.3806126,0.26457226
0.36931697,0.2723707
0.36796245,0.28266448
0.3277965,0.26935673
0.31214967,0.26969364
0.2978611,0.24466252
0.28853074,0.226102
0.26130334,0.18675157
0.22716466,0.140358
0.18320066,0.15094438
0.15300237,0.12774591
0.13005632,0.10151755
0.11418803,0.08759473
0.11595177,0.0849105
0.11564825,0.09144513
0.12525956,0.10813694
0.15299839,0.1386165
0.19577436,0.16493401
0.2378315,0.20764752
0.26737016,0.242219
0.3046927,0.2762721
0.34029505,0.3014353
0.34676552,0.33433923
0.37094635,0.351312
0.41672188,0.37371057
0.4158339,0.3906551
0.4291567,0.39494443
0.42640063,0.3724596
0.4104373,0.3581661
0.3944216,0.32810867
0.37405398,0.3133032
0.332226,0.26660457
0.28678557,0.21449307
0.24667539,0.2159659
0.18784605,0.18466203
0.15943965,0.15952545
0.1338772,0.13626544
0.120047756,0.13400938
0.10744219,0.12983361
0.11985869,0.13185847
0.14257346,0.16471134
0.19043031,0.19292036
0.23536462,0.2493231
0.2880031,0.30174553
0.33334315,0.3520632
0.3646113,0.3898754
0.39837474,0.43325353
0.4295789,0.4669182
0.4600393,0.4911384
0.49027526,0.50955397
0.4987798,0.50813264
0.5224043,0.48387724
0.50512785,0.45926547
0.47861424,0.42313123
0.47028366,0.40239817
0.4206073,0.3560526
0.363295,0.2968807
0.30673686,0.26183605
0.257385,0.22876497
0.23389298,0.19894564
0.22051229,0.1819659
0.23272511,0.1821077
0.2698238,0.20005956
0.33108497,0.22184616
0.3619933,0.26457265
0.42093974,0.29510576
0.46231338,0.349097
0.50580156,0.40030488
0.5543801,0.45745036
0.59310603,0.49684513
0.59094536,0.5407684
0.5761257,0.568066
0.5879689,0.591099
0.6351119,0.603456
0.6545823,0.60003895
0.6244403,0.5598202
0.5785145,0.526548
0.54504555,0.48892462
0.5154434,0.45867616
0.43566674,0.3971169
0.34818217,0.33537042
0.27501488,0.28369343
0.23256738,0.25381473
0.1955505,0.22065061
0.17645906,0.20014915
0.1753706,0.21048883
0.21497573,0.24725172
0.26336366,0.28732762
0.31028953,0.34153172
0.35692197,0.36734217
0.3937052,0.41303688
0.41655192,0.4583294
0.46192756,0.4981834
0.4936952,0.53952867
0.5151781,0.58991635
0.5445197,0.6127374
0.47410905,0.6315479
0.4494452,0.62598073
0.45763454,0.62367165
0.45461902,0.5907879
0.42469904,0.55615306
0.39242023,0.5202462
0.37240177,0.49701643
0.32033765,0.42319554
0.25754112,0.37515178
0.2017488,0.18950632
0.16104352,0.16036767
0.13232273,0.13450265
0.11757503,0.11693512
0.12293341,0.1218628
0.15540287,0.14216347
0.21133435,0.17593943
0.26554087,0.22887573
0.30343378,0.2593032
0.32285076,0.29928374
0.34164372,0.33350632
0.3691797,0.36646262
0.3839529,0.394023
0.4052483,0.43198568
0.4092102,0.45059022
0.42017606,0.47200882
0.42607003,0.4816838
0.4354264,0.47514588
0.41416097,0.4524388
0.39071703,0.4244393
0.35987613,0.39399767
0.34426993,0.36959398
0.29052415,0.31602886
0.2262735,0.26213494
0.1691893,0.19096018
0.13050403,0.1606257
0.10618989,0.13529307
0.09464703,0.11945963
0.09633057,0.12281117
0.1345169,0.14013065
0.18226223,0.16848657
0.22335121,0.2192832
0.26820743,0.24902873
0.2906354,0.2828254
0.31605208,0.31349027
0.3480595,0.34781024
0.3775424,0.37108526
0.41295117,0.40996137
0.4346497,0.43315527
0.46869066,0.45499784
0.4892078,0.46839094
0.51852024,0.46353272
0.4901943,0.43634304
0.45598233,0.4139492
0.41186827,0.38277566
0.38245973,0.35614613
0.32899117,0.30794102
0.2600396,0.25130072
0.20644014,0.21705635
0.16903663,0.19151647
0.14731605,0.1642313
0.13814288,0.14557305
0.13870822,0.15377448
0.17353332,0.17917381
0.22835004,0.21365502
0.2753646,0.26142475
0.31397632,0.28833222
0.35609215,0.3303585
0.39986736,0.3669612
0.44374108,0.4154166
0.49001452,0.44745755
0.53094333,0.4899404
0.5530705,0.5150677
0.550696,0.540704
0.5406569,0.5435765
0.4917355,0.53910637
0.4390423,0.502767
0.3963245,0.47139803
0.37803766,0.4338315
0.36327162,0.40561476
0.32490793,0.35389602
0.27800462,0.2982804
0.23284036,0.20313865
0.1984898,0.17610261
0.16355716,0.15038735
0.1424468,0.13441344
0.13828388,0.13053536
0.13586825,0.12811093
0.14680754,0.14467415
0.17139038,0.17288223
0.22274762,0.19909492
0.27417257,0.2499707
0.31530643,0.2972724
0.3637281,0.33881852
0.41091606,0.37802988
0.43208456,0.4205697
0.4596192,0.44746265
0.47258642,0.47507477
0.47951388,0.4831909
0.47804758,0.4856455
0.45300215,0.46245852
0.41054323,0.43320358
0.3832266,0.40036732
0.37060353,0.38285083
0.3366948,0.3323528
0.2939016,0.28293234
0.25181842,0.23442899
0.21409386,0.20681159
0.19189106,0.17897822
0.17766516,0.15769096
0.17064396,0.15269746
0.1673167,0.14599444
0.17102288,0.14591944
0.19419757,0.17491443
0.22470042,0.21290918
0.26727352,0.26677114
0.3201462,0.32043016
0.39143986,0.37310323
0.43608814,0.40567505
0.47096875,0.44657263
0.49549636,0.47097751
0.5192866,0.49545547
0.56263185,0.50712806
0.55746204,0.50699335
0.5757996,0.4900724
0.5651075,0.4679184
0.537955,0.43842047
0.5215137,0.41027933
0.47145283,0.36416876
0.4213508,0.30135036
0.36606807,0.32072568
0.32617295,0.28121755
0.28990304,0.24718514
0.27201134,0.2272624
0.27724782,0.23278539
0.30667445,0.26455435
0.34534752,0.30462527
0.39453208,0.35557243
0.42259115,0.3902701
0.4752474,0.44557965
0.49392965,0.49315056
0.5376958,0.550088
0.55641204,0.59167844
0.59742934,0.64084935
0.6427904,0.6681766
0.66469127,0.6914117
0.6769572,0.6948123
0.6698733,0.68634087
0.6234897,0.6327665
0.5802121,0.5901916
0.53599316,0.5523639
0.50996894,0.52110374
0.45418382,0.44880122
0.36209315,0.3959066
0.29330596,0.31631064
0.26298422,0.27800867
0.22756802,0.24705869
0.21105313,0.2317407
0.19418083,0.23559332
0.2085711,0.26512188
0.22086732,0.3059418
0.26290375,0.36784288
0.31536192,0.4044729
0.36146808,0.45093966
0.4134451,0.4943824
0.4591561,0.5452638
0.49981648,0.58102435
0.5259185,0.62543786
0.547689,0.6487102
0.59555596,0.6696461
0.59200007,0.674628
0.6124604,0.67271817
0.5920282,0.62669766
0.5591421,0.5846243
0.52448964,0.54451174
0.47678334,0.5033178
0.45237255,0.43280393
0.41077054,0.3647493
0.34722435,0.292395
0.2967365,0.2546139
0.26595774,0.22071078
0.24719612,0.19986197
0.24428153,0.20672688
0.29599458,0.23064828
0.3330112,0.26406538
0.38805684,0.3122364
0.44677943,0.35328376
0.5032454,0.40530938
0.5531185,0.46021262
0.6110894,0.51858616
0.63618344,0.5684168
0.6637398,0.6241505
0.65612644,0.6535683
0.64106965,0.67887956
0.61705613,0.6777029
0.6378579,0.6594369
0.62648344,0.61619014
0.6083155,0.5754288
0.56457853,0.5452515
0.53564876,0.50371313
0.4697969,0.43295932
0.40708268,0.37583584
0.33881465,0.32673705
0.30419508,0.28621742
0.26113445,0.2496512
0.24551576,0.22940926
0.25143152,0.22792275
0.28604364,0.2624918
0.3472204,0.3023902
0.41730633,0.3563417
0.48832166,0.4033593
0.5349188,0.45328826
0.5989822,0.51420677
0.6278159,0.5771655
0.631598,0.61085874
0.6176732,0.6727805
0.5780078,0.6805587
0.5870318,0.7001555
0.62021184,0.7061881
0.66894686,0.69793844
0.6454049,0.66356283
0.625678,0.61578226
0.5747985,0.5765901
0.5374348,0.5449486
0.47730008,0.46138757
0.41432402,0.39775243
0.33894184,0.32966888
0.29537058,0.2849192
0.2607542,0.25402603
0.24677975,0.23716402
0.24816535,0.23770653
0.2884856,0.26286292
0.33859372,0.30312863
0.40778053,0.36392522
0.47256464,0.40964723
0.5353591,0.46833533
0.5884038,0.5268999
0.6119415,0.5801367
0.62771845,0.62257326
0.61546046,0.6672909
0.62077636,0.68537015
0.64337295,0.7033999
0.6502933,0.70808303
0.66943944,0.6984759
0.63059616,0.66444683
0.5875862,0.6154393
0.5484293,0.57690454
0.52362925,0.5359975
0.4706493,0.46178353
0.41503993,0.39149877
0.3561426,0.29867327
0.3138332,0.25851187
0.27467126,0.23180974
0.25690967,0.21037503
0.24037805,0.20771511
0.23462534,0.2115277
0.24428657,0.2254165
0.27428463,0.26288632
0.3343073,0.30230463
0.40742284,0.36304206
0.46035102,0.42075783
0.516936,0.48212352
0.5457333,0.5298272
0.5649559,0.5789288
0.5673705,0.6064702
0.59557986,0.6357433
0.61145,0.6402785
0.5909881,0.63409775
0.5306287,0.600799
0.5142126,0.560559
0.49212903,0.52513677
0.46717176,0.48924917
0.42884627,0.4362219
0.3713797,0.37915877
0.3187885,0.30310857
0.28474674,0.2688726
0.24888736,0.23662859
0.23142184,0.21372272
0.20753232,0.20927526
0.21246848,0.21353225
0.2134409,0.21932295
0.2366902,0.25719
0.276435,0.29780322
0.33118215,0.36090255
0.38712877,0.4207134
0.41818553,0.4762223
0.47237027,0.5261341
0.4961958,0.57692266
0.5298549,0.6029595
0.48068655,0.6266123
0.42723283,0.62492085
0.42781252,0.61845237
0.4180732,0.5988867
0.41901004,0.5613452
0.40419784,0.53809667
0.38669354,0.50404495
0.34572566,0.4449592
0.27893084,0.39653757
0.22992152,0.22403608
0.19341342,0.19473131
0.16444513,0.16860476
0.1546336,0.15131281
0.16894448,0.15186344
0.22079802,0.16292857
0.270297,0.1857264
0.31723958,0.23422495
0.35132062,0.26994604
0.36657736,0.3133939
0.3838732,0.35167083
0.41646004,0.39281505
0.46907994,0.41790673
0.5000552,0.4522924
0.5341572,0.47128603
0.570882,0.49466974
0.5907929,0.50443417
0.59945995,0.5027876
0.58788097,0.4800478
0.5463451,0.4538952
0.490386,0.4188686
0.4557877,0.39116532
0.38486582,0.34043363
0.32205546,0.28020704
0.25119093,0.26838186
0.20456646,0.2343638
0.17800292,0.20480093
0.1657014,0.18250461
0.16035789,0.18642353
0.20587294,0.20395254
0.25665155,0.22528186
0.31121388,0.2715115
0.35845017,0.30577365
0.39420253,0.3546003
0.43382785,0.405731
0.46683955,0.45379224
0.50077164,0.49294853
0.53098,0.5374483
0.56714,0.56523055
0.59205186,0.5897376
0.6220072,0.603961
0.6363892,0.59701616
0.621017,0.56562465
0.57474273,0.52992076
0.5284186,0.49298722
0.48336825,0.4649598
0.42642584,0.4004119
0.34642428,0.33961603
0.2777627,0.29404914
0.23614717,0.25812316
0.20585726,0.2268455
0.18007867,0.20558038
0.19034135,0.21026973
0.22634785,0.23460859
0.28058913,0.2665721
0.3277649,0.31775403
0.39643523,0.3556779
0.44415665,0.40438396
0.48017564,0.45537117
0.5307299,0.50550807
0.5516658,0.5476145
0.5955538,0.5968783
0.62524307,0.6237265
0.6524641,0.6474831
0.67989355,0.6573269
0.6866827,0.65227646
0.67181283,0.6118566
0.6368188,0.5702014
0.5861162,0.5316037
0.54100317,0.49809662
0.46793625,0.4266992
0.39812726,0.3635599
0.33090943,0.345163
0.283649,0.3093988
0.24768047,0.27476463
0.22946611,0.25298887
0.23459692,0.25539184
0.274167,0.28302896
0.33299768,0.31821582
0.39423308,0.37571278
0.4513088,0.41601336
0.5122829,0.46945947
0.55568504,0.5206891
0.5974105,0.5710966
0.6405715,0.6107874
0.6751191,0.6569611
0.7095376,0.68116283
0.742189,0.70411724
0.77423626,0.7045361
0.7951703,0.7028205
0.7621939,0.65754306
0.71771187,0.61293805
0.6853836,0.57378083
0.6614909,0.5345905
0.59802175,0.45732978
0.51504827,0.39265418
0.43484992,0.41831958
0.37047234,0.3758889
0.31851393,0.34062898
0.28666183,0.3170893
0.2837329,0.31765014
0.3142777,0.3442819
0.35744962,0.39118734
0.40458792,0.44758072
0.4606479,0.48538762
0.4948981,0.54372996
0.5295994,0.59870785
0.5812164,0.6357531
0.63063806,0.6820678
0.6742545,0.7300708
0.7062295,0.74870694
0.7344763,0.76961505
0.7301419,0.7590626
0.70022404,0.7637343
0.56799185,0.72842634
0.5074822,0.6781426
0.4594243,0.634978
0.43665987,0.60375625
0.3934585,0.52076846
0.34289974,0.46794257
0.2942237,0.2696725
0.2424145,0.23825918
0.22781922,0.20823333
0.19976678,0.18630062
0.19306237,0.18349424
0.1895389,0.19062623
0.19139662,0.20880938
0.24271058,0.25072953
0.30833673,0.29398665
0.39124733,0.34535056
0.4354721,0.39615396
0.47584677,0.43887606
0.49117944,0.47140938
0.5156662,0.51131964
0.5525195,0.5302777
0.5792352,0.55779755
0.6136176,0.5670758
0.63031256,0.5662305
0.6221593,0.5427321
0.60870695,0.5098225
0.5902246,0.48062128
0.5404551,0.44728357
0.4684798,0.39348266
0.39229673,0.33433497
0.35018146,0.3220461
0.30676633,0.29237434
0.26330605,0.26326108
0.24403723,0.23955886
0.2352321,0.23297589
0.22576234,0.24061005
0.23587233,0.25150514
0.25611544,0.29825
0.29562974,0.3393327
0.32878724,0.4019068
0.36171475,0.46435347
0.39997703,0.51635516
0.39566514,0.55680746
0.4147903,0.59771764
0.43636724,0.613291
0.47921517,0.63469076
0.5183901,0.6419775
0.55086464,0.6465097
0.57750887,0.62058264
0.57188255,0.5769433
0.5311887,0.5509038
0.5173457,0.51188564
0.4409914,0.44904026
0.34697556,0.38470364
0.2782205,0.30999658
0.22775204,0.27258626
0.19844571,0.24085608
0.1759925,0.21891221
0.17719887,0.21903615
0.21814339,0.24026063
0.26409525,0.26791373
0.3302886,0.3187384
0.3811697,0.35789764
0.45566154,0.41083127
0.49728665,0.4675407
0.5288559,0.5175974
0.57307595,0.55839354
0.613731,0.6081437
0.6389283,0.6313713
0.66672,0.65333354
0.67689985,0.662076
0.6813878,0.6570338
0.6488009,0.61974156
0.6054923,0.57688844
0.5703366,0.54090667
0.53394824,0.5049718
0.47119975,0.43801233
0.4063806,0.37339154
0.33783266,0.35083485
0.29410365,0.31235144
0.2707622,0.27853128
0.23744513,0.2577847
0.234043,0.2586648
0.2775022,0.28547195
0.3249536,0.3201399
0.36547032,0.38029066
0.41806737,0.4202199
0.4598757,0.47505873
0.49603888,0.52724725
0.52984697,0.57412297
0.5713491,0.6147016
0.60224974,0.6586083
0.62541807,0.68295664
0.6514266,0.70291483
0.6688215,0.70521545
0.67253405,0.7044582
0.6332911,0.6632426
0.5934847,0.61702037
0.5505019,0.5792875
0.51898813,0.5404802
0.46127114,0.46755517
0.39295343,0.40271863
0.3293677,0.33272034
0.28765708,0.29348367
0.26369268,0.26049954
0.23376791,0.24415232
0.23889686,0.24545087
0.29439232,0.27037054
0.34387642,0.303968
0.37849545,0.3556019
0.3994348,0.40249616
0.4258236,0.44839442
0.4461429,0.49380454
0.47469404,0.5403783
0.5144683,0.56618994
0.56386584,0.60907996
0.6159876,0.62127095
0.6436932,0.64224756
0.6714214,0.6499963
0.68295926,0.64797693
0.65720904,0.6174556
0.6257043,0.5822196
0.57991207,0.54736835
0.5515582,0.51037675
0.4876764,0.44197115
0.4122241,0.37946218
0.35348958,0.3427564
0.2974248,0.30376622
0.2625835,0.27277324
0.23426686,0.2520204
0.23598093,0.25625843
0.27826723,0.28654706
0.3212992,0.32970566
0.37834382,0.3923656
0.42991376,0.4378261
0.47555518,0.48638207
0.51652443,0.53308445
0.5596825,0.58002836
0.5975364,0.6154723
0.6241235,0.6612078
0.62715286,0.67790556
0.6226965,0.7009182
0.66845983,0.70097643
0.6818001,0.6969281
0.65553826,0.6586435
0.6223237,0.61164314
0.5713284,0.5743732
0.5366618,0.5339745
0.4686548,0.45751843
0.4104856,0.39306897
0.40773377,0.3292237
0.4049819,0.29612675
0.40223005,0.2636226
0.39947823,0.24272735
0.39672637,0.25000542
0.39397454,0.27986446
0.3912227,0.31867102
0.38847083,0.37576798
0.385719,0.41945565
0.38296714,0.46537733
0.3802153,0.50387955
0.37746346,0.5424776
0.3747116,0.5760454
0.37195975,0.6190629
0.36920792,0.6387025
0.36645606,0.66264975
0.3637042,0.6637733
0.36095238,0.6598086
0.35820052,0.6232167
0.35544866,0.57577425
0.35269684,0.55039173
0.34994498,0.50757873
0.34719315,0.43684343
0.3444413,0.37930474
0.34168944,0.19844855
0.3389376,0.17085205
0.33618575,0.14536613
0.3334339,0.12480134
0.33068207,0.124520436
0.3279302,0.12642331
0.32517835,0.13810237
0.32242653,0.1759317
0.31967467,0.21008834
0.3169228,0.25651726
0.314171,0.29852137
0.31141913,0.3401072
0.30866727,0.36884582
0.30591545,0.40957996
0.3031636,0.42704263
0.30041176,0.4500111
0.2976599,0.46025512
0.29490805,0.45742506
0.29215622,0.44304088
0.28940436,0.42065066
0.2866525,0.39150897
0.28390068,0.3658171
0.28114882,0.3193899
0.27839696,0.26695257
0.27564514,0.15652497
0.27289328,0.13024096
0.27014142,0.10565573
0.2673896,0.088845536
0.26463774,0.0874299
0.26188588,0.08462903
0.25913405,0.09745282
0.2563822,0.13219878
0.25363037,0.15883745
0.2508785,0.20305951
0.24812667,0.24069452
0.24537481,0.28327647
0.24262297,0.31244594
0.23987113,0.35409686
0.23711927,0.37590262
0.23436743,0.39745116
0.23161559,0.40790263
0.22886373,0.40499035
0.22611189,0.38365248
0.22336005,0.36797047
0.2206082,0.33998185
0.21785635,0.31741363
0.2151045,0.27163064
0.21235266,0.22165196
0.2096008,0.11510984
0.20684896,0.09006022
0.20409712,0.06414358
0.20134528,0.052746248
0.19859342,0.057650015
0.19584158,0.07467307
0.19308974,0.1015051
0.19033788,0.14721155
0.18758604,0.1596376
0.1848342,0.20270243
0.18208234,0.23735964
0.1793305,0.2700732
0.17657866,0.3030633
0.17382681,0.33207372
0.17107496,0.35932916
0.16832311,0.37419146
0.16557127,0.3869673
0.16281942,0.37042794
0.16006757,0.33924562
0.15731573,0.33747256
0.15456389,0.30745608
0.15181203,0.2767965
0.14906019,0.23133427
0.14630835,0.17654535
0.14355649,0.08227882
0.11095585,0.061596155
0.086224556,0.0400173
0.07245459,0.032927956
0.066517584,0.040075965
0.06388739,0.062246718
0.07592522,0.10095479
0.09199877,0.14489637
0.12709817,0.16225836
0.16244294,0.17890796
0.18855293,0.18691891
0.21056135,0.20322554
0.24241954,0.21586744
0.27288204,0.2387611
0.31331274,0.24898042
0.36003387,0.26407766
0.39861372,0.28214163
0.42855737,0.2851135
0.43096742,0.26582783
0.40109417,0.26611197
0.37795746,0.23890379
0.3424008,0.2166008
0.29810166,0.17146209
0.24552533,0.12262149
0.20417559,0.19821373
0.17302878,0.174511
0.1476708,0.14572422
0.13256066,0.13033967
0.12007697,0.14212601
0.1129052,0.17570584
0.12142141,0.21707422
0.13159938,0.26149082
0.17900296,0.2921101
0.22906594,0.31862438
0.30418444,0.34319648
0.36729565,0.3808467
0.42722964,0.40614578
0.47498506,0.44886756
0.5204722,0.47571632
0.57280266,0.5011334
0.60687655,0.51890826
0.6236283,0.5215172
0.60916126,0.47590712
0.5808664,0.43999374
0.54139113,0.4068867
0.4868827,0.37367517
0.43275586,0.31673434
0.3762771,0.25157163
0.32270923,0.31286734
0.2739795,0.27983055
0.24185447,0.2482566
0.2186965,0.23016064
0.20555322,0.2408995
0.22481859,0.2677109
0.23629321,0.29455242
0.25237843,0.33262834
0.29983407,0.35453755
0.35091168,0.40715635
0.4135983,0.46024105
0.4809587,0.5181524
0.5505659,0.5711033
0.60192287,0.62320185
0.6469944,0.65975016
0.68543065,0.6799904
0.705498,0.68933463
0.72920185,0.69737595
0.7206859,0.6419643
0.6822638,0.6000584
0.63660777,0.5599302
0.59224886,0.5268874
0.5067705,0.45101753
0.43218786,0.3864963
0.3686239,0.3993969
0.3233269,0.3554672
0.29186356,0.32038164
0.28504893,0.2950973
0.28434578,0.29009324
0.32762203,0.30724666
0.394774,0.32618424
0.43209943,0.36510476
0.48090613,0.39374965
0.53485507,0.4582879
0.59640115,0.5332846
0.64162517,0.5880688
0.68184847,0.653727
0.7184994,0.719918
0.7654713,0.7487144
0.8074012,0.76216996
0.84240556,0.7676482
0.8362832,0.7732187
0.7950171,0.71727806
0.7377669,0.67249775
0.6925472,0.6476284
0.6322451,0.6099353
0.5521878,0.5239729
0.46595848,0.47007433
0.40145293,0.4026854
0.34260073,0.3607859
0.30897006,0.32748827
0.29064578,0.296326
0.28306797,0.2983479
0.3317836,0.31491572
0.38744873,0.3366166
0.42911208,0.38154152
0.46922013,0.41616493
0.5269581,0.47737724
0.59823525,0.5455918
0.66415566,0.5976533
0.7039618,0.65071887
0.7413029,0.70475364
0.78242505,0.7314925
0.8084647,0.74914527
0.849059,0.75643814
0.86243117,0.7589574
0.81279147,0.7078451
0.77181184,0.66667116
0.7217574,0.6322645
0.6625682,0.59375006
0.58486015,0.51471555
0.49898797,0.45387286
0.43446437,0.4390003
0.38160467,0.3975077
0.35502174,0.3635284
0.3354449,0.33375683
0.339513,0.33003658
0.37593377,0.34530473
0.43631998,0.37010434
0.49009603,0.41606838
0.5312957,0.45223033
0.5876616,0.516546
0.64334905,0.5854265
0.7147306,0.64451194
0.7713241,0.69787544
0.8053172,0.75408125
0.8242557,0.77688634
0.745409,0.7944111
0.7046089,0.7832551
0.7082309,0.7897549
0.6399597,0.74259233
0.6113289,0.69839007
0.5730603,0.66162634
0.51820076,0.62590474
0.45281306,0.5488366
0.39520046,0.49355802
0.33055148,0.34317088
0.28898904,0.30355996
0.25811973,0.2745858
0.23812014,0.248466
0.24390551,0.24354553
0.2848086,0.25297016
0.34106696,0.25998926
0.37495682,0.30321363
0.4094784,0.34156895
0.44779643,0.40046895
0.5050078,0.45327446
0.5596652,0.49713442
0.61404914,0.54049516
0.6696877,0.5923623
0.7027541,0.6128398
0.72892886,0.6372828
0.7541488,0.6488249
0.75429803,0.6525554
0.6822136,0.6279766
0.59190184,0.59180474
0.5327095,0.55786896
0.47396538,0.52577746
0.4071873,0.46243188
0.3435081,0.4105333
0.2930176,0.30206466
0.2525046,0.26932964
0.21763116,0.23766714
0.20375815,0.21261527
0.18007788,0.20607497
0.1805747,0.21622258
0.19321851,0.22966784
0.2179206,0.2694326
0.2662573,0.30362093
0.31251743,0.3610236
0.36867702,0.41529348
0.4282132,0.46911344
0.48805162,0.506735
0.5448788,0.56151295
0.5334485,0.5837173
0.44124576,0.60674655
0.40054184,0.60190916
0.39344257,0.6031759
0.3736955,0.58137167
0.35240245,0.54779446
0.3468433,0.510095
0.32613632,0.4911312
0.2963722,0.43321064
0.2528819,0.38514698
0.21967769,0.21149409
0.18197279,0.1874679
0.16229211,0.16313314
0.14239024,0.13627471
0.13977411,0.1205638
0.14183976,0.095348775
0.1543978,0.07231608
0.17114264,0.088090226
0.21100375,0.12544483
0.24763983,0.18771365
0.27948847,0.23533621
0.29983515,0.28322062
0.32627305,0.30911243
0.3651408,0.3522081
0.3884538,0.3669773
0.39134663,0.38696292
0.42194057,0.39787564
0.45746034,0.4077175
0.45534503,0.4114773
0.45060986,0.40769488
0.4359559,0.384192
0.4075896,0.3690585
0.3540759,0.33678982
0.2937935,0.28597495
0.24506992,0.2601487
0.20700017,0.22933249
0.19018257,0.19970718
0.18323411,0.18303214
0.19808696,0.17727695
0.2439273,0.17971328
0.31793025,0.19040701
0.3484801,0.22961555
0.37420693,0.26415575
0.3920976,0.3141961
0.41057086,0.3652514
0.45068607,0.40553233
0.48899987,0.44037724
0.52136046,0.4800708
0.55407023,0.5031934
0.5800817,0.52632296
0.6103586,0.5372671
0.6172863,0.5410922
0.5693721,0.5218273
0.5266705,0.4899147
0.4861469,0.4625914
0.43882138,0.43374115
0.38127115,0.38156626
0.3114789,0.32675013
0.3093943,0.26888984
0.30730972,0.23587264
0.30522513,0.20566192
0.30314052,0.18855317
0.30105594,0.19183452
0.29897135,0.21761855
0.29688674,0.25224665
0.29480216,0.30672738
0.29271758,0.34345984
0.29063296,0.38816607
0.28854838,0.42704275
0.2864638,0.46789882
0.28437918,0.50272197
0.2822946,0.5433868
0.28021002,0.5660267
0.2781254,0.59081864
0.27604082,0.59950405
0.27395624,0.59586966
0.27187163,0.56201565
0.26978704,0.5229025
0.26770246,0.4869906
0.26561785,0.45752534
0.26353326,0.38874808
0.26144868,0.3324767
0.25936407,0.16257815
0.2572795,0.13692337
0.2551949,0.111560345
0.2531103,0.09813749
0.2510257,0.100907825
0.24894111,0.11208614
0.24685651,0.1425087
0.24477193,0.18683271
0.24268733,0.21644576
0.24060273,0.2538824
0.23851815,0.28639382
0.23643355,0.31991038
0.23434895,0.34441018
0.23226437,0.3774032
0.23017977,0.39179644
0.22809517,0.41386336
0.22601059,0.420913
0.223926,0.41529945
0.2218414,0.39568552
0.21975681,0.3766389
0.21767221,0.34741732
0.21558762,0.32158417
0.21350303,0.27319267
0.21141843,0.22076778
0.20933384,0.10661838
0.20724925,0.08201896
0.20516466,0.05743094
0.20308006,0.044293303
0.20099548,0.059311453
0.19891088,0.088920265
0.19682628,0.13816679
0.1947417,0.18857326
0.1926571,0.21201693
0.1905725,0.2324859
0.18848792,0.24884275
0.18640332,0.27071616
0.18431872,0.2858578
0.18223414,0.31831262
0.18014954,0.3269435
0.17806494,0.3481836
0.17598034,0.35940915
0.17389576,0.3478326
0.17181116,0.32454652
0.16972657,0.30839938
0.16764198,0.2814536
0.16555738,0.26155704
0.16347279,0.21280366
0.1613882,0.16948071
0.1593036,0.091346316
0.15721901,0.06790797
0.15513442,0.04882825
0.15304983,0.03971983
0.15096523,0.06034871
0.14888065,0.088532224
0.14679605,0.14332259
0.14471145,0.19859265
0.14262687,0.21225944
0.14054227,0.22258207
0.13845767,0.22417155
0.13637309,0.23546965
0.13428849,0.2440512
0.13220389,0.26193023
0.13011931,0.26993582
0.12803471,0.28456318
0.12595011,0.29610124
0.12386552,0.2963002
0.12178093,0.27729085
0.11969634,0.2716827
0.11761174,0.2471495
0.11552715,0.22429922
0.11344256,0.17863974
0.111357965,0.1313929
0.109273374,0.042328775
0.07564349,0.024296636
0.06692201,0.0060331896
0.04084866,-0.00023288932
0.03831273,0.009865116
0.03950183,0.03200531
0.04622616,0.07752139
0.06472916,0.119992435
0.091704555,0.13921186
0.13612768,0.15623787
0.16824451,0.15626928
0.17634356,0.17093061
0.19383882,0.18132375
0.20398599,0.20280391
0.22794004,0.21178724
0.2524318,0.22231558
0.2536403,0.22958893
0.25793305,0.23056884
0.2537999,0.21318863
0.26730803,0.20983455
0.25455403,0.18880029
0.2308873,0.16836604
0.18978213,0.13434866
0.13574317,0.09490608
0.10263056,0.12381048
0.07509195,0.105162084
0.06410221,0.08165064
0.061501224,0.073442
0.069254,0.081226155
0.12215245,0.10020538
0.18898338,0.1401271
0.22707888,0.18369062
0.24177109,0.20401007
0.24213967,0.22668207
0.25494596,0.23790656
0.26390883,0.25842574
0.2776703,0.26957637
0.30583346,0.290185
0.30118328,0.30139968
0.31963345,0.31738877
0.34153062,0.33160114
0.35333157,0.3379635
0.32508928,0.31811565
0.31520182,0.31118274
0.28980905,0.2891173
0.25372556,0.26590002
0.19952807,0.22295398
0.1419181,0.17172818
0.09921569,0.104214795
0.068324335,0.08430741
0.046621818,0.06311643
0.04720309,0.046793047
0.05587199,0.069004685
0.093163975,0.100538306
0.16461825,0.15658693
0.18894488,0.20815597
0.2160549,0.22164728
0.2189294,0.23939791
0.22448958,0.24780281
0.23050147,0.2654424
0.24938764,0.28027713
0.2632046,0.30983916
0.27367762,0.32152453
0.29158473,0.3388937
0.3211051,0.34587085
0.33284366,0.34720516
0.3136189,0.3224168
0.29110914,0.30704957
0.26965386,0.27796683
0.23121366,0.2561186
0.17641339,0.20969877
0.12503359,0.15823373
0.09236868,0.083574004
0.05109568,0.062298942
0.04013302,0.042141236
0.036767006,0.03763504
0.042031918,0.048223324
0.08108896,0.066514164
0.15191445,0.1074696
0.18984851,0.15399842
0.20894128,0.16853192
0.21913439,0.18477747
0.22752129,0.188847
0.24143943,0.202011
0.25171193,0.21787965
0.26791295,0.23832107
0.29707375,0.2534283
0.31324264,0.26329738
0.34427473,0.27868396
0.35298,0.28556016
0.3330205,0.27119258
0.31229094,0.27066946
0.28893885,0.24341638
0.24687162,0.2218996
0.19603777,0.17733037
0.14590204,0.13201055
0.10288654,0.102346346
0.06967144,0.08269069
0.05029852,0.060981702
0.04704775,0.05131605
0.04669803,0.058927406
0.09035772,0.072185695
0.15783603,0.102855735
0.1929211,0.1409895
0.22266744,0.1585741
0.22651036,0.18113512
0.24622609,0.19331743
0.2500924,0.21191584
0.27385685,0.23317786
0.29562098,0.2575376
0.312117,0.2735597
0.32381254,0.2893818
0.34159726,0.30274746
0.3509122,0.30828002
0.32374272,0.29678205
0.3011801,0.29506975
0.2783469,0.27081475
0.24936667,0.25123012
0.19399709,0.20863602
0.14182596,0.16487142
0.103156336,0.11107724
0.07150634,0.09162134
0.047669116,0.06768877
0.049086582,0.05791017
0.05615851,0.05881756
0.09144113,0.069570586
0.15602185,0.08746245
0.18746261,0.11739169
0.20347111,0.14006008
0.21467859,0.16922389
0.22062834,0.18047565
0.23309927,0.20507438
0.24348171,0.22219892
0.2467508,0.24573246
0.2634197,0.25418928
0.26734653,0.27057302
0.27598011,0.2857949
0.2779077,0.29756498
0.24775775,0.29460573
0.25004432,0.29570052
0.22087714,0.27254698
0.19553855,0.25732678
0.1585947,0.21963286
0.119397976,0.18111487
0.085725866,0.092493914
0.061752163,0.073000416
0.04078015,0.048338905
0.034079187,0.044059016
0.02809678,0.042178128
0.036525365,0.046685427
0.052495617,0.057982206
0.07451387,0.08783136
0.11190038,0.11119959
0.14293645,0.13867295
0.161641,0.14729613
0.17722383,0.16161138
0.18530428,0.17290585
0.18795837,0.18633893
0.18659614,0.193438
0.18653932,0.19808425
0.18198182,0.21182296
0.19190858,0.23221414
0.19525735,0.23858556
0.19684502,0.24737439
0.18945657,0.22893982
0.17104891,0.21728079
0.14660598,0.18802643
0.11018365,0.14800777
0.096984066,0.07315407
0.06794939,0.059055578
0.046563134,0.03384412
0.051818486,0.028457668
0.042774376,0.025685202
0.04868588,0.034631368
0.06058351,0.049934775
0.08359382,0.079022765
0.11605878,0.10292979
0.13903405,0.13334358
0.16203745,0.14635105
0.18004946,0.16762607
0.18733647,0.17884992
0.18923059,0.19714862
0.18698464,0.20191747
0.18927574,0.20878696
0.19668438,0.22071788
0.21610084,0.2348277
0.22749367,0.23148555
0.24591063,0.23619044
0.23345377,0.2215791
0.20860563,0.2039702
0.16725297,0.17269051
0.13462365,0.13095987
0.09274973,0.087826796
0.066479616,0.06838878
0.047152903,0.048035845
0.047289394,0.038145848
0.05850325,0.050365776
0.10227712,0.07527922
0.158489,0.124643385
0.19622684,0.17307723
0.22213848,0.19024913
0.23486565,0.2103052
0.24374433,0.22112711
0.2581455,0.23934843
0.26309946,0.25006995
0.27534467,0.27429223
0.27280638,0.2761423
0.27792972,0.2904442
0.28493395,0.2949513
0.28460148,0.29671997
0.27773988,0.28303662
0.26651725,0.27536738
0.24741785,0.25349465
0.199369,0.23519638
0.15473238,0.19410318
0.121306166,0.15091324
0.07461743,0.09305228
0.05747985,0.07525782
0.03754319,0.05476008
0.034766942,0.046235893
0.045584876,0.060296245
0.089875765,0.088037424
0.15671651,0.1409435
0.2092039,0.19446985
0.22358117,0.21474725
0.23984644,0.23153992
0.242218,0.23698457
0.24532272,0.24943908
0.2485658,0.2517258
0.2484917,0.2677526
0.2463655,0.2637104
0.23994176,0.27347666
0.25515017,0.2753768
0.25534216,0.27862063
0.2379603,0.27387404
0.24008277,0.26987317
0.21901888,0.25238743
0.18915518,0.23183489
0.14604543,0.1941899
0.10226624,0.14812973
0.06870194,0.062157903
0.04952818,0.04780507
0.02932332,0.028251361
0.026821911,0.020081524
0.035365473,0.038874567
0.081492856,0.06650112
0.1501608,0.12692674
0.19348644,0.18701346
0.21206963,0.19939896
0.20437261,0.21146527
0.20399396,0.20999636
0.19091387,0.21249029
0.18203068,0.21489997
0.17800903,0.22646669
0.19074179,0.23038669
0.2023991,0.24221899
0.22409047,0.24223119
0.2416006,0.2419656
0.22179434,0.23221894
0.2216536,0.23309273
0.21019676,0.21449599
0.18170087,0.19183224
0.14056596,0.15365878
0.101297274,0.11532004
0.060573686,0.06815094
0.03294479,0.051856317
0.023561846,0.03461022
0.019283693,0.031331588
0.02532133,0.04664876
0.06739547,0.07630475
0.14030467,0.13605857
0.18300124,0.19473961
0.18945737,0.20920615
0.1979311,0.21102151
0.19616869,0.20630899
0.20289753,0.21261515
0.2191498,0.2084335
0.22657542,0.22568719
0.22831075,0.2243109
0.22457457,0.23278683
0.23555979,0.24010473
0.24992563,0.24370418
0.24207486,0.2339961
0.23642784,0.23488492
0.2283535,0.21628042
0.18850061,0.19240433
0.15537712,0.15483412
0.111766815,0.107468724
0.111030065,0.07556616
0.110293314,0.059118576
0.109556556,0.038873784
0.108819805,0.031900432
0.108083054,0.043845017
0.1073463,0.07231878
0.106609546,0.12467757
0.105872795,0.17968807
0.105136044,0.19546217
0.104399286,0.21181442
0.103662536,0.21857819
0.102925785,0.2305305
0.10218903,0.23517092
0.101452276,0.2527145
0.100715525,0.25219867
0.099978775,0.2635253
0.09924202,0.2652508
0.098505266,0.26758307
0.097768515,0.25711313
0.09703176,0.25322592
0.09629501,0.23101926
0.095558256,0.20778471
0.0948215,0.16903192
0.09408475,0.1194641
0.093348,0.03580363
0.07410812,0.025135733
0.049620856,0.0019846037
0.04936089,-0.006681391
0.031917404,-0.0015266053
0.042233996,-0.0004856661
0.06465268,0.017073132
0.08479381,0.04381219
0.11460122,0.06696354
0.13851863,0.0920177
0.16324435,0.10840291
0.16578904,0.11406099
0.1717024,0.12696022
0.174472,0.14523365
0.19276097,0.15347134
0.19537339,0.15737717
0.21055153,0.16103035
0.2237944,0.16498722
0.2257525,0.15957761
0.24066935,0.17291334
0.2264392,0.1597691
0.20746434,0.14638513
0.17446432,0.11710384
0.14393967,0.08147983
0.1088971,0.08389704
0.07532351,0.06816132
0.054934096,0.046659887
0.04154332,0.036268983
0.03468914,0.043949842
0.040603034,0.06320591
0.04545582,0.10029546
0.067871585,0.1432595
0.08919305,0.15762845
0.11460069,0.17728762
0.12920128,0.18626393
0.15344344,0.20267151
0.18670768,0.21879104
0.20207116,0.24506703
0.23111248,0.2553105
0.26005155,0.2739514
0.2857635,0.28621474
0.30092227,0.29043844
0.30422056,0.27439722
0.3052158,0.26866046
0.28684267,0.24466418
0.24319892,0.22300613
0.20834115,0.18127406
0.14904764,0.1361083
0.10307216,0.13315533
0.07681957,0.11197938
0.061796773,0.089376695
0.05344918,0.07261886
0.06582691,0.08274472
0.11196146,0.11089274
0.17541708,0.15387984
0.212567,0.20408052
0.23870434,0.22134022
0.25961766,0.2468444
0.2766809,0.26452872
0.29773045,0.2865103
0.3104069,0.30530488
0.34895623,0.34158602
0.37194026,0.3585879
0.39905268,0.37760383
0.4200908,0.39362767
0.42283785,0.3941782
0.3951598,0.36557114
0.37765023,0.34708858
0.3487082,0.31473458
0.2995077,0.29430068
0.25019756,0.24730328
0.19592944,0.19031769
0.14246698,0.15049127
0.10948421,0.12840526
0.09160524,0.10248342
0.070915766,0.089381345
0.080683745,0.102287084
0.12960702,0.13504866
0.19142875,0.18433958
0.2381836,0.24274364
0.25950798,0.26043928
0.28166008,0.28540194
0.3024977,0.30324182
0.32363623,0.3258675
0.355346,0.34381074
0.3688913,0.37878737
0.39507112,0.40036866
0.41851243,0.41960382
0.44896165,0.42857525
0.4466894,0.43065614
0.41028938,0.39806688
0.39284402,0.3708021
0.3626909,0.33637738
0.31194016,0.31375292
0.24749167,0.26209262
0.18604356,0.20828052
0.1440775,0.16157049
0.10585451,0.13913162
0.08838952,0.113643765
0.078023806,0.09946565
0.07490395,0.11101454
0.13069946,0.13764006
0.19035384,0.18170644
0.23230663,0.23300134
0.26066497,0.25496876
0.2708533,0.28139138
0.30439794,0.29948828
0.31790477,0.31785145
0.3409204,0.3366663
0.36384892,0.36982998
0.3935262,0.38802186
0.41999176,0.40848988
0.4404133,0.41804555
0.43891698,0.42249238
0.39104313,0.40141323
0.3633845,0.37746084
0.33133698,0.344925
0.27777308,0.32673877
0.21970053,0.2783554
0.1647274,0.22827618
0.113022566,0.12971076
0.08155844,0.11091885
0.06670453,0.08874921
0.054043997,0.07696923
0.06127764,0.08654003
0.10012464,0.10499622
0.16778407,0.14368379
0.21222259,0.19077988
0.23407434,0.20734021
0.24522394,0.2294555
0.26986948,0.24589768
0.28200927,0.2657878
0.30181104,0.28043327
0.31611183,0.3062366
0.3277402,0.31751147
0.34366688,0.33748394
0.3666743,0.34502158
0.38154492,0.35124472
0.3487698,0.3327111
0.3389644,0.3211157
0.31176436,0.29489663
0.28097233,0.27018043
0.23064512,0.23057178
0.18314888,0.17573056
0.18052284,0.14969096
0.1778968,0.12697837
0.17527077,0.10387658
0.17264473,0.08868529
0.1700187,0.081596404
0.16739266,0.07854721
0.16476662,0.085908264
0.1621406,0.110183
0.15951455,0.13623603
0.15688851,0.18284659
0.15426248,0.21494561
0.15163644,0.25129566
0.1490104,0.27325284
0.14638437,0.30278623
0.14375834,0.3156667
0.1411323,0.33619255
0.13850626,0.35081348
0.13588023,0.3586327
0.13325419,0.3493065
0.13062815,0.34518793
0.12800212,0.31834334
0.12537609,0.30415562
0.12275005,0.26695204
0.12012401,0.21721663
0.11749797,0.07093315
0.11487194,0.043968357
0.1122459,0.01522743
0.10961987,0.00065999944
0.10699383,-0.0021270104
0.10436779,-0.015673678
0.10174176,-0.02628953
0.09911572,-0.0068040155
0.09648969,0.016999781
0.09386365,0.059400745
0.09123762,0.083079286
0.08861158,0.08318388
0.08598554,0.10331416
0.08335951,0.12058091
0.08073347,0.13507685
0.07810744,0.13764985
0.0754814,0.15215757
0.07285536,0.17790413
0.07022933,0.18116164
0.06760329,0.19899696
0.06497726,0.18040699
0.06235122,0.18186519
0.059725184,0.16236362
0.05709915,0.13781874
0.054473113,0.029616222
0.03406777,0.021450315
0.014343541,0.0056510046
0.009478272,2.394151e-05
0.0055455887,0.0137943365
0.008888237,0.008707508
0.022566328,0.033918113
0.05079349,0.06563982
0.06226891,0.094761
0.05808316,0.10137451
0.07852515,0.08823169
0.06953202,0.0768714
0.07428417,0.085782975
0.07536865,0.099400125
0.06697299,0.11463695
0.084393375,0.10266909
0.0978662,0.10725173
0.12716588,0.12378347
0.14993669,0.1289655
0.16615628,0.14660147
0.16013007,0.14819114
0.13946715,0.13784741
0.112539545,0.114093296
0.079956956,0.09134762
0.049964998,0.06274926
0.033137307,0.051182486
0.018441657,0.037004896
0.02107345,0.03258999
0.030462233,0.051962472
0.06833097,0.07776978
0.11584157,0.13985729
0.14098977,0.19603506
0.16569583,0.21718363
0.15941443,0.20986906
0.16628534,0.18980579
0.16085526,0.17980511
0.14243007,0.17022078
0.16260731,0.17897883
0.17217506,0.17359628
0.14994784,0.17706056
0.18388416,0.18773109
0.19757871,0.19931988
0.21524127,0.2057677
0.2277037,0.20875785
0.19692893,0.2012747
0.17612714,0.183947
0.1307385,0.14693269
0.098160155,0.10899428
0.057426475,0.087912574
0.034765348,0.071036376
0.030265465,0.054699987
0.025067473,0.04486352
0.03526988,0.06686032
0.08265194,0.1002962
0.15780815,0.16672334
0.19882835,0.22900788
0.21317562,0.24624573
0.18941806,0.24101992
0.17658626,0.21962164
0.17287238,0.21437274
0.16769484,0.20606877
0.18567179,0.22222093
0.19066824,0.21932107
0.19101557,0.23184808
0.20809844,0.2411519
0.21897215,0.2452457
0.21859826,0.2421096
0.22138566,0.24277183
0.20263968,0.22428551
0.1669962,0.20754158
0.13122073,0.16744822
0.090103336,0.12500085
0.054704666,0.070792414
0.039961748,0.054401062
0.030452939,0.040634163
0.023882888,0.029719006
0.034304366,0.054010917
0.081551805,0.08806464
0.15491003,0.1545533
0.20295489,0.21820591
0.20443183,0.23161203
0.19550404,0.22845106
0.18023242,0.2108295
0.1685536,0.21574597
0.17710459,0.21356611
0.17223641,0.23475808
0.18701756,0.23431082
0.19892369,0.24694677
0.20946492,0.25282454
0.22351956,0.25538027
0.21577714,0.24377859
0.2226499,0.23816606
0.19914967,0.22037598
0.16527733,0.19575249
0.13589454,0.1561659
0.08947108,0.11012482
0.057339113,0.039826237
0.033100396,0.025761541
0.026668163,0.011699423
0.020380648,0.004199053
0.029250298,0.024556557
0.07795742,0.05507265
0.1496637,0.121131696
0.19778584,0.17983194
0.20199363,0.19176614
0.19460915,0.19088192
0.18300654,0.17765534
0.18500422,0.17150296
0.18441525,0.17139658
0.18862118,0.19098419
0.20226236,0.19537406
0.20613529,0.20469429
0.23689467,0.21324599
0.24490237,0.21146221
0.23799402,0.20296614
0.22027011,0.20182824
0.20450857,0.18558346
0.16975677,0.16342652
0.13264509,0.124365404
0.09958904,0.083506994
0.056714024,0.05852513
0.036122534,0.048065223
0.027848763,0.026383303
0.014873829,0.021858063
0.030757781,0.0278502
0.07128009,0.045639064
0.13591976,0.082235575
0.18408836,0.12466781
0.18201527,0.13793635
0.1894842,0.15122749
0.17780298,0.15055373
0.17258959,0.15046646
0.17649066,0.15314244
0.18055241,0.16975442
0.18936098,0.17207521
0.20037062,0.18035085
0.22128847,0.18909374
0.23231432,0.20311569
0.21344195,0.1984224
0.20590161,0.20074326
0.17622034,0.18888626
0.15660924,0.17014569
0.12692955,0.14107051
0.08892246,0.104950085
0.07266357,0.06690322
0.03995325,0.053553864
0.02509084,0.029920284
0.021522747,0.026425306
0.01686407,0.027876634
0.019047625,0.030272326
0.045132924,0.042424254
0.067116916,0.071307
0.10639914,0.09408274
0.13639906,0.11535181
0.1507211,0.124804944
0.1661871,0.12533699
0.17601986,0.13204367
0.17230624,0.14078249
0.16287391,0.14128402
0.15032597,0.14381412
0.15996091,0.15044907
0.16806023,0.17005067
0.17508674,0.18427834
0.18166688,0.19884855
0.15948798,0.18956026
0.1520844,0.17901883
0.12083376,0.1566639
0.089494176,0.1232747
0.07043407,0.07483971
0.043994807,0.061137896
0.02651574,0.042386323
0.019709358,0.03552419
0.01833783,0.040243868
0.018789252,0.039847
0.042466346,0.047808412
0.059504878,0.07446958
0.07130532,0.09716081
0.08698746,0.11236882
0.07707795,0.10860626
0.090116344,0.10583936
0.09061291,0.11005886
0.10517499,0.12104347
0.09976271,0.12127737
0.10578096,0.12378364
0.12059371,0.13455799
0.14763018,0.15517569
0.16411904,0.17552172
0.18543573,0.19465512
0.17293479,0.1917087
0.16144185,0.18452814
0.124456026,0.16291037
0.08956959,0.13207543
0.06672896,0.074110195
0.047127675,0.062073216
0.028571837,0.04547709
0.03530785,0.044215586
0.050851643,0.05495087
0.1018751,0.0783532
0.18106861,0.12492499
0.22479628,0.17588301
0.22445294,0.19034876
0.2143286,0.19274849
0.18410908,0.17789909
0.18481223,0.17168312
0.1820721,0.15890677
0.19743188,0.1659688
0.17114583,0.1629345
0.19208464,0.16681696
0.2008316,0.17743209
0.21834892,0.19058505
0.21887548,0.19695657
0.21463212,0.20973557
0.196567,0.1941708
0.17714417,0.18502623
0.13327682,0.15285799
0.09146318,0.11570291
0.05567894,0.06494432
0.039449517,0.048257172
0.0300448,0.03857182
0.02050625,0.031206135
0.039549362,0.047587413
0.083247826,0.07834399
0.15538031,0.13538533
0.20649616,0.19700429
0.22612931,0.21303014
0.2200282,0.2166682
0.21085823,0.20193765
0.17876849,0.20384127
0.2056212,0.198815
0.20364398,0.2135509
0.18819763,0.20499198
0.18762699,0.2115719
0.19652106,0.21406019
0.21329777,0.22269544
0.22434407,0.22403638
0.22209387,0.22347668
0.20073655,0.20713666
0.17382914,0.19201264
0.14357853,0.16250002
0.09382252,0.1220697
0.07213673,0.06334583
0.045204088,0.053397954
0.03299418,0.038460884
0.033069327,0.03282079
0.05735292,0.04882657
0.09543144,0.08167051
0.17236786,0.14104664
0.22946027,0.20062497
0.22721936,0.2191845
0.20514429,0.21477847
0.18104896,0.19888657
0.16562255,0.19656657
0.1657285,0.18853326
0.18649073,0.20234251
0.19324107,0.1922022
0.19751738,0.20270686
0.19885863,0.2059848
0.21685922,0.21446459
0.21608171,0.21735767
0.21414644,0.21929693
0.19936529,0.20805019
0.16507526,0.18571669
0.12932529,0.15178701
0.092073925,0.11166114
0.05464359,0.0718086
0.03736846,0.063264646
0.037373506,0.045662917
0.030029133,0.042970974
0.047180787,0.05710477
0.093418896,0.086830296
0.16989778,0.14558555
0.21974169,0.20868327
0.22562027,0.22172649
0.19969615,0.21838869
0.17932054,0.20365255
0.1736536,0.19476275
0.16396901,0.18453014
0.16726997,0.19306622
0.1757984,0.1897984
0.18713838,0.199044
0.20552932,0.19975266
0.22110073,0.21260846
0.2127449,0.21247913
0.20498443,0.21605116
0.1889292,0.20021749
0.161231,0.17997545
0.12803979,0.1454646
0.08560132,0.10225311
0.049644224,0.05736804
0.02572894,0.042051725
0.016462304,0.024285812
0.008803529,0.018609695
0.014405678,0.030239733
0.06933791,0.0627273
0.12399186,0.11481382
0.17361298,0.16861238
0.19540207,0.1828706
0.18492694,0.19212724
0.19020858,0.18891591
0.18375671,0.1968508
0.19696532,0.19401836
0.19816822,0.21077225
0.1966217,0.20314215
0.21703874,0.2159401
0.2204969,0.21852762
0.21820658,0.21496548
0.213921,0.21465077
0.19941574,0.2175174
0.17456894,0.2023736
0.15170759,0.18312904
0.1307138,0.1492866
0.097017,0.11204803
0.061798368,0.05229702
0.0429807,0.041184053
0.019401329,0.02285102
0.025716458,0.019810181
0.011956049,0.025626756
0.029114606,0.039493397
0.042251255,0.0713518
0.07318509,0.11016826
0.090744354,0.12461877
0.09361725,0.13937724
0.09497843,0.14134634
0.10627354,0.14169538
0.09907787,0.14640474
0.09478485,0.15924972
0.10553533,0.15782526
0.09385412,0.16561878
0.10254559,0.1687346
0.1171637,0.17528717
0.14777888,0.18152604
0.15536304,0.19125786
0.13950033,0.18077795
0.13048437,0.16650851
0.11607259,0.13958362
0.079200156,0.106297776
0.06587577,0.07654092
0.04300088,0.06409204
0.027808668,0.04425111
0.016752807,0.0318772
0.020087224,0.040824246
0.026872098,0.038054116
0.04063304,0.04200517
0.059574183,0.06897183
0.075647995,0.083268076
0.07689525,0.1050064
0.068071805,0.10747633
0.07351702,0.10326147
0.0849542,0.10846056
0.07040566,0.11570691
0.07249946,0.12447782
0.07998032,0.12844718
0.10505736,0.13385132
0.13909379,0.14786704
0.16651104,0.1687106
0.17868006,0.19856817
0.17569005,0.18875417
0.15424724,0.18630861
0.12773308,0.16301745
0.0866789,0.1319581
0.06516996,0.0788064
0.04604267,0.0638776
0.03440793,0.04667702
0.036895797,0.04728839
0.053479187,0.059913397
0.10649447,0.086437106
0.18840024,0.1382854
0.23885517,0.19851446
0.24741678,0.20997173
0.2118195,0.20690034
0.19796109,0.18656762
0.17846206,0.16999908
0.16710587,0.15586524
0.1623492,0.15766484
0.16032471,0.15545943
0.16698955,0.16121723
0.19212447,0.17350301
0.21390799,0.18941952
0.21821535,0.19743413
0.22198552,0.20859945
0.20462011,0.19652212
0.1806002,0.1823054
0.14566995,0.15377694
0.1018034,0.12075545
0.07539918,0.08239168
0.05974944,0.06665274
0.043917004,0.05373068
0.053959023,0.054453652
0.06692812,0.07164231
0.12645078,0.098428994
0.20179899,0.1622845
0.25733426,0.22835545
0.2571585,0.24119434
0.22895177,0.22967987
0.19751365,0.20248082
0.18255591,0.18805985
0.1703338,0.1787449
0.16629994,0.18561478
0.17335726,0.18552507
0.18515505,0.19377516
0.20524918,0.20198599
0.21776393,0.21640266
0.2168895,0.21780775
0.21269658,0.22281256
0.19573267,0.20737883
0.16574894,0.18922597
0.12472582,0.1547958
0.08729549,0.11383876
0.058015715,0.067806885
0.037421305,0.054212037
0.024235528,0.038913086
0.030443113,0.039177302
0.04434426,0.052860714
0.0915832,0.08237121
0.16633447,0.1410239
0.21991694,0.20204693
0.22704065,0.21432585
0.20397803,0.20773014
0.18827198,0.18926571
0.17302826,0.17793737
0.17415708,0.16894002
0.17355722,0.17927107
0.18318765,0.18039978
0.2038734,0.19036312
0.21998943,0.19792986
0.23280212,0.20805524
0.23294048,0.20167166
0.22470255,0.20538321
0.19953151,0.18925625
0.17876318,0.16537885
0.1333278,0.13306537
0.093601055,0.08668874
0.04629361,0.065864004
0.033455428,0.05141686
0.016739264,0.03395762
0.017188298,0.027624112
0.018498484,0.04308073
0.073908694,0.07254767
0.13987927,0.12800926
0.19741993,0.18426222
0.20245488,0.1959508
0.19536887,0.20092167
0.18598327,0.19711716
0.19021894,0.19723344
0.19419597,0.19684446
0.20461905,0.21206978
0.21725939,0.2141578
0.23903918,0.22823672
0.25160757,0.23309004
0.2561688,0.23513617
0.24946067,0.22393432
0.22762007,0.22507769
0.20847605,0.20490137
0.18116023,0.18361324
0.14626582,0.14886591
0.09576045,0.10501987
0.06913158,0.050199464
0.046133753,0.036143348
0.02655451,0.015726723
0.036716554,0.017197292
0.033964474,0.026832893
0.07652774,0.052278962
0.14320412,0.1097473
0.2010645,0.16109817
0.20812447,0.1722462
0.2217136,0.17944433
0.22143558,0.17749771
0.2356891,0.17912863
0.26133308,0.17985569
0.2685808,0.19539596
0.2717341,0.19875698
0.26838323,0.2130229
0.28716877,0.21820635
0.28788996,0.22325368
0.28104562,0.20944618
0.24967656,0.20900908
0.22900487,0.18670484
0.20122036,0.1649516
0.16875276,0.12969081
0.13188379,0.08901417
0.09166977,0.07585239
0.06619602,0.05812974
0.050940868,0.03371336
0.032828216,0.02466042
0.03749778,0.025087347
0.034156725,0.027923245
0.051227123,0.032566898
0.08228284,0.053661022
0.11081883,0.07351168
0.1350918,0.0902396
0.14710999,0.095344394
0.17696014,0.11185812
0.19003545,0.12103996
0.19240542,0.15043037
0.2131326,0.15587899
0.25030428,0.17177568
0.26885563,0.18788034
0.2798565,0.20952936
0.27980846,0.2028418
0.27226147,0.21297568
0.25647947,0.1897971
0.23504092,0.17272283
0.20353377,0.15097064
0.16975996,0.10843198
0.13830326,0.14742447
0.10791805,0.12130688
0.08449959,0.09920062
0.06968524,0.083826855
0.06697459,0.06981061
0.065922506,0.05277016
0.08713537,0.037330728
0.0945671,0.05026612
0.12242277,0.07866517
0.13529706,0.1296953
0.15351938,0.14933291
0.15881456,0.17527838
0.16683847,0.19741406
0.18904817,0.22222883
0.20811412,0.23666614
0.22060949,0.25143385
0.2352722,0.27054596
0.25314772,0.29628867
0.26916844,0.311446
0.26762456,0.3188448
0.23969907,0.2985371
0.21725409,0.28663993
0.16943228,0.26216903
0.13673046,0.21815266
0.087863214,0.096974686
0.054739717,0.08101608
0.04191322,0.06201616
0.030205188,0.051351327
0.047067665,0.059157975
0.07977745,0.079584315
0.15178725,0.12229262
0.20211737,0.16694418
0.21870767,0.17604211
0.22149453,0.19793329
0.2227532,0.19945398
0.23535664,0.20825592
0.25437346,0.22390409
0.28652164,0.2474789
0.30326328,0.25593275
0.27412292,0.27477238
0.26972476,0.2725251
0.26857442,0.28382257
0.24314474,0.27545536
0.22455862,0.27224004
0.19802164,0.24645516
0.16049969,0.23766312
0.1280074,0.20195088
0.08439497,0.1723898
0.04914819,0.07011749
0.024060536,0.05401824
0.016672082,0.039363906
0.013461675,0.035979707
0.026224706,0.04985648
0.0718996,0.07835953
0.14658183,0.1314705
0.20387553,0.1875267
0.21946047,0.20301661
0.20609997,0.20744438
0.19564584,0.19014063
0.1765581,0.179078
0.17052366,0.16875829
0.17192121,0.17464946
0.18523444,0.16302891
0.19052485,0.16415788
0.2052744,0.16947061
0.21391356,0.18534717
0.22433478,0.20117797
0.21441013,0.20974728
0.20716879,0.19783823
0.192394,0.18790184
0.1558211,0.15943977
0.12971377,0.1308052
0.096318886,0.08761135
0.07459353,0.075503185
0.072137795,0.06063886
0.07594275,0.056344923
0.098094836,0.07454505
0.14165495,0.10308227
0.22223009,0.16180092
0.26967084,0.22101004
0.2899421,0.23990367
0.27920276,0.23749433
0.24599162,0.20853475
0.22646628,0.18572752
0.20664275,0.16765344
0.20346048,0.16565397
0.20886905,0.15413085
0.21657032,0.15400873
0.23697087,0.15548453
0.2787824,0.17663912
0.29243845,0.20192665
0.29550147,0.21541622
0.276029,0.20268083
0.25830722,0.20023516
0.21569137,0.17357942
0.18191092,0.14344935
0.14917378,0.13225435
0.13291223,0.11563616
0.1319754,0.101061836
0.13196982,0.10097948
0.15071313,0.11575039
0.21832475,0.14462116
0.3016727,0.20058075
0.3704527,0.27406725
0.36489543,0.29726696
0.3199112,0.2847218
0.27961406,0.25417686
0.2408478,0.23840962
0.22015992,0.21821083
0.20912053,0.22169344
0.2000857,0.21530999
0.2094936,0.21497902
0.223292,0.2265712
0.26105052,0.24909925
0.2774836,0.26213902
0.28091657,0.26770502
0.2732036,0.25847897
0.24928859,0.24636528
0.21127301,0.21639988
0.17722568,0.17922996
0.14462398,0.10966382
0.13757569,0.09865594
0.12718686,0.08264105
0.13130224,0.08009374
0.14921866,0.0960266
0.19915338,0.12422161
0.28962398,0.18067807
0.3395303,0.25139305
0.34156248,0.26957306
0.30681625,0.2577659
0.26043183,0.2247679
0.21871297,0.20554315
0.20529114,0.18478505
0.18667766,0.18682608
0.18314993,0.1775222
0.18746261,0.1843393
0.2129138,0.19142848
0.22988169,0.21284494
0.23552446,0.22408864
0.23036392,0.23023921
0.21155289,0.22228771
0.19782434,0.20630825
0.16646245,0.17876193
0.14236262,0.1453864
0.12221538,0.08564201
0.09912434,0.08066873
0.08977114,0.0650296
0.08256379,0.06009602
0.093419425,0.07000658
0.10439775,0.09517318
0.13908556,0.13009201
0.17940366,0.17867969
0.19143432,0.19385985
0.17542744,0.18820408
0.15525179,0.16188416
0.12516555,0.14650354
0.10399227,0.12694223
0.0954248,0.129753
0.0970632,0.12072278
0.110981874,0.13159336
0.13132454,0.14034392
0.14499786,0.15470998
0.16090386,0.16602688
0.16455533,0.18408382
0.1609559,0.18011548
0.14191625,0.15972993
0.123927064,0.14164862
0.09858608,0.108455874
0.06799294,0.08356284
0.06248931,0.08158715
0.060693976,0.066379
0.047848623,0.059456553
0.043731388,0.06696706
0.048726242,0.084744796
0.062782995,0.11334504
0.078889206,0.15031916
0.10620344,0.16158025
0.1147,0.16268805
0.09930757,0.14170364
0.09391413,0.12694494
0.082971394,0.11349875
0.08335165,0.12286893
0.09836542,0.11327353
0.108124904,0.12733941
0.11940037,0.13096958
0.13922577,0.14618912
0.18378697,0.16284643
0.19431892,0.18391901
0.17945917,0.17724247
0.16651477,0.16326424
0.15040669,0.14056289
0.11886052,0.11130295
0.08578216,0.09066404
0.056012463,0.07777856
0.03688597,0.061138336
0.038967557,0.06090795
0.035419647,0.06816753
0.060383823,0.092036135
0.11330511,0.13540834
0.19534178,0.19060208
0.23332046,0.2059552
0.22214484,0.20868579
0.20085524,0.19783807
0.19439036,0.1873983
0.16875036,0.17674251
0.17272076,0.18142512
0.18865544,0.17672504
0.18949215,0.18451183
0.19969217,0.18987602
0.21727613,0.20027654
0.25877324,0.20885503
0.24682729,0.22094613
0.22851786,0.20680971
0.19934803,0.19195351
0.16907911,0.16313025
0.12423483,0.12685333
0.09145946,0.09295954
0.056838565,0.08036637
0.03618786,0.061507434
0.025928361,0.052633863
0.027813448,0.056584787
0.039531305,0.07917126
0.08311054,0.117272645
0.16986006,0.16919753
0.19915073,0.19991684
0.21968699,0.20810847
0.21758787,0.20651501
0.21721426,0.20965351
0.21715769,0.20080371
0.2103675,0.21575436
0.21886858,0.20333809
0.20905972,0.21653613
0.21090762,0.22416314
0.23879516,0.23186205
0.2613875,0.2368227
0.2388225,0.24272063
0.21726339,0.22894207
0.19019452,0.20626214
0.16835603,0.1790975
0.12397646,0.13240021
0.07643135,0.09503656
0.047581222,0.079008006
0.03398253,0.0634652
0.023054395,0.059338804
0.021522481,0.06470775
0.037120443,0.086132355
0.08848485,0.122042954
0.17177941,0.16977333
0.21071139,0.18702583
0.20143254,0.20012243
0.18896505,0.19091472
0.17329566,0.18758635
0.16930827,0.18327421
0.17387825,0.19160515
0.17384055,0.18770166
0.18765965,0.19575565
0.20013164,0.20464641
0.22065541,0.21651675
0.25064152,0.22742689
0.23624833,0.23594189
0.217684,0.22056338
0.19986849,0.20577171
0.1689729,0.18104255
0.13602014,0.1428036
0.099425465,0.10005142
0.09728912,0.08369701
0.09515278,0.0664385
0.09301644,0.06730634
0.090880096,0.073436856
0.088743754,0.09457745
0.08660741,0.14689864
0.08447107,0.2053109
0.08233473,0.2294053
0.080198385,0.22978516
0.07806204,0.22008562
0.0759257,0.21528703
0.07378936,0.20571582
0.071653016,0.21500553
0.06951667,0.20773058
0.06738033,0.21911964
0.06524399,0.22513533
0.06310765,0.23928644
0.06097131,0.24135792
0.058834966,0.24436408
0.056698624,0.22386649
0.05456228,0.2060427
0.05242594,0.17494151
0.050289597,0.12982813
0.048153255,0.040749803
0.046016913,0.02821572
0.026072817,0.014064703
0.020387819,0.010089613
0.013349616,0.019401163
0.024976391,0.043495182
0.0664666,0.091343954
0.120484844,0.13391246
0.15635777,0.14979306
0.18713918,0.16953972
0.21177568,0.16777934
0.23532452,0.1588475
0.25000796,0.15104738
0.2508104,0.15515327
0.24665892,0.14409843
0.2500653,0.14438993
0.23622683,0.14482507
0.25216442,0.14255977
0.27897596,0.16236307
0.26344812,0.17663321
0.24236432,0.17181021
0.22751412,0.17290649
0.21726231,0.14411727
0.19119667,0.11951877
0.16083083,0.10800568
0.1382568,0.0994491
0.11700942,0.082694314
0.10353872,0.07881652
0.09890049,0.0946545
0.10272111,0.12367731
0.12072569,0.17835002
0.13944669,0.24616249
0.17179482,0.26243675
0.18836333,0.251346
0.19406374,0.22226763
0.15703091,0.2028703
0.12387794,0.1816099
0.11875271,0.18107381
0.109713644,0.1720467
0.11255043,0.1782221
0.1310845,0.18631613
0.15141231,0.21238364
0.19167173,0.22379917
0.20013031,0.23010844
0.19864115,0.22097057
0.18634547,0.20888638
0.18161085,0.1798312
0.16336915,0.14502625
0.14258806,0.12339446
0.119210236,0.11162922
0.10451034,0.0960952
0.09393246,0.09315111
0.08773443,0.09802168
0.08171272,0.11357525
0.09184184,0.14440359
0.11458316,0.19933473
0.13509047,0.21768749
0.15453933,0.22556365
0.1423265,0.20835167
0.15783711,0.19588691
0.15608214,0.177878
0.12997241,0.17700882
0.12832604,0.16238599
0.13060944,0.16408883
0.1525844,0.16691108
0.1904242,0.1972435
0.23750275,0.22824508
0.25142992,0.24467376
0.2552487,0.23075554
0.24476083,0.22545996
0.2342488,0.20654684
0.20485698,0.17664069
0.17529519,0.14876066
0.15414687,0.13476598
0.13759667,0.11712343
0.13875948,0.11614539
0.14700218,0.12959476
0.17256568,0.15871705
0.2431798,0.21334764
0.33580843,0.2901207
0.37729943,0.318654
0.34596545,0.30649638
0.2887315,0.27389833
0.25877458,0.25004387
0.23649344,0.22535495
0.2229043,0.22381511
0.21678169,0.21498324
0.21796016,0.21427487
0.23635216,0.22340038
0.2721558,0.24828449
0.30336046,0.26732022
0.29318753,0.27399954
0.28703943,0.2633525
0.26336554,0.25081053
0.23706223,0.2207622
0.20194636,0.18136103
0.16196497,0.15313344
0.13256967,0.1312355
0.11476346,0.1126069
0.11553938,0.10575094
0.113628,0.11548248
0.13115168,0.14764042
0.19579268,0.20688275
0.2694085,0.2885946
0.3103806,0.3182982
0.2831625,0.320059
0.2431134,0.301699
0.2240541,0.289724
0.20513898,0.27340752
0.2034804,0.28349635
0.19903946,0.27653423
0.20675321,0.2815237
0.22377448,0.2902693
0.25418174,0.3067575
0.29166412,0.31667313
0.28391957,0.3169906
0.27282947,0.28770307
0.25860542,0.28214115
0.2310777,0.243687
0.20001931,0.2031819
0.15643902,0.11476251
0.13334161,0.102306515
0.1141875,0.08542132
0.11619235,0.08377935
0.1146052,0.09664169
0.13323088,0.12185599
0.19535348,0.17167148
0.28314048,0.23662935
0.32651657,0.25973535
0.307978,0.25069714
0.27316964,0.22633928
0.24443926,0.20810954
0.22829667,0.18942352
0.22725654,0.18978918
0.22680458,0.17915735
0.22671032,0.1858971
0.24047285,0.19102252
0.2561157,0.20501669
0.30064264,0.22200274
0.27935198,0.23384622
0.25869915,0.22322087
0.23610707,0.21054068
0.21937922,0.18248689
0.17221782,0.14971049
0.13477209,0.14799735
0.09687573,0.13118796
0.07788599,0.11236143
0.079852864,0.10538247
0.08163094,0.11575718
0.10412344,0.13375181
0.16352157,0.17208442
0.24878964,0.23884918
0.29138052,0.263862
0.27011615,0.26100618
0.22984716,0.24353498
0.20747814,0.22754903
0.1919009,0.21191444
0.19561902,0.21646725
0.19223468,0.21688457
0.2039289,0.22498854
0.2159577,0.23590693
0.237413,0.24904312
0.26282382,0.25584927
0.24273235,0.26463053
0.22238809,0.25395975
0.21281129,0.23475802
0.18454032,0.2111204
0.15194498,0.17788994
0.112126626,0.1019808
0.077553265,0.0897954
0.06995185,0.07561367
0.054271832,0.07103466
0.053233296,0.078266226
0.07088443,0.09890844
0.12327649,0.14135417
0.20058067,0.19724274
0.23340358,0.21932277
0.2267005,0.21857007
0.22080837,0.20352349
0.20743194,0.19785607
0.19995266,0.19044022
0.19505288,0.201374
0.200142,0.19784851
0.20213968,0.20952734
0.21685073,0.21238935
0.22559956,0.22022885
0.25224248,0.22446682
0.23246542,0.2317855
0.20459382,0.21789052
0.17897615,0.19975758
0.15915897,0.17097712
0.12762608,0.13200164
0.092933215,0.09124987
0.07585804,0.07162255
0.043812912,0.054588646
0.03147209,0.04605292
0.021912828,0.045881033
0.027845578,0.057496175
0.02929305,0.085207105
0.05210421,0.12206265
0.082993165,0.13548389
0.09447788,0.16292842
0.11526879,0.16879657
0.11363358,0.17027287
0.09504056,0.1699042
0.09096369,0.18395501
0.09556422,0.1844488
0.10083444,0.19169517
0.123987876,0.19722518
0.15246783,0.19907857
0.1873325,0.21291143
0.19294527,0.22690246
0.19050997,0.2168818
0.18215442,0.21411872
0.16989405,0.1890446
0.15503111,0.16447334
0.12727688,0.12383894
0.109332055,0.11031094
0.089001864,0.09830354
0.08418147,0.09236908
0.082269564,0.0940925
0.084824085,0.102748305
0.108426824,0.121425286
0.13388279,0.16374472
0.15443152,0.18151876
0.1457836,0.18646084
0.1240054,0.16476724
0.11407438,0.15568994
0.10393677,0.14015615
0.10094517,0.14545502
0.10487334,0.13867547
0.11307036,0.14325424
0.13273299,0.15564281
0.16343182,0.18006614
0.20676914,0.20825398
0.2174421,0.22971079
0.2200784,0.22375888
0.20927826,0.21208382
0.19437549,0.19627163
0.16580178,0.16461036
0.13592082,0.11597838
0.11261841,0.09893
0.093372956,0.08336993
0.095248215,0.0807169
0.103229895,0.091372706
0.1256908,0.11496037
0.1810734,0.1625711
0.26595882,0.22465199
0.30751702,0.24963768
0.30136678,0.24841543
0.2683633,0.22968021
0.2501277,0.20936698
0.23984033,0.1962292
0.23780414,0.19614945
0.24124266,0.1857567
0.25396374,0.1875865
0.26145416,0.19562697
0.2953533,0.20795317
0.32274348,0.2325971
0.30994275,0.24562702
0.2941727,0.23661435
0.27163744,0.22995022
0.25354525,0.20350856
0.2160549,0.17243515
0.18326306,0.1711598
0.15538588,0.15218094
0.13572805,0.13216324
0.12571709,0.13229206
0.12543057,0.13751799
0.13249001,0.16065891
0.18638982,0.20957783
0.2654583,0.29006976
0.3140698,0.32635397
0.3318861,0.3268733
0.34084445,0.3115867
0.340568,0.3015655
0.35091513,0.27548072
0.34046286,0.26946324
0.34177065,0.26067063
0.3312087,0.2588692
0.32628608,0.26804948
0.32403374,0.2857556
0.33633873,0.3001738
0.29275152,0.30663177
0.26934344,0.29173672
0.23878957,0.27821332
0.21897002,0.2413517
0.17120026,0.1935378
0.13914292,0.13242748
0.093890496,0.114703685
0.077864215,0.09143151
0.057882413,0.08748374
0.05776823,0.096662164
0.073760256,0.12737004
0.11715653,0.18057722
0.18509583,0.24723618
0.22080491,0.2761343
0.23843534,0.28094453
0.24327193,0.26999202
0.20388588,0.26276383
0.18715909,0.2538716
0.18091407,0.2675524
0.19219299,0.26128075
0.20138209,0.26929438
0.21905819,0.26786134
0.24330911,0.27341756
0.2720177,0.2793708
0.25332403,0.28053534
0.23189557,0.2675269
0.22098787,0.25231925
0.19161597,0.21898195
0.16362725,0.18802635
0.1397364,0.12497388
0.111163504,0.10706662
0.087982975,0.08696744
0.08134229,0.083723366
0.079196446,0.09315165
0.0856231,0.11862248
0.10440359,0.16586834
0.13765694,0.23303528
0.16528238,0.25841928
0.17169629,0.2595383
0.16431342,0.24275784
0.14937691,0.22675522
0.16390608,0.20783405
0.15461475,0.21171471
0.15906869,0.19948994
0.15509804,0.20365323
0.16890597,0.21182638
0.17223534,0.22628428
0.18216266,0.2439425
0.16288932,0.25371093
0.15211147,0.23944315
0.14994997,0.23006651
0.1541227,0.2025738
0.1387948,0.17231458
0.12425873,0.0938538
0.10469808,0.08041865
0.087176256,0.066657364
0.079206005,0.06270614
0.09079932,0.07656416
0.10670744,0.10641417
0.13924143,0.15467659
0.20398812,0.2153836
0.22111455,0.23545197
0.2215965,0.2286395
0.19264548,0.20500314
0.16861574,0.18742606
0.1554435,0.17336392
0.1531447,0.17900495
0.17937233,0.16610871
0.18787287,0.1694825
0.19957799,0.17419004
0.22877544,0.18581484
0.26005182,0.20714779
0.2425794,0.22037709
0.23095767,0.21262655
0.22041564,0.2043285
0.21222657,0.17798102
0.19482769,0.15043424
0.1661924,0.13449617
0.15310222,0.12049873
0.13296507,0.106958434
0.13695803,0.10311091
0.13546914,0.11028848
0.13460188,0.12847522
0.16631827,0.16062722
0.20311183,0.21735826
0.22944514,0.23923954
0.23832726,0.23953733
0.22041272,0.21404046
0.20261048,0.18979391
0.17928523,0.16938807
0.16577762,0.16542464
0.1649032,0.1512553
0.1648992,0.14845704
0.19217174,0.15563753
0.22921917,0.17862302
0.2774313,0.21431927
0.28131327,0.2335923
0.2922199,0.23191288
0.28650066,0.22721888
0.27674514,0.21226996
0.25462654,0.18803109
0.22715165,0.21008404
0.21103641,0.18961315
0.18136045,0.17080879
0.16915931,0.16789246
0.16646059,0.1726095
0.15659834,0.1894052
0.16815794,0.22615078
0.18802689,0.3001686
0.2136305,0.3401624
0.21802814,0.34005672
0.22189896,0.3172131
0.22209306,0.30134162
0.2104315,0.27585965
0.21795379,0.27347597
0.2149043,0.259831
0.2147888,0.25788596
0.23143166,0.2607242
0.2567397,0.28183055
0.28076786,0.31797975
0.282735,0.32979643
0.27730545,0.3181218
0.26119497,0.30559108
0.23953389,0.2808573
0.19936156,0.24601756
0.16999656,0.1835058
0.17164442,0.15871269
0.17329228,0.14154789
0.17494014,0.13571288
0.176588,0.14328273
0.17823586,0.1691056
0.17988372,0.21892768
0.18153158,0.29713264
0.18317944,0.32986212
0.18482731,0.33551043
0.18647517,0.31385526
0.18812303,0.2975867
0.18977089,0.28306448
0.19141875,0.28862396
0.19306661,0.27597126
0.19471447,0.27910292
0.19636233,0.28235087
0.19801019,0.29812488
0.19965805,0.3262562
0.20130591,0.32671922
0.20295377,0.3099718
0.20460163,0.29622227
0.20624949,0.27155322
0.20789735,0.23913719
0.20954522,0.17197078
0.21119308,0.14969191
0.1941341,0.13219576
0.19006094,0.1297848
0.18362924,0.1375232
0.20669824,0.16491921
0.26129004,0.21949697
0.36014938,0.3016157
0.40139928,0.33159065
0.38435543,0.33127224
0.35113022,0.30210808
0.33720332,0.27805856
0.33296156,0.25300252
0.3245946,0.2524988
0.32903817,0.23436004
0.3458778,0.23097248
0.3767596,0.23429406
0.44413248,0.25709894
0.49071768,0.29364577
0.48271766,0.30302352
0.4690356,0.28834
0.45005938,0.28443763
0.42332777,0.26203287
0.3805595,0.23652516
0.327959,0.31561542
0.30138642,0.29220888
0.28186852,0.2742951
0.28739074,0.27285492
0.28739554,0.2798689
0.3176233,0.313595
0.37891075,0.37030604
0.4746829,0.46645528
0.53327215,0.5137725
0.49350134,0.50930595
0.44408575,0.46550128
0.3954976,0.4252006
0.36784667,0.387856
0.34754142,0.37723085
0.34166312,0.36078808
0.34100643,0.35419232
0.36823887,0.35759503
0.4222255,0.3963297
0.45717114,0.4376532
0.44013423,0.441562
0.42448342,0.4238434
0.39232993,0.4047772
0.36391503,0.3745689
0.319972,0.32962367
