true,forecasted
0.43492916,0.42988232
0.41999412,0.41283447
0.4045425,0.3974315
0.40265366,0.39194444
0.40272492,0.38900065
0.41676235,0.40400097
0.43865746,0.4147972
0.4598101,0.4389569
0.4756379,0.45425835
0.48415154,0.4683161
0.4935214,0.4885795
0.50550044,0.50466424
0.51793367,0.5224079
0.53642267,0.5399418
0.5495333,0.55307835
0.56160575,0.5667543
0.5678375,0.57428294
0.5673383,0.57632923
0.5566134,0.5639962
0.5434845,0.5576574
0.5319426,0.5480612
0.5132756,0.51925355
0.48396105,0.48209178
0.45066053,0.4488511
0.42616358,0.41693923
0.40480223,0.40070987
0.39293894,0.3890273
0.38554382,0.3838708
0.3885188,0.38313943
0.4071284,0.40152022
0.42746547,0.41733977
0.45083085,0.43955222
0.46509582,0.44759405
0.4715248,0.45934975
0.4774301,0.47737026
0.48747018,0.48879692
0.49506402,0.500687
0.50237656,0.518976
0.513829,0.5357364
0.5249295,0.5432307
0.53100705,0.55323255
0.5380508,0.5521568
0.5341402,0.54594547
0.52507156,0.5371148
0.51992154,0.52604824
0.50352955,0.5030749
0.47627166,0.46540058
0.44446504,0.43625903
0.42304233,0.41735432
0.40883118,0.4006139
0.39599437,0.39160803
0.3919368,0.3899449
0.39704755,0.3881384
0.41205224,0.40701318
0.43202788,0.43013862
0.4484319,0.44888458
0.4543314,0.46179724
0.46077794,0.47169927
0.47042614,0.48967892
0.47762138,0.503759
0.48741144,0.5154718
0.4993278,0.5353359
0.5045794,0.5531809
0.516663,0.5684754
0.5269242,0.5769069
0.53047734,0.5784376
0.52257276,0.57446057
0.51737994,0.5642967
0.5083535,0.55528504
0.49754742,0.52944165
0.4747083,0.4915302
0.44538847,0.45511043
0.42073533,0.42492297
0.4041668,0.40642363
0.39237165,0.39587212
0.38680822,0.38971764
0.38487023,0.38957477
0.39059204,0.40339866
0.3949604,0.41084296
0.4083447,0.43612853
0.42527944,0.4538302
0.4433349,0.47989854
0.4607438,0.5050752
0.47741473,0.52623683
0.49380377,0.5433661
0.51019424,0.5651803
0.52981377,0.5884647
0.5474551,0.5933973
0.5701623,0.60503393
0.5869911,0.6135162
0.59039736,0.6002361
0.5750576,0.5950259
0.554275,0.5851343
0.5367015,0.5517697
0.50927943,0.51321137
0.47711653,0.47501528
0.44768757,0.43735203
0.4248857,0.4189809
0.40733957,0.40420955
0.39757133,0.39779407
0.3911581,0.39483535
0.3893106,0.40774968
0.39141336,0.41091138
0.4036104,0.44192275
0.42654377,0.46161622
0.45600986,0.49157172
0.48639295,0.5242852
0.5211975,0.55311483
0.55393547,0.5841776
0.58476603,0.6142334
0.6048927,0.6383557
0.6202614,0.6578903
0.63120085,0.6724635
0.6395774,0.6775064
0.63821673,0.661428
0.6205147,0.64569503
0.6066344,0.62910503
0.59062827,0.59765446
0.55560654,0.55192417
0.5163286,0.51063424
0.4830603,0.48342225
0.46173295,0.46233696
0.44977742,0.4459815
0.44337115,0.437711
0.44670537,0.43693388
0.45979768,0.44963565
0.48435608,0.46108064
0.5122012,0.48286045
0.5352651,0.50127804
0.54694736,0.52022904
0.55311555,0.54403245
0.5647842,0.5653841
0.57644284,0.57943916
0.58542615,0.59314346
0.5924019,0.6021989
0.6003946,0.5993581
0.6117082,0.5965144
0.6188233,0.5921837
0.61349875,0.5716148
0.5969153,0.56646
0.5819601,0.5552907
0.5626939,0.52153337
0.52377266,0.4879213
0.48374698,0.45920122
0.45315897,0.4495127
0.42690754,0.43343425
0.4165926,0.41852048
0.4092902,0.4135841
0.40853372,0.4135548
0.4198539,0.4304472
0.44176394,0.44728154
0.46217823,0.4748526
0.4744685,0.49164936
0.49131015,0.50590867
0.5083016,0.52375114
0.52531993,0.53698623
0.54163283,0.55349827
0.55842966,0.57202
0.5763492,0.5858676
0.5838346,0.6020424
0.59684706,0.6121595
0.6059399,0.61472005
0.5998141,0.60575825
0.5863288,0.59700763
0.5710213,0.5868074
0.5522973,0.557651
0.51384014,0.51972574
0.47452447,0.48497957
0.44331622,0.4411302
0.42379367,0.42275625
0.41179043,0.40799254
0.40609378,0.39974505
0.40990296,0.4002548
0.4224985,0.4153496
0.4461689,0.4240806
0.46110675,0.45289508
0.47173116,0.4667313
0.4838561,0.48696476
0.49664813,0.5066033
0.5058588,0.5238656
0.52967757,0.54643613
0.54908013,0.5646245
0.56034553,0.5851466
0.5681357,0.592813
0.5817626,0.6045485
0.5902335,0.6084203
0.59452456,0.5969506
0.5862501,0.586154
0.5726926,0.5770725
0.55426717,0.550322
0.51972425,0.5086332
0.47849596,0.47448587
0.44891372,0.44423184
0.43035603,0.42717993
0.41777375,0.41362745
0.41110814,0.4084108
0.41084298,0.40540552
0.42182055,0.42330766
0.44349787,0.43257916
0.46544033,0.46285722
0.4834875,0.4802933
0.49933887,0.50055426
0.5163113,0.5231278
0.5341632,0.54164964
0.5587084,0.56443095
0.57997966,0.58495104
0.60142994,0.60255915
0.61965626,0.6177145
0.63440603,0.6305562
0.63900286,0.63274413
0.62765265,0.62107456
0.60923964,0.6083666
0.5881564,0.59814066
0.5691285,0.56793207
0.5284387,0.5263548
0.48950186,0.4900272
0.48847172,0.4560273
0.48744157,0.43395782
0.48641142,0.4196217
0.48538128,0.4106031
0.4843511,0.41167432
0.48332095,0.4269896
0.4822908,0.43748128
0.48126066,0.46567512
0.4802305,0.4775614
0.47920036,0.49466047
0.4781702,0.5174762
0.47714004,0.5426855
0.4761099,0.5585142
0.47507975,0.5749098
0.4740496,0.5941925
0.47301945,0.5992301
0.47198927,0.60520905
0.47095913,0.6071559
0.46992898,0.592277
0.46889883,0.5827073
0.4678687,0.5713925
0.46683854,0.5400079
0.46580836,0.50186133
0.4647782,0.46958584
0.46374807,0.4125205
0.46271792,0.40370977
0.46168777,0.39175165
0.46065763,0.39051396
0.45962745,0.3860737
0.4585973,0.3990192
0.45756716,0.40165007
0.456537,0.43123245
0.45550686,0.44732633
0.4544767,0.46397787
0.45344654,0.48303252
0.4524164,0.49441636
0.45138624,0.50870305
0.4503561,0.5253416
0.44932595,0.5439634
0.4482958,0.5610205
0.44726562,0.5762619
0.44623548,0.5849004
0.44520533,0.58131975
0.44417518,0.5796559
0.44314504,0.5715746
0.4421149,0.549259
0.4410847,0.5108831
0.44005457,0.47588068
0.43902442,0.39299688
0.4168142,0.38034487
0.4021624,0.36743763
0.39176273,0.3655694
0.38689128,0.35814214
0.38572726,0.37145093
0.3877869,0.36909762
0.40082094,0.39597848
0.4252095,0.41627553
0.4523554,0.4419669
0.4784686,0.46745437
0.50285304,0.48613018
0.52515656,0.5015807
0.54663175,0.52134407
0.5662967,0.543034
0.5850327,0.5642723
0.60357326,0.58120424
0.6148524,0.5955391
0.6128598,0.58902997
0.5973226,0.58455205
0.5721309,0.5724554
0.5511094,0.5462781
0.5184603,0.50345105
0.4804618,0.46438813
0.45101848,0.44050092
0.4290496,0.4195618
0.4147664,0.40361798
0.4076167,0.3940091
0.40803552,0.393929
0.4163034,0.40460947
0.43017206,0.4101901
0.45316377,0.4359412
0.48188075,0.45735794
0.5146984,0.4951815
0.5530041,0.53232807
0.590613,0.5656944
0.61719674,0.6006292
0.6403059,0.63339293
0.65859985,0.65524095
0.6676339,0.6719221
0.66699874,0.6840543
0.66156846,0.68508637
0.65021247,0.6651808
0.62988037,0.64501417
0.6102717,0.6246155
0.58710265,0.5908062
0.54965484,0.5436366
0.51133853,0.50336814
0.47955886,0.47791967
0.45896393,0.4569056
0.4459192,0.44163024
0.44008523,0.4336501
0.44215986,0.4330151
0.45874226,0.4439573
0.48038942,0.4548194
0.50663656,0.4777772
0.5256982,0.49572265
0.54223984,0.5191733
0.56225765,0.54826754
0.5805138,0.57289505
0.59386724,0.5879538
0.59777313,0.60699934
0.5985171,0.62305623
0.59734255,0.6257884
0.5955848,0.6288567
0.59138703,0.62272954
0.5814897,0.6057622
0.5713739,0.59228945
0.56334746,0.57878214
0.55172366,0.5503068
0.52285993,0.51349247
0.48992777,0.4797479
0.4609194,0.45511916
0.44170007,0.4405023
0.429888,0.4252904
0.4260728,0.4192589
0.43167827,0.4180109
0.44667983,0.43352363
0.46523553,0.45004827
0.48302522,0.47354943
0.49603063,0.48354235
0.5083837,0.48289454
0.5124056,0.49146652
0.5147975,0.5018255
0.5139225,0.5041312
0.5121913,0.507353
0.51096016,0.5091286
0.5116739,0.5081874
0.51428276,0.5099291
0.5182976,0.50539315
0.51775825,0.4980756
0.51174986,0.49969217
0.5080631,0.49639934
0.49722868,0.4762713
0.47373945,0.44716293
0.44611678,0.42573643
0.42611253,0.4236996
0.41241565,0.4109525
0.40567565,0.40288955
0.4015833,0.39838222
0.40579483,0.40144378
0.4207319,0.41813442
0.4444697,0.4393198
0.46170714,0.46271846
0.47362885,0.4722232
0.48160794,0.47762924
0.4865671,0.4844314
0.49616504,0.487876
0.50949913,0.48561072
0.5272315,0.49047196
0.52628696,0.5011295
0.5225994,0.5020971
0.5242411,0.5052633
0.52997154,0.5067899
0.5272281,0.5088294
0.52704984,0.5082508
0.5286716,0.5068394
0.51798564,0.48540032
0.49340683,0.45724535
0.46758986,0.4335478
0.44920194,0.44144896
0.43546364,0.4244234
0.4273833,0.41780862
0.42373154,0.4124919
0.4284692,0.41403145
0.44201833,0.4318922
0.46167284,0.44853222
0.483456,0.47576484
0.49989778,0.48761785
0.51857203,0.5029651
0.5371263,0.5149713
0.54749036,0.52685875
0.55716443,0.53910196
0.5625388,0.55233526
0.57472014,0.5720537
0.5853342,0.57638884
0.5915352,0.5823725
0.5924949,0.5863066
0.58256066,0.5822571
0.57073843,0.5757818
0.56208915,0.56838864
0.54947007,0.5424744
0.5243288,0.5080925
0.49644348,0.4776281
0.47258934,0.46301994
0.45448515,0.44404483
0.44212073,0.4307511
0.43332794,0.42334217
0.4310703,0.42369038
0.4333309,0.43582228
0.4350791,0.44487792
0.44986477,0.4742711
0.47425148,0.49445382
0.49995908,0.51948327
0.5265487,0.54426146
0.5570385,0.56611186
0.58886456,0.5863147
0.6078031,0.6064582
0.625156,0.6275013
0.6380915,0.6368854
0.6432973,0.64766926
0.64463913,0.652776
0.64342964,0.6392605
0.6276623,0.63014174
0.60306084,0.62127084
0.58163315,0.5902319
0.55188453,0.5519985
0.5205421,0.514133
0.4884138,0.47412428
0.46619546,0.4531076
0.44757974,0.4360897
0.43542126,0.4281578
0.42929113,0.42430693
0.4248756,0.43384886
0.42577425,0.43356943
0.4430467,0.46365595
0.47885418,0.49133375
0.5201651,0.52951807
0.55927896,0.56939036
0.5935156,0.6058997
0.62329936,0.637898
0.6435958,0.6649587
0.65400547,0.6876311
0.666065,0.70438415
0.6761561,0.71667546
0.6809451,0.71813285
0.6814701,0.6961237
0.6692447,0.67567337
0.649655,0.6586465
0.629775,0.62271255
0.5884763,0.57897145
0.5492574,0.5348407
0.5150909,0.5082118
0.49360916,0.48896962
0.4773771,0.4672042
0.46798003,0.4600696
0.46825203,0.45487702
0.47935733,0.46411034
0.50119555,0.46818802
0.52761585,0.49798933
0.5546669,0.5255546
0.5877866,0.5614881
0.6223652,0.60139537
0.6551598,0.6367525
0.67732143,0.66119
0.6868497,0.6892367
0.6937509,0.7068104
0.713838,0.7174869
0.72406536,0.7236467
0.7312778,0.7188618
0.72291267,0.6995669
0.7023611,0.6813572
0.67336714,0.66461605
0.64035714,0.6320351
0.59463257,0.58780885
0.54746056,0.54613054
0.50980675,0.5135528
0.48647305,0.48246205
0.45983142,0.46799946
0.4502273,0.45648417
0.4486295,0.45906842
0.45955756,0.47122386
0.47690296,0.489597
0.500207,0.51435757
0.5256992,0.5341044
0.54233533,0.5509227
0.5689467,0.5748244
0.60357785,0.5934724
0.63096505,0.60965085
0.6547145,0.6250708
0.65260535,0.6352418
0.6501049,0.6317894
0.6554378,0.62674284
0.66036725,0.62040037
0.65039885,0.60489976
0.63519156,0.5900855
0.61423236,0.577418
0.5941535,0.5465143
0.5530979,0.5063825
0.51336515,0.47337705
0.4830418,0.48219118
0.46060258,0.4615063
0.4435683,0.44554865
0.43500662,0.43940192
0.4362769,0.43838114
0.44704086,0.45267305
0.46801114,0.4666084
0.49095398,0.4927908
0.510111,0.51403314
0.53323835,0.53558785
0.5548123,0.5585615
0.5818949,0.58033377
0.60461,0.5970674
0.6198431,0.614182
0.63493437,0.62895256
0.64339113,0.63733846
0.65237314,0.6441216
0.6589018,0.6434872
0.65548253,0.62901956
0.63834316,0.61854184
0.6161531,0.6034661
0.5933713,0.569967
0.55168283,0.5343713
0.5100279,0.5000943
0.476968,0.47230446
0.4534897,0.45121378
0.4377859,0.43462324
0.42695156,0.42778808
0.42634997,0.4262542
0.43859464,0.4399329
0.45669317,0.44966018
0.48028716,0.47849926
0.50027126,0.5003138
0.51918113,0.5256495
0.5469655,0.5541363
0.5735308,0.5800988
0.5994779,0.6069446
0.62312174,0.62929714
0.64398926,0.64774615
0.6607655,0.6636123
0.6747262,0.673805
0.68010724,0.6737951
0.67077595,0.6577579
0.65253294,0.6411016
0.62497365,0.62596166
0.600396,0.59312767
0.55881983,0.5509902
0.5164347,0.51184696
0.4848922,0.4814832
0.4602946,0.4607535
0.44307566,0.44448858
0.43334615,0.43452975
0.43159157,0.43232703
0.44290403,0.44892022
0.4614076,0.45815393
0.4852635,0.48721525
0.5106837,0.50734127
0.5400703,0.53700423
0.57442546,0.5723257
0.6098697,0.59724194
0.64116216,0.6255173
0.6688565,0.65298206
0.68209416,0.67090094
0.6840925,0.6786293
0.683838,0.6840612
0.6809615,0.6756537
0.66309106,0.65783745
0.6387829,0.6359812
0.6201564,0.619059
0.60019976,0.5872238
0.5673063,0.54161805
0.5328585,0.5045595
0.50165176,0.49506316
0.47780696,0.4739293
0.45912474,0.45571733
0.44847465,0.44952804
0.4420971,0.44491065
0.44175577,0.45922282
0.44494206,0.46681356
0.46161506,0.49326405
0.493873,0.5180322
0.5275303,0.5462625
0.5641053,0.57806367
0.6040312,0.6021868
0.6394556,0.62513995
0.6677485,0.64871126
0.6877742,0.6645804
0.69793683,0.6716783
0.70314777,0.6824191
0.690952,0.67731273
0.65271187,0.6584174
0.63338524,0.6457853
0.6151233,0.62784547
0.598876,0.5981905
0.5721272,0.55596834
0.5404345,0.52008873
0.5110536,0.4992117
0.48671022,0.47520345
0.4692043,0.45680508
0.45910752,0.4494664
0.45447442,0.4461804
0.45427117,0.45188713
0.45658827,0.45736784
0.47205174,0.48246095
0.5021469,0.5114034
0.5456509,0.5509898
0.5881662,0.5830721
0.62254053,0.6165819
0.6514431,0.6478864
0.681774,0.6711428
0.70051044,0.6943897
0.7191281,0.70466834
0.7352169,0.71494365
0.7458446,0.71441746
0.741935,0.6966563
0.7293511,0.6786734
0.7081342,0.6610651
0.6824001,0.6297228
0.6427261,0.5880833
0.60061693,0.544344
0.562907,0.5587244
0.53805035,0.5311023
0.51881975,0.5091281
0.5056554,0.4945612
0.500337,0.49133098
0.50717497,0.50330716
0.52097785,0.5111003
0.54679716,0.5437002
0.57654524,0.57477516
0.6098902,0.61252487
0.6479982,0.6554499
0.6850734,0.68642026
0.7186843,0.7128223
0.7470618,0.7382337
0.76642776,0.7511255
0.7694766,0.7522015
0.75166255,0.74730515
0.7343024,0.737404
0.71844494,0.7166958
0.69373167,0.69576216
0.6650181,0.68424517
0.63727784,0.6481084
0.59929794,0.6005513
0.5577296,0.55814517
0.5254225,0.51577294
0.5020062,0.49108237
0.4864964,0.4706881
0.47465473,0.46224523
0.47066528,0.45764744
0.47199485,0.46636584
0.47760484,0.471885
0.50061405,0.5006458
0.5386167,0.5321651
0.58121973,0.5746026
0.62248623,0.61935776
0.6589287,0.65426904
0.688166,0.6859157
0.71249795,0.71579325
0.7262309,0.7386648
0.73266107,0.75166404
0.73951274,0.76374286
0.74207366,0.7568655
0.73374563,0.7367178
0.712325,0.71129274
0.68373007,0.69166076
0.65292835,0.65924877
0.62694716,0.6109678
0.5909204,0.56439286
0.5512239,0.5432208
0.5239421,0.5152409
0.50337094,0.49757975
0.49070275,0.48770443
0.48480058,0.48387682
0.4978751,0.494306
0.5146044,0.49854466
0.54122704,0.53171754
0.57657236,0.5623083
0.61530095,0.6004934
0.652854,0.6415007
0.6902526,0.67970085
0.7222697,0.70978534
0.74645466,0.7321212
0.75410795,0.74907607
0.75518966,0.7562204
0.7630457,0.7544058
0.7714248,0.74520874
0.76288944,0.726022
0.7439312,0.703119
0.7117751,0.6820337
0.6842691,0.6463813
0.63992816,0.60234886
0.59347004,0.55998534
0.555517,0.5595666
0.52633166,0.5270524
0.5080288,0.5052258
0.4957292,0.49730682
0.4926543,0.49679154
0.50321084,0.504293
0.52195835,0.51823187
0.5537635,0.5456301
0.5857247,0.5831322
0.6338322,0.61452615
0.6625303,0.65915066
0.69386774,0.6893301
0.71180254,0.6996339
0.7216227,0.72775626
0.73524386,0.740244
0.7385744,0.7402484
0.74772316,0.7378718
0.76031625,0.733554
0.75316054,0.7168815
0.7309527,0.6924583
0.70615673,0.6785818
0.67583805,0.64285225
0.6334287,0.5942045
0.5885487,0.5498506
0.5500438,0.54636633
0.52025807,0.5227658
0.5029484,0.49772644
0.49046782,0.49303597
0.48997974,0.48638374
0.50035053,0.49985108
0.5209628,0.5124996
0.54027265,0.5400076
0.5884583,0.5720199
0.6313408,0.6032476
0.6698233,0.6470167
0.7086724,0.6838871
0.7356829,0.6962137
0.75096893,0.7234694
0.75583786,0.7337929
0.7550177,0.7425573
0.75422305,0.73826146
0.7561341,0.73096037
0.7326369,0.7127402
0.70508134,0.6927511
0.68205833,0.67611784
0.65791005,0.64053875
0.62144816,0.59562033
0.5881507,0.5520742
0.554406,0.5402374
0.5266396,0.5166108
0.5034606,0.49478835
0.49007183,0.4842626
0.48121336,0.4790035
0.4823528,0.49336904
0.485676,0.49919677
0.5037427,0.52959394
0.54248273,0.55988
0.5902223,0.5944813
0.6353381,0.6365485
0.6709259,0.6679526
0.7008861,0.69567513
0.7083566,0.719885
0.70627695,0.73528725
0.7064186,0.7388931
0.7085802,0.7429495
0.6979925,0.72967875
0.67676026,0.7064513
0.65906584,0.68634033
0.64115727,0.6706793
0.62290895,0.63505214
0.59077305,0.58894795
0.5565679,0.5492364
0.5260141,0.5197162
0.50319874,0.49674237
0.4820895,0.4820547
0.4711774,0.47273332
0.46778992,0.47210073
0.4653323,0.48228878
0.46503842,0.4919123
0.48380354,0.5188189
0.5137158,0.53971153
0.55006003,0.56495804
0.58612835,0.590686
0.6189908,0.6175031
0.6478246,0.6339338
0.6723593,0.64619774
0.6789768,0.6610151
0.6637552,0.6615999
0.6469162,0.6590223
0.6405122,0.6517865
0.6376668,0.63458484
0.626863,0.62277395
0.6111794,0.6067831
0.59306335,0.5747092
0.5591794,0.5428706
0.5222499,0.51011854
0.49310312,0.48556846
0.4700747,0.4646082
0.45831195,0.4474613
0.45283434,0.43851328
0.45322758,0.43568844
0.46832228,0.44421574
0.4885257,0.45235607
0.51334286,0.47916183
0.53441447,0.50522155
0.55201674,0.54089963
0.5797563,0.57383746
0.61314046,0.60108256
0.6366529,0.62977684
0.6631333,0.65293276
0.67799425,0.6753029
0.69224554,0.68772304
0.70702946,0.6995261
0.71188504,0.6986586
0.7057314,0.6819813
0.68942845,0.66261363
0.66033316,0.6500964
0.62888145,0.62019366
0.58320725,0.57806486
0.5364036,0.5356767
0.50342935,0.49785307
0.478619,0.47243136
0.4631571,0.4533579
0.45166588,0.44427407
0.45062613,0.44125682
0.46056083,0.45427606
0.4806074,0.46296585
0.50621057,0.49356753
0.53957045,0.52360374
0.5723801,0.5595908
0.60756487,0.60303664
0.638142,0.6353662
0.6675997,0.6679088
0.6919293,0.6962122
0.7095162,0.7145021
0.7263825,0.72922885
0.73811686,0.73626685
0.7464826,0.73494726
0.7422734,0.7143266
0.72109926,0.69112486
0.68682164,0.67533845
0.6509081,0.63827366
0.6048955,0.5889585
0.558433,0.5416996
0.51962775,0.515441
0.49038246,0.4895928
0.47038588,0.46871084
0.4604891,0.4594189
0.45921433,0.4552998
0.47002867,0.4690761
0.4875119,0.47298473
0.5153263,0.50551677
0.55158854,0.53836477
0.59113634,0.5783996
0.6302875,0.6244494
0.66687393,0.6596673
0.6961371,0.6936314
0.7192488,0.72172695
0.7372623,0.74055564
0.75329584,0.7522312
0.76223016,0.76127005
0.76892394,0.75713146
0.7619658,0.7349102
0.7471167,0.7105719
0.71659625,0.6923557
0.68107533,0.65448576
0.6317026,0.6032515
0.58377194,0.5565047
0.54650044,0.54514474
0.51817405,0.5162016
0.50049984,0.49439564
0.48800397,0.48359412
0.4872347,0.47916096
0.49824804,0.48840982
0.5176072,0.49380344
0.5475394,0.52726334
0.5840621,0.5621897
0.6233682,0.60624105
0.6654434,0.6531419
0.7040721,0.6886955
0.74151766,0.7249155
0.7685723,0.75318277
0.78304046,0.77452976
0.7968868,0.78311497
0.8068931,0.7900688
0.8015529,0.78623414
0.7828559,0.76423985
0.76501065,0.7392261
0.7437365,0.72280926
0.71761805,0.6856715
0.6710192,0.6340064
0.62529355,0.5839227
0.58029705,0.5721602
0.5458631,0.54564637
0.5233888,0.5186276
0.50627834,0.50625664
0.50162506,0.4992016
0.51179254,0.51219827
0.5269099,0.5167103
0.5491335,0.54781723
0.5747972,0.57682335
0.59867805,0.60613084
0.63043416,0.6472732
0.65987706,0.6777322
0.6912976,0.7001864
0.7237241,0.7230757
0.7449764,0.73024327
0.7569064,0.7275181
0.7624491,0.72941417
0.74831784,0.71721965
0.7133393,0.69454396
0.69204766,0.68231314
0.6692473,0.66693777
0.64793456,0.6353249
0.61474407,0.58538395
0.5790823,0.5508596
0.5472186,0.53474385
0.5225951,0.5109531
0.5048276,0.4912738
0.4925333,0.48157272
0.48538756,0.47535658
0.48601842,0.4868849
0.49117202,0.48844573
0.51132023,0.5219841
0.54346186,0.55220467
0.5793405,0.58696127
0.61348844,0.6135878
0.6458427,0.6409601
0.6780921,0.66900384
0.70997375,0.6843891
0.73213017,0.7015452
0.7446967,0.70976007
0.7447055,0.72035164
0.73745406,0.7178426
0.73043555,0.6998989
0.70770484,0.68515444
0.6899342,0.671386
0.6626797,0.63904774
0.62076735,0.5971837
0.5847,0.55779874
0.5552826,0.5351654
0.5339404,0.51185197
0.5152364,0.48887497
0.50250167,0.47953737
0.4960176,0.47290736
0.4973255,0.48249638
0.49815306,0.49022964
0.5108077,0.517523
0.53774124,0.5435516
0.5675851,0.5818112
0.5910174,0.62038004
0.6087822,0.6576636
0.6230661,0.6792763
0.63745695,0.70592254
0.6584754,0.7242889
0.68133855,0.72774374
0.7039704,0.7309184
0.7184179,0.7238057
0.72241914,0.7060976
0.70874697,0.688735
0.6849836,0.66967577
0.65622395,0.63833064
0.61290413,0.5939545
0.5690989,0.5529094
0.5328573,0.5320174
0.50559664,0.5051042
0.48726246,0.48524755
0.47648844,0.47606313
0.47395676,0.47266287
0.48620698,0.48853454
0.50433105,0.50014484
0.5314674,0.5336776
0.56551373,0.5629584
0.599808,0.5960778
0.6332709,0.6384215
0.67004716,0.6722213
0.70330256,0.69795763
0.72862077,0.7282556
0.7460623,0.7433167
0.7591221,0.75114745
0.76285535,0.7504084
0.7641305,0.74921083
0.7497644,0.7311548
0.73076,0.7100175
0.70502615,0.6943274
0.679232,0.6558853
0.63388777,0.60491973
0.5886504,0.560196
0.55151314,0.5473369
0.52484196,0.5203987
0.5052705,0.49770465
0.49061552,0.488006
0.48833767,0.48191333
0.50002193,0.49225733
0.5173401,0.49864623
0.5423358,0.5301017
0.5679253,0.56222934
0.6016329,0.5994247
0.6356136,0.6398303
0.66841686,0.6751869
0.6986132,0.7047819
0.72385484,0.72877574
0.73810273,0.74554306
0.75427514,0.75293046
0.76662976,0.75739115
0.771982,0.7511525
0.76155996,0.7296272
0.74279696,0.7106525
0.71243215,0.6946033
0.6773362,0.65942055
0.631928,0.61176383
0.5830549,0.5677539
0.5466886,0.54374707
0.5220799,0.51433086
0.5027331,0.49181664
0.49609149,0.47905755
0.49861705,0.47917747
0.5124326,0.4872993
0.5345057,0.50179815
0.55409265,0.5286607
0.5754073,0.55604017
0.59863806,0.58491784
0.6225014,0.6209087
0.6563104,0.648966
0.68691933,0.6739983
0.7076,0.6990394
0.71857053,0.7129717
0.7212633,0.71907216
0.72469836,0.7166123
0.7306057,0.71105134
0.72172236,0.69418454
0.7085612,0.67639005
0.68703216,0.66495705
0.6606382,0.63512653
0.6191295,0.5866014
0.5781497,0.5429898
0.54327154,0.53810453
0.515712,0.5113949
0.49755892,0.49186403
0.48418787,0.48242342
0.48032004,0.47795558
0.48891047,0.48810893
0.50789857,0.49802244
0.53595996,0.53020537
0.5685227,0.5615186
0.6055563,0.59293103
0.6419364,0.6308854
0.6812756,0.6625434
0.7102735,0.6897681
0.7391904,0.71419096
0.7538593,0.729957
0.7599961,0.74027365
0.7680388,0.74404144
0.7763405,0.73898387
0.7646431,0.71996266
0.7395831,0.7010344
0.71267474,0.6857788
0.6820413,0.65071744
0.64356655,0.6043631
0.59619594,0.5604223
0.5946158,0.55270404
0.59303564,0.52301085
0.5914555,0.49888623
0.5898754,0.48868516
0.5882952,0.48309416
0.5867151,0.49145856
0.585135,0.50326145
0.58355486,0.53182715
0.5819747,0.56047654
0.58039457,0.5914325
0.57881445,0.62445134
0.57723427,0.6553054
0.57565415,0.68419576
0.57407403,0.70375675
0.57249385,0.71612245
0.57091373,0.7230939
0.5693336,0.7231728
0.56775343,0.71493065
0.5661733,0.6956649
0.5645932,0.6837453
0.5630131,0.66942006
0.5614329,0.6373559
0.5598528,0.59342146
0.55827266,0.5512163
0.5566925,0.4994091
0.55511236,0.4849794
0.55353224,0.46929654
0.55195206,0.46296537
0.55037194,0.45859998
0.5487918,0.46791512
0.54721165,0.47373572
0.5456315,0.51164544
0.5440514,0.53370243
0.54247123,0.5503311
0.5408911,0.5712046
0.539311,0.58702517
0.5377309,0.59894985
0.5361507,0.6200797
0.5345706,0.63206714
0.53299046,0.6472766
0.5314103,0.6514692
0.52983016,0.6582347
0.52825004,0.65411294
0.52666986,0.6466497
0.52508974,0.6414664
0.5235096,0.61487734
0.52192944,0.57702965
0.5203493,0.5401927
0.5187692,0.4657621
0.5171891,0.44988847
0.5156089,0.43574554
0.5140288,0.4323979
0.51244867,0.42661422
0.5108685,0.43673936
0.5092884,0.43614691
0.50770825,0.470704
0.5061281,0.49441493
0.50454795,0.5176769
0.50296783,0.5434209
0.50138766,0.56675345
0.49980754,0.5843852
0.49822742,0.609934
0.49664727,0.62851185
0.49506712,0.64570546
0.493487,0.6545191
0.49190685,0.6635144
0.4903267,0.6545181
0.48874658,0.64717704
0.48716643,0.6346665
0.48558632,0.6064649
0.48400617,0.56696326
0.48242602,0.5271731
0.4808459,0.43755987
0.47926575,0.42133915
0.4776856,0.41152763
0.47610548,0.40797427
0.47452533,0.39998597
0.4729452,0.4115759
0.47136506,0.41715655
0.46978492,0.44551513
0.4682048,0.46206722
0.46662465,0.48206705
0.4650445,0.50307083
0.46346438,0.5242572
0.46188423,0.5406163
0.4603041,0.5608722
0.45872396,0.57825917
0.4571438,0.59189916
0.4555637,0.59888536
0.45398355,0.6052277
0.45240343,0.60079336
0.45082328,0.5975763
0.44924313,0.58455896
0.447663,0.55975705
0.44608286,0.5221158
0.4445027,0.48379457
0.4429226,0.39676088
0.42436546,0.38617647
0.41129574,0.3717118
0.4049623,0.3697387
0.40110302,0.36146235
0.40363413,0.37696242
0.40813822,0.37862223
0.41816315,0.4021067
0.43307048,0.41656882
0.45332357,0.43199092
0.47748187,0.44903016
0.4986478,0.4618632
0.5225681,0.47924107
0.5480694,0.49675357
0.5759601,0.5159425
0.59727645,0.5315877
0.6219068,0.5495928
0.6344412,0.55843955
0.62863356,0.5556859
0.60399497,0.5528815
0.58327496,0.5434138
0.5541685,0.5217344
0.5227471,0.47880036
0.49052644,0.4427507
0.46399978,0.44899738
0.44540694,0.42874807
0.43079683,0.41126758
0.42182717,0.40161532
0.41759706,0.40226156
0.41868898,0.41647628
0.4205761,0.41840154
0.43076834,0.44813925
0.45034838,0.47236606
0.4848502,0.51340514
0.52908874,0.5532828
0.57171696,0.59008515
0.6119893,0.63479346
0.6532262,0.67059296
0.6862545,0.69736445
0.71291655,0.71698064
0.7328054,0.7339291
0.74253994,0.7391665
0.73282164,0.718295
0.707572,0.69651634
0.6775013,0.676045
0.63871944,0.6380529
0.59997857,0.58630407
0.559353,0.53956425
0.5266159,0.5085324
0.49768627,0.4814443
0.48128906,0.4589997
0.46879616,0.4450572
0.46140838,0.44389588
0.46403474,0.44788358
0.46965218,0.44764897
0.4786068,0.476692
0.50535214,0.51110184
0.5520224,0.5654296
0.6097518,0.6190372
0.6641484,0.6648271
0.70358044,0.7069534
0.7354972,0.7447612
0.76422006,0.7700325
0.7832653,0.7846399
0.7934018,0.79625
0.8005483,0.7952913
0.78858554,0.7709061
0.7619568,0.74437624
0.7340305,0.7236143
0.6908932,0.68732256
0.6348569,0.6333292
0.5913591,0.5810202
0.5548139,0.5474046
0.52647674,0.5146576
0.50695074,0.49307236
0.49817112,0.48349145
0.4979754,0.48088962
0.51317674,0.48900855
0.542596,0.49222505
0.56273776,0.52183765
0.5904815,0.5527026
0.62532216,0.5967989
0.6679062,0.64572245
0.7098635,0.69197065
0.74600124,0.72198313
0.7765848,0.75039625
0.80153626,0.7711858
0.8178098,0.7715036
0.8316401,0.7759122
0.83428115,0.7719315
0.82176274,0.7471135
0.7943025,0.728207
0.7619493,0.7042908
0.71450144,0.6655039
0.6583291,0.6147439
0.60978585,0.57051045
0.5727058,0.5643034
0.5441595,0.5337635
0.5245422,0.50718176
0.51088613,0.49541923
0.50925285,0.4893415
0.5216729,0.5006164
0.55153894,0.50309396
0.5719336,0.5371472
0.5967046,0.5731606
0.634338,0.6193839
0.68025494,0.6728157
0.728174,0.7155478
0.7677669,0.7531154
0.7957564,0.7850883
0.8176053,0.80367535
0.8290435,0.8114226
0.84155416,0.8191936
0.8458501,0.8144407
0.8367831,0.789791
0.8093407,0.7664329
0.7740377,0.74634975
0.7298021,0.70749676
0.68039954,0.65039617
0.6333965,0.6015179
0.5960874,0.588603
0.56393313,0.55682695
0.5429729,0.5318616
0.53310573,0.5170296
0.5312097,0.51290387
0.5461411,0.52381325
0.5737329,0.52676904
0.5903173,0.56099266
0.6119216,0.5937305
0.64450014,0.63427204
0.68989396,0.68413407
0.7418764,0.7215425
0.7828157,0.7519947
0.8113057,0.78169644
0.80835795,0.79973835
0.8060732,0.7955697
0.8078473,0.7971052
0.80533993,0.78598404
0.79015785,0.7621415
0.7497016,0.738554
0.71476316,0.7216814
0.6732808,0.68512243
0.6268026,0.63028103
0.5843046,0.5868871
0.55159473,0.54139143
0.5269453,0.5141725
0.50885946,0.49043193
0.49897167,0.47602215
0.49664715,0.47531778
0.51036394,0.48277953
0.53766066,0.49025354
0.5556327,0.5194502
0.5757113,0.54932576
0.6037033,0.58289737
0.6355111,0.6226085
0.6784781,0.6537036
0.71744007,0.68378407
0.747985,0.705985
0.77049637,0.721809
0.7829829,0.72614866
0.79588854,0.7361285
0.7907382,0.72959393
0.7539511,0.7059552
0.7147021,0.68975675
0.68164897,0.6760426
0.6420702,0.63963467
0.6025498,0.5924682
0.56079984,0.5529115
0.52694094,0.52341884
0.50166976,0.4909798
0.4834329,0.4751733
0.46993533,0.4642396
0.46403298,0.46526682
0.4649261,0.4786685
0.47148252,0.48797238
0.48504394,0.5130355
0.5135002,0.5374028
0.5453604,0.55861884
0.5851942,0.5858317
0.62898195,0.6020539
0.6606588,0.62385947
0.6775284,0.63712156
0.6658589,0.6505218
0.62595785,0.6452764
0.5942272,0.6446677
0.5787844,0.6348636
0.5665498,0.6135402
0.56263953,0.59603256
0.5581528,0.5840133
0.5401819,0.5514659
0.5200566,0.5109156
0.49649656,0.47629607
0.47507,0.46393517
0.45690158,0.44602668
0.4451834,0.43197158
0.43833932,0.42684504
0.4361988,0.42582625
0.437212,0.4331834
0.4450209,0.44298917
0.45464322,0.46471378
0.47841457,0.48492658
0.50541604,0.5109845
0.52927107,0.53077847
0.55059355,0.54630005
0.573886,0.5645895
0.5944741,0.5745686
0.60926855,0.59489787
0.619569,0.59581023
0.6319139,0.60617316
0.6446024,0.6032088
0.64548624,0.5926664
0.63427216,0.584622
0.62041026,0.57641083
0.5880329,0.55240333
0.5507962,0.5196187
0.5144957,0.4862215
0.4876086,0.48009628
0.46765226,0.4571342
0.4569875,0.4408614
0.45184073,0.432576
0.45629647,0.4330908
0.47537738,0.44738558
0.50714695,0.4610717
0.52701694,0.48846024
0.5399712,0.5091236
0.5591338,0.53466946
0.58604074,0.56481546
0.6152073,0.5944702
0.6426823,0.6184964
0.66509324,0.64579964
0.68087363,0.6632055
0.7001624,0.67233056
0.71672326,0.6755179
0.72074574,0.67923015
0.7092771,0.6616168
0.6869749,0.6497148
0.66016835,0.63453454
0.61813676,0.5983808
0.57381654,0.55536526
0.52957994,0.51510984
0.52854073,0.49496463
0.52750146,0.47276318
0.52646226,0.4523102
0.52542305,0.4439602
0.5243838,0.4416902
0.5233446,0.4544254
0.52230537,0.46557355
0.5212661,0.49374872
0.5202269,0.5199648
0.5191877,0.5526742
0.5181484,0.5899471
0.5171092,0.6177281
0.51607,0.64562196
0.5150308,0.67066264
0.51399153,0.6869445
0.5129523,0.69806856
0.5119131,0.70610225
0.51087385,0.7029754
0.50983465,0.6822307
0.50879544,0.66447914
0.5077562,0.6485297
0.50671697,0.6124714
0.50567776,0.5681439
0.5046385,0.52676755
0.5035993,0.45097467
0.5025601,0.43886
0.5015208,0.42546418
0.5004816,0.4229046
0.4994424,0.41688436
0.49840316,0.4274562
0.49736392,0.4350775
0.49632472,0.46510926
0.49528548,0.48266613
0.49424627,0.49886814
0.49320704,0.51668257
0.4921678,0.527009
0.4911286,0.539675
0.49008936,0.5586491
0.48905012,0.5728952
0.4880109,0.5876551
0.48697168,0.5938633
0.48593247,0.6025394
0.48489323,0.59992796
0.483854,0.59744936
0.4828148,0.58960897
0.48177555,0.56800216
0.48073632,0.53137416
0.4796971,0.49432546
0.47865787,0.42785636
0.47761866,0.41229588
0.47657943,0.40071994
0.4755402,0.39412946
0.47450098,0.3900926
0.47346175,0.4014764
0.4724225,0.40909684
0.4713833,0.43447325
0.47034407,0.44820508
0.46930483,0.45907944
0.46826562,0.4731881
0.4672264,0.48225534
0.46618718,0.49204054
0.46514794,0.5070377
0.4641087,0.5193619
0.4630695,0.5303693
0.46203026,0.53681314
0.46099102,0.5445814
0.45995182,0.5396881
0.45891258,0.54119545
0.45787337,0.5344376
0.45683414,0.51265454
0.4557949,0.47705108
0.4547557,0.44724774
0.45371646,0.4023572
0.45267722,0.39317703
0.451638,0.3815085
0.45059878,0.37741673
0.44955957,0.376491
0.44852033,0.38739297
0.4474811,0.40070736
0.4464419,0.4225411
0.44540265,0.43053684
0.44436342,0.4347716
0.4433242,0.44101173
0.44228497,0.44474873
0.44124576,0.45099407
0.44020653,0.45935723
0.4391673,0.47024557
0.43812808,0.4828732
0.43708885,0.49066058
0.4360496,0.49877378
0.4350104,0.49762318
0.43397117,0.5047041
0.43293196,0.5018935
0.43189272,0.48207057
0.4308535,0.4515029
0.42981428,0.42420042
0.42877504,0.38910672
0.41333264,0.38175184
0.40364918,0.37167695
0.39549023,0.3693723
0.39426792,0.36729503
0.39523402,0.3842633
0.40360308,0.39338803
0.4121174,0.41647586
0.4284458,0.42362672
0.44421062,0.43155837
0.4610676,0.44345242
0.4825547,0.44703656
0.50368536,0.45052105
0.5152699,0.45756647
0.5283404,0.47209433
0.53304476,0.47546887
0.53652126,0.48411414
0.537449,0.48871
0.5351086,0.48607188
0.5353999,0.49161446
0.5283538,0.48857716
0.5064507,0.46560425
0.47801507,0.43385765
0.45098624,0.40950906
0.43074062,0.4183488
0.4158081,0.40213162
0.40850422,0.39121488
0.40492684,0.38540518
0.41076183,0.38616312
0.42966193,0.40243122
0.46228302,0.42227226
0.48182255,0.44373423
0.4902625,0.45364323
0.498251,0.46936718
0.5059354,0.48157507
0.5135553,0.4939779
0.5225543,0.50967366
0.5316867,0.5285175
0.5402765,0.5457334
0.5491244,0.55408967
0.56245327,0.564855
0.5582183,0.5671112
0.5689493,0.5617264
0.56006706,0.5549641
0.5497587,0.5464657
0.51238436,0.5212942
0.47776338,0.48415202
0.44353285,0.45373404
0.4186621,0.41392428
0.40461254,0.39789706
0.39342925,0.38809037
0.39005566,0.3828142
0.39397928,0.38410425
0.41183868,0.40461528
0.44517872,0.4229399
0.45747283,0.4473853
0.45949128,0.45484045
0.46405545,0.46389908
0.47647774,0.47872078
0.48901683,0.4874434
0.5024652,0.50199294
0.51514405,0.5185166
0.5351293,0.5338935
0.55217505,0.5425086
0.5669604,0.5526004
0.576819,0.5544716
0.56955564,0.54629135
0.55962306,0.5403259
0.54236966,0.530973
0.51140964,0.5035268
0.47513056,0.4666639
0.44196153,0.4377367
0.41892594,0.41017663
0.40446824,0.39322227
0.39519632,0.38205907
0.39192694,0.3772279
0.39627254,0.3802004
0.41426957,0.39804175
0.4460334,0.41823262
0.46181405,0.43966642
0.46685934,0.45021075
0.47574627,0.45968488
0.4853143,0.47759056
0.50294524,0.49141252
0.5254562,0.5071513
0.5469707,0.530531
0.5649992,0.5473711
0.57965374,0.56157964
0.593368,0.5745154
0.59950066,0.5783633
0.5913582,0.5689287
0.5790838,0.55935806
0.55892295,0.5482785
0.5271639,0.5190722
0.48913217,0.47977495
0.45406035,0.4465713
0.4286682,0.42285064
0.41252404,0.4026618
0.40253896,0.39209583
0.39814088,0.38435957
0.40191624,0.3866343
0.41979104,0.4032356
0.45076415,0.4218573
0.46671337,0.44421685
0.47398555,0.45636842
0.48422316,0.47116375
0.4969586,0.4898926
0.51261806,0.50285697
0.5291481,0.5223863
0.54526895,0.542622
0.5630817,0.55915743
0.57341975,0.57019424
0.5824208,0.58128136
0.5848097,0.58240795
0.57462305,0.5717226
0.568594,0.5590262
0.55267143,0.5475072
0.5217937,0.51812494
0.48590627,0.47965991
0.4528742,0.4474814
0.42903018,0.4219083
0.41223398,0.40622246
0.4033408,0.39461005
0.3993546,0.3873397
0.4032876,0.39106512
0.42052576,0.40662703
0.45132327,0.43013182
0.46924502,0.44945905
0.47929487,0.4583907
0.4876998,0.46647066
0.49490923,0.47917128
0.50174415,0.48469576
0.5086916,0.49390778
0.51435626,0.5079918
0.51557076,0.51994705
0.5172171,0.5255117
0.5165665,0.5322695
0.51627237,0.5314856
0.51077586,0.52447075
0.50851774,0.5163561
0.4984142,0.5108932
0.4815615,0.48425215
0.46020037,0.4515705
0.4365028,0.42426026
0.41834688,0.40464717
0.40544558,0.3918621
0.3974281,0.38032523
0.3940534,0.3769021
0.39357403,0.37670362
0.39679673,0.39196137
0.40752345,0.40934008
0.4202544,0.42925018
0.4418991,0.44039363
0.46176168,0.44541442
0.4752449,0.4549036
0.48443806,0.45728147
0.49018037,0.45861197
0.49080658,0.4631813
0.48764724,0.4676716
0.48486862,0.47135556
0.4854246,0.4779788
0.48557928,0.4773653
0.48521727,0.4770816
0.48609072,0.47579086
0.47746882,0.4746793
0.46231887,0.4555749
0.44547296,0.42734876
0.42583382,0.40205276
0.40855917,0.40509492
0.39636004,0.39227825
0.3886483,0.38348675
0.3846125,0.3796897
0.3836332,0.3827756
0.38620207,0.39855775
0.39419374,0.41922992
0.4071027,0.4386217
0.42361557,0.44535124
0.4351125,0.45388198
0.44475353,0.46209276
0.4533202,0.47001427
0.46144634,0.47090495
0.46852583,0.47747174
0.47668317,0.49095216
0.48368275,0.48692757
0.49117956,0.49192002
0.5005162,0.49308354
0.5093604,0.4925641
0.5169437,0.49387148
0.50994503,0.49116498
0.48998562,0.46844256
0.46539095,0.44016755
0.43971822,0.41605496
0.42119932,0.4148068
0.40698436,0.39990205
0.40009314,0.39296502
0.3966053,0.38705823
0.40212733,0.39068955
0.42012677,0.4116347
0.4476098,0.43430918
0.4655764,0.45728424
0.47735584,0.46357957
0.48742887,0.46479553
0.49498045,0.4720924
0.4997672,0.47805092
0.50803626,0.48021758
0.51523316,0.4900172
0.5221703,0.49959698
0.5269333,0.50200766
0.5337803,0.5042658
0.5377427,0.506742
0.5398942,0.5050846
0.5425957,0.5036007
0.528521,0.50093234
0.50421697,0.47556642
0.47451067,0.44433635
0.44568235,0.4207868
0.42463169,0.4216067
0.40968755,0.40654325
0.40200385,0.3962586
0.39822334,0.3912623
0.40255412,0.39334238
0.4218083,0.41179615
0.45386726,0.43337974
0.47224912,0.45716098
0.47874403,0.46791428
0.4823558,0.47047976
0.48475826,0.47607142
0.48610112,0.47896904
0.48745215,0.4798556
0.48909166,0.4842869
0.4908002,0.4862409
0.49104464,0.4881255
0.49730122,0.49256715
0.50224525,0.49243915
0.50606066,0.49407965
0.51155823,0.4916739
0.5013115,0.49031132
0.48099148,0.46878764
0.45504895,0.44046885
0.42979735,0.41662717
0.41129208,0.40314344
0.3996275,0.39456046
0.3933651,0.3849758
0.3907515,0.3813575
0.3968865,0.38413227
0.4157028,0.40264294
0.44982287,0.42320395
0.4695851,0.44763753
0.47495875,0.45605722
0.4774572,0.45957863
0.4789453,0.46062553
0.48001853,0.46217555
0.48104084,0.4692816
0.48352084,0.47183922
0.48623702,0.47629145
0.49049047,0.482154
0.4969782,0.48688653
0.50204194,0.48940662
0.5021189,0.4884503
0.50675726,0.49043328
0.4969196,0.4883634
0.47666356,0.4674437
0.45141962,0.4390791
0.42726123,0.4192075
0.4081842,0.3993617
0.396221,0.38895094
0.3901943,0.38117194
0.38848615,0.37899888
0.3948272,0.38275105
0.41349515,0.40111962
0.44795197,0.42451662
0.4659573,0.44629756
0.47050062,0.45191172
0.47433066,0.45098892
0.47451583,0.45426524
0.47714993,0.45447496
0.47887275,0.4576629
0.4820536,0.46734497
0.48720756,0.47597548
0.49064615,0.48124003
0.49785215,0.48954028
0.5032916,0.49208218
0.50879574,0.4934911
0.5169422,0.49180427
0.50936514,0.49044758
0.4890492,0.4711731
0.46307915,0.43904763
0.4366673,0.4152401
0.4361448,0.41460478
0.4356223,0.40270746
0.4350998,0.3950476
0.43457732,0.39187345
0.43405482,0.39446646
0.43353233,0.41415432
0.43300983,0.43863934
0.43248734,0.4611853
0.43196484,0.4691755
0.43144235,0.47170866
0.43091986,0.47677207
0.43039736,0.48075294
0.42987487,0.48319185
0.42935237,0.49065456
0.42882988,0.5010028
0.42830738,0.50597835
0.4277849,0.5087782
0.4272624,0.5129689
0.4267399,0.5128802
0.4262174,0.51233035
0.4256949,0.51194227
0.42517242,0.48752326
0.42464992,0.45758528
0.42412743,0.43067718
0.42360494,0.39089546
0.40957692,0.38182294
0.4019428,0.37320688
0.39613152,0.3702777
0.39650917,0.37071568
0.40034568,0.3829067
0.41320184,0.39521736
0.42693242,0.4146454
0.4445469,0.4239687
0.45570976,0.43572557
0.46710584,0.44201392
0.47658682,0.44547457
0.4819544,0.45004785
0.48788586,0.45404008
0.49277395,0.4688969
0.49978843,0.4726197
0.5076313,0.48027563
0.5097823,0.48611853
0.50994587,0.48527825
0.51124084,0.492814
0.49973398,0.4929599
0.4829734,0.4727933
0.46232128,0.4435084
0.43926457,0.41677296
0.42001864,0.4041389
0.40365127,0.38855696
0.39251962,0.3795539
0.3864135,0.37500492
0.3846288,0.3739912
0.38738587,0.39169005
0.396301,0.404865
0.40556678,0.42852828
0.41801104,0.44112554
0.4334699,0.45853662
0.45123515,0.476228
0.46950945,0.48850244
0.49014345,0.50696355
0.5095714,0.52647775
0.5219589,0.5452789
0.5356971,0.5575246
0.5487776,0.5721129
0.5603874,0.57646847
0.55518526,0.56872255
0.55242324,0.5611917
0.5336035,0.55113256
0.5047011,0.52426374
0.47237659,0.48529726
0.44140464,0.45323235
0.4178346,0.4080172
0.4022013,0.39016324
0.3937786,0.3801
0.39074498,0.37459618
0.39618272,0.37407327
0.41587642,0.3942722
0.44763958,0.40418363
0.46521178,0.43119314
0.46936178,0.44321603
0.47595012,0.4633915
0.49157065,0.48853207
0.51060855,0.5076478
0.5316026,0.53125995
0.5528734,0.55558777
0.57060784,0.57780546
0.58490163,0.5903058
0.5970923,0.6067211
0.6033748,0.61025465
0.59458435,0.5969856
0.59024704,0.5838313
0.5668635,0.57018846
0.53225076,0.5388123
0.494789,0.49485606
0.4602227,0.46170175
0.43610173,0.4298568
0.41847652,0.41043657
0.40957183,0.39868748
0.40443832,0.3915364
0.40642732,0.3929723
0.42413852,0.40878704
0.45720538,0.42246342
0.47457644,0.4486306
0.4781217,0.46287537
0.4872418,0.48263526
0.5046867,0.507861
0.52386945,0.5258264
0.5463609,0.5485908
0.56828773,0.57313186
0.58278716,0.59336287
0.59729856,0.6046931
0.6021187,0.6184767
0.60790926,0.62077457
0.59792006,0.6059015
0.5915572,0.59414244
0.56686926,0.58142143
0.5323698,0.54918766
0.49507377,0.50849783
0.4598882,0.47285235
0.43439737,0.42631212
0.41713437,0.40924537
0.40645564,0.39635724
0.40205392,0.3884016
0.40570012,0.39025807
0.42071503,0.40562686
0.45479643,0.42081428
0.47081003,0.44379875
0.47491115,0.45522213
0.4807177,0.47160697
0.4956549,0.49122047
0.5160259,0.504595
0.53706753,0.52495474
0.55694413,0.5448818
0.57581323,0.5604308
0.59081525,0.5692254
0.59986216,0.58143544
0.59910506,0.58229923
0.58808047,0.56868416
0.57971084,0.55976635
0.55758125,0.548745
0.52532506,0.5194531
0.48837224,0.48215836
0.45225114,0.4513297
0.42753774,0.4206533
0.41205475,0.40357292
0.40242136,0.39265588
0.3983585,0.38837123
0.4031433,0.38852173
0.42053327,0.40533775
0.45433453,0.42598468
0.4708526,0.44577247
0.47492778,0.45616663
0.4807221,0.46931025
0.49192694,0.48551697
0.5123865,0.4982048
0.5279627,0.51927006
0.54047734,0.53836906
0.5543701,0.5559038
0.56892306,0.5669968
0.5821156,0.5793043
0.5859538,0.57956666
0.58158976,0.56993055
0.58127934,0.55941737
0.56246644,0.54762846
0.5380417,0.5204942
0.50579804,0.4827061
0.47268847,0.44918644
0.47115847,0.4481185
0.4696285,0.42998797
0.46809852,0.41831607
0.46656856,0.4127627
0.46503857,0.41344398
0.4635086,0.43121862
0.4619786,0.4510818
0.46044862,0.47563985
0.45891866,0.48994488
0.45738867,0.50343555
0.4558587,0.5207037
0.45432872,0.53480506
0.45279875,0.54776096
0.45126876,0.56554073
0.4497388,0.58059615
0.4482088,0.5882583
0.44667885,0.5921505
0.44514886,0.59308314
0.44361886,0.5833819
0.4420889,0.57515514
0.4405589,0.56799954
0.43902895,0.5385168
0.43749896,0.5013943
0.435969,0.46794224
0.434439,0.39640298
0.43290904,0.38792372
0.43137905,0.37466305
0.4298491,0.37036604
0.4283191,0.36705732
0.42678913,0.3829129
0.42525914,0.3872736
0.42372915,0.4094848
0.4221992,0.41898543
0.4206692,0.41430053
0.41913924,0.4163894
0.41760924,0.4182667
0.41607928,0.42100316
0.4145493,0.41426906
0.41301933,0.4142362
0.41148934,0.41643238
0.40995938,0.42084038
0.40842938,0.42727643
0.40689942,0.4254375
0.40536943,0.44301468
0.40383944,0.44577986
0.40230948,0.42901486
0.4007795,0.40282178
0.39924952,0.38529348
0.39771953,0.36884978
0.38378266,0.3601688
0.38027927,0.35623378
0.37421682,0.3569649
0.37551835,0.35800254
0.38081458,0.37295786
0.39291278,0.38579658
0.4081901,0.40695122
0.41786212,0.41050678
0.4205494,0.40558323
0.4188607,0.39894027
0.4185813,0.39483938
0.41867915,0.39320543
0.41956288,0.39191934
0.41925436,0.39390334
0.42095467,0.3920414
0.4321043,0.40216067
0.4487739,0.41032016
0.46393847,0.42372334
0.47465274,0.43609497
0.46818694,0.4386742
0.4540448,0.42725837
0.43605474,0.4058268
0.41641465,0.38617688
0.40360022,0.39951387
0.39578548,0.3899334
0.3928173,0.38822708
0.39401075,0.3875457
0.40279016,0.39352924
0.42353106,0.41391072
0.45557162,0.43621755
0.47772574,0.46638933
0.47727028,0.46729812
0.46855137,0.45805937
0.4637791,0.44783223
0.45964837,0.44005322
0.45539492,0.43188307
0.45500326,0.43548647
0.45218208,0.43693334
0.45554757,0.43726355
0.46646783,0.44432953
0.4850408,0.45245886
0.49693307,0.46604648
0.5019262,0.4729982
0.49167055,0.47438908
0.472489,0.45852208
0.44818774,0.43301585
0.4247734,0.41043365
0.40758863,0.40632904
0.40114748,0.39609754
0.39680442,0.39247638
0.39578053,0.39041346
0.4042438,0.39870435
0.43086085,0.4171504
0.46764797,0.44220647
0.48773453,0.47305396
0.48394233,0.47568798
0.46884048,0.46559125
0.45955127,0.45657402
0.45984298,0.44513544
0.46118557,0.44575876
0.4620461,0.44868514
0.46341088,0.45406747
0.46719518,0.4607249
0.4784752,0.46973577
0.49215624,0.47539794
0.4997316,0.48211834
0.5041309,0.48244706
0.49469197,0.48693383
0.47370625,0.46952206
0.4467431,0.44030076
0.42316693,0.41449076
0.4067902,0.3949587
0.3966041,0.3873992
0.39159256,0.38181332
0.39081687,0.38139427
0.4007582,0.3856169
0.4227509,0.4060889
0.4602616,0.43291467
0.4815701,0.4573749
0.47891772,0.46217203
0.4667385,0.45381376
0.46491218,0.45189452
0.46272877,0.44810218
0.46719325,0.45345628
0.47288033,0.4626323
0.47997826,0.4686186
0.48506552,0.47848874
0.4941886,0.48565865
0.4971552,0.48806512
0.50061667,0.48912978
0.5074393,0.490691
0.4946173,0.4878046
0.47500437,0.46596873
0.44869292,0.43720683
0.42368174,0.4114974
0.40699685,0.3962233
0.39874724,0.3856479
0.39218596,0.37944406
0.38934052,0.37722796
0.40201485,0.38161337
0.42242712,0.40215227
0.4591966,0.4251847
0.47872695,0.4507528
0.48441175,0.45379055
0.4812872,0.44863126
0.47949687,0.44925344
0.47650594,0.4479184
0.47317737,0.45467722
0.47878507,0.4649609
0.479945,0.47410753
0.48476765,0.48196685
0.49823946,0.4922351
0.5119179,0.49615043
0.5138706,0.49567783
0.5180401,0.49853206
0.50044125,0.49355397
0.47657144,0.47141552
0.45096204,0.4400813
0.42744914,0.41647625
0.41011715,0.39881846
0.39804116,0.38800305
0.39215901,0.37954032
0.38826242,0.37691337
0.3945014,0.3792326
0.41771576,0.39924186
0.45161945,0.42001665
0.4713745,0.44505152
0.46919143,0.45038816
0.4611673,0.4500969
0.4621232,0.45054168
0.45992488,0.4508553
0.4641923,0.45785505
0.46756646,0.46428192
0.47468793,0.4717767
0.4825041,0.47843242
0.49109444,0.486148
0.4984926,0.49104184
0.4973071,0.490459
0.4982496,0.49397427
0.48363668,0.49304128
0.46877894,0.47110242
0.44867474,0.43998492
0.4285432,0.4164673
0.41115412,0.400463
0.39946604,0.39062285
0.39105183,0.3817361
0.38848,0.3762632
0.3886046,0.37979233
0.39495787,0.3943307
0.40710106,0.41458112
0.42172742,0.43609652
0.4433375,0.4450845
0.45968124,0.4469903
0.46968806,0.4495241
0.47535467,0.4492038
0.47750592,0.4484179
0.47598496,0.45053676
0.46925968,0.45088044
0.46531582,0.4518482
0.46898302,0.45830083
0.4722082,0.46269283
0.48035133,0.46672323
0.48160973,0.46991768
0.47322768,0.47278467
0.45840347,0.4538043
0.44053587,0.4290176
0.42173785,0.4088179
0.40466705,0.3925778
0.393556,0.38327336
0.3877892,0.37688074
0.38107094,0.3739499
0.38057247,0.37670958
0.38613465,0.39187828
0.40011883,0.409239
0.41615194,0.43214682
0.42926756,0.4422208
0.4387715,0.44328457
0.43878397,0.44060743
0.44085506,0.4373108
0.4381525,0.4363565
0.43743798,0.43644628
0.43816364,0.4370866
0.43920538,0.43988878
0.4464971,0.44724575
0.46117184,0.4507547
0.4771319,0.46228316
0.48761746,0.46649694
0.48042792,0.4710588
0.4652867,0.45677948
0.44468448,0.43717515
0.42487144,0.41735214
0.41104513,0.40716967
0.40388936,0.3955102
0.4005006,0.39155042
0.40404472,0.38880673
0.41380385,0.3957817
0.43952474,0.41290528
0.47969472,0.43198943
0.50414324,0.46229866
0.49948716,0.4677406
0.48430672,0.45843303
0.4722791,0.4518633
0.46499553,0.44388273
0.462754,0.44063836
0.46422017,0.44339398
0.46327555,0.4442734
0.46100685,0.44559753
0.46953204,0.45198697
0.49042958,0.4604687
0.50380844,0.4723776
0.50952685,0.47790346
0.4996085,0.48033306
0.47939265,0.4663682
0.45348975,0.4390972
0.42976466,0.41657883
0.4150782,0.4107155
0.4080915,0.4021328
0.40594196,0.3966947
0.40771255,0.39286017
0.4175171,0.398503
0.4427834,0.417283
0.48002675,0.44224048
0.50184447,0.46942353
0.49423334,0.4763633
0.47868177,0.46973342
0.47046873,0.46789724
0.4656691,0.46184248
0.46897265,0.45741683
0.4696281,0.4603271
0.4717136,0.4634886
0.47322398,0.46492124
0.47823688,0.46831682
0.48978478,0.47517955
0.4987437,0.48772594
0.50819784,0.48893973
0.49973574,0.49642086
0.48018098,0.47787726
0.4550442,0.45282766
0.43336916,0.4320681
0.41978487,0.41272202
0.40904373,0.40284365
0.40416557,0.3975284
0.4065966,0.3956172
0.41480306,0.40143728
0.435141,0.41759595
0.47646722,0.4441424
0.4948135,0.47234973
0.4877566,0.47921404
0.47496676,0.47257644
0.46440187,0.4645515
0.46017912,0.4568665
0.45660397,0.45483327
0.45916772,0.45765302
0.46342874,0.4581999
0.46880028,0.45837092
0.4755845,0.46829224
0.4825493,0.47224838
0.49616092,0.48227
0.5040694,0.48624474
0.49328882,0.48745126
0.4727445,0.4690361
0.45248902,0.4441233
0.42950055,0.42173672
0.41366714,0.40777287
0.40858546,0.399288
0.40664852,0.39515987
0.4099365,0.39475036
0.4217839,0.4019341
0.44821042,0.4204388
0.48770845,0.4440769
0.51061374,0.47292393
0.5001907,0.47844785
0.4822647,0.46915585
0.47005478,0.4606049
0.46354282,0.45266384
0.4639991,0.45514238
0.467574,0.45844224
0.4722221,0.46484348
0.47694334,0.46742034
0.48228425,0.47684792
0.4910039,0.4836233
0.5005789,0.489351
0.50234944,0.49112502
0.49139532,0.493151
0.47435406,0.4734547
0.45096505,0.44508016
0.42480388,0.41806138
0.40898222,0.40116683
0.39563686,0.39244634
0.39063153,0.38456
0.38959184,0.38053492
0.3963826,0.3853596
0.41679463,0.4028033
0.4504232,0.42893833
0.47187185,0.453053
0.47775337,0.46036687
0.47346207,0.45858368
0.46855232,0.46066552
0.4689746,0.45881417
0.46985415,0.46115455
0.47116068,0.4656339
0.47380897,0.46614042
0.47756815,0.4746033
0.48571074,0.47893986
0.49065155,0.48136824
0.49309608,0.48461896
0.48854846,0.48391658
0.4796205,0.4860803
0.46502167,0.46516466
0.44696078,0.43714672
0.42748222,0.41547757
0.41204405,0.3947747
0.40025824,0.38773012
0.3950575,0.3794429
0.39284796,0.3754595
0.39462924,0.3798455
0.40218943,0.3952355
0.41741812,0.41637772
0.43376094,0.4368386
0.44188523,0.4443992
0.44044477,0.44607627
0.43855342,0.4497887
0.43449202,0.44812053
0.43234447,0.4516215
0.42952818,0.45546278
0.42561373,0.45810923
0.42461812,0.46367306
0.43164748,0.4702923
0.44964296,0.47316217
0.46083117,0.47689694
0.46698278,0.47701433
0.46076402,0.47900388
0.44904718,0.46025574
0.4360207,0.4350683
0.41818613,0.41554332
0.4055581,0.38784543
0.39706582,0.37939847
0.3928202,0.37559694
0.39136097,0.3708471
0.3926752,0.37399775
0.4010667,0.39048046
0.41357833,0.40652478
0.42723933,0.43214798
0.43706504,0.44207552
0.43529263,0.4409104
0.43318573,0.43458986
0.42935443,0.42876095
0.42687967,0.43612778
0.42548934,0.4332181
0.42774397,0.4318245
0.4287569,0.44375187
0.43972558,0.44675565
0.45996463,0.4545836
0.47684062,0.46397918
0.48412028,0.46761414
0.4755075,0.47245204
0.4598693,0.4587106
0.43847483,0.43641868
0.4201458,0.4149484
0.4073873,0.40118262
0.40190738,0.39138567
0.4016314,0.38887808
0.40606698,0.38873446
0.42062852,0.39507848
0.44913223,0.41266567
0.4938552,0.43452087
0.52069956,0.46527675
0.5142103,0.47094107
0.4919129,0.4574535
0.476258,0.4420277
0.46651706,0.43319845
0.45841995,0.42829305
0.45357826,0.4290099
0.4511423,0.42831135
0.4527169,0.43114597
0.46169147,0.43722835
0.48245263,0.4502178
0.50103694,0.46527344
0.50599664,0.47736242
0.49757996,0.4835244
0.48320305,0.46964076
0.46295494,0.44685757
0.44526407,0.42448473
0.4331604,0.42474994
0.42849696,0.4198004
0.42854443,0.4161924
0.43317133,0.41925806
0.44479713,0.42727786
0.47564703,0.44847834
0.51830983,0.47389358
0.5436866,0.50664717
0.5316959,0.5090733
0.50235546,0.48530084
0.48098493,0.46584994
0.47215888,0.45074856
0.46597853,0.44320145
0.4634388,0.44419578
0.46304587,0.4429622
0.46761146,0.44929814
0.47670907,0.45658356
0.4912144,0.46505204
0.50517344,0.4765035
0.5112445,0.48343843
0.4988612,0.48767972
0.4756999,0.4709794
0.4549273,0.44592464
0.43307054,0.4211191
0.4184269,0.41419992
0.41134152,0.406878
0.40797815,0.40386003
0.4085972,0.40613264
0.42191616,0.4137051
0.44872847,0.43666908
0.48869807,0.46292484
0.5116249,0.49532
0.503059,0.49850565
0.48206824,0.47937137
0.47060794,0.46831447
0.46839744,0.46104226
0.4731001,0.46051365
0.47375366,0.46715263
0.47578886,0.475628
0.4832192,0.48321664
0.50037783,0.4916679
0.51315653,0.50022405
0.5217855,0.5045601
0.5195407,0.51042414
0.5026188,0.50975466
0.48055762,0.48889494
0.45529187,0.4581186
0.43104556,0.4296714
0.41183358,0.40134007
0.39974585,0.3899436
0.39680442,0.38439745
0.39270744,0.37939763
0.39966258,0.3823415
0.42277044,0.40407023
0.4586971,0.42729944
0.48523676,0.45357105
0.48388597,0.45858884
0.47439906,0.45744252
0.47424403,0.46004027
0.47867754,0.45875746
0.48830152,0.46953368
0.49893802,0.4806783
0.5078111,0.49090937
0.5185754,0.49936795
0.5268025,0.50622636
0.533737,0.51337284
0.53807384,0.5112863
0.53394186,0.51121527
0.5158952,0.5074378
0.49290672,0.48540276
0.4665055,0.4495979
0.44087926,0.42531955
0.41879398,0.41345957
0.40678322,0.39997423
0.39712945,0.39091396
0.3946345,0.38416985
0.39917547,0.38843018
0.42052248,0.40690136
0.45182788,0.42682612
0.47452638,0.45186362
0.47510996,0.45835817
0.47638363,0.46705586
0.48334503,0.47596848
0.49740675,0.48054728
0.50801265,0.49198955
0.517697,0.5103772
0.52754116,0.5257935
0.5353654,0.5315283
0.5420786,0.5423264
0.5471845,0.54652023
0.54168314,0.5425144
0.53374416,0.540183
0.51552254,0.53492117
0.5007224,0.5108686
0.4783197,0.4744837
0.4496149,0.44770533
0.42977753,0.41631594
0.41393873,0.40354532
0.4032359,0.3924648
0.39662176,0.38714683
0.39559937,0.38984787
0.39904505,0.40412313
0.4100667,0.41781053
0.42499682,0.4424601
0.4377839,0.4548753
0.44602492,0.4675138
0.46605954,0.48434985
0.48633182,0.49253935
0.50258404,0.512652
0.51995325,0.5341854
0.534974,0.5532351
0.545221,0.56466067
0.5532242,0.5819338
0.55821824,0.58492666
0.5518131,0.57708406
0.5420084,0.56734806
0.5236058,0.5610259
0.5058494,0.5369092
0.4876312,0.4965276
0.46206862,0.46495366
0.43991852,0.4215888
0.42213094,0.40769863
0.4120072,0.39575186
0.4039085,0.3884368
0.40143377,0.38904643
0.40287215,0.4046947
0.4111988,0.41774434
0.42306885,0.43828627
0.43537873,0.44627357
0.4451829,0.4573562
0.4603149,0.4679544
0.4785228,0.48014402
0.5007039,0.49147263
0.51841956,0.5017145
0.5295957,0.514124
0.5394256,0.521072
0.55299485,0.52431583
0.56063026,0.52819234
0.56212103,0.51786536
0.55488807,0.5170137
0.5370119,0.510014
0.50903493,0.48378944
0.48037314,0.45346037
0.45119414,0.4269415
0.4264319,0.42010143
0.40824047,0.39997715
0.40098912,0.39345917
0.3952758,0.38272923
0.40290335,0.3873955
0.41976705,0.40415236
0.4529892,0.4228878
0.47381735,0.4449173
0.47583523,0.45573884
0.47647044,0.45955813
0.4882607,0.46714878
0.5046826,0.46622077
0.5272373,0.48712438
0.5451241,0.49691072
0.551059,0.5036252
0.5516956,0.50525576
0.55250067,0.51441413
0.5568144,0.5165684
0.55536145,0.5105175
0.541338,0.50399494
0.5153901,0.50065035
0.4872446,0.47491753
0.45914286,0.4440143
0.42820057,0.42158484
0.41064808,0.41102433
0.39793786,0.39687967
0.3888923,0.38824663
0.3896927,0.38469085
0.39679828,0.38894135
0.4201656,0.4010037
0.45701304,0.4226372
0.48224938,0.44381562
0.49129048,0.4619036
0.49220246,0.46666592
0.49041596,0.46267575
0.49061078,0.4574439
0.4913966,0.4541584
0.49546212,0.45674124
0.4969127,0.4573633
0.49913216,0.4565127
0.5031804,0.46423528
0.51060647,0.47597593
0.51623034,0.49259835
0.5145381,0.4959012
0.5129308,0.49815765
0.50227743,0.48313186
0.48226783,0.46394733
0.45940322,0.44501972
0.44762748,0.44774994
0.4399759,0.4375202
0.43766588,0.43315905
0.44364384,0.42945644
0.4575959,0.43672556
0.48532808,0.45111677
0.52650654,0.46618646
0.55218434,0.5006944
0.5528219,0.5173075
0.5375349,0.5194171
0.52527374,0.5092433
0.5124821,0.4944985
0.5001276,0.4873951
0.49219847,0.47868416
0.4865583,0.47497997
0.4881226,0.47084212
0.5017928,0.47546425
0.5299646,0.49744862
0.5598676,0.52387774
0.5695588,0.5318966
0.5669935,0.53741664
0.55192655,0.52678955
0.5331856,0.5089731
0.5161686,0.4921401
0.50654644,0.5006292
0.5030273,0.49134976
0.5039134,0.4887439
0.5113405,0.49035338
0.5248339,0.49843317
0.5634754,0.5157064
0.6109712,0.54219973
0.6350497,0.5790547
0.62250835,0.5928319
0.58098507,0.569841
0.5412451,0.53865707
0.51701635,0.5149536
0.5018564,0.4950263
0.4915967,0.48832786
0.48442912,0.48077258
0.48230654,0.4777435
0.49383533,0.48235995
0.520636,0.4993533
0.54843163,0.52886075
0.5602876,0.5396819
0.5596784,0.54402584
0.5514329,0.5303328
0.5332116,0.51117706
0.5161237,0.48935366
0.50659156,0.49587357
0.5059572,0.48785067
0.5088802,0.48240495
0.51794386,0.48367023
0.53358763,0.490174
0.56590027,0.5079234
0.60979474,0.5357156
0.63208985,0.57589436
0.623319,0.5869202
0.5804237,0.55991024
0.5368185,0.52570593
0.50665236,0.49814862
0.4858836,0.48294753
0.47446153,0.4750986
0.46494192,0.46616307
0.4634395,0.46190917
0.47286773,0.4674791
0.4931034,0.4817279
0.51111573,0.5051187
0.5134449,0.5210167
0.50985026,0.5264637
0.50255394,0.51076454
0.49140567,0.49051932
0.47622758,0.46692193
0.46717992,0.45574027
0.46212855,0.44973058
0.4616298,0.4466475
0.46573794,0.44793618
0.47696617,0.4555601
0.49248302,0.47356936
0.51412755,0.49835005
0.5401424,0.54098773
0.54808426,0.5440716
0.5193465,0.51590985
0.48847926,0.4888854
0.46672663,0.46707535
0.45154428,0.45727384
0.44226676,0.4516107
0.4378648,0.4487527
0.4392786,0.44973665
0.44808835,0.45690376
0.46338165,0.46564746
0.47858158,0.48114565
0.480523,0.49481916
0.47420123,0.49931702
0.46433046,0.4850876
0.45178163,0.4612137
0.43966764,0.43579382
0.4255273,0.41662854
0.41826963,0.41319674
0.41569448,0.4095568
0.41969058,0.41186666
0.42393988,0.42276007
0.43251243,0.44026038
0.44823307,0.4636652
0.46485084,0.5034588
0.4796399,0.50261855
0.47676998,0.48148325
0.46751377,0.46087742
0.45175523,0.44388884
0.44272652,0.43759078
0.43834862,0.43877295
0.4370526,0.4387248
0.44122535,0.44111025
0.44971457,0.4490903
0.4685882,0.45857957
0.48911935,0.47072652
0.49189207,0.48188242
0.48357323,0.48492387
0.47380134,0.4705558
0.45799452,0.4453016
0.43996063,0.42171437
0.4237061,0.416379
0.41416383,0.40618962
0.41065276,0.40217647
0.4101282,0.40062577
0.41497204,0.4072677
0.43015313,0.4227828
0.4606617,0.44413668
0.50098145,0.47993347
0.5142291,0.48757547
0.49617368,0.47667444
0.47940916,0.4682247
0.4696984,0.45787263
0.46434113,0.4520994
0.46100783,0.4553161
0.46081176,0.4540684
0.46353972,0.457269
0.47147796,0.46470308
0.48556316,0.47200903
0.5099098,0.48201597
0.5104593,0.4902818
0.50014246,0.49275294
0.48706797,0.47796613
0.468989,0.45198476
0.44575757,0.42848426
0.42652205,0.4192805
0.41692308,0.4111765
0.40932024,0.40449557
0.40634257,0.3997765
0.40861684,0.40628552
0.41805583,0.42178866
0.442501,0.4440315
0.4706793,0.47293118
0.488561,0.48036295
0.4809114,0.4810862
0.4738869,0.475806
0.47249365,0.47117954
0.47262263,0.47646892
0.47462097,0.47724125
0.48104715,0.4877375
0.48575234,0.49132544
0.495496,0.5001887
0.5115946,0.5063145
0.5299754,0.5105047
0.5270647,0.5138419
0.5163364,0.5171579
0.5014001,0.4937703
0.47398412,0.46689647
0.4489566,0.4418009
0.4259693,0.41157487
0.40967613,0.40068388
0.39966807,0.39272952
0.3959119,0.38881254
0.39675203,0.38898116
0.40761197,0.40714088
0.43362063,0.4295119
0.47326547,0.45698223
0.4867047,0.46612582
0.4759762,0.4566692
0.46193027,0.45357108
0.46129513,0.44916874
0.45910278,0.44971627
0.45928583,0.45743576
0.46175146,0.45548207
0.46302772,0.4627154
0.473629,0.4687313
0.48888505,0.47483134
0.51487297,0.48572916
0.5155448,0.49015808
0.5067635,0.49337816
0.49126586,0.48122287
0.4743127,0.45413932
0.4520955,0.43130076
0.43028876,0.42805204
0.42958647,0.42081636
0.42888415,0.4144556
0.42818186,0.41209167
0.42747957,0.4179001
0.42677724,0.43556097
0.42607495,0.45789775
0.42537266,0.48777625
0.42467034,0.4946399
0.42396805,0.4870029
0.42326576,0.48055893
0.42256346,0.4716338
0.42186114,0.4678967
0.42115885,0.4743001
0.42045656,0.48113868
0.41975424,0.48301786
0.41905195,0.4923634
0.41834965,0.49796787
0.41764733,0.5049161
0.41694504,0.50820005
0.41624275,0.5093366
0.41554043,0.4919048
0.41483814,0.462714
0.41413584,0.43761402
0.41343352,0.38292876
0.41273123,0.37709415
0.40225783,0.36908257
0.39611423,0.36744857
0.39423248,0.36931378
0.40060896,0.37989172
0.41669592,0.38210613
0.4471162,0.40073422
0.46570975,0.41234136
0.4786328,0.4192478
0.48897165,0.42320365
0.49847353,0.42502993
0.5007505,0.4223928
0.5061609,0.41272023
0.5078626,0.41230237
0.51022583,0.40885097
0.5114509,0.4124392
0.52172536,0.4260306
0.5380725,0.44162032
0.53412557,0.45702016
0.5265205,0.46502143
0.5183001,0.4544054
0.50894934,0.43872947
0.49453896,0.4242934
0.4775222,0.47152522
0.46971294,0.45808744
0.4678973,0.45515478
0.4665809,0.45271415
0.46957585,0.45806324
0.47670063,0.47078487
0.4857841,0.49197778
0.50367326,0.5266
0.52276844,0.5403965
0.53006953,0.52689093
0.5232021,0.50193757
0.50801,0.48060408
0.49273318,0.4711042
0.4774362,0.46312013
0.4673157,0.45875856
0.46149072,0.44952798
0.46434394,0.45829022
0.48011813,0.47504753
0.508002,0.4987104
0.5123324,0.5107521
0.5115725,0.51606256
0.50886285,0.5043717
0.50221777,0.48518002
0.49124613,0.46539825
0.47810593,0.46443793
0.46919626,0.45845568
0.465598,0.4515742
0.46294257,0.4487211
0.46487647,0.45695716
0.4660904,0.46542826
0.47454265,0.48121965
0.48811236,0.51450014
0.5021396,0.52955854
0.5068596,0.52333456
0.5016409,0.50820017
0.49100432,0.4923402
0.48156446,0.4787693
0.47232336,0.47288242
0.46315566,0.46899042
0.45968685,0.4681725
0.46679154,0.47129726
0.48929352,0.4892579
0.5234297,0.5158561
0.53376496,0.52600163
0.5331402,0.5352383
0.5304744,0.5250066
0.52101284,0.5079735
0.5059183,0.48884994
0.4930049,0.49127802
0.4866249,0.48382193
0.48618636,0.4821617
0.49316034,0.48382512
0.5004668,0.49098808
0.5230968,0.50916827
0.5591983,0.53095317
0.60412693,0.57005596
0.6147905,0.58179146
0.5847713,0.55845064
0.54382634,0.5243128
0.51454437,0.4973909
0.49812117,0.47835183
0.48796424,0.46762943
0.48033553,0.45862654
0.47758463,0.4516161
0.48593277,0.45514306
0.5086806,0.47188747
0.5453596,0.4976629
0.5510705,0.51281965
0.548782,0.5191168
0.5440218,0.5062843
0.53170705,0.48709357
0.51188654,0.46623278
0.49262416,0.4866676
0.48362052,0.47710586
0.4819104,0.47282842
0.4804999,0.46818432
0.4885866,0.47622573
0.5077716,0.4911206
0.5411819,0.51415795
0.5837718,0.55240226
0.59209883,0.5614036
0.55255556,0.53854567
0.5180987,0.5156916
0.49778065,0.4930669
0.48418266,0.479706
0.47648513,0.4752188
0.4742071,0.47152987
0.47598287,0.47139627
0.48532435,0.47238734
0.50838435,0.48623642
0.54492366,0.50940925
0.5510481,0.51736224
0.5489937,0.5243476
0.54555947,0.51344866
0.5322822,0.4908654
0.51224,0.46902376
0.4953559,0.49381444
0.48589778,0.48373604
0.4832022,0.47954527
0.4851043,0.47805238
0.4902385,0.48638415
0.50595385,0.50210303
0.5359062,0.52920604
0.5807819,0.573407
0.59742314,0.5872233
0.57654065,0.5649757
0.5422077,0.5379866
0.51598555,0.5096298
0.49758804,0.49527383
0.4933899,0.48976272
0.49374887,0.48097375
0.4929308,0.48027068
0.49961123,0.485823
0.5144781,0.49831188
0.542719,0.51922536
0.54559535,0.5299233
0.54143965,0.53468984
0.5316827,0.5210934
0.51694953,0.49914184
0.49505982,0.4736926
0.4747691,0.4719852
0.46460158,0.45965683
0.459227,0.4573686
0.4601046,0.4588279
0.46553487,0.4628535
0.48275518,0.48169777
0.5154098,0.50687164
0.56008613,0.5509387
0.5745036,0.56179476
0.5431841,0.5362844
0.51132107,0.5064848
0.4925698,0.48521042
0.4811236,0.47521716
0.47668895,0.47160527
0.47759607,0.46763042
0.47715983,0.46906143
0.48450246,0.4767745
0.5008372,0.48853898
0.52276045,0.5068611
0.5207781,0.5200715
0.51445633,0.5235664
0.5037082,0.5116426
0.49185118,0.48781005
0.47264087,0.46388477
0.45234248,0.4499107
0.44152677,0.44199717
0.43649024,0.43799022
0.43242514,0.4393187
0.43739486,0.44645143
0.44925988,0.46511728
0.47676763,0.49017155
0.5136769,0.52842355
0.5260591,0.5340029
0.5122178,0.51473635
0.4945487,0.50129867
0.48405367,0.4843774
0.4777956,0.47859678
0.475148,0.48101828
0.47654596,0.48301074
0.47962484,0.4852354
0.4859178,0.49404827
0.49532375,0.49826396
0.5131568,0.50734276
0.50368524,0.51117796
0.49280667,0.5133434
0.48271495,0.4958915
0.4675162,0.46883687
0.449402,0.44249767
0.4300836,0.41848823
0.41512883,0.40491116
0.40585306,0.40009886
0.39997151,0.39481097
0.39841902,0.39769447
0.39874494,0.4164367
0.41011316,0.43240118
0.42666572,0.46062276
0.44023174,0.4694028
0.44719332,0.459814
0.44698885,0.45677996
0.4461356,0.4512518
0.4464954,0.45348024
0.44583803,0.45088726
0.4422275,0.44725713
0.44291127,0.45020378
0.45026904,0.45098135
0.465766,0.45767498
0.48809332,0.4706993
0.49209505,0.478504
0.489407,0.4862739
0.48915645,0.47468364
0.48125622,0.45232132
0.47437012,0.43690228
0.46261036,0.44621947
0.45967698,0.43656147
0.45503277,0.4341724
0.4606782,0.43368813
0.46617958,0.4386121
0.47538078,0.4509568
0.49354553,0.4737829
0.515942,0.504133
0.53250736,0.51398003
0.51895535,0.49684283
0.49384785,0.47508025
0.47232938,0.45728007
0.45916376,0.4463747
0.45220795,0.44117823
0.4465049,0.4361647
0.4462282,0.43422306
0.45676962,0.44173172
0.48090488,0.45475265
0.5117214,0.47609302
0.52061415,0.48972368
0.5239789,0.49918643
0.522417,0.48873964
0.5135109,0.4699609
0.49928176,0.45024735
0.48667502,0.47735608
0.48159346,0.4705398
0.48123845,0.46531382
0.48570153,0.46489513
0.4956582,0.47138613
0.5141508,0.48777014
0.5482709,0.5076376
0.5918808,0.55065155
0.6032785,0.5655597
0.57164836,0.55455405
0.5358057,0.5326072
0.5169395,0.5120242
0.50346303,0.4973573
0.4938009,0.48978844
0.49215117,0.48065582
0.49477592,0.47945374
0.5060366,0.4842997
0.52759343,0.50247365
0.556521,0.5299984
0.5613331,0.5449223
0.55845475,0.5484782
0.5514539,0.5366293
0.5387122,0.5195999
0.5154994,0.5014167
0.4966012,0.49593905
0.480649,0.48538804
0.47223002,0.47680414
0.47149298,0.47224426
0.4673316,0.4781884
0.47555083,0.4930724
0.5030353,0.5137099
0.536204,0.55136275
0.55736285,0.56566536
0.55846685,0.5540554
0.56149507,0.5410982
0.5627254,0.52280545
0.5632558,0.5058992
0.5606162,0.49770546
0.55802166,0.48981437
0.55250573,0.48643327
0.54985064,0.48831782
0.55443424,0.49684292
0.56103396,0.51022655
0.5530973,0.5199411
0.5401922,0.5206203
0.5233924,0.50169957
0.50616294,0.47610283
0.48230925,0.44990623
0.4560293,0.44944027
0.438728,0.4315657
0.42801824,0.421781
0.4228794,0.41645467
0.42185026,0.41843414
0.42790824,0.43107358
0.4480499,0.4500836
0.47435105,0.48162842
0.49729624,0.5029101
0.50873125,0.5042656
0.51168084,0.49627936
0.50852907,0.4889395
0.5047552,0.4904616
0.49774402,0.4901303
0.49418062,0.48483065
0.49022806,0.48095417
0.49613082,0.48949996
0.51277864,0.4944668
0.53248554,0.5077605
0.52891076,0.5140195
0.5208767,0.5123244
0.5145043,0.4979538
0.5030446,0.47626442
0.48741743,0.45785773
0.47120723,0.4579213
0.4586975,0.44577807
0.4503971,0.43862414
0.44797352,0.43488252
0.45156366,0.4394316
0.45770076,0.4504875
0.47554985,0.46776342
0.4968292,0.5036029
0.5131263,0.5217538
0.5079743,0.5143355
0.49788693,0.49622643
0.4939294,0.4811827
0.488405,0.47101897
0.4801474,0.46512648
0.46823272,0.45929992
0.46276492,0.45805758
0.46197033,0.4631058
0.4715337,0.47620186
0.4818604,0.49783656
0.48057353,0.5125228
0.4837142,0.5199468
0.48716927,0.51068985
0.4880746,0.49300158
0.48300496,0.47541165
0.4765626,0.45107582
0.47105065,0.44336236
0.46947432,0.43844748
0.46949285,0.4360128
0.4745405,0.44200915
0.48500827,0.45077038
0.5037503,0.46664482
0.525027,0.4982945
0.53792614,0.5126429
0.53075486,0.5085066
0.5066249,0.4885257
0.48986813,0.4718621
0.4764211,0.46075165
0.4714115,0.44968882
0.47311217,0.44579294
0.47737423,0.44207394
0.48351824,0.44818452
0.49838945,0.46558848
0.5253805,0.49013162
0.5290172,0.5033034
0.5291171,0.5116266
0.5256037,0.50143015
0.51942956,0.4875644
0.5083895,0.47370785
0.4961055,0.49155548
0.4863591,0.4850819
0.48258474,0.48167786
0.48382857,0.4859208
0.48532286,0.4931466
0.49472758,0.51076776
0.5127452,0.5291217
0.53620625,0.5703269
0.5541562,0.5898617
0.5577984,0.58243173
0.5427189,0.56000763
0.5236657,0.5414474
0.51154935,0.5275882
0.49704278,0.5173234
0.48540428,0.50702834
0.4852164,0.50487524
0.4986489,0.5121184
0.52781796,0.5345244
0.56435066,0.5684455
0.5734008,0.58455956
0.57544106,0.5911383
0.57564366,0.5788891
0.56890535,0.56488484
0.5556665,0.54647505
0.53956914,0.52798355
0.52904975,0.51822186
0.5215121,0.51322395
0.5146843,0.5080579
0.51198244,0.516913
0.516155,0.5277241
0.52228326,0.5477201
0.5364166,0.5821725
0.5500768,0.59708744
0.55541044,0.5871255
0.55328107,0.566658
0.54340017,0.5444933
0.5354772,0.5239095
0.53206396,0.5139779
0.5259815,0.50544804
0.5266447,0.5014804
0.5297553,0.5025949
0.5435024,0.5223906
0.56509393,0.5517697
0.5641671,0.5604837
0.55853,0.56465787
0.5505804,0.5511888
0.5356927,0.5285765
0.5145957,0.5058824
0.49316472,0.4858921
0.4949033,0.47986192
0.4966419,0.47039258
0.49838048,0.47215885
0.5001191,0.474981
0.5018577,0.48982725
0.50359625,0.51253027
0.50533485,0.54276985
0.50707346,0.5647611
0.50881207,0.56097895
0.5105507,0.54191196
0.5122892,0.52773297
0.51402783,0.51650804
0.51576644,0.5131487
0.51750505,0.50523204
0.5192436,0.51003057
0.5209822,0.5181795
0.5227208,0.53759694
0.5244594,0.5721173
0.52619797,0.579543
0.5279366,0.5839365
0.5296752,0.5715465
0.5314138,0.5593005
0.53315234,0.5418862
0.53489095,0.49527866
0.53662956,0.49224788
0.536354,0.48608333
0.5424439,0.4892451
0.5531207,0.49463928
0.5721508,0.5058698
0.60434115,0.5193897
0.6495629,0.548397
0.6660804,0.5701539
0.6348726,0.57597727
0.5988647,0.56631297
0.5764595,0.560025
0.5647974,0.5516883
0.5615631,0.5447474
0.56007123,0.5399713
0.5587295,0.5407579
0.5781729,0.5518829
0.61934316,0.57946944
0.66792023,0.6203502
0.67820174,0.62663865
0.68096644,0.62983114
0.6761891,0.6234539
0.66205716,0.61219805
0.64252484,0.59917384
0.626231,0.62679636
0.6171358,0.62196076
0.6171447,0.6230528
0.6233953,0.62555057
0.63532996,0.6365886
0.65751106,0.6518593
0.69534034,0.67303026
0.7423911,0.7132719
0.7558217,0.73656946
0.7213165,0.7196968
0.6691989,0.6790145
0.62907434,0.6440666
0.6015916,0.611957
0.5819668,0.59230685
0.56732047,0.57458323
0.5609816,0.5653845
0.57693094,0.56287307
0.6163124,0.5858047
0.65603423,0.62359333
0.6678535,0.63748693
0.6656975,0.6433191
0.6591565,0.630803
0.64126515,0.6122711
0.6173267,0.591048
