true,forecasted
0.12917612,0.14856753
0.10900521,0.12498651
0.096046016,0.10870108
0.08430522,0.07583572
0.07993415,0.08554049
0.102337666,0.11055616
0.12636742,0.13037734
0.16588901,0.16227902
0.19371942,0.22162502
0.21749078,0.23601404
0.25388137,0.29277277
0.278631,0.31742033
0.28532535,0.3182152
0.30652985,0.35406482
0.32777828,0.36930507
0.32613263,0.3782698
0.32839203,0.39801133
0.36389905,0.39857784
0.35105565,0.4084025
0.3285255,0.37432423
0.2909787,0.3554005
0.25744244,0.33043945
0.21894476,0.29899082
0.17676677,0.23363872
0.13559155,0.15553546
0.10412248,0.12502645
0.093714744,0.10097158
0.0878703,0.08697301
0.094235525,0.09256243
0.11257599,0.112788625
0.1415438,0.11498035
0.17978425,0.15748945
0.2053718,0.18327285
0.23101583,0.240204
0.26064304,0.27592894
0.2708112,0.3118059
0.2764007,0.32245523
0.29224843,0.35930967
0.28717917,0.34963343
0.27144265,0.3720079
0.26932472,0.38785002
0.2657619,0.38440165
0.25198704,0.40363416
0.24514665,0.3793069
0.23460487,0.35973266
0.22058298,0.30440062
0.19443871,0.2678688
0.15437524,0.22820155
0.12574454,0.10802948
0.09740645,0.07653618
0.08917711,0.05201515
0.08884456,0.0378671
0.08628968,0.05100853
0.112257704,0.09010739
0.13959813,0.10501813
0.17842267,0.12610339
0.20141657,0.16800424
0.23511595,0.20670599
0.26379058,0.26148355
0.28322852,0.28299057
0.28363124,0.26393193
0.3037474,0.29898977
0.30417064,0.31915528
0.29839578,0.31239006
0.29205394,0.34902006
0.28832456,0.35307184
0.28032,0.36179805
0.25661308,0.33831123
0.24328026,0.3010103
0.24023141,0.24782716
0.20925745,0.23334447
0.16397813,0.18703552
0.122685984,0.11770741
0.09482705,0.09660184
0.07881044,0.0855134
0.0704345,0.06962815
0.06362093,0.080253296
0.06846316,0.09264952
0.06683863,0.11706226
0.103453964,0.14507724
0.13305323,0.18296506
0.16218817,0.2149463
0.19580941,0.24045822
0.22788711,0.28522888
0.25684524,0.2998237
0.27535683,0.3062067
0.30146515,0.3311071
0.32561755,0.34173703
0.3517065,0.3386203
0.35908192,0.34195355
0.3571431,0.3268907
0.3434344,0.31321004
0.31219062,0.30295038
0.29219025,0.26006487
0.25796667,0.21913698
0.20335597,0.18534227
0.16231936,0.15159103
0.13119082,0.12031199
0.104249686,0.08946358
0.08678309,0.087978214
0.078945056,0.08903605
0.074556306,0.08347009
0.07328029,0.10394618
0.094167076,0.14066069
0.1387699,0.172884
0.1855956,0.23191118
0.2345039,0.26436484
0.28303173,0.29215237
0.3268234,0.33810145
0.36849543,0.37599677
0.4065197,0.37154728
0.40068895,0.39757332
0.3730633,0.41743428
0.34457806,0.43684116
0.3225784,0.42628542
0.31454584,0.40920836
0.3014606,0.3834112
0.28729442,0.3365715
0.26762775,0.29194593
0.21661177,0.23283853
0.18711919,0.14521977
0.15854095,0.13523751
0.14054672,0.08807358
0.13257521,0.09140906
0.14148448,0.110195234
0.18103573,0.11206221
0.2185991,0.13004623
0.24192782,0.18183081
0.28405675,0.21876372
0.3120794,0.26704586
0.3131934,0.33198076
0.30520535,0.3530919
0.30346844,0.37756324
0.29581124,0.41333938
0.28005758,0.41159093
0.27654272,0.42380783
0.26923686,0.45367607
0.26154086,0.43499222
0.24747907,0.43628082
0.22743991,0.4308281
0.21365248,0.3972073
0.21491764,0.33635083
0.18463618,0.28517616
0.138548,0.22682934
0.103048965,0.1109652
0.08488647,0.06552413
0.07704216,0.06991939
0.061208658,0.064817145
0.0685356,0.069071904
0.089800574,0.08563223
0.12420442,0.1307796
0.16185048,0.173632
0.2008855,0.20336454
0.2227437,0.22011003
0.2439927,0.23642127
0.25761014,0.24409689
0.2780794,0.239255
0.28120127,0.2701925
0.29310519,0.26986584
0.294019,0.25957924
0.28566188,0.26966307
0.26171142,0.26292846
0.24852349,0.2566698
0.2353829,0.24690107
0.22712505,0.23284838
0.22178997,0.21974494
0.19198936,0.17042428
0.1476381,0.12808493
0.124859825,0.09903709
0.104302734,0.07490761
0.09104464,0.06357765
0.08223462,0.059236243
0.09123003,0.065036036
0.12723103,0.08229599
0.16111124,0.111646034
0.18640673,0.16626638
0.21488571,0.18684515
0.23954007,0.23225981
0.25813094,0.22128502
0.2704222,0.24006554
0.2754213,0.24993114
0.282637,0.27973104
0.2847943,0.26214623
0.27945638,0.24866089
0.28077632,0.2851757
0.27974957,0.29434377
0.26581895,0.27680677
0.25988325,0.26135728
0.24921654,0.26044673
0.23981044,0.23496385
0.20460516,0.18208808
0.15429252,0.13587591
0.11116251,0.12741667
0.08859244,0.10548881
0.07687389,0.07238187
0.06594707,0.052149564
0.07672159,0.0785574
0.09327952,0.0980546
0.12956801,0.13169196
0.16792196,0.14762676
0.19217303,0.21700591
0.22245508,0.22788635
0.24404347,0.3062122
0.25255516,0.34385946
0.2659513,0.31406575
0.28405902,0.35379022
0.2950891,0.40086168
0.2992434,0.3910653
0.31042233,0.41074878
0.31202918,0.39561376
0.30648023,0.40931347
0.2888197,0.38578093
0.28447372,0.34812528
0.260748,0.29926848
0.22202384,0.26655692
0.18209441,0.21583374
0.18087775,0.1148477
0.17966107,0.09886485
0.17844439,0.058583718
0.1772277,0.06879829
0.17601103,0.081430405
0.17479435,0.08479307
0.17357767,0.12536874
0.172361,0.16347693
0.17114432,0.20178036
0.16992764,0.24044624
0.16871096,0.27522445
0.16749428,0.28585282
0.1662776,0.29111385
0.16506092,0.34735858
0.16384426,0.33187166
0.16262758,0.31318492
0.1614109,0.3627843
0.16019422,0.35488638
0.15897754,0.3489489
0.15776086,0.33411336
0.15654418,0.32476944
0.15532751,0.27981752
0.15411083,0.23588601
0.15289415,0.1729105
0.15167747,0.11693368
0.1504608,0.084506765
0.14924411,0.062340584
0.14802743,0.053511173
0.14681077,0.053666793
0.14559409,0.060156047
0.14437741,0.11031026
0.14316073,0.11078824
0.14194405,0.15595175
0.14072737,0.15780371
0.13951069,0.21102284
0.13829403,0.2196905
0.13707735,0.20706227
0.13586067,0.23272395
0.13464399,0.26460564
0.1334273,0.2651726
0.13221063,0.24409403
0.13099395,0.27360693
0.12977728,0.28355998
0.1285606,0.25250414
0.12734392,0.21792378
0.12612724,0.20648529
0.12491056,0.18796617
0.12369388,0.1378875
0.12247721,0.10390929
0.09510655,0.07949711
0.080368236,0.06314644
0.06380746,0.050115317
0.0558291,0.05409836
0.056595165,0.05521349
0.054909024,0.08890132
0.074629314,0.094928384
0.106605485,0.14412537
0.14164591,0.15114045
0.17190914,0.20671386
0.1965943,0.23299348
0.22702807,0.22492148
0.25449,0.24555707
0.2891665,0.29082525
0.3121239,0.2869234
0.34367338,0.27009803
0.37498903,0.28600556
0.3827335,0.28591746
0.36748752,0.26275912
0.33384976,0.2425052
0.3181674,0.21065868
0.27475333,0.18790528
0.22502878,0.14705822
0.17148703,0.16696471
0.13417408,0.1504689
0.11343788,0.08365512
0.10205759,0.074818924
0.09868474,0.095196456
0.11317322,0.13420013
0.13878131,0.17752156
0.19068767,0.21100822
0.22812726,0.27957776
0.2770407,0.30986065
0.33915174,0.4025155
0.40236196,0.42973918
0.45371276,0.4600367
0.5140618,0.5263035
0.5708241,0.5243542
0.60798645,0.5220839
0.59219515,0.57886887
0.5907857,0.53582454
0.5723939,0.5548022
0.5646694,0.5431774
0.55101025,0.49679178
0.51535094,0.43270987
0.45872098,0.36502028
0.37881193,0.28068852
0.3058756,0.28322893
0.25898483,0.2580821
0.22117165,0.20697086
0.20495084,0.18284759
0.2046314,0.20403183
0.2295453,0.21845108
0.2584344,0.25329062
0.29807633,0.2992555
0.33591464,0.37225896
0.37049475,0.41946313
0.40562072,0.47737077
0.42154494,0.5206664
0.4456882,0.5626201
0.4828848,0.6130238
0.5251557,0.6255832
0.5454949,0.63767487
0.5114339,0.68521726
0.49873826,0.6366865
0.51402074,0.64536303
0.49061787,0.6046924
0.46037632,0.5693031
0.44494495,0.5239734
0.39051166,0.44814742
0.3239046,0.3701583
0.26111478,0.2653691
0.23153262,0.24058561
0.2000567,0.21142179
0.17705254,0.18659806
0.17079797,0.19208765
0.19512263,0.20945509
0.23102039,0.24517079
0.2841697,0.28761902
0.3422599,0.35149497
0.39577827,0.3693553
0.44168788,0.42501536
0.4616797,0.45622435
0.48361832,0.47670305
0.52843446,0.50325954
0.54078734,0.5292724
0.5529873,0.53951216
0.5426423,0.54353666
0.54825,0.5289464
0.5083069,0.51986027
0.45365116,0.48115912
0.40740725,0.45670304
0.3864258,0.44000766
0.31987408,0.39557922
0.25700152,0.31512612
0.2102802,0.1915771
0.16989158,0.18827415
0.14022216,0.14041114
0.12595786,0.12747586
0.13453002,0.15469603
0.15436496,0.14151008
0.18930557,0.18099998
0.2218784,0.18289234
0.25797352,0.2626372
0.28369683,0.2703352
0.30822513,0.3528758
0.31554008,0.3912935
0.33792362,0.39886928
0.37276328,0.40683705
0.3959876,0.4723454
0.4048849,0.47593102
0.41547915,0.47219998
0.40221366,0.4707121
0.37222937,0.45036757
0.34244186,0.429738
0.3249051,0.39786154
0.30068198,0.3665395
0.26233146,0.34374133
0.21177867,0.27545106
0.16697335,0.15291274
0.14673457,0.17178258
0.123454325,0.11862892
0.1202988,0.09899652
0.12452442,0.11970482
0.14938356,0.08012281
0.17843807,0.101110674
0.22480346,0.10246956
0.2636976,0.1685672
0.28920415,0.17487916
0.3222407,0.25169402
0.367629,0.29543352
0.40272075,0.32274067
0.4143697,0.32657567
0.40068153,0.3853497
0.4189929,0.40498573
0.42651835,0.38574457
0.43629295,0.39556974
0.44919452,0.38713124
0.42044175,0.35470322
0.3868827,0.34804216
0.37289333,0.32294378
0.33099368,0.30051097
0.26604027,0.24130784
0.23078936,0.24245355
0.2029236,0.21548882
0.18472117,0.16790617
0.16719069,0.1520024
0.15872462,0.13102598
0.16579431,0.13136905
0.17461574,0.15908566
0.2010515,0.16562137
0.22545545,0.20864789
0.27340716,0.24718028
0.305648,0.32006237
0.33409047,0.33542478
0.34916133,0.3738438
0.36924896,0.42151064
0.39242938,0.43370533
0.4055768,0.45954373
0.4249862,0.44239762
0.43686792,0.4739412
0.4501374,0.4893914
0.42308846,0.4309364
0.3890149,0.39113855
0.3712534,0.3717772
0.33170328,0.34854537
0.28326502,0.28162867
0.22882886,0.22186601
0.19607465,0.20604613
0.16745992,0.1373921
0.15113758,0.11927916
0.1478326,0.107110515
0.1416847,0.10860389
0.14232926,0.120426446
0.17197645,0.1303486
0.22769603,0.1927726
0.2981659,0.2222738
0.3670084,0.29633635
0.41520366,0.33037755
0.46834612,0.37980163
0.5248369,0.42069718
0.56149274,0.44973975
0.6069865,0.48183832
0.59769905,0.46473324
0.5997081,0.5093515
0.57342744,0.52933645
0.5645855,0.46841437
0.5386431,0.42746514
0.51867247,0.3875093
0.46819267,0.3646261
0.39724022,0.28672987
0.32787126,0.3163042
0.28239113,0.27585843
0.25056955,0.23549774
0.23010488,0.2070739
0.23908202,0.20063767
0.26287106,0.19735391
0.29310292,0.20834701
0.34419474,0.2364983
0.38350755,0.31356296
0.4323069,0.37037975
0.4843068,0.451494
0.5079573,0.49442565
0.55160576,0.52083766
0.6048475,0.5804762
0.5940382,0.6125544
0.51805866,0.6454778
0.46819153,0.64543176
0.4720772,0.65748364
0.4735631,0.6861662
0.43954885,0.62156624
0.41163173,0.5611368
0.38728768,0.50477344
0.3423158,0.46752024
0.2757567,0.39501137
0.2203474,0.24871781
0.17731722,0.2166509
0.15461765,0.18515843
0.13684818,0.18699735
0.14654975,0.17999429
0.17777297,0.16922288
0.22003254,0.19686723
0.2570694,0.2496495
0.2949887,0.30780926
0.3207719,0.34198093
0.33550966,0.38286573
0.35305497,0.4138993
0.36248502,0.4355576
0.37175593,0.4641031
0.3681515,0.48255253
0.3783921,0.49914047
0.33717924,0.4908529
0.3237067,0.50695896
0.3464992,0.52844286
0.3409548,0.4786903
0.33033144,0.42781818
0.3139241,0.40233296
0.27655128,0.35377336
0.23241562,0.29019636
0.18980297,0.1985642
0.16121162,0.15363047
0.14119756,0.14284152
0.13126898,0.13750355
0.13255468,0.13751802
0.15253165,0.13489087
0.1916956,0.173655
0.24521281,0.22515091
0.27192238,0.26786873
0.2888465,0.30765402
0.3132248,0.33680928
0.32066694,0.3581071
0.33261767,0.36689746
0.35316107,0.41524404
0.3740581,0.41309887
0.3965677,0.419404
0.37165782,0.43713778
0.3710874,0.44443902
0.34495682,0.43739557
0.3560502,0.4059966
0.34241563,0.37793955
0.33119732,0.35517955
0.28457296,0.30206224
0.2294044,0.23883176
0.16151337,0.22303784
0.13633253,0.19886026
0.116066344,0.14993465
0.08995059,0.12312436
0.091612205,0.1454351
0.11591177,0.15906462
0.14956951,0.18686548
0.18777914,0.2155909
0.21881014,0.28105494
0.25484422,0.332639
0.29300252,0.37510878
0.33778104,0.4337805
0.37178445,0.46300256
0.4193688,0.5002651
0.4620562,0.539051
0.46221074,0.54520625
0.48841608,0.5841522
0.51382965,0.5769181
0.4944533,0.5643341
0.49843934,0.52395666
0.46625784,0.4940372
0.41966087,0.43616468
0.35431498,0.3826685
0.2995657,0.31479615
0.2460519,0.27080062
0.20314091,0.23718108
0.16510753,0.20504588
0.15212211,0.17418033
0.14945999,0.17013198
0.1700821,0.19911617
0.19859017,0.19664013
0.24893646,0.22940975
0.30528978,0.28131416
0.38294685,0.34196433
0.42176738,0.4020984
0.45504695,0.4718292
0.46774432,0.5041236
0.49085003,0.52145517
0.47630793,0.5657326
0.47208402,0.5976089
0.4935606,0.5843493
0.51416165,0.608537
0.5120888,0.6065106
0.46870092,0.5556774
0.4671511,0.5001947
0.4588111,0.44529408
0.4069207,0.41052407
0.3379647,0.35913533
0.28103584,0.2509815
0.23785906,0.2211817
0.20690621,0.17951506
0.18885095,0.1725384
0.19514145,0.17544249
0.19315071,0.14272425
0.20718971,0.17424503
0.23092969,0.2109491
0.26677325,0.2683347
0.32798362,0.31272814
0.42529368,0.37464684
0.5165859,0.4044365
0.5156196,0.4454596
0.4764591,0.49481666
0.50642055,0.5110353
0.50976944,0.5359982
0.5275087,0.5388114
0.50141007,0.5433141
0.5253634,0.54555047
0.49291492,0.5097369
0.4406452,0.47237122
0.4198645,0.43961376
0.38207868,0.38643482
0.33854252,0.31209248
0.28940436,0.22476771
0.2500847,0.17939027
0.21838291,0.17631093
0.1944678,0.16426858
0.18736103,0.16608606
0.19020055,0.10248327
0.19537304,0.13186789
0.21536028,0.15645796
0.2396667,0.21849962
0.27418178,0.25513148
0.30862042,0.3177047
0.3354235,0.3387305
0.35881385,0.3494497
0.36836255,0.4030988
0.39228392,0.45077533
0.39203122,0.46343964
0.4030533,0.4612498
0.4492835,0.47626254
0.48572314,0.4529291
0.47040987,0.42130065
0.44468656,0.40533507
0.38533172,0.37406373
0.32720673,0.33923954
0.27064124,0.27578038
0.22900455,0.22136262
0.19008304,0.20854354
0.16381213,0.16030848
0.15106799,0.14843014
0.15930359,0.15683585
0.18278575,0.14617994
0.20869559,0.18272415
0.24282621,0.1961813
0.28670803,0.27792704
0.32046902,0.31296298
0.3557764,0.4087048
0.37271193,0.44266292
0.3851435,0.48118907
0.39599615,0.5173804
0.36778414,0.5727686
0.3993947,0.57349163
0.41913778,0.5827746
0.4336428,0.5843482
0.43404552,0.5682671
0.46177667,0.54531497
0.4360699,0.49302453
0.41363558,0.43659976
0.37559593,0.39041382
0.31813547,0.3181364
0.26020098,0.2840177
0.22224118,0.22055292
0.1969086,0.21947145
0.17555007,0.19720069
0.17451991,0.19501418
0.18641815,0.20124023
0.19280106,0.22586574
0.21190359,0.29696435
0.2532026,0.3471582
0.3060393,0.39057204
0.36431718,0.4490247
0.4003313,0.48029107
0.45813346,0.48146236
0.5045188,0.543523
0.53364176,0.55339545
0.52203786,0.561985
0.5626769,0.5710702
0.583457,0.5478958
0.58236927,0.57825345
0.5568627,0.53423923
0.53503984,0.47402617
0.4993623,0.45469156
0.45788532,0.3811426
0.4063018,0.3255747
0.3413946,0.32217625
0.290981,0.2650306
0.2507521,0.24083492
0.22784033,0.21189585
0.2212093,0.20560417
0.24055198,0.21938878
0.28636464,0.2320031
0.34746948,0.30714947
0.42104754,0.3677967
0.5010912,0.41817972
0.582562,0.48274982
0.59858036,0.5257784
0.6546097,0.5542669
0.6893854,0.6239886
0.73419356,0.6239066
0.7667305,0.6480588
0.79172367,0.6521287
0.80470055,0.6574479
0.80191636,0.69264627
0.7591109,0.62714374
0.6975805,0.562751
0.6839106,0.5296254
0.61846834,0.4613929
0.53249294,0.38684857
0.45130107,0.38755593
0.38966116,0.33550182
0.34352908,0.30235124
0.31196076,0.28091383
0.2878996,0.25423223
0.29187995,0.2629558
0.3336712,0.2899772
0.40163296,0.35164168
0.487824,0.4022273
0.57829595,0.47336456
0.6560294,0.52173936
0.7184559,0.56408536
0.7767327,0.6270047
0.7822748,0.6803973
0.80635756,0.6795968
0.82351613,0.71570617
0.83748955,0.70604205
0.8313878,0.7196278
0.77569735,0.72451055
0.7451883,0.65806377
0.6902485,0.5960282
0.6352048,0.56253487
0.5692555,0.48846447
0.4929092,0.4137984
0.42584297,0.40965554
0.37002414,0.35838205
0.33759052,0.3162052
0.3125551,0.31127858
0.3069679,0.28136182
0.32978955,0.29073414
0.3557011,0.32642692
0.40622252,0.39724052
0.4579378,0.43245783
0.50600415,0.510388
0.54675555,0.54142076
0.57101804,0.5853777
0.622281,0.6591174
0.68137056,0.7000495
0.7115859,0.68704176
0.7355654,0.7318191
0.73787105,0.7137449
0.7312126,0.72313595
0.70527995,0.7264289
0.6571383,0.6596773
0.5889672,0.59218305
0.52808595,0.5676048
0.47466743,0.47999606
0.40716028,0.411528
0.3437578,0.32201245
0.27606812,0.29562554
0.23017903,0.23104599
0.2021159,0.23104909
0.19336177,0.23075387
0.18859312,0.2139162
0.18677635,0.23921008
0.2036908,0.27740437
0.26729804,0.3438616
0.32454917,0.3962759
0.39135358,0.48336676
0.42884335,0.5320107
0.48532328,0.57150304
0.5243903,0.60696274
0.5704163,0.65430796
0.5674638,0.6800386
0.57654417,0.6581803
0.5756127,0.66550803
0.5633779,0.6640945
0.5829619,0.62288535
0.5630163,0.54974276
0.53481,0.49718416
0.48512992,0.437083
0.43285906,0.36967975
0.3823325,0.30635592
0.33133823,0.2700109
0.29477423,0.23402381
0.25820908,0.20792902
0.24294372,0.20248738
0.24014527,0.18109253
0.2410893,0.19333017
0.25178054,0.23923674
0.27702415,0.30115807
0.2952551,0.34196785
0.31712127,0.4165562
0.32492793,0.4626877
0.33971244,0.50092167
0.3653,0.5554321
0.41122845,0.582142
0.46526816,0.614267
0.49600312,0.5970137
0.47192717,0.60011655
0.44620386,0.6207381
0.42883992,0.5634725
0.40023547,0.5239714
0.40069064,0.48640895
0.3623949,0.43353736
0.31041777,0.35545015
0.24821262,0.26051196
0.21668763,0.21377458
0.19174238,0.19908619
0.17690139,0.16540323
0.17661902,0.15860443
0.20311525,0.15789014
0.23338817,0.19151959
0.27793622,0.22722094
0.30896494,0.28943142
0.34700972,0.31163374
0.39099535,0.36573306
0.42955524,0.39448777
0.47653723,0.39788425
0.5102526,0.46035433
0.5492146,0.477297
0.5406955,0.49093983
0.5657611,0.49230248
0.5912106,0.50886023
0.5782891,0.5269714
0.54124135,0.45680463
0.5115531,0.42666805
0.48371017,0.417857
0.432397,0.3777439
0.35692978,0.30885
0.283196,0.27678415
0.2372356,0.22895949
0.20656681,0.20053205
0.19006935,0.1700899
0.17634295,0.15694481
0.1922643,0.17817129
0.22326563,0.19829214
0.29141676,0.25256053
0.34482676,0.29994112
0.39764008,0.35596088
0.46625727,0.3727542
0.51201457,0.423331
0.56273395,0.46002597
0.5795976,0.5106183
0.62599605,0.50971705
0.662742,0.53796965
0.6898959,0.54695547
0.69854736,0.5911305
0.6864986,0.59643525
0.6503099,0.52180505
0.61603725,0.48404026
0.57307893,0.4592297
0.5126883,0.40566668
0.43008286,0.33467233
0.35002208,0.35367638
0.30526412,0.30586314
0.26946616,0.26785934
0.26120433,0.24475867
0.25616872,0.24763007
0.26978844,0.23219055
0.29066783,0.26469707
0.36254776,0.31685045
0.40995243,0.3893072
0.45683634,0.4547778
0.52926385,0.4863754
0.6072746,0.55272007
0.622982,0.6035399
0.652818,0.6404652
0.68333447,0.6812702
0.70733345,0.70335793
0.7377638,0.710784
0.74857485,0.72525644
0.72274256,0.7132166
0.68428135,0.65352786
0.6427679,0.59518576
0.6137904,0.5545329
0.5570789,0.4763798
0.47362813,0.40529907
0.38915122,0.37664184
0.33712333,0.32587174
0.30825934,0.2792582
0.2900712,0.26407266
0.27417606,0.25676915
0.2797336,0.24817336
0.32355267,0.28412628
0.38032067,0.3388287
0.45650434,0.40544847
0.52640265,0.47874948
0.58746016,0.5082347
0.64267206,0.57220507
0.7079786,0.63216966
0.76666373,0.6741146
0.80467945,0.6999876
0.7943767,0.72611964
0.81987464,0.734616
0.82553715,0.7665879
0.81439126,0.75778025
0.79722184,0.6883348
0.70782346,0.6193002
0.5945994,0.5795868
0.5325728,0.5028306
0.4534384,0.42770946
0.37912735,0.3595816
0.33941013,0.32801688
0.30059984,0.26255962
0.28903416,0.25776103
0.28775245,0.25975627
0.30573356,0.2566517
0.3342074,0.28506324
0.3676484,0.31802556
0.4122301,0.37897715
0.44807538,0.4671866
0.4966055,0.5287491
0.5609879,0.60066974
0.63522875,0.66878176
0.69220096,0.6933186
0.66302323,0.7555012
0.67814773,0.76573455
0.7049902,0.7741888
0.7127632,0.77183723
0.69202983,0.74108285
0.64384085,0.7022648
0.60998744,0.62967324
0.56774217,0.5536122
0.49790603,0.4819246
0.42882738,0.4175676
0.36309707,0.3397059
0.31265607,0.2949173
0.27060872,0.24706724
0.24528298,0.23783803
0.22601958,0.21920992
0.22463462,0.19623971
0.23103578,0.22035883
0.2668748,0.2491641
0.34051844,0.3116082
0.43180436,0.3694183
0.52114004,0.45270696
0.58697075,0.48768798
0.6393089,0.5420611
0.66059273,0.59417474
0.69134766,0.62696004
0.71968,0.65897346
0.6944507,0.6393515
0.6687268,0.6675479
0.61986357,0.6744781
0.6132645,0.6158345
0.58534396,0.5500855
0.53319854,0.5085934
0.47700554,0.4625993
0.4215415,0.38437283
0.36859813,0.32039633
0.3237135,0.28688496
0.28441212,0.24550653
0.26724443,0.23077112
0.25352943,0.22451037
0.25762612,0.21388769
0.26284313,0.22403479
0.27485257,0.27586713
0.30693883,0.32305822
0.3580609,0.39045253
0.42293388,0.4646764
0.48204115,0.50826216
0.53602725,0.54350495
0.58702093,0.60465497
0.63247085,0.6200272
0.66069025,0.6397333
0.64239204,0.65047985
0.62875,0.6470564
0.6174456,0.6514059
0.608238,0.5955997
0.5819323,0.55773777
0.5576658,0.50381005
0.49503285,0.45583567
0.4158448,0.3859846
0.35950518,0.3809947
0.3083854,0.31926495
0.26613325,0.3027028
0.24544497,0.2735799
0.24655956,0.2541734
0.28532305,0.26542738
0.31237715,0.2862838
0.34830683,0.34940383
0.4021104,0.40593252
0.46780822,0.4722419
0.53289056,0.539543
0.5808736,0.5781497
0.6285281,0.6258759
0.6432608,0.6879146
0.6701437,0.6930798
0.6515888,0.7287803
0.6220631,0.72759604
0.5879262,0.7293751
0.51964843,0.72925264
0.4927107,0.66973096
0.46686816,0.61131877
0.4360163,0.5811776
0.3835412,0.51260424
0.32658726,0.43373084
0.26389837,0.29066232
0.22185159,0.24209528
0.20087866,0.23387486
0.1850714,0.22610912
0.19238295,0.19947797
0.21877079,0.20279896
0.2576963,0.2305887
0.2962533,0.29054147
0.32670704,0.32241502
0.36085764,0.37948138
0.4033311,0.40671107
0.423429,0.45059723
0.46358773,0.48876685
0.4946233,0.51316667
0.5429366,0.5241994
0.5478108,0.5531996
0.5772219,0.51450425
0.6069084,0.54854536
0.58461726,0.53967637
0.58373654,0.4931284
0.5533963,0.43603766
0.53025293,0.41830045
0.46571082,0.35433137
0.3978774,0.3039537
0.3417317,0.32976052
0.28527117,0.28256845
0.25597537,0.25012007
0.2427532,0.23353738
0.24840656,0.2426217
0.27173585,0.24371417
0.30713904,0.2698195
0.3416684,0.32256195
0.3942022,0.38993773
0.43098354,0.45102426
0.4612844,0.5131804
0.48694497,0.5750044
0.53415745,0.5827326
0.5855926,0.6265888
0.63814414,0.6719291
0.6550101,0.67505234
0.62909055,0.6913012
0.64764094,0.68358564
0.6394789,0.69006217
0.6292086,0.63231415
0.58142465,0.5641077
0.5474891,0.5146358
0.47022334,0.4539909
0.38985568,0.39329237
0.3233131,0.33554056
0.26679152,0.30098146
0.22877581,0.26452386
0.21013874,0.24127781
0.20724788,0.2395635
0.21838632,0.263947
0.2572622,0.2691343
0.30512035,0.33716002
0.35795766,0.3923869
0.40606052,0.47248885
0.45058176,0.5045464
0.49746794,0.580668
0.5565695,0.6285821
0.62223995,0.6458133
0.67986524,0.67381513
0.7199253,0.7034629
0.74789035,0.7066046
0.7694639,0.7267177
0.7454353,0.7148353
0.70062256,0.65817165
0.66775537,0.59095585
0.6311338,0.5363937
0.4738985,0.46770027
0.3690322,0.40979993
