true,forecasted
0.16045894,0.15624171
0.12777814,0.14229226
0.10453888,0.11864312
0.08261825,0.107638046
0.10852333,0.10446057
0.14291976,0.17855099
0.22027689,0.25008106
0.27976286,0.31044734
0.29946542,0.33908254
0.31634706,0.37543738
0.33151174,0.36053818
0.3431096,0.3928911
0.34498322,0.43446627
0.35942265,0.42745358
0.3508096,0.4075395
0.35194325,0.4296088
0.35936114,0.42376673
0.3708382,0.4649454
0.35286885,0.4392018
0.33696532,0.41465333
0.32075334,0.3947543
0.2851391,0.37399048
0.225375,0.30278617
0.17722853,0.24507952
0.13011947,0.16769142
0.10971498,0.15360649
0.0807473,0.11824615
0.08169552,0.11241086
0.105232246,0.1130963
0.14458221,0.15594557
0.20300113,0.23141755
0.27208638,0.2890503
0.29924816,0.31368133
0.29902646,0.34541994
0.31413206,0.32197088
0.32659158,0.35433996
0.32905397,0.38505027
0.3474702,0.3646692
0.34283587,0.37645155
0.3351818,0.3959293
0.3429242,0.3810584
0.33330667,0.42254558
0.31978709,0.431081
0.30370912,0.37812787
0.29776365,0.3493868
0.27389386,0.33652288
0.22859555,0.2741201
0.17760618,0.21946019
0.13651313,0.108088
0.11335472,0.10041493
0.09976747,0.08288929
0.096384555,0.07725383
0.100310124,0.09696747
0.13603354,0.119568236
0.2050575,0.1879779
0.2670566,0.25575438
0.29535884,0.29350054
0.30094972,0.3169233
0.31337914,0.31267878
0.32091174,0.34573036
0.32386556,0.3551996
0.3349518,0.34026226
0.32947844,0.36417812
0.32439482,0.3686945
0.32769296,0.3764956
0.32306477,0.37924483
0.30398706,0.38596904
0.27940586,0.35600886
0.26904643,0.33390182
0.2510171,0.31361213
0.20193318,0.23987193
0.1477494,0.19627377
0.10195435,0.11368027
0.07744435,0.09520918
0.061476015,0.07485524
0.050102886,0.057380755
0.051043194,0.06520492
0.064255856,0.07877565
0.09318465,0.1299509
0.13262996,0.16370428
0.17583476,0.20915063
0.19967248,0.23164901
0.21924827,0.25362903
0.23702824,0.27598003
0.24502218,0.29086107
0.25970507,0.29875067
0.2782887,0.32064205
0.29898626,0.3332934
0.32657203,0.33376727
0.33566996,0.35177228
0.33134037,0.35554147
0.31584945,0.32633403
0.29334134,0.32008427
0.27442244,0.28958338
0.2229247,0.23687674
0.16753806,0.18201885
0.119931616,0.10024665
0.08405376,0.08003779
0.0651742,0.046296977
0.051955603,0.028832179
0.046016496,0.023620354
0.050400138,0.045266137
0.063843265,0.07253452
0.11033431,0.105111346
0.16487356,0.15293823
0.20457593,0.2097539
0.24707285,0.22720698
0.2923584,0.27412996
0.32810664,0.32850894
0.35901228,0.33295807
0.3856931,0.33546662
0.40161532,0.37064803
0.4314139,0.3669284
0.45541507,0.41234174
0.44821665,0.39612523
0.43126053,0.37376377
0.41097072,0.35351598
0.38512146,0.32866278
0.3282602,0.25417358
0.26318508,0.20429449
0.21662506,0.18619801
0.20065431,0.17401183
0.18386276,0.1346602
0.16998067,0.13182978
0.18594286,0.16622038
0.23098455,0.17528145
0.30631784,0.2632967
0.37184045,0.33991444
0.42389384,0.40609524
0.4587481,0.43016148
0.48811364,0.48736823
0.50671923,0.51887906
0.5117317,0.5330956
0.5012905,0.5402934
0.49690136,0.58191144
0.47442138,0.5847174
0.4567036,0.5961899
0.45856026,0.59225684
0.43328702,0.59696
0.40408847,0.55170447
0.37374568,0.49772996
0.34001428,0.46005073
0.2821389,0.38335395
0.22746389,0.30552423
0.18367887,0.15221018
0.14466086,0.14391734
0.12709598,0.11672373
0.11996918,0.10507111
0.12807979,0.13422228
0.1743006,0.15476383
0.23731692,0.22771847
0.29614908,0.28434947
0.3254151,0.34071782
0.34065756,0.3390013
0.36035508,0.36821753
0.37437314,0.38010204
0.37449354,0.39000195
0.3906829,0.40887642
0.39267448,0.40158045
0.4026347,0.40390188
0.41523772,0.403495
0.4190651,0.4109442
0.40334564,0.39564234
0.38303936,0.40017983
0.3631782,0.40401414
0.3408722,0.35262978
0.28122497,0.29210484
0.22281748,0.22959724
0.17433466,0.15578805
0.14470546,0.14988093
0.1317683,0.11707029
0.12069353,0.11056472
0.13338023,0.120380454
0.1717543,0.15678091
0.2383227,0.2186485
0.29641756,0.27280185
0.33717358,0.3301259
0.3587961,0.3613146
0.3653576,0.382761
0.3689231,0.40885085
0.36207354,0.4205678
0.36671314,0.43129942
0.35802013,0.41991526
0.35854322,0.42335227
0.35117233,0.42639762
0.35995477,0.46932206
0.34549028,0.4376306
0.33228815,0.4224159
0.3176167,0.40709716
0.3025234,0.36245966
0.24848133,0.30258596
0.20661911,0.24402311
0.16148911,0.13940199
0.13520285,0.14370827
0.11180255,0.10114053
0.11335472,0.10206026
0.119939305,0.1296951
0.16394687,0.12782682
0.22403923,0.23246393
0.2808864,0.2949418
0.3149467,0.33605334
0.33601645,0.34460145
0.34639588,0.35512173
0.37307164,0.3731971
0.38024393,0.39231554
0.40382504,0.3869848
0.4069285,0.41587335
0.4200256,0.42731032
0.42917252,0.41996637
0.4260104,0.43479532
0.41839302,0.4468781
0.39250112,0.4023514
0.37520096,0.38459656
0.35288072,0.35528263
0.28751186,0.29025656
0.22906944,0.22074585
0.22644573,0.15000078
0.22382204,0.1204081
0.22119834,0.09479207
0.21857463,0.10270031
0.21595094,0.10629534
0.21332723,0.14193074
0.21070354,0.21146478
0.20807983,0.2684278
0.20545612,0.2915076
0.20283243,0.33638546
0.20020872,0.32489923
0.19758503,0.34227353
0.19496132,0.3535958
0.19233762,0.39158946
0.18971393,0.36486524
0.18709022,0.34351262
0.18446651,0.3916406
0.18184282,0.38936868
0.17921911,0.36121172
0.17659542,0.3452077
0.17397171,0.34586355
0.171348,0.3043444
0.16872431,0.22508527
0.1661006,0.16949499
0.16347691,0.12972893
0.1608532,0.11730237
0.1582295,0.0772391
0.15560581,0.049296957
0.1529821,0.057954974
0.1503584,0.06387672
0.1477347,0.09763383
0.145111,0.109587364
0.1424873,0.19132595
0.1398636,0.21129178
0.13723989,0.25816834
0.1346162,0.2908489
0.13199249,0.30117267
0.12936878,0.31663018
0.12674509,0.32967377
0.12412139,0.3530162
0.12149768,0.34621233
0.11887398,0.39547238
0.116250284,0.3889564
0.113626584,0.3619285
0.11100288,0.35016656
0.10837918,0.32333663
0.10575548,0.2807154
0.10313178,0.21693847
0.10050807,0.096207485
0.07079254,0.09248099
0.049288243,0.05750048
0.03485054,0.048115846
0.029731568,0.054044656
0.03680366,0.04481668
0.0537334,0.078451194
0.096915565,0.11585687
0.13954936,0.170682
0.17643234,0.2163951
0.2045243,0.25425327
0.23398036,0.28440076
0.2576711,0.32016045
0.27074492,0.3401695
0.29629168,0.33237064
0.32073838,0.35888845
0.3507191,0.36457697
0.36439487,0.3928972
0.36092848,0.38357943
0.35034472,0.36710373
0.3336639,0.36655104
0.3117459,0.32300255
0.25216612,0.26479197
0.18678145,0.20629893
0.14307925,0.13682863
0.11446969,0.10717534
0.08977317,0.079256326
0.080020316,0.083527654
0.09613696,0.100909956
0.13599838,0.13683207
0.19426306,0.21891056
0.2657059,0.2663079
0.31635013,0.3373238
0.36809593,0.35890293
0.410541,0.41387707
0.45775706,0.4376432
0.49636948,0.4578959
0.5318158,0.49076098
0.5574307,0.490521
0.5704738,0.48648462
0.5835313,0.5052147
0.5896554,0.5254272
0.5722272,0.5089595
0.52888817,0.5161219
0.49416372,0.4657758
0.46326753,0.4029304
0.39165395,0.32734317
0.32290748,0.256266
0.2580492,0.20812328
0.2205893,0.18913907
0.18261707,0.16582765
0.17369248,0.15697192
0.19041021,0.1801104
0.22767347,0.20139062
0.29099804,0.2821196
0.35461017,0.35215256
0.39281815,0.40183112
0.42480755,0.42013478
0.44499037,0.44665688
0.47692552,0.46274388
0.50127095,0.4793343
0.5244294,0.49740934
0.5463513,0.5126432
0.5537819,0.51156574
0.5643211,0.5265068
0.56643724,0.5050453
0.53923243,0.4969018
0.5041879,0.47251195
0.47627938,0.4586088
0.4479699,0.42324355
0.3744654,0.34828502
0.29978576,0.27753258
0.24084923,0.20396017
0.20056972,0.201509
0.17445153,0.18944812
0.1572531,0.16097197
0.15889205,0.17983198
0.19984165,0.22036432
0.2636858,0.26537135
0.31810465,0.34810913
0.35432127,0.3946913
0.37134197,0.40544546
0.4086248,0.43412462
0.42304403,0.46681958
0.43720734,0.46915933
0.44624066,0.466245
0.44272265,0.47006184
0.4300535,0.4801061
0.4257002,0.46077633
0.43298867,0.4626561
0.4039685,0.44620597
0.37448147,0.42875382
0.36455593,0.43493542
0.34681395,0.40045354
0.27738926,0.34836185
0.22739841,0.28782701
0.17993455,0.19271912
0.14295842,0.16807061
0.1254768,0.1487575
0.116642065,0.1463781
0.13403735,0.15411764
0.16573785,0.20598473
0.24072224,0.28309286
0.2937915,0.3465222
0.33426282,0.36780348
0.35288203,0.38553154
0.37026897,0.40197977
0.3794438,0.41600043
0.3773292,0.41444185
0.37794852,0.41245222
0.36633393,0.42050284
0.36219198,0.4242721
0.35960963,0.41976053
0.359897,0.42804375
0.35118574,0.43010235
0.3414575,0.3955498
0.33390382,0.36191803
0.316873,0.34411713
0.2635891,0.29165748
0.21583349,0.23117809
0.16642463,0.17436604
0.1467513,0.14861551
0.12349886,0.115243286
0.123506546,0.10405262
0.1275703,0.114216946
0.1696619,0.12203433
0.23376286,0.17549758
0.29923695,0.22319476
0.33664894,0.26091963
0.3633882,0.29602906
0.38965955,0.29492292
0.3993933,0.32075438
0.40560505,0.32220736
0.40086657,0.33946267
0.39337575,0.34316057
0.3786955,0.3409259
0.3824374,0.36831957
0.3749604,0.3719539
0.3625022,0.36552334
0.34374192,0.32993713
0.33318233,0.3260106
0.31456023,0.30462894
0.27152988,0.23964971
0.21932076,0.18348387
0.17721511,0.14122473
0.14803016,0.114521936
0.1265999,0.086826704
0.116962604,0.07365577
0.11325344,0.07375995
0.13074824,0.059804454
0.15376934,0.0679458
0.19778241,0.10193473
0.24913427,0.14805853
0.2914638,0.21164308
0.32960474,0.23441193
0.35058376,0.2621814
0.37769893,0.27921414
0.4068538,0.31626368
0.4305707,0.30029368
0.45248452,0.30783257
0.47265896,0.33882546
0.470491,0.344981
0.45290413,0.32228348
0.43162853,0.3204895
0.40879878,0.3263437
0.38335904,0.28146055
0.32981917,0.21553159
0.27201894,0.1721694
0.21494547,0.19689326
0.1798012,0.1899919
0.15076673,0.13609448
0.13332993,0.12911464
0.1287815,0.11380404
0.12927605,0.108858265
0.1490713,0.11350428
0.19698885,0.14366724
0.26049072,0.20428479
0.31897554,0.2753722
0.37851292,0.34264264
0.42657128,0.37518594
0.46194273,0.43832698
0.4811848,0.4433245
0.4956359,0.44324344
0.4932355,0.48369953
0.49624622,0.44904888
0.5172338,0.52015394
0.51168007,0.5010032
0.48718742,0.47745654
0.45882258,0.43759966
0.4297064,0.3900175
0.36296332,0.35633516
0.30235842,0.28815055
0.24648295,0.27156705
0.21937634,0.24596867
0.19524291,0.21445096
0.18462797,0.19660582
0.19762027,0.19524875
0.24247961,0.23363607
0.31593338,0.3050297
0.4001888,0.3682015
0.4526708,0.4294879
0.494999,0.47300714
0.5300284,0.4865698
0.56261843,0.53101486
0.60516614,0.56106067
0.62874484,0.5574339
0.63268113,0.58838475
0.6321394,0.6072495
0.6278091,0.5796279
0.62454045,0.62858605
0.61238366,0.6192711
0.57738304,0.5652474
0.5272044,0.5106464
0.4754107,0.47221902
0.4085681,0.40738982
0.34429356,0.34258828
0.28460065,0.31095636
0.24129434,0.2915153
0.21852897,0.2590955
0.19876644,0.24216644
0.21269949,0.2506884
0.25297415,0.2902032
0.32205197,0.35236686
0.39637968,0.42803437
0.44198313,0.49578184
0.4687914,0.5160881
0.49668938,0.54310906
0.5262797,0.5825883
0.5507752,0.5987443
0.5730594,0.6061153
0.5564377,0.60815215
0.54767936,0.6139074
0.537024,0.5838832
0.5303094,0.61674905
0.50437045,0.6013096
0.48235646,0.5727191
0.4565342,0.5423664
0.43139982,0.49091652
0.36898747,0.43471283
0.31411734,0.36575386
0.26284873,0.26455343
0.21849887,0.24311066
0.21104516,0.20541057
0.19117981,0.1923481
0.20374613,0.2081679
0.24388985,0.21475305
0.30595225,0.2705107
0.37343898,0.3358746
0.4294201,0.40082178
0.44492227,0.43760812
0.4603574,0.45857394
0.4768921,0.4930201
0.48892763,0.5119506
0.5043964,0.542046
0.5101909,0.531523
0.50175124,0.5385194
0.5080089,0.54643697
0.50868005,0.5559159
0.4958846,0.5303242
0.4712586,0.5143847
0.45091036,0.50682384
0.42365238,0.4508545
0.35889077,0.37772673
0.2960065,0.31076804
0.2414255,0.24816267
0.20721956,0.22637764
0.18055981,0.19686285
0.17084892,0.19475433
0.17613465,0.2021083
0.21446432,0.22250275
0.2705942,0.29813242
0.33015928,0.3742336
0.38685092,0.40184698
0.42045203,0.45093632
0.47942898,0.46511233
0.5072986,0.48860493
0.54244024,0.52545583
0.5755512,0.5301235
0.6026297,0.5478665
0.59775984,0.565205
0.6133376,0.5617476
0.6192035,0.56111664
0.5946373,0.5474249
0.5495251,0.5056744
0.49540326,0.4762031
0.45782846,0.43665344
0.38483432,0.36434257
0.30937648,0.29738772
0.24777302,0.2352506
0.2038006,0.19502212
0.17328998,0.17568137
0.16180152,0.17286308
0.17494652,0.17792717
0.19831035,0.19393827
0.2535614,0.24577354
0.31460923,0.31392056
0.3715454,0.35608238
0.40303743,0.4060328
0.45651928,0.44733268
0.50170857,0.48085043
0.544838,0.5000038
0.56966966,0.5139789
0.5858518,0.5500185
0.59062845,0.55969894
0.59184957,0.5651054
0.5966051,0.5528542
0.5741987,0.5511701
0.52874976,0.51841694
0.49630776,0.46749365
0.46152467,0.42869043
0.38921398,0.3539238
0.31623766,0.29511964
0.2529388,0.24105139
0.20499906,0.20992392
0.17451744,0.1842499
0.16058703,0.17641096
0.14702548,0.16914316
0.1600826,0.16850038
0.17829934,0.18703716
0.21756515,0.24423237
0.2796205,0.28704014
0.33178923,0.35292614
0.37091005,0.4013277
0.40607935,0.43810183
0.43065768,0.46684477
0.4435373,0.4678719
0.44088092,0.5000129
0.45414412,0.5249567
0.45703995,0.50645465
0.45664757,0.5238945
0.44343513,0.5211578
0.4247403,0.48357955
0.40445226,0.43440044
0.38791996,0.39612833
0.34020805,0.3431564
0.2841419,0.28968513
0.23522605,0.21312149
0.19893539,0.18865113
0.16627523,0.1509532
0.155057,0.13759251
0.15160443,0.13166237
0.1562181,0.12705567
0.17030516,0.14640252
0.21911271,0.19431423
0.2710479,0.25171974
0.33419272,0.32818413
0.39066488,0.36464015
0.4287028,0.4109293
0.46939754,0.45047617
0.5033218,0.46754187
0.51915705,0.479586
0.5329657,0.5057406
0.55329907,0.5101126
0.5604522,0.5415728
0.5437942,0.52206755
0.5134787,0.48300388
0.48416522,0.45114136
0.45722032,0.411635
0.39639837,0.3428954
0.32616362,0.2908501
0.26289245,0.27087516
0.2236119,0.2406458
0.19939478,0.2230705
0.176607,0.21393596
0.18449198,0.21873973
0.20895979,0.26025933
0.256606,0.33534932
0.32441768,0.41282734
0.3802459,0.47240573
0.42378289,0.52394766
0.4803851,0.58499974
0.5283057,0.6181795
0.5609254,0.65464485
0.59327316,0.678199
0.6203308,0.70235
0.64820373,0.71137595
0.65920734,0.7095972
0.6674849,0.7150205
0.6378645,0.6849224
0.5783161,0.6527687
0.5427083,0.5976041
0.50401783,0.5390192
0.4293795,0.45927203
0.36022457,0.38535136
0.30361816,0.31119776
0.2554025,0.27404708
0.22527108,0.23835698
0.1993036,0.23930253
0.19945651,0.24308632
0.194907,0.2643273
0.2180676,0.33706757
0.2544769,0.41051847
0.32349384,0.4593707
0.38745794,0.51361334
0.4480301,0.57401246
0.5027247,0.5946896
0.5339243,0.63875973
0.558429,0.6611374
0.56960154,0.68889976
0.591504,0.7030259
0.61735255,0.7063325
0.6508805,0.6986271
0.64174527,0.68684876
0.61763865,0.6458236
0.5578543,0.58360773
0.5152934,0.5444845
0.45873624,0.46986145
0.3858581,0.38410902
0.3195006,0.34062088
0.2746819,0.29798287
0.2501058,0.2584101
0.22868563,0.24626212
0.22972678,0.24857698
0.2637495,0.28193122
0.33453038,0.341318
0.4364821,0.4310453
0.5230305,0.49011463
0.5908409,0.5596024
0.65512574,0.61099464
0.69916695,0.6623429
0.73970175,0.72598994
0.783489,0.76135844
0.7965118,0.7754837
0.8110633,0.7952757
0.8244882,0.79813814
0.8451884,0.79281545
0.8356618,0.7708569
0.78990525,0.72064936
0.7307365,0.6705329
0.6813714,0.61599123
0.5880123,0.52292347
0.48537952,0.433146
0.3985795,0.42667508
0.3475482,0.3844188
0.30647293,0.3519595
0.2803543,0.32869262
0.27783832,0.3230626
0.30521756,0.37866592
0.3851177,0.4388549
0.46907458,0.53998923
0.55024856,0.60211533
0.62930745,0.6798415
0.7020092,0.70709753
0.7620005,0.76769084
0.7973172,0.8299622
0.8197959,0.86823756
0.8200437,0.86042213
0.8230002,0.882807
0.82332116,0.88255686
0.83039194,0.8896605
0.8118204,0.8283691
0.76503366,0.7892007
0.7177337,0.7528604
0.6592517,0.6902503
0.5637154,0.5884389
0.48373616,0.5019915
0.41149998,0.42006224
0.35303846,0.3758613
0.31545177,0.33844185
0.29715177,0.32873216
0.30036268,0.33582422
0.31637672,0.33968425
0.39603147,0.3945665
0.46652588,0.48514375
0.5337758,0.54785776
0.6009589,0.61246425
0.6831287,0.6715948
0.7441427,0.70848536
0.779539,0.74305856
0.795869,0.79354537
0.7858158,0.80337065
0.7577058,0.81231403
0.7283552,0.8219827
0.7045946,0.79456043
0.6737399,0.76202637
0.6243361,0.7307408
0.5799781,0.694308
0.5530209,0.6297072
0.4791449,0.54336375
0.39763173,0.45675683
0.33198762,0.34812725
0.29016888,0.31574705
0.26107115,0.25510973
0.23413657,0.25808904
0.2251186,0.25927493
0.23096237,0.24066763
0.24820869,0.28164104
0.31690422,0.34330902
0.38999063,0.39921942
0.44880038,0.47246474
0.51922977,0.52270204
0.56500787,0.54902107
0.61111623,0.5865805
0.636683,0.6144595
0.6540442,0.6255063
0.66214883,0.6383383
0.6853857,0.63101685
0.70379114,0.6544594
0.6890966,0.6299347
0.6374545,0.60028076
0.59336215,0.550495
0.5500161,0.4872422
0.47333038,0.42906612
0.40331554,0.35360783
0.34310126,0.34068745
0.2940615,0.30925936
0.25624022,0.2561412
0.2360842,0.24319579
0.22618502,0.22809707
0.22711214,0.24030201
0.23903452,0.27426782
0.28114894,0.33363202
0.34189755,0.39341357
0.38723406,0.46906257
0.4319583,0.52146316
0.4674732,0.56396264
0.48418918,0.62480205
0.46913677,0.6437107
0.44424823,0.65327096
0.419227,0.6850923
0.41234648,0.6660502
0.40114823,0.69995403
0.3897729,0.6839519
0.37319776,0.62419015
0.3643415,0.5739614
0.3459044,0.5407475
0.2989061,0.48073983
0.2549765,0.39045805
0.21681663,0.264091
0.19911861,0.24043286
0.18701148,0.20127219
0.1735077,0.19043091
0.19115521,0.19536772
0.21485385,0.20487042
0.30524877,0.26410362
0.37305912,0.31859922
0.42490906,0.37890223
0.43599615,0.42693955
0.47831488,0.48464125
0.5233746,0.5118216
0.55198395,0.5486489
0.59614927,0.5849084
0.61675256,0.59604335
0.64482826,0.61600876
0.6669104,0.62702894
0.6839232,0.62579036
0.6609245,0.6012807
0.6167119,0.55807525
0.5620474,0.53903186
0.5167039,0.49992067
0.43700257,0.4338019
0.3619848,0.3490036
0.28905326,0.2928934
0.24268086,0.27000904
0.1991988,0.21955562
0.19006176,0.20260333
0.19135755,0.19860184
0.22287548,0.20827009
0.29649356,0.23670794
0.3726639,0.2920747
0.42141518,0.3673444
0.4680198,0.44342506
0.5113114,0.49875376
0.55595255,0.54980725
0.60536146,0.6127536
0.6481354,0.6528062
0.67894083,0.63691676
0.7041526,0.6763428
0.73006445,0.67387307
0.7442394,0.70661163
0.7356305,0.660718
0.69301516,0.6322202
0.63612515,0.6134711
0.5836502,0.55466545
0.49609926,0.4805864
0.40983292,0.39893657
0.3342459,0.35912168
0.29271102,0.32861236
0.26035097,0.2970081
0.24139298,0.26290873
0.24017498,0.26958904
0.2702741,0.2957277
0.33804777,0.33230492
0.41916725,0.41239336
0.49358633,0.5006583
0.5380144,0.56109715
0.6020809,0.6405135
0.66240346,0.70144695
0.70877016,0.7548392
0.7508231,0.79338574
0.7712889,0.80677927
0.78123575,0.84145427
0.78253216,0.8294038
0.7707557,0.83481854
0.7414125,0.78756934
0.7006609,0.7541129
0.6556695,0.72238386
0.6119089,0.6655352
0.52269244,0.579341
0.44843414,0.4895767
0.38705283,0.37585318
0.33878398,0.33574402
0.30001774,0.30011937
0.2797844,0.26767758
0.28386575,0.26427937
0.32050088,0.32153958
0.3873048,0.38918266
0.46408808,0.47592524
0.5247552,0.54678863
0.5677919,0.60097384
0.63056016,0.6414097
0.6929453,0.70882684
0.7515369,0.7657093
0.8034813,0.79746604
0.8274238,0.8123964
0.83178353,0.8389377
0.84613705,0.8266707
0.8621572,0.8510997
0.8509203,0.8032374
0.8120432,0.745421
0.75833654,0.7085552
0.71344274,0.663502
0.63115203,0.56769854
0.54529124,0.4778818
0.4760241,0.44318593
0.42190447,0.39297852
0.3798476,0.3609693
0.33910343,0.353887
0.34231827,0.35256627
0.36852193,0.35744014
0.41157863,0.40288422
0.48388335,0.5091089
0.55210805,0.57409954
0.5911522,0.66631585
0.6436329,0.72261184
0.7043951,0.77798384
0.7354912,0.82367635
0.7777159,0.8636303
0.8049122,0.8949864
0.808843,0.90542465
0.7973069,0.92177796
0.7724511,0.8857619
0.74206966,0.8552056
0.685148,0.7996967
0.6308135,0.7426653
0.5827404,0.685042
0.5009425,0.5853549
0.42376575,0.5030553
0.3530934,0.35463047
0.29795676,0.3223921
0.26804724,0.28341824
0.2464177,0.27192265
0.22637023,0.26699695
0.23555054,0.24460506
0.25572568,0.2691131
0.3083665,0.34206513
0.38263425,0.39390314
0.4583878,0.46610433
0.5259301,0.5055104
0.59347796,0.54135275
0.6442476,0.5845264
0.68789244,0.596883
0.7039186,0.61653006
0.72045904,0.6374944
0.7446182,0.61261183
0.7357015,0.6307892
0.7234223,0.6162626
0.6723205,0.57823366
0.63114196,0.54401696
0.5847895,0.48151633
0.5234983,0.42132163
0.44857806,0.35818654
0.3773404,0.37730634
0.32725772,0.33629552
0.302376,0.27312273
0.26903522,0.27352226
0.25738636,0.268985
0.264152,0.2583047
0.26495916,0.27985612
0.30144513,0.34134272
0.35237145,0.42679024
0.3912607,0.52267665
0.43777153,0.56642073
0.46763337,0.6210765
0.5079715,0.652455
0.5190342,0.69654423
0.52562606,0.6959723
0.5522386,0.7023444
0.5869041,0.73493636
0.61892474,0.75595105
0.63061666,0.72175115
0.60916114,0.6717647
0.56826645,0.62484795
0.53341985,0.56119335
0.44896582,0.49125838
0.39273313,0.41939333
0.33084166,0.38160783
0.28979364,0.3451348
0.26489413,0.30669162
0.24871993,0.29529664
0.2607827,0.2907143
0.2932137,0.33324128
0.3620217,0.4019678
0.42972574,0.49118406
0.505532,0.5387376
0.5431336,0.6127956
0.6028964,0.6605335
0.6547839,0.7008156
0.7020819,0.7710494
0.7458443,0.79688245
0.77169377,0.80600363
0.7809288,0.83597445
0.78545064,0.82988447
0.7975984,0.83245283
0.7725649,0.7923319
0.7208872,0.7408039
0.6571224,0.6931385
0.6043374,0.64660823
0.5147701,0.5569726
0.4360179,0.46498662
0.36996138,0.37803394
0.31988597,0.3389523
0.29284197,0.30031827
0.26381212,0.2883323
0.26140332,0.29004428
0.29948345,0.32055983
0.37285152,0.37492293
0.45297444,0.46575764
0.50880396,0.5400471
0.5511089,0.61551213
0.59558356,0.65545297
0.6305863,0.71946895
0.6670791,0.76726365
0.7096312,0.8125542
0.7342789,0.80366117
0.7366833,0.8258269
0.7543943,0.8294815
0.7608633,0.8356298
0.7362586,0.78876406
0.691144,0.759391
0.6392787,0.7156915
0.58530056,0.65304863
0.50223655,0.54930574
0.41231704,0.46972328
0.35800496,0.3780157
0.31209788,0.34026086
0.28085345,0.2981941
0.26771855,0.2826558
0.26671213,0.2866641
0.30903286,0.31360492
0.3738039,0.3613892
0.43229136,0.4380475
0.47888127,0.5126946
0.5006874,0.5814435
0.53373116,0.6329792
0.5730871,0.6838804
0.6074495,0.7261435
0.6443045,0.7752878
0.6670681,0.76220447
0.6830398,0.78199583
0.70421034,0.80064106
0.7188517,0.79402405
0.6949142,0.74613863
0.65657884,0.70841116
0.6200423,0.68538046
0.5701618,0.6320443
0.4942061,0.5455818
0.42542404,0.45672297
0.3603977,0.35551548
0.3178544,0.325014
0.27259523,0.28372934
0.26239395,0.273289
0.2681661,0.27503666
0.29140514,0.29709768
0.35639852,0.349997
0.43204376,0.4337717
0.49631566,0.4944309
0.54565775,0.5676819
0.6044626,0.6095385
0.6617868,0.65315515
0.69233453,0.70255685
0.7227815,0.7329972
0.73046297,0.7314652
0.73272216,0.7530471
0.74404955,0.7529517
0.7494614,0.76435107
0.7227415,0.72570866
0.6924222,0.69062054
0.6522583,0.6490281
0.60444003,0.5904498
0.52585894,0.50872123
0.45497325,0.42922154
