true,forecasted
0.18613008,0.14698082
0.16441858,0.11834251
0.15453438,0.10032797
0.14320965,0.08626999
0.14393723,0.08958439
0.15228651,0.0946807
0.16358133,0.1116689
0.17793268,0.122194394
0.19138794,0.15083098
0.19727698,0.17790985
0.20521213,0.20357423
0.2108931,0.23403358
0.19863805,0.26942486
0.21983469,0.29626608
0.24113469,0.32027873
0.23828988,0.33345884
0.25861302,0.35392898
0.28404912,0.35136554
0.28025904,0.34565762
0.26942924,0.32276094
0.2568913,0.30679104
0.25626314,0.28660393
0.22710907,0.244645
0.15071271,0.2054785
0.1428949,0.12080979
0.13645676,0.09744536
0.12170158,0.08640247
0.12773055,0.081171416
0.09618173,0.08427208
0.12299885,0.09478098
0.15916106,0.116739675
0.1855328,0.13296518
0.18052255,0.15242028
0.17921598,0.16518322
0.16290727,0.17836381
0.18150705,0.19746774
0.22904949,0.22260487
0.2317414,0.2420456
0.27864337,0.2636059
0.2839594,0.2778581
0.29822898,0.30112806
0.31564814,0.30570117
0.31401652,0.30245805
0.25789943,0.28494775
0.27172396,0.27456054
0.27597472,0.25411046
0.23957485,0.21850157
0.17484456,0.17631884
0.14972588,0.13201073
0.12817195,0.11035042
0.11890397,0.09789005
0.06173059,0.092717625
0.06360486,0.0963526
0.085627116,0.11325048
0.13686591,0.14244513
0.17715923,0.15582626
0.17364702,0.17392932
0.18170282,0.18149479
0.1761847,0.19206993
0.18772747,0.20525625
0.2160549,0.2317355
0.22565228,0.24948366
0.2666356,0.27064246
0.29247653,0.28396228
0.29938796,0.30802515
0.32429758,0.3094684
0.3291619,0.3024341
0.2914834,0.2875059
0.2836277,0.2812291
0.26242438,0.2620492
0.20881476,0.22138706
0.19037585,0.18050258
0.14297733,0.13563576
0.12587988,0.11074229
0.093308665,0.09929681
0.080021925,0.09176782
0.08026456,0.09298758
0.07837467,0.10683225
0.06559014,0.12974627
0.13468486,0.1443718
0.13872956,0.16497535
0.16484502,0.1850977
0.19060785,0.20294593
0.21993506,0.22992036
0.19809562,0.26591468
0.26013467,0.29543373
0.2803029,0.3232865
0.31077218,0.34426853
0.33919933,0.37077752
0.33839798,0.36942163
0.34088713,0.36124384
0.33909795,0.33645663
0.30188146,0.31839508
0.2713397,0.29258
0.24921377,0.24606879
0.2067497,0.19753024
0.15065256,0.15042147
0.14654638,0.12778452
0.12388696,0.1164362
0.123696834,0.10485952
0.104477175,0.10524525
0.120685175,0.114065915
0.13112278,0.12707467
0.12421501,0.14014162
0.16866402,0.16613656
0.18340093,0.19562747
0.19673753,0.22603813
0.22392158,0.2556986
0.24057929,0.2928954
0.2733413,0.30854788
0.28078884,0.32805172
0.31768295,0.33820975
0.31409395,0.35397434
0.31389886,0.3529786
0.26599643,0.34407616
0.28130436,0.3223656
0.24639489,0.30616805
0.22560275,0.28337172
0.22194761,0.24765089
0.1866293,0.19686559
0.16372924,0.14408079
0.15086927,0.12282706
0.10572093,0.10944845
0.13281359,0.10137864
0.1364315,0.10137399
0.14023022,0.11083533
0.17118843,0.14669456
0.19047622,0.15830092
0.19720086,0.16297492
0.21262944,0.17603688
0.1920796,0.19124804
0.2118437,0.20343137
0.19305447,0.22610277
0.22461027,0.24442168
0.22879323,0.2561626
0.24226011,0.2631858
0.25056654,0.27737793
0.26067045,0.27975664
0.2585921,0.27503043
0.2557569,0.26803538
0.24071024,0.2606755
0.23809844,0.24265157
0.20991392,0.20870492
0.17207754,0.17064756
0.15898922,0.1287398
0.13050988,0.115050025
0.12229155,0.10933755
0.124554366,0.10806767
0.12021719,0.11311317
0.12518755,0.1279766
0.14847848,0.16802464
0.16425738,0.17963545
0.17923293,0.18906842
0.18228912,0.19129397
0.14878027,0.19632876
0.1823197,0.2023781
0.17715126,0.2128079
0.18547197,0.21323375
0.2210718,0.22218573
0.2317414,0.22950141
0.2758883,0.24323441
0.30933565,0.2492001
0.28478467,0.25089788
0.2740034,0.2420142
0.2848455,0.24439795
0.27582482,0.23116058
0.2464258,0.20192474
0.17928046,0.16885957
0.116700314,0.14347762
0.12451647,0.12751094
0.11568058,0.121631354
0.10573522,0.119507484
0.096705556,0.12063525
0.088913985,0.14240927
0.10664726,0.19001368
0.13146646,0.21012165
0.1326444,0.2093152
0.14259343,0.2150267
0.16293585,0.21624039
0.18629593,0.22286355
0.2058576,0.23962909
0.23949873,0.25142825
0.25763685,0.26375613
0.30341637,0.2734519
0.3169587,0.29176262
0.32801688,0.29978555
0.32291156,0.30027995
0.30193496,0.2908966
0.25691724,0.28103244
0.24770744,0.25921708
0.22116287,0.22008067
0.19592853,0.18395828
0.16583484,0.12518641
0.13362858,0.10827354
0.112896934,0.099806085
0.102245934,0.09565596
0.10838293,0.098833814
0.11669832,0.120489
0.13907589,0.15285075
0.16302194,0.16718212
0.18005191,0.17618144
0.20032254,0.18541412
0.22231323,0.1959544
0.25959653,0.21576265
0.2919258,0.2432481
0.31576547,0.26892513
0.31858203,0.29258153
0.34974363,0.31199887
0.37408456,0.33550438
0.41028333,0.3351211
0.3945207,0.33060625
0.38048512,0.31405267
0.33149818,0.3009279
0.30039206,0.27683806
0.27981433,0.23458481
0.22601123,0.19031976
0.22466826,0.17608276
0.22332528,0.15540788
0.22198232,0.13891779
0.22063933,0.1286189
0.21929635,0.12964514
0.21795338,0.1348358
0.2166104,0.16817935
0.21526742,0.17881468
0.21392445,0.19213463
0.21258147,0.21675895
0.21123849,0.232239
0.20989552,0.252403
0.20855254,0.27695826
0.20720957,0.2954812
0.20586659,0.31267205
0.20452361,0.3226486
0.20318064,0.34209985
0.20183766,0.34037313
0.20049468,0.34057114
0.19915171,0.32821366
0.19780873,0.31940442
0.19646575,0.2925406
0.19512278,0.2596646
0.1937798,0.21597587
0.19243683,0.123541474
0.19109385,0.102308996
0.18975087,0.09536576
0.1884079,0.091171294
0.18706492,0.09447076
0.18572193,0.10697794
0.18437897,0.14079167
0.18303598,0.15872006
0.181693,0.1651767
0.18035004,0.17517217
0.17900705,0.18476854
0.17766407,0.19756961
0.1763211,0.22152704
0.17497812,0.23200047
0.17363515,0.24782921
0.17229217,0.25310522
0.17094919,0.26807693
0.16960622,0.27151045
0.16826324,0.26597172
0.16692026,0.25315607
0.16557729,0.25128818
0.16423431,0.24174033
0.16289133,0.20869076
0.16154836,0.17053953
0.16020538,0.12534316
0.12705982,0.102575205
0.10789899,0.08902264
0.108403206,0.08621742
0.08754958,0.08556586
0.08781914,0.10202655
0.089722656,0.12916058
0.11199752,0.14380269
0.14231987,0.15634969
0.16789757,0.16927797
0.21358934,0.18262273
0.21190153,0.20462424
0.2463859,0.23477733
0.27718356,0.2584574
0.30046818,0.28064296
0.32796702,0.29731593
0.35504204,0.31910482
0.36783955,0.32668203
0.3626601,0.31840187
0.33326674,0.30172285
0.32101834,0.2937046
0.30083844,0.27246088
0.27842766,0.23234943
0.22393489,0.18246019
0.18775472,0.1709197
0.1550665,0.15174839
0.13318253,0.14043176
0.08686589,0.13297158
0.090611435,0.1284264
0.09610129,0.1395287
0.1329914,0.1628056
0.15797746,0.18223312
0.16340351,0.19726594
0.18094699,0.22823207
0.21923143,0.24982153
0.26009345,0.2820304
0.27340144,0.31681785
0.3008368,0.34026742
0.30191204,0.3609754
0.29548985,0.37191725
0.28323713,0.3876103
0.29788262,0.39821517
0.32811925,0.39757067
0.30855688,0.38647375
0.29451632,0.36633077
0.28685606,0.34369582
0.22711007,0.30144304
0.1683034,0.24914233
0.14244552,0.16928828
0.15300246,0.14978884
0.12304305,0.1360037
0.11481208,0.13165078
0.15207148,0.1290659
0.14681427,0.14182065
0.17079224,0.17168833
0.19137397,0.19262901
0.17151448,0.19775237
0.18959144,0.21438694
0.23796548,0.22812895
0.27730155,0.24986148
0.27248442,0.26614797
0.27640313,0.2811516
0.31121257,0.29384193
0.33497548,0.30137503
0.3275562,0.3169504
0.35573903,0.32040918
0.33491966,0.3153437
0.3207621,0.30828717
0.3158901,0.2961427
0.28449517,0.27129832
0.2735929,0.23836514
0.23398162,0.19364466
0.18648173,0.19386506
0.17909034,0.1621441
0.16010301,0.14382258
0.12911656,0.13331631
0.119081125,0.12642464
0.15259862,0.13058597
0.18961504,0.16186863
0.17095776,0.181839
0.20337574,0.19645675
0.21013296,0.22671229
0.18539418,0.25540084
0.20189501,0.2891289
0.21877706,0.32498038
0.22180568,0.352839
0.2673851,0.3790702
0.28452575,0.39196303
0.32203144,0.4115973
0.33580709,0.42181742
0.33603743,0.42031476
0.2961413,0.40199775
0.2580051,0.37794104
0.28886527,0.35278738
0.2593283,0.30457914
0.20560168,0.25068444
0.17718482,0.16315766
0.13589272,0.14140518
0.12979129,0.12565652
0.116293155,0.11871382
0.11003185,0.11979907
0.12278247,0.13028365
0.15303336,0.16919915
0.16690509,0.18359204
0.16747512,0.1892866
0.18207374,0.2045343
0.22229029,0.22183712
0.23109859,0.24430442
0.2206776,0.26967937
0.20120665,0.29143763
0.21229008,0.31032363
0.24805045,0.32410976
0.24489753,0.3415231
0.21383762,0.34777606
0.24910441,0.34589797
0.24784072,0.33319476
0.2521686,0.3199083
0.24455617,0.29266575
0.20990495,0.25305608
0.19541833,0.20738713
0.14403594,0.13714284
0.12606867,0.11995938
0.10120526,0.11025052
0.10721895,0.10433743
0.10817453,0.09932788
0.14287196,0.11208992
0.15127143,0.14030217
0.18811701,0.1570322
0.18277274,0.16162194
0.17590052,0.17854513
0.21258323,0.1904683
0.21846563,0.20724156
0.24258186,0.23133776
0.25283566,0.24856402
0.2739828,0.26439527
0.28864956,0.27797452
0.28964567,0.2945091
0.2741985,0.30165944
0.2862365,0.29579288
0.2241815,0.2823181
0.23681746,0.27248433
0.23611215,0.24575801
0.1981232,0.20766965
0.17573999,0.16668025
0.1818012,0.13531634
0.15802865,0.115813024
0.13993907,0.10107592
0.14101928,0.09409834
0.1351708,0.08977484
0.1336535,0.099350914
0.1506582,0.12860565
0.15457161,0.14532758
0.18628596,0.15776934
0.21684863,0.17690478
0.21573217,0.19058563
0.279461,0.20932394
0.31441736,0.23351097
0.32165685,0.2556379
0.31253543,0.27699384
0.35766083,0.2905391
0.34601405,0.30972573
0.36739615,0.31678557
0.37328053,0.3140586
0.3800241,0.29693115
0.36597425,0.28347492
0.3402852,0.25612327
0.29034433,0.21251526
0.21322405,0.17039852
0.18132657,0.18209809
0.15268703,0.15549073
0.14116387,0.14017497
0.1420553,0.12945786
0.1333876,0.12844187
0.0719269,0.14043139
0.099245906,0.17759855
0.14389302,0.19314684
0.18096095,0.2064915
0.21206173,0.22756626
0.21316157,0.25011975
0.23688194,0.2758523
0.24169774,0.31087714
0.2765547,0.33684164
0.30285364,0.36422268
0.3352115,0.37840518
0.37632608,0.40058425
0.37010235,0.40105665
0.3861764,0.39587995
0.37160537,0.37665632
0.32557058,0.35062358
0.29666746,0.32288504
0.24145377,0.2773219
0.18792391,0.22266082
0.13983005,0.16870189
0.10439741,0.14372364
0.09619668,0.12968525
0.0733262,0.11847871
0.073917165,0.11426092
0.085164115,0.11970799
0.14179306,0.148757
0.16155218,0.16359186
0.19801386,0.17671105
0.21044904,0.20273204
0.26143026,0.22529708
0.28010383,0.25139093
0.31658313,0.28149742
0.33625016,0.30497444
0.35648522,0.32263973
0.35188612,0.33023006
0.33674806,0.34664464
0.36126944,0.352149
0.38894445,0.3405999
0.3717885,0.32342044
0.33869877,0.30807886
0.31343618,0.28176534
0.26985067,0.23965213
0.22440088,0.1932991
0.1876447,0.1724283
0.1431229,0.1472715
0.08423546,0.13307996
0.09958427,0.120242424
0.10948077,0.11505584
0.11860217,0.11993131
0.1412862,0.15185909
0.16109449,0.16674693
0.18655153,0.17813826
0.20406942,0.20533332
0.21911809,0.22877102
0.25516063,0.25316256
0.28524002,0.28262773
0.3092921,0.3021767
0.32541835,0.3217053
0.34305158,0.33264923
0.34916133,0.34915596
0.3681134,0.35223728
0.36185443,0.35004112
0.35191572,0.3341143
0.33235604,0.31226534
0.30640775,0.28586257
0.27016744,0.24629734
0.22315712,0.20176046
0.1742772,0.1567862
0.14423238,0.1338521
0.1420264,0.12032719
0.132094,0.11229522
0.115902945,0.11021835
0.12311185,0.120820895
0.14898004,0.15877657
0.15725854,0.17467597
0.18047835,0.18361123
0.20419838,0.2023875
0.22288291,0.21825193
0.22733709,0.23687387
0.28166234,0.26665288
0.2982017,0.28675675
0.33840063,0.30892488
0.3714189,0.3222292
0.37088576,0.34330043
0.39302534,0.34667498
0.38791806,0.34347272
0.3925916,0.32627836
0.3659922,0.30711374
0.34320813,0.28212464
0.30759135,0.24006884
0.24607946,0.19649649
0.21079604,0.17346403
0.18085591,0.1466139
0.1519465,0.13036339
0.13322772,0.11774766
0.10773048,0.11463887
0.11653413,0.12441309
0.13831241,0.15245055
0.16030078,0.16761352
0.17170793,0.18555449
0.17421605,0.21663591
0.18931323,0.2430578
0.20626277,0.27765226
0.21814787,0.31704518
0.227139,0.3494746
0.2468632,0.37615883
0.28433928,0.39236674
0.31950104,0.41526723
0.33465675,0.41899228
0.31458354,0.41042405
0.28449085,0.38265213
0.26048598,0.35618046
0.27869487,0.3226865
0.24986522,0.27511996
0.20949247,0.22161998
0.17576957,0.18055287
0.15698199,0.15240152
0.15327367,0.13969296
0.13796043,0.12936601
0.14871182,0.12037461
0.15616202,0.12417418
0.165545,0.14431755
0.16597079,0.15948097
0.1558692,0.1784028
0.17725961,0.21302299
0.20820618,0.24066211
0.29535824,0.276326
0.32365477,0.31369984
0.35445374,0.34478065
0.3858317,0.37194073
0.40853202,0.38538262
0.41387033,0.40564254
0.43972322,0.40895718
0.44245204,0.398705
0.41912287,0.37269226
0.39665124,0.34861547
0.37725577,0.31623363
0.33242384,0.26800147
0.29604924,0.21429211
0.24162528,0.2148878
0.20647815,0.18447739
0.20202197,0.16719842
0.16323899,0.14989069
0.14942908,0.14202166
0.14981729,0.14380069
0.15382974,0.16811295
0.14710177,0.18296397
0.14555423,0.20165871
0.17687903,0.24404989
0.23819682,0.2775039
0.265452,0.31717274
0.3084921,0.35808676
0.29959735,0.38630676
0.29998824,0.41071066
0.3387699,0.42116764
0.376714,0.43991646
0.38872772,0.44184014
0.37677813,0.43204024
0.35624093,0.40655395
0.3421751,0.3759956
0.31601176,0.34181195
0.25168267,0.29536894
0.26681542,0.24021274
0.21962695,0.181672
0.17783894,0.15024754
0.1512146,0.14068013
0.14896674,0.13246736
0.14610764,0.12792292
0.09804403,0.13387881
0.09125425,0.16582106
0.12541921,0.18204588
0.16382363,0.19105832
0.18753602,0.20707552
0.26734123,0.22322293
0.2741071,0.24300483
0.31235895,0.26473632
0.35852137,0.2842976
0.37661427,0.30008483
0.4043617,0.30287042
0.40836585,0.32230404
0.38899562,0.32805473
0.3709253,0.31427777
0.35735938,0.30330944
0.32422146,0.28784436
0.2942903,0.26652005
0.27078265,0.22878698
0.22559443,0.18752462
0.18062858,0.18207914
0.14968666,0.15014648
0.14345029,0.13724683
0.14412402,0.12261736
0.1341125,0.113603406
0.09679729,0.117660135
0.12502435,0.1396811
0.12808852,0.15613182
0.16410881,0.17560746
0.19298433,0.21180892
0.23198503,0.24154033
0.27107283,0.2812818
0.32044867,0.3197348
0.36144096,0.3512442
0.36029458,0.3772441
0.35543492,0.39342728
0.38662112,0.4150429
0.39674497,0.41827866
0.40110776,0.40770715
0.37047493,0.38465035
0.33987108,0.35152832
0.32117558,0.3194477
0.30921233,0.27177662
0.2825039,0.2235996
0.24009402,0.19665825
0.2075607,0.16283822
0.1737361,0.14526437
0.16667475,0.12776726
0.14527138,0.12233112
0.1475126,0.13022943
0.15049368,0.15615723
0.14319968,0.16999224
0.14621034,0.19725536
0.20035444,0.23832302
0.25811213,0.27498284
0.31432563,0.31779486
0.38148624,0.36557156
0.40845627,0.40176177
0.4296808,0.4310567
0.437597,0.44474366
0.47302267,0.46580634
0.47850856,0.4665175
0.46516463,0.4572589
0.39533305,0.42919287
0.35924894,0.39281806
0.31675163,0.36231965
0.28674737,0.30773634
0.23814231,0.25303903
0.19669963,0.21106291
0.20422298,0.1794549
0.188354,0.15991658
0.17643365,0.14127034
0.16283083,0.13616422
0.17210545,0.13878246
0.1806133,0.15749744
0.21619019,0.16558073
0.24800092,0.19468957
0.30571043,0.24212047
0.35627583,0.2830053
0.3661461,0.33420616
0.38607302,0.38321793
0.41386536,0.42244983
0.44047672,0.45216104
0.45686918,0.4649686
0.49035344,0.48585692
0.5162093,0.4833938
0.52664065,0.47649893
0.5167431,0.44883218
0.4843248,0.4166588
0.4247151,0.38608932
0.38449025,0.33361578
0.326347,0.2700905
0.25873867,0.28486758
0.23395835,0.2539326
0.16284545,0.23066276
0.14773296,0.21235591
0.18271324,0.1980197
0.18744695,0.19306122
0.20031124,0.21799274
0.24213281,0.23396777
0.24398082,0.2661581
0.29336098,0.30936876
0.29943183,0.34552613
0.3384794,0.3919231
0.3782027,0.4335261
0.4380248,0.45613408
0.44638172,0.4769229
0.46174017,0.4801078
0.4356812,0.48622036
0.44663966,0.495467
0.44471553,0.49673122
0.42533997,0.47379282
0.40064973,0.45705172
0.37658235,0.42472798
0.32436007,0.38432524
0.27656502,0.32215303
0.22597668,0.21698427
0.22189143,0.18525997
0.21104799,0.16439217
0.19366172,0.15286368
0.1804215,0.14556995
0.15953298,0.15262797
0.15961142,0.18132962
0.17488678,0.19260247
0.20595033,0.20857438
0.24311233,0.23815234
0.2768778,0.26553696
0.3257494,0.30014762
0.39663163,0.33458036
0.42901605,0.3646263
0.45475426,0.38533956
0.48252663,0.3955221
0.49328965,0.41319323
0.4981141,0.41467556
0.46566385,0.40312237
0.42554638,0.38025305
0.40063778,0.356379
0.3752758,0.32898426
0.31124914,0.2835095
0.25032225,0.23644008
0.19489683,0.21458036
0.17068887,0.18263558
0.13397823,0.16189246
0.13757953,0.14516222
0.16446346,0.13605803
0.16304554,0.13905042
0.11284043,0.15028815
0.16646104,0.16300933
0.1673405,0.19465311
0.22439788,0.2412154
0.29186863,0.2825
0.33972847,0.33170027
0.36094072,0.38031647
0.35379332,0.4136539
0.3544471,0.4401107
0.34119725,0.45502168
0.35722876,0.4697896
0.3916111,0.47007954
0.3742697,0.45735052
0.3618099,0.43087608
0.32923502,0.3970501
0.32076675,0.36997986
0.2793201,0.3199756
0.21812594,0.26961413
0.20079352,0.20522612
0.18425049,0.1736978
0.15843248,0.16084743
0.13671403,0.14569288
0.15799308,0.13790673
0.15201862,0.13474827
0.1502444,0.14456122
0.17151083,0.16222982
0.19738,0.18668772
0.22276326,0.23023318
0.25533116,0.2619695
0.26390845,0.29964978
0.2969852,0.3356481
0.3251172,0.36333504
0.36047775,0.38760754
0.3610225,0.39999726
0.35382554,0.41903296
0.33498213,0.41843897
0.3267412,0.40855622
0.31864384,0.386606
0.31043082,0.35906228
0.2650209,0.33499926
0.21818776,0.28869262
0.17256047,0.2475178
0.14106715,0.15863979
0.15272525,0.13033807
0.093636386,0.11549172
0.078175575,0.107766576
0.082417026,0.103110604
0.125838,0.10509609
0.1637525,0.120061755
0.18837526,0.13315679
0.20427781,0.16132878
0.233156,0.19441321
0.23698731,0.22140102
0.30706885,0.2545684
0.33052266,0.29373032
0.36189565,0.32569033
0.37495506,0.35593015
0.35851339,0.37380317
0.40173858,0.3941613
0.4475088,0.39599448
0.44639835,0.3905332
0.43306074,0.3637686
0.39070404,0.34322867
0.30436262,0.32130712
0.26066545,0.27148664
0.23424387,0.22416806
0.21162832,0.18274622
0.17544085,0.15011132
0.1353423,0.1368506
0.12689795,0.122460596
0.12849502,0.11740399
0.14117151,0.121438384
0.17303412,0.13887347
0.13975991,0.1551783
0.15620524,0.18298493
0.18304795,0.21995923
0.23201329,0.25425747
0.2805768,0.2992484
0.31577045,0.3479157
0.34089744,0.38447124
0.3669614,0.41491005
0.39030817,0.4337015
0.42413244,0.4582565
0.45613265,0.4616323
0.478929,0.45289958
0.46201238,0.42229575
0.3724795,0.39170906
0.3519935,0.36255217
0.33152875,0.31116045
0.2562618,0.25726458
0.20978563,0.21246469
0.19207661,0.18035752
0.1534362,0.16505173
0.100413874,0.14907604
0.11038284,0.14263052
0.1173777,0.14617968
0.12148853,0.16687377
0.13882826,0.1809671
0.16449204,0.20591764
0.19377738,0.2492025
0.24047592,0.28517973
0.28508314,0.33227673
0.32051414,0.3785587
0.356223,0.4146851
0.38967898,0.4436819
0.4279385,0.4591052
0.43493533,0.48168463
0.4698212,0.48011607
0.46863264,0.47237045
0.42987457,0.44464144
0.3915895,0.41145378
0.37521362,0.3777079
0.36875522,0.32783338
0.2697297,0.27052167
0.2025335,0.22558922
0.18633515,0.19086927
0.18941362,0.1719891
0.17932467,0.1517387
0.18872294,0.14391884
0.19861047,0.14620033
0.2255396,0.17236133
0.23386829,0.18585314
0.27773365,0.21088524
0.3031774,0.25507143
0.31500366,0.29513755
0.36021084,0.34153306
0.43643403,0.3888024
0.4550378,0.42522055
0.49730575,0.45480743
0.50305885,0.46664503
0.49931166,0.4880242
0.50261915,0.48892617
0.49738187,0.47824273
0.4312742,0.44881424
0.4325439,0.41017726
0.42796242,0.38112712
0.3966486,0.3261879
0.32292652,0.26982123
0.2780966,0.2547143
0.244269,0.21549782
0.22535878,0.19339316
0.1872904,0.17612281
0.17367825,0.16352786
0.17960718,0.168673
0.2159921,0.20176466
0.21412978,0.21737395
0.25333723,0.24053355
0.27009663,0.28070542
0.32276234,0.31871316
0.36634716,0.3698847
0.41307428,0.40848973
0.4758758,0.44080323
0.5116255,0.4708901
0.5223008,0.4840323
0.5431129,0.5002502
0.549305,0.4963932
0.5539972,0.49311087
0.5042843,0.46886697
0.4630976,0.43225116
0.45338523,0.39986372
0.36409098,0.3503273
0.34325632,0.2899593
0.26793584,0.24769178
0.21613568,0.21138248
0.22780873,0.18838109
0.19236413,0.17101592
0.18769789,0.16058561
0.19396284,0.16279946
0.20314042,0.18213847
0.18958712,0.19945575
0.22886868,0.2318774
0.27612162,0.27495074
0.302151,0.31460685
0.2781418,0.36156166
0.31023306,0.40405527
0.33957425,0.428527
0.33244577,0.45052293
0.33400828,0.45776004
0.3765315,0.46693188
0.39607558,0.4685415
0.4049281,0.46067476
0.3979003,0.43540868
0.37030244,0.40071902
0.34772876,0.37512964
0.31661138,0.33178848
0.28938276,0.28157791
0.21741898,0.20791516
0.15241249,0.1795069
0.15675963,0.16322197
0.15192789,0.15242004
0.1423385,0.14621711
0.14254524,0.1517801
0.13808109,0.17248316
0.16085252,0.18476559
0.1917027,0.20172583
0.22461227,0.23530658
0.26646543,0.2602421
0.33095407,0.29181612
0.33498016,0.325752
0.38337114,0.3580766
0.41318697,0.38347754
0.41874263,0.39639044
0.4571025,0.41633588
0.45558554,0.41736087
0.4474729,0.4061397
0.41271666,0.38319182
0.36995277,0.35959646
0.34725714,0.33590353
0.32476023,0.2902212
0.2780547,0.2447776
0.17858213,0.21382928
0.13632913,0.18438584
0.13805915,0.16559754
0.1186846,0.15241855
0.11615721,0.14297403
0.120810814,0.14723562
0.17957793,0.16385208
0.21603596,0.17801018
0.2438728,0.20377316
0.275185,0.24387479
0.29744455,0.27377978
0.32241932,0.31139868
0.3638497,0.35046586
0.40396982,0.3879109
0.43820095,0.41290477
0.43453783,0.42651784
0.4843012,0.44755098
0.45250276,0.44998726
0.45741096,0.43732268
0.46559805,0.41408113
0.42554006,0.3900795
0.40562406,0.36340648
0.35868123,0.31211466
0.2848588,0.2664196
0.2289973,0.22377178
0.209653,0.20037779
0.180945,0.18423389
0.15660343,0.17180523
0.14421774,0.16532877
0.16176389,0.1685045
0.18204783,0.19206175
0.19618645,0.20440066
0.22039308,0.22555879
0.2538491,0.25660536
0.29476494,0.27318043
0.3357137,0.30012932
0.38309127,0.3296249
0.43071815,0.35662943
0.43620735,0.37384775
0.45138398,0.38129306
0.40519366,0.39893508
0.4045003,0.39766878
0.39127207,0.39689338
0.37465358,0.38105443
0.3448524,0.3613467
0.3004027,0.33752406
0.26072362,0.30278617
0.21751836,0.26159665
0.1991765,0.19269535
0.17712831,0.16330817
0.16396223,0.14980079
0.15495317,0.13627136
0.16919848,0.12761188
0.17245378,0.12982838
0.20575356,0.14742504
0.214865,0.16420645
0.23456927,0.18306465
0.24618515,0.22076309
0.2590119,0.24877839
0.26658142,0.28501508
0.2780258,0.3233356
0.31390747,0.3569223
0.32089436,0.38170916
0.35781407,0.3951271
0.3860112,0.4155052
0.42777562,0.4199079
0.44078517,0.4068775
0.41098496,0.38270006
0.40157807,0.35843
0.39396665,0.3276217
0.34436944,0.2781791
0.29991212,0.22976069
0.23392345,0.22442171
0.22227633,0.1939294
0.20495154,0.17247443
0.16736875,0.15920469
0.17329769,0.15441126
0.21220765,0.16149071
0.23358376,0.1911316
0.23805323,0.20177926
0.2136352,0.22658198
0.24242763,0.2583687
0.2997599,0.28628668
0.3557221,0.31963846
0.3895899,0.3598046
0.44718042,0.3973739
0.41068184,0.4225922
0.4177887,0.4348044
0.42392802,0.45919782
0.39431497,0.46046293
0.41302112,0.44901967
0.3959549,0.42439264
0.39933652,0.39938003
0.39118132,0.37307572
0.34220833,0.3230822
0.2586672,0.270589
