true,forecasted
0.13929486,0.15267766
0.108412795,0.12411046
0.085224174,0.11252269
0.08034715,0.10004847
0.08331914,0.11077853
0.12260268,0.1359371
0.17103755,0.19583333
0.21270771,0.22909027
0.21841756,0.25833875
0.23843592,0.28557566
0.26824367,0.31957656
0.27367947,0.34411335
0.29880512,0.37504166
0.30396196,0.39718017
0.3212003,0.41389233
0.3380393,0.43743095
0.35448197,0.45587042
0.37319797,0.46317014
0.3536374,0.44657695
0.32875025,0.4114326
0.31079495,0.3896233
0.28619286,0.36064687
0.21986601,0.29141262
0.16218948,0.22208866
0.116063185,0.12428524
0.085124075,0.09931092
0.07230373,0.0819059
0.06860549,0.075983584
0.0805484,0.08293107
0.117787264,0.10714381
0.16594075,0.16093971
0.20070636,0.19053155
0.21568707,0.21500781
0.22522199,0.22677001
0.24290134,0.24495418
0.25234932,0.25560632
0.26049405,0.27594674
0.27434513,0.2817282
0.2761067,0.2956603
0.28595555,0.31231982
0.2909288,0.3235409
0.29589388,0.32975903
0.27869016,0.31973314
0.26734504,0.30461827
0.26163223,0.285996
0.25440517,0.25709185
0.20390953,0.20095402
0.15399066,0.1442956
0.110856295,0.110942475
0.08519967,0.082748964
0.07257164,0.06677332
0.070239276,0.06380235
0.07718932,0.07017884
0.10966491,0.09743568
0.15154384,0.15281668
0.19699308,0.18869984
0.21165301,0.21248123
0.22422469,0.22437236
0.24054517,0.24111377
0.24647462,0.2534671
0.2460828,0.26907068
0.25429738,0.27124184
0.25450265,0.28135717
0.25007012,0.29863796
0.2477619,0.30934528
0.26621965,0.3159726
0.2596441,0.30989838
0.24295962,0.30054554
0.23143706,0.28528124
0.22201551,0.25833157
0.17484377,0.20532842
0.12373247,0.15008707
0.07826135,0.08760972
0.057023603,0.05920705
0.042516273,0.041004382
0.034592718,0.031343427
0.038237926,0.03506604
0.046833824,0.060386375
0.055659845,0.10321051
0.0846486,0.1332551
0.114572726,0.15981847
0.14414668,0.17142275
0.16524653,0.19418673
0.18848433,0.2122117
0.20647797,0.23187196
0.2298241,0.2437785
0.25746766,0.25786442
0.28904969,0.28566185
0.32138985,0.30356896
0.34760487,0.3078337
0.34582236,0.30076987
0.3230112,0.28889185
0.284676,0.2721658
0.25766557,0.24431157
0.20009649,0.18695799
0.13985083,0.12467317
0.091976464,0.11520575
0.056286164,0.077761024
0.035849027,0.05867073
0.02706938,0.04695123
0.021031428,0.045277834
0.024083216,0.064131096
0.025088755,0.10709117
0.052591607,0.14902224
0.09662406,0.19536135
0.14129595,0.22671911
0.1783054,0.26966035
0.22501953,0.31416807
0.27407163,0.35081547
0.31065145,0.3873112
0.33958927,0.41817164
0.3582647,0.46434218
0.36656135,0.49187803
0.37493256,0.5112829
0.36424947,0.5091256
0.34378502,0.48074904
0.3338285,0.4467928
0.31526735,0.40944636
0.26274315,0.33364013
0.20964298,0.25561672
0.1677882,0.1331135
0.14744172,0.10545303
0.13547465,0.09653461
0.12000466,0.08468774
0.13560048,0.09190441
0.17535949,0.12777087
0.22367764,0.2010567
0.27717558,0.26006427
0.30228898,0.31283095
0.33181307,0.34434965
0.34118158,0.39480627
0.35900548,0.44783652
0.34543753,0.4818203
0.35171542,0.5170357
0.34613368,0.53357863
0.3340665,0.5763497
0.3185106,0.59577286
0.32665586,0.62310666
0.32418245,0.6367325
0.30835634,0.6114361
0.29371077,0.56384325
0.28193167,0.51897305
0.23095667,0.44299006
0.17600068,0.35150522
0.13274188,0.12437558
0.0934153,0.0999448
0.07790891,0.08704729
0.0726126,0.081415
0.087286696,0.09007825
0.11906405,0.12228181
0.15766194,0.18533649
0.2096498,0.21298984
0.23045723,0.23453978
0.24815705,0.24699712
0.26335406,0.26467386
0.27254948,0.2808217
0.28071034,0.29971468
0.29957548,0.31524774
0.3099707,0.32485825
0.31681976,0.34491566
0.33063987,0.36375755
0.32936922,0.37138832
0.33818492,0.3600418
0.3318654,0.34773996
0.3182194,0.33098882
0.2879304,0.2965009
0.24303591,0.23636991
0.17666182,0.16902174
0.13261326,0.12684637
0.11244562,0.09663724
0.099349484,0.07439853
0.08799806,0.06740688
0.10075069,0.06736287
0.13694918,0.10188122
0.18425341,0.15736814
0.22123975,0.1877602
0.24948372,0.21410006
0.2476989,0.23029369
0.26529285,0.26557344
0.26889098,0.28895023
0.28342158,0.31536463
0.30243844,0.3306307
0.29388016,0.3460911
0.29011807,0.36046776
0.3169302,0.3786025
0.3184553,0.37658226
0.32127172,0.3516305
0.3040787,0.3313447
0.27773136,0.3237254
0.26251528,0.2943724
0.21060792,0.22946692
0.15303937,0.16817226
0.11182946,0.12581302
0.080266654,0.09700395
0.06844799,0.08045375
0.06356625,0.069509536
0.07222953,0.07498615
0.102361195,0.11149055
0.14681207,0.17335531
0.18405111,0.21161556
0.21018933,0.23487458
0.22893861,0.24690136
0.2447754,0.27368492
0.2655494,0.29707623
0.27965337,0.32006678
0.30271092,0.33569753
0.31206894,0.35091335
0.32999292,0.37761095
0.35994837,0.39233118
0.36795294,0.39468282
0.36076543,0.3836537
0.3350136,0.3617628
0.3167972,0.34301
0.29723874,0.31244716
0.2415626,0.2400943
0.17476186,0.1718886
0.17270416,0.11623962
0.17064644,0.08800898
0.16858874,0.072169304
0.16653104,0.0604512
0.16447333,0.059533253
0.16241562,0.096166134
0.1603579,0.14932542
0.1583002,0.18402284
0.15624249,0.20916814
0.15418479,0.24051818
0.15212709,0.285697
0.15006937,0.30870813
0.14801167,0.33703703
0.14595395,0.34553584
0.14389625,0.36198378
0.14183854,0.3760133
0.13978083,0.39335215
0.13772312,0.3945503
0.13566542,0.3808598
0.13360772,0.35770413
0.13155,0.33740732
0.1294923,0.30912378
0.12743458,0.24638975
0.12537688,0.18113464
0.12331917,0.09815655
0.12126146,0.06547135
0.119203754,0.048204422
0.117146045,0.038209345
0.115088336,0.029805088
0.11303063,0.048991837
0.11097292,0.08468044
0.10891522,0.11999082
0.10685751,0.15676847
0.1047998,0.18256947
0.10274209,0.21869671
0.10068438,0.23588195
0.09862667,0.26989096
0.096568964,0.29074833
0.094511256,0.31166726
0.092453554,0.3448246
0.090395845,0.3716075
0.08833814,0.3849469
0.08628043,0.39336926
0.08422272,0.3796818
0.08216501,0.3574775
0.0801073,0.32534602
0.07804959,0.25930527
0.075991884,0.19639456
0.07393418,0.042395383
0.04190693,0.007575363
0.023439225,-0.005000934
0.012659701,-0.00807077
0.010044182,-0.015866155
0.012846423,0.0044809803
0.01690305,0.03682939
0.043379888,0.07152526
0.08119222,0.107301064
0.11463678,0.121754296
0.14450857,0.15096523
0.17473824,0.17067784
0.20861767,0.19267073
0.23863856,0.2026015
0.2699947,0.20966011
0.30660933,0.24449714
0.34915957,0.26122025
0.3786574,0.2711394
0.38099098,0.2782934
0.35970142,0.28376824
0.31907758,0.26151964
0.28935158,0.22289726
0.22852316,0.16951525
0.16469161,0.11274881
0.11110007,0.060312845
0.07750816,0.023896702
0.061434075,0.035002045
0.054126162,0.03653867
0.061872095,0.037617892
0.08870733,0.099800736
0.12301235,0.19987261
0.16959698,0.24710298
0.2143345,0.28258255
0.25807944,0.26836574
0.31139448,0.2704643
0.36707008,0.2954268
0.41684946,0.28372604
0.46819106,0.2992323
0.50818455,0.2974517
0.53621817,0.33681116
0.55555964,0.35461232
0.55554515,0.35204533
0.5262573,0.38137275
0.48193172,0.40399358
0.45959517,0.35642257
0.41890237,0.3173125
0.34535125,0.26130536
0.2669667,0.18809448
0.21056032,0.17106056
0.17722654,0.14371803
0.14905816,0.12575397
0.1440226,0.12422162
0.15271336,0.11437357
0.17529579,0.14668302
0.22235763,0.21823597
0.26356947,0.2665518
0.2942279,0.3111443
0.31714195,0.35827821
0.35624978,0.3861576
0.39326447,0.44074923
0.42793173,0.4591493
0.45425475,0.48793277
0.47525975,0.5145997
0.481986,0.56016695
0.48374557,0.5790731
0.4755543,0.5870476
0.44400775,0.5670837
0.41563657,0.54895675
0.4075793,0.49193364
0.388465,0.45358616
0.31051442,0.37575457
0.23895286,0.28541124
0.19336258,0.17643078
0.16269855,0.14521267
0.13418509,0.12738007
0.12743245,0.11585088
0.13476066,0.12028734
0.16141057,0.15196732
0.19345585,0.21993124
0.24472553,0.2574651
0.2858201,0.28792384
0.31724188,0.31559595
0.34518448,0.35162842
0.37384143,0.38028923
0.38981962,0.41175437
0.4057371,0.4310362
0.39231756,0.4445914
0.38870978,0.46873707
0.39529252,0.4857791
0.3824937,0.49815404
0.36670715,0.49588305
0.33915284,0.4726126
0.31770894,0.43817228
0.288923,0.40619442
0.2380546,0.33544165
0.19446874,0.26465878
0.13598968,0.14486067
0.10483952,0.118334174
0.09042756,0.097129084
0.08509678,0.091539755
0.091396876,0.092977725
0.12354207,0.13022602
0.17262794,0.1839218
0.21492267,0.21715677
0.24444395,0.23565882
0.26059958,0.24599826
0.27869788,0.2705438
0.3017444,0.28423938
0.29729053,0.29988977
0.3013484,0.3055952
0.32380217,0.31488276
0.32016414,0.3322019
0.3244488,0.34205562
0.32766333,0.347371
0.31588912,0.3338765
0.30202684,0.32790267
0.28780457,0.30964053
0.27112535,0.2806484
0.22341917,0.2213364
0.17404053,0.1689473
0.13181072,0.118625574
0.10748111,0.08795516
0.09151745,0.06858654
0.08943725,0.058080193
0.09592075,0.058023095
0.12250591,0.08072032
0.16281949,0.12546955
0.20060329,0.1591241
0.23544206,0.19164881
0.2593578,0.21450621
0.29374313,0.24655853
0.32000998,0.27225852
0.33360347,0.29299814
0.3506642,0.30255476
0.35282806,0.31120354
0.35942775,0.3355001
0.37686366,0.3462448
0.39447004,0.35240957
0.39184436,0.343789
0.37026885,0.3251414
0.34809417,0.29899395
0.3309171,0.26609343
0.28246436,0.20972164
0.22165677,0.15146281
0.1658452,0.15729582
0.12974785,0.11562942
0.10860232,0.09234353
0.09378507,0.07966554
0.09207796,0.07333512
0.1020847,0.088309065
0.11593544,0.123984665
0.1452833,0.1528084
0.18991266,0.19207466
0.23974402,0.21489707
0.27982607,0.2476906
0.30967635,0.2662031
0.33834118,0.2908314
0.3579296,0.29347774
0.37285045,0.2976758
0.38847476,0.30468962
0.4056251,0.31338435
0.42508417,0.31220773
0.4256235,0.30473465
0.40103805,0.28426102
0.36209768,0.26549062
0.3362503,0.24605694
0.28306267,0.19061892
0.21937111,0.13698739
0.1613145,0.16211708
0.12369747,0.12997192
0.099131085,0.103166
0.08171371,0.08560394
0.07287562,0.08154104
0.0723781,0.078891516
0.07429887,0.09202762
0.11190418,0.11124427
0.1714887,0.14396915
0.23887831,0.16852549
0.3015169,0.20017649
0.3623222,0.21967624
0.40912768,0.23455814
0.44789794,0.23682722
0.4736531,0.24805178
0.5070835,0.26093453
0.53601605,0.26540536
0.5578173,0.2728221
0.55932283,0.25551727
0.5300903,0.24399436
0.48743173,0.23380272
0.45239,0.21319118
0.38047808,0.18032447
0.298228,0.13742682
0.24958329,0.21126954
0.20881471,0.17200027
0.1866843,0.14113584
0.16977285,0.12389246
0.175003,0.124095835
0.2043003,0.15049975
0.24117114,0.19382244
0.28647444,0.24437076
0.33818808,0.29198205
0.3923718,0.3337845
0.45502913,0.39040703
0.50077885,0.446476
0.54471135,0.5068313
0.5813759,0.54333794
0.59167296,0.5668459
0.5928279,0.59786177
0.5896064,0.6133858
0.5981545,0.6244167
0.5732254,0.6133781
0.51742184,0.5817076
0.48463508,0.53613937
0.4403111,0.49601153
0.3694287,0.41431764
0.29577994,0.33449745
0.23583633,0.23385228
0.1914642,0.1938173
0.15587592,0.16756043
0.14718972,0.1531098
0.15721028,0.15290856
0.17780386,0.18012312
0.20963581,0.23220032
0.27362117,0.2759458
0.302489,0.30802393
0.33555907,0.3381682
0.3702351,0.3792219
0.39456612,0.41344324
0.40208524,0.4526806
0.4127428,0.4739248
0.39878863,0.50014156
0.406148,0.52123225
0.4064469,0.53298295
0.4236854,0.5378702
0.42396733,0.5233087
0.4008333,0.49865612
0.37446043,0.45839697
0.35129505,0.41971198
0.29579833,0.3556505
0.2307087,0.28492832
0.19065623,0.16440564
0.15185446,0.12989202
0.13660532,0.1061441
0.121588394,0.09604791
0.11787231,0.09742048
0.1525884,0.13151346
0.21353826,0.18347818
0.2589945,0.2191757
0.2721484,0.24252877
0.30738807,0.25785264
0.33085233,0.29119498
0.35007444,0.31686804
0.36118403,0.34916756
0.37969092,0.36692193
0.4003456,0.38959333
0.41975355,0.41210178
0.43625465,0.42716506
0.45082986,0.43211666
0.44849873,0.4089324
0.4269229,0.38380852
0.39552334,0.36040813
0.3798057,0.32318637
0.30600175,0.25486183
0.22991002,0.1892347
0.18393211,0.17247464
0.15512797,0.13677064
0.11969247,0.11105562
0.113767736,0.10088052
0.10819037,0.1047237
0.13852802,0.13128415
0.17772721,0.1758325
0.21460679,0.20710999
0.24346939,0.2478069
0.27461305,0.2705091
0.31496218,0.3109705
0.36077663,0.34925875
0.40248108,0.39278227
0.4476645,0.42037714
0.48384076,0.44367644
0.5152134,0.476789
0.54514796,0.49303508
0.561556,0.50018173
0.5413199,0.48216623
0.5077245,0.44768402
0.4578632,0.4164744
0.42661628,0.3776485
0.34458056,0.30723155
0.26000968,0.23719525
0.20278358,0.20728344
0.15739857,0.16888687
0.12964652,0.14072415
0.11744969,0.12879977
0.11859628,0.12822582
0.14061575,0.15428194
0.18110606,0.19602944
0.22435926,0.2412492
0.26894173,0.28431484
0.31684566,0.31877485
0.3654769,0.3644666
0.3995628,0.4056563
0.4305254,0.45119452
0.4676365,0.47717747
0.48968536,0.49970713
0.4927655,0.5268575
0.5022387,0.5400101
0.5190169,0.54316795
0.51329243,0.5283294
0.4768083,0.491332
0.44233826,0.45823193
0.4103882,0.41690308
0.3446532,0.33885878
0.2766882,0.26312205
0.2104912,0.22415969
0.17546256,0.18980126
0.14243275,0.1595262
0.12251588,0.13905522
0.119512215,0.13356343
0.12076748,0.13147974
0.13082759,0.14684272
0.16241682,0.16584662
0.21191113,0.2057743
0.2737148,0.24022275
0.34457287,0.28568947
0.40376312,0.3165502
0.44694474,0.34715003
0.4642179,0.3651043
0.47902885,0.38421983
0.48973995,0.40661243
0.49320298,0.4115204
0.4911709,0.41496947
0.46434548,0.39032608
0.4258386,0.36187944
0.38993427,0.34064272
0.35777384,0.31870946
0.3062021,0.26715142
0.25149602,0.21668503
0.20284098,0.15922418
0.16208799,0.12045973
0.13130726,0.0903741
0.11589991,0.06845057
0.10962518,0.06488851
0.11149696,0.070543855
0.118639156,0.09591691
0.15001348,0.12638278
0.20219506,0.16736427
0.2567435,0.20253232
0.29384884,0.25013676
0.33814728,0.29075447
0.3839558,0.33276272
0.42415792,0.35871837
0.44182256,0.38480154
0.4684329,0.41723797
0.50711864,0.43308973
0.54792345,0.4432539
0.55379343,0.42370543
0.5279126,0.3922356
0.48481935,0.36446068
0.43721047,0.32491612
0.36039338,0.26674435
0.2808456,0.20137504
0.21028996,0.23057085
0.17602623,0.18194088
0.14846423,0.15612236
0.12757997,0.13740465
0.12272798,0.13852988
0.14133988,0.16296914
0.1662743,0.2093852
0.20462789,0.26524186
0.24653885,0.32605976
0.2877262,0.36922035
0.33389413,0.4273915
0.36714935,0.48428112
0.39978087,0.54481155
0.45021406,0.580447
0.46901092,0.60261023
0.49964204,0.626822
0.53413236,0.6349884
0.54273826,0.62954104
0.5223911,0.60898393
0.4899099,0.5678698
0.44620642,0.52890164
0.40540862,0.4875495
0.3475641,0.40995458
0.27113357,0.32102954
0.21032058,0.23386258
0.1665998,0.19502492
0.14044599,0.1690444
0.123828895,0.15196817
0.12120777,0.1572703
0.12276718,0.18125442
0.13318218,0.23584852
0.16690184,0.28343612
0.22535658,0.3370675
0.29076153,0.3789856
0.3632161,0.43119314
0.42341223,0.481638
0.47027126,0.53877485
0.50497633,0.57452667
0.5183572,0.5983503
0.53361875,0.62656504
0.55066127,0.63365424
0.57007927,0.6346601
0.567008,0.6190191
0.53684974,0.57637036
0.47666255,0.5313858
0.42503133,0.48700824
0.3700685,0.40146166
0.3088836,0.32019353
0.23360212,0.23414034
0.19291091,0.19672447
0.16925836,0.16524886
0.14761285,0.14666827
0.13937151,0.14851075
0.16736628,0.17401074
0.19755587,0.22513145
0.26986098,0.2565841
0.33673942,0.31396815
0.4176653,0.35160658
0.50926936,0.40992504
0.58254486,0.46431398
0.6328279,0.5271256
0.67772484,0.57184124
0.70331883,0.5961584
0.7340719,0.62951803
0.7533311,0.6395365
0.76322585,0.6426475
0.7598036,0.6190911
0.7223341,0.5692203
0.6535928,0.5217853
0.6035275,0.4770037
0.5009435,0.3961902
0.40021434,0.31120774
0.31922722,0.33234143
0.26250514,0.2775637
0.22712283,0.24369742
0.20612045,0.22360083
0.19667861,0.21601714
0.21255004,0.2354326
0.25660262,0.26540616
0.31881508,0.31783298
0.39056006,0.3852345
0.47468156,0.4432905
0.56930363,0.5162871
0.6397107,0.5895681
0.688801,0.65616935
0.7291721,0.6961762
0.75978416,0.71666294
0.7752799,0.74105686
0.7770339,0.7478051
0.7660402,0.7355607
0.73321337,0.70817894
0.6934118,0.6541556
0.6305816,0.60524285
0.58339185,0.5590317
0.49907276,0.47346333
0.40359896,0.38373938
0.33360836,0.3352511
0.26968443,0.2808792
0.23276441,0.2489634
0.22513625,0.2221247
0.2207963,0.21849483
0.2380231,0.23433894
0.27667806,0.2656552
0.33137032,0.31545478
0.37289262,0.3681749
0.45447087,0.4265606
0.5022418,0.49539927
0.57328904,0.5607479
0.60952044,0.6174713
0.6709452,0.6550674
0.6951035,0.6766536
0.7084622,0.70778084
0.705633,0.71290576
0.70235145,0.7031237
0.6775171,0.67673165
0.63350147,0.6252835
0.5865448,0.566345
0.53568864,0.5220372
0.44986108,0.44326854
0.37393612,0.36106163
0.29700387,0.3052374
0.22824788,0.25639
0.18738429,0.22364183
0.1649653,0.19980577
0.14661643,0.20252517
0.14369273,0.21851352
0.14779592,0.25960618
0.18716572,0.30482563
0.25073057,0.35799307
0.3210843,0.40651026
0.38906366,0.47216815
0.45643243,0.5382374
0.506345,0.5929571
0.5505458,0.62495285
0.5819669,0.6495772
0.6095847,0.6847248
0.636318,0.6882614
0.64080393,0.6867329
0.61906534,0.6604773
0.5769491,0.6042104
0.52661765,0.5520338
0.4854945,0.5011049
0.41315892,0.42113414
0.33500713,0.34198216
0.2725591,0.25002897
0.22633307,0.20239206
0.19391486,0.17181286
0.16762073,0.1484597
0.1500511,0.1418994
0.14964372,0.1480923
0.15473965,0.18175146
0.18612745,0.2103726
0.23674719,0.27580208
0.28346795,0.32665184
0.31702346,0.39469326
0.3502108,0.45613638
0.3677601,0.51276696
0.3797464,0.55391693
0.3834798,0.5793867
0.4016873,0.6138548
0.43729657,0.6277443
0.45514584,0.6340396
0.4500807,0.61884713
0.4257147,0.5660331
0.40153313,0.51714504
0.3666548,0.47728527
0.30894467,0.40104365
0.24423063,0.32500154
0.2004626,0.19801478
0.17457357,0.16033942
0.15751266,0.13243647
0.14071147,0.11142406
0.14735772,0.10504358
0.18293549,0.1117854
0.224858,0.13911465
0.2703734,0.172669
0.30734485,0.22249773
0.3503709,0.26669607
0.4061256,0.3237183
0.4492169,0.3692668
0.4974467,0.4143049
0.5375443,0.44989488
0.5729308,0.4794267
0.59813875,0.5151073
0.6137167,0.5375918
0.64047986,0.53915316
0.6386371,0.51031893
0.60026413,0.4690188
0.529626,0.4360837
0.4783497,0.40021253
0.38209873,0.3388085
0.29618663,0.26636717
0.23178232,0.26780334
0.18831179,0.22707325
0.16069886,0.1967576
0.15552802,0.17949514
0.14867668,0.18155053
0.18133199,0.19700536
0.20760496,0.23301056
0.26585108,0.27015382
0.3057844,0.3357121
0.35802758,0.3880939
0.42794067,0.45961553
0.482067,0.5262943
0.5285997,0.58743054
0.5813993,0.6315551
0.61987334,0.6645309
0.64636904,0.7091273
0.6726802,0.72471726
0.6941183,0.71948564
0.6809651,0.6831805
0.64552695,0.6208161
0.57710785,0.57825947
0.5184937,0.5282811
0.41882783,0.43471605
0.3251383,0.34371638
0.2614625,0.27426293
0.21087514,0.2296709
0.17888412,0.19886054
0.17199305,0.1851683
0.1644034,0.18138628
0.1868663,0.20017654
0.22335319,0.24268943
0.28109166,0.28482223
0.33826822,0.33493328
0.3843296,0.3743274
0.4613063,0.42796108
0.52864635,0.47778443
0.6082178,0.5296173
0.6458026,0.5596567
0.6814901,0.5878147
0.70988685,0.61711144
0.73106354,0.62992835
0.7433041,0.63007784
0.71330947,0.6023413
0.6778869,0.5550697
0.6150801,0.5239259
0.55743283,0.4804135
0.47155714,0.39803943
0.37018853,0.31640217
0.28924465,0.29014915
0.23400514,0.23723917
0.21460015,0.20495248
0.19231679,0.18422998
0.19132893,0.17853066
0.21724962,0.19855589
0.26374623,0.23848914
0.32431966,0.28546798
0.38798198,0.33748224
0.45227692,0.38622394
0.525907,0.45174813
0.5924686,0.5160824
0.65464854,0.58478343
0.7232168,0.6267569
0.7521499,0.6634911
0.77856827,0.699378
0.7912693,0.71546924
0.79748046,0.71507245
0.7704955,0.6878471
0.72751087,0.6298585
0.649798,0.5756887
0.58404654,0.5260284
0.4998795,0.4355271
0.41386786,0.345797
0.33556765,0.33184397
0.27919853,0.27024153
0.24031329,0.23487808
0.21196713,0.2125388
0.2076837,0.20020083
0.22485398,0.21826598
0.25860968,0.25968662
0.31624156,0.31447434
0.36640492,0.38336468
0.42728528,0.44807404
0.48832056,0.5330632
0.54336405,0.61174667
0.59304386,0.6890039
0.64133805,0.73763055
0.6733709,0.7724734
0.6821019,0.80766755
0.6628908,0.818141
0.65196323,0.81120336
0.63930875,0.78477395
0.61242175,0.7209134
0.5566135,0.654232
0.50635237,0.6021284
0.43228096,0.5069953
0.34566906,0.41516384
0.27265835,0.2638931
0.22613391,0.2124979
0.18817423,0.18325461
0.17085084,0.16474974
0.15702671,0.1592908
0.15802401,0.17619354
0.16502114,0.21841468
0.20658717,0.25813508
0.27702856,0.30979136
0.36046004,0.35147363
0.4491359,0.40794435
0.5320109,0.4607449
0.59695154,0.5142453
0.6349944,0.5498413
0.66648895,0.57929355
0.6858745,0.61370397
0.6872428,0.62696433
0.67260057,0.627234
0.63104504,0.60437435
0.57526755,0.553151
0.5296337,0.5043732
0.48746517,0.45919722
0.411368,0.3810769
0.33234435,0.29978803
0.27554423,0.25854188
0.23528035,0.21112339
0.20159955,0.17770785
0.18067172,0.14369085
0.16908301,0.13484773
0.17241654,0.136138
0.17790431,0.14323513
0.20760426,0.17542216
0.2581048,0.24364474
0.30723724,0.31144837
0.3575682,0.39403874
0.4111848,0.4695727
0.46252462,0.536074
0.50920725,0.5770618
0.5531963,0.6015426
0.5884542,0.64241815
0.624278,0.6577188
0.63674945,0.66313684
0.6137946,0.630338
0.5773884,0.5765561
0.525862,0.5324128
0.48187783,0.48894894
0.40862614,0.4113941
0.32097894,0.335442
0.25936058,0.28535712
0.21991588,0.24217306
0.18988834,0.2197655
0.16939469,0.20273516
0.17075878,0.20565762
0.20053889,0.2262465
0.24724287,0.28272945
0.2975637,0.32706767
0.35740495,0.38207367
0.41348776,0.42383322
0.47296518,0.48068082
0.53919613,0.5383827
0.5979188,0.5929308
0.6438892,0.62954533
0.6722035,0.6548668
0.6668603,0.6832565
0.65749073,0.69430184
0.6310095,0.68766594
0.5893505,0.6611448
0.5320184,0.6023195
0.48561788,0.5675098
0.44710732,0.5182272
0.3642017,0.4322215
0.2964115,0.340409
0.23911823,0.24436584
0.19870403,0.20004909
0.16969007,0.17233525
0.1587121,0.15446186
0.16478752,0.15140457
0.19313262,0.16408023
0.23508243,0.20279716
0.28203124,0.23849279
0.32584074,0.28463155
0.3662033,0.32140884
0.41828218,0.37161547
0.46467203,0.42201033
0.5089817,0.46446645
0.5516626,0.4986282
0.58684665,0.5245763
0.6230317,0.5576203
0.6479197,0.5752677
0.6667079,0.57605565
0.6479771,0.54420906
0.6111549,0.4990231
0.56693035,0.46252072
0.5250302,0.4190609
0.43634108,0.3473931
0.36501944,0.2724436
0.2949424,0.27843758
0.25021452,0.23305167
0.22074643,0.20598747
0.20531528,0.19348687
0.2103288,0.1901449
0.23765647,0.21133238
0.27802274,0.26062876
0.32033566,0.3005349
0.3577845,0.34560138
0.3937648,0.3822644
0.44082594,0.42946884
0.47971538,0.46997437
0.5314894,0.5146179
0.5571462,0.53442216
0.60160387,0.5564631
0.6411842,0.5826707
0.67832786,0.59096146
0.6857928,0.589033
0.678571,0.5647848
0.6435252,0.5247003
0.5814203,0.4913516
0.5292072,0.45454058
0.44503412,0.38017175
0.3529885,0.30915105
0.28248253,0.28154817
0.24091038,0.23824914
0.20101401,0.20765059
0.18682867,0.1901992
0.18656547,0.1886539
0.19983084,0.21273771
0.24414645,0.26093152
0.28877163,0.30066192
0.3447981,0.34312764
0.39385667,0.37970233
0.4725634,0.4335322
0.5292909,0.48313656
0.590918,0.5317588
0.6371874,0.5614085
0.6724497,0.58514977
0.6997261,0.6126704
0.7334944,0.6240765
0.74724436,0.62172604
0.7256447,0.59758574
0.68386257,0.5509795
0.63541037,0.51261055
0.5831619,0.47339308
0.48266515,0.39804092
0.37821588,0.31923872
