true,forecasted
0.16203777,0.17082386
0.1364318,0.15367897
0.11851691,0.12901586
0.10719576,0.124353394
0.10806482,0.124705546
0.12043362,0.14963427
0.1461844,0.16569857
0.1750995,0.19951257
0.183571,0.21739882
0.18588465,0.22680639
0.18541075,0.23188779
0.20072497,0.24592683
0.22998689,0.24288888
0.26508585,0.27794814
0.2639585,0.2850115
0.2638245,0.31070322
0.27196524,0.3308075
0.27861646,0.35271257
0.27917385,0.36283228
0.2752779,0.3445166
0.27199712,0.32898054
0.25182864,0.30313358
0.21305278,0.27084506
0.17114158,0.22694865
0.13698702,0.12996565
0.113797665,0.11684559
0.10041949,0.09576991
0.09442117,0.09847336
0.096049376,0.099995576
0.11077814,0.106737256
0.13406149,0.12931505
0.1648316,0.15249455
0.17377548,0.15695286
0.17329572,0.16466479
0.16780317,0.1563335
0.16820079,0.16922761
0.18174228,0.16709423
0.19811505,0.18713596
0.22479197,0.20444529
0.2617386,0.22452593
0.2825808,0.24908365
0.2887517,0.26129806
0.27998886,0.28315568
0.2761444,0.27358663
0.27805918,0.2701507
0.26364005,0.2541035
0.22569686,0.22874087
0.18420537,0.17635128
0.15233393,0.14999236
0.13200487,0.12676433
0.113442004,0.100539714
0.106022924,0.11474449
0.10883663,0.101622455
0.11841992,0.12737149
0.14133711,0.13388444
0.16665962,0.16515435
0.17670102,0.16755679
0.17253332,0.17750783
0.17808758,0.18177631
0.2018959,0.20126253
0.22410163,0.21483043
0.23532593,0.23833922
0.2309163,0.24380235
0.2523618,0.27226925
0.28135565,0.28338152
0.29723558,0.2992632
0.29021057,0.2932807
0.28025502,0.2867739
0.28103662,0.2662898
0.26516607,0.2536603
0.2324779,0.23191735
0.19558127,0.185956
0.15718381,0.15765408
0.13073587,0.14763132
0.11165579,0.12251894
0.099438325,0.112692565
0.09481606,0.11594837
0.08833621,0.11647769
0.08902969,0.11631289
0.09318227,0.12936944
0.09744655,0.14248255
0.10332692,0.16108118
0.11099867,0.1691997
0.12821598,0.19511133
0.15532662,0.20269953
0.16770373,0.21873266
0.19201088,0.24369144
0.23513223,0.2569326
0.26511365,0.29381222
0.30113438,0.29166988
0.31531745,0.30358806
0.30033344,0.31058955
0.29671183,0.30544183
0.2888867,0.28301436
0.26137027,0.2552546
0.2292802,0.22418776
0.1945264,0.1840749
0.16538832,0.14747058
0.14370048,0.12110527
0.1291894,0.110701874
0.11977052,0.12195348
0.10876471,0.0971623
0.10105631,0.10767013
0.10503249,0.10691538
0.11599117,0.13006887
0.14109628,0.15198053
0.17544046,0.1709058
0.2253713,0.21338874
0.27297816,0.22397995
0.30548775,0.25648785
0.35006675,0.2941008
0.36923265,0.30724826
0.38544253,0.34421372
0.4071576,0.34902814
0.41644868,0.3702119
0.40812173,0.36308524
0.4037215,0.34962884
0.3915934,0.33244133
0.3472611,0.29202482
0.30265838,0.24568242
0.25179842,0.2548784
0.21986282,0.22766711
0.19857125,0.1953847
0.18815853,0.19251835
0.19046374,0.18138343
0.20982715,0.20255508
0.24174026,0.20251572
0.2833191,0.23780972
0.31079942,0.25885084
0.32543555,0.28510424
0.34906283,0.31869766
0.36907968,0.34632537
0.38161522,0.35875487
0.4016803,0.3966612
0.43561813,0.40590405
0.47291866,0.43027
0.49520487,0.44820857
0.47131634,0.47369635
0.44089562,0.46408224
0.41892526,0.44808522
0.40131578,0.41515216
0.3808419,0.39041072
0.3463141,0.33700642
0.2882684,0.30576143
0.2413936,0.22477649
0.2052448,0.2064674
0.17976373,0.1721385
0.16497461,0.16730134
0.16240543,0.16666007
0.172021,0.18979669
0.1997675,0.2113209
0.2248451,0.25614217
0.22970316,0.28529105
0.23722793,0.29530433
0.24881674,0.3054854
0.2688043,0.32392842
0.2757059,0.32748714
0.28572208,0.35513675
0.3105534,0.3717906
0.3520761,0.3903418
0.39902568,0.41030878
0.42518744,0.43216518
0.4248624,0.4368962
0.40751967,0.4096649
0.3884713,0.38985962
0.36803544,0.36225018
0.31865492,0.3173356
0.2565385,0.26897302
0.20888384,0.21684243
0.17484738,0.19209535
0.15429655,0.16500199
0.14160573,0.15812758
0.14158952,0.14980164
0.14941998,0.16739689
0.17967872,0.17988488
0.21573408,0.20284915
0.2409329,0.22509709
0.27151096,0.23550788
0.294894,0.24750659
0.32786047,0.26077786
0.35918295,0.26334187
0.34505913,0.2920373
0.28602067,0.29990143
0.26971862,0.32493988
0.3032102,0.34410024
0.31537795,0.368099
0.3268176,0.37218523
0.32252622,0.3583615
0.30864745,0.3393486
0.29735163,0.31862676
0.25837022,0.2782106
0.2125613,0.24679133
0.17509107,0.18674628
0.14825518,0.16699268
0.13095437,0.14270458
0.121875346,0.13431658
0.12338246,0.13863698
0.13334757,0.14374152
0.15880929,0.16948336
0.19035776,0.1989407
0.20010287,0.22236094
0.20627828,0.22905019
0.22172491,0.23936978
0.24519923,0.26106155
0.26036128,0.27002612
0.28578842,0.29852456
0.30589804,0.32441452
0.33251393,0.33835775
0.36279327,0.36741155
0.389905,0.3802583
0.39425835,0.3860962
0.386183,0.36527297
0.37763223,0.35685998
0.36100024,0.32777894
0.3131064,0.28863782
0.26361006,0.24140474
0.26165292,0.2256443
0.25969577,0.19545907
0.25773862,0.16753231
0.25578144,0.16328552
0.2538243,0.1522393
0.25186715,0.17154491
0.24991,0.1776916
0.24795283,0.21199527
0.24599569,0.23906353
0.24403852,0.24790232
0.24208137,0.27535677
0.24012421,0.2919239
0.23816706,0.31102842
0.2362099,0.33796924
0.23425275,0.3562499
0.23229559,0.37652686
0.23033844,0.38974762
0.22838128,0.40985456
0.22642413,0.40360892
0.22446696,0.3936966
0.22250982,0.36559126
0.22055265,0.34777927
0.2185955,0.2990773
0.21663834,0.27124697
0.2146812,0.16377819
0.21272403,0.14996032
0.21076688,0.12996197
0.20880972,0.10925222
0.20685257,0.11022439
0.2048954,0.10517784
0.20293826,0.105865985
0.2009811,0.09983248
0.19902395,0.10801043
0.19706678,0.11901664
0.19510964,0.12153416
0.19315247,0.1393896
0.19119532,0.13740374
0.18923816,0.15314491
0.18728101,0.16657908
0.18532385,0.18012561
0.1833667,0.21715184
0.18140954,0.23633108
0.17945239,0.24974394
0.17749523,0.2500671
0.17553808,0.25102457
0.17358091,0.23190957
0.17162377,0.21666801
0.16966662,0.1864228
0.16770945,0.15340386
0.13939656,0.13904744
0.1204467,0.11374222
0.1058231,0.093125395
0.099662125,0.09799635
0.08866177,0.10861329
0.08143149,0.10983816
0.08217878,0.11155833
0.08784732,0.13491815
0.09688902,0.15559945
0.11637353,0.1623449
0.1434053,0.1993036
0.18360342,0.20673351
0.21668692,0.23525321
0.23950644,0.25581986
0.27718127,0.27229065
0.31641293,0.31185597
0.33229163,0.30581963
0.3481841,0.33290768
0.3407213,0.3323504
0.3422299,0.31573054
0.33758068,0.2988468
0.30341685,0.26939386
0.25591093,0.22858784
0.21656309,0.21629806
0.1824626,0.19354743
0.15977588,0.16291852
0.14897467,0.15349382
0.14715277,0.15776432
0.15477768,0.17074323
0.176423,0.19141296
0.209549,0.24264966
0.2299083,0.2737078
0.24836233,0.292791
0.2724822,0.32265714
0.30418417,0.35504752
0.33588,0.3688098
0.37868887,0.39820638
0.41934645,0.43070483
0.45631853,0.44943538
0.48526075,0.4777677
0.5018101,0.4862017
0.47972023,0.49029052
0.45227697,0.4704499
0.43463793,0.44925264
0.4079542,0.41689306
0.3583564,0.35719928
0.2989895,0.30907616
0.24718282,0.23059869
0.21314377,0.2082205
0.18932563,0.17124102
0.17576875,0.17140022
0.1748317,0.16183686
0.18659367,0.18052119
0.21365023,0.19339609
0.2508675,0.23240146
0.27165097,0.26210985
0.28614396,0.27681586
0.2916564,0.29862356
0.29234743,0.32593352
0.30454662,0.33028755
0.3233303,0.3558889
0.35882622,0.3745947
0.38598737,0.40184048
0.4100616,0.41784424
0.42302704,0.4352701
0.4113776,0.44288856
0.3902161,0.42455596
0.37764028,0.40389577
0.35879326,0.38354364
0.3116404,0.324826
0.2590596,0.29203403
0.21478137,0.21618302
0.18239,0.19078274
0.15962306,0.16622432
0.14668527,0.15712026
0.14677899,0.14910713
0.15541762,0.16978881
0.17883663,0.19194716
0.20722036,0.22393814
0.21999441,0.24021319
0.23071742,0.24322186
0.24405241,0.23907858
0.26734337,0.24364081
0.27255055,0.2503509
0.27558738,0.2627778
0.27085492,0.261097
0.27684194,0.27932528
0.29642835,0.29314023
0.30752257,0.3192129
0.30147806,0.33096412
0.29592693,0.32633808
0.29707062,0.30619726
0.28551722,0.28977397
0.25219303,0.25206417
0.20982279,0.22659004
0.1731952,0.19227298
0.14888042,0.16567029
0.13433242,0.13775225
0.12534548,0.14506006
0.12716834,0.13508835
0.13988368,0.1601717
0.16794226,0.16227183
0.2037614,0.2034054
0.22511645,0.21114993
0.24252038,0.22543316
0.24611515,0.23436317
0.2573565,0.26644126
0.25798443,0.28846985
0.25898606,0.30751348
0.25823128,0.31468815
0.25912103,0.33030054
0.26228672,0.3419271
0.27370894,0.3546767
0.28150657,0.35377392
0.2853359,0.35531792
0.29315615,0.33019373
0.29092163,0.31627792
0.26307705,0.2821841
0.2281105,0.23720166
0.19317596,0.19413552
0.16899562,0.1713622
0.15124965,0.14559941
0.142204,0.14065717
0.14341715,0.13667846
0.15660094,0.15525547
0.18303308,0.16547158
0.22314334,0.19964144
0.26040828,0.22669515
0.2802474,0.23720704
0.29901308,0.24291173
0.30295467,0.26733494
0.3055473,0.29278067
0.3039586,0.31256804
0.30841997,0.33024883
0.31348684,0.34041604
0.32269105,0.36595803
0.3175039,0.35916203
0.3058114,0.36827946
0.3049249,0.37069657
0.31126377,0.3510416
0.30923033,0.32513398
0.28176293,0.28323305
0.24994408,0.25803202
0.22163759,0.2064652
0.1892311,0.1795995
0.17033382,0.16089828
0.16134852,0.14074317
0.15641241,0.14737314
0.15902874,0.14073956
0.16342147,0.15486768
0.18337853,0.17376311
0.21023838,0.20138934
0.23043954,0.22318044
0.25265986,0.24518594
0.2744425,0.27238494
0.30177855,0.30112556
0.33974352,0.32408267
0.3433394,0.37036335
0.32563415,0.3751704
0.37287185,0.4126457
0.42327878,0.4051847
0.4408509,0.4166534
0.43671632,0.41232458
0.42457473,0.39718026
0.40989432,0.37048668
0.37716594,0.32185933
0.3428663,0.2793384
0.29363754,0.29562238
0.257712,0.25636518
0.22839533,0.22410779
0.20578218,0.20940289
0.19128893,0.2014294
0.17462356,0.19258353
0.17284717,0.18142763
0.19194523,0.19884789
0.22072303,0.22171637
0.26155075,0.2581296
0.3234228,0.29958758
0.38929802,0.35046867
0.44024068,0.36539134
0.47242433,0.39912313
0.4263235,0.4284966
0.40079936,0.44348636
0.4344133,0.46702296
0.45033437,0.48869163
0.45168087,0.49327534
0.43777788,0.47925547
0.42356154,0.45091018
0.4096798,0.4347349
0.36930582,0.38074398
0.32049114,0.34498414
0.2767056,0.28872576
0.24004272,0.25752676
0.2175282,0.22426982
0.20766456,0.20544729
0.20958032,0.20469218
0.22037867,0.20913577
0.25543907,0.22438765
0.29638627,0.25652924
0.33928627,0.29900515
0.39055258,0.319747
0.4111609,0.34944054
0.40718457,0.38382977
0.44124636,0.39598393
0.45773125,0.43024844
0.4764554,0.4562874
0.539254,0.469459
0.5276635,0.49968022
0.51051176,0.5157722
0.4765344,0.5287025
0.45134607,0.502285
0.43474552,0.47533742
0.4156397,0.44620958
0.3711149,0.38829404
0.3121989,0.3452383
0.2648491,0.27546775
0.22817084,0.24027787
0.20900698,0.20974539
0.19402908,0.19822998
0.19385281,0.19193006
0.20328122,0.21579647
0.23284896,0.23876226
0.2756676,0.28420883
0.3148704,0.3281659
0.34158698,0.3339796
0.35858837,0.34906265
0.3575782,0.35995615
0.3496573,0.37708056
0.3647052,0.40346628
0.39417267,0.41217715
0.42292228,0.4262757
0.46335864,0.44375587
0.49631247,0.46561497
0.46808034,0.474599
0.43165898,0.45323214
0.40469766,0.42078197
0.37730053,0.3905349
0.3414558,0.3393719
0.286149,0.3040106
0.24397995,0.22577603
0.21056408,0.19995816
0.18829365,0.17141698
0.17722096,0.15234423
0.17744163,0.15327787
0.1906979,0.1552481
0.21477579,0.18322906
0.25337103,0.20149073
0.27780324,0.24840769
0.29646528,0.25106603
0.3300251,0.27038744
0.3694675,0.2851739
0.40753463,0.2908732
0.4373109,0.31762093
0.46962956,0.34530526
0.47962108,0.3622965
0.49793372,0.39621836
0.51976293,0.40842545
0.50675553,0.42857176
0.4862546,0.4070376
0.47070512,0.39115533
0.4473564,0.36543715
0.4027334,0.31368598
0.33539724,0.2764636
0.27978778,0.29184696
0.233487,0.2622434
0.20192464,0.23352884
0.18179895,0.21294457
0.17657857,0.214594
0.18563415,0.22080633
0.20811094,0.24408358
0.2480098,0.28965512
0.2760328,0.32991734
0.29630005,0.34857553
0.32476822,0.3816965
0.3614089,0.40978998
0.39579734,0.43205354
0.42868808,0.46671167
0.46319994,0.49965617
0.5014138,0.51136756
0.5344804,0.5407778
0.5557165,0.5521734
0.5507608,0.5532949
0.52629745,0.5291091
0.50263864,0.50556946
0.47086993,0.47099742
0.41906828,0.40411973
0.36349165,0.3570139
0.30142277,0.30511197
0.2621561,0.27076232
0.2299809,0.24274553
0.21138425,0.21964148
0.20563343,0.21943548
0.21010095,0.22357786
0.22925758,0.24395922
0.2619681,0.28861898
0.29821402,0.32750365
0.3306592,0.34684643
0.37081647,0.38189176
0.4156536,0.4107406
0.45065162,0.43926865
0.47832456,0.47073698
0.5100297,0.50608
0.54244804,0.5180675
0.5587908,0.54407966
0.57384527,0.5564715
0.5595723,0.55223155
0.521341,0.5286267
0.49097684,0.50321984
0.45523956,0.4707654
0.40789506,0.40871704
0.34895632,0.36156788
0.29819238,0.29617593
0.2519913,0.2594371
0.22074291,0.22967096
0.19870311,0.21193832
0.1857103,0.2034396
0.17391741,0.19769737
0.17108683,0.20878118
0.18783882,0.22139806
0.21636327,0.2549868
0.23386799,0.27776897
0.27642936,0.30552423
0.31116897,0.33429405
0.32736397,0.34886292
0.36665475,0.37920433
0.39545122,0.40201536
0.427254,0.42412522
0.4558945,0.4500336
0.46418616,0.4690026
0.44608957,0.47605437
0.4227335,0.45486668
0.40693066,0.43364766
0.39279607,0.4094515
0.36743677,0.3613022
0.33294004,0.32652277
0.30372116,0.28481722
0.27143207,0.25640738
0.24786772,0.23010243
0.23325093,0.20595764
0.22361356,0.20395511
0.2204149,0.18853989
0.21054502,0.19950107
0.21788031,0.20621337
0.24072804,0.2409392
0.28242263,0.27086702
0.31582868,0.30412626
0.34878957,0.33777484
0.4100398,0.34957692
0.4734778,0.38602316
0.5202516,0.4209987
0.5432059,0.43936837
0.566653,0.4811406
0.59244454,0.48862725
0.5940305,0.5005115
0.5803667,0.4783294
0.57119507,0.463774
0.5500586,0.43267286
0.5024029,0.3824752
0.45047987,0.34388077
0.38635123,0.40444624
0.33744407,0.37043986
0.31047454,0.3354606
0.290076,0.31042397
0.2841767,0.31033587
0.2888288,0.31306684
0.30387372,0.33522132
0.33951005,0.3954496
0.36508894,0.44116655
0.4153489,0.4829628
0.4567934,0.5337153
0.4891055,0.5819369
0.5414501,0.615392
0.59103864,0.6576376
0.64117897,0.7041994
0.65721,0.71100765
0.6918906,0.7457046
0.7152388,0.75203854
0.71713954,0.7445236
0.6948428,0.7083844
0.6552261,0.6739601
0.6224303,0.63321984
0.5554997,0.5435153
0.4889299,0.48256233
0.426407,0.40867504
0.3784419,0.37241876
0.34370923,0.3324812
0.31888607,0.31036288
0.3074035,0.30725658
0.2989748,0.31931314
0.29302457,0.3397987
0.30341834,0.39820033
0.32901493,0.44902804
0.36564744,0.48431498
0.39767495,0.52678907
0.4239491,0.5716825
0.45760006,0.605313
0.5064773,0.6429913
0.51629156,0.68391126
0.49469298,0.6965536
0.47974083,0.71988606
0.5018196,0.72899634
0.4988908,0.72442067
0.49647442,0.6875521
0.47928205,0.6506836
0.46510932,0.6172433
0.4348782,0.5356223
0.39245853,0.47160617
0.34667194,0.35549584
0.3092682,0.33048925
0.2817651,0.29895335
0.26542613,0.27045047
0.26465446,0.273504
0.27369642,0.2814843
0.30725968,0.30771947
0.36505666,0.3535796
0.41166,0.40557468
0.46202508,0.4366785
0.5144555,0.4688954
0.57044053,0.5011665
0.6235665,0.53229463
0.66985804,0.5707152
0.7122344,0.61448735
0.7575257,0.6233316
0.7886058,0.66333914
0.8005634,0.65943307
0.78315645,0.66387236
0.75972176,0.62940884
0.7214638,0.60467154
0.6875096,0.56116945
0.62123007,0.49397475
0.5475443,0.42850378
0.48178327,0.4623026
0.42881027,0.4324692
0.39157066,0.38579184
0.3628622,0.3586874
0.3491492,0.35423934
0.35083407,0.36041102
0.3769348,0.37434158
0.43574372,0.4341937
0.49275133,0.4884734
0.549397,0.5332199
0.6074171,0.5929511
0.6488534,0.64527947
0.6823604,0.68598187
0.71762204,0.73017776
0.74505687,0.77575535
0.77332646,0.78521055
0.80275226,0.8150518
0.8178254,0.82540804
0.81224716,0.8069591
0.78077275,0.76507986
0.7335427,0.72799766
0.68571264,0.6875716
0.6167172,0.5948982
0.5379149,0.529979
0.47534686,0.46865812
0.42448947,0.42399818
0.38788652,0.38025904
0.36369488,0.3574322
0.35698184,0.34700155
0.36826894,0.35195413
0.39156398,0.36064512
0.43313545,0.41294605
0.46826178,0.45414582
0.49527094,0.49895662
0.52066797,0.5343806
0.55349946,0.5845226
0.6025807,0.6344042
0.64774054,0.66646063
0.6998833,0.7043392
0.74680793,0.717078
0.7538464,0.7355629
0.7186584,0.74289113
0.68321234,0.7252155
0.6644313,0.6922381
0.6389989,0.6530652
0.607362,0.6248866
0.5549327,0.5614133
0.4930972,0.49043414
0.44130522,0.44356057
0.4061921,0.40803406
0.36417547,0.36744702
0.34047613,0.3488908
0.33097455,0.33118087
0.32610643,0.33312535
0.3234965,0.320392
0.34370828,0.35426915
0.3854721,0.38059226
0.43275404,0.43254057
0.4970859,0.47335383
0.5379857,0.5185328
0.5841988,0.5638605
0.60682267,0.5974017
0.60970134,0.61771625
0.5945551,0.6332135
0.600603,0.6518214
0.57319945,0.66846424
0.55532503,0.6444248
0.5336349,0.62513024
0.5261594,0.59481466
0.5142252,0.5602377
0.47707626,0.50693893
0.4358444,0.4616334
0.39469454,0.39749157
0.36283046,0.37239674
0.32485023,0.33370203
0.30554196,0.32121307
0.2943814,0.2930712
0.28667548,0.28856307
0.279789,0.2835142
0.29941437,0.2868874
0.32559684,0.31355742
0.36320207,0.34617686
0.4127504,0.36252567
0.44829357,0.38385025
0.48097292,0.3954583
0.48679182,0.43075424
0.4946491,0.43395698
0.5051046,0.45665026
0.51457345,0.4940219
0.5129574,0.50814646
0.49424577,0.50399953
0.4692905,0.487888
0.45192933,0.46696213
0.43423894,0.44694605
0.40340877,0.41004032
0.36560723,0.3760467
0.3336526,0.32379425
0.29601166,0.30070302
0.27373743,0.26690185
0.26148835,0.24987474
0.2620975,0.25236642
0.2793023,0.25740525
0.30481213,0.26571733
0.3424304,0.30727932
0.37408608,0.33532628
0.41918558,0.3678693
0.44179532,0.3968672
0.4469863,0.4377649
0.46447617,0.46599284
0.47244978,0.50973755
0.5220066,0.5483536
0.5642452,0.54702544
0.6181741,0.5806843
0.6509102,0.5932003
0.6637695,0.59934115
0.6360094,0.56853837
0.5937148,0.53186727
0.5480023,0.51482904
0.4810432,0.4654122
0.40695068,0.3893455
0.3386279,0.35112152
0.29157996,0.32369226
0.25783148,0.28993922
0.23335445,0.2586146
0.2253036,0.26591069
0.2257801,0.25628573
0.25234872,0.27058026
0.29560247,0.3019747
0.329283,0.3451544
0.3611742,0.38233227
0.39837173,0.43082574
0.4461009,0.48791695
0.49881953,0.52289593
0.55110216,0.5696942
0.6014023,0.6254967
0.646486,0.6335163
0.6877489,0.66676974
0.7196514,0.66640824
0.7226271,0.679908
0.7013893,0.6507971
0.6587754,0.6187471
0.6134028,0.6004387
0.54195535,0.52227604
0.4677748,0.46147558
0.40142488,0.37845388
0.35011703,0.34683686
0.31817082,0.30877078
0.2923804,0.27422768
0.28195038,0.27936697
0.28471354,0.27967575
0.31150243,0.2983489
0.36197418,0.33854285
0.4088047,0.39458582
0.45142478,0.42522305
0.50401825,0.47950545
0.5594469,0.5317196
0.6090164,0.5755813
0.65613306,0.6219215
0.69649976,0.68748355
0.7292098,0.7013568
0.768391,0.72902983
0.7856327,0.72850895
0.7558661,0.7311866
0.7319303,0.6917994
0.7052312,0.65714484
0.66363204,0.6405607
0.59064466,0.56392753
0.518092,0.47373316
0.4482188,0.4448067
0.3971406,0.41020638
0.36077303,0.36644626
0.33646098,0.33596143
0.32321712,0.33872002
0.33116007,0.3428605
0.35719693,0.36238825
0.40841433,0.41903335
0.4671459,0.48026308
0.51437473,0.5170279
0.54797924,0.5609572
0.62258327,0.6122106
0.65095025,0.6641811
0.6911176,0.70151526
0.7428179,0.75773734
0.77002007,0.76174873
0.8044205,0.79425335
0.8165689,0.79148054
0.81977886,0.7817832
0.80682594,0.73981935
0.77416885,0.70947397
0.73652095,0.66947466
0.66796786,0.6007242
0.6030234,0.50465363
0.53652227,0.5534825
0.4852342,0.5050819
0.4338961,0.4585352
0.39919338,0.43726397
0.37902218,0.42281604
0.38240337,0.43083748
0.3997471,0.43959922
0.42678472,0.50338334
0.43579713,0.5521263
0.4965428,0.60789406
0.5407325,0.6490096
0.5652626,0.6992189
0.61388826,0.76038295
0.6714898,0.79804724
0.7108164,0.83233184
0.722034,0.8386714
0.7424318,0.85940975
0.7326923,0.8648839
0.6910631,0.8384938
0.6691881,0.8027308
0.6496675,0.75965536
0.59992146,0.7170356
0.5332536,0.63869125
0.45650175,0.5624149
0.40484285,0.4239392
0.36379582,0.3918726
0.3256422,0.35328382
0.30394536,0.33247665
0.29038972,0.32608736
0.28335178,0.32068962
0.28264984,0.31858334
0.3063771,0.35118726
0.3476681,0.3832225
0.38003388,0.4381987
0.43597475,0.46530297
0.50321907,0.5122932
0.5683632,0.5572581
0.6174968,0.59555763
0.6629421,0.6265308
0.68661517,0.63505083
0.6827895,0.66640705
0.64787143,0.6655336
0.60555446,0.6586146
0.5751158,0.634221
0.556571,0.60790247
0.5398068,0.566444
0.50357336,0.51536685
0.46890527,0.46511528
0.44051978,0.40353623
0.40661162,0.38322842
0.38444704,0.34394133
0.37011087,0.33196592
0.35908175,0.3143413
0.35486883,0.31235895
0.34568644,0.29814687
0.3495148,0.32478353
0.37069565,0.34527555
0.39653605,0.39996594
0.42839018,0.43893203
0.45264694,0.47882545
0.44017884,0.51286125
0.4352099,0.56110394
0.46900117,0.5854273
0.47307733,0.60205686
0.47755086,0.63722014
0.48429102,0.63772756
0.48392746,0.62702984
0.48182344,0.6129443
0.4881833,0.5769874
0.488506,0.5561089
0.44973078,0.4975686
0.40274265,0.45716062
0.35720563,0.37985134
0.31991753,0.3628233
0.29909536,0.33036357
0.28929138,0.30778962
0.29233164,0.30879337
0.30932254,0.31173468
0.3374134,0.33814573
0.3825403,0.3887197
0.42618388,0.4288313
0.46476865,0.46417302
0.5094269,0.48573878
0.5599209,0.51860183
0.6073448,0.54449266
0.6511408,0.5879498
0.6913408,0.64008677
0.7273183,0.6384416
0.75408304,0.6923934
0.76618636,0.6819597
0.7446941,0.68904984
0.7201163,0.65134263
0.69291645,0.62348056
0.6579033,0.59492964
0.58977836,0.53547966
0.5186822,0.44240174
0.45291772,0.4522327
0.40051958,0.4212094
0.36918935,0.37846988
0.34147418,0.3555924
0.33244312,0.35139114
0.3402113,0.36321765
0.3657628,0.3704376
0.40900838,0.4349477
0.45108017,0.47318563
0.49802703,0.5269161
0.56363106,0.57762116
0.592335,0.64672905
0.5521459,0.6927659
0.56823,0.74338883
0.61936367,0.7936903
0.63745517,0.80043894
0.6584508,0.8221497
0.6816443,0.8287593
0.6798009,0.8183369
0.65902996,0.7730065
0.6310719,0.7315638
0.5961168,0.70382947
0.5314598,0.62058413
0.460494,0.5346543
0.39244872,0.40476716
0.3452102,0.37044424
0.31000268,0.32867235
0.29223368,0.30349976
0.2820046,0.2940933
0.29532146,0.3015707
0.32585564,0.31287834
0.36577684,0.34787232
0.39141852,0.39816585
0.42144924,0.42368227
0.44240314,0.4588509
0.45259815,0.49950808
0.44881567,0.529031
0.44552374,0.5702121
0.47367725,0.60059303
0.49673134,0.622795
0.54515696,0.6453839
0.58789593,0.6569593
0.59775805,0.657856
0.5828969,0.62462366
0.56801134,0.5927053
0.53815365,0.57370067
0.48243287,0.51655304
0.41626275,0.44639
0.36461627,0.36464992
0.3215739,0.33643627
0.2991049,0.2960086
0.27909157,0.2777239
0.2730359,0.2760165
0.2775797,0.29080763
0.3062812,0.3083738
0.35093036,0.35794646
0.38886973,0.41061506
0.42622542,0.434208
0.46883404,0.47093198
0.51445526,0.5037426
0.5412499,0.5355514
0.58850527,0.57652503
0.632708,0.61879295
0.6447582,0.6263422
0.65988827,0.65059936
0.6541038,0.66804045
0.6340842,0.66829246
0.6104376,0.62317765
0.5800629,0.59270173
0.54473454,0.5624495
0.4893933,0.5027646
0.42825273,0.41650704
