true,forecasted
0.12917612,0.12513389
0.10900521,0.092806995
0.096046016,0.07527253
0.08430522,0.0681301
0.07993415,0.07164885
0.102337666,0.088492975
0.12636742,0.12484883
0.16588901,0.16927153
0.19371942,0.20754515
0.21749078,0.2347762
0.25388137,0.2667062
0.278631,0.28817135
0.28532535,0.31416354
0.30652985,0.32979393
0.32777828,0.33767512
0.32613263,0.3406686
0.32839203,0.34968475
0.36389905,0.35057288
0.35105565,0.34677547
0.3285255,0.3234142
0.2909787,0.30006057
0.25744244,0.2838922
0.21894476,0.24151444
0.17676677,0.19591027
0.13559155,0.12574047
0.10412248,0.09680978
0.093714744,0.0781565
0.0878703,0.073277235
0.094235525,0.0783052
0.11257599,0.09577584
0.1415438,0.12660694
0.17978425,0.16931121
0.2053718,0.20547143
0.23101583,0.23100589
0.26064304,0.2619457
0.2708112,0.28279662
0.2764007,0.3021532
0.29224843,0.3228452
0.28717917,0.33591753
0.27144265,0.34202874
0.26932472,0.3519598
0.2657619,0.35549176
0.25198704,0.3486072
0.24514665,0.32638296
0.23460487,0.3050316
0.22058298,0.2849497
0.19443871,0.24235244
0.15437524,0.19215898
0.12574454,0.09343919
0.09740645,0.06664613
0.08917711,0.05008562
0.08884456,0.0485218
0.08628968,0.0541571
0.112257704,0.07488241
0.13959813,0.10743118
0.17842267,0.15285076
0.20141657,0.18571669
0.23511595,0.20872673
0.26379058,0.24041179
0.28322852,0.25698113
0.28363124,0.27293465
0.3037474,0.2850684
0.30417064,0.29844084
0.29839578,0.29531938
0.29205394,0.30145857
0.28832456,0.3047909
0.28032,0.29823595
0.25661308,0.2824326
0.24328026,0.266178
0.24023141,0.25069305
0.20925745,0.20705177
0.16397813,0.16223274
0.122685984,0.10535686
0.09482705,0.07865647
0.07881044,0.060544904
0.0704345,0.054938972
0.06362093,0.05967821
0.06846316,0.0736201
0.06683863,0.091069385
0.103453964,0.124936774
0.13305323,0.16022247
0.16218817,0.1934539
0.19580941,0.225971
0.22788711,0.25246674
0.25684524,0.27593812
0.27535683,0.29899788
0.30146515,0.3225381
0.32561755,0.33850527
0.3517065,0.35256997
0.35908192,0.36274254
0.3571431,0.3535393
0.3434344,0.3369552
0.31219062,0.31673747
0.29219025,0.29774228
0.25796667,0.25086135
0.20335597,0.1972561
0.16231936,0.15922914
0.13119082,0.11987366
0.104249686,0.09534328
0.08678309,0.085927814
0.078945056,0.083720356
0.074556306,0.085991964
0.07328029,0.09917676
0.094167076,0.13087404
0.1387699,0.18428473
0.1855956,0.23130336
0.2345039,0.28265023
0.28303173,0.3228591
0.3268234,0.36952093
0.36849543,0.40548408
0.4065197,0.43850163
0.40068895,0.46127814
0.3730633,0.47274074
0.34457806,0.4906487
0.3225784,0.4772074
0.31454584,0.45136684
0.3014606,0.41726896
0.28729442,0.39750454
0.26762775,0.34081912
0.21661177,0.2790673
0.18711919,0.15336752
0.15854095,0.12002216
0.14054672,0.09884359
0.13257521,0.09063463
0.14148448,0.09488341
0.18103573,0.108997986
0.2185991,0.14710745
0.24192782,0.19625565
0.28405675,0.22734478
0.3120794,0.2507752
0.3131934,0.28927585
0.30520535,0.31653678
0.30346844,0.33354053
0.29581124,0.3502106
0.28005758,0.35552588
0.27654272,0.35703743
0.26923686,0.35348853
0.26154086,0.3627027
0.24747907,0.34949753
0.22743991,0.3269086
0.21365248,0.29819888
0.21491764,0.26985383
0.18463618,0.2296301
0.138548,0.1767527
0.103048965,0.103541195
0.08488647,0.0806072
0.07704216,0.064033225
0.061208658,0.06083888
0.0685356,0.06830947
0.089800574,0.092329994
0.12420442,0.12735078
0.16185048,0.1718758
0.2008855,0.20349708
0.2227437,0.23343392
0.2439927,0.26160008
0.25761014,0.28491646
0.2780794,0.3073171
0.28120127,0.32388276
0.29310519,0.34351486
0.294019,0.34890068
0.28566188,0.36461654
0.26171142,0.3706107
0.24852349,0.3629612
0.2353829,0.34529132
0.22712505,0.3201688
0.22178997,0.2973998
0.19198936,0.25052613
0.1476381,0.20419085
0.124859825,0.08563407
0.104302734,0.06528035
0.09104464,0.050722383
0.08223462,0.045145936
0.09123003,0.05511627
0.12723103,0.074532926
0.16111124,0.10169486
0.18640673,0.13654155
0.21488571,0.16237593
0.23954007,0.18837693
0.25813094,0.2118563
0.2704222,0.23161559
0.2754213,0.24586317
0.282637,0.25929067
0.2847943,0.2683231
0.27945638,0.2758407
0.28077632,0.28785977
0.27974957,0.29710636
0.26581895,0.28492588
0.25988325,0.27366042
0.24921654,0.25270876
0.23981044,0.23228602
0.20460516,0.19517769
0.15429252,0.15165982
0.11116251,0.12133005
0.08859244,0.093837775
0.07687389,0.075077765
0.06594707,0.06856561
0.07672159,0.07745516
0.09327952,0.096261844
0.12956801,0.13023487
0.16792196,0.17492884
0.19217303,0.21057758
0.22245508,0.24342504
0.24404347,0.2734641
0.25255516,0.3021325
0.2659513,0.3290892
0.28405902,0.35427368
0.2950891,0.3741093
0.2992434,0.38702434
0.31042233,0.40143293
0.31202918,0.4095189
0.30648023,0.40011585
0.2888197,0.3760513
0.28447372,0.34875888
0.260748,0.32291993
0.22202384,0.27405447
0.18209441,0.22106744
0.18087775,0.12949014
0.17966107,0.10165383
0.17844439,0.082977265
0.1772277,0.07572869
0.17601103,0.08306371
0.17479435,0.10113463
0.17357767,0.13378885
0.172361,0.17464444
0.17114432,0.20654207
0.16992764,0.2346725
0.16871096,0.2648852
0.16749428,0.2947051
0.1662776,0.31183204
0.16506092,0.33096328
0.16384426,0.3421418
0.16262758,0.3476839
0.1614109,0.3608097
0.16019422,0.37010163
0.15897754,0.35852343
0.15776086,0.33740383
0.15654418,0.31226707
0.15532751,0.28533342
0.15411083,0.24285756
0.15289415,0.19400664
0.15167747,0.10893831
0.1504608,0.08124961
0.14924411,0.06266926
0.14802743,0.05598653
0.14681077,0.059632838
0.14559409,0.06777493
0.14437741,0.08193853
0.14316073,0.111133285
0.14194405,0.14705439
0.14072737,0.1736914
0.13951069,0.20680135
0.13829403,0.22931881
0.13707735,0.25058576
0.13586067,0.26995686
0.13464399,0.2881001
0.1334273,0.29939067
0.13221063,0.3066053
0.13099395,0.32347798
0.12977728,0.31419227
0.1285606,0.30476716
0.12734392,0.27894342
0.12612724,0.2667592
0.12491056,0.22199337
0.12369388,0.17107005
0.12247721,0.08709596
0.09510655,0.061648987
0.080368236,0.04914727
0.06380746,0.043646686
0.0558291,0.053853594
0.056595165,0.06879627
0.054909024,0.089151576
0.074629314,0.122696474
0.106605485,0.15706646
0.14164591,0.18609779
0.17190914,0.22049394
0.1965943,0.24226996
0.22702807,0.2697549
0.25449,0.29059795
0.2891665,0.30822536
0.3121239,0.32359695
0.34367338,0.33493444
0.37498903,0.34719342
0.3827335,0.33375725
0.36748752,0.32058322
0.33384976,0.2975491
0.3181674,0.27826425
0.27475333,0.23039563
0.22502878,0.18082528
0.17148703,0.18506324
0.13417408,0.14274292
0.11343788,0.11861158
0.10205759,0.107044235
0.09868474,0.108817294
0.11317322,0.12715861
0.13878131,0.16873863
0.19068767,0.22337255
0.22812726,0.28014475
0.2770407,0.3199966
0.33915174,0.37192318
0.40236196,0.4157505
0.45371276,0.4593632
0.5140618,0.49335754
0.5708241,0.51210207
0.60798645,0.52234083
0.59219515,0.5194051
0.5907857,0.5226199
0.5723939,0.5070605
0.5646694,0.46862835
0.55101025,0.43412846
0.51535094,0.3934831
0.45872098,0.33976912
0.37881193,0.27449763
0.3058756,0.28176984
0.25898483,0.2386693
0.22117165,0.20609698
0.20495084,0.18722531
0.2046314,0.1868706
0.2295453,0.20530464
0.2584344,0.25548822
0.29807633,0.3164089
0.33591464,0.3714397
0.37049475,0.4171203
0.40562072,0.47407538
0.42154494,0.5274846
0.4456882,0.5686212
0.4828848,0.6018686
0.5251557,0.62891674
0.5454949,0.62537944
0.5114339,0.6288422
0.49873826,0.6163077
0.51402074,0.6039812
0.49061787,0.5578939
0.46037632,0.5216722
0.44494495,0.4843381
0.39051166,0.4217689
0.3239046,0.35662627
0.26111478,0.2943839
0.23153262,0.2558808
0.2000567,0.22420028
0.17705254,0.20202512
0.17079797,0.20296651
0.19512263,0.22063503
0.23102039,0.26833263
0.2841697,0.32199544
0.3422599,0.36511147
0.39577827,0.40437332
0.44168788,0.45113575
0.4616797,0.4955749
0.48361832,0.5212501
0.52843446,0.53936464
0.54078734,0.55978096
0.5529873,0.54036593
0.5426423,0.54289365
0.54825,0.5260286
0.5083069,0.522731
0.45365116,0.48693818
0.40740725,0.45937693
0.3864258,0.4338331
0.31987408,0.37770772
0.25700152,0.32156363
0.2102802,0.22847983
0.16989158,0.1927352
0.14022216,0.16654146
0.12595786,0.14966992
0.13453002,0.15981624
0.15436496,0.18200982
0.18930557,0.22606605
0.2218784,0.280108
0.25797352,0.31728816
0.28369683,0.35670188
0.30822513,0.3912397
0.31554008,0.4288
0.33792362,0.45759964
0.37276328,0.47677776
0.3959876,0.49275756
0.4048849,0.48601705
0.41547915,0.49644944
0.40221366,0.4940379
0.37222937,0.4881069
0.34244186,0.45164004
0.3249051,0.42232564
0.30068198,0.39494154
0.26233146,0.34111518
0.21177867,0.2871689
0.16697335,0.18674192
0.14673457,0.15203068
0.123454325,0.1285814
0.1202988,0.111367896
0.12452442,0.11619924
0.14938356,0.11927549
0.17843807,0.13618699
0.22480346,0.1635527
0.2636976,0.19962871
0.28920415,0.23933922
0.3222407,0.27582276
0.367629,0.3151636
0.40272075,0.35021067
0.4143697,0.37392718
0.40068153,0.38927355
0.4189929,0.4045583
0.42651835,0.41807958
0.43629295,0.44359264
0.44919452,0.42984843
0.42044175,0.40565312
0.3868827,0.37339574
0.37289333,0.35420588
0.33099368,0.3059879
0.26604027,0.25700316
0.23078936,0.21320735
0.2029236,0.17466277
0.18472117,0.1477803
0.16719069,0.13050805
0.15872462,0.12656131
0.16579431,0.12435534
0.17461574,0.14044535
0.2010515,0.16724841
0.22545545,0.21069498
0.27340716,0.25043222
0.305648,0.29860294
0.33409047,0.33931088
0.34916133,0.38057414
0.36924896,0.4161713
0.39242938,0.43382245
0.4055768,0.45756042
0.4249862,0.4666193
0.43686792,0.4904579
0.4501374,0.47030336
0.42308846,0.4477452
0.3890149,0.4120801
0.3712534,0.3880507
0.33170328,0.33636886
0.28326502,0.28094655
0.22882886,0.2281104
0.19607465,0.18432945
0.16745992,0.15388376
0.15113758,0.14037642
0.1478326,0.13299006
0.1416847,0.13325752
0.14232926,0.15515423
0.17197645,0.19365242
0.22769603,0.24075401
0.2981659,0.27576932
0.3670084,0.3303634
0.41520366,0.37099463
0.46834612,0.40955272
0.5248369,0.44055218
0.56149274,0.4570896
0.6069865,0.4686236
0.59769905,0.468882
0.5997081,0.48361498
0.57342744,0.4663841
0.5645855,0.438567
0.5386431,0.40335396
0.51867247,0.38135356
0.46819267,0.32971394
0.39724022,0.270104
0.32787126,0.2860218
0.28239113,0.23968631
0.25056955,0.20504713
0.23010488,0.18777236
0.23908202,0.18394381
0.26287106,0.19646984
0.29310292,0.22715932
0.34419474,0.27902594
0.38350755,0.33798733
0.4323069,0.3845083
0.4843068,0.4463847
0.5079573,0.49556923
0.55160576,0.5436574
0.6048475,0.577961
0.5940382,0.6039583
0.51805866,0.6073642
0.46819153,0.60652244
0.4720772,0.6076928
0.4735631,0.5890097
0.43954885,0.5462646
0.41163173,0.5076155
0.38728768,0.48036414
0.3423158,0.4172879
0.2757567,0.35041973
0.2203474,0.22849312
0.17731722,0.19329092
0.15461765,0.16511588
0.13684818,0.15278637
0.14654975,0.15480687
0.17777297,0.17442605
0.22003254,0.21827683
0.2570694,0.2714088
0.2949887,0.30657083
0.3207719,0.34329036
0.33550966,0.38316566
0.35305497,0.41519225
0.36248502,0.4383756
0.37175593,0.4557978
0.3681515,0.47190934
0.3783921,0.46596783
0.33717924,0.47355017
0.3237067,0.46560287
0.3464992,0.46162865
0.3409548,0.4298494
0.33033144,0.40453476
0.3139241,0.37683707
0.27655128,0.3247372
0.23241562,0.27359998
0.18980297,0.18169552
0.16121162,0.1478647
0.14119756,0.12516913
0.13126898,0.11204848
0.13255468,0.11438736
0.15253165,0.13015041
0.1916956,0.15531287
0.24521281,0.19813833
0.27192238,0.24055852
0.2888465,0.27881894
0.3132248,0.32159355
0.32066694,0.3576129
0.33261767,0.39199814
0.35316107,0.41960385
0.3740581,0.44236678
0.3965677,0.45619565
0.37165782,0.46814308
0.3710874,0.48062286
0.34495682,0.46822459
0.3560502,0.43418086
0.34241563,0.40494022
0.33119732,0.3776305
0.28457296,0.32490343
0.2294044,0.27155623
0.16151337,0.19282182
0.13633253,0.15561143
0.116066344,0.13133368
0.08995059,0.11691812
0.091612205,0.119371235
0.11591177,0.13277516
0.14956951,0.1596368
0.18777914,0.20241173
0.21881014,0.24771847
0.25484422,0.28824928
0.29300252,0.33385566
0.33778104,0.3752997
0.37178445,0.41807547
0.4193688,0.4513417
0.4620562,0.47531623
0.46221074,0.494717
0.48841608,0.5091798
0.51382965,0.52216953
0.4944533,0.5069766
0.49843934,0.46722907
0.46625784,0.43476164
0.41966087,0.4044884
0.35431498,0.35000223
0.2995657,0.29277086
0.2460519,0.23733315
0.20314091,0.1938956
0.16510753,0.16584149
0.15212211,0.14910588
0.14945999,0.14883515
0.1700821,0.16050763
0.19859017,0.19080594
0.24893646,0.23654748
0.30528978,0.29182667
0.38294685,0.33763734
0.42176738,0.39323136
0.45504695,0.4435796
0.46774432,0.49525616
0.49085003,0.5366219
0.47630793,0.5629381
0.47208402,0.5824914
0.4935606,0.5919941
0.51416165,0.60187274
0.5120888,0.5809335
0.46870092,0.53619385
0.4671511,0.49697644
0.4588111,0.46348956
0.4069207,0.40409005
0.3379647,0.33902517
0.28103584,0.26543245
0.23785906,0.22154546
0.20690621,0.18814412
0.18885095,0.17280665
0.19514145,0.16851614
0.19315071,0.17549035
0.20718971,0.2007567
0.23092969,0.24438757
0.26677325,0.29700023
0.32798362,0.3405845
0.42529368,0.39905
0.5165859,0.4496969
0.5156196,0.4936829
0.4764591,0.53214
0.50642055,0.5609665
0.50976944,0.5726849
0.5275087,0.5827278
0.50141007,0.594184
0.5253634,0.5731326
0.49291492,0.533046
0.4406452,0.4933057
0.4198645,0.46463498
0.38207868,0.4043725
0.33854252,0.3398205
0.28940436,0.24760723
0.2500847,0.20573628
0.21838291,0.17323703
0.1944678,0.1559971
0.18736103,0.15383424
0.19020055,0.1606295
0.19537304,0.17643031
0.21536028,0.21548104
0.2396667,0.26974303
0.27418178,0.3215908
0.30862042,0.38284543
0.3354235,0.43615532
0.35881385,0.48618206
0.36836255,0.5286993
0.39228392,0.5678117
0.39203122,0.5872618
0.4030533,0.60339147
0.4492835,0.622506
0.48572314,0.59831303
0.47040987,0.556487
0.44468656,0.5171006
0.38533172,0.4907367
0.32720673,0.42273635
0.27064124,0.35779142
0.22900455,0.24706337
0.19008304,0.2062327
0.16381213,0.17857128
0.15106799,0.16257739
0.15930359,0.16390185
0.18278575,0.17789389
0.20869559,0.21013609
0.24282621,0.25778973
0.28670803,0.30638874
0.32046902,0.35556555
0.3557764,0.41084585
0.37271193,0.45790046
0.3851435,0.5041694
0.39599615,0.53893584
0.36778414,0.56742907
0.3993947,0.58097
0.41913778,0.5865404
0.4336428,0.59516966
0.43404552,0.568168
0.46177667,0.52298313
0.4360699,0.4858359
0.41363558,0.45343637
0.37559593,0.38969886
0.31813547,0.32535884
0.26020098,0.27259746
0.22224118,0.23117018
0.1969086,0.2055102
0.17555007,0.18632501
0.17451991,0.19092923
0.18641815,0.20376217
0.19280106,0.2390514
0.21190359,0.28432953
0.2532026,0.32741106
0.3060393,0.37674463
0.36431718,0.4284622
0.4003313,0.47740203
0.45813346,0.52635825
0.5045188,0.56299746
0.53364176,0.5817715
0.52203786,0.5965724
0.5626769,0.59886426
0.583457,0.6026595
0.58236927,0.5740788
0.5568627,0.5309835
0.53503984,0.4931117
0.4993623,0.4538765
0.45788532,0.3974493
0.4063018,0.33479103
0.3413946,0.32294413
0.290981,0.27520883
0.2507521,0.24064967
0.22784033,0.22007936
0.2212093,0.21970008
0.24055198,0.2274814
0.28636464,0.2567851
0.34746948,0.3047078
0.42104754,0.35637107
0.5010912,0.4104662
0.582562,0.4751039
0.59858036,0.533309
0.6546097,0.59177583
0.6893854,0.636447
0.73419356,0.66390455
0.7667305,0.67864454
0.79172367,0.6812984
0.80470055,0.6865619
0.80191636,0.6518637
0.7591109,0.60203254
0.6975805,0.556778
0.6839106,0.52057064
0.61846834,0.4572987
0.53249294,0.38511127
0.45130107,0.43455788
0.38966116,0.37265873
0.34352908,0.32623342
0.31196076,0.30236977
0.2878996,0.29069138
0.29187995,0.3020548
0.3336712,0.3276566
0.40163296,0.38907692
0.487824,0.45981753
0.57829595,0.5200404
0.6560294,0.60430485
0.7184559,0.68084884
0.7767327,0.74484384
0.7822748,0.786625
0.80635756,0.8171605
0.82351613,0.81038046
0.83748955,0.802511
0.8313878,0.7881537
0.77569735,0.749335
0.7451883,0.6977737
0.6902485,0.644604
0.6352048,0.6122199
0.5692555,0.5375133
0.4929092,0.4567745
0.42584297,0.424409
0.37002414,0.36725223
0.33759052,0.32162032
0.3125551,0.29675308
0.3069679,0.2888348
0.32978955,0.30263153
0.3557011,0.3352736
0.40622252,0.39156398
0.4579378,0.4549105
0.50600415,0.5163579
0.54675555,0.58853585
0.57101804,0.6576437
0.622281,0.71204805
0.68137056,0.7475419
0.7115859,0.77372015
0.7355654,0.7641151
0.73787105,0.76254094
0.7312126,0.7454118
0.70527995,0.7105541
0.6571383,0.66450316
0.5889672,0.6169817
0.52808595,0.58546025
0.47466743,0.51044357
0.40716028,0.4364972
0.3437578,0.33929244
0.27606812,0.29418707
0.23017903,0.2598134
0.2021159,0.23848212
0.19336177,0.24147524
0.18859312,0.25066447
0.18677635,0.28639355
0.2036908,0.33150625
0.26729804,0.3699329
0.32454917,0.4209957
0.39135358,0.47074884
0.42884335,0.51837546
0.48532328,0.56092584
0.5243903,0.5905957
0.5704163,0.60367095
0.5674638,0.60607153
0.57654417,0.6087997
0.5756127,0.60830647
0.5633779,0.5754149
0.5829619,0.5369596
0.5630163,0.4952978
0.53481,0.466684
0.48512992,0.4062451
0.43285906,0.343272
0.3823325,0.36507112
0.33133823,0.31886357
0.29477423,0.286694
0.25820908,0.26178208
0.24294372,0.25814235
0.24014527,0.25329098
0.2410893,0.27429533
0.25178054,0.30416283
0.27702415,0.34164506
0.2952551,0.389806
0.31712127,0.44524655
0.32492793,0.4945051
0.33971244,0.541312
0.3653,0.57028276
0.41122845,0.58194864
0.46526816,0.5864568
0.49600312,0.5815406
0.47192717,0.5880814
0.44620386,0.5555306
0.42883992,0.5156894
0.40023547,0.4781821
0.40069064,0.45699593
0.3623949,0.40504235
0.31041777,0.34539327
0.24821262,0.26958928
0.21668763,0.22811255
0.19174238,0.19810876
0.17690139,0.17592631
0.17661902,0.17375976
0.20311525,0.17883214
0.23338817,0.19173032
0.27793622,0.22295125
0.30896494,0.27448478
0.34700972,0.32983637
0.39099535,0.38354746
0.42955524,0.43795067
0.47653723,0.4968746
0.5102526,0.5418652
0.5492146,0.57310903
0.5406955,0.6020527
0.5657611,0.6252398
0.5912106,0.643767
0.5782891,0.61824983
0.54124135,0.5713577
0.5115531,0.53018653
0.48371017,0.5044412
0.432397,0.44394934
0.35692978,0.38478956
0.283196,0.2984952
0.2372356,0.25064954
0.20656681,0.21694666
0.19006935,0.19783486
0.17634295,0.1989065
0.1922643,0.20929934
0.22326563,0.23642185
0.29141676,0.28215748
0.34482676,0.34473795
0.39764008,0.3991618
0.46625727,0.46367064
0.51201457,0.5229083
0.56273395,0.59143484
0.5795976,0.646252
0.62599605,0.6806195
0.662742,0.7081746
0.6898959,0.72973883
0.69854736,0.74038047
0.6864986,0.71185017
0.6503099,0.656665
0.61603725,0.6087509
0.57307893,0.5765749
0.5126883,0.50610614
0.43008286,0.43577927
0.35002208,0.35840225
0.30526412,0.30340123
0.26946616,0.26487264
0.26120433,0.24239638
0.25616872,0.23980981
0.26978844,0.25350025
0.29066783,0.28607637
0.36254776,0.3376929
0.40995243,0.4135983
0.45683634,0.47576472
0.52926385,0.55374557
0.6072746,0.624646
0.622982,0.6970773
0.652818,0.7501682
0.68333447,0.79338694
0.70733345,0.80766815
0.7377638,0.8233199
0.74857485,0.82208776
0.72274256,0.7904652
0.68428135,0.72775227
0.6427679,0.67920536
0.6137904,0.64750046
0.5570789,0.5624196
0.47362813,0.48596781
0.38915122,0.39830446
0.33712333,0.34126583
0.30825934,0.30166662
0.2900712,0.27462152
0.27417606,0.26730645
0.2797336,0.282815
0.32355267,0.31047693
0.38032067,0.3624966
0.45650434,0.44034743
0.52640265,0.50837994
0.58746016,0.5932671
0.64267206,0.6692598
0.7079786,0.7400745
0.76666373,0.7919263
0.80467945,0.83750767
0.7943767,0.8471477
0.81987464,0.85598636
0.82553715,0.85004795
0.81439126,0.812458
0.79722184,0.7515889
0.70782346,0.70285165
0.5945994,0.66893303
0.5325728,0.57991135
0.4534384,0.50198793
0.37912735,0.38392153
0.33941013,0.33682472
0.30059984,0.29780075
0.28903416,0.27647668
0.28775245,0.2707661
0.30573356,0.2856866
0.3342074,0.3175517
0.3676484,0.36392888
0.4122301,0.41676304
0.44807538,0.47150794
0.4966055,0.53568333
0.5609879,0.58713126
0.63522875,0.6289271
0.69220096,0.6610576
0.66302323,0.6821705
0.67814773,0.67821264
0.7049902,0.67632926
0.7127632,0.660184
0.69202983,0.62172836
0.64384085,0.58350044
0.60998744,0.5435733
0.56774217,0.5120477
0.49790603,0.44441956
0.42882738,0.3757672
0.36309707,0.35031983
0.31265607,0.30225682
0.27060872,0.2644936
0.24528298,0.2435858
0.22601958,0.237449
0.22463462,0.23967125
0.23103578,0.2555577
0.2668748,0.2922959
0.34051844,0.34019133
0.43180436,0.39735326
0.52114004,0.45907
0.58697075,0.5156435
0.6393089,0.568906
0.66059273,0.6046632
0.69134766,0.62972414
0.71968,0.64208734
0.6944507,0.6476617
0.6687268,0.65866965
0.61986357,0.62215227
0.6132645,0.5792595
0.58534396,0.5339941
0.53319854,0.5075704
0.47700554,0.44599044
0.4215415,0.38030025
0.36859813,0.3336701
0.3237135,0.29306594
0.28441212,0.2580667
0.26724443,0.23574126
0.25352943,0.23553607
0.25762612,0.23874187
0.26284313,0.25367507
0.27485257,0.28098944
0.30693883,0.32181615
0.3580609,0.37910232
0.42293388,0.4290389
0.48204115,0.48010117
0.53602725,0.5297386
0.58702093,0.5647943
0.63247085,0.5909555
0.66069025,0.60792804
0.64239204,0.63047516
0.62875,0.63962466
0.6174456,0.6102579
0.608238,0.5672608
0.5819323,0.5273136
0.5576658,0.5059336
0.49503285,0.44763917
0.4158448,0.3879649
0.35950518,0.36883578
0.3083854,0.31746066
0.26613325,0.28039283
0.24544497,0.2553408
0.24655956,0.25549087
0.28532305,0.26275718
0.31237715,0.28956035
0.34830683,0.33521327
0.4021104,0.3932517
0.46780822,0.45533007
0.53289056,0.5220828
0.5808736,0.5889145
0.6285281,0.66179216
0.6432608,0.71086055
0.6701437,0.7441961
0.6515888,0.7630735
0.6220631,0.77847964
0.5879262,0.7841962
0.51964843,0.75073475
0.4927107,0.68996394
0.46686816,0.6404846
0.4360163,0.60994965
0.3835412,0.5381669
0.32658726,0.46758777
0.26389837,0.26492617
0.22185159,0.22442485
0.20087866,0.19428301
0.1850714,0.18064678
0.19238295,0.18707106
0.21877079,0.20532748
0.2576963,0.24330002
0.2962533,0.29351166
0.32670704,0.3348152
0.36085764,0.38187617
0.4033311,0.42765152
0.423429,0.469531
0.46358773,0.5169617
0.4946233,0.55652046
0.5429366,0.5779538
0.5478108,0.59602183
0.5772219,0.61740273
0.6069084,0.622145
0.58461726,0.5944968
0.58373654,0.5481868
0.5533963,0.50838333
0.53025293,0.4745241
0.46571082,0.41119117
0.3978774,0.34940663
0.3417317,0.34033248
0.28527117,0.29485357
0.25597537,0.26244804
0.2427532,0.24433699
0.24840656,0.24931659
0.27173585,0.26369
0.30713904,0.30165082
0.3416684,0.34909013
0.3942022,0.40284255
0.43098354,0.4575619
0.4612844,0.5132823
0.48694497,0.56243396
0.53415745,0.61493003
0.5855926,0.66116405
0.63814414,0.6920291
0.6550101,0.7052403
0.62909055,0.72271
0.64764094,0.7214397
0.6394789,0.69598365
0.6292086,0.64031774
0.58142465,0.5992658
0.5474891,0.56859845
0.47022334,0.4968679
0.38985568,0.43055138
0.3233131,0.33009484
0.26679152,0.28463888
0.22877581,0.25312376
0.21013874,0.23533541
0.20724788,0.237974
0.21838632,0.25722182
0.2572622,0.30421904
0.30512035,0.35963625
0.35795766,0.41185796
0.40606052,0.46029565
0.45058176,0.5159988
0.49746794,0.5630212
0.5565695,0.6094016
0.62223995,0.64788234
0.67986524,0.6729847
0.7199253,0.67630243
0.74789035,0.6863608
0.7694639,0.67556864
0.7454353,0.6481516
0.70062256,0.59340787
0.66775537,0.5565664
0.6311338,0.5244841
0.4738985,0.4541918
0.3690322,0.3882546
