true,forecasted
0.17017414,0.18499336
0.14337479,0.15321894
0.13880342,0.13716418
0.13004427,0.13604881
0.13610758,0.14668776
0.19718482,0.20066048
0.26881012,0.27147257
0.32179302,0.3109565
0.34274456,0.3710528
0.35787806,0.39189854
0.38463932,0.43173233
0.37354437,0.44340488
0.3873268,0.43636122
0.39318976,0.45729136
0.3770491,0.4447226
0.36532742,0.42103368
0.36113387,0.4353944
0.37230396,0.4365239
0.3449504,0.42688748
0.33567828,0.45504448
0.3193414,0.4124899
0.31878042,0.3673982
0.25807056,0.3104819
0.18776657,0.25985083
0.15791026,0.16979346
0.13811928,0.13992678
0.12513527,0.1296097
0.121905565,0.12351529
0.13672388,0.13004334
0.18817048,0.19125599
0.25670278,0.2543741
0.32005215,0.30208606
0.32981065,0.32834423
0.34206513,0.35004613
0.36165154,0.36242852
0.36241135,0.38058805
0.36061984,0.376152
0.37094036,0.37408632
0.3540754,0.36673465
0.33466485,0.35641003
0.33513138,0.34668654
0.31907213,0.34848762
0.31083167,0.34943217
0.2928254,0.35344705
0.30115718,0.32893848
0.29301015,0.30179736
0.24445195,0.24837554
0.1814486,0.20818608
0.14051038,0.13377726
0.13092722,0.10225501
0.1133661,0.09097336
0.11293453,0.085382804
0.11824848,0.09317541
0.16492958,0.16767271
0.23649696,0.24307884
0.29220232,0.27446172
0.31771064,0.31746215
0.33518827,0.32814553
0.34475368,0.35553104
0.34253687,0.36509517
0.3339379,0.35182455
0.3321318,0.35231677
0.3139711,0.3609698
0.29576704,0.3386795
0.3016446,0.34773755
0.27532482,0.34942782
0.2590542,0.34648982
0.24224716,0.3496589
0.24007107,0.3065356
0.23104316,0.29030132
0.18693526,0.24057947
0.13130035,0.19327492
0.095823765,0.12387919
0.070137516,0.089020856
0.05913859,0.070683844
0.05285297,0.05491163
0.058457583,0.051989134
0.07681191,0.085305735
0.096535034,0.11775463
0.13078529,0.13493952
0.16767032,0.17770171
0.18899447,0.20558411
0.20794004,0.2099429
0.21243365,0.23082615
0.21486388,0.23495927
0.21416199,0.2320711
0.22202255,0.24604236
0.2314622,0.24239212
0.25316885,0.24831542
0.25610736,0.25674143
0.25430387,0.26189113
0.23561244,0.23346408
0.21738909,0.2273028
0.2091956,0.21477032
0.1698198,0.17682466
0.114338815,0.13685001
0.069657415,0.112232246
0.04538641,0.09425065
0.03255164,0.06565988
0.022072993,0.044340342
0.022168491,0.03817512
0.03323943,0.07015526
0.042787626,0.08767068
0.081667155,0.09827149
0.13293163,0.16071081
0.16476104,0.19030431
0.18915415,0.23379983
0.21325295,0.2670515
0.23932275,0.2968775
0.25920087,0.28745553
0.27167138,0.30506378
0.27822366,0.33041862
0.30179226,0.3060755
0.3107466,0.3459569
0.2981994,0.34217128
0.2877917,0.3149019
0.27605227,0.29225862
0.253602,0.27764973
0.21573588,0.24603605
0.16970968,0.19608337
0.16025804,0.1712178
0.13704167,0.15075533
0.1291159,0.12386998
0.124790326,0.107878745
0.15101355,0.12214541
0.19961348,0.1915213
0.2733841,0.25716543
0.34329095,0.2890037
0.37063822,0.35034364
0.39525104,0.3671558
0.43292248,0.4156522
0.44401795,0.43522942
0.43515807,0.4383531
0.4272156,0.4576009
0.40540615,0.4388394
0.3825076,0.43516046
0.35578966,0.43574792
0.36006773,0.4584121
0.34487996,0.43678254
0.32883793,0.45212343
0.30673936,0.41639107
0.29710925,0.37053332
0.2561846,0.3143986
0.20733783,0.25629708
0.17514992,0.19809246
0.14540894,0.15970598
0.13125598,0.13884947
0.12914146,0.13503644
0.14110424,0.15275393
0.19255553,0.21643819
0.25885278,0.308524
0.3019071,0.33728743
0.34827352,0.38798416
0.36996973,0.39019117
0.3768341,0.42141235
0.3760033,0.42332333
0.37908375,0.40885296
0.3777588,0.43450078
0.37281537,0.4261958
0.35486963,0.39111492
0.34622788,0.403713
0.34769583,0.39742163
0.34268248,0.38529217
0.33390662,0.40223107
0.32554248,0.37688887
0.32927835,0.34126765
0.25129387,0.28362092
0.21410094,0.22723792
0.17596869,0.17276296
0.14987123,0.14978024
0.13604704,0.13925596
0.13636589,0.12518042
0.16908087,0.13875541
0.2085866,0.21153031
0.28382984,0.28558084
0.32393727,0.32149285
0.36353645,0.37711018
0.37241355,0.38227808
0.39665166,0.42357683
0.37841788,0.43022895
0.37670884,0.41474006
0.38172793,0.44766077
0.36725822,0.42458636
0.36475337,0.39723572
0.34690577,0.40826726
0.34279832,0.40402004
0.33258218,0.3666973
0.33170182,0.39766455
0.31516507,0.399557
0.3056675,0.3562748
0.24259472,0.29577345
0.2026,0.23763405
0.15769525,0.19998705
0.13903512,0.17387417
0.133251,0.15664065
0.12501681,0.14669323
0.1444618,0.16103283
0.19172424,0.22037233
0.27601472,0.30874106
0.34047142,0.33797935
0.36871365,0.3806069
0.3633376,0.38040358
0.37613168,0.42031136
0.37701255,0.42430672
0.38683888,0.40531883
0.39761448,0.41790137
0.37702715,0.418074
0.3750812,0.3995027
0.3597948,0.38516378
0.35613042,0.39352867
0.33856878,0.38138902
0.32653502,0.38475016
0.33178845,0.36303008
0.32808387,0.32943758
0.27386627,0.28719008
0.20716302,0.23000185
0.20451829,0.19567233
0.20187357,0.16807309
0.19922885,0.15217285
0.19658414,0.15924661
0.19393942,0.1587289
0.19129469,0.20375296
0.18864997,0.26837856
0.18600525,0.31038097
0.18336053,0.3393131
0.18071581,0.36898333
0.1780711,0.40343878
0.17542636,0.402837
0.17278165,0.3952252
0.17013693,0.41645977
0.16749221,0.40928766
0.1648475,0.38768739
0.16220278,0.39358765
0.15955804,0.39067498
0.15691333,0.37459055
0.15426861,0.37589216
0.15162389,0.35894084
0.14897917,0.31667808
0.14633444,0.27325204
0.14368972,0.21952368
0.141045,0.14149037
0.13840029,0.107469425
0.13575557,0.090309806
0.13311085,0.07387042
0.13046612,0.073188655
0.1278214,0.08767426
0.12517668,0.0924827
0.122531965,0.10848449
0.11988724,0.17764421
0.11724252,0.21363032
0.114597805,0.270382
0.11195308,0.29546323
0.10930836,0.29136643
0.10666364,0.30262917
0.10401892,0.32063836
0.1013742,0.32831088
0.09872948,0.3291812
0.09608476,0.33761993
0.09344004,0.34246397
0.090795316,0.3343079
0.0881506,0.30552524
0.08550588,0.27619678
0.082861155,0.24453467
0.08021644,0.20364036
0.07757171,0.13116384
0.053712446,0.09730275
0.039543837,0.07840357
0.026646964,0.0571649
0.031165097,0.06542065
0.036499396,0.10467136
0.047061536,0.14201894
0.08374775,0.14667362
0.1354918,0.22334535
0.15724021,0.23058417
0.18151069,0.27987137
0.19681379,0.29636034
0.20829386,0.27942485
0.21583295,0.30505693
0.22316173,0.30548358
0.24378765,0.29054517
0.26837176,0.29966754
0.28175342,0.31623334
0.28682473,0.30667257
0.2693925,0.3112084
0.2545768,0.29918212
0.25064155,0.262887
0.21721375,0.2285775
0.15635099,0.17906465
0.12577818,0.14631665
0.10536726,0.11735125
0.08085464,0.10835355
0.083683565,0.09824829
0.105093814,0.10353428
0.15357372,0.18070711
0.21461026,0.2649766
0.28610143,0.3017702
0.33432043,0.35770977
0.37364665,0.3671748
0.41677088,0.41753253
0.4411906,0.44495976
0.4613484,0.44861785
0.5062276,0.4621752
0.5033512,0.47189027
0.5020774,0.45753372
0.5104363,0.4492126
0.5082769,0.45690867
0.49901727,0.45230004
0.47990993,0.4524974
0.44853035,0.40820324
0.4242776,0.38030934
0.35830858,0.31806868
0.2790367,0.2555293
0.22789383,0.26597074
0.18631844,0.2266464
0.17290494,0.2118118
0.1681071,0.20945457
0.17825386,0.22150537
0.23499404,0.26101688
0.29433092,0.3360989
0.35748094,0.3783871
0.4000687,0.4420281
0.43389678,0.46634275
0.46937388,0.5396973
0.4916149,0.54465985
0.5086771,0.5339244
0.53836644,0.565443
0.5159433,0.57789594
0.5107176,0.5528325
0.51945585,0.55962235
0.5007336,0.5462332
0.4833588,0.54109466
0.45970982,0.55143934
0.447447,0.49758738
0.4205537,0.4497848
0.3478409,0.3962619
0.28206027,0.3363952
0.23544179,0.25772852
0.19641249,0.2326029
0.18293846,0.20706506
0.1756869,0.207566
0.18500392,0.21057273
0.22418821,0.25929558
0.29543203,0.32971114
0.35667157,0.3870773
0.3889581,0.43367058
0.40676972,0.46808743
0.4687033,0.51823795
0.48598158,0.5263745
0.49486077,0.5380696
0.49446782,0.5697846
0.49317783,0.54440695
0.49843332,0.53571135
0.4809009,0.53923213
0.4803984,0.54248524
0.4455532,0.52588725
0.4225743,0.542311
0.4034414,0.512251
0.37472636,0.46483406
0.3098579,0.40879837
0.2501411,0.344568
0.20117275,0.26643085
0.16763483,0.22371668
0.15489347,0.19601217
0.15031794,0.19252686
0.162204,0.20386839
0.20682798,0.24109165
0.2792799,0.32764623
0.32093823,0.36163318
0.36226627,0.41528624
0.36870635,0.42341822
0.39437068,0.48145857
0.40921664,0.47734824
0.41601056,0.45326164
0.4282859,0.48199493
0.41870275,0.50210476
0.39862007,0.47149557
0.38483605,0.48333108
0.38978472,0.4708003
0.36663777,0.47255465
0.34678572,0.4627285
0.32804784,0.42122567
0.32365862,0.39761505
0.27800083,0.35615233
0.2333831,0.28631613
0.19333518,0.20423454
0.15137258,0.16019465
0.13189055,0.14731258
0.11545191,0.1470397
0.13890727,0.15206537
0.1787042,0.18064092
0.23711325,0.22166802
0.30411708,0.2546729
0.35096416,0.29684526
0.3821303,0.33169153
0.3784633,0.39268184
0.3920375,0.3915148
0.39731127,0.37214458
0.3784398,0.40806636
0.37986234,0.40322185
0.36018568,0.38705868
0.35351232,0.41122425
0.33307686,0.38888747
0.3149057,0.37503392
0.3012146,0.38802952
0.29032367,0.36395848
0.27960446,0.31946987
0.22501637,0.27800483
0.17097777,0.22683768
0.14038983,0.16989323
0.10773696,0.11933718
0.088608734,0.09664751
0.077068135,0.0892638
0.08170316,0.09201177
0.09716647,0.10855919
0.1142548,0.13107009
0.15382577,0.13252155
0.20036495,0.19565697
0.23780574,0.22808024
0.26620403,0.27853563
0.2833649,0.27946866
0.29945755,0.2598573
0.30138627,0.29566467
0.30711824,0.30149567
0.3189547,0.2798556
0.32945317,0.31399536
0.33289787,0.30651125
0.3238877,0.29569122
0.30427572,0.29783824
0.29657903,0.2762789
0.28024217,0.23780937
0.23363672,0.2000279
0.18521005,0.15494311
0.13626987,0.15488794
0.12503873,0.13484183
0.09110994,0.1008765
0.08219787,0.089071244
0.0762671,0.09674525
0.08589775,0.11257951
0.10050784,0.14075091
0.13885769,0.15800601
0.19578366,0.23667444
0.25457472,0.25340092
0.29289794,0.31734538
0.32412305,0.33620274
0.35596132,0.3417841
0.38291514,0.36385155
0.39238453,0.37166366
0.418398,0.36614507
0.45531172,0.35994124
0.47643444,0.37950996
0.46826184,0.37302566
0.4489494,0.3821065
0.41004586,0.35768396
0.3963229,0.30818418
0.33910263,0.27116334
0.26877725,0.21373431
0.22822416,0.25848034
0.20315786,0.23319194
0.17709953,0.21459274
0.16888621,0.19623789
0.20257339,0.20377454
0.21878137,0.25519156
0.28218448,0.3419367
0.36434478,0.3849089
0.40969935,0.449031
0.44498023,0.468987
0.46444505,0.52991915
0.4898855,0.5517841
0.5177635,0.56556463
0.5236833,0.59484833
0.53174424,0.6046466
0.5117237,0.6004161
0.5054683,0.5837089
0.49575418,0.5846326
0.46862867,0.56995076
0.42009762,0.56165236
0.41003907,0.5337498
0.38963652,0.49426895
0.32816213,0.430354
0.27280015,0.35426083
0.22418717,0.24204469
0.1940167,0.2152268
0.18178362,0.19477387
0.16727737,0.18623464
0.18138753,0.19428791
0.22997911,0.2639315
0.28544497,0.35949183
0.35081074,0.40023583
0.3936182,0.45389324
0.41415694,0.45285955
0.42859066,0.5041189
0.4480085,0.5160451
0.45848036,0.51314116
0.46653765,0.5374117
0.4709608,0.5316567
0.4471913,0.51150244
0.44512323,0.49283051
0.4316826,0.5044061
0.40752953,0.49621537
0.38839087,0.5012096
0.37685966,0.47023225
0.36157796,0.4301369
0.29675385,0.37453786
0.24122956,0.30579445
0.19090024,0.23254064
0.1616764,0.19895183
0.13992018,0.18467884
0.13932423,0.17562185
0.1532053,0.18848237
0.19651164,0.2450666
0.2602581,0.33207712
0.317433,0.3703209
0.34842798,0.41887665
0.3618493,0.4286366
0.37965256,0.4904153
0.38299915,0.4977308
0.39687607,0.48935005
0.41974592,0.5290927
0.397615,0.5198274
0.3857519,0.4993325
0.39594927,0.5011879
0.396887,0.48696142
0.38255247,0.46248433
0.36965662,0.4748517
0.35477883,0.46004498
0.32582584,0.41787294
0.2793493,0.35696256
0.20590903,0.28721368
0.17100908,0.22025204
0.13700046,0.18288426
0.123729415,0.16665219
0.1195176,0.15785739
0.12985274,0.16974567
0.17100543,0.21421602
0.2310129,0.28235757
0.29755175,0.31757048
0.31904238,0.37316
0.35716262,0.399512
0.39275506,0.45456505
0.40600103,0.4681685
0.4207515,0.46344247
0.45178404,0.49468774
0.46000156,0.49696368
0.47782254,0.48130834
0.48128393,0.4905408
0.5002989,0.47810027
0.48784667,0.45965734
0.44502878,0.465314
0.420835,0.43777466
0.395991,0.39428312
0.31502053,0.3343513
0.24598253,0.27615628
0.20210686,0.24161062
0.16733477,0.19237612
0.1391348,0.17456493
0.1261252,0.16654463
0.12581418,0.16611426
0.16260372,0.2145505
0.21543165,0.2672237
0.2798487,0.29633102
0.3318688,0.35427326
0.3799902,0.38958412
0.43091393,0.45473126
0.4546803,0.47425613
0.48176613,0.47338378
0.49099964,0.50521487
0.48973835,0.51064384
0.49768865,0.50178605
0.49904755,0.5051322
0.49410307,0.5087951
0.47561252,0.49299493
0.450815,0.49457785
0.41411206,0.44688833
0.3812186,0.40540746
0.32527685,0.35176128
0.25684527,0.29478896
0.20870194,0.23477808
0.16613348,0.18268885
0.14449154,0.17513433
0.12608032,0.15055868
0.12425387,0.1487145
0.13001347,0.19302289
0.13961437,0.20642541
0.18428378,0.23436092
0.25122863,0.3154772
0.3107393,0.3487795
0.35529703,0.4311954
0.3981478,0.46563065
0.41543287,0.4522933
0.4285912,0.48906118
0.4270726,0.49592918
0.42922366,0.49111658
0.41239676,0.48967677
0.41097423,0.50102997
0.37655595,0.48171014
0.3581724,0.4954959
0.34110388,0.4513144
0.3301822,0.39913237
0.2854147,0.35302237
0.24023388,0.30604905
0.19765605,0.21658051
0.16431016,0.17519876
0.13386469,0.15537275
0.12373985,0.12998465
0.11457417,0.12769651
0.11770576,0.16277319
0.12792714,0.18886222
0.18121846,0.20399456
0.22664557,0.28070846
0.27188796,0.31549242
0.28977,0.39233813
0.3280181,0.41620836
0.35201097,0.42386138
0.34691778,0.46478492
0.34644446,0.47025663
0.35296282,0.47266454
0.37137714,0.48111445
0.39401218,0.4892507
0.39150992,0.46159437
0.37215784,0.4540529
0.35476527,0.43559986
0.3406723,0.3971974
0.2874238,0.34893706
0.22717942,0.2896139
0.17753527,0.21881512
0.14332573,0.18905215
0.12745173,0.17033626
0.113165185,0.15511675
0.11571023,0.1609432
0.1408167,0.22502044
0.18079785,0.30786547
0.23396966,0.32675752
0.28348023,0.3990792
0.32796904,0.41250867
0.3507335,0.48648924
0.3819706,0.49596173
0.40630007,0.50060797
0.41689456,0.53362745
0.42364722,0.53929317
0.43163094,0.52234954
0.44181994,0.5179403
0.44636157,0.5301343
0.42654398,0.5019735
0.4090627,0.50157064
0.36290604,0.46857852
0.3407381,0.42314038
0.28799522,0.36901188
0.22951989,0.29861623
0.17657404,0.23597622
0.14708667,0.1941305
0.118236475,0.18400711
0.107334614,0.16821124
0.10226698,0.17335317
0.10676372,0.23990007
0.12108888,0.30553168
0.16090043,0.33856103
0.2091309,0.39382023
0.27219635,0.41510558
0.30935642,0.48916814
0.36010113,0.50580794
0.38444468,0.5053195
0.399072,0.5329767
0.40723312,0.5418487
0.42790338,0.5317724
0.44907776,0.52346057
0.4615749,0.5214435
0.45394918,0.50438064
0.43215904,0.50799793
0.3975988,0.4631192
0.36725876,0.43048748
0.31405145,0.36993033
0.2789459,0.30790013
0.22107905,0.2645714
0.18278034,0.21638119
0.16395009,0.19489394
0.14895487,0.1732724
0.16049391,0.17777084
0.20207241,0.24244441
0.2650857,0.3044072
0.36044243,0.34665167
0.42630237,0.41556793
0.4899017,0.44710854
0.564848,0.51338506
0.62364477,0.54616684
0.65252525,0.5647986
0.68435675,0.61079276
0.6975636,0.60652345
0.70283216,0.5958043
0.7061479,0.5955025
0.68953294,0.59807205
0.6803615,0.5781348
0.6497777,0.57807666
0.632656,0.54134274
0.57588917,0.49100244
0.49289343,0.4158345
0.40227976,0.3465945
0.334776,0.37179595
0.28695518,0.32189694
0.25371054,0.2996111
0.24132872,0.2806703
0.25081378,0.27754068
0.27993846,0.32069397
0.3401343,0.38567254
0.42067063,0.4363597
0.48572275,0.5102863
0.5612066,0.55578154
0.6316687,0.628725
0.68896776,0.6568321
0.7073184,0.67332387
0.7331701,0.7252869
0.7485682,0.72507197
0.7267509,0.7108824
0.6952482,0.71098304
0.6615276,0.71710944
0.6452142,0.67973834
0.62510335,0.6794117
0.5773764,0.63967955
0.55947924,0.57500625
0.48365885,0.50128675
0.37820026,0.42896223
0.32135102,0.35230792
0.2860884,0.30270812
0.2535185,0.27836886
0.24978365,0.27139688
0.26177827,0.26292604
0.28745562,0.2961213
0.35164726,0.3575466
0.40967327,0.40692928
0.46934673,0.4614482
0.51384026,0.51218367
0.57765985,0.59312356
0.5831674,0.61516285
0.6189414,0.6282964
0.63520837,0.6692481
0.6449272,0.6871385
0.641315,0.6833553
0.6181174,0.67400837
0.60066795,0.67577994
0.5956128,0.659413
0.5374428,0.6403649
0.49749243,0.58276856
0.4730513,0.53248614
0.40545833,0.4696417
0.33162093,0.40105748
0.26565295,0.2985661
0.22906902,0.25619444
0.20468059,0.2331904
0.16544412,0.23046243
0.16827565,0.22607781
0.17247547,0.24863605
0.17962995,0.28255272
0.21829866,0.33670422
0.2695026,0.3828416
0.33108863,0.44192332
0.39065984,0.5159629
0.43458822,0.53972113
0.44642052,0.5510679
0.47184065,0.5814735
0.48690316,0.59697276
0.49242637,0.5999324
0.51373017,0.5878844
0.5050921,0.5859383
0.4935233,0.5712943
0.45126796,0.56740886
0.42202115,0.5131167
0.39107627,0.4544326
0.34583494,0.39506018
0.28283834,0.3407475
0.24122278,0.24752551
0.19261973,0.20136079
0.17774454,0.17282821
0.15290576,0.16228595
0.15404129,0.14853127
0.14837876,0.18545659
0.16121666,0.21512483
0.19605398,0.24645026
0.24314578,0.30474907
0.2936776,0.35657394
0.33792952,0.4192087
0.35467133,0.44274458
0.35041413,0.46706873
0.34725696,0.5009946
0.35125378,0.500221
0.35103825,0.5067353
0.38191372,0.50523335
0.3991795,0.52079344
0.39772666,0.5101393
0.3867053,0.5005309
0.3670954,0.4522044
0.36089328,0.41164908
0.2924523,0.35770732
0.26737088,0.29188448
0.21689437,0.2513113
0.18685542,0.2019648
0.1747173,0.17391554
0.18274224,0.16245772
0.1907416,0.16405201
0.2459434,0.20487742
0.31181273,0.25741217
0.37829787,0.27803916
0.43247685,0.35638326
0.46479103,0.39206663
0.49415213,0.45016068
0.54160243,0.4735383
0.56133705,0.46994132
0.5806834,0.51472026
0.5964405,0.51285946
0.58803827,0.49537474
0.59653026,0.5163291
0.59419763,0.5271225
0.5724753,0.5065947
0.56293964,0.5038462
0.5209812,0.46409005
0.48119107,0.4183392
0.39544725,0.36176842
0.3130589,0.30636716
0.2506212,0.31305814
0.20888875,0.25959918
0.18941507,0.24098258
0.18083386,0.21941388
0.18935037,0.21306123
0.22501116,0.25937957
0.28702405,0.3038239
0.33779016,0.35094357
0.3944594,0.41598213
0.44089577,0.46633947
0.5066675,0.51183474
0.54555595,0.5533134
0.5834429,0.56773406
0.61288434,0.60964507
0.6302717,0.6056116
0.6340994,0.6009267
0.6415101,0.60283613
0.64762354,0.60894305
0.6426634,0.57996273
0.61627114,0.57038456
0.5654883,0.54405546
0.5422709,0.49259937
0.44135186,0.41869104
0.36548918,0.36275104
0.30963507,0.3203008
0.2521163,0.26930246
0.23847632,0.2429234
0.21304108,0.22690368
0.22795227,0.22360106
0.28456983,0.27336916
0.33761483,0.33822268
0.40094227,0.3868355
0.45046535,0.4556424
0.5091285,0.5092531
0.540016,0.5689373
0.5787166,0.60616654
0.5996947,0.6365057
0.6336835,0.68160266
0.6416474,0.68035454
0.6388691,0.67600983
0.63740325,0.681442
0.6374418,0.68698466
0.6199334,0.6560731
0.5931487,0.64799595
0.5650802,0.6030251
0.5353017,0.55484164
0.44946548,0.47073138
0.36715072,0.40200466
0.32222196,0.33023915
0.26525375,0.27805826
0.25378254,0.258066
0.2505419,0.24853727
0.24914387,0.23905851
0.28721038,0.28615385
0.35651135,0.34762844
0.4261453,0.40265372
0.4929477,0.45113218
0.53961056,0.51048136
0.56166786,0.5685953
0.62371993,0.6023045
0.6361915,0.6327402
0.65979713,0.66965955
0.6763068,0.6721129
0.6753528,0.6713697
0.6718053,0.6657026
0.65961605,0.6688182
0.64410996,0.64076686
0.6219848,0.6243002
0.5716304,0.5814079
0.53939134,0.53072774
0.46032038,0.45201474
0.36603713,0.38938758
0.30791664,0.30789813
0.2620872,0.2533591
0.22787817,0.23194076
0.20994288,0.22253421
0.21502669,0.21044628
0.24103649,0.2624178
0.30561218,0.31478873
0.3699802,0.35383347
0.42071655,0.41219503
0.46767527,0.46988773
0.51474935,0.5369574
0.55508167,0.5620965
0.5882381,0.5803004
0.611467,0.62147284
0.60379434,0.6288986
0.59031457,0.62303764
0.5963711,0.628571
0.59651196,0.6329439
0.5824524,0.6048408
0.53659636,0.59075224
0.49222547,0.5376992
0.46214527,0.49013653
0.38606814,0.4198454
0.31107277,0.35710216
0.25029925,0.27089787
0.2057603,0.21631199
0.18056719,0.1874475
0.15423438,0.17252196
0.1535445,0.15677385
0.16117857,0.18964973
0.17442456,0.21445055
0.22148453,0.2304483
0.28383246,0.29728657
0.35625514,0.34597373
0.41405833,0.41938442
0.4686579,0.43819296
0.51474935,0.45893404
0.5356544,0.4925869
0.548675,0.50493747
0.56228626,0.5074092
0.56309354,0.50474375
0.5558389,0.52719593
0.523772,0.5085656
0.487879,0.48960033
0.46458387,0.44496548
0.42915478,0.4013702
0.34608072,0.35734314
0.27537128,0.2937149
0.23675422,0.23060682
0.19321358,0.1971242
0.17322275,0.15909916
0.15838982,0.15621205
0.1442207,0.15509321
0.14910047,0.1647883
0.16950564,0.19683905
0.19173571,0.2140585
0.25024915,0.2882049
0.3025766,0.33691448
0.32366228,0.4244249
0.3624124,0.43633437
0.41665712,0.45130408
0.4357394,0.50878507
0.46394148,0.5003456
0.50018203,0.5024776
0.5313779,0.5257139
0.5225775,0.52540684
0.52442014,0.49295244
0.48770368,0.4932299
0.46022227,0.48019427
0.43150046,0.41763285
0.3626347,0.3733213
0.27564418,0.300449
0.25910118,0.30922627
0.21670651,0.26712075
0.19048485,0.24056806
0.18715861,0.2183809
0.19184113,0.2199903
0.23750673,0.2826931
0.312452,0.3611911
0.3691609,0.39618146
0.42598248,0.46825254
0.45754993,0.494335
0.5392526,0.5705203
0.5494061,0.5943626
0.6000376,0.6115633
0.63199323,0.6531125
0.6432442,0.65629965
0.62834245,0.64747304
0.6240539,0.6401808
0.5902133,0.6547241
0.56293386,0.62169814
0.51964474,0.6133726
0.4937957,0.57523465
0.4780292,0.5325788
0.38881043,0.4640323
0.3073019,0.38662273
0.26897866,0.3164312
0.22721699,0.27239826
0.20269759,0.24716373
0.20071457,0.23537946
0.20342869,0.23299965
0.25196654,0.2804194
0.3204211,0.3538222
0.37322658,0.39479473
0.41493294,0.4552272
0.4557605,0.4926111
0.48669392,0.5574194
0.5123014,0.5806755
0.5495893,0.5963516
0.57894355,0.64453894
0.601816,0.63758737
0.578846,0.6316891
0.59020394,0.62529665
0.5882204,0.6299058
0.5689518,0.59673387
0.5259763,0.5942511
0.4982773,0.56286216
0.4587319,0.51353115
0.38289896,0.4404465
0.3021795,0.367422
0.25628218,0.28532213
0.2186243,0.24890855
0.18397535,0.21802326
0.17897922,0.21405408
0.19679657,0.21355306
0.23762622,0.25650722
0.2987661,0.33140993
0.35706973,0.37057415
0.39996487,0.42417866
0.44549218,0.46440762
0.48366773,0.52677906
0.5154178,0.5443229
0.55316913,0.56371266
0.5847642,0.599444
0.5932938,0.5956708
0.59969574,0.59338444
0.6117102,0.59344345
0.60996723,0.59594744
0.578249,0.5707443
0.5395521,0.55682576
0.5046365,0.52575314
0.4745339,0.48360065
0.3926987,0.4199323
0.30677798,0.34743804
0.25835234,0.29935163
0.21438847,0.25597987
0.19329968,0.23054783
0.1787496,0.22550482
0.18014188,0.22018637
0.22024357,0.2644909
0.2857706,0.32600093
0.35302022,0.3662079
0.40065423,0.41928446
0.45900327,0.4706486
0.504984,0.54220194
0.5515989,0.5561912
0.5851274,0.5748666
0.6149712,0.6143847
0.6170419,0.61275035
0.623053,0.6095317
0.6346338,0.60853946
0.62928694,0.6169006
0.59697694,0.5894871
0.5349165,0.587138
0.48343238,0.5371261
0.44518793,0.48387915
0.37330225,0.4239629
0.29418376,0.35602474
0.29249996,0.27255267
0.29081613,0.22239254
0.2891323,0.19736001
0.28744847,0.19661203
0.28576463,0.1921859
0.2840808,0.23785122
0.282397,0.29516226
0.28071317,0.33629465
0.27902934,0.3774398
0.2773455,0.43292123
0.27566168,0.49142238
0.27397785,0.5150713
0.27229404,0.5354013
0.2706102,0.5653685
0.26892638,0.5761809
0.26724255,0.579191
0.26555872,0.5808217
0.2638749,0.5724598
0.26219106,0.5554318
0.26050726,0.5374546
0.25882342,0.49166077
0.2571396,0.45634827
0.25545576,0.3889052
0.25377193,0.32923967
0.2520881,0.21046865
0.2504043,0.16931193
0.24872045,0.13722442
0.24703664,0.118361205
0.2453528,0.11484277
0.24366897,0.13941322
0.24198516,0.16241494
0.24030133,0.1676993
0.2386175,0.25096962
0.23693368,0.2841186
0.23524985,0.34475785
0.23356602,0.37180692
0.2318822,0.37114158
0.23019837,0.40996444
0.22851454,0.40774807
0.2268307,0.40673235
0.22514689,0.4163022
0.22346306,0.44087517
0.22177923,0.41774213
0.22009541,0.4134383
0.21841158,0.3933441
0.21672775,0.34819582
0.21504393,0.30744243
0.2133601,0.2506099
0.21167627,0.19375181
0.20999245,0.16424593
0.20830862,0.1456615
0.20662479,0.1339801
0.20494096,0.14247283
0.20325714,0.16932125
0.20157331,0.21510845
0.19988948,0.24587288
0.19820566,0.313649
0.19652183,0.34289423
0.194838,0.417274
0.19315419,0.43967363
0.19147035,0.44407645
0.18978652,0.4761412
0.1881027,0.4835533
0.18641888,0.47872514
0.18473504,0.47615528
0.18305123,0.47829995
0.1813674,0.46045312
0.17968357,0.46522942
0.17799973,0.44066322
0.17631592,0.38803142
0.17463209,0.3357407
0.17294826,0.2773913
0.17126444,0.156766
0.16958061,0.1305247
0.16789678,0.10723204
0.16621296,0.083098516
0.16452913,0.11371951
0.1628453,0.1659954
0.16116148,0.2537761
0.15947765,0.280318
0.15779382,0.3725831
0.15611,0.35656878
0.15442617,0.41377187
0.15274234,0.45054454
0.15105851,0.4240191
0.1493747,0.44677866
0.14769086,0.479235
0.14600703,0.44987693
0.14432321,0.45703024
0.14263938,0.4539471
0.14095555,0.46025416
0.13927174,0.44822922
0.1375879,0.4120896
0.13590407,0.39092782
0.13422026,0.3186432
0.13253643,0.2607768
0.1308526,0.13789985
0.122979,0.10356683
0.10813878,0.10066141
0.111272454,0.08339499
0.09731989,0.123160675
0.11047508,0.1717618
0.119123615,0.24951215
0.1367056,0.28603318
0.17291903,0.37565094
0.23584047,0.35682535
0.26820165,0.41517383
0.28687587,0.44589868
0.32337788,0.38958701
0.32932794,0.4076652
0.36949748,0.442148
0.39848283,0.39383
0.41226318,0.41030347
0.41773054,0.38693687
0.3982292,0.40150544
0.36975995,0.42066985
0.34527656,0.3735881
0.30524376,0.33587915
0.23574916,0.2711861
0.1932976,0.2325927
0.17921092,0.229451
0.16076736,0.16359773
0.13443297,0.15299168
0.12102052,0.14674617
0.11007848,0.15531428
0.12565085,0.20591749
0.13720658,0.25992712
0.17327441,0.30306053
0.23391122,0.38097703
0.29919714,0.4366082
0.3523272,0.4888095
0.41640192,0.5313723
0.45322382,0.5322795
0.481333,0.59087497
0.50766426,0.57758164
0.5300138,0.5541201
0.5493946,0.6008132
0.5669933,0.57534695
0.54316485,0.55680233
0.49100593,0.58129567
0.46635553,0.53162324
0.4097056,0.47157887
0.35664546,0.37407216
0.30605522,0.33012685
0.247439,0.31749037
0.20756379,0.2584613
0.18761992,0.24137144
0.16929378,0.23087546
0.16783,0.21712992
0.16979267,0.26020992
0.19930142,0.29866767
0.22552413,0.3504041
0.29078394,0.4114809
0.37921265,0.48826045
0.44930267,0.55894476
0.50220156,0.6043414
0.5536612,0.6362487
0.58041567,0.6910595
0.59870267,0.6794168
0.62709993,0.6865885
0.6435088,0.6950511
0.65225023,0.6985878
0.6250632,0.66498566
0.5958007,0.6603203
0.5787844,0.6139103
0.4955449,0.5517528
0.41126072,0.47143483
0.34764314,0.41455877
0.312846,0.34841436
0.2696894,0.29540575
0.23967813,0.26401693
0.22405565,0.25802052
0.24613439,0.26463753
0.29352,0.28396538
0.40832376,0.34898722
0.45880026,0.39356974
0.51409703,0.48806578
0.57400066,0.5416566
0.64205545,0.6421936
0.6890309,0.6719956
0.7299289,0.687433
0.7628594,0.74986917
0.7707288,0.7632021
0.77472985,0.74633574
0.7748879,0.76534474
0.776287,0.75674945
0.7526161,0.7370014
0.7162926,0.74015653
0.720267,0.6717546
0.62061393,0.6030289
0.5048301,0.5210049
0.43198684,0.45123804
0.3771425,0.38678116
0.3394345,0.32943007
0.30260113,0.30977687
0.28959414,0.2947343
0.30536848,0.2908118
0.35434884,0.33404177
0.4426481,0.40106338
0.46301416,0.45240965
0.51883435,0.5246925
0.5739469,0.57941073
0.6340295,0.6575956
0.70082617,0.688368
0.75364417,0.70241773
0.7927794,0.76086354
0.79172945,0.756546
0.79896116,0.74476904
0.7786854,0.7436772
0.77077895,0.7494066
0.75232077,0.7145819
0.7177992,0.7144342
0.6782663,0.66392076
0.6095174,0.59312177
0.5064191,0.51405656
0.4488732,0.4456209
0.37425357,0.35306096
0.3356475,0.2904438
0.3141,0.28058183
0.29822963,0.26382127
0.31040218,0.25229707
0.35068706,0.3282159
0.43781218,0.39037895
0.49545518,0.44220385
0.5218036,0.49641407
0.5654674,0.5472217
0.60297346,0.601967
0.6452429,0.63325244
0.66529685,0.6589507
0.66381747,0.69188553
0.640861,0.6859822
0.6257828,0.6800019
0.6061807,0.6629734
0.59251,0.6776843
0.5681565,0.6418719
0.55313313,0.6437037
0.5335639,0.59235847
0.48753095,0.53356194
0.3927133,0.45682868
0.34575143,0.40089083
0.29521078,0.27910882
0.2642163,0.2292881
0.2224108,0.19895287
0.22168335,0.19167626
0.23477122,0.1832745
0.290988,0.22797722
0.369176,0.2899042
0.41903308,0.30845898
0.44627127,0.36507815
0.46736687,0.39908373
0.49371427,0.45887217
0.5227252,0.4681998
0.5561071,0.49018535
0.5670116,0.5228743
0.551386,0.52001184
0.54630005,0.5174685
0.54022473,0.50714296
0.5331976,0.5275149
0.5077185,0.5062344
0.48315424,0.5021354
0.46309817,0.46118903
0.40813017,0.41428283
0.34066397,0.36304018
0.28065443,0.29409146
0.23935615,0.20034844
0.19656852,0.15953636
0.17724617,0.13336582
0.16658384,0.12848741
0.15712331,0.116911925
0.16835132,0.13610625
0.1951752,0.14592303
0.22141095,0.16494317
0.2643306,0.2129607
0.30190447,0.26707017
0.3240093,0.31997856
0.35151,0.330894
0.36757916,0.3510594
0.3909719,0.36857226
0.38853177,0.3714649
0.38500774,0.3841735
0.3877756,0.38153732
0.37172052,0.39629665
0.34780177,0.38557643
0.3306456,0.3802055
0.32964575,0.3474313
0.28522632,0.30357614
0.24320109,0.26621205
0.20033519,0.21871947
0.151562,0.15413618
0.13855973,0.11532249
0.112569764,0.09351564
0.096074246,0.07458013
0.10686026,0.07324291
0.10824262,0.09268631
0.13080823,0.0970084
0.16240124,0.09631072
0.20935372,0.17516592
0.25376323,0.20300314
0.26871932,0.26843405
0.30727217,0.2821241
0.33018324,0.27663603
0.33189958,0.30049068
0.35601717,0.30925804
0.35692048,0.30829787
0.37639627,0.3206401
0.39056018,0.33374676
0.37700003,0.32709053
0.37555036,0.32479006
0.37665823,0.29813004
0.32984456,0.26336354
0.27383077,0.23566099
0.22229339,0.18930073
0.18724942,0.23438412
0.16652487,0.19780773
0.1526198,0.1828239
0.1430982,0.16578653
0.16890866,0.18320738
0.22443868,0.22371207
0.30791977,0.289231
0.37028337,0.32065842
0.3988288,0.39482564
0.42754853,0.4014603
0.45063704,0.48647514
0.46675736,0.506865
0.49310163,0.4825697
0.5051286,0.52453816
0.5167266,0.53164405
0.50933313,0.5121646
0.52080846,0.51094127
0.516126,0.5048353
0.48760244,0.49466297
0.48005968,0.5045636
0.4666801,0.47015423
0.39351434,0.4220035
0.30266428,0.3692507
0.24914022,0.30715248
0.2475752,0.21979481
0.24601018,0.18244156
0.24444516,0.16968028
0.24288014,0.15526435
0.24131513,0.15983689
0.2397501,0.23159973
0.2381851,0.29034448
0.23662007,0.33052674
0.23505506,0.3745861
0.23349003,0.40196192
0.23192501,0.42894357
0.23036,0.45621178
0.22879498,0.45632333
0.22722997,0.46728605
0.22566494,0.45608237
0.22409992,0.44747722
0.22253491,0.4378124
0.22096989,0.4515352
0.21940488,0.4308287
0.21783985,0.43672803
0.21627483,0.40506738
0.21470982,0.3643079
0.2131448,0.2990249
0.21157978,0.25798517
0.21001476,0.17075443
0.20844975,0.12880103
0.20688473,0.11363558
0.2053197,0.094243854
0.2037547,0.08950035
0.20218967,0.14914015
0.20062466,0.18444662
0.19905964,0.19722265
0.19749461,0.26408017
0.1959296,0.28955323
0.19436458,0.3325413
0.19279957,0.35159943
0.19123454,0.34967196
0.18966952,0.38187504
0.18810451,0.3694011
0.18653949,0.35739872
0.18497448,0.37606895
0.18340945,0.3870749
0.18184444,0.35597754
0.18027942,0.36577895
0.1787144,0.35128546
0.17714939,0.31483552
0.17558436,0.26326543
0.17401935,0.21136846
0.17245433,0.17195171
0.1708893,0.14770275
0.1693243,0.14116786
0.16775927,0.12816535
0.16619426,0.1462011
0.16462924,0.21592902
0.16306423,0.29490912
0.1614992,0.3258292
0.15993418,0.38150662
0.15836917,0.37802875
0.15680414,0.44709563
0.15523914,0.45050237
0.15367411,0.43471283
0.15210909,0.44860226
0.15054408,0.45642787
0.14897905,0.43895143
0.14741404,0.430135
0.14584902,0.42503768
0.144284,0.40958753
0.14271899,0.42779645
0.14115396,0.39502853
0.13958895,0.35926807
0.13802393,0.3109724
0.13645892,0.25253516
0.1348939,0.10639667
0.13332887,0.082652755
0.13176386,0.06692755
0.13019884,0.04471568
0.12863383,0.053729724
0.1270688,0.1225232
0.12550378,0.17953101
0.12393877,0.20882231
0.122373745,0.27062756
0.12080873,0.27294603
0.11924371,0.29244334
0.117678694,0.32419214
0.11611368,0.32110408
0.11454866,0.32057166
0.11298364,0.32742876
0.11141862,0.31902438
0.1098536,0.3178016
0.108288586,0.331594
0.10672357,0.3318767
0.10515855,0.32818517
0.10359353,0.3116681
0.10202851,0.29981214
0.100463495,0.24893874
0.09889848,0.20516692
0.09733346,0.11967685
0.07796623,0.09100784
0.069091216,0.06133268
0.058500376,0.05161108
0.06455638,0.062927715
0.07481011,0.103738636
0.10069988,0.1473187
0.12773874,0.17273372
0.16292414,0.23435324
0.19937292,0.25317004
0.21609491,0.30051303
0.23098785,0.33315507
0.2496678,0.32871014
0.24390715,0.33370167
0.25067496,0.3540733
0.24580614,0.35459858
0.26395488,0.35215795
0.27910715,0.36467227
0.288587,0.37849316
0.3119286,0.3680125
0.31061772,0.32266724
0.26371536,0.30010483
0.22156541,0.25256315
0.18415801,0.20415814
0.15213083,0.200495
0.12503664,0.1625239
0.120492935,0.13807756
0.12160342,0.1386507
0.14117052,0.15292437
0.20806894,0.19353013
0.30567583,0.2432412
0.36679482,0.28449714
0.39451888,0.36127776
0.4094974,0.39804327
0.42005694,0.4489534
0.42409548,0.47422066
0.42946735,0.45773283
0.42853013,0.49515408
0.403934,0.47879764
0.3963229,0.45582202
0.39479285,0.4873516
0.3861652,0.485723
0.37901747,0.47402808
0.3921758,0.5069374
0.3870064,0.45503622
0.33244962,0.39999002
0.28894603,0.33500677
0.23240517,0.29465914
0.20940746,0.2533551
0.18023738,0.20982508
0.17362091,0.18689395
0.16984014,0.18237065
0.1795736,0.18504523
0.23356576,0.2403668
0.3350296,0.30611694
0.37522158,0.3333886
0.38441232,0.3915047
0.38505158,0.41455048
0.41709286,0.45925617
0.41430515,0.4609852
0.40520367,0.45173427
0.4112628,0.48145223
0.40325823,0.46121246
0.3911415,0.43993178
0.3917458,0.44940692
0.39412123,0.46347144
0.382422,0.4393738
0.39735147,0.4639354
0.39265487,0.42666203
0.3467012,0.37804183
0.271746,0.33268395
0.209253,0.27877304
0.18656632,0.22550905
0.16892013,0.19173542
0.16289909,0.17003326
0.16186793,0.16249333
0.19025107,0.17830805
0.23097427,0.23081262
0.3238945,0.3113769
0.35891497,0.3388001
0.37881866,0.39865482
0.3827085,0.40525144
0.3964424,0.46210197
0.40567905,0.46085516
0.4049224,0.44395238
0.43000016,0.47175366
0.40866297,0.46701807
0.40707186,0.4402848
0.4210187,0.4470877
0.41317117,0.44790155
0.4066163,0.431025
0.41144857,0.45136526
0.40022004,0.41957903
0.35546714,0.37612006
0.30091298,0.33306804
0.2421,0.27324855
0.21543895,0.22439831
0.17882736,0.18857491
0.15745781,0.16673535
0.15704712,0.16739957
0.17851843,0.17027046
0.23319681,0.23971106
0.33115336,0.32576758
0.37516522,0.35230505
0.38413835,0.39619052
0.39843586,0.41137317
0.40466928,0.4658927
0.41527787,0.45636553
0.41262534,0.4650683
0.44132107,0.48763108
0.42784807,0.47135058
0.4193034,0.45737118
0.42352563,0.44986647
0.4188593,0.46252882
0.4149032,0.4436218
0.41543025,0.46506336
0.41950274,0.42814845
0.35407016,0.38921398
0.2951591,0.3482279
0.23514955,0.27851632
0.19314156,0.21940249
0.17138273,0.18428652
0.16878863,0.15833329
0.16452307,0.16305609
0.18077488,0.16635072
0.23267445,0.21058138
0.31452894,0.27196574
0.34651437,0.30969456
0.37172002,0.3384633
0.37988427,0.37575728
0.39297473,0.3971356
0.40486184,0.39658985
0.3903796,0.40112445
0.40672013,0.41233882
0.3925025,0.3939352
0.37782767,0.383144
0.369319,0.38894427
0.3739869,0.39494878
0.3529962,0.3869764
0.3449358,0.3969389
0.32800716,0.36149013
0.29881307,0.3206686
0.24632487,0.2753945
0.19921009,0.22540434
0.16585168,0.17401418
0.1487764,0.13098218
0.13251519,0.100041196
0.12564825,0.10221487
0.13184775,0.103112265
0.15719637,0.13038653
0.17088279,0.15578984
0.21672426,0.15964855
0.2524002,0.20972054
0.2738031,0.23316765
0.3029393,0.27576044
0.29400793,0.26455334
0.3088831,0.2511239
0.29540905,0.26540872
0.29198003,0.25453562
0.28537557,0.24180925
0.2875026,0.25844592
0.29730597,0.27058858
0.29128024,0.26064363
0.3035655,0.27367145
0.29931456,0.25069833
0.2508529,0.21266666
0.21607612,0.19491516
0.16416822,0.15107454
0.14561455,0.14790598
0.11629835,0.120287485
0.10460902,0.087307744
0.09273496,0.076725006
0.10238544,0.084823675
0.110332094,0.106462
0.13808641,0.13363041
0.17321022,0.13521762
0.2168975,0.20651789
0.2563735,0.22097862
0.26689076,0.2847918
0.28788877,0.28196993
0.29767752,0.26477554
0.28898934,0.28909004
0.28154105,0.29082584
0.27450398,0.27837422
0.29212093,0.29496002
0.3023903,0.3105732
0.30763432,0.3009606
0.33133182,0.3090712
0.30551982,0.2846732
0.2634518,0.2531813
0.24065293,0.23198906
0.20004714,0.17811374
0.17610332,0.16776025
0.15998302,0.14626716
0.14094456,0.11918879
0.1522305,0.13001913
0.16069221,0.14828183
0.22102426,0.20583823
0.3257773,0.2907245
0.37799728,0.3175284
0.4075196,0.36531603
0.40736356,0.36921436
0.43783566,0.42479888
0.4481755,0.41173664
0.43273672,0.38903505
0.413358,0.4099369
0.43311507,0.38542295
0.3878466,0.36208916
0.3664478,0.36627984
0.38604203,0.37694812
0.39977857,0.3668567
0.41910142,0.4011095
0.39566904,0.3631426
0.35004935,0.3119259
0.28645265,0.27356297
0.23239683,0.22152482
0.19446705,0.2135604
0.17225108,0.17932239
0.17766312,0.15978695
0.17385313,0.16984603
0.19096391,0.18133207
0.24421452,0.23260342
0.3397111,0.30975989
0.4015189,0.35402107
0.4053628,0.37985438
0.40681565,0.40105543
0.42476866,0.42823014
0.43782836,0.41563767
0.43013272,0.40443712
0.4258301,0.42579672
0.40298218,0.39075762
0.3863583,0.36878848
0.38920182,0.37952125
0.38445407,0.37060255
0.39671117,0.35934126
0.41232005,0.3914059
0.3965374,0.3698951
0.3623774,0.32324955
0.30397254,0.2753054
0.24129584,0.22572912
0.22557423,0.23527983
0.19538185,0.19605215
0.1875667,0.19544005
0.19031107,0.19688529
0.20230673,0.2055883
0.24695942,0.27310222
0.3461183,0.35574362
0.39199576,0.40891746
0.4156995,0.4358694
0.40444332,0.44668585
0.4104696,0.4747234
0.40278438,0.46347398
0.39639544,0.44929925
0.3950637,0.46283358
0.3862179,0.43870708
0.36870635,0.41261452
0.36484313,0.40865606
0.3622986,0.39801827
0.3556138,0.39305547
0.37623447,0.42465776
0.36448306,0.39705873
0.33040398,0.35899147
0.2730496,0.30921078
0.22789279,0.26440415
0.20215592,0.23258659
0.18088394,0.20888104
0.16244926,0.18608657
0.15405591,0.1829164
0.18952832,0.19743453
0.23658568,0.25953162
0.3366296,0.3590083
0.39628115,0.4019539
0.41017058,0.43734187
0.40499127,0.43730772
0.41710225,0.47046676
0.40214303,0.46307436
0.4022234,0.44682685
0.39431953,0.4616133
0.37927318,0.44983417
0.35317573,0.4232491
0.35603908,0.4186309
0.3629097,0.42012212
0.36460623,0.40899417
0.3886288,0.4208378
0.3846675,0.3968873
0.3331442,0.36672553
0.27489012,0.32287785
0.23160414,0.2598463
0.22807387,0.21085328
0.22454359,0.18209584
0.2210133,0.16157135
0.21748301,0.17120622
0.21395274,0.1780078
0.21042246,0.23059814
0.20689218,0.30942297
0.2033619,0.3531679
0.19983162,0.37500286
0.19630134,0.3996197
0.19277106,0.42503077
0.18924077,0.4118344
0.18571049,0.4046876
0.18218021,0.41796505
0.17864993,0.39746413
0.17511965,0.37555206
0.17158937,0.38110983
0.1680591,0.37551764
0.16452882,0.37019488
0.16099854,0.38667533
0.15746824,0.35553753
0.15393797,0.3181946
0.15040769,0.271351
0.14687741,0.21940629
0.14334713,0.14520988
0.11956718,0.09982076
0.106191255,0.08029976
0.09832757,0.063258596
0.10211669,0.058023974
0.12286576,0.09453443
0.1529282,0.09863102
0.18783179,0.11197825
0.22197714,0.17627603
0.24984418,0.20912729
0.2639585,0.23023516
0.27390644,0.2453159
0.2745744,0.23408109
0.2648707,0.25137913
0.27013925,0.24327363
0.27475914,0.23170972
0.2823692,0.2610519
0.28239635,0.2735586
0.28896323,0.26631466
0.29232705,0.2735904
0.27581066,0.2544703
0.23745611,0.23007928
0.19242664,0.19644311
0.14553314,0.16307096
0.11287922,0.15851751
0.093215585,0.1289579
0.07959125,0.114546396
0.071441084,0.1019696
0.07430288,0.11330127
0.088314936,0.16384195
0.11483405,0.21602444
0.14377974,0.23752564
0.18803948,0.2934758
0.2149672,0.3030384
0.23776557,0.3438674
0.2527832,0.3523713
0.26805916,0.34191075
0.2819914,0.3526147
0.28142205,0.34540027
0.2947098,0.33332872
0.30922127,0.3266636
0.33444932,0.33812675
0.33277315,0.32920858
0.3402037,0.3467961
0.3115894,0.3255456
0.27073467,0.2851641
0.22645874,0.24802476
0.1745712,0.20368859
0.145279,0.14577547
0.129596,0.122510895
0.12227816,0.110889636
0.12490513,0.10425642
0.13215773,0.11825065
0.20247371,0.17888246
0.30781385,0.2574172
0.35440832,0.29348323
0.37239423,0.35143548
0.3948351,0.36708915
0.42244175,0.41959217
0.440436,0.43692905
0.46036372,0.43818066
0.4747593,0.45281976
0.46927264,0.4594881
0.4546584,0.44603088
0.44492546,0.44988394
0.4381227,0.44783857
0.4330232,0.44163433
0.43537048,0.4531983
0.43171912,0.40894824
0.36025143,0.3770266
0.30410978,0.3177685
0.25155896,0.26283085
0.20862992,0.23392251
0.19112515,0.1865445
0.18375462,0.16569656
0.15964748,0.1663539
0.18873303,0.17402098
0.24176133,0.22813345
0.33153692,0.30671453
0.38023704,0.34904036
0.39264545,0.4034115
0.41377026,0.43463215
0.4635125,0.45373622
0.4717848,0.47352389
0.4874678,0.47768292
0.498521,0.49976712
0.49280316,0.4881934
0.50721127,0.46306017
0.49391937,0.48067182
0.49230844,0.4778721
0.45401546,0.47359887
0.487496,0.48861971
0.4416013,0.44238353
0.38497958,0.40349808
0.32251057,0.33035558
0.26724562,0.28044423
0.22947083,0.24154377
0.2027529,0.20514047
0.19109228,0.18106443
0.18624173,0.18254001
0.17839266,0.18873122
0.24031635,0.23603384
0.34642148,0.32198364
0.39629212,0.36401775
0.41455826,0.4060977
0.43861166,0.44489932
0.45880184,0.48542657
0.48712704,0.49188977
0.49932778,0.5182433
0.51756626,0.535239
0.51346195,0.53410923
0.53733736,0.52823275
0.50387096,0.533581
0.49478823,0.52503705
0.48890758,0.51842177
0.49236166,0.51883274
0.4514506,0.47092187
0.40823767,0.44202796
0.34171653,0.3757693
0.23616089,0.31135997
0.18842462,0.2364713
0.17164886,0.19729693
0.16224939,0.18769622
0.15698397,0.18666989
0.16743444,0.1906491
0.22453627,0.23784223
0.30037755,0.30473676
0.35607928,0.34248397
0.3831557,0.37569147
0.39679936,0.401054
0.4228175,0.44859895
0.43749282,0.44741645
0.45026183,0.44883856
0.4557407,0.45543945
0.4482663,0.4590857
0.4380439,0.44850117
0.43263653,0.43205756
0.39939657,0.43146014
0.39702687,0.4328191
0.40439168,0.43808934
0.39998627,0.39605868
0.36104253,0.35854942
0.29081526,0.31920984
0.22765273,0.26729894
0.22514723,0.21451202
0.22264172,0.17190397
0.22013621,0.1481873
0.21763071,0.149536
0.2151252,0.1506335
0.2126197,0.18664843
0.2101142,0.23523036
0.20760868,0.266379
0.20510319,0.30704588
0.20259768,0.35086367
0.20009218,0.39907935
0.19758667,0.40535587
0.19508116,0.41216865
0.19257566,0.43573338
0.19007015,0.43094027
0.18756466,0.42409432
0.18505915,0.43553698
0.18255365,0.4324813
0.18004814,0.42558575
0.17754263,0.426939
0.17503713,0.38390684
0.17253162,0.34459
0.17002612,0.29305598
0.16752061,0.23976365
0.1650151,0.13293138
0.1625096,0.09832155
0.1600041,0.082532294
0.1574986,0.058223367
0.15499309,0.04775569
0.15248758,0.094809026
0.14998208,0.09175083
0.14747657,0.11296812
0.14497107,0.17453948
0.14246556,0.21302015
0.13996005,0.21960503
0.13745455,0.23997451
0.13494904,0.23608649
0.13244355,0.24984962
0.12993804,0.23392712
0.12743254,0.22862539
0.12492703,0.25778747
0.122421525,0.28127536
0.11991602,0.26744217
0.11741051,0.2650764
0.11490501,0.26115876
0.1123995,0.23602149
0.109894,0.1942533
0.1073885,0.16609642
0.104882985,0.14862198
0.08474813,0.12353813
0.07682548,0.107604764
0.07610429,0.09875758
0.07447927,0.120600685
0.086810455,0.14025752
0.12190661,0.19859338
0.14433186,0.22276214
0.20475104,0.2952295
0.23328866,0.27751938
0.24948932,0.34621367
0.24182656,0.33292094
0.25021052,0.29116794
0.2412494,0.30966857
0.22318625,0.32477844
0.22683708,0.2936541
0.24164182,0.30128872
0.25128186,0.2961456
0.26589093,0.30969957
0.28395197,0.33414122
0.26464945,0.3139066
0.24502182,0.28414902
0.20946749,0.26442164
0.16771154,0.21021633
0.15991883,0.14678699
0.14353134,0.13118386
0.12687615,0.11267706
0.1399494,0.110483885
0.16599937,0.13866025
0.22838332,0.1652833
0.31726968,0.24594791
0.3848444,0.29426065
0.40954122,0.35408968
0.42876548,0.33988777
0.45280948,0.38076973
0.42254508,0.3847613
0.38566005,0.34602848
0.37925544,0.34862834
0.357088,0.37354517
0.3412808,0.338614
0.33862877,0.34643978
0.34986305,0.32945272
0.35447302,0.35700512
0.36420804,0.36777708
0.34311143,0.33566487
0.30434826,0.31555143
0.26550266,0.27331144
0.20870715,0.22600155
0.18533163,0.18564954
0.16138731,0.16866522
0.1400762,0.15200077
0.1547437,0.1553602
0.17508887,0.17950597
0.22827686,0.21199137
0.3375569,0.29945666
0.3947057,0.3519863
0.405331,0.39105868
0.40620768,0.39734375
0.37922728,0.40489203
0.3751402,0.39699075
0.38246375,0.38453457
0.38564178,0.38906974
0.33637023,0.37284148
0.3227412,0.34357512
0.30821985,0.3506955
0.30391043,0.3385829
0.32441947,0.3462464
0.3656588,0.37456015
0.3441744,0.3598925
0.30522236,0.32846603
0.24981652,0.2716541
0.19711228,0.23112671
0.16620289,0.22392544
0.14881398,0.19679266
0.14513601,0.18438217
0.13620934,0.19013306
0.1467819,0.1898978
0.21035932,0.2540941
0.3040555,0.33295044
0.37093046,0.39052424
0.3789319,0.40290868
0.37308723,0.43602532
0.38085073,0.44434345
0.36667114,0.4382306
0.3558935,0.45298862
0.3505884,0.45064837
0.31733906,0.42304406
0.29362017,0.41221517
0.2979275,0.40124446
0.3023063,0.40608236
0.31786144,0.39770943
0.34666154,0.41983208
0.33275804,0.39100212
0.29111063,0.3591947
0.25071254,0.3072484
0.1897621,0.25978285
0.15955772,0.2080299
0.1413709,0.16946636
0.15341613,0.16552068
0.14397909,0.16773687
0.15639639,0.17134787
0.23342016,0.23666367
0.31766,0.30777997
0.38875303,0.35463145
0.3995239,0.3776245
0.40477782,0.40065676
0.40100124,0.4230165
0.38167575,0.42122018
0.35910752,0.40733996
0.35272172,0.4108417
0.34091446,0.39851508
0.30927554,0.37728423
0.30544102,0.37386656
0.30247903,0.37221912
0.31410572,0.36785012
0.33788514,0.39188942
0.3304212,0.35306293
0.29469728,0.31909165
0.2353776,0.27294016
0.18906021,0.23212543
0.15064043,0.19161817
0.13718936,0.15813392
0.11989229,0.13131894
0.12923853,0.14103462
0.14778176,0.14426541
0.20707013,0.19395171
0.29096347,0.2643623
0.35029933,0.28814667
0.36457124,0.32342762
0.37158537,0.34601808
0.36414543,0.35250387
0.3375068,0.33220518
0.32977724,0.32586154
0.3085204,0.32924443
0.28053597,0.29702914
0.2558934,0.27303636
0.25215334,0.2844625
0.2355305,0.3090249
0.23920429,0.30093557
0.2535472,0.32976368
0.24180308,0.2932822
0.20975502,0.25669834
0.16825165,0.2254974
0.122979,0.1857764
0.09076239,0.12474426
0.073995516,0.084191106
0.06255458,0.070222534
0.06030387,0.048815355
0.06887048,0.040227156
0.08338559,0.0897827
0.11447606,0.10202283
0.15872382,0.12687877
0.20037955,0.18250653
0.23945999,0.20920342
0.25942054,0.19583508
0.26717466,0.2189519
0.26174903,0.2120012
0.25519308,0.20964414
0.23824514,0.19864644
0.23445445,0.18816677
0.23948817,0.20714377
0.23692644,0.23434182
0.2537653,0.23865783
0.2562065,0.23894887
0.2331227,0.23349321
0.21082637,0.22002923
0.17038444,0.18681999
0.124103576,0.16035596
0.100636736,0.12229834
0.0824781,0.09696901
0.071938924,0.07464494
0.062193993,0.06342785
0.072160706,0.07082035
0.080329664,0.084655225
0.11253115,0.10675398
0.1518819,0.121009246
0.19119456,0.1936293
0.21321484,0.20322695
0.2228027,0.24926557
0.22571512,0.24231477
0.22331098,0.21985582
0.20762798,0.22730178
0.2009421,0.23050107
0.19405636,0.2160447
0.20486116,0.22909477
0.23252103,0.2516086
0.25878078,0.2618552
0.27721965,0.28044474
0.2594759,0.25719953
0.22254178,0.23275888
0.18747903,0.22180183
0.1634726,0.18123676
0.14134169,0.15282434
0.13128103,0.14037304
0.11920919,0.11720162
0.120790385,0.12714486
0.13195996,0.14608921
0.19829112,0.21662638
0.3055579,0.3204193
0.37628144,0.35739487
0.37913907,0.3870908
0.388203,0.37134305
0.42900917,0.3909331
0.41392317,0.37280992
0.38225085,0.34640697
0.39168578,0.34603748
0.37854677,0.32182288
0.35058686,0.28805766
0.33599973,0.28310555
0.34056327,0.29247224
0.36823514,0.2922299
0.37475714,0.3297543
0.35207412,0.30903596
0.2902856,0.2754186
0.26559293,0.24038802
0.21318614,0.19218984
0.16609539,0.1942335
0.15694015,0.17479846
0.14404327,0.12964498
0.14164853,0.14576048
0.15895447,0.162604
0.22919844,0.2055984
0.31952456,0.3056328
0.37433913,0.33829626
0.38763365,0.3755918
0.3927639,0.3940677
0.39293092,0.40419126
0.39355972,0.3833926
0.38949248,0.38669026
0.37975693,0.40676016
0.36121893,0.3650965
0.34645018,0.3374387
0.34372407,0.3593459
0.3506688,0.37227303
0.37751144,0.36154535
0.37702143,0.39124802
0.35435927,0.36605477
0.32157645,0.32584772
0.26838169,0.2788639
0.21768758,0.2196256
0.16972795,0.20694447
0.15825519,0.18240887
0.1559429,0.1577748
0.1421975,0.17196366
0.17167287,0.19028382
0.22838905,0.23165144
0.3287435,0.33850253
0.3807923,0.37163255
0.38836008,0.40944308
0.3894095,0.40976506
0.38197166,0.45059943
0.37093672,0.41779423
0.37300947,0.4079313
0.36390382,0.42149758
0.33496386,0.4052431
0.32013252,0.37464696
0.31181377,0.37773246
0.3192177,0.3774284
0.34675598,0.38178954
0.36467665,0.40855083
0.34394532,0.37506038
0.30458885,0.34190923
0.2503937,0.3054523
0.1882524,0.24675544
0.1539458,0.23215124
0.14479838,0.2171078
0.14513706,0.1826695
0.1482937,0.2007998
0.1751948,0.21346243
0.24125722,0.2662801
0.34358788,0.38010114
0.398595,0.4181548
0.40692836,0.43725193
0.39746886,0.4387282
0.3943874,0.46477395
0.38474265,0.4368984
0.36810154,0.43284026
0.3517709,0.4283805
0.328445,0.4124305
0.32204872,0.38990182
0.30699924,0.36625093
0.3060286,0.38634768
0.34065145,0.3863808
0.35912633,0.40444687
0.34363848,0.36923128
0.29734042,0.33237514
0.24215741,0.30315644
0.1936347,0.24099277
0.15132405,0.18513548
0.13703594,0.16352986
0.123798296,0.12712693
0.12950206,0.1383864
0.13609296,0.15261176
0.20379764,0.20930448
0.28775048,0.31024748
0.34618717,0.33112752
0.36383858,0.3560198
0.37497526,0.35600552
0.36938894,0.38065723
0.36635596,0.359102
0.34971225,0.3460781
0.3433332,0.3479313
0.31793973,0.33151138
0.287345,0.31138173
0.2912943,0.30110297
0.2873878,0.3223298
0.2921418,0.3229628
0.28809175,0.33369383
0.26846153,0.2934469
0.23465641,0.26981914
0.1912431,0.23919614
0.14094768,0.18066226
0.10636816,0.1111907
0.084169924,0.086171076
0.07532309,0.07299025
0.06294284,0.06845841
0.07485447,0.07348345
0.097309455,0.101490796
0.12841819,0.13016646
0.17188944,0.16194522
0.20766711,0.19833954
0.2268204,0.22171047
0.2588982,0.22392839
0.25444478,0.2261913
0.24446814,0.21792361
0.23667021,0.21171153
0.2349069,0.20279682
0.22270826,0.19644177
0.23992443,0.2080729
0.24057205,0.20503388
0.25747773,0.21453664
0.26260224,0.2226469
0.23921943,0.21597673
0.21488841,0.19407469
0.180264,0.15873846
0.14300846,0.13142939
0.10522584,0.10277384
0.09044772,0.090370074
0.080290005,0.060341753
0.0745231,0.0530537
0.085684836,0.05785401
0.09597875,0.07879153
0.1266768,0.10473912
0.16565287,0.11989249
0.20684104,0.18974431
0.23486567,0.19634444
0.24794519,0.23908469
0.25153756,0.24000219
0.24517001,0.22873744
0.23018472,0.22840524
0.2208557,0.2212946
0.22139789,0.21824725
0.24368224,0.21436659
0.23740602,0.25658265
0.27750614,0.26627886
0.29857978,0.28215832
0.27252722,0.25993526
0.27229187,0.23447348
0.23210041,0.2257113
0.20012385,0.18617441
0.18898089,0.1836049
0.17104457,0.164527
0.15976906,0.15098532
0.18536817,0.1586794
0.20972684,0.17338517
0.2685278,0.24781573
0.37600175,0.3592929
0.43144774,0.40773246
0.45363557,0.4259265
0.44695958,0.4236095
0.42376724,0.4332561
0.4139289,0.41254503
0.39876932,0.39813912
0.37980494,0.3892753
0.34633592,0.37369978
0.32168707,0.34442586
0.30070788,0.33489472
0.31067148,0.33947107
0.33533332,0.3505084
0.3692256,0.37072706
0.37048113,0.3356411
0.32973444,0.32182282
0.2701502,0.2758934
0.21788901,0.2306576
0.2115152,0.23049128
0.1926839,0.20559168
0.19082144,0.17755672
0.19535524,0.18023843
0.20938504,0.18676545
0.272474,0.25611258
0.38258222,0.36372238
0.442407,0.39264417
0.44271857,0.42466396
0.4363719,0.4086711
0.42979142,0.41027465
0.40107274,0.38706186
0.3952051,0.3706238
0.37813818,0.36886787
0.33929935,0.34602326
0.31326607,0.3109681
0.31597131,0.2977063
0.32897988,0.3251832
0.3515575,0.32519263
0.36904243,0.34610182
0.3535076,0.32987666
0.3204164,0.30019805
0.25373298,0.2721161
0.20141281,0.21511583
0.1633651,0.20418555
0.15786538,0.18073343
0.1384971,0.15686125
0.1539578,0.1639852
0.17190978,0.17901148
0.23507963,0.23423637
0.3223947,0.33859295
0.37778488,0.36397263
0.3867919,0.39692277
0.39615697,0.3916461
0.4098366,0.40674174
0.38526607,0.37938657
0.36595413,0.36900035
0.37468773,0.38006392
0.35790208,0.3472511
0.32055154,0.31551147
0.326212,0.30969375
0.31961954,0.3226192
0.3530077,0.30994558
0.36514947,0.34500542
0.33519712,0.33675307
0.305417,0.29391325
0.2496678,0.25743476
0.20078138,0.200267
0.16720901,0.19329247
0.14341602,0.17014186
0.14275223,0.14742793
0.13571933,0.14798051
0.15358886,0.16714485
0.2201079,0.2320004
0.32211605,0.33608392
0.3733299,0.358691
0.36542082,0.40182573
0.3839442,0.3953734
0.39240593,0.43098545
0.382935,0.40713796
0.36850023,0.40507498
0.3869438,0.4086852
0.3480481,0.39323628
0.33784342,0.36822832
0.3282785,0.3538493
0.32590777,0.3709208
0.32574964,0.36497033
0.3479557,0.39311144
0.32622817,0.36085504
0.2824861,0.3276104
0.22997025,0.2914699
0.18148042,0.23155525
0.14504677,0.17177978
0.11953013,0.13219103
0.110190675,0.10966917
0.09910199,0.114344135
0.13127999,0.122832276
0.18061624,0.18221329
0.26180226,0.26634705
0.32457656,0.28274494
0.337272,0.31630898
0.3451148,0.3284209
0.36126745,0.347966
0.35297638,0.33618024
0.34010926,0.31936815
0.3408174,0.3285247
0.31299,0.31709158
0.29801098,0.2914932
0.29190436,0.29778844
0.2748364,0.3114657
0.28740084,0.3112046
0.2776079,0.32430407
0.25616008,0.27709186
0.21791719,0.25265992
0.1689457,0.21402398
0.14621153,0.1639357
0.09303241,0.11969615
0.07073503,0.08337667
0.054081913,0.07881961
0.048556097,0.058721796
0.049958818,0.058548898
0.080264956,0.10404815
0.11496869,0.111965686
0.14155564,0.15177143
0.1773615,0.1761236
0.20989382,0.22305733
0.21376018,0.20246536
0.219346,0.23224029
0.21213567,0.2538258
0.20769581,0.23956114
0.19460273,0.22116403
0.19876966,0.23090932
0.20891902,0.24442889
0.19964793,0.2382482
0.22613834,0.23036009
0.20860174,0.23429985
0.1909326,0.2331848
0.16673674,0.21894419
0.12861127,0.15371373
0.09723379,0.13566151
0.06445306,0.11902922
0.040464893,0.10080034
0.03233977,0.07021492
0.027554452,0.05491413
0.02479598,0.052675974
0.04525595,0.085915595
0.074790284,0.09548318
0.11243408,0.111429624
0.16090512,0.17534685
0.18758444,0.20197427
0.21052787,0.23013294
0.22248125,0.24659659
0.2325586,0.24854448
0.22369193,0.24583837
0.21775386,0.23069741
0.21708277,0.24260819
0.23514485,0.24258856
0.24711023,0.2851205
0.27338773,0.27676535
0.26372004,0.28278568
0.24944863,0.26456195
0.20971954,0.23714165
0.17522871,0.21378912
0.13683867,0.17605096
0.11904064,0.1796593
0.10091384,0.14909512
0.096734904,0.13603304
0.10203006,0.13477975
0.112951234,0.1515689
0.17608507,0.21600358
0.28008562,0.30741483
0.3427957,0.35187152
0.3720858,0.39920568
0.38386333,0.39916897
0.39751688,0.4352829
0.39496976,0.4301761
0.4009501,0.4126601
0.395561,0.42570958
0.3729975,0.4146008
0.35685578,0.39098322
0.36742157,0.38940036
0.376366,0.39235508
0.3965071,0.40661284
0.3894742,0.43390784
0.3745343,0.3936264
0.33132765,0.36436278
0.28502852,0.31760702
0.23773059,0.2685511
0.20213869,0.23341477
0.1914654,0.19866623
0.1799989,0.17744592
0.18475343,0.17729315
0.2059993,0.19610538
0.2688842,0.24424852
0.37839857,0.34162748
0.44669503,0.38808343
0.4596352,0.43846434
0.45478883,0.44149074
0.44209495,0.4628888
0.44585747,0.44996777
0.4330206,0.43378565
0.42083448,0.44538254
0.40172347,0.42841655
0.3779362,0.39501628
0.3838722,0.40604687
0.38031635,0.40892348
0.38856778,0.41969794
0.405522,0.44525915
0.39158976,0.41747665
0.35500324,0.391308
0.32035378,0.3445801
0.2766362,0.29435688
0.25415567,0.2416093
0.22967122,0.21194313
0.21514724,0.19508651
0.21622172,0.20695898
0.24668024,0.22506739
0.30795994,0.25084126
0.41842303,0.34453094
0.47676685,0.4017155
0.49376753,0.43755156
0.50766426,0.44332474
0.49353948,0.4493994
0.47805476,0.42017898
0.47192883,0.4052402
0.47739568,0.41559184
0.4511688,0.3863361
0.43760136,0.35124922
0.4481468,0.36238658
0.45986325,0.34839085
0.49202037,0.36922514
0.49894056,0.40833732
0.4801265,0.4062881
0.44940495,0.37545338
0.37335494,0.33130157
0.3425395,0.28807476
0.31824553,0.30976862
0.30111074,0.28004572
0.29548892,0.26139238
0.29738426,0.29047227
0.32315713,0.2946126
0.39484242,0.3412728
0.48173586,0.4417572
0.54618007,0.50065607
0.5490554,0.5029432
0.5338061,0.5142344
0.5249503,0.5235741
0.5195388,0.47105616
0.4839057,0.45137346
0.45948073,0.44175857
0.42094198,0.41091153
0.40058637,0.37465918
0.39848492,0.37103093
0.4142154,0.36384997
0.4469429,0.38115704
0.47062266,0.41952124
0.44858828,0.3888318
0.4224616,0.36208582
0.3764359,0.33236462
0.32566145,0.2838803
0.29680604,0.32988828
0.27957943,0.3015197
0.27681,0.2840437
0.27642906,0.2889765
0.29592988,0.286936
0.3533135,0.35391828
0.47776356,0.44421738
0.5022543,0.49977097
0.49600154,0.5148994
0.51576847,0.5155948
0.48383263,0.5170103
0.44575256,0.4784176
0.4083055,0.45815095
0.38409972,0.44759053
0.34630147,0.41237408
0.31629747,0.38059267
0.3199942,0.35831833
0.32656476,0.3822593
0.3610107,0.386351
0.36826748,0.41916022
0.34502503,0.3965478
0.31021276,0.36605713
0.26930326,0.3438744
0.21796572,0.29506153
0.19441539,0.24580982
0.17405404,0.22289807
0.16017976,0.18629591
0.16171347,0.20865682
0.16792655,0.210234
0.18548872,0.22566323
0.21734838,0.29802263
0.26090938,0.32681748
0.28952527,0.34312743
0.31791675,0.35558426
0.32451704,0.3451178
0.31218168,0.30007386
0.28817892,0.2865288
0.27127895,0.27819198
0.2529742,0.2378052
0.23174086,0.21138678
0.24417435,0.21178955
0.26204023,0.23007488
0.29048494,0.2354097
0.28344524,0.2663038
0.26975936,0.2592399
0.24545182,0.21950337
0.20599408,0.20432834
0.17148083,0.16449066
0.14022546,0.18344682
0.122621015,0.15830661
0.11458095,0.12346608
0.12414637,0.13836741
0.110630065,0.14705382
0.119378276,0.14667201
0.13801439,0.20043953
0.18404007,0.21278119
0.21439369,0.27622586
0.27684653,0.28522724
0.27479827,0.31164116
0.25354823,0.28111067
0.24355282,0.26369345
0.23800561,0.2526049
0.21615753,0.2599817
0.22577044,0.22994429
0.20648305,0.23458509
0.25320852,0.25787222
0.29564703,0.29237422
0.29887673,0.31231624
0.29476094,0.26582998
0.27952775,0.23304999
0.24298923,0.22193572
0.2210707,0.18348546
0.18640298,0.19235218
0.16391774,0.19249097
0.1607136,0.15625112
0.15393953,0.17594142
0.19298501,0.20844314
0.19952895,0.23020615
0.26913628,0.33870798
0.37718424,0.3995983
0.42795298,0.43173414
0.42192408,0.42509732
0.42180458,0.42971182
0.40830812,0.41942585
0.39154124,0.39573598
0.39250562,0.38158414
0.38863823,0.37860197
0.34538248,0.34198165
0.338192,0.33874977
0.35623217,0.33244738
0.39765674,0.36118892
0.4042346,0.38222644
0.377441,0.35080963
0.3548926,0.31687596
0.3086608,0.27221438
0.25973314,0.22496764
0.21858777,0.20965147
0.19328873,0.19643149
0.15775318,0.16696684
0.15736023,0.16139668
0.1610001,0.18635072
0.17714597,0.21865168
0.23384494,0.29807675
0.32884732,0.35705915
0.3742948,0.41225994
0.36602408,0.4150898
0.3754345,0.42578766
0.37616038,0.43620715
0.36504978,0.41553828
0.37018996,0.42281848
0.35485867,0.4117185
0.34389418,0.38223404
0.32782763,0.3801726
0.33522478,0.38414803
0.3899251,0.39958462
0.38936985,0.41488943
0.36201108,0.39091742
0.3439062,0.35771725
0.31186232,0.3018055
0.2636449,0.25421003
0.2208223,0.22801974
0.19141477,0.21147206
0.18549602,0.18775001
0.1759306,0.18290374
0.18255334,0.21465443
0.22473927,0.23637857
0.28266978,0.3310671
0.37633154,0.38518992
0.4365702,0.4621569
0.44044697,0.44616416
0.43057835,0.48089153
0.42889333,0.4778205
0.41050142,0.4501184
0.40196404,0.46015853
0.39538044,0.45740193
0.37677982,0.42143494
0.36065063,0.4173326
0.3629676,0.42461312
0.41003072,0.45439705
0.41513696,0.48124477
0.39818746,0.45953554
0.3673934,0.43067682
0.34164557,0.38802412
0.29309103,0.33745927
0.23816268,0.29778835
0.23698199,0.27481955
0.23580128,0.24679105
0.23462057,0.24235156
0.23343986,0.25708267
0.23225915,0.28928015
0.23107846,0.37858403
0.22989775,0.41496077
0.22871704,0.4693892
0.22753634,0.4611309
0.22635563,0.5005952
0.22517493,0.48600465
0.22399423,0.45432964
0.22281352,0.47006565
0.22163281,0.4577852
0.2204521,0.42256677
0.2192714,0.40359575
0.2180907,0.42691168
0.21690999,0.42524526
0.21572928,0.44902495
0.21454859,0.42617208
0.21336788,0.3764374
0.21218717,0.35274655
0.21100646,0.29438555
0.20982575,0.1909444
0.20864506,0.15401013
0.189461,0.13808325
0.1902542,0.1234089
0.17743298,0.127846
0.21493903,0.16920453
0.2571855,0.2071983
0.34397402,0.2326678
0.39438894,0.31354088
0.41180187,0.32954788
0.4122997,0.3499763
0.42157236,0.3576513
0.4179398,0.33620295
0.39721787,0.35620058
0.371051,0.3328761
0.34040463,0.3017035
0.31692004,0.31214064
0.33145708,0.3526052
0.37710282,0.35422063
0.3760461,0.39358538
0.3525062,0.37795162
0.32792,0.3345634
0.29576862,0.31318796
0.25119054,0.2727271
0.21515767,0.24268436
0.17920518,0.20522754
0.16492906,0.1813123
0.14800094,0.1805535
0.14917144,0.18145426
0.15962712,0.18639688
0.18760166,0.22090444
0.21728837,0.24760538
0.25938925,0.30408677
0.28823736,0.3096101
0.288981,0.32961476
0.2777775,0.30419904
0.26988667,0.26907426
0.2662948,0.25830704
0.25392032,0.26805764
0.2482249,0.23898444
0.24776307,0.24375449
0.27798623,0.2574194
0.309765,0.28724757
0.3148029,0.30070707
0.3006411,0.2712335
0.2894282,0.24625108
0.2667269,0.2409178
0.2353416,0.20573553
0.20529115,0.22300681
0.17936277,0.18583429
0.16920403,0.16883063
0.19757986,0.15895966
0.19492732,0.1635662
0.21336775,0.17977566
0.23634666,0.20106043
0.2536735,0.23978311
0.28709137,0.3297884
0.33242562,0.33583534
0.33168513,0.36676234
0.33078387,0.36836568
0.31827682,0.3359513
0.30057952,0.34630248
0.28458443,0.33807838
0.26727328,0.3090939
0.2682914,0.3270213
0.3065823,0.34637854
0.37498936,0.38074338
0.39141026,0.41842982
0.3862461,0.3957879
0.37418625,0.37308803
0.35579488,0.354342
0.32519546,0.31992742
0.30804136,0.31255847
0.28976062,0.28120336
0.28433344,0.26614404
0.27739343,0.2684203
0.2943257,0.28962043
0.3124708,0.3069715
0.383604,0.37852454
0.5115431,0.43984845
0.53057116,0.5119241
0.5205622,0.5084906
0.5406657,0.55410933
0.51658934,0.5305667
0.4915883,0.48867145
0.48306918,0.5016469
0.4644179,0.5008028
0.42571843,0.4511816
0.39893526,0.47393835
0.41977984,0.45249546
0.47692758,0.4871346
0.4816988,0.52647996
0.47236612,0.4910959
0.43914184,0.4632297
0.40870002,0.41785026
0.36499968,0.3712861
0.31243372,0.32992947
0.2932121,0.29807782
0.26606208,0.285903
0.2635614,0.27907103
0.2603583,0.28932038
0.2952734,0.3199777
0.35274103,0.39224893
0.45113906,0.46614483
0.4923794,0.534825
0.4889394,0.5385006
0.48389786,0.57647353
0.48336506,0.5774712
0.458914,0.5442355
0.45564413,0.5617646
0.43418744,0.55651677
0.39785817,0.51639736
0.3741085,0.50951314
0.39660105,0.5167873
0.45240816,0.5463687
0.46269217,0.57431954
0.46893397,0.5397682
0.46123102,0.49795815
0.4259282,0.45565912
0.38362014,0.41011304
0.33385128,0.34194583
0.32376352,0.30666447
0.30773765,0.29023457
0.29979047,0.28800517
0.31450492,0.2939437
0.33653983,0.33562368
0.4053143,0.40444693
0.5070892,0.46472254
0.55831087,0.5171527
0.5362107,0.5137894
0.5112519,0.53216636
0.5040505,0.52037865
0.458018,0.4840846
0.43423754,0.48417032
0.44284642,0.46775696
0.4231212,0.42936862
0.3900879,0.41892523
0.39380917,0.42913052
0.44869787,0.4468222
0.45675516,0.48216334
0.44477567,0.4501046
0.4364778,0.41557118
0.3972925,0.38060462
0.34687394,0.3382414
0.29060602,0.36272162
0.28725472,0.33634773
0.2581958,0.2862672
0.25763795,0.28884023
0.26529706,0.2881242
0.27812713,0.3061257
0.35832113,0.38569006
0.46148515,0.4158827
0.5098221,0.4893725
0.5092731,0.49388286
0.48163253,0.4946345
0.45697796,0.4715851
0.4458298,0.47337994
0.42497897,0.47864693
0.41206017,0.44031644
0.37899974,0.4100311
0.36509153,0.39928526
0.36742157,0.46024716
0.43119153,0.46187958
0.4332403,0.48344746
0.42957434,0.4613397
0.4140766,0.4078383
0.3855943,0.3901703
0.34384513,0.33824682
0.29167527,0.2734937
0.26055923,0.23947123
0.24684879,0.21200243
0.24290782,0.20917884
0.24358569,0.205925
0.27022275,0.2323738
0.32964367,0.26132858
0.41602463,0.30843303
0.46406046,0.34920824
0.46271828,0.37727618
0.45832747,0.3565037
0.4452187,0.36696038
0.4257659,0.35314047
0.42392328,0.32845333
0.40724668,0.31552887
0.39487374,0.29817787
0.38255665,0.28520715
0.3892112,0.32198504
0.41548818,0.3417997
0.3925385,0.35219765
0.3593288,0.31901485
0.33767486,0.27437776
0.29429805,0.24841103
0.2403847,0.22940552
0.20172435,0.19550794
0.16471668,0.1489729
0.14169444,0.12936072
0.14196685,0.13151038
0.13910662,0.128128
0.15330915,0.12421268
0.18451285,0.12896244
0.23212546,0.14478716
0.2629717,0.23371091
0.29809135,0.27364627
0.31329998,0.3094001
0.30896765,0.30306676
0.2902193,0.28561997
0.28230867,0.3065239
0.26537585,0.29116192
0.25524685,0.26854157
0.26260015,0.2885148
0.29335925,0.32491472
0.33961925,0.3455554
0.34724495,0.3779491
0.34792545,0.34446114
0.329962,0.29027465
0.309024,0.2775543
0.27676198,0.25410503
0.24405432,0.24739182
0.21858306,0.22658452
0.20500883,0.1869471
0.19448845,0.1750169
0.19776198,0.17233579
0.20017186,0.17160302
0.21884713,0.19258198
0.25985736,0.2201837
0.300532,0.30901897
0.3227861,0.32278323
0.32196626,0.34977618
0.30883875,0.34470603
0.30310002,0.33468285
0.2901635,0.32916096
0.28079012,0.331875
0.2689776,0.31166855
0.271674,0.31219482
0.30782324,0.35499892
0.37082765,0.38468155
0.38546437,0.3986311
0.38506046,0.37198055
0.3437152,0.34686673
0.33756003,0.34190595
0.30198848,0.29704696
0.2732056,0.27681896
0.26630318,0.25948718
0.2638766,0.23833178
0.262095,0.22789922
0.27144647,0.23538694
0.2977584,0.2786384
0.36487392,0.34229082
0.48070365,0.39864272
0.52850306,0.46117675
0.520141,0.45455182
0.5046819,0.4670727
0.4981797,0.46761742
0.46953827,0.4464868
0.46142304,0.4290191
0.45410886,0.41793182
0.43362334,0.39307073
0.42231235,0.37375915
0.45694146,0.41080925
0.50592023,0.43365473
0.50307304,0.45930728
0.46792367,0.43219876
0.48118845,0.41891098
0.43066448,0.39332238
0.37787098,0.35140157
0.3213834,0.3688797
0.32231277,0.33472037
0.29204005,0.30244592
0.2909974,0.27234256
0.26128614,0.28719914
0.32635394,0.34911564
0.36189523,0.42288756
0.46314827,0.4752386
0.5189293,0.549034
0.52525353,0.53728974
0.5266599,0.54095805
0.5357656,0.5529906
0.5414949,0.52455384
0.5364205,0.52859914
0.53375703,0.4956053
0.5120942,0.46233353
0.51436627,0.4563151
0.5141743,0.49108747
0.52347875,0.4892175
0.5212176,0.5234974
0.4998298,0.49917984
0.47004864,0.46362036
0.415985,0.41894677
0.35608813,0.37064058
0.2924617,0.3292274
0.24609578,0.29954264
0.21835501,0.2766635
0.20180732,0.2661803
0.19253778,0.29125017
0.20615168,0.30772364
0.24237919,0.38712722
0.33546588,0.4411923
0.3973713,0.5110455
0.42373332,0.5133397
0.42689833,0.54457533
0.4412689,0.537172
0.43399698,0.51424915
0.41477013,0.53072554
0.42546898,0.5190111
0.40883154,0.4795059
0.39756802,0.47992378
0.40034947,0.48193082
0.4231885,0.4886082
0.402739,0.5122656
0.38509175,0.49736118
0.35427526,0.44873378
0.31845686,0.4038397
0.2696675,0.36018434
0.2161591,0.25842273
0.17628023,0.22445096
0.15006015,0.20781429
0.14248452,0.19756922
0.1395314,0.20730557
0.14690089,0.23972341
0.16596128,0.30650127
0.19076769,0.35763323
0.2370929,0.41616714
0.28647614,0.42258248
0.31808898,0.4555502
0.34684053,0.4484995
0.3371436,0.44295442
0.29624924,0.4481054
0.23725155,0.44181862
0.20505685,0.4227669
0.18623495,0.41343516
0.19858024,0.4249916
0.22980952,0.4455733
0.23554355,0.4610475
0.23430312,0.442272
0.22990553,0.41766915
0.21488997,0.3849289
0.18973392,0.33595067
0.1485661,0.18092996
0.121404596,0.13959853
0.10686913,0.11536013
0.103190646,0.13023177
0.10578526,0.12619251
0.117525205,0.16197123
0.15320791,0.22652367
0.19668959,0.23869759
0.24325955,0.30657226
0.27681312,0.31576782
0.29862362,0.36113095
0.3109616,0.3209265
0.30858147,0.3076282
0.2938639,0.33304358
0.28817838,0.30234522
0.2773188,0.27222773
0.2925603,0.3022734
0.31078887,0.32370636
0.3733038,0.33485875
0.3744649,0.38313517
0.36506283,0.35858744
0.35004675,0.3319143
0.32535356,0.32264376
0.29150358,0.2688672
0.25218987,0.24039513
0.21488371,0.2064654
0.2066777,0.1894097
0.2010063,0.20609084
0.20195031,0.20700294
0.22422838,0.22076727
0.25661772,0.24978568
0.27467096,0.30229643
0.30620655,0.35058737
0.33346146,0.39044154
0.33760232,0.39402422
0.32745242,0.37388453
0.31099188,0.361204
0.29423386,0.3520384
0.26784366,0.33696944
0.26350242,0.31081387
0.26316324,0.33864784
0.3117929,0.3394271
0.37039503,0.38799325
0.38631496,0.42333415
0.384214,0.38327342
0.36344877,0.37498578
0.33954826,0.34039515
0.28587967,0.31184512
0.2515021,0.30503893
0.22700408,0.27034852
0.20433201,0.22995569
0.2035388,0.21060511
0.20220914,0.21503906
0.2104235,0.2558816
0.23400828,0.31120187
0.26712352,0.34535694
0.29630926,0.4308908
0.31621867,0.43207726
0.3215055,0.45736054
0.3022489,0.45893225
0.305082,0.4406144
0.30703002,0.45117462
0.29222947,0.43749204
0.2955865,0.41537482
0.29811484,0.4255284
0.3443362,0.45501915
0.3875695,0.4706203
0.39217216,0.49128008
0.3639988,0.4554705
0.3400169,0.43867728
0.30260843,0.40530032
0.26248902,0.3480518
0.21019024,0.2923515
0.21490462,0.25375113
0.219619,0.22814716
0.2243334,0.21128842
0.22904779,0.22886758
0.23376217,0.26634225
0.23847656,0.34711596
0.24319096,0.39171878
0.24790534,0.4906106
0.25261974,0.4695084
0.2573341,0.49885818
0.2620485,0.50328374
0.26676288,0.4526861
0.27147728,0.46834916
0.27619168,0.47638518
0.28090605,0.42511976
0.28562045,0.43709552
0.29033485,0.46603248
0.29504922,0.49557588
0.29976362,0.51711965
0.304478,0.48142993
0.3091924,0.46712157
0.3139068,0.434226
0.31862116,0.3820206
0.32333556,0.28268993
0.32804993,0.24731632
0.30865297,0.22805227
0.3021414,0.22587237
0.32275894,0.22889787
0.33656907,0.25415888
0.4141695,0.29822335
0.5033543,0.36671156
0.5539065,0.4343257
0.57635576,0.47709042
0.58329105,0.48253995
0.5978244,0.49217534
0.6054491,0.47724986
0.6019971,0.47995543
0.6038178,0.48139173
0.5899237,0.4495394
0.58392036,0.47249633
0.59805924,0.48653534
0.6553145,0.5415197
0.6367718,0.56362724
0.6363303,0.5119723
0.61462575,0.50482583
0.58803046,0.46473595
0.50787246,0.42599106
0.47053915,0.42525423
0.41768774,0.39195544
0.4029785,0.34017074
0.39232504,0.34154195
0.39484975,0.34499568
0.4220655,0.3417359
0.48652378,0.38845038
0.5810414,0.4089084
0.64476854,0.48729342
0.64517874,0.5184035
0.64781296,0.5315301
0.6404847,0.49911964
0.61932236,0.4870548
0.6273238,0.48009843
0.6076487,0.47338492
0.5809036,0.43754327
0.56417483,0.4505666
0.57840085,0.4926962
0.6259362,0.5338811
0.62279,0.5492571
0.61262864,0.4921981
0.5809965,0.47766393
0.5311405,0.4665544
0.45603552,0.41710654
