true,forecasted
0.09552334,0.0939869
0.06337291,0.068457484
0.047617044,0.05233187
0.042624515,0.044864617
0.045467854,0.043867815
0.05829729,0.06307277
0.100540094,0.095323905
0.14680645,0.12906054
0.18252291,0.16139916
0.19026113,0.17602316
0.2067211,0.19378126
0.22098655,0.19881043
0.23433042,0.20605783
0.24490409,0.21499649
0.25183088,0.22830653
0.25277844,0.22753648
0.2554913,0.2312534
0.26024064,0.24145646
0.24763833,0.24277094
0.22753161,0.23463002
0.21456543,0.21772568
0.19809401,0.19734581
0.15406767,0.17205724
0.1121761,0.13069698
0.06925936,0.08708349
0.04945067,0.064754575
0.039650522,0.050942224
0.030810146,0.043101504
0.03622511,0.047386505
0.054466385,0.06464797
0.10070033,0.0885569
0.13875684,0.12651251
0.15796621,0.15500912
0.17936876,0.18171173
0.19613256,0.20329663
0.21518838,0.22044092
0.2246095,0.22988413
0.2325506,0.24456102
0.24100392,0.26133844
0.25792825,0.26696318
0.26314536,0.26846856
0.26419654,0.26853967
0.24259184,0.268959
0.22223884,0.25488192
0.21313581,0.2409653
0.20335944,0.2169086
0.15917286,0.18404183
0.124225326,0.14675958
0.08982091,0.07585651
0.0654885,0.05523237
0.047741752,0.04365894
0.039997447,0.03796392
0.043942213,0.045192495
0.057072196,0.06972153
0.09762036,0.106722206
0.14130245,0.15007135
0.16600749,0.18883133
0.18692088,0.21256289
0.20743872,0.235747
0.2198765,0.25262657
0.23405321,0.26331902
0.2406228,0.2788929
0.24734238,0.30028275
0.26206475,0.30659997
0.25568807,0.3145299
0.2567678,0.3152121
0.23706748,0.3102034
0.21189615,0.2947449
0.1937393,0.27204457
0.17510696,0.2428758
0.13755523,0.20716126
0.10297423,0.16142742
0.07155169,0.07640025
0.047079265,0.052528713
0.029387807,0.03465372
0.022794573,0.027771555
0.020715987,0.028469909
0.022744332,0.038744643
0.035094105,0.058652986
0.065714285,0.08962248
0.099414,0.12160303
0.13066813,0.14736365
0.1557855,0.16849047
0.17395335,0.18704797
0.19474486,0.19766311
0.20946752,0.21607053
0.22927591,0.2365855
0.24517997,0.23995571
0.2645258,0.2507268
0.2737088,0.25711325
0.26662964,0.25492954
0.24843979,0.23798427
0.23340975,0.23072438
0.22098371,0.20717801
0.18628143,0.17532963
0.14683811,0.13848644
0.10938746,0.11681813
0.085113175,0.08929207
0.0654283,0.06296539
0.051125698,0.051103942
0.050949857,0.043822724
0.046466865,0.043709245
0.051590197,0.045622107
0.08060417,0.06797194
0.12518837,0.11042662
0.17556818,0.15311806
0.22206657,0.1929447
0.26621866,0.22407326
0.30344352,0.25801468
0.33882183,0.2817381
0.36794773,0.31529745
0.38808906,0.3327914
0.40051955,0.3405429
0.3986926,0.352613
0.38892442,0.3424257
0.36704043,0.31717777
0.34743595,0.29283074
0.33323398,0.27259722
0.29143798,0.24051608
0.2396281,0.2000831
0.20030296,0.20212373
0.16733217,0.17792495
0.1507402,0.15278685
0.13539876,0.13997814
0.13875565,0.14225763
0.16098271,0.15697464
0.20098045,0.18430054
0.25509292,0.23717204
0.27523488,0.27370924
0.29332975,0.3197714
0.32834,0.33462095
0.36713034,0.36438715
0.39000326,0.40189105
0.39859006,0.4202896
0.40651375,0.43467042
0.37341976,0.45072705
0.3666914,0.45897058
0.35071185,0.4574119
0.32966974,0.44865847
0.30982077,0.42028916
0.30019036,0.39341334
0.27867633,0.35683832
0.23334493,0.31642568
0.17914373,0.26723
0.13134846,0.14022847
0.09757309,0.1078116
0.07883773,0.085124284
0.062585264,0.07734332
0.06722299,0.076828055
0.08586247,0.099746875
0.12714298,0.13442639
0.17613183,0.18292964
0.2128348,0.21662983
0.22659577,0.2376474
0.24551277,0.24383263
0.26228875,0.2513866
0.2765059,0.2653749
0.28111583,0.27882245
0.30594587,0.29250798
0.30908486,0.29348132
0.32727605,0.30319825
0.34214884,0.31188157
0.3247988,0.31500107
0.2919484,0.29762685
0.27133426,0.27949384
0.24297652,0.25689593
0.2052491,0.2247256
0.15419744,0.17945994
0.10831279,0.124584705
0.08971805,0.09936853
0.06990683,0.07980879
0.06437757,0.0740101
0.06893874,0.0713093
0.0884879,0.09100674
0.13052738,0.12720667
0.18676525,0.16891344
0.21866404,0.2156896
0.24405506,0.25076038
0.26436198,0.2716083
0.26628464,0.28994292
0.26282966,0.30734617
0.25220487,0.33028534
0.25818613,0.34797502
0.25527292,0.3492193
0.27177927,0.36346957
0.28436345,0.37727594
0.27470362,0.36606362
0.24795255,0.3437264
0.22994286,0.32165608
0.2159845,0.28978568
0.17258526,0.2503677
0.13059768,0.19721395
0.09081397,0.102722466
0.06574952,0.07946196
0.046334278,0.06273818
0.04217384,0.05626587
0.04825902,0.06334547
0.069365785,0.08069967
0.1119741,0.11525317
0.15418911,0.15856194
0.18483903,0.1869283
0.20162824,0.20882003
0.21997474,0.22351597
0.24079151,0.23753607
0.26280275,0.24291915
0.27614617,0.2609342
0.30112085,0.27230158
0.30387458,0.27887425
0.32625964,0.28354117
0.3295871,0.27969274
0.3116226,0.2716538
0.2837573,0.25856614
0.26691383,0.24940625
0.24736631,0.22295247
0.20953737,0.18779235
0.16294685,0.1490542
0.16138992,0.109024346
0.15983298,0.08743447
0.15827605,0.06980097
0.15671912,0.06831407
0.15516219,0.069554456
0.15360527,0.09299757
0.15204833,0.1413274
0.1504914,0.1746737
0.14893447,0.2041713
0.14737754,0.21348515
0.1458206,0.22798364
0.14426368,0.234621
0.14270675,0.23973887
0.14114982,0.25571018
0.13959289,0.26057908
0.13803595,0.24537908
0.13647902,0.24749404
0.1349221,0.2617894
0.13336517,0.24846458
0.13180824,0.23044726
0.1302513,0.22535515
0.12869437,0.1991016
0.12713744,0.1691494
0.1255805,0.12600021
0.12402358,0.11357315
0.12246665,0.09120982
0.12090972,0.07016729
0.11935279,0.061078064
0.11779586,0.059438612
0.11623893,0.067602865
0.114682,0.080371805
0.11312507,0.10284542
0.11156814,0.13100508
0.110011205,0.16306071
0.10845428,0.19057336
0.10689735,0.21314844
0.105340414,0.23157959
0.10378349,0.25294378
0.102226555,0.27097127
0.10066962,0.28616637
0.0991127,0.29071426
0.097555764,0.2921491
0.09599883,0.28467274
0.094441906,0.2677946
0.09288497,0.2554175
0.09132804,0.23609059
0.08977111,0.20642303
0.08821418,0.1697821
0.08665725,0.085560665
0.062593885,0.060924027
0.04205924,0.03927852
0.033180214,0.031882465
0.028203145,0.028642692
0.03330552,0.038729515
0.0333293,0.063503176
0.059423238,0.087261
0.09544411,0.12700883
0.13230912,0.15214431
0.16186178,0.18130548
0.1855898,0.20040551
0.2092117,0.2191209
0.23199691,0.24561116
0.2554583,0.26844606
0.28398696,0.27522033
0.29594374,0.28724906
0.31559962,0.30582345
0.29744944,0.30368245
0.27991942,0.27758497
0.26958728,0.2619267
0.25674775,0.23937239
0.22977519,0.21001771
0.18455884,0.16425364
0.14426203,0.1135872
0.11106739,0.08671455
0.09282166,0.068647936
0.07962255,0.062174074
0.0794256,0.0596809
0.10097175,0.082477376
0.12625812,0.117121875
0.1754188,0.16605547
0.21839069,0.20528796
0.2609058,0.23793331
0.30560207,0.2599166
0.33929107,0.286323
0.37346688,0.3181256
0.40330774,0.3426893
0.42659283,0.36437342
0.45220697,0.37720644
0.46352562,0.38211548
0.46568447,0.39102533
0.44279283,0.37533593
0.3955768,0.34937656
0.35960603,0.32351187
0.33002394,0.28842145
0.284047,0.24923189
0.2259914,0.19648553
0.17403348,0.15545414
0.14686516,0.12870704
0.12973616,0.10484646
0.11552675,0.0981374
0.11785356,0.09975039
0.14047615,0.12537088
0.16877295,0.17033762
0.21649879,0.22361894
0.23565808,0.26346582
0.25685224,0.29469728
0.280852,0.30020803
0.3026117,0.32021913
0.31601238,0.35129356
0.33766034,0.37181377
0.36056358,0.39179602
0.38452825,0.40569827
0.3853202,0.42203945
0.38628486,0.43343732
0.35771668,0.43068755
0.33316472,0.4019935
0.3084793,0.3704348
0.29215074,0.340859
0.24006228,0.29877377
0.18707576,0.24292712
0.14676185,0.13763964
0.11442042,0.119257
0.089895226,0.09769502
0.08202815,0.092593454
0.08589562,0.09528016
0.103606544,0.11984432
0.1281677,0.15989245
0.17229751,0.2074708
0.19824414,0.23740438
0.21827519,0.27049533
0.22503312,0.27456802
0.23574072,0.29153877
0.2385457,0.31757206
0.24431844,0.32530537
0.24391727,0.33840212
0.2409669,0.34331262
0.23892161,0.34916463
0.22359547,0.35947824
0.21500719,0.35838756
0.20000374,0.33704782
0.19343221,0.3095042
0.17679194,0.27953613
0.14791322,0.24434444
0.10386637,0.1957272
0.07899827,0.07709277
0.060363833,0.057454474
0.04832011,0.04103298
0.04291481,0.03805218
0.04916424,0.043752193
0.07043837,0.06410591
0.1045079,0.10351997
0.14601895,0.13805452
0.16783279,0.17274916
0.18733901,0.19342902
0.200741,0.21416911
0.20311627,0.2335006
0.21110597,0.24221805
0.20753787,0.25784793
0.21473102,0.2752535
0.20331322,0.27940983
0.21478483,0.28359377
0.21171808,0.29403445
0.20557448,0.30006662
0.19418299,0.27836978
0.19223388,0.2581137
0.18915835,0.23633252
0.15249254,0.20083563
0.11776765,0.15652269
0.08708994,0.09541887
0.06394131,0.07483582
0.05308091,0.05825192
0.046717472,0.053403728
0.052985333,0.06090369
0.07375379,0.078811124
0.10806114,0.11558138
0.15819393,0.15562457
0.18680003,0.1850189
0.20858474,0.20667736
0.22358908,0.22586073
0.23522212,0.24393329
0.24060571,0.2509166
0.24452668,0.26887116
0.2505643,0.28093207
0.24363351,0.2834863
0.24619013,0.2917256
0.24870154,0.29306635
0.2420606,0.2891066
0.22665018,0.27126938
0.22448939,0.2564468
0.21357831,0.23306733
0.18679959,0.19548577
0.15571015,0.1558858
0.12905301,0.12315276
0.10299251,0.09775406
0.090616874,0.07534896
0.0796123,0.06794443
0.08119665,0.0652535
0.08636755,0.07159257
0.09904151,0.08318605
0.12890868,0.106118344
0.16436249,0.12448914
0.2100704,0.15471417
0.24015176,0.17389935
0.27039662,0.19113651
0.2809813,0.20685019
0.2788428,0.22907522
0.29223648,0.23672715
0.32320166,0.23835029
0.33795866,0.2504503
0.34910178,0.24549927
0.34893277,0.22959022
0.3297292,0.21976833
0.31260362,0.21508226
0.30138662,0.19951202
0.2633334,0.16658151
0.22332153,0.1401709
0.18202512,0.19249618
0.15348321,0.15940525
0.12607843,0.12384249
0.11440674,0.107539974
0.10350309,0.09129251
0.099328086,0.09020304
0.108768374,0.095065825
0.15071672,0.12024174
0.20679452,0.15998599
0.26530585,0.19411048
0.32175228,0.22207284
0.36446908,0.24504599
0.39301056,0.27327335
0.4176777,0.28786406
0.41899687,0.31178978
0.41167885,0.31339097
0.37902066,0.30902386
0.34402987,0.3301722
0.32849103,0.3315107
0.3174044,0.3106007
0.30255434,0.28057525
0.29402432,0.26497957
0.26564595,0.2448593
0.21789393,0.20695984
0.18701126,0.19261143
0.15489693,0.1610759
0.1370992,0.13689172
0.12652494,0.12267121
0.13255794,0.11652393
0.15056987,0.12638944
0.19065769,0.15271355
0.2502449,0.19798462
0.29034206,0.24415994
0.31922033,0.28783876
0.35456848,0.3125169
0.4044138,0.3438619
0.45606595,0.3758515
0.49829257,0.40884173
0.51580757,0.43432972
0.53156585,0.45311773
0.5239525,0.46398088
0.52394223,0.46533313
0.50301754,0.45493168
0.45847183,0.42732668
0.41208896,0.4004178
0.37508497,0.36880046
0.31272417,0.33091044
0.23493835,0.27632093
0.19666544,0.22314724
0.15884764,0.19146508
0.1459369,0.16890274
0.13496874,0.1582723
0.13228014,0.15268221
0.16242838,0.17188492
0.1948315,0.20532592
0.23924372,0.25791872
0.27594122,0.30117944
0.2929397,0.34055835
0.3065574,0.3576898
0.3276011,0.38954064
0.35596094,0.42051917
0.38774496,0.43690845
0.41499978,0.46017298
0.43083918,0.46531022
0.3929215,0.46097988
0.3624461,0.46049672
0.34405366,0.4677528
0.3179233,0.43546498
0.303863,0.39693606
0.2835357,0.368362
0.24618998,0.3297571
0.20042454,0.28122193
0.1550035,0.13925523
0.13094208,0.112209424
0.11510565,0.08936928
0.102104686,0.08079777
0.10748725,0.07755212
0.12927954,0.087715894
0.1736207,0.10974841
0.2238101,0.15307286
0.26580662,0.19226748
0.29924813,0.23484299
0.31931964,0.2587064
0.34643072,0.29040995
0.3683547,0.31734717
0.38462812,0.3450142
0.40884876,0.36537984
0.40968084,0.37943664
0.4089617,0.39222947
0.41418955,0.39610058
0.4035579,0.3858585
0.37680906,0.3594882
0.3443447,0.33652556
0.32431528,0.309325
0.27217555,0.26711798
0.22677904,0.2200816
0.17679134,0.14784959
0.13829486,0.1199708
0.11397435,0.096588224
0.10001124,0.08896405
0.09709789,0.0932488
0.11282239,0.11290613
0.15184164,0.14965871
0.19780624,0.2021722
0.2385081,0.23425782
0.26628196,0.2648617
0.30680993,0.27496988
0.34272394,0.29156783
0.37933922,0.3105011
0.40316355,0.33053407
0.43518245,0.340842
0.45675817,0.3523434
0.46810076,0.36465594
0.4748098,0.36170188
0.4566525,0.34463924
0.41387516,0.32621503
0.38139787,0.31063548
0.3541606,0.28117132
0.29775655,0.23973536
0.24658655,0.1944964
0.19454226,0.19139066
0.16175029,0.16543067
0.13945618,0.14072584
0.121571794,0.1324791
0.12565881,0.13147913
0.1393673,0.14837117
0.16973613,0.17348601
0.21757153,0.22246417
0.26523957,0.26900476
0.30749455,0.31988823
0.3511368,0.35442454
0.39431456,0.39718908
0.42485702,0.43556827
0.45500466,0.46784303
0.4809244,0.49783173
0.49071383,0.51860285
0.48849717,0.52796453
0.48597652,0.52748114
0.45640248,0.51225793
0.41276392,0.477772
0.37822157,0.4449827
0.34110507,0.41022754
0.2924624,0.3629467
0.2409351,0.30795038
0.19954905,0.18806267
0.16413507,0.15849723
0.14093398,0.12945464
0.12556309,0.11748349
0.11956709,0.109292895
0.12086263,0.11154224
0.12761372,0.11810675
0.16063088,0.15208477
0.20154782,0.18905744
0.2441432,0.24072592
0.26922652,0.27137965
0.3079751,0.3094171
0.34138334,0.3454075
0.37018326,0.36954018
0.40733054,0.39405143
0.41906717,0.4133403
0.43065146,0.41846204
0.40201902,0.4222391
0.37528786,0.40754035
0.34203097,0.38111943
0.3232406,0.34962988
0.30775112,0.32413656
0.27480426,0.28694484
0.24259764,0.24641807
0.21260755,0.19507173
0.18374206,0.16779009
0.16719067,0.13774273
0.15088187,0.121885575
0.14779341,0.11372058
0.14356357,0.11371797
0.15565975,0.12543537
0.17704254,0.14928484
0.22210877,0.19952315
0.28091204,0.24305667
0.33412954,0.28858817
0.39083356,0.3260451
0.43137875,0.36117566
0.46744213,0.3997071
0.4939261,0.44006684
0.49773204,0.4563135
0.50828874,0.47489884
0.5256076,0.4840701
0.5256696,0.47356564
0.4974517,0.43800968
0.47097412,0.41354045
0.44731358,0.3944093
0.39778396,0.3607418
0.35157812,0.30920592
0.30339387,0.33318296
0.2650658,0.30407837
0.23876584,0.27313447
0.2221669,0.25700235
0.20977594,0.25186205
0.22526738,0.2719541
0.25307515,0.3108777
0.31267288,0.3585535
0.36529034,0.42844278
0.388785,0.47695923
0.43325177,0.52683485
0.480749,0.5687162
0.51769114,0.6077875
0.55367875,0.6463294
0.5759657,0.683783
0.6056734,0.6936361
0.6223095,0.70450747
0.6293953,0.7017188
0.6081688,0.68621385
0.5487879,0.63657564
0.5123932,0.597165
0.47462502,0.55642694
0.4066896,0.51573944
0.3458968,0.44526815
0.28980592,0.3348725
0.25586453,0.29280713
0.23047186,0.26075217
0.21371312,0.24624783
0.20640196,0.23847768
0.205742,0.25665
0.21636145,0.2937841
0.2400226,0.3593675
0.27275556,0.42062712
0.32353416,0.47856945
0.38055897,0.5146222
0.4352422,0.55711025
0.47955215,0.59563947
0.5228897,0.62642395
0.55005145,0.65858644
0.5546107,0.6755237
0.55699104,0.6859442
0.5531826,0.68430233
0.5245339,0.6823784
0.49182865,0.6353736
0.45553398,0.57901335
0.43111387,0.5421501
0.39357507,0.49207973
0.34999436,0.4243003
0.29910353,0.29782137
0.26136228,0.25738746
0.23510231,0.22675219
0.21746391,0.2102313
0.21242456,0.20401186
0.23256056,0.2195291
0.27217674,0.23909883
0.34034672,0.29786983
0.40626642,0.35092592
0.46462703,0.4097877
0.52537435,0.4514454
0.57669747,0.4987584
0.62436146,0.54135996
0.6535107,0.5751763
0.6811844,0.60218847
0.69163066,0.6176279
0.6938422,0.61769474
0.6949479,0.6085771
0.66399205,0.595453
0.6249168,0.54946953
0.57576174,0.50717616
0.54851526,0.46428722
0.47829866,0.4202606
0.42333522,0.36579686
0.36072513,0.37112954
0.31662136,0.33390597
0.285321,0.29622677
0.26662815,0.28324777
0.26131457,0.2755901
0.2746146,0.29257867
0.31122527,0.33044186
0.37383208,0.3999946
0.44233665,0.45171648
0.5159773,0.51078784
0.5721711,0.5348909
0.62623584,0.5734653
0.65145737,0.61600596
0.6886815,0.64352757
0.7034612,0.6599504
0.7276074,0.6726256
0.7400248,0.68175733
0.7390615,0.6767151
0.7201736,0.65358233
0.6624483,0.6117043
0.61746424,0.57096606
0.57686585,0.5265777
0.49763304,0.4762833
0.43617046,0.4139567
0.37400183,0.38314122
0.33491242,0.34444615
0.3078776,0.30845475
0.2914976,0.29273868
0.29780158,0.28412482
0.30694756,0.28996214
0.33697644,0.31984213
0.37819618,0.37955135
0.4240942,0.4399719
0.47322336,0.49877834
0.5234609,0.54297495
0.57904714,0.5899706
0.61742634,0.6225022
0.65561545,0.65224004
0.6610529,0.6796189
0.62393546,0.68613863
0.5686217,0.6860454
0.56377184,0.678007
0.5666189,0.6770381
0.53933674,0.63110775
0.505108,0.5838429
0.47919154,0.5460538
0.42301565,0.49830115
0.38304064,0.44166642
0.33768532,0.32148996
0.2934916,0.28594604
0.26910776,0.24836919
0.24825995,0.22966066
0.23841193,0.21706504
0.23627523,0.20990838
0.2512017,0.21435647
0.2882764,0.25440496
0.3469114,0.30333903
0.41204602,0.36409736
0.47363955,0.4052127
0.5177778,0.44834772
0.5452544,0.48119187
0.5693091,0.50257623
0.559248,0.530459
0.5430306,0.53549135
0.52950376,0.5281167
0.4904888,0.5262016
0.43976888,0.5220311
0.40348744,0.48892367
0.3847219,0.44901365
0.37045884,0.42034343
0.33687523,0.38553345
0.30112666,0.34468883
0.26276678,0.25873667
0.232432,0.22063237
0.21249294,0.18780433
0.19351916,0.1694873
0.18863782,0.15370186
0.18649918,0.15526655
0.1961327,0.16856404
0.22612087,0.20779806
0.2640259,0.2453486
0.3196337,0.29144847
0.35972986,0.31501538
0.3909532,0.34606984
0.4015196,0.3814633
0.42012534,0.40451285
0.43532172,0.4196913
0.4633214,0.42726588
0.4498788,0.42470387
0.4156587,0.43168285
0.3679247,0.4353672
0.33480972,0.40498012
0.31853303,0.37367368
0.31572834,0.35284925
0.28523064,0.32149094
0.24244557,0.27340984
0.21119055,0.19575104
0.17947029,0.16746815
0.16134778,0.13689539
0.1523213,0.12750915
0.1533105,0.121695556
0.17772123,0.1265377
0.21055779,0.14503422
0.26492444,0.17599203
0.3058307,0.21088457
0.31682232,0.24803723
0.3403094,0.27174717
0.36373317,0.29826564
0.38941404,0.32251573
0.44080478,0.34972775
0.47968012,0.3656877
0.5085174,0.37812263
0.5398048,0.39431453
0.5600695,0.39781377
0.5479649,0.38494205
0.51124716,0.35844308
0.46420208,0.34199414
0.41583708,0.31884027
0.35916874,0.28429526
0.29548815,0.24248636
0.25013906,0.2407398
0.20122512,0.21265252
0.17364597,0.18248498
0.15516122,0.17141235
0.15298854,0.16854224
0.17695811,0.18523134
0.19974898,0.21326321
0.2629774,0.25636154
0.30887407,0.3070183
0.3547272,0.3513468
0.40270945,0.39200568
0.4418986,0.43418846
0.48232695,0.46967906
0.5150198,0.5072353
0.542757,0.53842235
0.57480705,0.5551876
0.6098909,0.5615828
0.6173104,0.56312865
0.60430676,0.5423694
0.5543143,0.5058143
0.5105579,0.47912428
0.4688468,0.44688612
0.40502602,0.40446037
0.34317595,0.34790647
0.28710186,0.2867767
0.23891507,0.25530702
0.21615677,0.21891406
0.19539218,0.20681515
0.18825194,0.203259
0.19882488,0.22072583
0.24584587,0.25301436
0.29779547,0.30836818
0.35279134,0.3636325
0.419154,0.42321628
0.47896427,0.45685822
0.53167164,0.50374794
0.58116424,0.55577743
0.607926,0.59044456
0.63214815,0.6241006
0.6547425,0.6500743
0.67034405,0.6615504
0.6701773,0.66748595
0.65028596,0.6409685
0.6038753,0.5947
0.5592639,0.5489503
0.5109546,0.51141423
0.44181195,0.4590552
0.3843982,0.3945899
0.32309225,0.33728698
0.2831596,0.29723555
0.25383574,0.25732452
0.2449524,0.24545068
0.23280627,0.23613933
0.24754512,0.2473704
0.29076704,0.2789755
0.35427535,0.34155563
0.39938542,0.39473727
0.4559249,0.45615453
0.5197913,0.4850493
0.5727341,0.52884704
0.62478983,0.57474554
0.6651834,0.60425085
0.692281,0.6294099
0.71261287,0.6514091
0.7143319,0.661618
0.71878964,0.6679432
0.6983216,0.6446531
0.6602423,0.596253
0.61479884,0.547492
0.5934755,0.5045454
0.5383588,0.45291442
0.48733762,0.39360055
0.42937982,0.40282372
0.38389963,0.35898194
0.35384682,0.3215667
0.32960492,0.30244243
0.32434484,0.28769615
0.33676404,0.28895202
0.35477298,0.30863383
0.41453528,0.3600017
0.46501872,0.41560814
0.50636894,0.4779591
0.54833674,0.5166738
0.6001979,0.5550742
0.6463045,0.5866622
0.6775745,0.61254185
0.6838928,0.6366225
0.69360197,0.6424966
0.68534976,0.6473578
0.66173065,0.63895917
0.6182021,0.6271339
0.5820601,0.5827677
0.55190086,0.5358847
0.5274813,0.49870098
0.4698351,0.45858192
0.41337174,0.40585655
0.36172608,0.32419604
0.32656673,0.27807924
0.28453425,0.2398853
0.2616438,0.21822295
0.24786782,0.19993584
0.24465676,0.19680245
0.25877059,0.20846935
0.30175096,0.24893579
0.3692146,0.30142447
0.43981543,0.3506868
0.50628436,0.38932896
0.5683788,0.42108488
0.61057717,0.45259833
0.6238387,0.47710845
0.6392597,0.5044579
0.6365816,0.5111549
0.6325013,0.5145223
0.6099914,0.521296
0.57523066,0.52176034
0.5420672,0.48360282
0.5060959,0.4438031
0.48303986,0.4202934
0.44718307,0.3894149
0.40498516,0.33914113
0.37464947,0.31273326
0.34338745,0.2750877
0.3245259,0.24301112
0.30661267,0.22736937
0.27997693,0.21468659
0.26727116,0.21192358
0.26459298,0.22611336
0.28168035,0.2694199
0.30580735,0.31583357
0.33923906,0.36521626
0.36785987,0.39641523
0.37731725,0.42784196
0.38791725,0.44892067
0.4051439,0.4751
0.4038005,0.4924514
0.40059876,0.48800445
0.40557316,0.50130117
0.42036095,0.49262252
0.43038896,0.49453694
0.4296969,0.46181053
0.41657954,0.44355115
0.40164447,0.41190833
0.36304244,0.3805604
0.3140405,0.33468404
0.26728216,0.27674875
0.24011773,0.24189155
0.21149318,0.20987287
0.20103501,0.19694859
0.20198973,0.19264424
0.21981867,0.20868759
0.24862947,0.23861532
0.3017108,0.28920847
0.35056618,0.33798325
0.40045622,0.38293356
0.44997394,0.41876376
0.5069792,0.4509757
0.54738486,0.4849345
0.5876723,0.51274645
0.6345818,0.5360903
0.6385116,0.5452942
0.6495001,0.5535716
0.6477824,0.5500849
0.6240709,0.53457385
0.5811086,0.50052077
0.5441237,0.46997306
0.50569636,0.43977365
0.4439769,0.39502096
0.3775991,0.3411547
0.32442304,0.31594673
0.28404537,0.2815263
0.2511168,0.2514283
0.23068635,0.24220306
0.22835137,0.23818986
0.24782829,0.2555056
0.28070304,0.29028365
0.33852112,0.35359687
0.38697886,0.40091112
0.43693805,0.45827526
0.49165398,0.48623395
0.53682786,0.531769
0.5770405,0.5693688
0.6129513,0.6017997
0.63785666,0.61949676
0.6780445,0.6346372
0.6725515,0.63614917
0.67617047,0.6208906
0.64121073,0.5989229
0.5925388,0.5615571
0.54940665,0.5262128
0.49681225,0.48872054
0.4266685,0.4317127
0.36088404,0.37760225
0.30661654,0.31882784
0.2681291,0.2850261
0.24440734,0.25300992
0.22494379,0.24285895
0.22649753,0.23954979
0.24688917,0.25490972
0.27542394,0.2902423
0.31265756,0.3453744
0.3469896,0.3911486
0.36133888,0.44347304
0.37982854,0.46448702
0.39327496,0.50343066
0.42275584,0.5379636
0.4403003,0.5638576
0.47034806,0.5829202
0.51659644,0.5960459
0.53452766,0.6078383
0.5465049,0.59895265
0.5284359,0.5893616
0.4976592,0.54725486
0.47155946,0.51345706
0.44927147,0.47915795
0.39642838,0.4311397
0.3384245,0.3749817
0.28451285,0.28145197
0.25317502,0.25319895
0.22221743,0.2255128
0.2094904,0.21484685
0.20984937,0.21736725
0.22176601,0.24004073
0.26190066,0.28135392
0.32047874,0.33736268
0.379749,0.38333806
0.4249529,0.42868632
0.473952,0.45852023
0.51814556,0.4939386
0.54474205,0.5260085
0.571134,0.5527576
0.57060736,0.5765645
0.5721336,0.58611596
0.59185725,0.5859078
0.59730166,0.5804403
0.59486026,0.56000787
0.5287705,0.5233358
0.4973667,0.48544878
0.45905468,0.4451775
0.4106213,0.39905572
0.3446097,0.34432724
0.34213692,0.2549433
0.33966413,0.21857283
0.3371913,0.1826812
0.33471853,0.17218319
0.3322457,0.16725025
0.32977292,0.17678814
0.32730013,0.19523232
0.3248273,0.251461
0.32235453,0.28773087
0.3198817,0.3429013
0.31740892,0.35520542
0.31493613,0.38967764
0.3124633,0.4264465
0.30999053,0.44893953
0.3075177,0.46580932
0.30504492,0.48936343
0.30257213,0.50218177
0.3000993,0.49745104
0.29762653,0.48242736
0.2951537,0.45334584
0.29268092,0.42420915
0.29020813,0.39392185
0.2877353,0.34640282
0.28526253,0.3018262
0.2827897,0.22175023
0.28031692,0.19323575
0.2778441,0.15735887
0.2753713,0.14590079
0.27289852,0.13469796
0.2704257,0.13583107
0.26795292,0.15383159
0.2654801,0.17592233
0.2630073,0.21221319
0.26053452,0.24766831
0.2580617,0.2758398
0.25558892,0.30228648
0.2531161,0.3248589
0.2506433,0.3458906
0.24817051,0.36582944
0.2456977,0.37983912
0.24322492,0.3833405
0.24075212,0.40018204
0.23827931,0.38973087
0.23580651,0.3605216
0.2333337,0.3340129
0.23086092,0.31342098
0.22838812,0.2867124
0.22591531,0.24307224
0.22344251,0.14614181
0.2209697,0.11972539
0.2184969,0.085550204
0.21602412,0.07223684
0.21355131,0.05807897
0.21107851,0.051738176
0.2086057,0.053690918
0.2061329,0.06529266
0.20366012,0.11031607
0.20118731,0.150757
0.19871451,0.19480547
0.1962417,0.22521275
0.1937689,0.26021504
0.19129612,0.29049864
0.18882331,0.32416028
0.18635051,0.337223
0.1838777,0.34971932
0.1814049,0.37809572
0.1789321,0.36399588
0.17645931,0.3342644
0.17398651,0.31171593
0.1715137,0.29179943
0.1690409,0.26782674
0.1665681,0.22228187
0.16409531,0.118183106
0.16162251,0.08902291
0.1591497,0.06382194
0.1566769,0.05352048
0.1542041,0.046761695
0.15173131,0.047299676
0.14925851,0.059886854
0.1467857,0.07276768
0.1443129,0.1161941
0.1418401,0.14683312
0.13936731,0.188902
0.13689451,0.2138746
0.1344217,0.23822208
0.1319489,0.26369306
0.1294761,0.29869163
0.1270033,0.30542013
0.1245305,0.31526515
0.122057706,0.33138546
0.1195849,0.32882077
0.1171121,0.30056715
0.114639305,0.27580172
0.1121665,0.2614145
0.109693706,0.23151442
0.1072209,0.19216353
0.1047481,0.08450347
0.08023138,0.063020125
0.059041236,0.04295369
0.04877376,0.038317524
0.043606285,0.041343935
0.05085547,0.06493576
0.05908523,0.09827206
0.0827657,0.13151604
0.11361137,0.16956407
0.15527761,0.18934542
0.18793817,0.21102159
0.21952467,0.22517177
0.23852,0.24435446
0.2706841,0.26091304
0.29354423,0.28738365
0.3256224,0.2940469
0.34798312,0.3031366
0.35610747,0.31816638
0.3397086,0.31135663
0.30734026,0.2893558
0.28879577,0.27029702
0.2596345,0.24594007
0.22516213,0.21535616
0.18832062,0.1671139
0.16304316,0.11753303
0.13443275,0.08981024
0.121150255,0.07209961
0.10008451,0.06537803
0.08906284,0.07075033
0.091638334,0.088974096
0.09331113,0.11529817
0.11571641,0.16698399
0.16267692,0.20196381
0.23448932,0.24585998
0.29937673,0.26898652
0.3524181,0.30559328
0.42944092,0.3410483
0.47805667,0.370935
0.5207647,0.40202323
0.54873765,0.42219743
0.5680726,0.43907627
0.56032175,0.4339879
0.52319217,0.40601438
0.48188877,0.375592
0.44560957,0.35416874
0.3993105,0.3192482
0.36101052,0.27066404
0.3132221,0.22289087
0.26829618,0.22545469
0.22965822,0.1894171
0.20440677,0.15794769
0.18894625,0.14899245
0.18556543,0.1456901
0.19516045,0.15615954
0.2019328,0.18705024
0.21720944,0.2524576
0.2550864,0.28778803
0.31604776,0.34118354
0.3975313,0.353117
0.48746753,0.39350766
0.5399931,0.43751085
0.5816941,0.47344407
0.6205334,0.49369743
0.6517278,0.5186484
0.67671996,0.5402757
0.68436724,0.53988284
0.6658688,0.5099238
0.64221674,0.47149664
0.6115179,0.44439742
0.55916595,0.40554285
0.48954108,0.35192555
0.43699348,0.2990294
0.38161668,0.29700842
0.33918005,0.2561101
0.31134805,0.22279292
0.29030016,0.20936966
0.28677619,0.20360641
0.31381622,0.21524933
0.33935678,0.24703309
0.37877274,0.30469573
0.4137347,0.34258416
0.47308615,0.39219433
0.5403748,0.4081059
0.5890371,0.43478894
0.63833886,0.46962017
0.6948908,0.49093917
0.72060215,0.5107319
0.73690796,0.5246462
0.7455333,0.5334871
0.75258505,0.5263066
0.7291714,0.50201494
0.6912103,0.4669811
0.6549616,0.4270465
0.58777857,0.39202163
0.5084558,0.34478724
0.44162095,0.29928365
0.3884452,0.30869293
0.34167275,0.26773092
0.31259412,0.23077548
0.2846166,0.21504354
0.28365564,0.2047245
0.30331436,0.20872326
0.3443068,0.24035439
0.38651899,0.29577196
0.44964024,0.35158443
0.51506585,0.4043702
0.5858849,0.43830687
0.62922543,0.47394076
0.6891924,0.5081077
0.7257973,0.54309344
0.7404236,0.5650914
0.77129304,0.5790341
0.775274,0.5921073
0.7800542,0.59640115
0.7499917,0.58061767
0.69832516,0.5377826
0.6533047,0.50220877
0.5931708,0.46659788
0.5092832,0.4197777
0.43579173,0.3585554
0.38392654,0.33678198
0.33461902,0.2931495
0.3057012,0.2595603
0.28652945,0.2439307
0.28182915,0.23641503
0.29857272,0.2521112
0.34059197,0.2837369
0.3811498,0.3463935
0.43956584,0.41981342
0.49877104,0.47747773
0.58227223,0.53208
0.6435613,0.5767655
0.71029586,0.6171025
0.7576183,0.6473691
0.7795566,0.68276477
0.8071885,0.6974865
0.80413425,0.6975194
0.77770555,0.6948284
0.704087,0.68146116
0.6354291,0.63521856
0.58372116,0.5846302
0.5122463,0.5398536
0.44329464,0.49052846
0.3781437,0.42755318
0.33333313,0.33207265
0.2908494,0.28726122
0.2628851,0.25613478
0.2492484,0.24127424
0.24498242,0.23247345
0.26324525,0.2405787
0.30383816,0.2709448
0.33845496,0.33466017
0.38905314,0.39424232
0.43395543,0.44935924
0.51102763,0.49006438
0.5750582,0.5318956
0.6327399,0.56429
0.69878966,0.5863098
0.72651875,0.60790926
0.73831636,0.6176175
0.71219385,0.609545
0.64550626,0.59823656
0.58472,0.598505
0.5418919,0.55936486
0.50914466,0.5136777
0.4662221,0.47376594
0.40606338,0.4255448
0.34011483,0.3737958
0.28960437,0.29953405
0.24935214,0.2616302
0.22019532,0.22481874
0.20086363,0.20952812
0.19334674,0.19534397
0.19785544,0.1900109
0.20781003,0.19382189
0.22921957,0.23106866
0.2798139,0.26502448
0.3236046,0.31870845
0.38177514,0.338997
0.42461905,0.36698705
0.47098053,0.40151936
0.50608397,0.40943578
0.5375511,0.42138842
0.5608364,0.42948228
0.49608436,0.42521495
0.44004714,0.42557967
0.4076821,0.4268407
0.39234242,0.40142763
0.371634,0.36889827
0.33949888,0.3451038
0.29416555,0.31247833
0.26385453,0.28158283
0.22444555,0.21560189
0.18626478,0.18752939
0.16934387,0.16001192
0.15737744,0.1445171
0.15149738,0.13384557
0.15491374,0.13254164
0.1612036,0.13683034
0.18542214,0.15386313
0.19951546,0.18779236
0.23112276,0.22740984
0.26507857,0.26202944
0.29625794,0.28974202
0.31334266,0.31770462
0.34321147,0.3375775
0.3796854,0.35851622
0.41596848,0.3684105
0.424519,0.37263343
0.40807655,0.37272003
0.38578677,0.36996454
0.3665924,0.34415704
0.3625256,0.32015416
0.3254928,0.30328977
0.27931726,0.27913153
0.23942076,0.24310547
0.20571078,0.18232284
0.17938943,0.15579954
0.1620388,0.13068646
0.15109903,0.119354315
0.1600977,0.11588642
0.18676867,0.12789015
0.24015385,0.15488231
0.28015903,0.19618337
0.3116614,0.23799971
0.3274195,0.2801487
0.35718498,0.3103404
0.37931857,0.35087556
0.41934782,0.38631946
0.47149926,0.42220408
0.4967143,0.4516106
0.5188684,0.4695465
0.5052677,0.48105028
0.48153248,0.4840574
0.45613003,0.4773828
0.43497643,0.44222713
0.4167011,0.41393372
0.38111442,0.38892084
0.3198953,0.34818542
0.26922816,0.2942278
0.26722792,0.21138015
0.26522768,0.1803927
0.26322743,0.15265101
0.26122716,0.14322013
0.25922692,0.14062876
0.25722668,0.15806304
0.25522643,0.18407951
0.25322616,0.23568264
0.25122592,0.2685229
0.24922568,0.31317326
0.24722542,0.32829693
0.24522518,0.35837072
0.24322492,0.39452595
0.24122468,0.41833934
0.23922442,0.4378811
0.23722418,0.45881066
0.23522392,0.47026008
0.23322368,0.46876207
0.23122342,0.44737765
0.22922318,0.42089188
0.22722292,0.3913677
0.22522268,0.36013746
0.22322242,0.3160203
0.22122218,0.26951918
0.21922192,0.20322058
0.21722168,0.17714404
0.21522142,0.15285711
0.21322118,0.13781148
0.21122092,0.12880597
0.20922068,0.13794684
0.20722042,0.15564074
0.20522018,0.17964035
0.20321992,0.21861124
0.20121968,0.24940304
0.19921942,0.2851628
0.19721918,0.30912378
0.19521892,0.32818347
0.19321868,0.3518639
0.19121842,0.38065854
0.18921818,0.3896168
0.18721792,0.39441913
0.18521768,0.3978489
0.18321742,0.38267344
0.18121718,0.35980314
0.17921692,0.33513856
0.17721668,0.31527254
0.17521642,0.29158893
0.17321618,0.2467973
0.17121592,0.14063878
0.16921568,0.1138193
0.16721542,0.097174436
0.16521518,0.08423089
0.16321492,0.08283719
0.16121468,0.095928356
0.15921442,0.11279081
0.15721418,0.14227775
0.15521392,0.18237525
0.15321368,0.21179451
0.15121342,0.25092983
0.14921318,0.2703766
0.14721292,0.2861027
0.14521268,0.30398843
0.14321242,0.33199304
0.14121218,0.34019035
0.13921192,0.34397438
0.13721168,0.34179768
0.13521142,0.3308767
0.13321118,0.31618303
0.13121092,0.29028895
0.12921068,0.26446557
0.12721042,0.23757245
0.12521018,0.1984164
0.12320992,0.08583054
0.12120967,0.062090416
0.11920942,0.045791056
0.117209174,0.03990283
0.115208924,0.0413724
0.113208674,0.05783228
0.111208424,0.080220565
0.109208174,0.11147146
0.107207924,0.14269266
0.105207674,0.16473672
0.103207424,0.18422437
0.101207174,0.1962994
0.099206924,0.20490652
0.097206675,0.21726122
0.095206425,0.23569778
0.093206175,0.24169658
0.091205925,0.24735513
0.089205675,0.24959438
0.087205425,0.25332177
0.085205175,0.24125013
0.083204925,0.23073992
0.081204675,0.2071073
0.079204425,0.17925993
0.077204175,0.14336903
0.075203925,0.06322323
0.05123599,0.041953027
0.0341437,0.01978388
0.021972444,0.01592464
0.019603267,0.020027038
0.022560762,0.036415365
0.024578553,0.054713394
0.04244258,0.09145999
0.08986342,0.12126888
0.105201006,0.15490049
0.14030181,0.17725211
0.17618786,0.20416796
0.19454955,0.23130907
0.21722357,0.24445418
0.2194374,0.2632916
0.22009455,0.27788788
0.22701599,0.27369702
0.23289157,0.28399172
0.23341806,0.28296062
0.23713793,0.26467788
0.22760089,0.2445217
0.19961905,0.21845283
0.1718492,0.18001384
0.13839564,0.14572196
0.11643643,0.09908813
0.08650519,0.07875084
0.074845254,0.06417526
0.06608098,0.05908937
0.074931175,0.06287703
0.097110964,0.07693894
0.14264645,0.099889554
0.18743502,0.13277847
0.20985532,0.16314971
0.2278781,0.19463873
0.22541483,0.22085759
0.24283294,0.2442207
0.24926683,0.2545427
0.24651565,0.2724988
0.24822977,0.28688884
0.24244365,0.294932
0.24533708,0.3000902
0.25770038,0.2912372
0.24968554,0.2805843
0.24324319,0.268856
0.22858815,0.2548748
0.18989368,0.22999863
0.14898463,0.19327459
0.11465319,0.15944998
0.07952564,0.10471223
0.056166235,0.08013361
0.042637892,0.06751776
0.03580921,0.064268805
0.03585232,0.0741944
0.06663883,0.10586324
0.11224447,0.15517522
0.14425117,0.20749544
0.17476834,0.23171836
0.19193317,0.24437127
0.19808197,0.24958308
0.21105574,0.2546947
0.23131926,0.25672036
0.23120824,0.26620662
0.23436907,0.27103993
0.23985195,0.2731295
0.24998714,0.27363926
0.25447175,0.265811
0.24095249,0.2577106
0.23621532,0.25274485
0.21570371,0.24025783
0.17438084,0.21309398
0.13346109,0.17476362
0.08715207,0.13670254
0.057580695,0.07787275
0.03502127,0.0592862
0.02685572,0.0377242
0.019322189,0.033781923
0.031206718,0.040323343
0.059821744,0.06342415
0.10411133,0.10109189
0.13777344,0.1356379
0.16653903,0.16309083
0.18406074,0.17648444
0.19808672,0.1862604
0.20314318,0.18893674
0.22621228,0.19871627
0.2350002,0.20873746
0.25071502,0.22068703
0.25751606,0.22310616
0.26647952,0.23298252
0.27141094,0.24566786
0.26189768,0.24399334
0.25224528,0.23135902
0.23279674,0.2205967
0.1902198,0.19900586
0.15056928,0.17055291
0.10005761,0.12861352
0.06576349,0.084444955
0.045392048,0.062041756
0.030905869,0.04576425
0.027341774,0.041144557
0.031545915,0.045786005
0.06053715,0.07555385
0.10070226,0.11231722
0.13565561,0.14842895
0.15490675,0.18081266
0.18236683,0.19854666
0.19113097,0.21349487
0.19386342,0.22335017
0.20876534,0.24008434
0.22186188,0.25013718
0.2236643,0.27113566
0.2360585,0.27631038
0.24121588,0.27641535
0.23414744,0.28824756
0.21107893,0.28843975
0.21160243,0.27387506
0.19237182,0.2514786
0.1650394,0.22615433
0.1261242,0.19587249
0.09656323,0.15123348
0.058023047,0.06990135
0.041970797,0.047753926
0.027510926,0.030982506
0.018004939,0.029156014
0.024295542,0.037979875
0.053968143,0.06658907
0.09999741,0.1092541
0.13686182,0.15501735
0.17068774,0.17270145
0.17120336,0.18492576
0.1899347,0.18452905
0.2015771,0.18695226
0.20373416,0.19735186
0.20180571,0.20231602
0.20049128,0.20245391
0.2050425,0.20262069
0.19235814,0.20373878
0.18684745,0.21065436
0.17955858,0.21051791
0.17518008,0.20411602
0.16057588,0.19353414
0.1339797,0.16970421
0.10729684,0.1363646
0.074230336,0.099682406
0.0513549,0.050956
0.03220365,0.035606857
0.015106157,0.019142624
0.00832742,0.020064637
0.010646504,0.023819547
0.015485636,0.038673334
0.0323126,0.05376448
0.05306664,0.08296109
0.08852462,0.09268908
0.11989305,0.12041175
0.13532087,0.12806422
0.14482181,0.13829377
0.14239407,0.15052032
0.14010693,0.14931881
0.13580945,0.14678696
0.13078853,0.14515619
0.13288659,0.15020512
0.1367059,0.143521
0.13935526,0.14345735
0.14256975,0.14100811
0.13144404,0.14076596
0.10963643,0.11903073
0.0895486,0.08822814
0.066356264,0.06828028
0.046613127,0.07251999
0.027853096,0.05006335
0.02023796,0.02866685
0.011051252,0.024003945
0.013832905,0.021754451
0.032212865,0.025369197
0.039468586,0.040384773
0.052445177,0.05781892
0.08420855,0.08047661
0.11239148,0.10503345
0.13599792,0.12386134
0.15221651,0.13325338
0.16478433,0.14258386
0.16647303,0.15020752
0.16699892,0.15705764
0.17570657,0.15012635
0.17956705,0.15712763
0.189285,0.16634591
0.18603127,0.17088008
0.18569638,0.1622443
0.17313242,0.1531666
0.14604333,0.14220236
0.12050872,0.113397226
0.09058819,0.08807924
0.06432718,0.06711763
0.04671435,0.051787663
0.036518525,0.03674606
0.027236091,0.03601776
0.049326256,0.04630395
0.072470136,0.07390067
0.10605941,0.12218496
0.14056593,0.1629538
0.1683786,0.1850529
0.18416984,0.19755483
0.20039615,0.20151465
0.20399964,0.2006233
0.20403233,0.20264788
0.20140736,0.20095491
0.1967451,0.20520818
0.19898392,0.19649825
0.19416471,0.19558993
0.19593531,0.20040081
0.19338226,0.2055312
0.19524072,0.19772251
0.17341736,0.18404713
0.15166907,0.1579652
0.118097484,0.12723976
0.07923594,0.09296201
0.051850464,0.051154573
0.03403207,0.03424615
0.019447045,0.020441275
0.013639524,0.02046831
0.02945425,0.032584753
0.061306067,0.0619761
0.102348305,0.11107156
0.1415654,0.15680104
0.16448557,0.17759562
0.16765755,0.1920467
0.17605484,0.19332752
0.18424208,0.1958647
0.18677819,0.20028134
0.1859944,0.19939926
0.17672238,0.20320562
0.18960859,0.19967592
0.18269132,0.20118858
0.19916809,0.20797993
0.19361876,0.21533133
0.19444089,0.20666124
0.17756769,0.19060081
0.15109293,0.16576858
0.10626973,0.13129146
0.08267012,0.09316559
0.052054252,0.054119464
0.034204792,0.030268593
0.01927938,0.021728069
0.01626139,0.023136407
0.036904544,0.033768885
0.059545718,0.07080056
0.10423499,0.12493901
0.13623084,0.17577276
0.1522489,0.19768763
0.1515894,0.2051419
0.15638691,0.20009866
0.16784246,0.19878145
0.17716056,0.19991991
0.17475854,0.20136422
0.17521963,0.2052156
0.186054,0.20204411
0.18643482,0.20469171
0.18849646,0.20368846
0.18464772,0.21631855
0.18903379,0.21260025
0.17922117,0.19626161
0.14198054,0.17378016
0.10528811,0.13689834
0.06928061,0.099208035
0.042267185,0.05769274
0.028809596,0.041981667
0.017462403,0.025034793
0.015334617,0.02584932
0.028032655,0.03604159
0.059274748,0.06470431
0.104218945,0.11916033
0.13917288,0.16056688
0.16129322,0.18330085
0.16742136,0.1914257
0.17074184,0.19191615
0.17528279,0.19370434
0.1845416,0.19640015
0.18100515,0.19956297
0.18000108,0.20336184
0.18330356,0.19938931
0.18728356,0.20257121
0.18562429,0.21628176
0.18404543,0.2230923
0.1937173,0.21117331
0.17695841,0.1977436
0.14950174,0.17739345
0.11270392,0.14377323
0.08004172,0.10236947
0.07896883,0.05771922
0.07789595,0.03799753
0.07682306,0.023245431
0.07575018,0.023510426
0.074677296,0.03137699
0.073604405,0.058460817
0.07253152,0.10252763
0.07145864,0.144297
0.070385754,0.16326246
0.06931287,0.17767888
0.06823998,0.17775306
0.067167096,0.18111204
0.06609421,0.18632458
0.06502133,0.18982902
0.063948445,0.18995762
0.062875554,0.1854362
0.06180267,0.18818316
0.060729787,0.19172591
0.059656903,0.19677494
0.058584016,0.18979195
0.057511132,0.17765465
0.056438245,0.15724336
0.05536536,0.120650284
0.054292478,0.08621031
0.05321959,0.0740421
0.032330588,0.051163446
0.020298012,0.032348316
0.011921095,0.029586695
0.012779789,0.027401816
0.024373874,0.03405166
0.039800648,0.048097674
0.06702767,0.066507764
0.105401374,0.08161889
0.11263109,0.10493529
0.12653029,0.11445609
0.13740392,0.123249605
0.13550934,0.13224179
0.1408638,0.13995892
0.1351807,0.14159808
0.14483532,0.14011633
0.15189931,0.15008444
0.15556195,0.15205385
0.15886874,0.15658581
0.16133781,0.15345933
0.14409718,0.15083438
0.12475121,0.1400931
0.09877187,0.11226592
0.07334919,0.08919144
0.045203425,0.062845096
0.035548497,0.039917007
0.01798829,0.021640778
0.014813931,0.017496318
0.011432514,0.019434921
0.013251573,0.036818683
0.028242683,0.05970963
0.047216754,0.09217134
0.06679758,0.118273325
0.09749267,0.14135084
0.128425,0.15530731
0.15051205,0.16681784
0.16726841,0.18409339
0.1774788,0.19804722
0.19447239,0.20956692
0.20366713,0.21721898
0.22376923,0.22482745
0.23370108,0.22939345
0.22848827,0.22492552
0.23488872,0.21226886
0.21508805,0.2038396
0.18395402,0.18024139
0.13739158,0.14876431
0.11124338,0.113407426
0.08486167,0.09001663
0.051563144,0.067159556
0.036028013,0.048814278
0.03626985,0.044751994
0.055430613,0.046804063
0.079385474,0.06726721
0.12685254,0.103113264
0.15724233,0.14640614
0.1775008,0.1793792
0.20062521,0.20774633
0.22801232,0.22102769
0.24778578,0.23511074
0.27285394,0.2639717
0.29504964,0.28203055
0.31427047,0.30022433
0.3214776,0.3098151
0.3216564,0.323605
0.32113838,0.33298954
0.31429216,0.3208999
0.31252378,0.30303687
0.28187522,0.2818658
0.24229218,0.2506593
0.18798886,0.21355839
0.13970353,0.16717197
0.10529614,0.10457981
0.07836416,0.07620528
0.059231047,0.063776255
0.056723338,0.05927261
0.06733372,0.06312526
0.08332607,0.09245582
0.1423618,0.13304447
0.16490339,0.18468446
0.18815221,0.21757427
0.20829386,0.24028087
0.23770842,0.25329527
0.26691756,0.26768747
0.28938437,0.2824893
0.3176403,0.29598287
0.34303904,0.31684792
0.3518415,0.32479092
0.36795396,0.32687333
0.37039968,0.32581645
0.35363695,0.32227945
0.33535433,0.305753
0.30440596,0.28310016
0.2587297,0.25582486
0.20719258,0.21567614
0.1565733,0.16938338
0.12144352,0.11691406
0.10164524,0.08844643
0.07747693,0.073304355
0.0724523,0.065748684
0.08336739,0.070372514
0.09670474,0.0966011
0.1466538,0.13437204
0.1837657,0.18751924
0.2094864,0.22650969
0.22908118,0.25930178
0.27537325,0.2767142
0.30862436,0.29674378
0.33970654,0.3234827
0.36883911,0.34127083
0.38712275,0.367741
0.4077017,0.3854198
0.41765377,0.39434263
0.40070668,0.3934959
0.37221622,0.38730407
0.3577663,0.3641585
0.3114096,0.332027
0.2670809,0.30122057
0.2066609,0.2584461
0.14986487,0.207479
0.11833367,0.10885441
0.08314384,0.079678096
0.06929087,0.06695829
0.056898735,0.059256695
0.06328283,0.06188779
0.08797212,0.08892751
0.1286667,0.123043224
0.16695255,0.1712633
0.191705,0.20954648
0.21261527,0.23774824
0.2396565,0.2573619
0.26507902,0.27755702
0.28404552,0.297121
0.304036,0.31480244
0.31911853,0.34182996
0.3330904,0.35149503
0.34070063,0.3553978
0.33948892,0.35703596
0.32568038,0.35897434
0.3166282,0.33750135
0.28953466,0.3087958
0.2445203,0.27865237
0.206359,0.2412878
0.1631206,0.19383025
0.16039638,0.12489435
0.15767215,0.09241604
0.15494794,0.07278478
0.1522237,0.0628018
0.14949949,0.061946522
0.14677526,0.071444206
0.14405105,0.092003554
0.14132681,0.14332256
0.1386026,0.18050984
0.13587837,0.22280204
0.13315415,0.24556369
0.13042992,0.27384385
0.1277057,0.2967286
0.12498148,0.31845465
0.122257255,0.33289224
0.11953303,0.34443516
0.11680881,0.3541625
0.11408459,0.35063502
0.111360356,0.34905615
0.10863613,0.32765585
0.10591191,0.3019285
0.10318769,0.27402896
0.100463465,0.22890073
0.09773924,0.18846273
0.09501502,0.11334315
0.0922908,0.096007206
0.08956657,0.07623488
0.08684235,0.06874279
0.08411813,0.061969157
0.081393905,0.06424347
0.07866968,0.07655212
0.07594545,0.08038994
0.07322123,0.098198846
0.070497006,0.118895076
0.06777278,0.1397295
0.06504856,0.13439524
0.062324338,0.13957775
0.059600115,0.14167178
0.056875892,0.14404854
0.05415167,0.12554206
0.051427446,0.13051715
0.048703223,0.14070995
0.045978997,0.13861364
0.043254774,0.1367858
0.04053055,0.13606948
0.03780633,0.11902556
0.035082106,0.10637509
0.032357883,0.08483456
0.029633658,0.0456436
0.008047233,0.028618148
0.00028405146,0.016761377
-0.010636843,0.011172511
-0.008030734,0.012729398
-0.0009729989,0.021284726
0.01308034,0.032882426
0.02751509,0.05663821
0.051087197,0.07359948
0.07429425,0.0995626
0.084762976,0.11274007
0.10209889,0.11490968
0.103423566,0.12105165
0.104615964,0.120898925
0.10534459,0.12231619
0.10531963,0.117985114
0.1156638,0.12332015
0.1274358,0.129279
0.13705416,0.1402253
0.14786565,0.14421022
0.13723847,0.13965672
0.11180019,0.12237529
0.08960152,0.098607525
0.057081264,0.07493751
0.03728298,0.04522719
0.022161812,0.029890796
0.013524476,0.02095037
0.011343776,0.020502068
0.023786448,0.026561137
0.052910272,0.042854253
0.103664815,0.06491937
0.14532064,0.09768286
0.15925269,0.11273149
0.15479645,0.13364127
0.15608755,0.14130089
0.1634048,0.14571045
0.1620284,0.14799792
0.16230486,0.14841819
0.15819378,0.14757115
0.1584365,0.14404885
0.17688052,0.14700621
0.17875384,0.14534102
0.18963593,0.15101151
0.18512352,0.1557884
0.16836582,0.15299428
0.13580455,0.13033411
0.09603303,0.09965387
0.06884257,0.07423778
0.046913974,0.049073074
0.02808438,0.030547755
0.022523006,0.021515936
0.017251482,0.0194088
0.03112987,0.029966779
0.067522496,0.058248468
0.123554215,0.103233576
0.15176627,0.14425679
0.1633501,0.17156821
0.16608448,0.18169712
0.17118998,0.18454355
0.17295226,0.18207367
0.17337129,0.17808776
0.17539814,0.17833269
0.18659505,0.18847913
0.17353866,0.18375406
0.18260258,0.18784653
0.18830918,0.19299583
0.19099168,0.20620753
0.20024082,0.20608951
0.18013427,0.19151375
0.1493592,0.1718301
0.104474604,0.13832852
0.071334824,0.10170235
0.046826426,0.06371859
0.03433396,0.044099394
0.017227996,0.03705972
0.014578187,0.033266656
0.035740837,0.04656664
0.067624316,0.08281708
0.11701806,0.13262554
0.14807732,0.18305206
0.15747257,0.20927736
0.1553711,0.2186638
0.16630463,0.22250058
0.17350774,0.22248884
0.17592774,0.21930501
0.17696376,0.22211134
0.17321357,0.23265418
0.19089894,0.23211925
0.19403896,0.23178867
0.19598451,0.23112322
0.19781323,0.23689318
0.19744816,0.23413472
0.17716399,0.21693383
0.14656238,0.1929637
0.10969039,0.15615848
0.0672325,0.11376341
0.040854063,0.057029653
0.030713677,0.03927441
0.017729657,0.029581476
0.011978767,0.027334943
0.02911416,0.039167847
0.06963408,0.0683518
0.12110611,0.11376896
0.14800167,0.15908359
0.15184936,0.18253863
0.15395783,0.19357583
0.1607382,0.1955614
0.16848607,0.19898015
0.16729309,0.19850706
0.17183717,0.20298228
0.16805977,0.21360007
0.19287154,0.21430777
0.18193696,0.2171034
0.18280073,0.21889736
0.18453357,0.22354344
0.18744111,0.21902342
0.16616192,0.20639113
0.14806588,0.18412003
0.10775048,0.14812455
0.069798775,0.107383415
0.050615117,0.059160147
0.025167614,0.04006798
0.010390843,0.027289052
0.015636357,0.02435764
0.036803912,0.028157894
0.0581598,0.04715889
0.10327924,0.08250988
0.1339895,0.11299001
0.1464338,0.13619545
0.15006152,0.1495493
0.1553011,0.15683006
0.15605752,0.15727255
0.15819229,0.1608645
0.15887856,0.16054496
0.16183695,0.16776428
0.16843463,0.16523175
0.17105056,0.16984534
0.16221093,0.17844915
0.16064262,0.18627654
0.15837437,0.18436868
0.13925256,0.17181991
0.116630994,0.15527438
0.08102854,0.12859297
0.05607839,0.0943878
0.03617784,0.035192292
0.017978778,0.022056507
0.006603193,0.009803787
0.005672854,0.008457832
0.0027702078,0.010219234
0.029796865,0.022953939
0.0468077,0.04244101
0.054614726,0.07209928
0.08830032,0.08801752
0.10613685,0.1158253
0.13351147,0.12938067
0.13929,0.1376898
0.14617458,0.14677313
0.14641419,0.14876941
0.15305944,0.14352435
0.1549176,0.13994502
0.15236321,0.14487413
0.15178783,0.15142377
0.15959932,0.15728338
0.15169121,0.15912123
0.13995013,0.15698707
0.12110759,0.13136339
0.09112508,0.1059969
0.0735781,0.08150893
0.045396507,0.048693467
0.032165002,0.031654388
0.020308118,0.017521191
0.013823838,0.011281781
0.014465369,0.013359359
0.03463986,0.019775871
0.036839735,0.036261655
0.054996435,0.057545207
0.07838349,0.08113761
0.089556776,0.1038502
0.10674107,0.1186907
0.107044145,0.1188643
0.11670353,0.120912224
0.113764025,0.1201875
0.11095606,0.124288015
0.12453078,0.12013747
0.12794445,0.12611838
0.13212733,0.14103742
0.15759505,0.15326989
0.16043645,0.15715328
0.15135945,0.15038984
0.12529539,0.13430761
0.093790345,0.11226949
0.07246255,0.08429691
0.045315202,0.04121345
0.035564404,0.03098469
0.028516924,0.021688659
0.033581987,0.026898779
0.054115742,0.04022499
0.08265169,0.07320937
0.13075048,0.120371506
0.17898141,0.16319603
0.18695536,0.18167925
0.1745448,0.18614787
0.17765747,0.17882967
0.1767698,0.17430195
0.1825079,0.17191061
0.17567343,0.16984954
0.180168,0.16841793
0.18014823,0.16126662
0.18412629,0.16537718
0.18653575,0.16962366
0.20277707,0.178079
0.20197679,0.1798965
0.18215963,0.1753388
0.15123296,0.1506792
0.114590764,0.11845845
0.08111936,0.081695616
0.05666002,0.05088677
0.038602907,0.03546198
0.024135308,0.023236435
0.028813908,0.02551771
0.035261177,0.04039687
0.07609116,0.07843411
0.12426382,0.13640036
0.16786104,0.18559934
0.1695041,0.20269433
0.16117743,0.20945
0.16796717,0.2015813
0.17374735,0.1958775
0.17815675,0.19754525
0.17777193,0.19692144
0.17441116,0.19452178
0.17424217,0.18936601
0.18628797,0.19255906
0.19033603,0.19907917
0.19638614,0.20278904
0.19568545,0.19916825
0.18144408,0.19026121
0.14656505,0.1637775
0.10964327,0.1287644
0.079114504,0.08960129
0.050570376,0.06040557
0.03577547,0.040080566
0.027037062,0.0300182
0.024268785,0.029763699
0.038392432,0.042096857
0.079126835,0.07949643
0.12802947,0.13495687
0.1639735,0.1789996
0.17395781,0.19874611
0.17146929,0.1998012
0.17028165,0.19173637
0.16252574,0.18250453
0.17447479,0.18142363
0.17733507,0.17913648
0.17233303,0.18286642
0.17128943,0.17713057
0.18190902,0.18146563
0.17507768,0.18826918
0.19060151,0.2016419
0.19665205,0.20008078
0.178222,0.18911934
0.15131739,0.17005073
0.10219669,0.13781834
0.071845844,0.099427015
0.054758612,0.05029385
0.038985357,0.03645311
0.027605463,0.02668259
0.026592478,0.02983012
0.046924528,0.046004
0.07972764,0.08567682
0.13749935,0.13962667
0.1795293,0.19155061
0.18171088,0.20817229
0.17387755,0.21189496
0.16661766,0.20039183
0.16502587,0.1978702
0.17174515,0.19682583
0.17272305,0.19598702
0.16599308,0.19720444
0.17402232,0.19627924
0.18468815,0.19564566
0.17418851,0.19802476
0.19473043,0.20349999
0.18487217,0.20359658
0.17433432,0.19565861
0.13681218,0.16957252
0.104522616,0.13269031
0.07482623,0.093870446
0.050767772,0.04451331
0.03657694,0.023913994
0.022210713,0.01306117
0.020548172,0.015785418
0.028259777,0.028774653
0.06945601,0.05789421
0.11521342,0.101513445
0.15019307,0.15348716
0.1636948,0.16372868
0.16644643,0.18145737
0.17784534,0.17381716
0.17167708,0.18006775
0.17648172,0.18657292
0.17934245,0.18998155
0.17546056,0.18685588
0.17629325,0.18764167
0.17736064,0.18853256
0.1745399,0.18006746
0.18164013,0.18351229
0.17533289,0.18213986
0.15396674,0.17184563
0.1355465,0.14875127
0.1027752,0.106209666
0.068134,0.07723597
0.0500812,0.055986974
0.02793485,0.036469344
0.01640676,0.023468267
0.012771911,0.022471331
0.010633722,0.024244968
0.021578696,0.03547711
0.036683813,0.052441936
0.065824576,0.08066834
0.08931271,0.090041585
0.10998425,0.11492214
0.11707305,0.11631976
0.11125765,0.12289249
0.12039219,0.13161108
0.12100592,0.13265699
0.11255573,0.12732807
0.118770376,0.12884915
0.122473896,0.13475882
0.12025351,0.12610544
0.13396691,0.12894468
0.13876234,0.13716005
0.12483772,0.13546802
0.1027428,0.117037356
0.07829178,0.08831115
0.059189875,0.07125513
0.04000815,0.042863127
0.022338545,0.027266469
0.012498413,0.014890049
0.014731138,0.010176279
0.01222001,0.012043529
0.024426643,0.019741382
0.033163566,0.033510435
0.053268492,0.056290947
0.07486518,0.074102335
0.09154736,0.09887698
0.105066046,0.11297494
0.10610266,0.116389856
0.11436275,0.12384236
0.112283565,0.12430399
0.113433,0.12507167
0.11672939,0.12125127
0.12058022,0.12552062
0.13674633,0.13447218
0.16194144,0.14363283
0.16792732,0.14606807
0.15379225,0.14277446
0.1265881,0.12512916
0.09867868,0.10093913
0.08189704,0.07711386
0.05676793,0.038830478
0.038995463,0.020010302
0.023964223,0.01403841
0.027038548,0.015798457
0.04653093,0.028865788
0.0838588,0.06022708
0.12777649,0.10418878
0.17481785,0.14584379
0.1831851,0.16442221
0.18185402,0.17564629
0.17800707,0.17044231
0.17526199,0.16548899
0.16551311,0.16504127
0.16871066,0.16348535
0.16430838,0.16600874
0.17315738,0.15848522
0.17823227,0.16545177
0.18191066,0.16408451
0.19847365,0.17667153
0.19369218,0.18010734
0.18178327,0.17043544
0.15497422,0.15347628
0.11820836,0.115618795
0.09391684,0.083172284
0.059906024,0.052880835
0.04830807,0.041660015
0.051514838,0.036333222
0.044155955,0.04299269
0.0620182,0.05761972
0.10330198,0.09562943
0.16792436,0.15182087
0.2045786,0.19969451
0.21233895,0.2148571
0.18742892,0.21271925
0.18261403,0.19750324
0.16627267,0.19142167
0.17227803,0.1842126
0.16973406,0.18376702
0.16530457,0.18408504
0.17478143,0.17975338
0.17753528,0.18253124
0.18329018,0.18109937
0.19946387,0.19169499
0.19611427,0.19580409
0.17364523,0.19028753
0.14631802,0.16389105
0.10885696,0.13176985
0.086079635,0.09212104
0.063590966,0.05659293
0.043854512,0.042872544
0.030889073,0.031926278
0.027172325,0.0322221
0.046511754,0.045555968
0.08783195,0.07963286
0.13874272,0.13219874
0.16993546,0.17287289
0.17806028,0.19718817
0.17487611,0.19976026
0.17439897,0.19712105
0.17236423,0.19735181
0.1672742,0.19587521
0.17296727,0.19988665
0.1727889,0.21063074
0.19566567,0.2123145
0.19341467,0.21438599
0.19537865,0.22138882
0.20801531,0.22435185
0.19417392,0.21968596
0.1801784,0.21052432
0.14677212,0.18779236
0.10699792,0.15265268
0.07387791,0.109156795
0.050953124,0.048069734
0.03554731,0.028613685
0.0292628,0.018742908
0.025636276,0.015273057
0.039705966,0.026392858
0.06794984,0.05500735
0.12080125,0.09146723
0.15930323,0.1279346
0.16487485,0.1506058
0.17262273,0.1646631
0.1784582,0.17001256
0.17917062,0.17212513
0.19573672,0.18049346
0.19734636,0.18396854
0.20996888,0.19822314
0.20637877,0.2034187
0.21941066,0.20861165
0.22380891,0.20528336
0.224013,0.20883544
0.21239379,0.20260563
0.1926682,0.18994972
0.15759654,0.16904743
0.11864864,0.13476697
0.089416906,0.099185914
0.05870278,0.057939414
0.040365186,0.034979235
0.030430816,0.024829723
0.023438185,0.022621952
0.034468032,0.033300705
0.07282167,0.058367796
0.105544664,0.10061675
0.14386234,0.14630434
0.15712163,0.1615726
0.16874798,0.17751242
0.18707532,0.17553878
0.19371225,0.1812242
0.1963799,0.18845908
0.197532,0.19954914
0.19371285,0.20333305
0.20168605,0.20459162
0.19856893,0.2089853
0.20253286,0.20598377
0.2025614,0.20593174
0.19495265,0.19882327
0.17303832,0.18786602
0.14536256,0.16900587
0.10586305,0.12847123
0.081528716,0.093101166
0.06222778,0.061874796
0.044184048,0.0356357
0.029832242,0.020361077
0.022148136,0.014479265
0.021541685,0.015775926
0.029604524,0.021468312
0.05239122,0.024335897
0.06525216,0.05064077
0.09462838,0.066339165
0.12946087,0.10119535
0.14555386,0.12053169
0.16733262,0.13505177
0.17711835,0.15868254
0.18408631,0.16637686
0.19970825,0.18242928
0.20244278,0.19264218
0.20733513,0.20597574
0.20676881,0.19663216
0.21588342,0.18890858
0.20267332,0.18367769
0.18793876,0.17278337
0.16283195,0.15993257
0.13210236,0.12369241
0.09834022,0.100087814
0.07406252,0.07673909
0.05263722,0.058436677
0.03319062,0.04109953
0.019642508,0.03307181
0.014238396,0.03050261
0.01893394,0.030443516
0.03258892,0.039862745
0.03974595,0.058273815
0.06342538,0.0832368
0.08764377,0.11314073
0.10171019,0.13493192
0.11365002,0.14115793
0.12744309,0.1450212
0.12766069,0.14305702
0.1321685,0.1497589
0.123703,0.14863648
0.13481906,0.15100807
0.15185992,0.15609021
0.16823144,0.16752541
0.16404054,0.16657756
0.14759676,0.15650038
0.12292145,0.1381018
0.08610877,0.11873424
0.06447433,0.093576536
0.04462135,0.044801313
0.027405243,0.020643892
0.021903178,0.012038004
0.015999485,0.006420128
0.021565763,0.015268647
0.06863388,0.034610018
0.11063649,0.073229454
0.15150526,0.112408996
0.16941878,0.1362966
0.17355752,0.1494743
0.16884534,0.15478575
0.17932744,0.15431316
0.18385695,0.15566161
0.18822801,0.15683988
0.18128651,0.16379279
0.1882735,0.16512938
0.18372644,0.16621259
0.20187557,0.1722133
0.21137011,0.19385082
0.19744535,0.19322444
0.1785499,0.17519528
0.15462701,0.15680413
0.11066725,0.1276356
0.08001199,0.09646651
0.053574543,0.048097763
0.037069682,0.029552585
0.028915875,0.019181378
0.02105786,0.019528583
0.047277253,0.030240104
0.07820185,0.05736666
0.13447897,0.096191965
0.17506815,0.13726556
0.19218631,0.15686351
0.1828792,0.17382383
0.18169023,0.17611456
0.17583142,0.17305636
0.1721887,0.17980067
0.17071806,0.17497236
0.16836686,0.16988045
0.18617068,0.16888407
0.19843365,0.1739168
0.20114456,0.18315084
0.19818023,0.19640158
0.19022143,0.20120427
0.18285988,0.19219306
0.15098265,0.17242642
0.13054238,0.1418213
0.09958612,0.1146661
0.07787915,0.06461984
0.05712244,0.05032848
0.046035957,0.040361
0.045941867,0.04442189
0.06080916,0.0592899
0.10814022,0.09572439
0.15952782,0.15656826
0.20832567,0.2017393
0.21515553,0.22319973
0.20712109,0.2249434
0.1994667,0.21666233
0.20330578,0.20489383
0.19552685,0.20648386
0.19072473,0.20169058
0.18802468,0.19928995
0.19794582,0.19262998
0.2092453,0.19532843
0.2262768,0.21640684
0.25616536,0.2334215
0.2544315,0.23713581
0.24345902,0.22902063
0.20612578,0.21262427
0.17482468,0.18315828
0.14192599,0.150208
0.12050263,0.124938756
0.107478775,0.11899813
0.105758116,0.11186445
0.10633513,0.11684514
0.13281836,0.13271524
0.17240943,0.16814324
0.23330183,0.22258247
0.2769643,0.26703
0.28537643,0.28457075
0.26190972,0.2769667
0.2300041,0.26498705
0.22295126,0.24938017
0.20990303,0.23463751
0.20440513,0.22601044
0.19228813,0.22325733
0.19312854,0.21138431
0.20768027,0.20956288
0.22523527,0.22212657
0.2538274,0.23773965
0.25422323,0.2484137
0.24461097,0.23803249
0.21974659,0.2193646
0.179764,0.1992636
0.15494257,0.1592412
0.13216494,0.13315873
0.12040571,0.12412922
0.1179255,0.11397502
0.11205288,0.11703905
0.14054528,0.13043748
0.1828022,0.16248514
0.23454684,0.21420915
0.2832616,0.2543878
0.28819898,0.26755977
0.26284215,0.25678366
0.22528149,0.23872223
0.2191046,0.22391985
0.20546925,0.20634419
0.19604753,0.19692925
0.18220408,0.19351658
0.18786371,0.18539798
0.18290046,0.18047506
0.20055534,0.19090527
0.21621057,0.2075764
0.21058112,0.21973345
0.20088369,0.21294439
0.1763151,0.19508615
0.15437803,0.17983341
0.12759084,0.13972697
0.100232564,0.10518634
0.08353848,0.09745853
0.079459496,0.08589625
0.07488093,0.087487526
0.0819348,0.09290356
0.104077585,0.109294854
0.13964748,0.13493259
0.15767011,0.16022551
0.18440217,0.16700226
0.19272141,0.17338055
0.19272424,0.16846307
0.17956051,0.16085547
0.1714724,0.15595938
0.16420984,0.14904076
0.15393776,0.14180806
0.15935896,0.13429426
0.15016824,0.13495244
0.1624529,0.13916941
0.18454799,0.14468105
0.1796659,0.16082834
0.16540743,0.1639641
0.13798837,0.14820547
0.1218774,0.1315291
0.098315544,0.10511364
0.08325012,0.08816926
0.06500914,0.075466834
0.055582374,0.06297338
0.05191319,0.060878657
0.05294877,0.06121465
0.06001929,0.07296212
0.082897544,0.091151714
0.10068502,0.104426354
0.11878911,0.12654218
0.1339684,0.13094717
0.14319271,0.134918
0.13719076,0.13020653
0.13096927,0.126039
0.1309941,0.12297482
0.12717256,0.13236922
0.12693593,0.1302983
0.1429256,0.13134056
0.14718221,0.14108855
0.17686744,0.16069126
0.17523359,0.1700149
0.16160001,0.16348188
0.15529692,0.15352279
0.12747416,0.13896374
0.09890089,0.10817778
0.069945484,0.0772704
0.058698617,0.068647414
0.045479745,0.058037262
0.042495795,0.059551604
0.04539948,0.068684794
0.06490866,0.0919022
0.11632985,0.12657587
0.16247624,0.16309562
0.20169526,0.1816699
0.19733194,0.1901539
0.1855458,0.19057094
0.19193198,0.19100586
0.18869758,0.18666263
0.17929712,0.18222457
0.17595926,0.18619919
0.17455624,0.18077208
0.1879468,0.18177289
0.19796276,0.18527935
0.23216131,0.19439408
0.22602841,0.19623421
0.2108304,0.18742576
0.18919522,0.16622089
0.16307066,0.144712
0.12021085,0.10702978
0.09417235,0.082866296
0.06884851,0.059192695
0.04971391,0.04718708
0.043144755,0.046078295
0.041440595,0.0542089
0.05313739,0.08716713
0.09673877,0.13646948
0.13224714,0.18529299
0.16956237,0.2052418
0.18994422,0.21793227
0.19118582,0.21601626
0.19226746,0.2154488
0.19225097,0.21376276
0.19381897,0.22064221
0.19073097,0.21895218
0.1898589,0.21484934
0.19488576,0.21522057
0.20406593,0.22030425
0.23052953,0.23183247
0.22845319,0.22499417
0.21970943,0.21072546
0.19525722,0.18899517
0.16470377,0.15347289
0.11745119,0.11279212
0.09274674,0.08804794
0.06715907,0.06631462
0.053775653,0.051262725
0.044678874,0.051196538
0.047451608,0.05767664
0.065152876,0.087387264
0.10970778,0.13569714
0.15581478,0.17391631
0.18325184,0.19967005
0.19792679,0.20623735
0.19054903,0.20068648
0.1813928,0.19244626
0.17458256,0.19662772
0.1757956,0.19271132
0.17345467,0.19347346
0.16973376,0.19202046
0.18218625,0.19635023
0.2034843,0.2176988
0.23686622,0.24376848
0.24272949,0.24432613
0.22897834,0.230945
0.21472344,0.21889465
0.19298331,0.19641738
0.14400978,0.16145405
0.122845046,0.09326306
0.120819695,0.08024227
0.118794344,0.05901363
0.116768986,0.055403523
0.114743635,0.062099915
0.11271828,0.08661488
0.110692926,0.13847105
0.108667575,0.16749257
0.10664222,0.1970968
0.104616866,0.1927073
0.102591515,0.19341967
0.100566156,0.18851717
0.098540805,0.18056245
0.09651545,0.1840984
0.094490096,0.19602913
0.092464745,0.19186787
0.09043939,0.19343886
0.088414036,0.2248892
0.08638868,0.24600422
0.08436333,0.23790629
0.082337976,0.22222358
0.08031262,0.21070834
0.078287266,0.18735486
0.07626191,0.13641237
0.07423656,0.10305427
0.072211206,0.08372863
0.056682464,0.06924729
0.047698054,0.063873164
0.047669664,0.059167642
0.050975125,0.07799523
0.096996516,0.10935372
0.13876516,0.13546482
0.17895153,0.16992873
0.1978232,0.1852725
0.203157,0.2086632
0.20853494,0.21480645
0.2149516,0.21561344
0.2176674,0.21769083
0.21810262,0.22737828
0.2086271,0.22092806
0.2243262,0.2160501
0.22026935,0.23891373
0.24815263,0.2596198
0.24625018,0.25595528
0.22889078,0.244039
0.21742587,0.22267596
0.19154909,0.2128504
0.16067755,0.18006179
0.12911811,0.12852046
0.114708334,0.1128249
0.09966431,0.09858397
0.0893845,0.09788015
0.088016264,0.104396515
0.09339838,0.12309028
0.110034935,0.16433783
0.15031287,0.20812604
0.16248472,0.23471516
0.17072251,0.23998757
0.16845277,0.22924565
0.16247149,0.2224758
0.15834613,0.2118502
0.14836568,0.20581594
0.14505993,0.20332044
0.14411487,0.19956382
0.15815379,0.20150879
0.1675382,0.2164309
0.1945812,0.24061579
0.18909237,0.24866419
0.18132293,0.23621565
0.16980004,0.21736552
0.14193417,0.1960273
0.13572621,0.15437281
0.10776267,0.13003606
0.09786413,0.115538746
0.08699362,0.09956834
0.08179864,0.09840139
0.0831486,0.100395516
0.08964729,0.11070582
0.117666274,0.13615327
0.13051504,0.16342351
0.14987989,0.18961316
0.1625803,0.19961008
0.16819146,0.20080093
0.16766587,0.19553775
0.16019358,0.19104688
0.16050974,0.18907449
0.15891439,0.19004741
0.16159883,0.18524566
0.1821354,0.19229731
0.19980799,0.21393679
0.24776794,0.2497899
0.25154027,0.25662726
0.2482656,0.2487233
0.23996492,0.23920694
0.21015929,0.23042855
0.19526881,0.20135689
0.15533334,0.1456107
0.14875305,0.13633467
0.13958357,0.12549953
0.13554442,0.12760866
0.13489576,0.14104041
0.17094561,0.16877691
0.21943101,0.2255896
0.2683396,0.26143348
0.3033888,0.28751275
0.29835376,0.27321392
0.2739298,0.2611227
0.2386774,0.23736438
0.23542248,0.22197975
0.22410084,0.21024147
0.21468316,0.21298754
0.21180712,0.19819732
0.2259654,0.19914486
0.24143513,0.23198101
0.28171974,0.26054963
0.28263462,0.26557118
0.2670625,0.25055584
0.25920165,0.23797168
0.22322981,0.22220734
0.185415,0.17464918
0.1612036,0.159056
0.1370066,0.1372715
0.125168,0.12045352
0.11884841,0.11853004
0.1230197,0.12682758
0.13759463,0.15570125
0.1894439,0.22218557
0.23537372,0.28017664
0.25591668,0.31707987
0.2431253,0.31304646
0.2328021,0.29340336
0.21182717,0.2815248
0.21394025,0.26840675
0.20624024,0.26868156
0.20234974,0.27212277
0.19751179,0.26171356
0.20636019,0.26702845
0.23071237,0.29621556
0.2767431,0.33470163
0.28084663,0.33041668
0.2659817,0.30933592
0.25230443,0.290149
0.22364734,0.26391962
0.18052563,0.20908225
0.1562228,0.11603284
0.13705431,0.10774745
0.12269255,0.09519243
0.12013162,0.09895303
0.12845176,0.10938025
0.15726121,0.13943693
0.2024954,0.19533134
0.2564255,0.23653889
0.29093796,0.26224533
0.28013778,0.25600648
0.25401634,0.24482776
0.22436722,0.23359275
0.21973366,0.22205935
0.22586119,0.2148917
0.21363391,0.21922216
0.21166249,0.20943037
0.22695103,0.20745663
0.24228832,0.2330443
0.2715107,0.26044953
0.26653555,0.26042503
0.2544991,0.2402733
0.23958828,0.22552738
0.19806279,0.20437638
0.15869053,0.15415731
0.13259095,0.14356013
0.10697503,0.11971017
0.09039674,0.10069451
0.08645822,0.09920124
0.09245095,0.09490687
0.116131715,0.10932604
0.15675494,0.15556443
0.22145669,0.19736475
0.24667558,0.24367884
0.24143647,0.24491526
0.22041844,0.238306
0.21056627,0.23275687
0.20019594,0.22709243
0.20623489,0.22560129
0.19402736,0.23458508
0.18982516,0.23181628
0.18980688,0.24142414
0.21462028,0.2695672
0.23924996,0.30608618
0.2363983,0.30028903
0.22428784,0.28376612
0.21024892,0.26297376
0.17849788,0.24616858
0.1480525,0.19222465
0.122253016,0.103410035
0.09246016,0.09095312
0.081913695,0.076735064
0.07922271,0.07681506
0.0777644,0.084153615
0.10073779,0.104389615
0.13828252,0.13860206
0.18497889,0.16965446
0.21892907,0.19021618
0.2128363,0.19066268
0.20655477,0.18434839
0.19733565,0.18231322
0.19509475,0.17638725
0.19371492,0.17452615
0.19000724,0.18007812
0.18523143,0.18323226
0.18241099,0.18202457
0.21485008,0.18900697
0.22665627,0.20798513
0.21561365,0.21332964
0.1994612,0.20396927
0.17966084,0.18933554
0.14935221,0.16597083
0.117319494,0.12885685
0.094958805,0.080084324
0.0684402,0.058948882
0.05098315,0.047462326
0.0386637,0.04102163
0.034734245,0.037017476
0.035441924,0.046212662
0.057907853,0.071862355
0.070699535,0.09115965
0.090575404,0.12602684
0.12625782,0.14365444
0.1402092,0.16407958
0.13641426,0.16869125
0.14037032,0.16951302
0.14202707,0.17378783
0.1365461,0.18401515
0.13882804,0.17721769
0.15112564,0.1771311
0.16574752,0.19375136
0.20145373,0.2206123
0.1989261,0.21764135
0.192527,0.20797795
0.1822607,0.19431053
0.16855846,0.17963697
0.14702778,0.15510632
0.13244408,0.14420456
0.11404644,0.12888885
0.10474498,0.11390257
0.09732278,0.10884491
0.09459107,0.10804793
0.10263354,0.12049146
0.12459603,0.14312166
0.13488387,0.17254756
0.15699366,0.20038116
0.16602445,0.20924671
0.16724433,0.21181048
0.16136873,0.20436752
0.15102947,0.19193603
0.15629236,0.188173
0.14980422,0.19386739
0.15255125,0.18184228
0.16561896,0.18393548
0.18479562,0.20242088
0.22544545,0.22818395
0.22786056,0.23868622
0.22372375,0.22487995
0.21242382,0.21386269
0.18925661,0.20327199
0.16059536,0.16623381
0.12971073,0.12673223
0.1116025,0.11699684
0.10132284,0.10284321
0.10402586,0.104530446
0.11006972,0.11153527
0.1309504,0.13272534
0.18107411,0.1686359
0.25789478,0.2048422
0.28126565,0.22918448
0.27291846,0.23728423
0.25824916,0.23474263
0.23970361,0.22547841
0.24228342,0.22204195
0.23011453,0.21618253
0.22033401,0.21678624
0.22489296,0.20872572
0.21165298,0.21500465
0.26947284,0.2344018
0.3042273,0.2626282
0.30220816,0.2670694
0.2932364,0.25418207
0.27388522,0.24214484
0.24399412,0.22672151
0.2069173,0.19127297
0.17509893,0.18136403
0.1541261,0.17296039
0.13977116,0.1487376
0.13489546,0.14655593
0.1347822,0.1557414
0.15618892,0.18605591
0.20212856,0.24220002
0.24982646,0.285787
0.27617398,0.3065957
0.2978322,0.30547822
0.28218767,0.29327255
0.29257405,0.2783688
0.290061,0.27636546
0.29565892,0.26301077
0.29114577,0.26141092
0.2940352,0.25468042
0.30100954,0.25461093
0.3262873,0.28992924
0.33264285,0.31759828
0.32622322,0.31431943
0.2985687,0.28757736
0.27903292,0.27345467
0.24095339,0.2556154
0.19604576,0.19827172
0.15417826,0.17457204
0.12564528,0.14596395
0.102185994,0.12071748
0.089829825,0.11302673
0.083620384,0.11292868
0.08704386,0.14229375
0.1323396,0.19302417
0.16967683,0.2363032
0.20581365,0.2661532
0.22549212,0.2738434
0.2334151,0.27013814
0.22253819,0.2596858
0.23113495,0.26688063
0.23225808,0.26035357
0.22625168,0.2636946
0.22116253,0.2592276
0.23027195,0.26702023
0.2507284,0.29261103
0.260852,0.31810912
0.2505227,0.3106315
0.23101336,0.28857946
0.22011194,0.27521878
0.18891191,0.2549417
0.15156873,0.21222714
0.12046473,0.09871256
0.102001525,0.07756321
0.084415905,0.06003895
0.07197145,0.053425692
0.07013975,0.05735016
0.07372258,0.08169554
0.09180377,0.1236148
0.12741247,0.14744939
0.13758154,0.17710449
0.16338013,0.18183026
0.17963111,0.1939623
0.19074911,0.18481106
0.19636191,0.18780908
0.19694428,0.1821399
0.18689902,0.19306087
0.17771247,0.18671511
0.16267483,0.18722065
0.16481124,0.21930258
0.16706298,0.25063124
0.15940058,0.2448571
0.15008456,0.22327024
0.15383907,0.21771
0.14810437,0.20436707
0.12676677,0.16669092
0.11215321,0.099662274
0.099992506,0.085710146
0.08821812,0.074422464
0.08610951,0.073140375
0.087334156,0.074491955
0.10093028,0.08621967
0.13323753,0.11469205
0.14912747,0.13901363
0.17068209,0.16897196
0.18594803,0.17684339
0.19415505,0.1821379
0.1898433,0.17671195
0.18549483,0.16917656
0.18167566,0.1685713
0.1747566,0.1740193
0.17437728,0.16504157
0.18068586,0.17116058
0.21652733,0.19065027
0.24384503,0.21472467
0.2441924,0.22692545
0.23662305,0.22278908
0.23623316,0.21266407
0.21504034,0.20180978
0.19646358,0.17464957
0.18391344,0.17816554
0.16038667,0.16479845
0.14825228,0.15845987
0.14419365,0.15503162
0.14799483,0.159769
0.15324049,0.1700456
0.1744287,0.1935312
0.20719585,0.22770663
0.22044548,0.2545244
0.23614146,0.2662825
0.23542917,0.26957244
0.23197165,0.26037177
0.22593284,0.2464974
0.2152627,0.24427766
0.20152195,0.24748343
0.19904606,0.23627083
0.21312138,0.24383348
0.23841475,0.26103172
0.27825153,0.30090278
0.28369427,0.31220806
0.27866876,0.2972508
0.27370998,0.2906946
0.24897817,0.27719387
0.23875068,0.2478808
0.21105753,0.19954851
0.1867168,0.18770587
0.16839465,0.16757807
0.15815201,0.16639784
0.15477341,0.1732932
0.16047852,0.19278753
0.1813277,0.22712316
0.20014927,0.27181965
0.20808502,0.2795201
0.22524211,0.2913764
0.23065083,0.2699082
0.23035638,0.25586
0.23205666,0.25186616
0.2329653,0.24130476
0.23442303,0.22238144
0.24007773,0.2211595
0.25650263,0.22314575
0.2690758,0.2373503
0.2874806,0.26026005
0.28108817,0.27310604
0.25841087,0.26257706
0.24700943,0.24309722
0.21090056,0.22461137
0.17686135,0.1840099
0.14756778,0.1431828
0.14899415,0.12794726
0.15042052,0.10783982
0.15184689,0.10771986
0.15327325,0.11401617
0.15469962,0.14166224
0.15612599,0.19127454
0.15755236,0.2418839
0.15897875,0.2685316
0.16040511,0.27733046
0.16183148,0.2622046
0.16325785,0.2542604
0.16468422,0.25338548
0.16611059,0.24925992
0.16753696,0.24509594
0.16896333,0.2429219
0.1703897,0.25474414
0.17181607,0.2788222
0.17324243,0.3088199
0.1746688,0.31493908
0.17609517,0.30442414
0.17752154,0.29299593
0.17894791,0.27212715
0.18037428,0.23458816
0.18180065,0.14017324
0.18322702,0.12860815
0.16692936,0.1170457
0.15994476,0.11881053
0.16830845,0.12432545
0.1845621,0.1429999
0.23910311,0.18615986
0.28359157,0.23055883
0.3247884,0.25674593
0.33024395,0.26828277
0.32056257,0.26421678
0.30987325,0.2570981
0.31000835,0.25074255
0.30285177,0.25475457
0.3078614,0.2537203
0.3107413,0.24264239
0.3393941,0.25673294
0.38383648,0.28576043
0.42581233,0.32631212
0.41804823,0.33742797
0.4095001,0.32145128
0.39273942,0.31413782
0.34553844,0.29428944
0.30377826,0.25863016
0.2754855,0.23279092
0.24581942,0.22254871
0.23368979,0.21174124
0.23004632,0.21499169
0.23687737,0.22720972
0.25248057,0.24845019
0.30772108,0.2857154
0.36198473,0.32883826
0.38605642,0.33800152
0.38699552,0.35222256
0.36875066,0.328582
0.33733127,0.3112284
0.33473185,0.30999583
0.32607487,0.29935738
0.3114628,0.28180245
0.31174344,0.2730418
0.33504903,0.27970514
0.38016802,0.29327694
0.40663698,0.32034186
0.4031148,0.33627397
0.3944458,0.32655075
0.36619836,0.3137123
0.3327264,0.2852822
0.2737571,0.2546119
