true,forecasted
0.16045894,0.15339176
0.12777814,0.12917443
0.10453888,0.10852455
0.08261825,0.10279839
0.10852333,0.11072339
0.14291976,0.14270899
0.22027689,0.2150544
0.27976286,0.2742769
0.29946542,0.31313938
0.31634706,0.3148727
0.33151174,0.33310542
0.3431096,0.34800822
0.34498322,0.34909207
0.35942265,0.35382062
0.3508096,0.36581075
0.35194325,0.36234155
0.35936114,0.37454653
0.3708382,0.37534705
0.35286885,0.38562372
0.33696532,0.3721164
0.32075334,0.36017227
0.2851391,0.32041913
0.225375,0.26102078
0.17722853,0.20871474
0.13011947,0.14067945
0.10971498,0.122109376
0.0807473,0.10611758
0.08169552,0.1050217
0.105232246,0.1177164
0.14458221,0.16053285
0.20300113,0.24236159
0.27208638,0.30305663
0.29924816,0.32614532
0.29902646,0.3247226
0.31413206,0.34157303
0.32659158,0.35668772
0.32905397,0.35753417
0.3474702,0.36457366
0.34283587,0.374501
0.3351818,0.37251082
0.3429242,0.38054463
0.33330667,0.3819382
0.31978709,0.38424748
0.30370912,0.3704532
0.29776365,0.36071798
0.27389386,0.31500614
0.22859555,0.24803801
0.17760618,0.19706728
0.13651313,0.13318877
0.11335472,0.11258263
0.09976747,0.09665469
0.096384555,0.096307755
0.100310124,0.10792887
0.13603354,0.1510803
0.2050575,0.23550686
0.2670566,0.29703212
0.29535884,0.3245207
0.30094972,0.32361937
0.31337914,0.33379063
0.32091174,0.34779596
0.32386556,0.34523866
0.3349518,0.3463841
0.32947844,0.35518318
0.32439482,0.34898496
0.32769296,0.35801706
0.32306477,0.36048284
0.30398706,0.3695037
0.27940586,0.35907346
0.26904643,0.3523758
0.2510171,0.30689
0.20193318,0.24187772
0.1477494,0.19485629
0.10195435,0.107714266
0.07744435,0.0899168
0.061476015,0.07151615
0.050102886,0.06585892
0.051043194,0.0749102
0.064255856,0.104772955
0.09318465,0.1625133
0.13262996,0.2104873
0.17583476,0.23447672
0.19967248,0.2477453
0.21924827,0.27319553
0.23702824,0.2940872
0.24502218,0.30085513
0.25970507,0.31091762
0.2782887,0.3270247
0.29898626,0.33546674
0.32657203,0.34817392
0.33566996,0.35702515
0.33134037,0.35506207
0.31584945,0.33939716
0.29334134,0.33337656
0.27442244,0.28742322
0.2229247,0.22390431
0.16753806,0.16694456
0.119931616,0.1278105
0.08405376,0.101349615
0.0651742,0.0803555
0.051955603,0.06388433
0.046016496,0.06543116
0.050400138,0.07817929
0.063843265,0.122156724
0.11033431,0.17514795
0.16487356,0.22828811
0.20457593,0.2624031
0.24707285,0.30962518
0.2923584,0.358532
0.32810664,0.38480794
0.35901228,0.40721565
0.3856931,0.4352373
0.40161532,0.45090285
0.4314139,0.4775608
0.45541507,0.48771945
0.44821665,0.48508972
0.43126053,0.45714474
0.41097072,0.44135424
0.38512146,0.39186803
0.3282602,0.3227908
0.26318508,0.25465766
0.21662506,0.20919886
0.20065431,0.17965102
0.18386276,0.15183981
0.16998067,0.14218949
0.18594286,0.15007392
0.23098455,0.17862472
0.30631784,0.24992271
0.37184045,0.31162003
0.42389384,0.36345196
0.4587481,0.38101625
0.48811364,0.41046366
0.50671923,0.44860518
0.5117317,0.45799074
0.5012905,0.47381487
0.49690136,0.47919637
0.47442138,0.47811458
0.4567036,0.49209628
0.45856026,0.4790311
0.43328702,0.47395962
0.40408847,0.4571035
0.37374568,0.43351912
0.34001428,0.37992358
0.2821389,0.31958792
0.22746389,0.25781986
0.18367887,0.1704449
0.14466086,0.14407462
0.12709598,0.11829267
0.11996918,0.118259266
0.12807979,0.12531789
0.1743006,0.17042117
0.23731692,0.2591643
0.29614908,0.3302752
0.3254151,0.3563832
0.34065756,0.3577087
0.36035508,0.37350777
0.37437314,0.38914943
0.37449354,0.38789856
0.3906829,0.39719445
0.39267448,0.40737712
0.4026347,0.4050301
0.41523772,0.41328937
0.4190651,0.40617493
0.40334564,0.4102026
0.38303936,0.39264178
0.3631782,0.37968716
0.3408722,0.33018118
0.28122497,0.2645981
0.22281748,0.20755598
0.17433466,0.1871975
0.14470546,0.15669167
0.1317683,0.13005175
0.12069353,0.12476654
0.13338023,0.12954943
0.1717543,0.1628979
0.2383227,0.23232552
0.29641756,0.28828844
0.33717358,0.32441244
0.3587961,0.33594692
0.3653576,0.35163447
0.3689231,0.3750289
0.36207354,0.37060717
0.36671314,0.37511456
0.35802013,0.3758214
0.35854322,0.3685709
0.35117233,0.37900776
0.35995477,0.3696745
0.34549028,0.36795327
0.33228815,0.3605793
0.3176167,0.3411441
0.3025234,0.29375997
0.24848133,0.24100405
0.20661911,0.18991722
0.16148911,0.15727049
0.13520285,0.12927032
0.11180255,0.10376541
0.11335472,0.100152925
0.119939305,0.1079892
0.16394687,0.14521271
0.22403923,0.21810353
0.2808864,0.2781439
0.3149467,0.30625743
0.33601645,0.31795588
0.34639588,0.33603734
0.37307164,0.36062896
0.38024393,0.36239332
0.40382504,0.37032506
0.4069285,0.38490194
0.4200256,0.38612512
0.42917252,0.39727688
0.4260104,0.39692768
0.41839302,0.39821756
0.39250112,0.3773353
0.37520096,0.36582845
0.35288072,0.3151912
0.28751186,0.25351208
0.22906944,0.19501713
0.22644573,0.18654406
0.22382204,0.15546599
0.22119834,0.12984546
0.21857463,0.12505217
0.21595094,0.12856376
0.21332723,0.15891562
0.21070354,0.2186593
0.20807983,0.26463234
0.20545612,0.30352455
0.20283243,0.3150453
0.20020872,0.3315942
0.19758503,0.35608584
0.19496132,0.34802708
0.19233762,0.34984648
0.18971393,0.35091585
0.18709022,0.34448567
0.18446651,0.3593848
0.18184282,0.35036537
0.17921911,0.348137
0.17659542,0.33816853
0.17397171,0.32259905
0.171348,0.2747082
0.16872431,0.22981076
0.1661006,0.17904808
0.16347691,0.08940728
0.1608532,0.066468135
0.1582295,0.04881958
0.15560581,0.039553232
0.1529821,0.042013884
0.1503584,0.056490675
0.1477347,0.09092512
0.145111,0.13375631
0.1424873,0.16879722
0.1398636,0.19603676
0.13723989,0.22612147
0.1346162,0.2587626
0.13199249,0.26856342
0.12936878,0.27839965
0.12674509,0.29451197
0.12412139,0.30577305
0.12149768,0.33090207
0.11887398,0.3420897
0.116250284,0.34475937
0.113626584,0.32729322
0.11100288,0.31935668
0.10837918,0.27364373
0.10575548,0.21929337
0.10313178,0.16812995
0.10050807,0.07993223
0.07079254,0.050935652
0.049288243,0.042416766
0.03485054,0.035410777
0.029731568,0.04210272
0.03680366,0.06346163
0.0537334,0.11409482
0.096915565,0.17499915
0.13954936,0.20625904
0.17643234,0.23192582
0.2045243,0.26591232
0.23398036,0.30904537
0.2576711,0.33074862
0.27074492,0.3371693
0.29629168,0.35978508
0.32073838,0.36577135
0.3507191,0.3980692
0.36439487,0.40794572
0.36092848,0.41018206
0.35034472,0.38605875
0.3336639,0.37863272
0.3117459,0.32531735
0.25216612,0.2557573
0.18678145,0.20350577
0.14307925,0.15221368
0.11446969,0.12740836
0.08977317,0.110313326
0.080020316,0.1045395
0.09613696,0.115533724
0.13599838,0.1520156
0.19426306,0.24499035
0.2657059,0.31773105
0.31635013,0.36035937
0.36809593,0.3716085
0.410541,0.40704033
0.45775706,0.44183475
0.49636948,0.4633112
0.5318158,0.48343635
0.5574307,0.50538087
0.5704738,0.50867605
0.5835313,0.5300081
0.5896554,0.5206357
0.5722272,0.5268978
0.52888817,0.49981228
0.49416372,0.48740613
0.46326753,0.42760327
0.39165395,0.34751126
0.32290748,0.2833383
0.2580492,0.24338865
0.2205893,0.21310939
0.18261707,0.1835056
0.17369248,0.17799869
0.19041021,0.1868332
0.22767347,0.23304783
0.29099804,0.32719213
0.35461017,0.4052801
0.39281815,0.44618362
0.42480755,0.45110083
0.44499037,0.47360787
0.47692552,0.5007088
0.50127095,0.5014461
0.5244294,0.5162394
0.5463513,0.5209721
0.5537819,0.51716185
0.5643211,0.52516705
0.56643724,0.5061042
0.53923243,0.5002462
0.5041879,0.4812988
0.47627938,0.4570531
0.4479699,0.4052964
0.3744654,0.33524314
0.29978576,0.27517503
0.24084923,0.24504724
0.20056972,0.2157632
0.17445153,0.1882518
0.1572531,0.18113409
0.15889205,0.18965441
0.19984165,0.24418436
0.2636858,0.3370197
0.31810465,0.41103184
0.35432127,0.44852537
0.37134197,0.4426756
0.4086248,0.450626
0.42304403,0.46923143
0.43720734,0.45762852
0.44624066,0.45354113
0.44272265,0.45654452
0.4300535,0.43703958
0.4257002,0.43271568
0.43298867,0.4245863
0.4039685,0.42289445
0.37448147,0.41225135
0.36455593,0.39089337
0.34681395,0.3467809
0.27738926,0.29315716
0.22739841,0.23785186
0.17993455,0.19006889
0.14295842,0.16046569
0.1254768,0.1360788
0.116642065,0.13337553
0.13403735,0.14066637
0.16573785,0.18650675
0.24072224,0.26124993
0.2937915,0.32109168
0.33426282,0.34831434
0.35288203,0.3547586
0.37026897,0.3626404
0.3794438,0.38491696
0.3773292,0.37598604
0.37794852,0.37211865
0.36633393,0.37640244
0.36219198,0.36565176
0.35960963,0.37095982
0.359897,0.37068114
0.35118574,0.36810598
0.3414575,0.354232
0.33390382,0.337554
0.316873,0.2936205
0.2635891,0.23877119
0.21583349,0.18843605
0.16642463,0.16788694
0.1467513,0.13559283
0.12349886,0.10754347
0.123506546,0.10226865
0.1275703,0.10373683
0.1696619,0.126225
0.23376286,0.1721453
0.29923695,0.2139011
0.33664894,0.24820289
0.3633882,0.27353287
0.38965955,0.29147264
0.3993933,0.32156983
0.40560505,0.31555167
0.40086657,0.32051474
0.39337575,0.3221172
0.3786955,0.32591984
0.3824374,0.34351778
0.3749604,0.34205523
0.3625022,0.33417407
0.34374192,0.32126272
0.33318233,0.30418995
0.31456023,0.2580614
0.27152988,0.2141792
0.21932076,0.16202196
0.17721511,0.16733891
0.14803016,0.13571791
0.1265999,0.1066219
0.116962604,0.09637307
0.11325344,0.09349205
0.13074824,0.10386113
0.15376934,0.14011773
0.19778241,0.18222818
0.24913427,0.23505154
0.2914638,0.26638693
0.32960474,0.30233714
0.35058376,0.3378839
0.37769893,0.34762666
0.4068538,0.36291042
0.4305707,0.3751791
0.45248452,0.3820975
0.47265896,0.40626207
0.470491,0.40830556
0.45290413,0.39818436
0.43162853,0.38066226
0.40879878,0.36193147
0.38335904,0.31610197
0.32981917,0.26561794
0.27201894,0.20231605
0.21494547,0.20830077
0.1798012,0.17319739
0.15076673,0.14414772
0.13332993,0.12912187
0.1287815,0.12842721
0.12927605,0.13990268
0.1490713,0.18888196
0.19698885,0.24049792
0.26049072,0.30773538
0.31897554,0.33806837
0.37851292,0.38344562
0.42657128,0.4280436
0.46194273,0.4488227
0.4811848,0.47142813
0.4956359,0.48857152
0.4932355,0.49396333
0.49624622,0.51766604
0.5172338,0.51564294
0.51168007,0.505228
0.48718742,0.48249906
0.45882258,0.45676813
0.4297064,0.4089483
0.36296332,0.34702733
0.30235842,0.27664417
0.24648295,0.24590659
0.21937634,0.20949984
0.19524291,0.17986554
0.18462797,0.16723882
0.19762027,0.1699425
0.24247961,0.1991436
0.31593338,0.26667455
0.4001888,0.3391402
0.4526708,0.4013794
0.494999,0.42980692
0.5300284,0.47646978
0.56261843,0.5258882
0.60516614,0.55065155
0.62874484,0.5763511
0.63268113,0.5966911
0.6321394,0.59843403
0.6278091,0.61886996
0.62454045,0.6089952
0.61238366,0.59799534
0.57738304,0.57042533
0.5272044,0.5392167
0.4754107,0.48725677
0.4085681,0.4080342
0.34429356,0.33699116
0.28460065,0.27751485
0.24129434,0.23790646
0.21852897,0.2037574
0.19876644,0.19691665
0.21269949,0.20270577
0.25297415,0.2448397
0.32205197,0.33083197
0.39637968,0.40067193
0.44198313,0.44832602
0.4687914,0.45753053
0.49668938,0.47731775
0.5262797,0.5026537
0.5507752,0.502801
0.5730594,0.5127058
0.5564377,0.517903
0.54767936,0.51097757
0.537024,0.5150127
0.5303094,0.50177604
0.50437045,0.4913899
0.48235646,0.47679183
0.4565342,0.44956538
0.43139982,0.4006137
0.36898747,0.336521
0.31411734,0.27384266
0.26284873,0.2503056
0.21849887,0.20799978
0.21104516,0.17279193
0.19117981,0.16403216
0.20374613,0.16557375
0.24388985,0.19934145
0.30595225,0.26284587
0.37343898,0.32793394
0.4294201,0.3781368
0.44492227,0.40072685
0.4603574,0.4317548
0.4768921,0.4692937
0.48892763,0.47615564
0.5043964,0.491737
0.5101909,0.5072339
0.50175124,0.5085524
0.5080089,0.5219658
0.50868005,0.51615345
0.4958846,0.50774276
0.4712586,0.4839138
0.45091036,0.45628515
0.42365238,0.4091885
0.35889077,0.34354126
0.2960065,0.27607614
0.2414255,0.24803936
0.20721956,0.20495015
0.18055981,0.1697053
0.17084892,0.15957198
0.17613465,0.15988103
0.21446432,0.19070022
0.2705942,0.24484672
0.33015928,0.3066518
0.38685092,0.36300516
0.42045203,0.39242703
0.47942898,0.42805824
0.5072986,0.47221935
0.54244024,0.48267215
0.5755512,0.49948704
0.6026297,0.52040744
0.59775984,0.5250622
0.6133376,0.5438917
0.6192035,0.53977376
0.5946373,0.53166085
0.5495251,0.5045002
0.49540326,0.47581545
0.45782846,0.4288674
0.38483432,0.3619957
0.30937648,0.2933683
0.24777302,0.26037315
0.2038006,0.21719371
0.17328998,0.18330428
0.16180152,0.17051269
0.17494652,0.16963166
0.19831035,0.19598763
0.2535614,0.24408005
0.31460923,0.30493242
0.3715454,0.36454564
0.40303743,0.39898938
0.45651928,0.44220662
0.50170857,0.49191785
0.544838,0.5090658
0.56966966,0.52930796
0.5858518,0.5524766
0.59062845,0.56050867
0.59184957,0.5803003
0.5966051,0.5775079
0.5741987,0.5661277
0.52874976,0.5322674
0.49630776,0.5041724
0.46152467,0.45578188
0.38921398,0.38776857
0.31623766,0.31699005
0.2529388,0.26153302
0.20499906,0.22303167
0.17451744,0.19123915
0.16058703,0.17509054
0.14702548,0.17236343
0.1600826,0.18580186
0.17829934,0.22564262
0.21756515,0.2751491
0.2796205,0.3371572
0.33178923,0.37520003
0.37091005,0.42202124
0.40607935,0.46720338
0.43065768,0.48591813
0.4435373,0.5075738
0.44088092,0.52338445
0.45414412,0.5314456
0.45703995,0.55001885
0.45664757,0.5481589
0.44343513,0.5311352
0.4247403,0.5007985
0.40445226,0.47340876
0.38791996,0.42721608
0.34020805,0.3666352
0.2841419,0.29987705
0.23522605,0.23429435
0.19893539,0.19578482
0.16627523,0.16889691
0.155057,0.15013056
0.15160443,0.14745446
0.1562181,0.16047181
0.17030516,0.19928989
0.21911271,0.2556091
0.2710479,0.3241807
0.33419272,0.37057656
0.39066488,0.4293209
0.4287028,0.4906906
0.46939754,0.52359664
0.5033218,0.5515021
0.51915705,0.57974875
0.5329657,0.591093
0.55329907,0.62017524
0.5604522,0.62075573
0.5437942,0.6063055
0.5134787,0.5734961
0.48416522,0.5409474
0.45722032,0.49215722
0.39639837,0.41545743
0.32616362,0.34605813
0.26289245,0.2847381
0.2236119,0.24445623
0.19939478,0.21492848
0.176607,0.20067827
0.18449198,0.20356041
0.20895979,0.23290297
0.256606,0.30118403
0.32441768,0.37397182
0.3802459,0.44344646
0.42378289,0.47980785
0.4803851,0.53652966
0.5283057,0.59580624
0.5609254,0.6309011
0.59327316,0.65912354
0.6203308,0.68822664
0.64820373,0.68978083
0.65920734,0.713081
0.6674849,0.69995695
0.6378645,0.68873733
0.5783161,0.65213716
0.5427083,0.6177159
0.50401783,0.5624063
0.4293795,0.4727346
0.36022457,0.3993979
0.30361816,0.3083636
0.2554025,0.2683378
0.22527108,0.23676506
0.1993036,0.22342004
0.19945651,0.22587901
0.194907,0.25650474
0.2180676,0.3263294
0.2544769,0.39492092
0.32349384,0.45697874
0.38745794,0.49035847
0.4480301,0.539645
0.5027247,0.58968586
0.5339243,0.61578417
0.558429,0.63925505
0.56960154,0.65858155
0.591504,0.65851384
0.61735255,0.6736408
0.6508805,0.6584121
0.64174527,0.6423262
0.61763865,0.60993373
0.5578543,0.57645994
0.5152934,0.52127105
0.45873624,0.4431143
0.3858581,0.37257466
0.3195006,0.33866403
0.2746819,0.29702312
0.2501058,0.2639539
0.22868563,0.24638318
0.22972678,0.24666664
0.2637495,0.26839805
0.33453038,0.33140758
0.4364821,0.39975163
0.5230305,0.470887
0.5908409,0.51625985
0.65512574,0.5835411
0.69916695,0.6481628
0.73970175,0.68486154
0.783489,0.72018814
0.7965118,0.74379987
0.8110633,0.7477396
0.8244882,0.76562995
0.8451884,0.7490212
0.8356618,0.7281172
0.78990525,0.68709975
0.7307365,0.648827
0.6813714,0.588369
0.5880123,0.50575256
0.48537952,0.42907956
0.3985795,0.4255137
0.3475482,0.37843445
0.30647293,0.33860335
0.2803543,0.32237184
0.27783832,0.3242445
0.30521756,0.3604575
0.3851177,0.43698594
0.46907458,0.52201974
0.55024856,0.5912407
0.62930745,0.63066244
0.7020092,0.6942528
0.7620005,0.75978976
0.7973172,0.7922336
0.8197959,0.8249954
0.8200437,0.850355
0.8230002,0.8488912
0.82332116,0.85451853
0.83039194,0.8326395
0.8118204,0.8081079
0.76503366,0.7578828
0.7177337,0.71689653
0.6592517,0.65639365
0.5637154,0.56357294
0.48373616,0.48247528
0.41149998,0.41847396
0.35303846,0.37133923
0.31545177,0.32915482
0.29715177,0.3128453
0.30036268,0.31283572
0.31637672,0.34133497
0.39603147,0.40382034
0.46652588,0.47265556
0.5337758,0.53761333
0.6009589,0.5802175
0.6831287,0.6359981
0.7441427,0.6925709
0.779539,0.714752
0.795869,0.7408718
0.7858158,0.76126856
0.7577058,0.76139605
0.7283552,0.76471496
0.7045946,0.74948347
0.6737399,0.7220577
0.6243361,0.67706203
0.5799781,0.6397576
0.5530209,0.58532685
0.4791449,0.5054906
0.39763173,0.43078297
0.33198762,0.3500919
0.29016888,0.30764446
0.26107115,0.26560324
0.23413657,0.24947082
0.2251186,0.24654867
0.23096237,0.25876567
0.24820869,0.29882586
0.31690422,0.34013158
0.38999063,0.40284657
0.44880038,0.44395947
0.51922977,0.4911497
0.56500787,0.5293439
0.61111623,0.54651606
0.636683,0.5658206
0.6540442,0.57795805
0.66214883,0.577874
0.6853857,0.5811959
0.70379114,0.57675993
0.6890966,0.5505086
0.6374545,0.5196274
0.59336215,0.48896995
0.5500161,0.44278842
0.47333038,0.38732478
0.40331554,0.3201603
0.34310126,0.36121583
0.2940615,0.3189865
0.25624022,0.28328943
0.2360842,0.26494807
0.22618502,0.2628013
0.22711214,0.26947674
0.23903452,0.30691755
0.28114894,0.34103772
0.34189755,0.40461713
0.38723406,0.4491499
0.4319583,0.49723944
0.4674732,0.5385615
0.48418918,0.55879796
0.46913677,0.5723341
0.44424823,0.58633494
0.419227,0.5824519
0.41234648,0.5871492
0.40114823,0.5764112
0.3897729,0.5588183
0.37319776,0.52077705
0.3643415,0.49678037
0.3459044,0.44630492
0.2989061,0.3981233
0.2549765,0.3343661
0.21681663,0.2107518
0.19911861,0.17139286
0.18701148,0.14473426
0.1735077,0.12940983
0.19115521,0.124450736
0.21485385,0.13530116
0.30524877,0.16019714
0.37305912,0.19989282
0.42490906,0.26183307
0.43599615,0.3054575
0.47831488,0.35451332
0.5233746,0.40163225
0.55198395,0.42704317
0.59614927,0.44500494
0.61675256,0.47541732
0.64482826,0.48747376
0.6669104,0.5170224
0.6839232,0.52489483
0.6609245,0.5171017
0.6167119,0.48380384
0.5620474,0.46002078
0.5167039,0.41856956
0.43700257,0.35248414
0.3619848,0.29214382
0.28905326,0.31006905
0.24268086,0.27010873
0.1991988,0.24592143
0.19006176,0.22476824
0.19135755,0.22217792
0.22287548,0.23717505
0.29649356,0.281128
0.3726639,0.3430968
0.42141518,0.4122308
0.4680198,0.4594406
0.5113114,0.5289296
0.55595255,0.59029377
0.60536146,0.632587
0.6481354,0.66453075
0.67894083,0.6934174
0.7041526,0.7050537
0.73006445,0.72793597
0.7442394,0.7258758
0.7356305,0.7012712
0.69301516,0.6545288
0.63612515,0.62204444
0.5836502,0.57203186
0.49609926,0.48658133
0.40983292,0.41526157
0.3342459,0.36206523
0.29271102,0.3198485
0.26035097,0.29530883
0.24139298,0.27364683
0.24017498,0.2760027
0.2702741,0.30416295
0.33804777,0.3740636
0.41916725,0.45296735
0.49358633,0.5243455
0.5380144,0.56844884
0.6020809,0.64087844
0.66240346,0.7092124
0.70877016,0.75675
0.7508231,0.79267395
0.7712889,0.8251307
0.78123575,0.8331313
0.78253216,0.8512293
0.7707557,0.84207
0.7414125,0.8143359
0.7006609,0.76312226
0.6556695,0.7248627
0.6119089,0.66766125
0.52269244,0.5649417
0.44843414,0.489149
0.38705283,0.38795435
0.33878398,0.34251413
0.30001774,0.3134287
0.2797844,0.2931443
0.28386575,0.2972696
0.32050088,0.33345923
0.3873048,0.4097341
0.46408808,0.4971786
0.5247552,0.567392
0.5677919,0.6117185
0.63056016,0.68247646
0.6929453,0.75345427
0.7515369,0.79990786
0.8034813,0.83704776
0.8274238,0.86998206
0.83178353,0.87608534
0.84613705,0.8909211
0.8621572,0.8792369
0.8509203,0.84973127
0.8120432,0.7991531
0.75833654,0.755335
0.71344274,0.6955263
0.63115203,0.58806825
0.54529124,0.50948274
0.4760241,0.4838692
0.42190447,0.43766716
0.3798476,0.39975503
0.33910343,0.38205624
0.34231827,0.3859162
0.36852193,0.4163051
0.41157863,0.49567518
0.48388335,0.5716089
0.55210805,0.6406014
0.5911522,0.68359894
0.6436329,0.7460081
0.7043951,0.80524224
0.7354912,0.83636785
0.7777159,0.86518013
0.8049122,0.88259655
0.808843,0.8736206
0.7973069,0.87147456
0.7724511,0.8437794
0.74206966,0.814244
0.685148,0.7648542
0.6308135,0.72491264
0.5827404,0.6626726
0.5009425,0.57477146
0.42376575,0.5000465
0.3530934,0.38056892
0.29795676,0.33367753
0.26804724,0.29391792
0.2464177,0.2772289
0.22637023,0.27307084
0.23555054,0.29098386
0.25572568,0.33888155
0.3083665,0.39495513
0.38263425,0.46305156
0.4583878,0.51249635
0.5259301,0.5724494
0.59347796,0.6250499
0.6442476,0.65487576
0.68789244,0.6805024
0.7039186,0.7045052
0.72045904,0.7082258
0.7446182,0.7169556
0.7357015,0.71088684
0.7234223,0.68287164
0.6723205,0.64031786
0.63114196,0.6063113
0.5847895,0.5549001
0.5234983,0.47965384
0.44857806,0.4056605
0.3773404,0.39894998
0.32725772,0.3551478
0.302376,0.31923127
0.26903522,0.29979372
0.25738636,0.29697478
0.264152,0.30450708
0.26495916,0.34287956
0.30144513,0.38212413
0.35237145,0.4453921
0.3912607,0.4947247
0.43777153,0.5504796
0.46763337,0.5975887
0.5079715,0.61904544
0.5190342,0.63565415
0.52562606,0.6490711
0.5522386,0.6458195
0.5869041,0.6525508
0.61892474,0.6363441
0.63061666,0.61467636
0.60916114,0.5732326
0.56826645,0.54314387
0.53341985,0.49423653
0.44896582,0.43811882
0.39273313,0.37590128
0.33084166,0.35008234
0.28979364,0.30507308
0.26489413,0.27599883
0.24871993,0.2537477
0.2607827,0.2521225
0.2932137,0.26518092
0.3620217,0.30617565
0.42972574,0.36270288
0.505532,0.43596977
0.5431336,0.49152076
0.6028964,0.56204116
0.6547839,0.6286507
0.7020819,0.6723577
0.7458443,0.7009407
0.77169377,0.73635155
0.7809288,0.7432984
0.78545064,0.7650731
0.7975984,0.7576106
0.7725649,0.7398266
0.7208872,0.68600833
0.6571224,0.65292
0.6043374,0.60002553
0.5147701,0.5188385
0.4360179,0.4454009
0.36996138,0.38600037
0.31988597,0.34161907
0.29284197,0.31130812
0.26381212,0.29299104
0.26140332,0.29323238
0.29948345,0.31792945
0.37285152,0.37878382
0.45297444,0.44577643
0.50880396,0.5145995
0.5511089,0.5579741
0.59558356,0.6235712
0.6305863,0.680029
0.6670791,0.72024834
0.7096312,0.749062
0.7342789,0.77668494
0.7366833,0.77993643
0.7543943,0.7911623
0.7608633,0.7810695
0.7362586,0.7536868
0.691144,0.705106
0.6392787,0.6699134
0.58530056,0.61704266
0.50223655,0.5280645
0.41231704,0.45419782
0.35800496,0.37781185
0.31209788,0.33672592
0.28085345,0.3067371
0.26771855,0.29169083
0.26671213,0.29351288
0.30903286,0.32163537
0.3738039,0.38962603
0.43229136,0.45394114
0.47888127,0.51167446
0.5006874,0.54182214
0.53373116,0.589434
0.5730871,0.62923664
0.6074495,0.6511684
0.6443045,0.6709379
0.6670681,0.6863891
0.6830398,0.6842912
0.70421034,0.68812937
0.7188517,0.67596334
0.6949142,0.6544411
0.65657884,0.6171656
0.6200423,0.5860924
0.5701618,0.5351577
0.4942061,0.45851198
0.42542404,0.39665627
0.3603977,0.3763441
0.3178544,0.33435193
0.27259523,0.3035119
0.26239395,0.2878623
0.2681661,0.29226184
0.29140514,0.32168904
0.35639852,0.39403245
0.43204376,0.4600064
0.49631566,0.51994085
0.54565775,0.55207723
0.6044626,0.60271746
0.6617868,0.6470784
0.69233453,0.67603385
0.7227815,0.69879204
0.73046297,0.71735436
0.73272216,0.7128437
0.74404955,0.71788526
0.7494614,0.7050202
0.7227415,0.6812876
0.6924222,0.64097995
0.6522583,0.6068733
0.60444003,0.55485904
0.52585894,0.4732458
0.45497325,0.40728715
