true,forecasted
0.12112597,0.13108489
0.094271995,0.10180423
0.074107975,0.097922266
0.06986709,0.090414666
0.07245143,0.09787693
0.10661103,0.1249042
0.14872831,0.16067716
0.18496324,0.19978379
0.18992831,0.22092897
0.20733558,0.23919931
0.23325536,0.25914672
0.23798214,0.28110135
0.25983053,0.29719877
0.26431477,0.30601907
0.27930462,0.317268
0.29394722,0.3267106
0.30824518,0.34303045
0.32452,0.34181187
0.3075108,0.3444026
0.28586978,0.32831582
0.27025646,0.31496075
0.24886335,0.27498347
0.19118783,0.22551703
0.14103433,0.17719537
0.10092451,0.114299834
0.07402093,0.08983916
0.062872805,0.08642817
0.059656948,0.08041488
0.07004209,0.08765155
0.102423705,0.11454317
0.1442963,0.15733102
0.17452727,0.19299994
0.18755397,0.20725015
0.19584522,0.21733843
0.21121855,0.22325857
0.21943417,0.23371975
0.22651657,0.24384598
0.23856099,0.24995525
0.24009275,0.25999987
0.248657,0.26775458
0.25298157,0.28016168
0.257299,0.2774587
0.24233928,0.27713946
0.23247395,0.26642984
0.2275063,0.2590404
0.2212219,0.21981767
0.17731263,0.16838625
0.13390492,0.12490958
0.09639678,0.09432632
0.07408667,0.071910284
0.06310578,0.0670558
0.06107763,0.059877783
0.06712115,0.06793705
0.09536079,0.09193143
0.13177726,0.1310867
0.17129833,0.16403815
0.18404609,0.1855587
0.19497798,0.20027734
0.20916972,0.21343471
0.21432576,0.22584234
0.21398504,0.23737772
0.22112815,0.2414159
0.22130665,0.24705477
0.21745229,0.2548125
0.21544513,0.26610032
0.23149534,0.267121
0.22577748,0.27058813
0.21126923,0.2614084
0.20124961,0.25717065
0.19305697,0.22009215
0.15203805,0.17376754
0.10759345,0.1308477
0.06805335,0.07775438
0.04958574,0.056877963
0.036970675,0.051482588
0.030080624,0.035596818
0.03325037,0.045812238
0.040725064,0.07046018
0.048399866,0.102118656
0.07360748,0.12960207
0.099628456,0.15339208
0.12534493,0.16825983
0.14369263,0.17328127
0.16389942,0.18430792
0.17954606,0.19465755
0.19984704,0.21034701
0.22388491,0.21466541
0.25134757,0.22627231
0.27946943,0.23984604
0.3022651,0.23569632
0.3007151,0.22992551
0.2808793,0.2183933
0.24754432,0.21236166
0.22405702,0.1787698
0.17399696,0.12690483
0.12160942,0.082056835
0.07997954,0.08532952
0.04894449,0.056841347
0.031173067,0.04722096
0.023538593,0.035057433
0.018288197,0.04000941
0.020941928,0.06431763
0.021816308,0.10014638
0.04573183,0.13689087
0.08402092,0.15652275
0.12286606,0.1796723
0.15504818,0.19683866
0.19566916,0.2182291
0.23832315,0.23359318
0.27013168,0.25394338
0.29529503,0.27104884
0.31153452,0.2862229
0.318749,0.30429626
0.32602832,0.29907262
0.31673867,0.28693488
0.2989435,0.27038425
0.29028568,0.25959674
0.27414554,0.21470591
0.22847229,0.16142988
0.18229824,0.11428277
0.14590278,0.12691796
0.12821019,0.100501165
0.11780405,0.084558524
0.10435188,0.07141179
0.11791346,0.06968455
0.1524865,0.103416055
0.1945023,0.13519326
0.24102223,0.1742478
0.26286,0.20927095
0.2885331,0.2394288
0.29667965,0.27044705
0.31217867,0.31424803
0.30038047,0.3398742
0.30583948,0.36003184
0.3009858,0.37197664
0.29049262,0.39719477
0.27696574,0.41449225
0.2840486,0.41183385
0.28189778,0.4093286
0.26813596,0.38370812
0.25540066,0.3680845
0.24515796,0.3171198
0.20083189,0.265242
0.15304407,0.21417183
0.115427725,0.12757036
0.08123069,0.10134347
0.06774688,0.091809526
0.06314138,0.085178725
0.07590148,0.09028737
0.10353395,0.120392516
0.13709734,0.16024727
0.18230417,0.19496173
0.2003976,0.21841455
0.21578874,0.2345884
0.22900352,0.25071913
0.23699956,0.27398276
0.24409595,0.28833812
0.2605004,0.3029424
0.26953974,0.3119443
0.27549544,0.32254785
0.28751293,0.33717996
0.286408,0.33736727
0.29407385,0.3338474
0.2885786,0.3145858
0.27671254,0.30543932
0.25037426,0.25754598
0.21133557,0.20655641
0.15361898,0.15291174
0.115315884,0.094194114
0.097778805,0.071676984
0.08639085,0.05589809
0.076520056,0.0495005
0.08760929,0.050884437
0.11908625,0.07914821
0.16022035,0.11546034
0.19238238,0.14314593
0.21694236,0.1693508
0.21539035,0.191046
0.23068944,0.2235132
0.23381825,0.24876054
0.24645355,0.26948902
0.26298994,0.2866462
0.25554797,0.29941377
0.25227657,0.3086858
0.27559146,0.33113527
0.27691767,0.31724685
0.2793667,0.30703303
0.26441625,0.29013076
0.24150552,0.2822646
0.22827417,0.24432091
0.18313733,0.18151939
0.13307771,0.13635984
0.097243,0.10564672
0.06979709,0.08628033
0.059519995,0.07564384
0.055275,0.06114625
0.06280828,0.06696584
0.08900973,0.09711626
0.12766267,0.13117382
0.16004445,0.16474672
0.18277332,0.1862582
0.19907704,0.20800926
0.21284817,0.21956147
0.23091252,0.24148552
0.24317683,0.25873616
0.26322687,0.27477628
0.27136427,0.28592712
0.28695035,0.30124858
0.31299856,0.31566322
0.31995907,0.31251767
0.31370908,0.3018478
0.29131618,0.28371078
0.27547583,0.27367306
0.25846845,0.2375972
0.21005444,0.17862052
0.15196684,0.1327373
0.15017752,0.10076206
0.14838822,0.07780138
0.1465989,0.067369774
0.14480959,0.055679258
0.14302029,0.05882169
0.14123097,0.08730021
0.13944167,0.1148333
0.13765235,0.15249994
0.13586304,0.17219375
0.13407373,0.19993061
0.13228442,0.22695208
0.1304951,0.25812688
0.1287058,0.2813241
0.12691648,0.29729474
0.12512717,0.30984467
0.123337865,0.3199303
0.12154855,0.336923
0.11975924,0.33193955
0.11796993,0.31909657
0.11618061,0.3023526
0.114391305,0.2859607
0.112601995,0.24150029
0.11081269,0.19188657
0.10902337,0.13973075
0.10723406,0.06132049
0.10544475,0.036484182
0.103655435,0.028511882
0.101866126,0.012646654
0.10007682,0.015176989
0.0982875,0.032183055
0.09649819,0.055032633
0.09470888,0.078994244
0.09291957,0.10804953
0.09113026,0.13286458
0.08934095,0.14222543
0.08755164,0.15401134
0.08576232,0.16922568
0.08397301,0.18689553
0.082183704,0.1947739
0.080394395,0.21092452
0.07860508,0.22536142
0.07681577,0.22463685
0.07502646,0.22095971
0.07323714,0.21455577
0.071447834,0.2009691
0.069658525,0.16801514
0.067869216,0.12045987
0.0660799,0.08534767
0.06429059,0.044807374
0.03644081,0.021611411
0.020381933,0.009475656
0.011008436,-0.0068120835
0.008734071,-0.0061830804
0.011170804,0.012365781
0.014698305,0.028643996
0.03772164,0.04621803
0.07060193,0.08230317
0.09968415,0.109356
0.12565963,0.12367206
0.15194629,0.14496496
0.18140666,0.15965672
0.2075118,0.1823891
0.234778,0.18644826
0.26661682,0.20439193
0.303617,0.22204952
0.3292673,0.21984252
0.3312965,0.21233866
0.31278387,0.20866755
0.2774588,0.18859255
0.25161007,0.15705264
0.19871579,0.106716305
0.1432101,0.06635003
0.09660875,0.13395935
0.0673984,0.09990867
0.053420935,0.09134103
0.047066227,0.08206515
0.053801823,0.08470238
0.07713681,0.11610286
0.10696726,0.15469417
0.14747563,0.1959344
0.18637782,0.21418697
0.2244169,0.24058013
0.27077782,0.26245663
0.31919137,0.29378128
0.3624778,0.3180955
0.40712267,0.33531725
0.44189963,0.35347462
0.46627668,0.37001786
0.48309535,0.38996202
0.4830827,0.3875381
0.45761505,0.38238275
0.41907108,0.35764933
0.39964798,0.33149627
0.36426294,0.29295486
0.30030546,0.236079
0.23214497,0.18028635
0.18309593,0.20804462
0.15411003,0.17885685
0.1296158,0.15973869
0.12523705,0.14907432
0.13279422,0.14521095
0.15243112,0.17442031
0.19335446,0.21137434
0.22919084,0.24824418
0.25585034,0.29056644
0.2757756,0.3228314
0.30978242,0.35709572
0.3419691,0.39719546
0.37211454,0.42848068
0.39500412,0.45172024
0.41326934,0.47049534
0.41911823,0.48829654
0.42064834,0.5007508
0.41352546,0.50539494
0.3860937,0.5010371
0.3614231,0.46587068
0.3544168,0.44217414
0.33779564,0.39769512
0.27001253,0.33642656
0.2077851,0.27071613
0.16814137,0.18534985
0.141477,0.15625945
0.11668269,0.14329252
0.110810824,0.13445011
0.117183186,0.13658917
0.14035702,0.16178906
0.16822247,0.2022593
0.2128048,0.24499653
0.24853922,0.27620828
0.2758625,0.30322784
0.3001604,0.32989398
0.32507953,0.3664768
0.33897358,0.39045116
0.35281485,0.40354335
0.3411457,0.42038918
0.33800852,0.42896122
0.34373263,0.44333822
0.33260322,0.44908533
0.31887576,0.45165426
0.2949155,0.425431
0.27626863,0.4085761
0.2512374,0.361696
0.207004,0.3118511
0.16910325,0.2571708
0.11825189,0.13445373
0.0911648,0.112150684
0.07863266,0.104433
0.07399719,0.0966674
0.079475544,0.0995953
0.10742789,0.12653768
0.15011126,0.16739723
0.18688928,0.20538989
0.21255995,0.22304372
0.22660834,0.24365176
0.24234597,0.25829533
0.26238644,0.27771837
0.2585135,0.2947262
0.26204208,0.30290633
0.28156713,0.3120888
0.2784036,0.32095727
0.2821294,0.3304566
0.28492466,0.33298564
0.2746862,0.32921433
0.26263204,0.31332734
0.25026485,0.30348894
0.23576118,0.25981617
0.19427754,0.20917523
0.15133959,0.16192439
0.11461802,0.08765598
0.093461834,0.06772597
0.07958039,0.05699934
0.07777152,0.043985076
0.08340935,0.04468446
0.106526874,0.066718906
0.14158216,0.09605158
0.17443764,0.1296302
0.20473222,0.15228559
0.22552852,0.18037085
0.25542882,0.20010714
0.27826956,0.22294149
0.29008996,0.24187107
0.30492538,0.2545064
0.30680698,0.26317415
0.31254587,0.27722415
0.32770753,0.28722155
0.34301743,0.28493658
0.3407342,0.27588975
0.32197294,0.26334462
0.3026906,0.25207132
0.28775397,0.20820741
0.24562117,0.15943192
0.19274502,0.111914456
0.14421321,0.10219562
0.11282422,0.072081774
0.0944368,0.055169567
0.08155224,0.045858923
0.0800678,0.042103242
0.0887693,0.06499393
0.10081342,0.09616582
0.1263333,0.1270908
0.16514145,0.15871331
0.20847307,0.19023992
0.24332702,0.21837862
0.26928377,0.2533188
0.29420972,0.27880058
0.31124312,0.30130064
0.32421777,0.31632644
0.33780414,0.33635694
0.3527175,0.35194272
0.3696384,0.3425947
0.3701074,0.3308181
0.34872875,0.3064025
0.31486756,0.28583357
0.29239157,0.24140117
0.24614145,0.18633938
0.1907575,0.13036329
0.14027348,0.11673026
0.10756302,0.07985075
0.086200945,0.067879304
0.071055405,0.05414848
0.0633701,0.05777348
0.062937476,0.08328736
0.06460772,0.12124762
0.09730799,0.16120754
0.14912061,0.18867305
0.20772026,0.21812616
0.2621886,0.24518089
0.3150628,0.2883966
0.3557632,0.31078196
0.38947648,0.32994455
0.41187227,0.35174093
0.44094217,0.37244067
0.46610093,0.39393008
0.48505852,0.38481286
0.48636767,0.37893036
0.46094808,0.35594156
0.4238537,0.3370963
0.39338258,0.281848
0.33085048,0.23571128
0.2593287,0.17771402
0.21702895,0.18833016
0.18157801,0.15191859
0.16233417,0.13436565
0.14762856,0.113530815
0.15217653,0.11468676
0.17765243,0.14642419
0.20971403,0.1827926
0.2491082,0.21873955
0.2940766,0.26346213
0.34119287,0.29836112
0.3956775,0.32856733
0.43545985,0.37590298
0.47366205,0.4095015
0.50554425,0.44601518
0.5144982,0.46330124
0.5155025,0.4882374
0.5127012,0.5052722
0.5201343,0.5002603
0.49845684,0.50073695
0.44993204,0.45935065
0.42142183,0.43099946
0.3828792,0.3927328
0.32124236,0.32327276
0.25719994,0.2633462
0.20507507,0.22468776
0.1664906,0.18315028
0.13554427,0.16969791
0.12799107,0.1547103
0.13670458,0.15639949
0.15461205,0.17492276
0.182292,0.21816075
0.23793146,0.26358786
0.26303393,0.3009847
0.2917905,0.33809203
0.32194355,0.37286273
0.34310097,0.4170534
0.34963933,0.45244884
0.35890678,0.47391278
0.34677273,0.5009387
0.35317215,0.5161283
0.3534321,0.52674556
0.3684221,0.52904266
0.36866724,0.5303883
0.3485507,0.49655303
0.32561776,0.46710438
0.30547395,0.41503242
0.25721592,0.3615455
0.20061627,0.29158163
0.16578802,0.15161945
0.13204736,0.11728125
0.11878723,0.10440749
0.105729036,0.09245468
0.10249766,0.09364352
0.13268557,0.11663052
0.18568544,0.15098289
0.2252126,0.19645132
0.23665078,0.22063518
0.267294,0.25063705
0.28769767,0.27558333
0.30441257,0.30883193
0.31407306,0.34053367
0.330166,0.36183417
0.3481266,0.3846323
0.36500308,0.39753684
0.37935185,0.41402435
0.39202598,0.41225943
0.38999888,0.39961207
0.37123728,0.36478716
0.34393334,0.3472298
0.33026585,0.29597265
0.2660885,0.23911688
0.19992176,0.18083349
0.15994096,0.14632887
0.1348939,0.116500415
0.1040804,0.10126517
0.09892847,0.08717865
0.094078586,0.09
0.12045915,0.114675604
0.1545454,0.14452904
0.1866146,0.18392757
0.21171251,0.21862231
0.23879397,0.25012726
0.27388015,0.27585143
0.3137188,0.30929077
0.34998354,0.34192967
0.3892735,0.36719233
0.4207311,0.3873161
0.4480116,0.4055188
0.47404173,0.4203027
0.48830953,0.4180679
0.47071296,0.40886006
0.44149956,0.36974066
0.39814192,0.35468075
0.37097067,0.30535352
0.29963526,0.24642646
0.22609536,0.19086407
0.17633356,0.18272072
0.13686833,0.1454356
0.112736106,0.12954378
0.10213017,0.11544897
0.1031272,0.11421734
0.12227456,0.13850006
0.15748353,0.16968463
0.195095,0.21581462
0.23386237,0.24472922
0.27551797,0.28078973
0.317806,0.31435508
0.34744594,0.35378397
0.3743699,0.38597587
0.40664044,0.41278613
0.42581335,0.4372066
0.42849174,0.45662886
0.43672928,0.47594094
0.45131907,0.47127482
0.44634122,0.4600163
0.41461593,0.41882527
0.38464198,0.39523795
0.3568593,0.34225821
0.29969844,0.2827545
0.24059843,0.22147259
0.18303582,0.17108782
0.15257613,0.13546297
0.12385456,0.116565496
0.10653555,0.10269627
0.10392367,0.10287726
0.105015196,0.12320311
0.11376312,0.15723807
0.14123201,0.19977735
0.18427055,0.23019795
0.23801287,0.26813972
0.2996286,0.30630368
0.35109836,0.34605607
0.3886476,0.38126922
0.40366775,0.40661085
0.41654682,0.4343061
0.42586082,0.4536647
0.42887217,0.46963727
0.42710516,0.46435943
0.40377867,0.45452338
0.37029442,0.41349298
0.33907327,0.38945088
0.3111077,0.33713293
0.2662627,0.27712834
0.21869218,0.21935064
0.17638347,0.14331922
0.14094608,0.10745722
0.11418022,0.08429249
0.10078253,0.06941086
0.095326245,0.06541188
0.096953884,0.08882128
0.10316448,0.120545894
0.13044651,0.16096069
0.1758218,0.19581063
0.22325522,0.23418716
0.25552073,0.2747474
0.29404113,0.3142318
0.3338746,0.35620064
0.36883298,0.38473976
0.3841935,0.4128348
0.40733296,0.43554553
0.44097275,0.450929
0.47645518,0.44303498
0.4815595,0.42548567
0.45905444,0.3842613
0.42158204,0.36335826
0.380183,0.30901772
0.31338555,0.24434087
0.24421358,0.18349981
0.18286082,0.18792912
0.15306628,0.15020174
0.12909932,0.12733635
0.11093911,0.10959448
0.106719986,0.10574757
0.12290425,0.13209137
0.14458634,0.16225177
0.1779373,0.19290306
0.2143816,0.25182658
0.2501967,0.29238433
0.29034275,0.34032333
0.3192603,0.3896157
0.34763554,0.43669403
0.3914905,0.47623527
0.4078356,0.4985087
0.43447134,0.5206979
0.46446294,0.54055905
0.4719463,0.53252476
0.4542531,0.51897925
0.42600858,0.47134972
0.38800558,0.44510323
0.35252923,0.40192935
0.30222967,0.33157256
0.23576833,0.26422548
0.18288745,0.20360057
0.14486939,0.16873631
0.12212695,0.14501207
0.107677296,0.13601159
0.10539807,0.12747091
0.10675407,0.15033993
0.115810595,0.18804935
0.14513204,0.22467759
0.19596224,0.26308343
0.2528361,0.30091286
0.3158401,0.34693834
0.36818457,0.39248255
0.40893152,0.43488467
0.43910986,0.46211976
0.45074537,0.4850286
0.46401632,0.50619566
0.4788359,0.51645625
0.49572107,0.5210602
0.49305046,0.5109689
0.46682587,0.4656285
0.41448915,0.43308026
0.36959246,0.3830743
0.32179868,0.31586367
0.26859444,0.25029364
0.20313229,0.20103112
0.16774862,0.1648461
0.14718118,0.14269543
0.128359,0.12375212
0.12119262,0.11694091
0.1455359,0.1428808
0.17178771,0.18125764
0.23466174,0.21195732
0.2928169,0.2656875
0.36318722,0.3030969
0.44284293,0.3504557
0.50656074,0.40934777
0.5502851,0.45393082
0.58932596,0.49595785
0.61158156,0.51149905
0.6383234,0.54007775
0.65507054,0.5519723
0.66367465,0.5496859
0.6606988,0.53944063
0.6281166,0.48427165
0.56834155,0.4541522
0.5248065,0.40171906
0.43560305,0.33604613
0.34801248,0.26548573
0.27758887,0.28008336
0.22826533,0.23719883
0.19749811,0.21517044
0.17923518,0.1951837
0.17102487,0.18802199
0.18482612,0.21021846
0.22313271,0.2375893
0.27723053,0.27731884
0.33961743,0.34491792
0.41276658,0.39665288
0.49504665,0.45638826
0.5562702,0.52798086
0.59895736,0.5727164
0.6340627,0.61219656
0.6606819,0.630514
0.6741564,0.651526
0.67568165,0.66535187
0.6661219,0.64667237
0.6375768,0.6246471
0.6029668,0.57385516
0.54833186,0.53730315
0.5072973,0.48385006
0.43397632,0.40565047
0.35095564,0.32870418
0.29009423,0.28912583
0.2345082,0.24692796
0.20240383,0.22268498
0.19577065,0.19971421
0.19199678,0.19205791
0.2069766,0.21305674
0.2405896,0.24242932
0.2881481,0.28737214
0.32425445,0.34483048
0.39519206,0.40116602
0.43673202,0.45954472
0.4985122,0.52999586
0.5300178,0.5727326
0.58343065,0.6087107
0.6044379,0.6299909
0.61605406,0.64911056
0.6135939,0.6587268
0.61074036,0.6440348
0.5891453,0.62059367
0.55087084,0.5781471
0.510039,0.5382404
0.4658162,0.47959194
0.39118356,0.40845162
0.32516184,0.3331416
0.25826424,0.24511677
0.19847642,0.2075334
0.16294286,0.17995578
0.1434481,0.15738466
0.12749255,0.15439585
0.1249502,0.17115942
0.12851818,0.20339113
0.1627528,0.24102245
0.21802658,0.29571602
0.27920374,0.3455001
0.3383162,0.40545455
0.39689776,0.4733741
0.4403,0.51510453
0.47873548,0.54904324
0.50605816,0.57653016
0.53007364,0.5984902
0.55332005,0.6109029
0.5572208,0.59761304
0.5383177,0.5832732
0.5016949,0.53829134
0.45792836,0.50985694
0.42216915,0.44684875
0.35926864,0.37996733
0.29131055,0.31600907
0.23700793,0.21846516
0.19681136,0.17931855
0.16862163,0.1602448
0.14575715,0.14608243
0.13047923,0.13867863
0.13012497,0.15713765
0.13455622,0.18761924
0.16184996,0.22164185
0.20586713,0.2661389
0.24649388,0.30772632
0.27567258,0.3574349
0.3045311,0.41349033
0.31979138,0.45392337
0.33021426,0.4846279
0.33346072,0.5018929
0.3492933,0.52028316
0.3802579,0.5360016
0.39577898,0.53262854
0.39137453,0.5256319
0.3701867,0.48275194
0.34915924,0.45094594
0.31883028,0.3984597
0.26864755,0.34679776
0.21237445,0.28566825
0.17431529,0.17218587
0.1518031,0.1390608
0.13696754,0.11765938
0.1223578,0.103823334
0.12813714,0.09789696
0.15907435,0.11555669
0.1955287,0.13519633
0.2351073,0.17123628
0.2672564,0.21282364
0.30467033,0.25273526
0.3531527,0.2940392
0.3906234,0.32900894
0.43256235,0.36997023
0.46742985,0.39619875
0.4982007,0.41787863
0.5201207,0.4404466
0.53366673,0.45696908
0.556939,0.4500753
0.55533665,0.43424982
0.5219688,0.38971204
0.46054435,0.37138867
0.41595626,0.3181171
0.33225977,0.26094496
0.2575536,0.19862592
0.20154984,0.22089954
0.16374938,0.18501878
0.13973814,0.161178
0.13524176,0.14588358
0.12928407,0.14064096
0.15767999,0.15990764
0.18052605,0.18914416
0.23117487,0.22451876
0.26589948,0.27484703
0.31132832,0.3171637
0.37212232,0.36787075
0.4191887,0.41762948
0.45965186,0.45921254
0.50556463,0.49701458
0.5390203,0.5218187
0.56206006,0.544667
0.5849393,0.5631229
0.60358113,0.54643923
0.5921436,0.5290679
0.5613278,0.4791718
0.5018329,0.45270124
0.45086408,0.39919022
0.3641981,0.3250745
0.28272894,0.25855988
0.2273587,0.2409156
0.18336968,0.20111008
0.1555514,0.17915344
0.14955917,0.16409753
0.14295948,0.15762815
0.16249244,0.17865093
0.19422017,0.21414435
0.24442753,0.25383073
0.29414627,0.30845046
0.33419964,0.3499015
0.40113592,0.39678735
0.4596925,0.45346582
0.528885,0.4963025
0.5615675,0.5386978
0.5926001,0.5642947
0.6172929,0.5835179
0.6357074,0.5972227
0.6463514,0.588866
0.62026906,0.571264
0.58946687,0.51962185
0.53485227,0.49245042
0.4847242,0.4371874
0.4100497,0.35802466
0.32190308,0.28847486
0.2515171,0.2685083
0.20348273,0.22257744
0.18660882,0.20093703
0.16723199,0.18247832
0.16637297,0.17631647
0.1889127,0.19715819
0.22934453,0.23379579
0.28201708,0.27676693
0.33737564,0.3330448
0.3932843,0.38018137
0.4573104,0.43087885
0.5151901,0.4959877
0.56925964,0.54053426
0.62888414,0.58553064
0.6540434,0.60847926
0.6770159,0.6273345
0.6880602,0.63797057
0.6934613,0.62676936
0.669996,0.6064198
0.6326182,0.55488193
0.5650417,0.5164928
0.50786656,0.45956877
0.43467784,0.378556
0.3598851,0.30033356
0.29179797,0.28600138
0.24278134,0.23924188
0.20896809,0.21239796
0.18431924,0.19305544
0.18059452,0.18337944
0.1955252,0.2010293
0.22487798,0.23730755
0.27499267,0.27322036
0.31861296,0.3413507
0.37155244,0.39802015
0.42462656,0.46146652
0.4724905,0.53178304
0.5156903,0.5819298
0.55768526,0.62668854
0.58553994,0.6433724
0.5931321,0.65979993
0.5764268,0.6668471
0.5669245,0.6541435
0.55592066,0.6370091
0.5325406,0.58645177
0.48401174,0.54520184
0.4403064,0.49079457
0.37589648,0.41507795
0.30058178,0.33900806
0.23709421,0.22573215
0.19663818,0.18417028
0.16362977,0.16284916
0.14856595,0.14549336
0.13654496,0.13916227
0.13741219,0.15663703
0.14349663,0.1855
0.17964101,0.22040112
0.2408944,0.2704801
0.3134435,0.318282
0.39055294,0.36967045
0.46261817,0.42764503
0.5190883,0.4734043
0.552169,0.5118837
0.5795556,0.53427434
0.5964126,0.55160713
0.5976024,0.5679567
0.58487004,0.56077075
0.5487348,0.5425288
0.5002327,0.4959
0.46055105,0.46601054
0.42388275,0.40659118
0.35771132,0.34399748
0.2889951,0.27932608
0.23960368,0.2200182
0.20459162,0.18684351
0.17530395,0.16297229
0.15710585,0.13907269
0.1470287,0.1342667
0.14992744,0.1487022
0.1546994,0.17012075
0.18052544,0.20284025
0.22443897,0.25699675
0.2671628,0.3114813
0.31092888,0.37692478
0.357552,0.43714505
0.40219533,0.4862808
0.44278893,0.52084756
0.48104027,0.54040134
0.5116993,0.5602584
0.54285043,0.57593435
0.55369514,0.5605426
0.53373444,0.53908825
0.50207686,0.49152797
0.45727128,0.46360055
0.4190242,0.40801764
0.35532707,0.34633684
0.27911213,0.28213352
0.22553095,0.25038448
0.1912312,0.21180727
0.16512029,0.18864363
0.14729972,0.17511272
0.1484859,0.16713542
0.17438164,0.1811687
0.21499379,0.21069542
0.25875103,0.24395923
0.3107869,0.30257225
0.35955456,0.34763163
0.41127408,0.4016151
0.4688662,0.45514557
0.51992935,0.50077057
0.5599036,0.5361686
0.58452475,0.5572756
0.5798785,0.5749921
0.57173103,0.5898243
0.5487039,0.5766776
0.5124787,0.56150585
0.4626247,0.51033187
0.4222764,0.48451796
0.38878897,0.42875388
0.31669712,0.35877895
0.25774914,0.28970566
0.2079289,0.22353807
0.17278612,0.18490826
0.14755659,0.16268754
0.13801053,0.14466771
0.14329349,0.13567305
0.1679414,0.15627733
0.20441951,0.18426508
0.24524455,0.2201563
0.28333977,0.26755154
0.31843767,0.31611276
0.36372364,0.36890677
0.40406263,0.42372
0.44259277,0.4692462
0.47970665,0.5084685
0.5103015,0.53231025
0.5417667,0.5532615
0.56340843,0.5716601
0.57974595,0.56188494
0.5634584,0.53693175
0.53143907,0.49187276
0.4929829,0.46126196
0.456548,0.4068618
0.37942705,0.33418235
0.31740823,0.26778707
0.25647166,0.25762856
0.21757783,0.22078116
0.19195342,0.20010692
0.17853503,0.18581012
0.1828946,0.17711067
0.20665781,0.18999141
0.2417589,0.22414005
0.27855274,0.26093155
0.31111696,0.31466198
0.34240416,0.36490428
0.3833269,0.418385
0.4171438,0.46964455
0.4621647,0.51808107
0.48447496,0.5507852
0.5231338,0.57235616
0.5575515,0.5881024
0.58985037,0.5962334
0.59634155,0.5895906
0.5900617,0.5700038
0.5595871,0.52341664
0.50558287,0.49182817
0.46018022,0.44093075
0.3869862,0.36789975
0.30694655,0.3023689
0.245637,0.249579
0.20948729,0.21179073
0.1747948,0.18860236
0.16245972,0.16680762
0.16223085,0.16247362
0.17376596,0.18519002
0.21230125,0.2217941
0.25110576,0.2596697
0.29982442,0.31619588
0.34248406,0.36003315
0.41092467,0.41214356
0.46025294,0.47221428
0.51384175,0.51436937
0.554076,0.554663
0.58473885,0.573527
0.6084575,0.59207594
0.63782126,0.60228884
0.6497777,0.5934865
0.6309954,0.5845466
0.5946631,0.5369882
0.5525307,0.5084612
0.5070973,0.4584979
0.41970882,0.38422483
0.32888338,0.31562394
0.32659084,0.28743184
0.32429832,0.24717098
0.3220058,0.22879413
0.31971326,0.20952606
0.31742075,0.20536307
0.31512824,0.22189388
0.3128357,0.25946167
0.31054318,0.30269974
0.30825067,0.35750088
0.30595812,0.40252912
0.3036656,0.44548059
0.3013731,0.4979378
0.29908055,0.5373455
0.29678804,0.57501554
0.29449552,0.5948322
0.292203,0.6106862
0.28991047,0.61865103
0.28761795,0.6110805
0.28532544,0.59368724
0.2830329,0.54214567
0.28074038,0.52173674
0.27844787,0.4586574
0.27615532,0.38734335
0.2738628,0.31701812
0.2715703,0.15244241
0.26927775,0.113771714
0.26698524,0.09633633
0.26469272,0.082166255
0.26240018,0.083278395
0.26010767,0.10178862
0.25781515,0.13252881
0.25552264,0.17403233
0.2532301,0.20415539
0.25093758,0.24312647
0.24864505,0.27548775
0.24635254,0.31164926
0.24406001,0.35283723
0.24176748,0.37749267
0.23947497,0.40489596
0.23718244,0.4238954
0.23488991,0.43994248
0.2325974,0.4334509
0.23030487,0.41967478
0.22801234,0.38024947
0.22571982,0.3535054
0.2234273,0.302787
0.22113478,0.24140581
0.21884225,0.18718044
0.21654972,0.1035996
0.21425721,0.06757903
0.21196468,0.05351743
0.20967215,0.037078317
0.20737964,0.04188419
0.20508711,0.063067436
0.2027946,0.09033932
0.20050207,0.12836127
0.19820954,0.15916425
0.19591703,0.18654647
0.1936245,0.21463846
0.19133197,0.2546566
0.18903945,0.28517202
0.18674693,0.31295562
0.18445441,0.33326936
0.18216188,0.35421517
0.17986935,0.36915046
0.17757684,0.3610829
0.17528431,0.3511966
0.17299178,0.3147074
0.17069927,0.29662302
0.16840674,0.24526528
0.16611423,0.1902504
0.1638217,0.13486174
0.16152917,0.09452445
0.15923665,0.058873132
0.15694413,0.044165034
0.1546516,0.0281035
0.15235908,0.027622513
0.15006655,0.04303517
0.14777403,0.069549315
0.14548151,0.10545194
0.14318898,0.13485605
0.14089647,0.16833176
0.13860394,0.20180364
0.13631141,0.2341392
0.1340189,0.26393205
0.13172637,0.28934503
0.12943384,0.30911613
0.12714133,0.3300999
0.1248488,0.34066325
0.12255628,0.33906946
0.120263755,0.32755798
0.117971234,0.3003826
0.115678705,0.28024277
0.113386184,0.23132032
0.11109366,0.18256694
0.10880114,0.12943819
0.10650861,0.09717721
0.07280949,0.07055997
0.054170538,0.06280567
0.040168267,0.04903911
0.03620403,0.05390241
0.041067604,0.07493006
0.050447494,0.101213865
0.065316685,0.13561177
0.10260494,0.16027947
0.14126153,0.17983434
0.18167374,0.19309388
0.22832468,0.20958133
0.27209592,0.22524129
0.31925923,0.24143809
0.3701911,0.25234145
0.41487157,0.26493663
0.45557958,0.27901888
0.47730735,0.28319052
0.46430376,0.27815562
0.41440743,0.25907987
0.37735566,0.25410053
0.3248992,0.21033882
0.2603563,0.16335526
0.2047345,0.11559653
0.15876879,0.20072691
0.12743016,0.16514185
0.10185885,0.1474053
0.08533919,0.1338853
0.07581322,0.1306054
0.07318734,0.15690735
0.08619927,0.19091123
0.10322048,0.23157652
0.1611696,0.27298653
0.23583604,0.30707192
0.30933762,0.3322462
0.37761787,0.37173963
0.43586722,0.41087374
0.48337108,0.44665182
0.5208176,0.47250786
0.5551347,0.49312884
0.57927895,0.51032823
0.58763593,0.5079988
0.5656309,0.48961836
0.5132268,0.44211915
0.47027713,0.41986153
0.41024172,0.3697497
0.33626127,0.29442447
0.2699159,0.22927114
0.2199435,0.24181774
0.1802249,0.2068653
0.15261327,0.17986783
0.13852334,0.16075762
0.13165689,0.15227109
0.13167743,0.18184192
0.13899691,0.21307734
0.14946194,0.24613057
0.20889124,0.3037432
0.29026207,0.352826
0.37609902,0.40011632
0.4531648,0.46540993
0.50723594,0.5132679
0.5515322,0.56092197
0.5911277,0.5815344
0.62471634,0.6094044
0.6532381,0.62135077
0.66252106,0.6129511
0.6397785,0.5806517
0.5932179,0.5345862
0.56117,0.48972344
0.48283333,0.43983093
0.39520425,0.35141373
0.32022706,0.27836984
0.26332122,0.29432842
0.22143432,0.25005108
0.1923801,0.21992591
0.17882583,0.20355251
0.17663805,0.19663024
0.20248449,0.21914187
0.25797132,0.24413094
0.29394603,0.28020698
0.33846763,0.35640302
0.40559515,0.41682464
0.47694623,0.4775909
0.5440379,0.5558332
0.59682894,0.6056336
0.6524667,0.64830774
0.6895817,0.66304696
0.71590775,0.6864939
0.742715,0.6946454
0.74084646,0.6786779
0.7184481,0.6481362
0.6764798,0.6064461
0.63739955,0.5558589
0.54550827,0.4999675
0.4608968,0.42150372
0.37446076,0.34972724
0.31330642,0.31858516
0.26518625,0.27066422
0.2281022,0.2424041
0.20559731,0.22502317
0.20716302,0.21493289
0.2261095,0.23876679
0.28118166,0.25824162
0.30096877,0.30427667
0.34811047,0.37994796
0.40267086,0.43831694
0.490261,0.49697903
0.5690629,0.57814634
0.6300402,0.626457
0.6850848,0.6653066
0.7070051,0.6742015
0.725884,0.69407177
0.74322796,0.7007655
0.76070887,0.68188906
0.7360995,0.65088373
0.6857113,0.5989155
0.6332486,0.55306697
0.5472698,0.4939518
0.4599681,0.4160978
0.38603997,0.34058514
0.3226799,0.32326543
0.27902615,0.27901408
0.2338639,0.2547054
0.21841386,0.23944502
0.21697873,0.23288983
0.24047151,0.2499842
0.308347,0.2737011
0.3385763,0.31017017
0.35178468,0.38029787
0.38823658,0.4312148
0.43345436,0.488916
0.4771757,0.55448306
0.53717107,0.59398645
0.5664924,0.62808675
0.5494864,0.6436519
0.5416749,0.6514727
0.54537773,0.6638142
0.53545415,0.64598304
0.50138676,0.6191093
0.4711363,0.5679752
0.45391497,0.54126894
0.39798456,0.47874293
0.32886496,0.4113781
0.26690823,0.344949
0.21945715,0.21162325
0.18348671,0.17350239
0.1615298,0.15156731
0.15186138,0.13661985
0.15186489,0.13218343
0.17813163,0.14561155
0.23281863,0.17049924
0.25970015,0.20694484
0.2860728,0.24779221
0.3171057,0.29189903
0.3540502,0.340724
0.39003327,0.38797206
0.43328485,0.4282757
0.47806987,0.45286697
0.50947255,0.48313898
0.53040445,0.5025485
0.54516375,0.5218778
0.5367421,0.51398367
0.49793306,0.49894124
0.4537514,0.45528477
0.4157595,0.43069384
0.36589864,0.37615782
0.3085416,0.32243615
0.2519538,0.26413518
0.20174554,0.18230361
0.16945325,0.14961293
0.14495748,0.12847383
0.13141036,0.11285683
0.12869257,0.11200466
0.13187174,0.12466748
0.14826678,0.13866103
0.16558868,0.17614968
0.20157586,0.21796218
0.2339794,0.26089025
0.27256522,0.30770466
0.3136502,0.34969357
0.35410696,0.38563505
0.3964128,0.40562862
0.42377228,0.43583614
0.44832265,0.4593505
0.44032145,0.47865272
0.40180364,0.46539596
0.3648899,0.4602693
0.33675903,0.4235732
0.31597537,0.40666157
0.281941,0.34088653
0.23890033,0.2935125
0.19215459,0.23417124
0.15619175,0.15341948
0.12519018,0.11086321
0.1053127,0.09714408
0.093434595,0.08484479
0.085510686,0.07712375
0.089146234,0.087830506
0.09983602,0.10355241
0.1193209,0.1380477
0.15480393,0.18354288
0.19026445,0.22064088
0.22654808,0.25779587
0.2509787,0.29112425
0.27122626,0.3285443
0.29267812,0.3488357
0.31605616,0.37001604
0.3419335,0.39627552
0.3623646,0.40551478
0.373536,0.4070367
0.36897677,0.41103703
0.3612522,0.37368393
0.36033416,0.35191914
0.3067662,0.2991691
0.26307988,0.2618344
0.21791261,0.20110303
0.1725708,0.17257515
0.15345858,0.13847125
0.13578516,0.11890811
0.13468343,0.10473069
0.14030467,0.10457934
0.17500798,0.12180941
0.23433898,0.14807509
0.26166376,0.18702394
0.28255638,0.22090267
0.2957634,0.25969088
0.33572656,0.2979454
0.36002037,0.33637908
0.4064493,0.37794584
0.43101293,0.40265083
0.47110876,0.42703503
0.487038,0.4459892
0.5164906,0.45667046
0.5132951,0.45544058
0.5006688,0.44420263
0.44989172,0.40334928
0.42674237,0.37463087
0.36268246,0.32535338
0.28895995,0.2685263
0.2271099,0.2088629
0.22539215,0.21155453
0.22367442,0.1740078
0.22195669,0.15549162
0.22023894,0.14155805
0.21852121,0.13994065
0.21680346,0.16231087
0.21508573,0.19979793
0.21336798,0.2402332
0.21165025,0.28273088
0.20993252,0.31654555
0.20821477,0.35568982
0.20649704,0.3998117
0.2047793,0.436936
0.20306157,0.46918523
0.20134382,0.49089757
0.19962609,0.507734
0.19790836,0.5208002
0.19619061,0.5209928
0.19447288,0.5131148
0.19275513,0.46782768
0.1910374,0.44295552
0.18931966,0.39013237
0.18760192,0.32427126
0.1858842,0.25760692
0.18416645,0.110557996
0.18244871,0.076393016
0.18073097,0.06357267
0.17901324,0.053085305
0.17729549,0.05422262
0.17557776,0.07704063
0.17386003,0.11247603
0.17214228,0.14954655
0.17042455,0.17582548
0.1687068,0.20649672
0.16698907,0.2349875
0.16527133,0.26350746
0.1635536,0.2973851
0.16183586,0.3155161
0.16011812,0.33587527
0.15840039,0.35100368
0.15668264,0.36517793
0.15496491,0.36352423
0.15324716,0.35352862
0.15152943,0.3274954
0.1498117,0.3085713
0.14809395,0.2623706
0.14637622,0.20682764
0.14465848,0.1523225
0.14294074,0.09408866
0.141223,0.06742734
0.13950527,0.057613693
0.13778754,0.045778126
0.13606979,0.049124442
0.13435206,0.075585835
0.13263431,0.10840185
0.13091658,0.14448641
0.12919883,0.16920091
0.1274811,0.19165756
0.12576337,0.21167374
0.124045625,0.23701425
0.12232789,0.25576064
0.120610155,0.2719853
0.11889242,0.28086513
0.11717468,0.29601067
0.11545694,0.3093359
0.1137392,0.3143867
0.11202146,0.3131382
0.11030372,0.29507262
0.10858599,0.2860969
0.10686825,0.24033609
0.10515051,0.19572714
0.103432775,0.14942169
0.101715036,0.08845966
0.0999973,0.06590624
0.09827956,0.06023703
0.09656183,0.045103308
0.09484409,0.05481441
0.09312635,0.07440393
0.09140861,0.0974099
0.08969087,0.122735634
0.08797313,0.14991498
0.086255394,0.16754848
0.08453766,0.17516826
0.082819924,0.18403172
0.081102185,0.19299819
0.079384446,0.20339489
0.07766671,0.20897679
0.07594897,0.22245045
0.07423123,0.23655884
0.0725135,0.23926143
0.07079576,0.24117717
0.06907802,0.23502192
0.06736028,0.22654185
0.06564254,0.19015674
0.063924804,0.14655238
0.06220707,0.10904684
0.06048933,0.063321695
0.039545275,0.041916605
0.026149258,0.033885587
0.018333698,0.01543697
0.016188223,0.02279156
0.021870634,0.03673645
0.036816522,0.05742406
0.050101455,0.08522251
0.08349456,0.11017944
0.10976875,0.13415115
0.12723674,0.14500579
0.14091763,0.16200186
0.14556405,0.16872482
0.14896342,0.18220025
0.15194462,0.19575158
0.16186441,0.21118024
0.17529924,0.2323378
0.18810193,0.22978745
0.19081502,0.2247184
0.19968452,0.22370276
0.2067071,0.21462965
0.170749,0.17028305
0.14132605,0.1282472
0.09931407,0.09537815
0.071417876,0.10963077
0.065140165,0.08918469
0.06045631,0.07626809
0.063355796,0.06706909
0.06420568,0.0686748
0.09617902,0.09608544
0.15912259,0.1326177
0.18806557,0.166209
0.1980298,0.18741408
0.21518826,0.21417695
0.22717883,0.23452564
0.22729386,0.25382167
0.2404464,0.27347243
0.26056144,0.2861352
0.2629793,0.29885298
0.26676258,0.31143993
0.2744129,0.32385862
0.28141358,0.32429758
0.283096,0.3143358
0.28559238,0.30089998
0.27386492,0.29045227
0.2254681,0.2491945
0.18847476,0.19509783
0.14063032,0.15102193
0.108997084,0.13952917
0.08221357,0.113168195
0.06928092,0.10333392
0.058888026,0.09792921
0.07020324,0.10080831
0.10303544,0.13227455
0.16684212,0.17330027
0.19026309,0.21287943
0.19121842,0.23364066
0.203522,0.2529204
0.21364084,0.26802576
0.21330559,0.29131484
0.22267027,0.3075493
0.2365196,0.3191269
0.244638,0.3350934
0.25204346,0.3436686
0.2606844,0.36112523
0.27501947,0.36156467
0.26980117,0.35495654
0.26964352,0.34006175
0.25810826,0.3270778
0.22782739,0.28656033
0.17417575,0.23037317
0.12819238,0.18248102
0.096808255,0.105194
0.06952608,0.08702196
0.06328382,0.0787445
0.06365375,0.07142545
0.07750887,0.075902954
0.11143899,0.10981146
0.15614548,0.1517241
0.18285793,0.18401942
0.20259634,0.20610677
0.20277467,0.21783504
0.21222061,0.22191665
0.22121991,0.23836383
0.22314778,0.24752642
0.24943659,0.2579972
0.2545517,0.2643845
0.28104424,0.27370542
0.29133838,0.28900373
0.3060822,0.28935927
0.30529517,0.28366905
0.29253188,0.2720684
0.2870228,0.27109516
0.24088177,0.23252298
0.17433462,0.17882687
0.142646,0.13231778
0.11224916,0.10958534
0.07513194,0.091642894
0.06452569,0.08697541
0.06195414,0.07992969
0.06996494,0.08762905
0.10074388,0.12044126
0.15831485,0.16722053
0.18226263,0.2012801
0.19359581,0.2136125
0.19841084,0.22539246
0.21032973,0.23347108
0.2267048,0.2458248
0.24616656,0.2525258
0.2663557,0.26090604
0.285626,0.26819068
0.30521512,0.2751476
0.3201572,0.29036576
0.3268152,0.29141504
0.31130642,0.2925466
0.30278236,0.28392112
0.28553653,0.27887332
0.24120848,0.24351822
0.18806237,0.19269952
0.13667263,0.15207398
0.0982936,0.09781345
0.077129506,0.0794194
0.063005194,0.072662205
0.05850942,0.06422493
0.068006635,0.06894426
0.09648869,0.09837135
0.14785226,0.13497153
0.17375866,0.17006671
0.18486828,0.18615709
0.19123836,0.20241462
0.2079916,0.21398002
0.21762562,0.23283805
0.22699927,0.24209778
0.23462674,0.2493834
0.23826715,0.25535676
0.24557978,0.26593342
0.25539824,0.2783835
0.25341818,0.2792137
0.23250364,0.27968368
0.22817129,0.27246362
0.21671547,0.26598445
0.18784629,0.22392587
0.1494566,0.17778397
0.107198104,0.13660805
0.07602367,0.07916838
0.05361191,0.060724437
0.04184277,0.055611692
0.034397747,0.044345092
0.03239227,0.0493197
0.040694628,0.06523925
0.05905176,0.095951095
0.08055809,0.122780144
0.113930814,0.14604875
0.14534827,0.17054911
0.16187766,0.1844366
0.16886358,0.19425002
0.16848847,0.20431432
0.16755186,0.20824005
0.16340227,0.21184802
0.16451038,0.2205763
0.16440372,0.23273773
0.17068584,0.23182942
0.17215627,0.23177212
0.18143314,0.23358627
0.17902046,0.22661704
0.15752828,0.18583903
0.12283562,0.15001729
0.09924863,0.11296396
0.07137542,0.06530821
0.051878672,0.04408483
0.038486004,0.0312647
0.028473686,0.021755572
0.023247488,0.020650364
0.028517663,0.039236233
0.04567431,0.06919083
0.06404164,0.09558475
0.1080209,0.12334586
0.13653886,0.14689259
0.15204795,0.16750936
0.16032353,0.1879887
0.17074625,0.20163783
0.17085475,0.21267559
0.16591357,0.21895723
0.17020832,0.23027429
0.1739726,0.24187939
0.19268598,0.24132937
0.20280147,0.23598744
0.22008851,0.23335554
0.21029852,0.22513938
0.17443308,0.18364069
0.14201783,0.14119369
0.11089285,0.09925309
0.086129725,0.091754906
0.06790559,0.072069734
0.05361602,0.06305999
0.06411179,0.052824806
0.07639314,0.05593215
0.10793508,0.08308226
0.16111407,0.120488524
0.19927868,0.15090229
0.21270436,0.17541713
0.22138791,0.19940062
0.24396098,0.21918334
0.25390983,0.24278225
0.25302663,0.2542662
0.2522402,0.26098537
0.2543682,0.2663753
0.25116023,0.27707705
0.25644487,0.29303187
0.26060617,0.28901967
0.25908002,0.28781968
0.26339108,0.2864411
0.25703698,0.2788037
0.22491238,0.240833
0.175685,0.19745946
0.14029935,0.15734012
0.11396216,0.1281115
0.091617964,0.109540924
0.07987515,0.102610454
0.06955331,0.098393716
0.07286169,0.10062846
0.10376739,0.12980291
0.16039778,0.17636293
0.18774205,0.21014652
0.1981526,0.22893624
0.20871897,0.24359448
0.21815974,0.25541067
0.22289625,0.2746699
0.23358679,0.28157347
0.23372664,0.28488386
0.23180501,0.28653175
0.22548074,0.29292914
0.23120743,0.30353248
0.2387993,0.30474174
0.23926175,0.3094921
0.25748786,0.30448502
0.24472488,0.29717556
0.21009462,0.2601491
0.16524142,0.21243858
0.12766434,0.16800025
0.09265182,0.115630135
0.0726526,0.096423164
0.060445048,0.09767673
0.05909148,0.093886025
0.07180546,0.10169265
0.10246723,0.13051304
0.16006042,0.17915273
0.18804243,0.21392517
0.19525129,0.22741048
0.20322694,0.23605476
0.20009889,0.2367132
0.19368985,0.2416729
0.18991765,0.24390273
0.1718046,0.2415803
0.1738148,0.23891258
0.20249727,0.24173313
0.22586924,0.24909167
0.23362544,0.25996158
0.23616946,0.2725153
0.25231022,0.27370754
0.23745516,0.26887468
0.20441905,0.23567516
0.15649883,0.19886547
0.11689969,0.15688595
0.0825129,0.10771527
0.064721845,0.09269189
0.05732841,0.08859686
0.058467116,0.08274574
0.06414359,0.08829263
0.09844106,0.11768857
0.1606023,0.16244754
0.1886744,0.19413142
0.19572029,0.21234691
0.19662632,0.22327931
0.20016691,0.22817542
0.20533665,0.23638596
0.21039423,0.24335898
0.21728261,0.24470894
0.22065566,0.24460654
0.21817876,0.24774306
0.22844231,0.25469923
0.2325018,0.25826877
0.23777807,0.26296276
0.25379145,0.26302648
0.24183589,0.25925955
0.20744012,0.223308
0.15702185,0.17798942
0.12081523,0.13386491
0.119280435,0.09927673
0.11774564,0.078781396
0.11621084,0.07564238
0.11467604,0.07024407
0.11314125,0.07325201
0.11160646,0.10077664
0.11007166,0.14571354
0.10853686,0.17920129
0.107002065,0.19844912
0.105467275,0.21181263
0.10393248,0.22002852
0.10239768,0.23387364
0.10086288,0.2439429
0.099328086,0.2463483
0.09779329,0.24711189
0.0962585,0.25361878
0.0947237,0.2634498
0.093188904,0.26610428
0.09165411,0.27123246
0.09011931,0.26919478
0.08858452,0.26376885
0.08704972,0.22533765
0.085514925,0.18350863
0.08398013,0.13753885
0.08244533,0.05576998
0.061518013,0.038486123
0.045945175,0.030017287
0.04260028,0.020408865
0.04294297,0.024519917
0.05217419,0.041351274
0.07108158,0.07205556
0.09408924,0.091575995
0.12312672,0.11909625
0.1479667,0.13738418
0.1639081,0.14718953
0.17627588,0.15606491
0.18894117,0.16273153
0.20285426,0.16976897
0.21643183,0.16690308
0.2293523,0.17499526
0.24611786,0.18327577
0.25253525,0.18682338
0.23607709,0.18827015
0.2342425,0.1934558
0.21412048,0.18541804
0.18189727,0.15449437
0.1412731,0.11480002
0.100620314,0.07915475
0.06861045,0.093921095
0.03932584,0.07032152
0.02169457,0.06529272
0.014573067,0.057405666
0.013419908,0.06395004
0.014888216,0.09441713
0.028631032,0.1369614
0.04701084,0.1645165
0.07431874,0.19029056
0.09818404,0.20043568
0.119497575,0.20564389
0.14095445,0.21841528
0.16864917,0.22651719
0.1911125,0.23899819
0.21942231,0.23944809
0.24766363,0.25201142
0.27651134,0.26494753
0.29260826,0.26252255
0.27905142,0.26591307
0.2748691,0.25709426
0.2463344,0.2503839
0.19799952,0.21297379
0.14377008,0.16388619
0.10091309,0.117625885
0.06884845,0.10532733
0.05329661,0.08221984
0.043269686,0.07226329
0.044650342,0.06334952
0.05600497,0.06913153
0.08800905,0.104774594
0.14555232,0.14505577
0.18217316,0.18247727
0.1916092,0.20098035
0.20981127,0.2172764
0.22615989,0.23196165
0.25481176,0.25407547
0.28177148,0.26760274
0.3152428,0.2811101
0.33709076,0.29295272
0.36253288,0.30258143
0.38897142,0.31429
0.39991504,0.31744063
0.3768331,0.31765005
0.36634752,0.30524474
0.32648543,0.2926739
0.27139714,0.25414035
0.208423,0.20290604
0.15650278,0.15337977
0.11115854,0.16284879
0.083951384,0.12898833
0.06698784,0.123899244
0.063527904,0.119426735
0.0695629,0.1224427
0.09964839,0.15178019
0.15704468,0.19804436
0.19155595,0.2443885
0.20125692,0.2568795
0.21573807,0.2736348
0.24126205,0.2833677
0.2696295,0.30415446
0.30417958,0.31892312
0.3421884,0.33098996
0.36466724,0.34871206
0.39201608,0.35619667
0.41594896,0.37212753
0.42136765,0.37799975
0.3947395,0.37522137
0.37821072,0.35468274
0.34048253,0.3367652
0.2865176,0.29357266
0.22830322,0.23930895
0.1614397,0.1831074
0.11880458,0.14949976
0.09024279,0.121366404
0.07310683,0.11082469
0.067355186,0.10518672
0.07873264,0.108656265
0.10867524,0.1382133
0.16167937,0.18254992
0.18750086,0.22262262
0.20694405,0.24510884
0.21793498,0.26195055
0.24294417,0.27700284
0.2743989,0.29878646
0.31071126,0.31750742
0.34390184,0.33083242
0.37088698,0.34534252
0.39710364,0.35704878
0.4165593,0.36684954
0.41329476,0.37559327
0.38456482,0.3793296
0.36753812,0.3552423
0.32539907,0.34092912
0.26896757,0.29719546
0.20679644,0.24300656
0.15023954,0.1897932
0.110840954,0.13828823
0.08097429,0.113436386
0.064620346,0.10529195
0.056969438,0.09998121
0.064940214,0.10553128
0.093793266,0.1385847
0.15508713,0.18086281
0.18092565,0.21751283
0.19337045,0.23227818
0.20671654,0.24603385
0.22372498,0.26011905
0.24568707,0.2790355
0.27421066,0.29118806
0.30453873,0.30262798
0.31682435,0.31390673
0.33157635,0.32309353
0.34529436,0.3353815
0.33989972,0.33839735
0.32710555,0.33906555
0.33422658,0.3233159
0.308821,0.30876705
0.27073124,0.26754394
0.2162798,0.21466339
0.16215278,0.16528718
0.1599861,0.103568345
0.1578194,0.07660189
0.15565272,0.064551055
0.15348603,0.056900866
0.15131934,0.054760687
0.14915265,0.079752564
0.14698596,0.11711284
0.14481927,0.15378343
0.14265259,0.17578454
0.1404859,0.2003598
0.13831921,0.22233585
0.13615252,0.25172162
0.13398583,0.27193117
0.13181914,0.28606302
0.12965246,0.2983692
0.12748577,0.31623438
0.12531908,0.32837242
0.12315239,0.3279359
0.1209857,0.3227085
0.11881901,0.30362922
0.116652325,0.28872037
0.11448564,0.23981187
0.11231895,0.19178557
0.11015226,0.13945156
0.10798556,0.036560424
0.105818875,0.013322338
0.10365219,0.00028372556
0.1014855,-0.018027578
0.09931881,-0.018780619
0.09715212,-0.0048372224
0.09498543,0.0025750697
0.092818744,0.024073392
0.090652056,0.06733906
0.08848537,0.100752495
0.08631868,0.13322997
0.08415199,0.16328432
0.0819853,0.17938323
0.079818614,0.19410871
0.077651925,0.19695468
0.07548524,0.21105744
0.07331855,0.2320047
0.07115186,0.23423584
0.06898517,0.2382851
0.06681848,0.23978451
0.064651795,0.22563839
0.062485103,0.1909728
0.060318414,0.16279665
0.058151726,0.13040985
0.055985037,0.06602125
0.039114777,0.05042903
0.032193992,0.04685076
0.025530221,0.032844625
0.02612141,0.041468415
0.036099337,0.044838853
0.05794486,0.05054468
0.08358769,0.0645669
0.112492174,0.10045278
0.12825964,0.12196825
0.13427652,0.12357135
0.13194479,0.1261516
0.13391268,0.1264257
0.12638533,0.1250929
0.12269881,0.12300409
0.123578824,0.12848124
0.14404917,0.14504866
0.15982516,0.15563372
0.18492322,0.16755767
0.20849437,0.17957288
0.19370766,0.17071915
0.16854462,0.14771345
0.13730277,0.12221895
0.11226316,0.10259473
0.09076291,0.10942275
0.08048323,0.0983607
0.075116575,0.09602904
0.07819151,0.09137768
0.09700653,0.100240074
0.13747275,0.12748364
0.19335735,0.16400753
0.22973911,0.19346677
0.24629119,0.20623639
0.24611832,0.2133467
0.24083643,0.20872672
0.24074954,0.20761816
0.228505,0.20377092
0.21916087,0.19791354
0.20604622,0.1938854
0.2134911,0.19709633
0.22391002,0.20680667
0.23727408,0.21425717
0.24925444,0.22046113
0.2696516,0.22640398
0.25135884,0.22773147
0.21742383,0.19514918
0.17433113,0.15604535
0.14491792,0.122719504
0.12202272,0.1454598
0.10918167,0.12818177
0.10225556,0.12855141
0.097825676,0.12508604
0.115691595,0.13364527
0.15514268,0.16825354
0.22475214,0.21703136
0.25179556,0.25430968
0.25211632,0.26825202
0.22890323,0.2725389
0.21352701,0.26672748
0.20680587,0.26603055
0.20668079,0.26518664
0.20339479,0.26189852
0.19475977,0.26235396
0.18996331,0.26197904
0.19687817,0.27200294
0.20552397,0.2815311
0.2263536,0.29464746
0.24898875,0.2960472
0.23950583,0.29759997
0.2122792,0.26432818
0.16866164,0.22141495
0.14043844,0.17891118
0.11389673,0.14230692
0.104075536,0.1199169
0.10095616,0.12334275
0.10806412,0.12566446
0.122836076,0.13437817
0.16687743,0.16560921
0.23143889,0.21852735
0.26678693,0.25443247
0.2707673,0.27091885
0.24313849,0.26421314
0.2316851,0.25634256
0.21492486,0.253846
0.20327547,0.24938743
0.2003101,0.24534
0.19534503,0.2422422
0.19112392,0.24155429
0.20522237,0.25213128
0.21446697,0.25834382
0.22314246,0.2744386
0.2485791,0.2761616
0.24004376,0.27595127
0.211961,0.24313113
0.17229004,0.19759032
0.13455561,0.15494612
0.11508625,0.112800054
0.098491274,0.09421607
0.09278726,0.09595637
0.095679745,0.096190564
0.10492085,0.10634107
0.14122242,0.13720909
0.20571876,0.18595737
0.23402749,0.22001226
0.23244382,0.23211999
0.2242378,0.22763772
0.21138823,0.22059159
0.20215443,0.21879731
0.20276235,0.21337251
0.20035377,0.21092822
0.20022717,0.2080924
0.20157602,0.20680313
0.21455523,0.2165626
0.2221296,0.22093642
0.23238114,0.23000123
0.2504569,0.23587707
0.23572907,0.23521876
0.20332402,0.20261808
0.15635152,0.15662259
0.12107499,0.11742815
0.09349684,0.088832386
0.07308568,0.071930066
0.067833915,0.070730105
0.067841984,0.07164666
0.08016123,0.079904206
0.111793704,0.10382831
0.1697757,0.14572823
0.20641737,0.17318232
0.21254094,0.19307566
0.20648661,0.19545329
0.19677301,0.19860415
0.19167814,0.19659756
0.1889089,0.19628249
0.18823326,0.18732211
0.18401064,0.18093953
0.18723668,0.18170808
0.19282718,0.18757059
0.19993165,0.19657013
0.20023964,0.21152237
0.20567067,0.22143261
0.18795493,0.22077382
0.16472937,0.19044037
0.12983903,0.1555498
0.103803754,0.12054399
0.0714404,0.07297856
0.057684645,0.06289049
0.047829524,0.064006284
0.045070946,0.05198977
0.044267174,0.06518263
0.058799766,0.08969112
0.079075634,0.12260887
0.10967349,0.14076234
0.14103556,0.1654733
0.16790216,0.17351817
0.18864033,0.17413352
0.19416995,0.17662509
0.19413404,0.17364113
0.19064839,0.17045124
0.18387596,0.15364018
0.18081868,0.15303993
0.18567373,0.16215299
0.19508481,0.16510473
0.19842438,0.180747
0.20189406,0.1964123
0.18849424,0.19476801
0.16463654,0.1739022
0.1371261,0.14357209
0.10964078,0.1136964
0.081503846,0.09774974
0.066357695,0.087344065
0.057882622,0.08636879
0.0538983,0.08502802
0.054697357,0.093162
0.065026194,0.123784035
0.08672167,0.16484609
0.116357654,0.19185399
0.14241165,0.21060848
0.15239474,0.20799038
0.15723641,0.20063786
0.1581948,0.19896345
0.15794994,0.19081797
0.1483727,0.18396886
0.14113249,0.1706392
0.14040495,0.1708769
0.14576553,0.18209158
0.16636704,0.18780942
0.19489764,0.20259249
0.21824114,0.21331653
0.21456209,0.22100267
0.19003437,0.19485755
0.15693709,0.15797168
0.12710024,0.12694834
0.10757169,0.13905099
0.096409254,0.1216599
0.094390385,0.12655804
0.09738438,0.12566434
0.11465104,0.14044479
0.15125696,0.17207663
0.21649101,0.22202939
0.25195533,0.25323206
0.2587206,0.26975375
0.25514546,0.26266044
0.25252765,0.25140405
0.24745819,0.24187618
0.24427764,0.23260371
0.23656678,0.22587967
0.22322707,0.2191381
0.22317791,0.21551047
0.23095056,0.2272079
0.24250789,0.22747247
0.2646302,0.2444972
0.28752708,0.2525173
0.26517013,0.2582051
0.23234187,0.22574702
0.1908004,0.18594632
0.15764864,0.14818951
0.1302528,0.1524707
0.11098415,0.13105181
0.109560885,0.1316465
0.10714454,0.12608197
0.122044474,0.13436258
0.15587614,0.1647956
0.21204607,0.21129388
0.24987423,0.2503871
0.25131333,0.2760788
0.24014556,0.27775553
0.23820932,0.2740385
0.24958785,0.28009847
0.24679746,0.28083295
0.2443732,0.2812733
0.23800527,0.27643055
0.23182921,0.27771044
0.24218437,0.28805777
0.25572968,0.2923438
0.26681358,0.30998498
0.27771565,0.31057426
0.2625543,0.3079774
0.23247334,0.2746376
0.18948731,0.23286897
0.14996608,0.18896225
0.122786775,0.14582264
0.11782474,0.12404026
0.11008847,0.12779972
0.11313114,0.12636119
0.1271716,0.1352393
0.16029385,0.16647185
0.22658566,0.21485773
0.2586138,0.2535597
0.26586175,0.27107432
0.25880203,0.26982546
0.25372875,0.26314226
0.24260436,0.25650927
0.23136614,0.25354654
0.22738014,0.24835566
0.22899242,0.24209097
0.2122515,0.23917338
0.21609613,0.24611153
0.23970762,0.25464863
0.24892087,0.27680627
0.27762404,0.28487483
0.26643452,0.28327549
0.24099468,0.25191748
0.19962943,0.21670446
0.16859682,0.1744973
0.15691365,0.14285274
0.14454997,0.12329189
0.13762447,0.1284036
0.14957134,0.12428661
0.16014944,0.13658896
0.20099609,0.16784188
0.26848412,0.21741244
0.30754474,0.25545496
0.3020807,0.269974
0.2778039,0.26456654
0.2662583,0.2509881
0.24985917,0.24455227
0.23919176,0.23493342
0.23058581,0.23056416
0.20782816,0.22236942
0.20369455,0.22130908
0.2084233,0.2320134
0.21854001,0.23521338
0.2404248,0.25330722
0.25569862,0.26090762
0.24498814,0.2636934
0.21232226,0.23057126
0.17101133,0.19186524
0.13673426,0.15252715
0.107393496,0.1134669
0.08716313,0.09409678
0.083182454,0.091496915
0.08171232,0.08730312
0.093151554,0.09222591
0.123190634,0.1201703
0.18134306,0.17013772
0.2194888,0.20701016
0.23475486,0.22094703
0.24160886,0.22508724
0.24340007,0.2252462
0.24014069,0.23196511
0.24149442,0.23093607
0.24022424,0.23017408
0.23003387,0.22661614
0.21910504,0.22948356
0.2148051,0.23512302
0.21882595,0.24028549
0.23157524,0.25003436
0.22775708,0.2574355
0.21289504,0.251393
0.19236337,0.21709263
0.15841056,0.17776439
0.12469273,0.13643563
0.099148504,0.08299045
0.081796475,0.06538963
0.07268623,0.061912812
0.06934955,0.056518927
0.069304965,0.06578978
0.082942024,0.08988955
0.10601695,0.1310364
0.13589214,0.15836987
0.15706643,0.18051422
0.17315787,0.18887947
0.18267168,0.19464749
0.1820563,0.19942261
0.18309745,0.2003787
0.16771954,0.19797133
0.1585104,0.19403319
0.15493496,0.19826432
0.15972199,0.20739068
0.17211975,0.20986952
0.1922745,0.22114238
0.2035509,0.23028785
0.19064778,0.22855103
0.17358807,0.19881944
0.14549816,0.16326734
0.1193597,0.13069646
0.09570957,0.10004158
0.080890134,0.08517193
0.071100295,0.08676402
0.06707473,0.08371938
0.066634044,0.096001685
0.07714107,0.12385382
0.09762709,0.16445333
0.12482542,0.1925223
0.15307085,0.20914741
0.1669001,0.2087721
0.16886586,0.20535718
0.16196577,0.2031738
0.15946573,0.1959701
0.1492002,0.18987744
0.1454945,0.18004258
0.14400245,0.17762518
0.15942723,0.18846871
0.18014121,0.19200575
0.20762196,0.20638837
0.23553687,0.21948305
0.22963275,0.2221401
0.20455052,0.19219969
0.17555094,0.15983763
0.15188223,0.12793624
0.13611035,0.13684663
0.13186459,0.11965099
0.13430484,0.12674752
0.1437882,0.12367603
0.17695138,0.13841256
0.21587746,0.16739891
0.29501137,0.21336564
0.3453554,0.24722244
0.3455514,0.26537734
0.31862924,0.26048082
0.29302156,0.25072417
0.26550582,0.24441443
0.23316254,0.23798086
0.21890035,0.23152432
0.20698954,0.21980484
0.20241342,0.21609044
0.2190962,0.2208909
0.23725946,0.23387592
0.2646999,0.25366557
0.28950047,0.26093173
0.27259916,0.2661481
0.25490412,0.23447728
0.2206966,0.20129746
0.18748061,0.16286296
0.1724127,0.17224216
0.16374466,0.15268047
0.15917386,0.15985408
0.16981252,0.15454717
0.18616495,0.17010322
0.23622712,0.19890839
0.31449777,0.2497563
0.35442927,0.28888857
0.3346058,0.30322862
0.30488703,0.29783285
0.27092847,0.28024495
0.2520751,0.26781568
0.23043439,0.26171944
0.22015274,0.25382596
0.19686142,0.24707901
0.2116527,0.24434648
0.21373944,0.2502442
0.2314888,0.25979123
0.24896044,0.28403684
0.27145407,0.28817594
0.2513535,0.28502405
0.23237626,0.26110628
0.18945338,0.21998179
0.1457074,0.17985037
0.12003748,0.13908336
0.1049977,0.12078758
0.10597708,0.124876596
0.105551906,0.12112827
0.12863809,0.13077702
0.16658175,0.16091001
0.23344588,0.21062616
0.26760745,0.2495384
0.26625252,0.26449782
0.25198394,0.26067597
0.23595247,0.24456744
0.22255827,0.23242088
0.2123571,0.22965305
0.21043335,0.22431923
0.21508692,0.21902095
0.21521915,0.22022867
0.22081818,0.22656865
0.22724806,0.23413081
0.24699666,0.2501496
0.25705463,0.25341222
0.2389393,0.25722623
0.20473588,0.22747508
0.16236264,0.18386996
0.123546265,0.14262067
0.09578885,0.11541854
0.08026136,0.096870795
0.072561145,0.09928575
0.07453543,0.0968351
0.09253465,0.105747744
0.12658514,0.13616106
0.20262904,0.18522677
0.24184912,0.2197456
0.24244457,0.23857492
0.22151925,0.23310708
0.2169142,0.21985795
0.21248782,0.21393505
0.21193331,0.212918
0.21588583,0.21095811
0.21832058,0.20352153
0.22060819,0.20707971
0.2322626,0.2089261
0.2401098,0.2244959
0.24889089,0.24137315
0.2584776,0.24270889
0.23940113,0.24539393
0.20604867,0.21237111
0.15933181,0.17621416
0.12148372,0.13431236
0.092828035,0.08911715
0.07288329,0.07059834
0.06258854,0.067287415
0.057283368,0.06270289
0.066116355,0.06891939
0.09684401,0.095475376
0.15719958,0.13956705
0.19558896,0.16988581
0.20526254,0.18679407
0.21214452,0.19102138
0.22146446,0.19227235
0.22884968,0.20069446
0.22867787,0.20402803
0.22703288,0.20653088
0.22179483,0.19989891
0.22342414,0.20674068
0.22484298,0.20924816
0.23459326,0.2175105
0.24065077,0.2266182
0.23955803,0.22834685
0.21794502,0.21947345
0.19815184,0.18739828
0.1613201,0.1442681
0.12120509,0.10178855
0.08930388,0.071483485
0.06695117,0.044496678
0.050618686,0.039604895
0.044611085,0.037478104
0.04603511,0.04240255
0.054632988,0.05814139
0.076112084,0.09699249
0.105811365,0.13162428
0.12921955,0.14984769
0.15242793,0.15778281
0.17275842,0.16351177
0.18186456,0.17522429
0.19182087,0.17968439
0.19755091,0.18288976
0.20100872,0.18595107
0.20418486,0.19439307
0.21094997,0.20022292
0.21892364,0.21033673
0.22403966,0.21359745
0.21747267,0.20760158
0.20233338,0.202887
0.17202465,0.159312
0.14010441,0.12147318
0.10510072,0.076457664
0.07569224,0.07347138
0.055130437,0.056526877
0.04002066,0.048382606
0.03189482,0.03975273
0.031515606,0.04595746
0.033924036,0.068166584
0.04739979,0.10348756
0.074535884,0.12878792
0.10309372,0.15446055
0.13287427,0.17447363
0.14797324,0.19436663
0.15620667,0.21164834
0.16824302,0.21790747
0.17519166,0.22276245
0.17500037,0.22301413
0.1784591,0.23089887
0.19126499,0.24492916
0.20094542,0.24139439
0.21756382,0.2461017
0.22782707,0.2502864
0.20993772,0.24616158
0.18331642,0.2120558
0.15027103,0.16968828
0.11769159,0.13913554
0.092736885,0.12296089
0.082068555,0.10984799
0.0733672,0.104823515
0.07458884,0.09740116
0.088297725,0.10743295
0.11623956,0.13967164
0.18328843,0.18771273
0.23588337,0.21650596
0.24025497,0.23329449
0.24567397,0.23971409
0.25480995,0.2449205
0.2623866,0.2522513
0.26921272,0.2544613
0.2721384,0.2520408
0.2668081,0.24805738
0.26958355,0.2553312
0.28232205,0.25713712
0.28981408,0.26843742
0.30069652,0.28622997
0.3056873,0.28614902
0.2937506,0.28375673
0.25399595,0.2570035
0.21037933,0.21291783
0.18107098,0.17933418
0.16250126,0.16103241
0.1582485,0.14825639
0.14275114,0.14882208
0.16002816,0.14804342
0.17418458,0.15487611
0.22341667,0.18482277
0.2923555,0.2317563
0.3491947,0.26818228
0.3476681,0.29098248
0.33969215,0.29430348
0.3163675,0.29418075
0.30463216,0.29637012
0.29388136,0.29451856
0.26951888,0.2840842
0.2701399,0.27615583
0.2730321,0.27639025
0.27443054,0.284931
0.28517437,0.29787183
0.30534294,0.3182841
0.32422355,0.3191403
0.3318766,0.3271235
0.3219122,0.29275188
0.28341663,0.25666583
0.25437775,0.21869415
0.22307459,0.21209773
0.2164723,0.19211029
0.22045678,0.19437146
0.22128169,0.19553572
0.24219958,0.20216998
0.2853311,0.23243558
0.36193803,0.27944502
0.40730146,0.32277313
0.42061394,0.34689328
0.40057743,0.34399855
0.37508968,0.33159345
0.3616057,0.32622716
0.35260105,0.3189847
0.34750757,0.304043
0.3382205,0.29414138
0.33301863,0.28889757
0.34385285,0.30014196
0.3682786,0.3177588
0.4053932,0.35029593
0.41664726,0.35638258
0.41535273,0.3609977
0.39250517,0.3311457
0.35558227,0.3023648
0.32558885,0.26216036
0.30917755,0.28270352
0.3025054,0.26125425
0.3020218,0.26535702
0.3148455,0.26481003
0.34054783,0.2747232
0.39699286,0.30143604
0.4725996,0.34421977
0.5135322,0.39543182
0.50359505,0.42099065
0.45278555,0.41062713
0.405058,0.38194725
0.3622293,0.36602825
0.3310946,0.34821975
0.3048569,0.3330267
0.29249826,0.31949425
0.28078663,0.30866227
0.2799468,0.32058132
0.30461633,0.33675
0.34963295,0.37631956
0.38049087,0.38581654
0.38016704,0.3881443
0.3653814,0.35928443
0.3373609,0.32808292
0.30838943,0.2873786
0.2895531,0.24335043
0.28427458,0.2240388
0.28521302,0.22926894
0.29328924,0.22724746
0.31741142,0.23715386
0.36167434,0.26434314
0.42830685,0.30523682
0.47004828,0.35474914
0.46715564,0.37488082
0.41415668,0.3642968
0.36174372,0.3321307
0.31638485,0.31063974
0.28374958,0.2920032
0.2541098,0.27503717
0.23433943,0.25878295
0.21744925,0.24898614
0.21959274,0.25548792
0.23674725,0.27162364
0.27136642,0.31002045
0.28209075,0.3277269
0.27532274,0.32923552
0.26386082,0.30672705
0.23923816,0.27523294
0.21605991,0.24236372
0.19199997,0.17304802
0.18485534,0.15828314
0.17733972,0.1654818
0.17883405,0.16057882
0.18932083,0.17193583
0.20938975,0.1963287
0.24177761,0.23798198
0.27377787,0.27962548
0.29272467,0.29266825
0.2834644,0.2872243
0.26134086,0.2671657
0.23432148,0.24619903
0.20601198,0.23122509
0.18446578,0.2134483
0.16561317,0.20068611
0.16405174,0.19027986
0.17153694,0.19804817
0.18042561,0.20386311
0.21068625,0.2250962
0.21436426,0.2467341
0.20576988,0.25370842
0.18934031,0.23616129
0.16779259,0.2031073
0.14035094,0.17379251
0.11943609,0.14484584
0.110824674,0.12741011
0.10123175,0.1361055
0.10184713,0.13367401
0.10707241,0.14880106
0.11737705,0.17299736
0.13793992,0.21216273
0.16576353,0.2440892
0.193347,0.2616577
0.19508116,0.250596
0.17776184,0.22528505
0.15591404,0.1987874
0.14973143,0.18230733
0.1454703,0.16576253
0.14102095,0.14842497
0.14056063,0.14293458
0.15334766,0.14610675
0.1874619,0.15553553
0.21934515,0.18488486
0.23177001,0.2066521
0.21394548,0.21539164
0.22490066,0.19698712
0.1963518,0.17066874
0.17288305,0.14390233
0.15399621,0.16366707
0.14337704,0.14902371
0.14946468,0.15112153
0.1522094,0.14823979
0.1663433,0.15937626
0.19314812,0.18258443
0.2372476,0.22524267
0.3221333,0.263516
0.36064702,0.280029
0.33566827,0.27469513
0.30102187,0.25835663
0.27900988,0.24307413
0.26652172,0.23012717
0.2539275,0.21415462
0.24469703,0.1998405
0.24352561,0.19488655
0.2475536,0.19095722
0.26727512,0.20387404
0.31198177,0.23356116
0.31393656,0.24705802
0.30212528,0.25196785
0.28115246,0.22360927
0.2352485,0.19501966
0.203557,0.1622428
0.16973081,0.18740404
0.15018703,0.16196664
0.13045275,0.15728432
0.12556802,0.1501973
0.12183204,0.1473094
0.12514056,0.17137879
0.16431896,0.21039411
0.23602535,0.2541099
0.25845703,0.2823071
0.25349745,0.2905615
0.2578021,0.28685492
0.24345835,0.2952811
0.24088208,0.29567343
0.22736615,0.29975265
0.23912905,0.28581578
0.23650272,0.28855795
0.2296568,0.2938356
0.24087386,0.3031224
0.2793859,0.32306844
0.2831354,0.32737252
0.2631199,0.31658474
0.2439199,0.28813565
0.20917869,0.24959323
0.1735523,0.20667076
0.14184663,0.15368545
0.1247186,0.13504834
0.12179552,0.13994825
0.12343944,0.13837755
0.13444589,0.15069786
0.16118862,0.17543313
0.20768589,0.2194961
0.28383845,0.25792938
0.3124649,0.27960205
0.28853035,0.27850455
0.26256204,0.27139568
0.24389417,0.2674678
0.229352,0.26021826
0.21830887,0.24564613
0.22041629,0.23078305
0.21016279,0.22892553
0.21846332,0.23424158
0.23449025,0.2500511
0.2776476,0.28036046
0.2919238,0.29038948
0.289264,0.29850012
0.26605606,0.26772064
0.23852219,0.24462712
0.202535,0.21445683
0.16924219,0.17838144
0.16860503,0.15751028
0.16796789,0.15679848
0.16733073,0.15139103
0.16669358,0.16088828
0.16605642,0.18646295
0.16541928,0.23044112
0.16478212,0.27074265
0.16414498,0.29308462
0.16350782,0.288958
0.16287068,0.27070084
0.16223352,0.26680022
0.16159637,0.2610598
0.16095921,0.25841957
0.16032207,0.25186637
0.15968493,0.24929851
0.15904777,0.2562662
0.15841062,0.26276997
0.15777346,0.27951896
0.15713632,0.28158873
0.15649916,0.2813394
0.15586202,0.2555946
0.15522486,0.21014914
0.15458772,0.16755414
0.15395056,0.12641166
0.15331341,0.11060028
0.1358961,0.11312233
0.13131982,0.11346684
0.13435611,0.12213889
0.1476523,0.15104342
0.17807546,0.19673225
0.2345505,0.22860818
0.27370834,0.25258803
0.29412818,0.25183713
0.3109864,0.25747526
0.3227496,0.2622612
0.32535464,0.2554985
0.31689054,0.24246223
0.30061543,0.22560196
0.28253677,0.22163253
0.27234137,0.23313518
0.28611267,0.23623799
0.32294697,0.26354042
0.33445346,0.28018358
0.32896462,0.28263026
0.31403592,0.25757164
0.2950969,0.22722611
0.26645672,0.19554943
0.24045752,0.24898952
0.2242734,0.2279205
0.21445085,0.22984898
0.21412428,0.22552685
0.21528277,0.23476586
0.22487372,0.25736567
0.24531272,0.30040163
0.27900636,0.34679174
0.30378684,0.37389776
0.30908775,0.37081957
0.28251013,0.3491408
0.247252,0.3354915
0.21870269,0.32305083
0.1991577,0.30997503
0.18606953,0.29905456
0.18116792,0.29496083
0.19559732,0.3049639
0.21410146,0.31578425
0.2576073,0.35092232
0.26555982,0.35727108
0.26479942,0.3598614
0.26179615,0.33825815
0.24844503,0.2999682
0.23244093,0.26372093
0.21499638,0.21089658
0.20369639,0.19622003
0.19490662,0.20329158
0.19252482,0.20213914
0.19807301,0.21552223
0.20723622,0.24491152
0.22378416,0.29099703
0.24599263,0.3315884
0.2731514,0.3544856
0.28612286,0.34220588
0.27365494,0.31543761
0.24735822,0.29494017
0.21508525,0.2728708
0.1972811,0.24869464
0.1792411,0.22808091
0.17728676,0.21850805
0.18687908,0.22414263
0.21879931,0.24069563
0.2783715,0.2849179
0.30426466,0.30842632
0.3085556,0.318709
0.310429,0.30072847
0.29773724,0.2779629
0.27762815,0.25211117
0.2637884,0.2633486
0.25725794,0.24640869
0.25947508,0.2525884
0.26420397,0.25392064
0.28057298,0.2645465
0.3209246,0.2883187
0.3699601,0.33032802
0.44308946,0.3821006
0.4748866,0.4012424
0.4363788,0.3865003
0.38474515,0.351219
0.3425376,0.32372236
0.32071537,0.3018
0.29501167,0.27713126
0.2745678,0.2625754
0.2547366,0.24746807
0.25350294,0.25240594
0.28157002,0.27218235
0.3326726,0.31099352
0.34986714,0.3300621
0.36097038,0.337081
0.34700966,0.31571478
0.32457414,0.28705683
0.2829514,0.25379667
0.25692543,0.261054
0.22974825,0.2366971
0.21698588,0.23801991
0.22380593,0.23402113
0.23207314,0.24267045
0.25427034,0.26764628
0.29494107,0.3113656
0.36998704,0.3636603
0.39245158,0.39003155
0.3714459,0.37788785
0.3303427,0.3541529
0.30041167,0.34239924
0.28261346,0.32403493
0.269042,0.31132185
0.24646725,0.29717737
0.24161966,0.28596562
0.2506153,0.29827932
0.2759506,0.3090313
0.3298877,0.34963155
0.33505258,0.36551145
0.3456392,0.36345777
0.35049486,0.3471762
0.32430008,0.31521806
0.29186553,0.2779573
0.26796445,0.2368434
0.25480887,0.21720873
0.25167108,0.22373652
0.25300395,0.2214002
0.2659016,0.23351279
0.29178914,0.2548501
0.3397357,0.297009
0.41595915,0.34423184
0.45334753,0.36021492
0.42860618,0.3527217
0.37184444,0.3226319
0.32043675,0.29912263
0.29206473,0.27624226
0.26794696,0.25531453
0.25907594,0.23960552
0.25278088,0.22664756
0.2511108,0.23090771
0.26831794,0.24474068
0.30957165,0.2801149
0.32149664,0.3045746
0.3210357,0.30557695
0.31213835,0.28362817
0.2874393,0.25427702
0.25487614,0.22300917
0.22750676,0.23114452
0.20993027,0.20663628
0.20308785,0.21054459
0.20568863,0.20333977
0.21867651,0.21237296
0.24425405,0.23722434
0.29443038,0.2717536
0.37155518,0.32277042
0.40770897,0.3440599
0.3731154,0.3448093
0.3317949,0.3172134
0.2924287,0.2927786
0.26671663,0.28026906
0.24945866,0.26795316
0.23847213,0.2568451
0.22920926,0.24686924
0.22260468,0.2528367
0.23460026,0.2660075
0.28244728,0.3014933
0.29478356,0.32195187
0.28728393,0.31948733
0.28164655,0.30060643
0.25973573,0.27549255
0.22796723,0.24134731
0.19753341,0.18934615
0.17962092,0.17142545
0.16886601,0.17426355
0.17009754,0.17064583
0.17681274,0.18311259
0.19051082,0.2044968
0.2267284,0.24358875
0.28950337,0.28839934
0.31192425,0.30761185
0.30546498,0.2987824
0.2841653,0.2742031
0.2674034,0.25869617
0.25830913,0.24019213
0.24221085,0.2286994
0.24001211,0.21918602
0.23553018,0.21383664
0.23567353,0.21849827
0.2518254,0.2267151
0.27485844,0.25094956
0.2669175,0.26389235
0.2528512,0.2705723
0.23198153,0.24294002
0.20572317,0.20796174
0.16852333,0.17681807
0.13230498,0.14199954
0.108833656,0.12168785
0.09517012,0.123701215
0.09275819,0.11573149
0.0948781,0.13014787
0.103943296,0.14869401
0.12533246,0.1849562
0.15632702,0.21987733
0.1886598,0.24998192
0.21318796,0.2560447
0.21826793,0.25887987
0.2116145,0.2589757
0.20447749,0.25704724
0.19242834,0.24493186
0.17888243,0.23406385
0.17210485,0.2283468
0.18344106,0.2337868
0.20803739,0.24086843
0.2645549,0.27052185
0.27698964,0.285618
0.28121895,0.2892052
0.2792477,0.2694959
0.2698261,0.24766546
0.24836636,0.21920598
0.23286109,0.20633861
0.21463832,0.18922764
0.20947528,0.19472495
0.20908739,0.19107065
0.2106934,0.20199656
0.22397089,0.22720328
0.2454124,0.26400873
0.2709026,0.2976209
0.2972296,0.3281337
0.29740915,0.31734228
0.2672815,0.29445767
0.23549397,0.27990103
0.21527304,0.2657854
0.19787154,0.24921755
0.18265083,0.22454937
0.17427298,0.218453
0.18302107,0.22131398
0.21717563,0.23786764
0.27526385,0.27563754
0.28894565,0.2896964
0.2931313,0.2975614
0.28806835,0.27974352
0.27558675,0.2513899
0.24892788,0.21725005
0.23310395,0.22774632
0.22393878,0.21310155
0.22738822,0.21946776
0.23268776,0.21595365
0.24474421,0.23081437
0.27316052,0.25335476
0.31984937,0.29408565
0.390577,0.33907342
0.42501158,0.3611125
0.4003265,0.3541441
0.37534958,0.32908317
0.3542366,0.30906713
0.3302543,0.28883642
0.3117617,0.26557845
0.30730048,0.24822192
0.3018961,0.236
0.31309047,0.24100609
0.33787096,0.25826073
0.38137195,0.2971207
0.39565894,0.3183922
0.38693598,0.328812
0.3765557,0.30223787
0.35100904,0.2806874
0.3184389,0.25163636
0.2832045,0.298421
0.2587836,0.28121322
0.23887128,0.27629066
0.23107214,0.27357563
0.23085074,0.27772048
0.2445155,0.29473495
0.27733552,0.33675072
0.33748809,0.3902282
0.37061444,0.41905758
0.38096443,0.41586423
0.3907981,0.38929337
0.4050364,0.3794251
0.41528562,0.36306536
0.4170236,0.3513527
0.40416536,0.34102988
0.40287235,0.3308334
0.398764,0.3382094
0.41078925,0.34984204
0.42567474,0.37859112
0.4096583,0.38824022
0.387242,0.3880351
0.3619026,0.3604389
0.32287088,0.3192693
0.2766156,0.28002816
0.2393567,0.25418356
0.21289915,0.22083111
0.19030327,0.21676105
0.18266027,0.20810865
0.17743026,0.20906672
0.19327366,0.22439519
0.22748241,0.2643571
0.2714037,0.32109874
0.30568352,0.3590878
0.32097286,0.3696602
0.3269246,0.36294332
0.31852654,0.3640992
0.32002634,0.3644119
0.32117462,0.36030507
0.3203631,0.3582201
0.3145089,0.35248736
0.3202759,0.3652209
0.33813438,0.37556365
0.36480558,0.40273565
0.35758105,0.40817082
0.3492029,0.40451145
0.3276573,0.3716081
0.30293468,0.3438218
0.26531467,0.2966057
0.22597925,0.24757798
0.19574752,0.22081596
0.18160145,0.21768636
0.17706063,0.2166838
0.17439061,0.21944752
0.1810655,0.23373294
0.20068885,0.27691197
0.22657882,0.32696867
0.2557814,0.36189064
0.27004206,0.3625105
0.2720235,0.3530133
0.27534145,0.3472156
0.26777744,0.34082597
0.2380573,0.32445252
0.20268352,0.31499302
0.1740992,0.30823806
0.16778818,0.30942225
0.17259027,0.32768616
0.20173731,0.3686148
0.21001685,0.37980384
0.2179438,0.37509605
0.22591853,0.3523159
0.21749991,0.32520264
0.20280024,0.28802833
0.18508847,0.20490716
0.16888335,0.19119662
0.16375607,0.19425607
0.16666895,0.1885704
0.1747776,0.2026965
0.19349264,0.22790042
0.22456025,0.26242113
0.25561053,0.30011404
0.2870986,0.33116636
0.29750305,0.32398647
0.2839944,0.30484232
0.26130113,0.28607464
0.24869855,0.27031115
0.24149929,0.24958731
0.23268092,0.22842646
0.22746262,0.21572402
0.23342428,0.21853809
0.26156837,0.2347069
0.30718166,0.28046128
0.3228528,0.30316508
0.32389212,0.3128922
0.32289433,0.3030326
0.31375152,0.279251
0.28751567,0.25379172
0.2691619,0.26292485
0.25744936,0.25135916
0.25622255,0.2585336
0.2603461,0.25704587
0.26780573,0.27267292
0.28599533,0.29278287
0.31405115,0.33069417
0.34849834,0.37633398
0.37781736,0.39536205
0.3878881,0.3842306
0.36020115,0.3512691
0.32067916,0.32130182
0.29474235,0.2936676
0.26552087,0.26032123
0.2459351,0.23748338
0.23483734,0.21957375
0.24219593,0.22019432
0.2852241,0.24228536
0.35030267,0.29205167
0.37207833,0.3217836
0.37504417,0.3317771
0.3736098,0.31843308
0.35955578,0.29899198
0.33856606,0.2767688
0.31117693,0.30507222
0.28597036,0.2915967
0.2738269,0.28734678
0.2656484,0.28267786
0.2644674,0.2876925
0.2714043,0.31106845
0.2887825,0.34888306
0.30865467,0.39856255
0.33485842,0.43109664
0.3384495,0.42312837
0.31144902,0.3836929
0.28745085,0.36504608
0.2734533,0.34305984
0.27596414,0.32776493
0.27477795,0.30932814
0.27488858,0.30359158
0.28676608,0.31163895
0.316448,0.32080853
0.35476238,0.35803735
0.3576375,0.37656707
0.34960616,0.37903157
0.33457065,0.36005482
0.30718118,0.31975663
0.2797123,0.29172593
0.25458243,0.26635706
0.25910372,0.2428755
0.26362503,0.2445454
0.2681463,0.24324517
0.2726676,0.25113958
0.2771889,0.27364954
0.28171018,0.31288266
0.28623146,0.36745012
0.29075274,0.39875624
0.29527405,0.39230168
0.29979533,0.37082395
0.3043166,0.35498875
0.30883792,0.33524618
0.3133592,0.31275237
0.31788048,0.2989552
0.3224018,0.28633502
0.32692307,0.30130297
0.33144435,0.31310347
0.33596563,0.3618966
0.34048694,0.384597
0.34500822,0.39063174
0.3495295,0.36943755
0.35405082,0.34619433
0.3585721,0.3167147
0.36309338,0.29744935
0.36761466,0.28518057
0.3393764,0.28633448
0.34288123,0.28142154
0.35199863,0.29204348
0.3716209,0.3155811
0.42291903,0.3531592
0.49873576,0.404986
0.5183803,0.43555787
0.5248753,0.42383373
0.52041453,0.394814
0.5126773,0.37769765
0.51558197,0.35203445
0.5129733,0.32582378
0.52021533,0.30195922
0.51572317,0.28537494
0.5390847,0.29286027
0.57600707,0.31224087
0.6284582,0.36449397
0.6411687,0.3920377
0.64464754,0.3974533
0.6132118,0.38973105
0.59033334,0.36586642
0.54769015,0.34055075
0.5151023,0.46193692
0.49402437,0.4370597
0.4859825,0.43345588
0.47700164,0.43563193
0.48581466,0.4433295
0.50257933,0.45567125
0.57490385,0.50267774
0.63500845,0.56501126
0.66702884,0.6063483
0.6245165,0.58665067
0.5875734,0.5376507
0.5470355,0.505274
0.512922,0.4815992
0.4982744,0.454369
0.48549253,0.43514785
0.47525272,0.42132613
0.4845442,0.4317419
0.50520355,0.44776714
0.55611026,0.5053647
0.5582224,0.5258501
0.5499678,0.5183369
0.53852844,0.5005338
0.5052315,0.46734315
0.46186733,0.43036327
