true,forecasted
0.17017414,0.19273585
0.14337479,0.16128783
0.13880342,0.14815795
0.13004427,0.14354685
0.13610758,0.15378043
0.19718482,0.20294423
0.26881012,0.29835448
0.32179302,0.33856517
0.34274456,0.36162415
0.35787806,0.37552634
0.38463932,0.40417206
0.37354437,0.40746444
0.3873268,0.41007146
0.39318976,0.42079955
0.3770491,0.41114697
0.36532742,0.40129972
0.36113387,0.39577836
0.37230396,0.39489996
0.3449504,0.38183898
0.33567828,0.37785792
0.3193414,0.3711699
0.31878042,0.34819755
0.25807056,0.2907757
0.18776657,0.22977732
0.15791026,0.17094436
0.13811928,0.1387808
0.12513527,0.12632
0.121905565,0.120905966
0.13672388,0.13014054
0.18817048,0.17067514
0.25670278,0.24803628
0.32005215,0.28588676
0.32981065,0.31404555
0.34206513,0.3322976
0.36165154,0.35894406
0.36241135,0.36655688
0.36061984,0.36927631
0.37094036,0.37543207
0.3540754,0.36683324
0.33466485,0.36210734
0.33513138,0.36338723
0.31907213,0.36520156
0.31083167,0.3559899
0.2928254,0.35158026
0.30115718,0.33987492
0.29301015,0.31476614
0.24445195,0.25945964
0.1814486,0.20402834
0.14051038,0.15848218
0.13092722,0.12920886
0.1133661,0.11920146
0.11293453,0.11463913
0.11824848,0.1235859
0.16492958,0.16538583
0.23649696,0.24719842
0.29220232,0.27912897
0.31771064,0.3050729
0.33518827,0.31941578
0.34475368,0.33791396
0.34253687,0.3396067
0.3339379,0.34197766
0.3321318,0.3379125
0.3139711,0.32575226
0.29576704,0.31833076
0.3016446,0.3166461
0.27532482,0.31948903
0.2590542,0.30506307
0.24224716,0.3068453
0.24007107,0.3094419
0.23104316,0.28820378
0.18693526,0.23955198
0.13130035,0.18565935
0.095823765,0.09617899
0.070137516,0.06712374
0.05913859,0.051721025
0.05285297,0.039459765
0.058457583,0.038216516
0.07681191,0.0401152
0.096535034,0.04706371
0.13078529,0.060796447
0.16767032,0.106807165
0.18899447,0.1451828
0.20794004,0.171834
0.21243365,0.1803954
0.21486388,0.1857264
0.21416199,0.18016903
0.22202255,0.18274559
0.2314622,0.19336611
0.25316885,0.21324115
0.25610736,0.22799024
0.25430387,0.21856992
0.23561244,0.20655936
0.21738909,0.21689206
0.2091956,0.19644675
0.1698198,0.15546495
0.114338815,0.111494884
0.069657415,0.09146367
0.04538641,0.056162026
0.03255164,0.04807648
0.022072993,0.036157474
0.022168491,0.034283534
0.03323943,0.044126183
0.042787626,0.05804522
0.081667155,0.077664524
0.13293163,0.13203526
0.16476104,0.17698604
0.18915415,0.21015094
0.21325295,0.2330663
0.23932275,0.2505774
0.25920087,0.2594334
0.27167138,0.2751396
0.27822366,0.29080293
0.30179226,0.30509043
0.3107466,0.32358444
0.2981994,0.31024596
0.2877917,0.3076108
0.27605227,0.31135967
0.253602,0.28351113
0.21573588,0.23506041
0.16970968,0.18343467
0.16025804,0.1613578
0.13704167,0.1295658
0.1291159,0.119188115
0.124790326,0.11367953
0.15101355,0.11913284
0.19961348,0.15406284
0.2733841,0.22698872
0.34329095,0.2660043
0.37063822,0.30113998
0.39525104,0.33907583
0.43292248,0.36629006
0.44401795,0.38254613
0.43515807,0.3919356
0.4272156,0.4030723
0.40540615,0.41079667
0.3825076,0.4089986
0.35578966,0.40221387
0.36006773,0.41453004
0.34487996,0.40976137
0.32883793,0.41195118
0.30673936,0.4075565
0.29710925,0.37275442
0.2561846,0.3138052
0.20733783,0.2564591
0.17514992,0.16364655
0.14540894,0.13496289
0.13125598,0.12379549
0.12914146,0.122251526
0.14110424,0.13660029
0.19255553,0.19542615
0.25885278,0.29814494
0.3019071,0.33293033
0.34827352,0.3503793
0.36996973,0.35931048
0.3768341,0.37872568
0.3760033,0.38176334
0.37908375,0.37999052
0.3777588,0.3868611
0.37281537,0.37178314
0.35486963,0.36305225
0.34622788,0.35834533
0.34769583,0.3555158
0.34268248,0.34386832
0.33390662,0.3422398
0.32554248,0.34006026
0.32927835,0.3088721
0.25129387,0.24635997
0.21410094,0.18597847
0.17596869,0.17804514
0.14987123,0.14687403
0.13604704,0.13490698
0.13636589,0.1320473
0.16908087,0.14298087
0.2085866,0.19602527
0.28382984,0.2926349
0.32393727,0.32995015
0.36353645,0.3547487
0.37241355,0.3681072
0.39665166,0.39086005
0.37841788,0.39401376
0.37670884,0.39201945
0.38172793,0.3945613
0.36725822,0.38093662
0.36475337,0.3728858
0.34690577,0.3708862
0.34279832,0.36766163
0.33258218,0.35429123
0.33170182,0.3534879
0.31516507,0.3497467
0.3056675,0.3183565
0.24259472,0.2624616
0.2026,0.20687734
0.15769525,0.16061398
0.13903512,0.13182907
0.133251,0.12043322
0.12501681,0.116809994
0.1444618,0.12525766
0.19172424,0.17159109
0.27601472,0.25532436
0.34047142,0.28916964
0.36871365,0.31455123
0.3633376,0.33207077
0.37613168,0.35571346
0.37701255,0.36374533
0.38683888,0.36869305
0.39761448,0.37195283
0.37702715,0.36206743
0.3750812,0.35926747
0.3597948,0.35980564
0.35613042,0.36237806
0.33856878,0.34845567
0.32653502,0.3411011
0.33178845,0.33828118
0.32808387,0.31090373
0.27386627,0.25298378
0.20716302,0.19569568
0.20451829,0.18051948
0.20187357,0.1493981
0.19922885,0.13779303
0.19658414,0.13370122
0.19393942,0.14332983
0.19129469,0.19284846
0.18864997,0.28254238
0.18600525,0.3213361
0.18336053,0.342877
0.18071581,0.35335556
0.1780711,0.3778118
0.17542636,0.37745267
0.17278165,0.37459934
0.17013693,0.37678105
0.16749221,0.36483112
0.1648475,0.3544248
0.16220278,0.3486719
0.15955804,0.34481633
0.15691333,0.32985094
0.15426861,0.32545394
0.15162389,0.32931292
0.14897917,0.30603224
0.14633444,0.25190035
0.14368972,0.19889902
0.141045,0.121572435
0.13840029,0.09927976
0.13575557,0.09367032
0.13311085,0.092932105
0.13046612,0.09215916
0.1278214,0.11744806
0.12517668,0.16078427
0.122531965,0.18892902
0.11988724,0.23748869
0.11724252,0.26099783
0.114597805,0.2900831
0.11195308,0.3038336
0.10930836,0.31059328
0.10666364,0.3113923
0.10401892,0.31134
0.1013742,0.3135231
0.09872948,0.31727463
0.09608476,0.33155888
0.09344004,0.3235236
0.090795316,0.33212095
0.0881506,0.35096824
0.08550588,0.32306123
0.082861155,0.27228892
0.08021644,0.22571167
0.07757171,0.08170397
0.053712446,0.06264696
0.039543837,0.062636636
0.026646964,0.0578994
0.031165097,0.052905664
0.036499396,0.06134233
0.047061536,0.0696263
0.08374775,0.09466253
0.1354918,0.14840531
0.15724021,0.17492
0.18151069,0.22067636
0.19681379,0.24147494
0.20829386,0.24501953
0.21583295,0.26841396
0.22316173,0.28167167
0.24378765,0.29735592
0.26837176,0.29941604
0.28175342,0.31873125
0.28682473,0.32177436
0.2693925,0.32973433
0.2545768,0.3682389
0.25064155,0.34212276
0.21721375,0.28438592
0.15635099,0.2549467
0.12577818,0.14041698
0.10536726,0.11589649
0.08085464,0.104991145
0.083683565,0.0979799
0.105093814,0.105837785
0.15357372,0.15026805
0.21461026,0.21585026
0.28610143,0.254942
0.33432043,0.29160002
0.37364665,0.3261264
0.41677088,0.36065534
0.4411906,0.3824737
0.4613484,0.39864978
0.5062276,0.41505283
0.5033512,0.42284113
0.5020774,0.42666322
0.5104363,0.41995978
0.5082769,0.43161848
0.49901727,0.41865283
0.47990993,0.4154536
0.44853035,0.41888386
0.4242776,0.38728902
0.35830858,0.3259468
0.2790367,0.2638442
0.22789383,0.24664888
0.18631844,0.2095066
0.17290494,0.1917385
0.1681071,0.18131846
0.17825386,0.19027747
0.23499404,0.23717807
0.29433092,0.32861167
0.35748094,0.37025398
0.4000687,0.4025445
0.43389678,0.43275753
0.46937388,0.47222728
0.4916149,0.49365044
0.5086771,0.5061527
0.53836644,0.5242559
0.5159433,0.5257354
0.5107176,0.522228
0.51945585,0.52234256
0.5007336,0.52089274
0.4833588,0.51238745
0.45970982,0.49607027
0.447447,0.46789095
0.4205537,0.43432125
0.3478409,0.36066103
0.28206027,0.29372358
0.23544179,0.26725703
0.19641249,0.22806802
0.18293846,0.21164559
0.1756869,0.1988766
0.18500392,0.20797163
0.22418821,0.24154349
0.29543203,0.32174867
0.35667157,0.37013477
0.3889581,0.41088942
0.40676972,0.439133
0.4687033,0.478392
0.48598158,0.5015252
0.49486077,0.5079007
0.49446782,0.52193564
0.49317783,0.51912326
0.49843332,0.51753175
0.4809009,0.5135752
0.4803984,0.5149901
0.4455532,0.51230353
0.4225743,0.49408275
0.4034414,0.47559145
0.37472636,0.44640717
0.3098579,0.3831292
0.2501411,0.32000595
0.20117275,0.23861279
0.16763483,0.1983079
0.15489347,0.18269993
0.15031794,0.16612588
0.162204,0.16797651
0.20682798,0.18829809
0.2792799,0.24642448
0.32093823,0.28079233
0.36226627,0.32050204
0.36870635,0.3530392
0.39437068,0.38827747
0.40921664,0.41229868
0.41601056,0.42141306
0.4282859,0.4297449
0.41870275,0.42443278
0.39862007,0.4262944
0.38483605,0.42835647
0.38978472,0.43448946
0.36663777,0.42796147
0.34678572,0.42165107
0.32804784,0.40041006
0.32365862,0.37795871
0.27800083,0.32062092
0.2333831,0.2625587
0.19333518,0.20753354
0.15137258,0.16976835
0.13189055,0.15815504
0.11545191,0.14888456
0.13890727,0.15174964
0.1787042,0.17757918
0.23711325,0.2454499
0.30411708,0.27923724
0.35096416,0.31442055
0.3821303,0.34018537
0.3784633,0.36820263
0.3920375,0.38491642
0.39731127,0.3915695
0.3784398,0.39262938
0.37986234,0.38638464
0.36018568,0.3864373
0.35351232,0.38491303
0.33307686,0.3903848
0.3149057,0.3768603
0.3012146,0.37084723
0.29032367,0.35898802
0.27960446,0.33988643
0.22501637,0.2873863
0.17097777,0.23082228
0.14038983,0.13929912
0.10773696,0.10038677
0.088608734,0.08835113
0.077068135,0.07852556
0.08170316,0.0780882
0.09716647,0.09044963
0.1142548,0.124475926
0.15382577,0.14501587
0.20036495,0.18904859
0.23780574,0.2210401
0.26620403,0.24797195
0.2833649,0.26227123
0.29945755,0.27162403
0.30138627,0.2690224
0.30711824,0.2686484
0.3189547,0.2805915
0.32945317,0.2891478
0.33289787,0.304641
0.3238877,0.28653637
0.30427572,0.27471805
0.29657903,0.27551624
0.28024217,0.25150585
0.23363672,0.20488347
0.18521005,0.15416941
0.13626987,0.16281861
0.12503873,0.12767038
0.09110994,0.11560449
0.08219787,0.10748339
0.0762671,0.105059676
0.08589775,0.13833466
0.10050784,0.19390252
0.13885769,0.22617525
0.19578366,0.27123246
0.25457472,0.30635974
0.29289794,0.33744392
0.32412305,0.36299515
0.35596132,0.38195238
0.38291514,0.39131564
0.39238453,0.403728
0.418398,0.41092953
0.45531172,0.41196567
0.47643444,0.42500523
0.46826184,0.41672742
0.4489494,0.41075373
0.41004586,0.3919827
0.3963229,0.3585623
0.33910263,0.30074388
0.26877725,0.23868181
0.22822416,0.24912256
0.20315786,0.21007514
0.17709953,0.19722858
0.16888621,0.18743983
0.20257339,0.19906828
0.21878137,0.2529165
0.28218448,0.34725243
0.36434478,0.4019825
0.40969935,0.4441966
0.44498023,0.48709598
0.46444505,0.54004467
0.4898855,0.56694686
0.5177635,0.5875219
0.5236833,0.6080729
0.53174424,0.61795926
0.5117237,0.61159116
0.5054683,0.6138447
0.49575418,0.6205113
0.46862867,0.610574
0.42009762,0.59868294
0.41003907,0.56276333
0.38963652,0.512782
0.32816213,0.43944067
0.27280015,0.35926744
0.22418717,0.23355839
0.1940167,0.19183409
0.18178362,0.17524415
0.16727737,0.1667594
0.18138753,0.17406224
0.22997911,0.21888047
0.28544497,0.30099514
0.35081074,0.3409766
0.3936182,0.3705693
0.41415694,0.39032575
0.42859066,0.4250526
0.4480085,0.44587374
0.45848036,0.45556718
0.46653765,0.46969575
0.4709608,0.46614945
0.4471913,0.46461883
0.44512323,0.4579689
0.4316826,0.45851874
0.40752953,0.44071677
0.38839087,0.42319977
0.37685966,0.40570664
0.36157796,0.38430548
0.29675385,0.3142953
0.24122956,0.2511074
0.19090024,0.21691196
0.1616764,0.17727569
0.13992018,0.16254461
0.13932423,0.15312964
0.1532053,0.15595227
0.19651164,0.19099142
0.2602581,0.26029354
0.317433,0.2968939
0.34842798,0.33243778
0.3618493,0.3602942
0.37965256,0.39902148
0.38299915,0.42345297
0.39687607,0.43645948
0.41974592,0.44898206
0.397615,0.44576663
0.3857519,0.44979146
0.39594927,0.45104784
0.396887,0.45584965
0.38255247,0.43575728
0.36965662,0.41963768
0.35477883,0.40664655
0.32582584,0.3853192
0.2793493,0.32300156
0.20590903,0.25846887
0.17100908,0.17708476
0.13700046,0.14071567
0.123729415,0.12640038
0.1195176,0.11902155
0.12985274,0.12043817
0.17100543,0.15302803
0.2310129,0.21858464
0.29755175,0.2521297
0.31904238,0.2896992
0.35716262,0.317261
0.39275506,0.35237044
0.40600103,0.36777067
0.4207515,0.3832217
0.45178404,0.39198434
0.46000156,0.39044267
0.47782254,0.39684966
0.48128393,0.39938098
0.5002989,0.41049123
0.48784667,0.3915827
0.44502878,0.3732584
0.420835,0.36925122
0.395991,0.34291968
0.31502053,0.28537238
0.24598253,0.22452109
0.20210686,0.20972052
0.16733477,0.16747159
0.1391348,0.14911592
0.1261252,0.13850805
0.12581418,0.1391683
0.16260372,0.17172165
0.21543165,0.2357351
0.2798487,0.2699198
0.3318688,0.31616107
0.3799902,0.35484585
0.43091393,0.40222427
0.4546803,0.43169516
0.48176613,0.45121515
0.49099964,0.47300124
0.48973835,0.48036748
0.49768865,0.4907212
0.49904755,0.50178504
0.49410307,0.50915307
0.47561252,0.49499378
0.450815,0.47114426
0.41411206,0.44356576
0.3812186,0.41107792
0.32527685,0.34154347
0.25684527,0.27859378
0.20870194,0.21843827
0.16613348,0.17547852
0.14449154,0.15704975
0.12608032,0.14550231
0.12425387,0.14741272
0.13001347,0.17792317
0.13961437,0.23944698
0.18428378,0.27483594
0.25122863,0.32317463
0.3107393,0.3612113
0.35529703,0.40774688
0.3981478,0.44189423
0.41543287,0.46207136
0.4285912,0.47861505
0.4270726,0.48563793
0.42922366,0.49488428
0.41239676,0.5065402
0.41097423,0.51620173
0.37655595,0.49756926
0.3581724,0.4743393
0.34110388,0.44927683
0.3301822,0.41739294
0.2854147,0.3492451
0.24023388,0.28470454
0.19765605,0.20930962
0.16431016,0.16951305
0.13386469,0.15722245
0.12373985,0.14690717
0.11457417,0.15026948
0.11770576,0.18136199
0.12792714,0.24966878
0.18121846,0.28721255
0.22664557,0.3340824
0.27188796,0.3671541
0.28977,0.40809813
0.3280181,0.44187182
0.35201097,0.4654714
0.34691778,0.4754157
0.34644446,0.4797661
0.35296282,0.48659796
0.37137714,0.49372894
0.39401218,0.5093086
0.39150992,0.48568404
0.37215784,0.4692707
0.35476527,0.44945034
0.3406723,0.42387825
0.2874238,0.3585074
0.22717942,0.29094958
0.17753527,0.19771767
0.14332573,0.16414574
0.12745173,0.1498148
0.113165185,0.13927045
0.11571023,0.14960647
0.1408167,0.19401887
0.18079785,0.27407548
0.23396966,0.31968296
0.28348023,0.36283845
0.32796904,0.40067267
0.3507335,0.44197157
0.3819706,0.46256214
0.40630007,0.48402825
0.41689456,0.49732763
0.42364722,0.5022005
0.43163094,0.50231206
0.44181994,0.501589
0.44636157,0.5162648
0.42654398,0.49763203
0.4090627,0.48367745
0.36290604,0.47419775
0.3407381,0.43156365
0.28799522,0.36320382
0.22951989,0.29326367
0.17657404,0.18531819
0.14708667,0.14587337
0.118236475,0.12746528
0.107334614,0.11697635
0.10226698,0.119056545
0.10676372,0.14603198
0.12108888,0.20231046
0.16090043,0.23457494
0.2091309,0.27898994
0.27219635,0.3136631
0.30935642,0.35600868
0.36010113,0.380772
0.38444468,0.40009212
0.399072,0.42098296
0.40723312,0.42751873
0.42790338,0.43818384
0.44907776,0.4423595
0.4615749,0.45663983
0.45394918,0.4377986
0.43215904,0.42095828
0.3975988,0.40292516
0.36725876,0.38071278
0.31405145,0.31352445
0.2789459,0.25545257
0.22107905,0.23657948
0.18278034,0.19235742
0.16395009,0.17812964
0.14895487,0.16956663
0.16049391,0.17395937
0.20207241,0.22050056
0.2650857,0.2959484
0.36044243,0.3431095
0.42630237,0.39027932
0.4899017,0.43663585
0.564848,0.48617324
0.62364477,0.5192654
0.65252525,0.54679424
0.68435675,0.56712234
0.6975636,0.58099794
0.70283216,0.57816124
0.7061479,0.58421874
0.68953294,0.59465444
0.6803615,0.5778769
0.6497777,0.56273514
0.632656,0.5319014
0.57588917,0.4915169
0.49289343,0.41521704
0.40227976,0.33924708
0.334776,0.3615339
0.28695518,0.30767795
0.25371054,0.28886223
0.24132872,0.266695
0.25081378,0.2709277
0.27993846,0.32021576
0.3401343,0.41210112
0.42067063,0.4499853
0.48572275,0.5079942
0.5612066,0.56310385
0.6316687,0.63432527
0.68896776,0.686876
0.7073184,0.71132135
0.7331701,0.73588145
0.7485682,0.74445975
0.7267509,0.7545116
0.6952482,0.7576552
0.6615276,0.75718987
0.6452142,0.73401296
0.62510335,0.6956796
0.5773764,0.65250975
0.55947924,0.6141046
0.48365885,0.5244418
0.37820026,0.43674308
0.32135102,0.3548115
0.2860884,0.304105
0.2535185,0.28225866
0.24978365,0.2666917
0.26177827,0.27297378
0.28745562,0.31846204
0.35164726,0.4150737
0.40967327,0.4534344
0.46934673,0.5022198
0.51384026,0.5456032
0.57765985,0.6037129
0.5831674,0.6496599
0.6189414,0.6694865
0.63520837,0.68916404
0.6449272,0.6953531
0.641315,0.6993556
0.6181174,0.69368637
0.60066795,0.6904826
0.5956128,0.6699512
0.5374428,0.63332653
0.49749243,0.5927657
0.4730513,0.5565643
0.40545833,0.4750899
0.33162093,0.39116776
0.26565295,0.3019576
0.22906902,0.2511939
0.20468059,0.23087826
0.16544412,0.21853963
0.16827565,0.22072713
0.17247547,0.25893256
0.17962995,0.3411773
0.21829866,0.37467456
0.2695026,0.42109486
0.33108863,0.460148
0.39065984,0.50773513
0.43458822,0.5406483
0.44642052,0.55910426
0.47184065,0.5792663
0.48690316,0.5825919
0.49242637,0.5904916
0.51373017,0.58968854
0.5050921,0.58868694
0.4935233,0.56713986
0.45126796,0.53630006
0.42202115,0.502269
0.39107627,0.47081164
0.34583494,0.39736876
0.28283834,0.3245646
0.24122278,0.25518718
0.19261973,0.20944953
0.17774454,0.18944713
0.15290576,0.17428799
0.15404129,0.17068458
0.14837876,0.1847512
0.16121666,0.21994446
0.19605398,0.2521065
0.24314578,0.31301764
0.2936776,0.36226058
0.33792952,0.41716802
0.35467133,0.45290887
0.35041413,0.47535378
0.34725696,0.4863401
0.35125378,0.50210696
0.35103825,0.5079633
0.38191372,0.52221125
0.3991795,0.53692925
0.39772666,0.51779544
0.3867053,0.5032384
0.3670954,0.47795263
0.36089328,0.444412
0.2924523,0.38476688
0.26737088,0.32541427
0.21689437,0.22808246
0.18685542,0.19371217
0.1747173,0.18324597
0.18274224,0.17522036
0.1907416,0.18376471
0.2459434,0.23179054
0.31181273,0.33009416
0.37829787,0.37981424
0.43247685,0.42567515
0.46479103,0.4566227
0.49415213,0.49330747
0.54160243,0.5186967
0.56133705,0.5382111
0.5806834,0.5464271
0.5964405,0.54736954
0.58803827,0.5468793
0.59653026,0.54309815
0.59419763,0.5549896
0.5724753,0.5456529
0.56293964,0.53762287
0.5209812,0.5095483
0.48119107,0.46272162
0.39544725,0.3944427
0.3130589,0.31836626
0.2506212,0.28050202
0.20888875,0.23220363
0.18941507,0.21486579
0.18083386,0.20020844
0.18935037,0.20889218
0.22501116,0.25511712
0.28702405,0.34514973
0.33779016,0.38405168
0.3944594,0.4310406
0.44089577,0.47378463
0.5066675,0.528648
0.54555595,0.5659187
0.5834429,0.5856304
0.61288434,0.61202323
0.6302717,0.617911
0.6340994,0.6247973
0.6415101,0.6301478
0.64762354,0.62986374
0.6426634,0.61296093
0.61627114,0.5787707
0.5654883,0.54565936
0.5422709,0.5038567
0.44135186,0.41870487
0.36548918,0.34070593
0.30963507,0.32719982
0.2521163,0.27889457
0.23847632,0.2581761
0.21304108,0.24134569
0.22795227,0.24720204
0.28456983,0.29237318
0.33761483,0.37807897
0.40094227,0.42216694
0.45046535,0.48127347
0.5091285,0.5332709
0.540016,0.6012306
0.5787166,0.649087
0.5996947,0.6733942
0.6336835,0.6985093
0.6416474,0.7085874
0.6388691,0.7154711
0.63740325,0.724207
0.6374418,0.7261883
0.6199334,0.70305806
0.5931487,0.66608465
0.5650802,0.6288401
0.5353017,0.58984303
0.44946548,0.502123
0.36715072,0.41953006
0.32222196,0.32122695
0.26525375,0.27218798
0.25378254,0.250871
0.2505419,0.23387513
0.24914387,0.24119577
0.28721038,0.28294152
0.35651135,0.3692055
0.4261453,0.40640178
0.4929477,0.4588314
0.53961056,0.5041339
0.56166786,0.56574583
0.62371993,0.60889196
0.6361915,0.6334933
0.65979713,0.66056246
0.6763068,0.6673433
0.6753528,0.67660254
0.6718053,0.67649865
0.65961605,0.67675793
0.64410996,0.6531982
0.6219848,0.6133662
0.5716304,0.5804509
0.53939134,0.5436305
0.46032038,0.4575475
0.36603713,0.37596673
0.30791664,0.32927752
0.2620872,0.27784652
0.22787817,0.25757858
0.20994288,0.24025697
0.21502669,0.24530254
0.24103649,0.2817049
0.30561218,0.36691672
0.3699802,0.40601104
0.42071655,0.46118048
0.46767527,0.50535697
0.51474935,0.5613563
0.55508167,0.593256
0.5882381,0.6120445
0.611467,0.63085735
0.60379434,0.63387656
0.59031457,0.63646406
0.5963711,0.6368096
0.59651196,0.63758576
0.5824524,0.6163551
0.53659636,0.584371
0.49222547,0.5551995
0.46214527,0.51527596
0.38606814,0.43385807
0.31107277,0.35966456
0.25029925,0.26969492
0.2057603,0.21801144
0.18056719,0.19827816
0.15423438,0.18433842
0.1535445,0.18582407
0.16117857,0.22042473
0.17442456,0.29215878
0.22148453,0.32747573
0.28383246,0.3800242
0.35625514,0.42224368
0.41405833,0.47674575
0.4686579,0.51331174
0.51474935,0.53486294
0.5356544,0.55787027
0.548675,0.5654293
0.56228626,0.5741515
0.56309354,0.5837413
0.5558389,0.5876168
0.523772,0.56429434
0.487879,0.53011566
0.46458387,0.5010204
0.42915478,0.467218
0.34608072,0.38854164
0.27537128,0.3176314
0.23675422,0.2517492
0.19321358,0.20801404
0.17322275,0.18626423
0.15838982,0.16863745
0.1442207,0.1651839
0.14910047,0.17771396
0.16950564,0.21003163
0.19173571,0.24221072
0.25024915,0.30590826
0.3025766,0.35837242
0.32366228,0.4122167
0.3624124,0.44585717
0.41665712,0.46411133
0.4357394,0.47012055
0.46394148,0.48167488
0.50018203,0.48789185
0.5313779,0.50871265
0.5225775,0.5211954
0.52442014,0.49925137
0.48770368,0.48210567
0.46022227,0.45982924
0.43150046,0.4253721
0.3626347,0.36214665
0.27564418,0.3131917
0.25910118,0.2690341
0.21670651,0.22392556
0.19048485,0.2099041
0.18715861,0.19669758
0.19184113,0.2010121
0.23750673,0.24161257
0.312452,0.31536278
0.3691609,0.359244
0.42598248,0.41710624
0.45754993,0.4711056
0.5392526,0.5318183
0.5494061,0.5715884
0.6000376,0.59949005
0.63199323,0.6196866
0.6432442,0.6373278
0.62834245,0.64066905
0.6240539,0.6497426
0.5902133,0.6602253
0.56293386,0.6417184
0.51964474,0.6187847
0.4937957,0.5808757
0.4780292,0.541074
0.38881043,0.4623008
0.3073019,0.38610208
0.26897866,0.27636394
0.22721699,0.22911629
0.20269759,0.20877731
0.20071457,0.1950914
0.20342869,0.1988429
0.25196654,0.2364977
0.3204211,0.31529015
0.37322658,0.3512331
0.41493294,0.39957634
0.4557605,0.43797216
0.48669392,0.49096027
0.5123014,0.5278079
0.5495893,0.54808193
0.57894355,0.5697382
0.601816,0.5737294
0.578846,0.5839491
0.59020394,0.5865899
0.5882204,0.5894538
0.5689518,0.5623468
0.5259763,0.5249133
0.4982773,0.5006645
0.4587319,0.4735903
0.38289896,0.39193356
0.3021795,0.3199157
0.25628218,0.26785538
0.2186243,0.22290286
0.18397535,0.20256656
0.17897922,0.18960862
0.19679657,0.1912952
0.23762622,0.22218592
0.2987661,0.29467544
0.35706973,0.3334062
0.39996487,0.3832441
0.44549218,0.41834846
0.48366773,0.46421146
0.5154178,0.48916894
0.55316913,0.50279796
0.5847642,0.5189401
0.5932938,0.51699173
0.59969574,0.5211278
0.6117102,0.525234
0.60996723,0.5292588
0.578249,0.50681806
0.5395521,0.4796682
0.5046365,0.46160325
0.4745339,0.43583733
0.3926987,0.3620767
0.30677798,0.30139852
0.25835234,0.28020027
0.21438847,0.23130748
0.19329968,0.21255316
0.1787496,0.19797735
0.18014188,0.19867589
0.22024357,0.23298083
0.2857706,0.3036606
0.35302022,0.33967677
0.40065423,0.3919631
0.45900327,0.43947354
0.504984,0.4950315
0.5515989,0.5316185
0.5851274,0.5544175
0.6149712,0.5754557
0.6170419,0.58470356
0.623053,0.592672
0.6346338,0.6059203
0.62928694,0.60833704
0.59697694,0.5880414
0.5349165,0.5557197
0.48343238,0.52136093
0.44518793,0.48951098
0.37330225,0.41419914
0.29418376,0.3442359
0.29249996,0.24822596
0.29081613,0.1996668
0.2891323,0.17712222
0.28744847,0.15904103
0.28576463,0.1488118
0.2840808,0.1589544
0.282397,0.18164341
0.28071317,0.20522359
0.27902934,0.27257326
0.2773455,0.32517272
0.27566168,0.3837876
0.27397785,0.42624044
0.27229404,0.4581442
0.2706102,0.47151244
0.26892638,0.48471317
0.26724255,0.5084214
0.26555872,0.53224283
0.2638749,0.5424347
0.26219106,0.5202969
0.26050726,0.48519355
0.25882342,0.45524555
0.2571396,0.42718437
0.25545576,0.36340633
0.25377193,0.30643153
0.2520881,0.20992054
0.2504043,0.18400393
0.24872045,0.17680296
0.24703664,0.17109914
0.2453528,0.17715319
0.24366897,0.21385142
0.24198516,0.29705033
0.24030133,0.33412445
0.2386175,0.37696978
0.23693368,0.40162656
0.23524985,0.4294847
0.23356602,0.44596857
0.2318822,0.46040753
0.23019837,0.46867788
0.22851454,0.46440932
0.2268307,0.4624759
0.22514689,0.4505492
0.22346306,0.46528563
0.22177923,0.4536113
0.22009541,0.45273864
0.21841158,0.45739374
0.21672775,0.43741408
0.21504393,0.3756445
0.2133601,0.30201787
0.21167627,0.16137671
0.20999245,0.1340068
0.20830862,0.13348493
0.20662479,0.12366831
0.20494096,0.12679648
0.20325714,0.15371299
0.20157331,0.21124619
0.19988948,0.23588914
0.19820566,0.2808413
0.19652183,0.30985454
0.194838,0.3362513
0.19315419,0.34782732
0.19147035,0.36003003
0.18978652,0.36995
0.1881027,0.37896767
0.18641888,0.38214043
0.18473504,0.37836015
0.18305123,0.3898912
0.1813674,0.37959513
0.17968357,0.37658405
0.17799973,0.40035516
0.17631592,0.38504547
0.17463209,0.33096308
0.17294826,0.2653987
0.17126444,0.13586038
0.16958061,0.10871011
0.16789678,0.11371585
0.16621296,0.10557538
0.16452913,0.104719855
0.1628453,0.12118803
0.16116148,0.16369194
0.15947765,0.19136254
0.15779382,0.2415956
0.15611,0.26364893
0.15442617,0.28730956
0.15274234,0.29434597
0.15105851,0.30398297
0.1493747,0.31140885
0.14769086,0.32209906
0.14600703,0.32531196
0.14432321,0.3186118
0.14263938,0.3332805
0.14095555,0.33176824
0.13927174,0.33965313
0.1375879,0.37602916
0.13590407,0.3582678
0.13422026,0.3053426
0.13253643,0.25763142
0.1308526,0.10519484
0.122979,0.090590276
0.10813878,0.08680175
0.111272454,0.082321495
0.09731989,0.07766869
0.11047508,0.09390086
0.119123615,0.11539282
0.1367056,0.14762637
0.17291903,0.19626352
0.23584047,0.2210305
0.26820165,0.25521424
0.28687587,0.26766163
0.32337788,0.27298588
0.32932794,0.29053247
0.36949748,0.30020192
0.39848283,0.30802655
0.41226318,0.30741093
0.41773054,0.3183458
0.3982292,0.3219533
0.36975995,0.32793158
0.34527656,0.37119767
0.30524376,0.3510411
0.23574916,0.29908967
0.1932976,0.26589096
0.17921092,0.14795564
0.16076736,0.10938623
0.13443297,0.09243004
0.12102052,0.074860066
0.11007848,0.071960315
0.12565085,0.08496152
0.13720658,0.10479555
0.17327441,0.1267881
0.23391122,0.18369457
0.29919714,0.23250139
0.3523272,0.28627318
0.41640192,0.31818637
0.45322382,0.348499
0.481333,0.36910003
0.50766426,0.38532436
0.5300138,0.4087064
0.5493946,0.42645884
0.5669933,0.44418812
0.54316485,0.43112594
0.49100593,0.4073218
0.46635553,0.38619217
0.4097056,0.3566323
0.35664546,0.29492646
0.30605522,0.24036784
0.247439,0.24147189
0.20756379,0.1957305
0.18761992,0.17607403
0.16929378,0.1561704
0.16783,0.15284634
0.16979267,0.16790463
0.19930142,0.19734819
0.22552413,0.23289022
0.29078394,0.30321673
0.37921265,0.36733827
0.44930267,0.43192017
0.50220156,0.4765762
0.5536612,0.50969875
0.58041567,0.5339589
0.59870267,0.55361956
0.62709993,0.5734954
0.6435088,0.5906346
0.65225023,0.6086935
0.6250632,0.58603877
0.5958007,0.5504506
0.5787844,0.5203869
0.4955449,0.4913238
0.41126072,0.4181277
0.34764314,0.3567651
0.312846,0.3025582
0.2696894,0.25768197
0.23967813,0.24116221
0.22405565,0.22238682
0.24613439,0.22169535
0.29352,0.25140938
0.40832376,0.3110923
0.45880026,0.34904146
0.51409703,0.41742024
0.57400066,0.47845924
0.64205545,0.541508
0.6890309,0.5801464
0.7299289,0.6047224
0.7628594,0.6246406
0.7707288,0.6397749
0.77472985,0.64380544
0.7748879,0.66130424
0.776287,0.66950166
0.7526161,0.65459645
0.7162926,0.6261889
0.720267,0.59059423
0.62061393,0.5506494
0.5048301,0.46762946
0.43198684,0.40096557
0.3771425,0.39002925
0.3394345,0.32490644
0.30260113,0.30647197
0.28959414,0.28219536
0.30536848,0.2811156
0.35434884,0.32794368
0.4426481,0.421727
0.46301416,0.4591713
0.51883435,0.5140481
0.5739469,0.5744484
0.6340295,0.64346087
0.70082617,0.6977636
0.75364417,0.7224723
0.7927794,0.7531408
0.79172945,0.7566944
0.79896116,0.76428086
0.7786854,0.76372135
0.77077895,0.7615298
0.75232077,0.73709416
0.7177992,0.69031477
0.6782663,0.64153767
0.6095174,0.6064707
0.5064191,0.51369095
0.4488732,0.42386806
0.37425357,0.3940072
0.3356475,0.33621958
0.3141,0.31066927
0.29822963,0.2883982
0.31040218,0.28760058
0.35068706,0.33562648
0.43781218,0.41957554
0.49545518,0.4609117
0.5218036,0.51355517
0.5654674,0.5705916
0.60297346,0.6360358
0.6452429,0.68716717
0.66529685,0.7154602
0.66381747,0.7440357
0.640861,0.7481928
0.6257828,0.74966955
0.6061807,0.7455499
0.59251,0.74098253
0.5681565,0.7131566
0.55313313,0.6669799
0.5335639,0.62740767
0.48753095,0.59581816
0.3927133,0.5089929
0.34575143,0.42042127
0.29521078,0.29396933
0.2642163,0.25082797
0.2224108,0.22277349
0.22168335,0.21713293
0.23477122,0.22407012
0.290988,0.27312297
0.369176,0.3689286
0.41903308,0.40830705
0.44627127,0.44342977
0.46736687,0.47574964
0.49371427,0.5160829
0.5227252,0.5463926
0.5561071,0.5600763
0.5670116,0.58349216
0.551386,0.58588225
0.54630005,0.58023757
0.54022473,0.5744151
0.5331976,0.5691278
0.5077185,0.5498317
0.48315424,0.5184352
0.46309817,0.4938829
0.40813017,0.45330483
0.34066397,0.3762043
0.28065443,0.29960224
0.23935615,0.25262952
0.19656852,0.20472667
0.17724617,0.1874115
0.16658384,0.17905253
0.15712331,0.18187498
0.16835132,0.22559711
0.1951752,0.30869228
0.22141095,0.34661117
0.2643306,0.3817477
0.30190447,0.41126505
0.3240093,0.4543026
0.35151,0.48637778
0.36757916,0.5009128
0.3909719,0.5195975
0.38853177,0.5202784
0.38500774,0.52566975
0.3877756,0.52564657
0.37172052,0.52618426
0.34780177,0.5058523
0.3306456,0.47871596
0.32964575,0.45119962
0.28522632,0.42453495
0.24320109,0.3525502
0.20033519,0.28507435
0.151562,0.17647892
0.13855973,0.1403299
0.112569764,0.12435981
0.096074246,0.112419754
0.10686026,0.11089974
0.10824262,0.118956655
0.13080823,0.15128374
0.16240124,0.18490165
0.20935372,0.23485631
0.25376323,0.26690662
0.26871932,0.2992181
0.30727217,0.3237747
0.33018324,0.34011763
0.33189958,0.33921564
0.35601717,0.3450015
0.35692048,0.349216
0.37639627,0.36153418
0.39056018,0.3804427
0.37700003,0.36329347
0.37555036,0.35809028
0.37665823,0.35011584
0.32984456,0.32659218
0.27383077,0.2784029
0.22229339,0.22616649
0.18724942,0.20879716
0.16652487,0.17259574
0.1526198,0.16190167
0.1430982,0.15477234
0.16890866,0.1657024
0.22443868,0.21451326
0.30791977,0.30971712
0.37028337,0.3587761
0.3988288,0.3988365
0.42754853,0.42734298
0.45063704,0.46467438
0.46675736,0.48593897
0.49310163,0.50000906
0.5051286,0.51183397
0.5167266,0.5178244
0.50933313,0.5101695
0.52080846,0.5071744
0.516126,0.5163566
0.48760244,0.50675106
0.48005968,0.5027746
0.4666801,0.47506174
0.39351434,0.43143559
0.30266428,0.36214513
0.24914022,0.28981203
0.2475752,0.21780795
0.24601018,0.1741147
0.24444516,0.15765893
0.24288014,0.14921173
0.24131513,0.15610108
0.2397501,0.20118763
0.2381851,0.2903105
0.23662007,0.32495645
0.23505506,0.36325964
0.23349003,0.39399573
0.23192501,0.4331487
0.23036,0.45808905
0.22879498,0.47241318
0.22722997,0.49452507
0.22566494,0.49393436
0.22409992,0.4991725
0.22253491,0.5039363
0.22096989,0.5044123
0.21940488,0.49147734
0.21783985,0.46728683
0.21627483,0.4413751
0.21470982,0.40409487
0.2131448,0.32494974
0.21157978,0.25764564
0.21001476,0.17821927
0.20844975,0.15336734
0.20688473,0.15218265
0.2053197,0.1488983
0.2037547,0.15364642
0.20218967,0.19122377
0.20062466,0.275823
0.19905964,0.3158188
0.19749461,0.35787752
0.1959296,0.37279105
0.19436458,0.399143
0.19279957,0.4102462
0.19123454,0.42120323
0.18966952,0.4215272
0.18810451,0.41283396
0.18653949,0.40546608
0.18497448,0.39760423
0.18340945,0.412779
0.18184444,0.40011635
0.18027942,0.41117692
0.1787144,0.42373994
0.17714939,0.4021599
0.17558436,0.3463056
0.17401935,0.28221303
0.17245433,0.14354382
0.1708893,0.120757975
0.1693243,0.1202912
0.16775927,0.115881875
0.16619426,0.11643079
0.16462924,0.14194688
0.16306423,0.1945302
0.1614992,0.2222828
0.15993418,0.26598865
0.15836917,0.28529066
0.15680414,0.3104717
0.15523914,0.31130546
0.15367411,0.31729105
0.15210909,0.32122445
0.15054408,0.32725587
0.14897905,0.3216863
0.14741404,0.31766373
0.14584902,0.32668886
0.144284,0.32307547
0.14271899,0.33728218
0.14115396,0.36717358
0.13958895,0.34664598
0.13802393,0.30012795
0.13645892,0.25014943
0.1348939,0.11829747
0.13332887,0.103601806
0.13176386,0.09936086
0.13019884,0.0959906
0.12863383,0.09887049
0.1270688,0.12862994
0.12550378,0.17203757
0.12393877,0.20398015
0.122373745,0.24516577
0.12080873,0.26467484
0.11924371,0.29674643
0.117678694,0.30202985
0.11611368,0.30398744
0.11454866,0.31149203
0.11298364,0.31512973
0.11141862,0.31454307
0.1098536,0.30734313
0.108288586,0.317196
0.10672357,0.3148604
0.10515855,0.32432657
0.10359353,0.3609374
0.10202851,0.33719757
0.100463495,0.284961
0.09889848,0.24610853
0.09733346,0.104200765
0.07796623,0.07978553
0.069091216,0.078692585
0.058500376,0.07914172
0.06455638,0.07584028
0.07481011,0.10859111
0.10069988,0.1480633
0.12773874,0.17371425
0.16292414,0.22144523
0.19937292,0.24170317
0.21609491,0.27973107
0.23098785,0.2972002
0.2496678,0.29810613
0.24390715,0.31602216
0.25067496,0.3260013
0.24580614,0.33311597
0.26395488,0.3281021
0.27910715,0.33497217
0.288587,0.3388868
0.3119286,0.35280377
0.31061772,0.37475303
0.26371536,0.34385017
0.22156541,0.2870293
0.18415801,0.2491009
0.15213083,0.17555866
0.12503664,0.15499589
0.120492935,0.1450536
0.12160342,0.14296116
0.14117052,0.15881719
0.20806894,0.21516632
0.30567583,0.31850725
0.36679482,0.3661845
0.39451888,0.39471206
0.4094974,0.41487923
0.42005694,0.43456686
0.42409548,0.4452489
0.42946735,0.4488173
0.42853013,0.44867444
0.403934,0.4428567
0.3963229,0.4295029
0.39479285,0.41651154
0.3861652,0.42367753
0.37901747,0.42387903
0.3921758,0.43326175
0.3870064,0.4255066
0.33244962,0.37812233
0.28894603,0.31402105
0.23240517,0.25022912
0.20940746,0.20524246
0.18023738,0.17707244
0.17362091,0.16449805
0.16984014,0.16429769
0.1795736,0.178525
0.23356576,0.2348576
0.3350296,0.35176983
0.37522158,0.38998532
0.38441232,0.40671483
0.38505158,0.41360623
0.41709286,0.4336551
0.41430515,0.43595278
0.40520367,0.43379503
0.4112628,0.44167054
0.40325823,0.42860296
0.3911415,0.4169616
0.3917458,0.40892595
0.39412123,0.40615606
0.382422,0.4048208
0.39735147,0.40673584
0.39265487,0.39269155
0.3467012,0.35175812
0.271746,0.28749344
0.209253,0.22501117
0.18656632,0.19727765
0.16892013,0.1682393
0.16289909,0.15609166
0.16186793,0.15362169
0.19025107,0.16577883
0.23097427,0.2233071
0.3238945,0.3291668
0.35891497,0.372247
0.37881866,0.39235455
0.3827085,0.40831277
0.3964424,0.43306407
0.40567905,0.4397537
0.4049224,0.4400923
0.43000016,0.44848782
0.40866297,0.43675134
0.40707186,0.4276868
0.4210187,0.42532194
0.41317117,0.4230635
0.4066163,0.4186182
0.41144857,0.41520798
0.40022004,0.4016862
0.35546714,0.36302704
0.30091298,0.29862827
0.2421,0.23600566
0.21543895,0.22002292
0.17882736,0.18892035
0.15745781,0.17379917
0.15704712,0.17160112
0.17851843,0.18197525
0.23319681,0.24033512
0.33115336,0.34122956
0.37516522,0.38789657
0.38413835,0.4102324
0.39843586,0.42356128
0.40466928,0.45327228
0.41527787,0.4601733
0.41262534,0.4653796
0.44132107,0.47906846
0.42784807,0.46862978
0.4193034,0.45696205
0.42352563,0.45163953
0.4188593,0.4463893
0.4149032,0.44246092
0.41543025,0.4396401
0.41950274,0.42483577
0.35407016,0.39194623
0.2951591,0.3282924
0.23514955,0.2633925
0.19314156,0.22725019
0.17138273,0.19165528
0.16878863,0.17987138
0.16452307,0.1750151
0.18077488,0.1842358
0.23267445,0.2322831
0.31452894,0.33381373
0.34651437,0.37843108
0.37172002,0.40492514
0.37988427,0.42117706
0.39297473,0.45085073
0.40486184,0.4634149
0.3903796,0.46626997
0.40672013,0.47970736
0.3925025,0.47300985
0.37782767,0.4657382
0.369319,0.46012628
0.3739869,0.45793787
0.3529962,0.45779845
0.3449358,0.4545678
0.32800716,0.42931005
0.29881307,0.39571962
0.24632487,0.33490628
0.19921009,0.26954055
0.16585168,0.17489915
0.1487764,0.1390731
0.13251519,0.12821858
0.12564825,0.12248504
0.13184775,0.12838086
0.15719637,0.15841071
0.17088279,0.22446348
0.21672426,0.25852585
0.2524002,0.29157197
0.2738031,0.30685288
0.3029393,0.32464606
0.29400793,0.32869166
0.3088831,0.32847172
0.29540905,0.32425863
0.29198003,0.3089166
0.28537557,0.30347216
0.2875026,0.30513936
0.29730597,0.30569682
0.29128024,0.29800504
0.3035655,0.2998469
0.29931456,0.29765877
0.2508529,0.27614278
0.21607612,0.2236079
0.16416822,0.17667502
0.14561455,0.15515913
0.11629835,0.12293443
0.10460902,0.11517497
0.09273496,0.10948549
0.10238544,0.113769464
0.110332094,0.14583057
0.13808641,0.2168379
0.17321022,0.24789521
0.2168975,0.28785434
0.2563735,0.30926675
0.26689076,0.32752675
0.28788877,0.3426112
0.29767752,0.3469193
0.28898934,0.33780223
0.28154105,0.33097282
0.27450398,0.32665867
0.29212093,0.33494443
0.3023903,0.3435521
0.30763432,0.34644613
0.33133182,0.3521366
0.30551982,0.33236775
0.2634518,0.2932081
0.24065293,0.23907368
0.20004714,0.18527347
0.17610332,0.18626888
0.15998302,0.16035852
0.14094456,0.15175852
0.1522305,0.14882232
0.16069221,0.16038159
0.22102426,0.20739593
0.3257773,0.30219287
0.37799728,0.35386676
0.4075196,0.39114764
0.40736356,0.40949324
0.43783566,0.42718056
0.4481755,0.4386974
0.43273672,0.43753868
0.413358,0.4336704
0.43311507,0.42540756
0.3878466,0.4131018
0.3664478,0.4085958
0.38604203,0.41707903
0.39977857,0.42981905
0.41910142,0.43161535
0.39566904,0.41577286
0.35004935,0.36798102
0.28645265,0.30851847
0.23239683,0.24969454
0.19446705,0.22544861
0.17225108,0.19632049
0.17766312,0.18910155
0.17385313,0.18860377
0.19096391,0.20426895
0.24421452,0.25463977
0.3397111,0.36750826
0.4015189,0.4203208
0.4053628,0.44201288
0.40681565,0.44271842
0.42476866,0.45656225
0.43782836,0.45661277
0.43013272,0.4463166
0.4258301,0.4469021
0.40298218,0.43271244
0.3863583,0.41577703
0.38920182,0.40947592
0.38445407,0.4085171
0.39671117,0.42571872
0.41232005,0.4329173
0.3965374,0.41522488
0.3623774,0.37217245
0.30397254,0.30709442
0.24129584,0.25048834
0.22557423,0.23382862
0.19538185,0.20880088
0.1875667,0.19909345
0.19031107,0.19624928
0.20230673,0.20887674
0.24695942,0.26055974
0.3461183,0.37072515
0.39199576,0.42206055
0.4156995,0.44255665
0.40444332,0.4435615
0.4104696,0.4588776
0.40278438,0.45655274
0.39639544,0.45528325
0.3950637,0.45051795
0.3862179,0.4308942
0.36870635,0.41183546
0.36484313,0.40127915
0.3622986,0.39965966
0.3556138,0.40365666
0.37623447,0.41524917
0.36448306,0.410938
0.33040398,0.38210532
0.2730496,0.32071048
0.22789279,0.2587825
0.20215592,0.2064842
0.18088394,0.17870834
0.16244926,0.17190501
0.15405591,0.16801819
0.18952832,0.18097289
0.23658568,0.22511128
0.3366296,0.32288918
0.39628115,0.3643127
0.41017058,0.38249168
0.40499127,0.38941297
0.41710225,0.4043902
0.40214303,0.4067276
0.4022234,0.40700483
0.39431953,0.4049365
0.37927318,0.3873433
0.35317573,0.37566185
0.35603908,0.3692413
0.3629097,0.36793712
0.36460623,0.3647607
0.3886288,0.36980206
0.3846675,0.36131316
0.3331442,0.338971
0.27489012,0.28177115
0.23160414,0.22559369
0.22807387,0.20911287
0.22454359,0.18045795
0.2210133,0.17300567
0.21748301,0.17047483
0.21395274,0.1834677
0.21042246,0.23379828
0.20689218,0.34039468
0.2033619,0.38557732
0.19983162,0.40450987
0.19630134,0.41237125
0.19277106,0.4263915
0.18924077,0.4294657
0.18571049,0.428013
0.18218021,0.4267627
0.17864993,0.410345
0.17511965,0.39841694
0.17158937,0.39285427
0.1680591,0.39032912
0.16452882,0.3945896
0.16099854,0.400706
0.15746824,0.38642588
0.15393797,0.3505156
0.15040769,0.29058832
0.14687741,0.2339749
0.14334713,0.13233511
0.11956718,0.11425531
0.106191255,0.10757677
0.09832757,0.10779072
0.10211669,0.1129813
0.12286576,0.14450277
0.1529282,0.20064391
0.18783179,0.23422438
0.22197714,0.27560738
0.24984418,0.28890806
0.2639585,0.3070893
0.27390644,0.3124333
0.2745744,0.31113783
0.2648707,0.30343884
0.27013925,0.2924939
0.27475914,0.2852245
0.2823692,0.28418028
0.28239635,0.29521656
0.28896323,0.29262444
0.29232705,0.3085479
0.27581066,0.32583866
0.23745611,0.2965718
0.19242664,0.24637848
0.14553314,0.20485298
0.11287922,0.12812872
0.093215585,0.102643184
0.07959125,0.08979191
0.071441084,0.08075902
0.07430288,0.08499664
0.088314936,0.110354036
0.11483405,0.15723273
0.14377974,0.18810835
0.18803948,0.23077044
0.2149672,0.26419634
0.23776557,0.29051074
0.2527832,0.30705482
0.26805916,0.31989342
0.2819914,0.3191663
0.28142205,0.32421398
0.2947098,0.3233421
0.30922127,0.3346948
0.33444932,0.35152218
0.33277315,0.35078946
0.3402037,0.35040092
0.3115894,0.33639345
0.27073467,0.30019736
0.22645874,0.24700741
0.1745712,0.19042036
0.145279,0.16314606
0.129596,0.1370987
0.12227816,0.12227965
0.12490513,0.11487234
0.13215773,0.12625408
0.20247371,0.18039605
0.30781385,0.2676313
0.35440832,0.3157839
0.37239423,0.35463288
0.3948351,0.38002095
0.42244175,0.41593367
0.440436,0.433415
0.46036372,0.44740915
0.4747593,0.45779955
0.46927264,0.46193698
0.4546584,0.45636755
0.44492546,0.4538747
0.4381227,0.46494934
0.4330232,0.46088713
0.43537048,0.45928818
0.43171912,0.43804064
0.36025143,0.39013112
0.30410978,0.3249751
0.25155896,0.257219
0.20862992,0.21885675
0.19112515,0.18798468
0.18375462,0.16988222
0.15964748,0.164646
0.18873303,0.1797424
0.24176133,0.2318135
0.33153692,0.33534515
0.38023704,0.37566078
0.39264545,0.40040246
0.41377026,0.41554883
0.4635125,0.45004836
0.4717848,0.4650705
0.4874678,0.4694298
0.498521,0.4861101
0.49280316,0.47809824
0.50721127,0.47501838
0.49391937,0.468566
0.49230844,0.46776983
0.45401546,0.46091536
0.487496,0.44884938
0.4416013,0.43027207
0.38497958,0.3930398
0.32251057,0.32047883
0.26724562,0.2544639
0.22947083,0.23939744
0.2027529,0.2022644
0.19109228,0.18444836
0.18624173,0.1740046
0.17839266,0.18440548
0.24031635,0.22974163
0.34642148,0.318402
0.39629212,0.36144522
0.41455826,0.39512366
0.43861166,0.4230657
0.45880184,0.46366793
0.48712704,0.48735905
0.49932778,0.49946016
0.51756626,0.5183196
0.51346195,0.51497483
0.53733736,0.513436
0.50387096,0.5128315
0.49478823,0.51387525
0.48890758,0.50068486
0.49236166,0.4846416
0.4514506,0.4644833
0.40823767,0.43376508
0.34171653,0.3633059
0.23616089,0.29375964
0.18842462,0.23882675
0.17164886,0.20050535
0.16224939,0.18122798
0.15698397,0.1701929
0.16743444,0.18403786
0.22453627,0.23033112
0.30037755,0.3174664
0.35607928,0.36453694
0.3831557,0.3970214
0.39679936,0.42366537
0.4228175,0.46741527
0.43749282,0.49170607
0.45026183,0.500497
0.4557407,0.52220124
0.4482663,0.51997215
0.4380439,0.51741123
0.43263653,0.5180658
0.39939657,0.518005
0.39702687,0.50775486
0.40439168,0.48682594
0.39998627,0.46353793
0.36104253,0.4324581
0.29081526,0.35935742
0.22765273,0.2916286
0.22514723,0.22664995
0.22264172,0.18562424
0.22013621,0.17573772
0.21763071,0.16947511
0.2151252,0.17787984
0.2126197,0.22596298
0.2101142,0.32474712
0.20760868,0.365739
0.20510319,0.3951166
0.20259768,0.4166225
0.20009218,0.44878134
0.19758667,0.46791196
0.19508116,0.47449005
0.19257566,0.48501164
0.19007015,0.48041186
0.18756466,0.47451413
0.18505915,0.46967566
0.18255365,0.47219276
0.18004814,0.45936733
0.17754263,0.45163006
0.17503713,0.4334946
0.17253162,0.40273574
0.17002612,0.33622646
0.16752061,0.26611412
0.1650151,0.14884904
0.1625096,0.12331997
0.1600041,0.12117503
0.1574986,0.117283
0.15499309,0.11817521
0.15248758,0.12978259
0.14998208,0.17195661
0.14747657,0.21287361
0.14497107,0.26846698
0.14246556,0.2880564
0.13996005,0.3096641
0.13745455,0.31408536
0.13494904,0.31196237
0.13244355,0.30314523
0.12993804,0.29968828
0.12743254,0.29385233
0.12492703,0.29634613
0.122421525,0.31178105
0.11991602,0.31829432
0.11741051,0.33005494
0.11490501,0.35578838
0.1123995,0.32754704
0.109894,0.2905762
0.1073885,0.2520147
0.104882985,0.11238411
0.08474813,0.09665042
0.07682548,0.089468576
0.07610429,0.08913478
0.07447927,0.08881469
0.086810455,0.11628741
0.12190661,0.14391236
0.14433186,0.17630392
0.20475104,0.21872047
0.23328866,0.23554386
0.24948932,0.2667133
0.24182656,0.27283442
0.25021052,0.27121767
0.2412494,0.27144772
0.22318625,0.2710081
0.22683708,0.27049515
0.24164182,0.2653397
0.25128186,0.27786303
0.26589093,0.28452986
0.28395197,0.29696637
0.26464945,0.3239489
0.24502182,0.29529527
0.20946749,0.24841584
0.16771154,0.22388685
0.15991883,0.15842596
0.14353134,0.14492181
0.12687615,0.13370253
0.1399494,0.13907652
0.16599937,0.15305279
0.22838332,0.19916567
0.31726968,0.2754918
0.3848444,0.32952625
0.40954122,0.35473454
0.42876548,0.36251202
0.45280948,0.37703583
0.42254508,0.37729388
0.38566005,0.3744675
0.37925544,0.3691296
0.357088,0.35416654
0.3412808,0.34208155
0.33862877,0.33633864
0.34986305,0.35057622
0.35447302,0.3622731
0.36420804,0.37121063
0.34311143,0.3616104
0.30434826,0.32808167
0.26550266,0.2700709
0.20870715,0.22275355
0.18533163,0.18668656
0.16138731,0.16521505
0.1400762,0.15648535
0.1547437,0.16066974
0.17508887,0.17668936
0.22827686,0.23293467
0.3375569,0.3426251
0.3947057,0.39319414
0.405331,0.40713102
0.40620768,0.39930686
0.37922728,0.40496185
0.3751402,0.39354372
0.38246375,0.38624197
0.38564178,0.37864012
0.33637023,0.35727888
0.3227412,0.3389737
0.30821985,0.33490336
0.30391043,0.33479986
0.32441947,0.34740436
0.3656588,0.3597204
0.3441744,0.35450047
0.30522236,0.31227633
0.24981652,0.25352633
0.19711228,0.19979243
0.16620289,0.18908197
0.14881398,0.16862252
0.14513601,0.16291732
0.13620934,0.1626714
0.1467819,0.18457471
0.21035932,0.24442668
0.3040555,0.36277935
0.37093046,0.40414333
0.3789319,0.41243652
0.37308723,0.40809113
0.38085073,0.4170168
0.36667114,0.40316343
0.3558935,0.39234948
0.3505884,0.38245648
0.31733906,0.35604584
0.29362017,0.3377013
0.2979275,0.32834995
0.3023063,0.3272894
0.31786144,0.326719
0.34666154,0.34096813
0.33275804,0.3437877
0.29111063,0.3114905
0.25071254,0.25321138
0.1897621,0.1974304
0.15955772,0.17453922
0.1413709,0.15276453
0.15341613,0.14547467
0.14397909,0.14507253
0.15639639,0.1637317
0.23342016,0.21984592
0.31766,0.32948992
0.38875303,0.3681193
0.3995239,0.38070437
0.40477782,0.38079357
0.40100124,0.3934278
0.38167575,0.3834291
0.35910752,0.37617505
0.35272172,0.36982042
0.34091446,0.3481348
0.30927554,0.33247873
0.30544102,0.32495105
0.30247903,0.32507402
0.31410572,0.3241841
0.33788514,0.33225805
0.3304212,0.33246872
0.29469728,0.3004539
0.2353776,0.24384026
0.18906021,0.18806756
0.15064043,0.15986006
0.13718936,0.13725762
0.11989229,0.13191889
0.12923853,0.13086863
0.14778176,0.1480747
0.20707013,0.20135377
0.29096347,0.309767
0.35029933,0.34956735
0.36457124,0.36702478
0.37158537,0.36614734
0.36414543,0.37201688
0.3375068,0.36268246
0.32977724,0.35764685
0.3085204,0.35069764
0.28053597,0.32985264
0.2558934,0.3146513
0.25215334,0.30649686
0.2355305,0.3078147
0.23920429,0.31032896
0.2535472,0.31886107
0.24180308,0.32149917
0.20975502,0.29248297
0.16825165,0.23744215
0.122979,0.18349168
0.09076239,0.092994556
0.073995516,0.06791049
0.06255458,0.06120681
0.06030387,0.053631313
0.06887048,0.05704594
0.08338559,0.06398183
0.11447606,0.07833872
0.15872382,0.10244048
0.20037955,0.14602023
0.23945999,0.16862053
0.25942054,0.17842144
0.26717466,0.1749483
0.26174903,0.16545027
0.25519308,0.14696097
0.23824514,0.1388018
0.23445445,0.14088275
0.23948817,0.15972748
0.23692644,0.16764753
0.2537653,0.18585104
0.2562065,0.19049974
0.2331227,0.20252559
0.21082637,0.17506611
0.17038444,0.14304629
0.124103576,0.114581026
0.100636736,0.11725305
0.0824781,0.097901955
0.071938924,0.087064505
0.062193993,0.08703621
0.072160706,0.09505149
0.080329664,0.12178546
0.11253115,0.15753947
0.1518819,0.18761101
0.19119456,0.2233479
0.21321484,0.24694373
0.2228027,0.26870966
0.22571512,0.27312845
0.22331098,0.27155018
0.20762798,0.2613791
0.2009421,0.2530598
0.19405636,0.2499556
0.20486116,0.26044196
0.23252103,0.28013694
0.25878078,0.29539695
0.27721965,0.30713636
0.2594759,0.29946783
0.22254178,0.26269835
0.18747903,0.21464877
0.1634726,0.1806452
0.14134169,0.1519882
0.13128103,0.13751477
0.11920919,0.13075075
0.120790385,0.14104778
0.13195996,0.16135688
0.19829112,0.2278829
0.3055579,0.32662565
0.37628144,0.38682246
0.37913907,0.4037262
0.388203,0.40263316
0.42900917,0.41137877
0.41392317,0.39982665
0.38225085,0.38890094
0.39168578,0.38227457
0.37854677,0.35777232
0.35058686,0.33627367
0.33599973,0.32820898
0.34056327,0.3379863
0.36823514,0.34679955
0.37475714,0.3650995
0.35207412,0.36522037
0.2902856,0.32716182
0.26559293,0.2645493
0.21318614,0.21485077
0.16609539,0.1914533
0.15694015,0.16771689
0.14404327,0.1598093
0.14164853,0.16256078
0.15895447,0.17954195
0.22919844,0.2326373
0.31952456,0.34495354
0.37433913,0.39430976
0.38763365,0.40963146
0.3927639,0.40709618
0.39293092,0.4161711
0.39355972,0.41398668
0.38949248,0.40665442
0.37975693,0.404617
0.36121893,0.38545677
0.34645018,0.3712286
0.34372407,0.3679672
0.3506688,0.3675358
0.37751144,0.3790513
0.37702143,0.39122576
0.35435927,0.37949893
0.32157645,0.33849624
0.26838169,0.27747864
0.21768758,0.22238192
0.16972795,0.20220351
0.15825519,0.17967111
0.1559429,0.17080878
0.1421975,0.17184664
0.17167287,0.18854307
0.22838905,0.23868348
0.3287435,0.3470229
0.3807923,0.39834908
0.38836008,0.41362846
0.3894095,0.41071334
0.38197166,0.4226114
0.37093672,0.41269737
0.37300947,0.4082613
0.36390382,0.39999962
0.33496386,0.37857246
0.32013252,0.36024857
0.31181377,0.3529266
0.3192177,0.3544513
0.34675598,0.36023146
0.36467665,0.3696233
0.34394532,0.3685909
0.30458885,0.33633575
0.2503937,0.27825135
0.1882524,0.2226859
0.1539458,0.18549335
0.14479838,0.16396824
0.14513706,0.1562203
0.1482937,0.15836217
0.1751948,0.174366
0.24125722,0.2287188
0.34358788,0.33691925
0.398595,0.380624
0.40692836,0.39217767
0.39746886,0.3898909
0.3943874,0.3999724
0.38474265,0.38684392
0.36810154,0.3785914
0.3517709,0.37059343
0.328445,0.34722218
0.32204872,0.3303512
0.30699924,0.32408
0.3060286,0.3237987
0.34065145,0.32767266
0.35912633,0.3384161
0.34363848,0.33611098
0.29734042,0.3039066
0.24215741,0.24636824
0.1936347,0.1934104
0.15132405,0.17749609
0.13703594,0.15029618
0.123798296,0.14774527
0.12950206,0.14893077
0.13609296,0.16437516
0.20379764,0.2218363
0.28775048,0.33547664
0.34618717,0.37435326
0.36383858,0.38986322
0.37497526,0.38808838
0.36938894,0.39625472
0.36635596,0.39194793
0.34971225,0.38833827
0.3433332,0.38419777
0.31793973,0.3655161
0.287345,0.35157728
0.2912943,0.34515882
0.2873878,0.3427347
0.2921418,0.34946653
0.28809175,0.35899395
0.26846153,0.3480913
0.23465641,0.31472296
0.1912431,0.25376612
0.14094768,0.19740833
0.10636816,0.11576067
0.084169924,0.08538836
0.07532309,0.07893747
0.06294284,0.07179986
0.07485447,0.07717677
0.097309455,0.09747362
0.12841819,0.14395706
0.17188944,0.16731349
0.20766711,0.20471519
0.2268204,0.22194205
0.2588982,0.23117954
0.25444478,0.22810371
0.24446814,0.22506069
0.23667021,0.20780298
0.2349069,0.19736898
0.22270826,0.19378869
0.23992443,0.20251472
0.24057205,0.2106068
0.25747773,0.21719763
0.26260224,0.22369641
0.23921943,0.2279116
0.21488841,0.19832395
0.180264,0.15880382
0.14300846,0.117544405
0.10522584,0.12463899
0.09044772,0.10412317
0.080290005,0.09463701
0.0745231,0.094041035
0.085684836,0.10081664
0.09597875,0.12934464
0.1266768,0.17823702
0.16565287,0.22006449
0.20684104,0.2598574
0.23486567,0.27906278
0.24794519,0.29603976
0.25153756,0.3019877
0.24517001,0.30267784
0.23018472,0.29485047
0.2208557,0.28943777
0.22139789,0.28568542
0.24368224,0.2908279
0.23740602,0.30550784
0.27750614,0.31931493
0.29857978,0.32674628
0.27252722,0.3225956
0.27229187,0.28991982
0.23210041,0.2406788
0.20012385,0.19698858
0.18898089,0.18319222
0.17104457,0.16872352
0.15976906,0.15914753
0.18536817,0.16965652
0.20972684,0.18439704
0.2685278,0.24026601
0.37600175,0.33918235
0.43144774,0.4045943
0.45363557,0.42711076
0.44695958,0.4241514
0.42376724,0.43122414
0.4139289,0.42236376
0.39876932,0.4120529
0.37980494,0.40201497
0.34633592,0.3805153
0.32168707,0.35674894
0.30070788,0.34422112
0.31067148,0.35711935
0.33533332,0.36814636
0.3692256,0.38422728
0.37048113,0.3871117
0.32973444,0.35635826
0.2701502,0.29864642
0.21788901,0.24290895
0.2115152,0.21284634
0.1926839,0.19717419
0.19082144,0.18895969
0.19535524,0.19642365
0.20938504,0.218005
0.272474,0.28271422
0.38258222,0.40458572
0.442407,0.45518652
0.44271857,0.45662004
0.4363719,0.4381305
0.42979142,0.4377283
0.40107274,0.4100319
0.3952051,0.38599747
0.37813818,0.37205708
0.33929935,0.34480914
0.31326607,0.30957553
0.31597131,0.30091405
0.32897988,0.29907906
0.3515575,0.3086543
0.36904243,0.33272797
0.3535076,0.34343025
0.3204164,0.30833077
0.25373298,0.25012314
0.20141281,0.19738981
0.1633651,0.19161534
0.15786538,0.17382073
0.1384971,0.1662209
0.1539578,0.1678919
0.17190978,0.18757915
0.23507963,0.24698856
0.3223947,0.36081487
0.37778488,0.4075514
0.3867919,0.41375336
0.39615697,0.40980574
0.4098366,0.41818568
0.38526607,0.4019025
0.36595413,0.3903906
0.37468773,0.37775743
0.35790208,0.3537127
0.32055154,0.3316595
0.326212,0.32550824
0.31961954,0.3247031
0.3530077,0.32740363
0.36514947,0.33764493
0.33519712,0.34355918
0.305417,0.3066498
0.2496678,0.2477314
0.20078138,0.19474822
0.16720901,0.17887037
0.14341602,0.15714322
0.14275223,0.14858225
0.13571933,0.1479985
0.15358886,0.16345088
0.2201079,0.22023538
0.32211605,0.32859993
0.3733299,0.37023634
0.36542082,0.38411328
0.3839442,0.3867068
0.39240593,0.40052047
0.382935,0.38622457
0.36850023,0.38172078
0.3869438,0.37403196
0.3480481,0.35548076
0.33784342,0.33578432
0.3282785,0.3276795
0.32590777,0.3280806
0.32574964,0.32876566
0.3479557,0.334126
0.32622817,0.33792433
0.2824861,0.3034125
0.22997025,0.24729763
0.18148042,0.19056785
0.14504677,0.15612605
0.11953013,0.12736939
0.110190675,0.121497504
0.09910199,0.117690384
0.13127999,0.13337639
0.18061624,0.18491362
0.26180226,0.28567824
0.32457656,0.32169375
0.337272,0.34109753
0.3451148,0.3485566
0.36126745,0.36492407
0.35297638,0.36470574
0.34010926,0.36170015
0.3408174,0.36261898
0.31299,0.34808806
0.29801098,0.33756348
0.29190436,0.33148706
0.2748364,0.33233884
0.28740084,0.32506105
0.2776079,0.32846534
0.25616008,0.32099152
0.21791719,0.29382795
0.1689457,0.23563062
0.14621153,0.17895424
0.09303241,0.09807518
0.07073503,0.06556608
0.054081913,0.052618366
0.048556097,0.04170309
0.049958818,0.04051055
0.080264956,0.045238446
0.11496869,0.06852463
0.14155564,0.07689067
0.1773615,0.12448396
0.20989382,0.15540437
0.21376018,0.17552546
0.219346,0.18109755
0.21213567,0.18399052
0.20769581,0.17825016
0.19460273,0.1784783
0.19876966,0.1900264
0.20891902,0.20241281
0.19964793,0.2163037
0.22613834,0.2117936
0.20860174,0.21076226
0.1909326,0.21055679
0.16673674,0.18433975
0.12861127,0.14373635
0.09723379,0.09892741
0.06445306,0.07654871
0.040464893,0.042200577
0.03233977,0.03933656
0.027554452,0.028446877
0.02479598,0.030244414
0.04525595,0.021065578
0.074790284,0.02698391
0.11243408,0.052486602
0.16090512,0.11301382
0.18758444,0.15111235
0.21052787,0.16844413
0.22248125,0.17215505
0.2325586,0.16611055
0.22369193,0.16448887
0.21775386,0.17486286
0.21708277,0.18293263
0.23514485,0.19842413
0.24711023,0.21474916
0.27338773,0.22508788
0.26372004,0.2342043
0.24944863,0.2505437
0.20971954,0.21617353
0.17522871,0.18123743
0.13683867,0.15227191
0.11904064,0.13164073
0.10091384,0.11003694
0.096734904,0.10555317
0.10203006,0.107237756
0.112951234,0.12147408
0.17608507,0.1709994
0.28008562,0.24404247
0.3427957,0.29879358
0.3720858,0.33305967
0.38386333,0.3494389
0.39751688,0.36809397
0.39496976,0.3756346
0.4009501,0.3820455
0.395561,0.37904757
0.3729975,0.37107566
0.35685578,0.36369523
0.36742157,0.35916907
0.376366,0.3766431
0.3965071,0.39151332
0.3894742,0.402453
0.3745343,0.38751402
0.33132765,0.34508997
0.28502852,0.2839248
0.23773059,0.23396422
0.20213869,0.21234637
0.1914654,0.18773493
0.1799989,0.1770492
0.18475343,0.17929609
0.2059993,0.19176032
0.2688842,0.23062901
0.37839857,0.31844443
0.44669503,0.38494235
0.4596352,0.41209868
0.45478883,0.41406217
0.44209495,0.4222261
0.44585747,0.42210025
0.4330206,0.4144802
0.42083448,0.4131475
0.40172347,0.39753866
0.3779362,0.38243335
0.3838722,0.3804648
0.38031635,0.38827756
0.38856778,0.4134874
0.405522,0.41944468
0.39158976,0.40863693
0.35500324,0.3717898
0.32035378,0.31354976
0.2766362,0.26446635
0.25415567,0.24944876
0.22967122,0.22944608
0.21514724,0.22038764
0.21622172,0.22016412
0.24668024,0.22984536
0.30795994,0.2610099
0.41842303,0.34067273
0.47676685,0.40864095
0.49376753,0.43677524
0.50766426,0.43878558
0.49353948,0.4380844
0.47805476,0.43376648
0.47192883,0.42084312
0.47739568,0.40920484
0.4511688,0.39029053
0.43760136,0.36889094
0.4481468,0.3628834
0.45986325,0.3729462
0.49202037,0.3949297
0.49894056,0.4029371
0.4801265,0.41239205
0.44940495,0.39303413
0.37335494,0.34604794
0.3425395,0.30128628
0.31824553,0.31484252
0.30111074,0.28489998
0.29548892,0.27485558
0.29738426,0.27145752
0.32315713,0.27698126
0.39484242,0.3051063
0.48173586,0.37904048
0.54618007,0.46474808
0.5490554,0.5007089
0.5338061,0.49760297
0.5249503,0.49712545
0.5195388,0.48208392
0.4839057,0.46388614
0.45948073,0.44840622
0.42094198,0.4327264
0.40058637,0.40707636
0.39848492,0.40301192
0.4142154,0.41547304
0.4469429,0.4476657
0.47062266,0.4546343
0.44858828,0.44979265
0.4224616,0.42297545
0.3764359,0.37666488
0.32566145,0.32435107
0.29680604,0.3083934
0.27957943,0.2824392
0.27681,0.2730312
0.27642906,0.2718082
0.29592988,0.27789935
0.3533135,0.31193238
0.47776356,0.39858896
0.5022543,0.47922423
0.49600154,0.50793236
0.51576847,0.501331
0.48383263,0.49651888
0.44575256,0.4765936
0.4083055,0.44924456
0.38409972,0.43252254
0.34630147,0.4092874
0.31629747,0.37835768
0.3199942,0.36999935
0.32656476,0.37711015
0.3610107,0.40424168
0.36826748,0.4159478
0.34502503,0.4255437
0.31021276,0.40507397
0.26930326,0.36124018
0.21796572,0.30818465
0.19441539,0.20818055
0.17405404,0.18665266
0.16017976,0.18266149
0.16171347,0.18839021
0.16792655,0.20098476
0.18548872,0.24731614
0.21734838,0.3401023
0.26090938,0.39015275
0.28952527,0.3998089
0.31791675,0.38921717
0.32451704,0.38377476
0.31218168,0.36550474
0.28817892,0.3472667
0.27127895,0.33285758
0.2529742,0.3031365
0.23174086,0.2788844
0.24417435,0.28014314
0.26204023,0.2802912
0.29048494,0.28845486
0.28344524,0.3052048
0.26975936,0.3165435
0.24545182,0.29514652
0.20599408,0.24285512
0.17148083,0.19882552
0.14022546,0.1626826
0.122621015,0.14908865
0.11458095,0.1373483
0.12414637,0.14494704
0.110630065,0.15322116
0.119378276,0.18890099
0.13801439,0.24922495
0.18404007,0.29382658
0.21439369,0.3169787
0.27684653,0.32035697
0.27479827,0.32962787
0.25354823,0.30745637
0.24355282,0.29122907
0.23800561,0.2746137
0.21615753,0.25407124
0.22577044,0.23118305
0.20648305,0.23288266
0.25320852,0.249073
0.29564703,0.26419604
0.29887673,0.28169805
0.29476094,0.28690743
0.27952775,0.256602
0.24298923,0.20820637
0.2210707,0.16939303
0.18640298,0.19484718
0.16391774,0.18112805
0.1607136,0.17269224
0.15393953,0.18351048
0.19298501,0.19707912
0.19952895,0.25590253
0.26913628,0.3600582
0.37718424,0.430367
0.42795298,0.45334706
0.42192408,0.4516535
0.42180458,0.45778272
0.40830812,0.4438581
0.39154124,0.43377286
0.39250562,0.42571902
0.38863823,0.40338805
0.34538248,0.37895864
0.338192,0.36378783
0.35623217,0.37471518
0.39765674,0.39554232
0.4042346,0.4077657
0.377441,0.40623623
0.3548926,0.37280414
0.3086608,0.3159143
0.25973314,0.2566731
0.21858777,0.23286845
0.19328873,0.20722869
0.15775318,0.19699217
0.15736023,0.19810176
0.1610001,0.21010783
0.17714597,0.25870168
0.23384494,0.36731428
0.32884732,0.42346123
0.3742948,0.4421885
0.36602408,0.44289246
0.3754345,0.45552075
0.37616038,0.459018
0.36504978,0.45145068
0.37018996,0.45274776
0.35485867,0.43709734
0.34389418,0.41873866
0.32782763,0.41432506
0.33522478,0.41485044
0.3899251,0.430154
0.38936985,0.44277924
0.36201108,0.4240242
0.3439062,0.39000374
0.31186232,0.32460797
0.2636449,0.2668487
0.2208223,0.22905305
0.19141477,0.20868668
0.18549602,0.19499838
0.1759306,0.19516239
0.18255334,0.20289876
0.22473927,0.23730132
0.28266978,0.31594366
0.37633154,0.38449106
0.4365702,0.41918132
0.44044697,0.4279732
0.43057835,0.43812847
0.42889333,0.44013637
0.41050142,0.43567654
0.40196404,0.43263727
0.39538044,0.4166248
0.37677982,0.3994317
0.36065063,0.39200395
0.3629676,0.39939275
0.41003072,0.41853717
0.41513696,0.4257918
0.39818746,0.42547682
0.3673934,0.40209433
0.34164557,0.34974772
0.29309103,0.29931664
0.23816268,0.24919768
0.23698199,0.22305468
0.23580128,0.20885889
0.23462057,0.20170544
0.23343986,0.21121964
0.23225915,0.24445717
0.23107846,0.3275041
0.22989775,0.38604367
0.22871704,0.40782306
0.22753634,0.41512007
0.22635563,0.4299449
0.22517493,0.42708635
0.22399423,0.42104617
0.22281352,0.41405594
0.22163281,0.39238653
0.2204521,0.37980443
0.2192714,0.3743003
0.2180907,0.38212815
0.21690999,0.38810176
0.21572928,0.38883692
0.21454859,0.38553232
0.21336788,0.36182913
0.21218717,0.3088471
0.21100646,0.25250885
0.20982575,0.17776397
0.20864506,0.16390482
0.189461,0.15941072
0.1902542,0.16068816
0.17743298,0.17157295
0.21493903,0.20540172
0.2571855,0.26545268
0.34397402,0.32714167
0.39438894,0.37228617
0.41180187,0.38732758
0.4122997,0.39722228
0.42157236,0.39846748
0.4179398,0.3897072
0.39721787,0.38076633
0.371051,0.3669922
0.34040463,0.35286096
0.31692004,0.3453092
0.33145708,0.35906833
0.37710282,0.37451062
0.3760461,0.37720847
0.3525062,0.40320566
0.32792,0.38029188
0.29576862,0.33943212
0.25119054,0.29693276
0.21515767,0.23157932
0.17920518,0.21093109
0.16492906,0.20000985
0.14800094,0.20331919
0.14917144,0.21108802
0.15962712,0.24482773
0.18760166,0.3243451
0.21728837,0.37797835
0.25938925,0.39607647
0.28823736,0.3936968
0.288981,0.39388025
0.2777775,0.38247514
0.26988667,0.36298856
0.2662948,0.3570323
0.25392032,0.33300528
0.2482249,0.31205708
0.24776307,0.3136629
0.27798623,0.32562998
0.309765,0.34953862
0.3148029,0.3616987
0.3006411,0.3650219
0.2894282,0.33892816
0.2667269,0.28673646
0.2353416,0.24219064
0.20529115,0.22398236
0.17936277,0.21275184
0.16920403,0.2024377
0.19757986,0.21247515
0.19492732,0.21927138
0.21336775,0.25150272
0.23634666,0.32829618
0.2536735,0.40329444
0.28709137,0.44200662
0.33242562,0.45067212
0.33168513,0.45457014
0.33078387,0.44666547
0.31827682,0.4336595
0.30057952,0.42432672
0.28458443,0.413529
0.26727328,0.38740122
0.2682914,0.37663174
0.3065823,0.4004956
0.37498936,0.4358644
0.39141026,0.44305813
0.3862461,0.44697127
0.37418625,0.42724591
0.35579488,0.38120806
0.32519546,0.33201954
0.30804136,0.31296223
0.28976062,0.303566
0.28433344,0.29429758
0.27739343,0.29928213
0.2943257,0.30515987
0.3124708,0.32904825
0.383604,0.40174505
0.5115431,0.48665082
0.53057116,0.52302116
0.5205622,0.5221336
0.5406657,0.5116355
0.51658934,0.49077284
0.4915883,0.45590997
0.48306918,0.44176853
0.4644179,0.41817468
0.42571843,0.3957188
0.39893526,0.385539
0.41977984,0.3962399
0.47692758,0.43571037
0.4816988,0.45421666
0.47236612,0.46096048
0.43914184,0.44237322
0.40870002,0.39824086
0.36499968,0.34462845
0.31243372,0.31941894
0.2932121,0.28971735
0.26606208,0.2762235
0.2635614,0.27228856
0.2603583,0.27920282
0.2952734,0.31589246
0.35274103,0.3979493
0.45113906,0.4886837
0.4923794,0.5227152
0.4889394,0.5239404
0.48389786,0.5272476
0.48336506,0.5243453
0.458914,0.50451696
0.45564413,0.49673724
0.43418744,0.48360935
0.39785817,0.45868385
0.3741085,0.4482335
0.39660105,0.45905247
0.45240816,0.49068627
0.46269217,0.49503398
0.46893397,0.48977742
0.46123102,0.46343145
0.4259282,0.41798705
0.38362014,0.35768285
0.33385128,0.33041403
0.32376352,0.30475625
0.30773765,0.28723803
0.29979047,0.2802312
0.31450492,0.28068638
0.33653983,0.29942352
0.4053143,0.37053406
0.5070892,0.45410082
0.55831087,0.49475506
0.5362107,0.4975432
0.5112519,0.5006552
0.5040505,0.48852015
0.458018,0.4680184
0.43423754,0.4555797
0.44284642,0.43391567
0.4231212,0.4119315
0.3900879,0.39363205
0.39380917,0.40354478
0.44869787,0.43099666
0.45675516,0.43600416
0.44477567,0.44127858
0.4364778,0.4289178
0.3972925,0.38795924
0.34687394,0.33075792
0.29060602,0.3055893
0.28725472,0.28162464
0.2581958,0.26418164
0.25763795,0.26189157
0.26529706,0.2652287
0.27812713,0.29543242
0.35832113,0.37799013
0.46148515,0.44863397
0.5098221,0.47548524
0.5092731,0.47115844
0.48163253,0.4775109
0.45697796,0.4560526
0.4458298,0.44102007
0.42497897,0.42655307
0.41206017,0.40417257
0.37899974,0.37497398
0.36509153,0.35994244
0.36742157,0.3693497
0.43119153,0.3832172
0.4332403,0.39013958
0.42957434,0.4050135
0.4140766,0.38677207
0.3855943,0.34162906
0.34384513,0.2857679
0.29167527,0.29368082
0.26055923,0.2690635
0.24684879,0.24960673
0.24290782,0.24717677
0.24358569,0.2551027
0.27022275,0.2897173
0.32964367,0.37750572
0.41602463,0.44507116
0.46406046,0.4689283
0.46271828,0.47310162
0.45832747,0.48826906
0.4452187,0.47361672
0.4257659,0.4603955
0.42392328,0.45426786
0.40724668,0.43495533
0.39487374,0.4097616
0.38255665,0.3977527
0.3892112,0.40209818
0.41548818,0.41546434
0.3925385,0.4206257
0.3593288,0.4194131
0.33767486,0.3961159
0.29429805,0.34533334
0.2403847,0.28510112
0.20172435,0.21262448
0.16471668,0.18469976
0.14169444,0.16976675
0.14196685,0.16115563
0.13910662,0.16617078
0.15330915,0.18701728
0.18451285,0.2316177
0.23212546,0.29319248
0.2629717,0.33792624
0.29809135,0.36028153
0.31329998,0.38065198
0.30896765,0.3929701
0.2902193,0.39440292
0.28230867,0.3916132
0.26537585,0.38038322
0.25524685,0.37510857
0.26260015,0.37384838
0.29335925,0.38504586
0.33961925,0.3955229
0.34724495,0.3924333
0.34792545,0.39324656
0.329962,0.36536932
0.309024,0.31978977
0.27676198,0.2745976
0.24405432,0.2316208
0.21858306,0.21493584
0.20500883,0.20093095
0.19448845,0.20669216
0.19776198,0.20458613
0.20017186,0.22696699
0.21884713,0.2899026
0.25985736,0.3668331
0.300532,0.4031182
0.3227861,0.41385207
0.32196626,0.42220548
0.30883875,0.41328055
0.30310002,0.39827028
0.2901635,0.394673
0.28079012,0.37728366
0.2689776,0.3576672
0.271674,0.35270286
0.30782324,0.37252268
0.37082765,0.4113117
0.38546437,0.4189598
0.38506046,0.41069165
0.3437152,0.3934283
0.33756003,0.34717047
0.30198848,0.29844815
0.2732056,0.27812484
0.26630318,0.2619083
0.2638766,0.25049496
0.262095,0.2588147
0.27144647,0.25913554
0.2977584,0.2855262
0.36487392,0.3691042
0.48070365,0.45536888
0.52850306,0.498196
0.520141,0.50297225
0.5046819,0.50209427
0.4981797,0.49458653
0.46953827,0.47995234
0.46142304,0.47450107
0.45410886,0.45933664
0.43362334,0.43710274
0.42231235,0.42872202
0.45694146,0.44553658
0.50592023,0.48867047
0.50307304,0.49790984
0.46792367,0.49115252
0.48118845,0.46831852
0.43066448,0.42343527
0.37787098,0.36395854
0.3213834,0.34166166
0.32231277,0.30674824
0.29204005,0.29416126
0.2909974,0.28717586
0.26128614,0.2934842
0.32635394,0.32525015
0.36189523,0.40469342
0.46314827,0.484938
0.5189293,0.52158225
0.52525353,0.5251482
0.5266599,0.5301795
0.5357656,0.5241563
0.5414949,0.5100292
0.5364205,0.5012971
0.53375703,0.48380837
0.5120942,0.46141517
0.51436627,0.4630528
0.5141743,0.47038057
0.52347875,0.4951416
0.5212176,0.49444616
0.4998298,0.48413575
0.47004864,0.45017314
0.415985,0.40408865
0.35608813,0.34104675
0.2924617,0.31096876
0.24609578,0.27331972
0.21835501,0.25288382
0.20180732,0.23973733
0.19253778,0.23575304
0.20615168,0.25173563
0.24237919,0.30967298
0.33546588,0.38375488
0.3973713,0.4364096
0.42373332,0.4554383
0.42689833,0.47748592
0.4412689,0.49032736
0.43399698,0.49316058
0.41477013,0.48950064
0.42546898,0.47614932
0.40883154,0.46304268
0.39756802,0.4569896
0.40034947,0.46742272
0.4231885,0.48711276
0.402739,0.4825511
0.38509175,0.47163826
0.35427526,0.45113248
0.31845686,0.40107805
0.2696675,0.3423618
0.2161591,0.23253094
0.17628023,0.19700968
0.15006015,0.17819832
0.14248452,0.16365947
0.1395314,0.16073516
0.14690089,0.15697454
0.16596128,0.17743213
0.19076769,0.22669896
0.2370929,0.27940556
0.28647614,0.31609002
0.31808898,0.34122726
0.34684053,0.35683483
0.3371436,0.36533567
0.29624924,0.366665
0.23725155,0.3561085
0.20505685,0.3578449
0.18623495,0.36167663
0.19858024,0.3855923
0.22980952,0.40758204
0.23554355,0.401088
0.23430312,0.38957438
0.22990553,0.3687401
0.21488997,0.3253519
0.18973392,0.28361964
0.1485661,0.14808418
0.121404596,0.13007101
0.10686913,0.12517026
0.103190646,0.1335589
0.10578526,0.1429851
0.117525205,0.17710736
0.15320791,0.22739176
0.19668959,0.26881847
0.24325955,0.30037093
0.27681312,0.3183369
0.29862362,0.33099493
0.3109616,0.31907535
0.30858147,0.3087247
0.2938639,0.29366547
0.28817838,0.27623063
0.2773188,0.25606418
0.2925603,0.25906548
0.31078887,0.28642493
0.3733038,0.3130231
0.3744649,0.33555043
0.36506283,0.3506911
0.35004675,0.32073244
0.32535356,0.2780398
0.29150358,0.2462439
0.25218987,0.29297894
0.21488371,0.2821289
0.2066777,0.27608615
0.2010063,0.28467858
0.20195031,0.2880624
0.22422838,0.3161324
0.25661772,0.39017454
0.27467096,0.46533304
0.30620655,0.5105789
0.33346146,0.5153029
0.33760232,0.5143939
0.32745242,0.50357234
0.31099188,0.48347914
0.29423386,0.4715004
0.26784366,0.4561553
0.26350242,0.4333915
0.26316324,0.42141354
0.3117929,0.44488737
0.37039503,0.49280477
0.38631496,0.50433373
0.384214,0.50085413
0.36344877,0.48280644
0.33954826,0.44285485
0.28587967,0.38853458
0.2515021,0.29438183
0.22700408,0.28322348
0.20433201,0.26566446
0.2035388,0.26538345
0.20220914,0.2678581
0.2104235,0.284284
0.23400828,0.33658323
0.26712352,0.39963454
0.29630926,0.43306473
0.31621867,0.4579848
0.3215055,0.47015098
0.3022489,0.46291214
0.305082,0.44123015
0.30703002,0.43808717
0.29222947,0.41891626
0.2955865,0.40373456
0.29811484,0.40336746
0.3443362,0.42118114
0.3875695,0.45473766
0.39217216,0.46403456
0.3639988,0.4553323
0.3400169,0.43105257
0.30260843,0.38433987
0.26248902,0.33959725
0.21019024,0.2714898
0.21490462,0.2597351
0.219619,0.24542537
0.2243334,0.25377244
0.22904779,0.2514965
0.23376217,0.2731088
0.23847656,0.35170153
0.24319096,0.42343634
0.24790534,0.47366107
0.25261974,0.4928166
0.2573341,0.5046334
0.2620485,0.51484525
0.26676288,0.5032388
0.27147728,0.50509953
0.27619168,0.4974189
0.28090605,0.48434073
0.28562045,0.47275907
0.29033485,0.4963734
0.29504922,0.53873163
0.29976362,0.5402167
0.304478,0.53227556
0.3091924,0.51135504
0.3139068,0.4652709
0.31862116,0.41057307
0.32333556,0.29974866
0.32804993,0.294303
0.30865297,0.2819049
0.3021414,0.27991036
0.32275894,0.28229898
0.33656907,0.29853028
0.4141695,0.3397166
0.5033543,0.36773545
0.5539065,0.4128918
0.57635576,0.44686854
0.58329105,0.4731017
0.5978244,0.478782
0.6054491,0.4675153
0.6019971,0.46427858
0.6038178,0.46143714
0.5899237,0.43918806
0.58392036,0.42728227
0.59805924,0.45586964
0.6553145,0.4823631
0.6367718,0.48933083
0.6363303,0.50360745
0.61462575,0.49601457
0.58803046,0.4691826
0.50787246,0.4267425
0.47053915,0.46915558
0.41768774,0.43504354
0.4029785,0.4195024
0.39232504,0.41081995
0.39484975,0.4107796
0.4220655,0.42708904
0.48652378,0.486825
0.5810414,0.5725226
0.64476854,0.62724733
0.64517874,0.63603044
0.64781296,0.6342883
0.6404847,0.6253864
0.61932236,0.60518456
0.6273238,0.58719397
0.6076487,0.5720204
0.5809036,0.54503155
0.56417483,0.5364161
0.57840085,0.5583379
0.6259362,0.590256
0.62279,0.59356403
0.61262864,0.5801767
0.5809965,0.5627996
0.5311405,0.5265107
0.45603552,0.46335757
