true,forecasted
0.109851845,0.10722169
0.072878845,0.08350484
0.0547596,0.07013952
0.049018193,0.053150095
0.052288033,0.06434512
0.06704188,0.08619619
0.11562111,0.1227659
0.16882741,0.165839
0.20990135,0.18911701
0.21880029,0.19949183
0.23772925,0.23832308
0.2541345,0.22816285
0.26948,0.24088368
0.2816397,0.24979028
0.2896055,0.2484434
0.29069522,0.2538395
0.293815,0.25617194
0.29927674,0.2712844
0.28478408,0.26494527
0.26166135,0.25021553
0.24675025,0.22375254
0.22780812,0.21653016
0.17717782,0.162934
0.12900251,0.13811329
0.079648264,0.106769264
0.05686827,0.08158246
0.0455981,0.067080334
0.03543167,0.060046352
0.041658875,0.06971835
0.062636346,0.093104646
0.11580538,0.13528316
0.15957037,0.1828488
0.18166114,0.21368504
0.20627408,0.22775671
0.22555244,0.24942854
0.24746664,0.2520095
0.25830093,0.26883417
0.2674332,0.2724305
0.2771545,0.28053275
0.29661748,0.286114
0.30261716,0.28689378
0.30382603,0.29352412
0.2789806,0.2922604
0.25557467,0.2718684
0.24510618,0.24650288
0.23386335,0.22254996
0.1830488,0.1708799
0.14285912,0.12690592
0.103294045,0.09480193
0.07531178,0.06941861
0.054903015,0.05339957
0.045997065,0.044442162
0.050533544,0.04830536
0.06563303,0.06632627
0.11226341,0.10363114
0.16249782,0.15564333
0.19090863,0.19139901
0.21495901,0.21197401
0.23855454,0.2474347
0.25285798,0.25590003
0.2691612,0.2799658
0.27671623,0.28724226
0.28444374,0.2891438
0.30137447,0.29679015
0.2940413,0.30033523
0.295283,0.30930206
0.2726276,0.31102863
0.24368057,0.29411155
0.2228002,0.27525234
0.201373,0.25337937
0.1581885,0.20681418
0.11842036,0.16708188
0.08228444,0.07462476
0.054141153,0.04715211
0.03379598,0.033058256
0.026213758,0.021431865
0.023823386,0.021867432
0.026155982,0.037475005
0.04035822,0.057892557
0.07557143,0.084000565
0.1143261,0.118169025
0.15026835,0.14601304
0.17915334,0.17909451
0.20004636,0.19796927
0.22395658,0.2186791
0.24088764,0.23555097
0.2636673,0.24291155
0.28195697,0.24497245
0.30420464,0.25198653
0.3147651,0.24812049
0.30662408,0.24013394
0.28570578,0.21812013
0.2684212,0.20910466
0.2541313,0.18770163
0.21422364,0.14137957
0.16886382,0.10081495
0.12579557,0.12278177
0.09788015,0.089601845
0.07524255,0.072849005
0.05879455,0.051216327
0.058592334,0.054731496
0.053436894,0.06018483
0.059328727,0.088145986
0.0926948,0.12600124
0.14396662,0.1661244
0.2019034,0.20140763
0.25537655,0.25041384
0.30615145,0.27063578
0.34896004,0.30002305
0.3896451,0.33814773
0.42313987,0.35736552
0.4463024,0.37109327
0.4605975,0.38101572
0.4584965,0.38821086
0.4472631,0.3854973
0.4220965,0.35193753
0.39955136,0.32719773
0.3832191,0.3046841
0.3351537,0.2590657
0.27557233,0.20454141
0.2303484,0.21644953
0.192432,0.17984812
0.17335124,0.15063839
0.15570857,0.12964232
0.159569,0.12621643
0.18513012,0.14357018
0.23112753,0.18413709
0.29335687,0.24834162
0.3165201,0.3086433
0.3373292,0.34763932
0.377591,0.40033105
0.4221999,0.43969452
0.44850373,0.48652944
0.45837855,0.5247128
0.46749082,0.54562426
0.42943272,0.5661584
0.4216951,0.5836045
0.4033186,0.5984732
0.3791202,0.6080315
0.3562939,0.5568695
0.34521893,0.50520027
0.32047778,0.47527158
0.26834667,0.42527345
0.20601527,0.34838775
0.15105073,0.158675
0.11220905,0.12701601
0.090663396,0.10671459
0.071973056,0.095834166
0.077306435,0.09826786
0.098741844,0.12039352
0.14621443,0.16558388
0.2025516,0.21001776
0.24476004,0.24501729
0.26058513,0.26104242
0.2823397,0.29035738
0.30163208,0.3014915
0.31798178,0.3226671
0.3232832,0.33680582
0.35183775,0.34039977
0.3554476,0.34114912
0.37636745,0.3470689
0.39347115,0.34784266
0.37351862,0.346741
0.3357407,0.31870157
0.3120344,0.28897038
0.279423,0.2617887
0.23603648,0.2174732
0.17732705,0.16907996
0.12455971,0.14803955
0.10317576,0.117021754
0.08039286,0.09477821
0.0740342,0.08019409
0.07927955,0.08255823
0.10176109,0.096942306
0.15010647,0.13924104
0.21478003,0.18148403
0.25146365,0.21795398
0.2806633,0.24765515
0.3040163,0.29946426
0.30622736,0.31824142
0.3022541,0.35167187
0.29003558,0.37355983
0.29691404,0.38292912
0.29356387,0.39210582
0.31254616,0.40493095
0.327018,0.407055
0.31590918,0.39976338
0.28514543,0.36178583
0.26443428,0.33668357
0.24838218,0.30793986
0.19847307,0.25107163
0.15018733,0.20142886
0.10443607,0.1150605
0.07561194,0.08760798
0.05328442,0.07367982
0.048499916,0.057691418
0.055497874,0.07116855
0.079770654,0.097771175
0.12877022,0.15273319
0.17731747,0.20356245
0.21256487,0.23226738
0.23187247,0.25716698
0.25297096,0.2860031
0.27691025,0.30785978
0.30222318,0.32847026
0.31756812,0.35132664
0.34628898,0.35963908
0.34945574,0.36420393
0.37519857,0.3735603
0.37902516,0.37427175
0.35836598,0.35966343
0.3263209,0.33059806
0.30695093,0.31017286
0.28447127,0.28290337
0.24096799,0.22541691
0.18738887,0.16634686
0.1855984,0.14149475
0.18380792,0.109237
0.18201746,0.09251939
0.180227,0.07581953
0.17843652,0.08363149
0.17664605,0.09980553
0.17485557,0.13881078
0.17306511,0.18963557
0.17127463,0.21937644
0.16948417,0.25353086
0.1676937,0.3087782
0.16590323,0.3346284
0.16411276,0.36191043
0.16232228,0.38489708
0.16053182,0.39453667
0.15874135,0.40203044
0.15695088,0.41545558
0.15516041,0.4283331
0.15336993,0.41203234
0.15157947,0.37975353
0.149789,0.3479157
0.14799853,0.31523964
0.14620806,0.26298785
0.14441758,0.21050423
0.14262712,0.094888605
0.14083664,0.06685133
0.13904618,0.050257836
0.13725571,0.03203959
0.13546523,0.03451169
0.13367477,0.04252152
0.13188429,0.05737379
0.13009383,0.086823896
0.12830336,0.11445501
0.12651289,0.1358526
0.12472242,0.16038753
0.12293195,0.16214164
0.12114148,0.18057434
0.11935101,0.19443604
0.117560536,0.1958115
0.115770064,0.2079406
0.1139796,0.20936702
0.11218913,0.21490833
0.11039866,0.21171221
0.108608186,0.19538422
0.106817715,0.17063811
0.10502724,0.16045432
0.10323678,0.12176794
0.10144631,0.08598426
0.09965584,0.05977637
0.071982965,0.03419654
0.048368122,0.01805598
0.038157247,0.0043310765
0.032433618,0.00801834
0.038301345,0.023463748
0.038328696,0.036117826
0.068336725,0.07002802
0.10976073,0.099480286
0.15215549,0.1238132
0.18614103,0.1521794
0.21342827,0.169773
0.24059346,0.19354352
0.26679644,0.20316008
0.29377702,0.20097838
0.326585,0.21467327
0.34033528,0.21789198
0.36293954,0.22555326
0.34206685,0.21485569
0.32190734,0.20609792
0.31002536,0.18419367
0.2952599,0.15678078
0.26424146,0.11538726
0.21224266,0.0792515
0.16590133,0.15171531
0.12772751,0.11819978
0.10674491,0.10289474
0.09156594,0.09341651
0.09133945,0.10709192
0.116117515,0.12731063
0.14519684,0.18011735
0.20173162,0.2502453
0.2511493,0.2970722
0.30004168,0.34411538
0.35144237,0.39698252
0.39018473,0.43389153
0.4294869,0.47934744
0.46380392,0.5109682
0.49058175,0.537994
0.520038,0.57011664
0.5330545,0.5840345
0.5355371,0.59149563
0.5092118,0.57698905
0.45491335,0.5389545
0.41354695,0.4953607
0.37952754,0.45019466
0.32665405,0.39181727
0.2598901,0.31764618
0.2001385,0.18783146
0.16889493,0.15788344
0.14919658,0.13524589
0.13285576,0.12222717
0.13553159,0.12603477
0.16154759,0.14894366
0.19408889,0.19790788
0.24897361,0.24697363
0.2710068,0.28424963
0.2953801,0.31029588
0.32297978,0.34923896
0.34800348,0.36573154
0.36341423,0.39581513
0.3883094,0.41606057
0.41464812,0.4285559
0.4422075,0.43466178
0.4431182,0.4411837
0.4442276,0.4457872
0.41137418,0.4417577
0.38313943,0.41020328
0.3547512,0.36948472
0.33597332,0.33851847
0.27607164,0.28644985
0.21513712,0.23333263
0.16877614,0.17206351
0.13158348,0.14498335
0.10337951,0.12037985
0.09433237,0.10820904
0.09877996,0.10977402
0.119147524,0.13095298
0.14739287,0.17086257
0.19814213,0.21845299
0.22798076,0.25260755
0.25101647,0.2722015
0.25878808,0.30390644
0.27110183,0.30960822
0.27432758,0.3361137
0.28096622,0.33836338
0.28050485,0.34610882
0.27711195,0.34467134
0.27475986,0.35037547
0.2571348,0.36518186
0.24725826,0.36821952
0.23000431,0.34016132
0.22244704,0.30057475
0.20331073,0.27489364
0.17010021,0.22654243
0.11944632,0.19149707
0.09084801,0.10731346
0.06941841,0.082310624
0.05556813,0.067376375
0.04935203,0.058084033
0.056538876,0.060251072
0.08100413,0.077297725
0.120184086,0.11016907
0.1679218,0.14919144
0.19300772,0.17941046
0.21543986,0.19906501
0.23085214,0.22464116
0.2335837,0.23355599
0.24277188,0.24610361
0.23866855,0.24668567
0.24694067,0.24901481
0.2338102,0.25086936
0.24700254,0.24714465
0.2434758,0.25000972
0.23641065,0.24822767
0.22331044,0.23080139
0.22106895,0.20767888
0.21753211,0.17982422
0.17536642,0.1429767
0.1354328,0.109580845
0.10015343,0.088922076
0.07353251,0.06397956
0.061043046,0.047181338
0.053725094,0.031617038
0.060933135,0.023197416
0.08481686,0.030579347
0.12427031,0.039091833
0.18192302,0.055220157
0.21482004,0.096553296
0.23987246,0.13447502
0.25712743,0.16146134
0.27050543,0.18978721
0.27669656,0.20527023
0.28120568,0.21793263
0.28814897,0.22681941
0.28017855,0.23451297
0.28311864,0.22450802
0.28600678,0.23172519
0.2783697,0.24727711
0.2606477,0.21967362
0.2581628,0.19924642
0.24561507,0.17125696
0.21481952,0.13190395
0.17906667,0.10008641
0.14841096,0.1132174
0.11844139,0.082447946
0.10420941,0.06391111
0.09155414,0.04161445
0.09337615,0.035995517
0.099322684,0.032952342
0.11389773,0.03871373
0.14824498,0.05196449
0.18901686,0.090904795
0.24158096,0.12604702
0.27617452,0.17041194
0.31095612,0.19111528
0.3231285,0.21118677
0.32066923,0.23809394
0.33607197,0.24115445
0.3716819,0.25513732
0.38865247,0.25590444
0.40146706,0.2645637
0.40127268,0.2637828
0.37918857,0.2426687
0.35949415,0.21215276
0.34659463,0.19807453
0.3028334,0.15997861
0.25681975,0.12393707
0.20932887,0.19075161
0.1765057,0.15748534
0.14499018,0.13118994
0.13156776,0.11026796
0.11902855,0.10667518
0.114227295,0.11005399
0.12508363,0.1329694
0.17332424,0.1749746
0.2378137,0.22527498
0.30510172,0.270098
0.3700151,0.32118145
0.41913944,0.35248607
0.4519621,0.3873809
0.48032933,0.41450024
0.4818464,0.4391084
0.4734307,0.4541007
0.43587378,0.46890992
0.39563435,0.47796875
0.37776467,0.46743688
0.36501506,0.433703
0.3479375,0.39137194
0.33812797,0.36165577
0.30549282,0.3180673
0.25057802,0.2640234
0.21506293,0.17970382
0.17813148,0.15199922
0.15766408,0.123962834
0.14550367,0.10328003
0.15244164,0.101648875
0.17315535,0.1225574
0.21925634,0.15664601
0.28778163,0.20141986
0.3338934,0.24590468
0.3671034,0.28939655
0.40775374,0.33272162
0.46507585,0.3595271
0.5244759,0.40197697
0.57303643,0.4269238
0.59317875,0.4402391
0.6113007,0.45657936
0.6025453,0.46155858
0.6025335,0.4658358
0.5784702,0.4600275
0.5272426,0.42403024
0.47390231,0.38712263
0.43134773,0.36489174
0.3596328,0.3091391
0.27017912,0.26006344
0.22616525,0.25575328
0.1826748,0.21288024
0.16782744,0.18522903
0.15521406,0.17018498
0.15212215,0.16974755
0.18679264,0.1792503
0.22405623,0.21241406
0.27513027,0.26962513
0.3173324,0.3168224
0.33688065,0.36287472
0.35254097,0.41491237
0.3767413,0.45079732
0.40935507,0.49509123
0.4459067,0.51936865
0.47724974,0.5449401
0.49546507,0.56525415
0.45185974,0.57101965
0.41681302,0.5734259
0.3956617,0.5648515
0.3656118,0.5237601
0.34944242,0.46632737
0.32606605,0.42282414
0.2831185,0.3780744
0.23048823,0.31373057
0.17825404,0.18713105
0.15058339,0.15080933
0.1323715,0.13209108
0.11742039,0.11522498
0.12361033,0.11162661
0.14867146,0.12340878
0.1996638,0.16078897
0.25738162,0.20121051
0.30567762,0.23937637
0.34413537,0.27013683
0.36721757,0.30912402
0.39839533,0.32905018
0.42360792,0.35365033
0.44232234,0.37168297
0.47017607,0.38318515
0.47113296,0.3874686
0.47030598,0.3916229
0.47631797,0.38973922
0.4640916,0.3792291
0.43333042,0.34126276
0.3959964,0.3099795
0.37296256,0.2815675
0.3130019,0.23916237
0.26079592,0.18792807
0.20331004,0.2187269
0.1590391,0.17892995
0.1310705,0.15506238
0.11501292,0.13629581
0.111662574,0.13913202
0.12974575,0.16046086
0.17461789,0.19560832
0.22747718,0.2529922
0.2742843,0.29851365
0.30622426,0.32153678
0.3528314,0.3589544
0.39413252,0.38314056
0.4362401,0.41247883
0.4636381,0.43265334
0.5004598,0.43865383
0.5252719,0.44599792
0.5383159,0.45287466
0.54603124,0.45528382
0.52515036,0.44086805
0.47595644,0.41089576
0.43860757,0.36851478
0.40728468,0.33879447
0.34242,0.28944808
0.28357452,0.23662803
0.22372359,0.24882764
0.18601283,0.20852134
0.16037461,0.18330863
0.13980757,0.16698039
0.14450763,0.16003852
0.1602724,0.17500898
0.19519655,0.19911177
0.25020725,0.2522297
0.3050255,0.30295306
0.35361874,0.3482484
0.40380734,0.39810178
0.45346174,0.4365043
0.48858556,0.47493538
0.52325535,0.5065304
0.55306304,0.529554
0.5643209,0.5455582
0.56177175,0.5617889
0.558873,0.56274277
0.5248628,0.5429207
0.47467852,0.50635654
0.43495482,0.45954692
0.39227083,0.42700142
0.33633178,0.37769163
0.27707535,0.31467816
0.22948141,0.22279273
0.18875533,0.18904616
0.16207406,0.15909287
0.14439754,0.14032279
0.13750215,0.13170026
0.13899203,0.13505855
0.14675578,0.15730573
0.18472551,0.19270147
0.23178,0.24280041
0.28076467,0.288149
0.30961052,0.33870724
0.35417137,0.36905915
0.39259085,0.4078718
0.42571077,0.43919978
0.46843013,0.4656956
0.48192725,0.4763786
0.49524918,0.48947906
0.46232188,0.49434406
0.43158105,0.4807818
0.3933356,0.4396811
0.3717267,0.4018096
0.35391378,0.37630218
0.3160249,0.32646215
0.2789873,0.2725952
0.24449867,0.21603234
0.21130337,0.18364362
0.19226927,0.15134151
0.17351414,0.13018793
0.16996244,0.116517164
0.1650981,0.11941568
0.17900872,0.13438675
0.20359893,0.16865806
0.2554251,0.21607897
0.32304883,0.26671752
0.38424897,0.32801434
0.4494586,0.3600924
0.49608555,0.40707782
0.53755844,0.44108528
0.56801504,0.47049776
0.57239187,0.48720667
0.5845321,0.5004069
0.60444874,0.50408894
0.60452,0.4811996
0.57206947,0.43650293
0.54162025,0.40712762
0.5144106,0.37487084
0.45745158,0.32096192
0.40431485,0.2641538
0.34890294,0.32453704
0.30482566,0.27396202
0.27458072,0.24525318
0.2554919,0.22579826
0.24124233,0.2195941
0.2590575,0.24745917
0.2910364,0.2850133
0.3595738,0.34206536
0.42008388,0.41311404
0.44710276,0.4562733
0.49823952,0.5211252
0.55286133,0.5688463
0.59534484,0.61689794
0.63673055,0.6415751
0.66236055,0.65624946
0.6965244,0.67796046
0.7156559,0.68729436
0.7238046,0.6718654
0.69939405,0.656139
0.6311061,0.6134893
0.5892521,0.5532504
0.5458188,0.5116588
0.46769306,0.4511047
0.3977813,0.38175333
0.3332768,0.3388208
0.2942442,0.29201707
0.26504263,0.26282418
0.2457701,0.24412292
0.23736225,0.23666343
0.2366033,0.25737536
0.24881567,0.2989828
0.27602598,0.35456797
0.31366888,0.41789642
0.3720643,0.4609271
0.43764278,0.518309
0.5005285,0.5583701
0.551485,0.601365
0.6013231,0.62416005
0.6325592,0.63824344
0.6378023,0.6511067
0.6405397,0.65652347
0.63615996,0.65294296
0.603214,0.6475214
0.56560296,0.60024023
0.5238641,0.5367481
0.49578094,0.49679327
0.45261133,0.43302035
0.4024935,0.36953485
0.34396905,0.3064676
0.3005666,0.26268843
0.27036765,0.23124608
0.2500835,0.20552519
0.24428825,0.20143497
0.26744464,0.22134763
0.31300327,0.27055967
0.39139873,0.32161942
0.4672064,0.39275256
0.53432107,0.4381588
0.6041805,0.49588153
0.66320205,0.53564847
0.7180157,0.57967114
0.7515373,0.60880077
0.78336203,0.62509525
0.7953753,0.63542086
0.7979185,0.6426588
0.79919004,0.64342874
0.7635909,0.639946
0.71865433,0.5815334
0.662126,0.5169374
0.63079256,0.481593
0.55004346,0.4188354
0.4868355,0.3488083
0.4148339,0.4002776
0.36411455,0.3382729
0.32811916,0.3139555
0.3066224,0.29026413
0.30051175,0.2801188
0.31580678,0.3044139
0.35790905,0.35060337
0.4299069,0.42463937
0.50868714,0.501336
0.59337395,0.5473973
0.6579967,0.6109242
0.7201712,0.6654982
0.749176,0.70418376
0.7919837,0.7206949
0.80898046,0.73576856
0.83674854,0.741111
0.85102856,0.75745595
0.8499207,0.74616975
0.8281997,0.7369931
0.76181555,0.68201333
0.7100839,0.610558
0.66339576,0.5628302
0.572278,0.5024322
0.50159603,0.42822197
0.4301021,0.44537354
0.3851493,0.38345933
0.35405925,0.35685572
0.33522224,0.32951277
0.3424718,0.32077396
0.3529897,0.34053433
0.3875229,0.3805123
0.4349256,0.4558745
0.48770833,0.5249615
0.54420686,0.58455664
0.60198003,0.6473681
0.6659042,0.70339584
0.71004033,0.7422631
0.75395775,0.76002645
0.7602108,0.77558
0.7175258,0.77614045
0.6539149,0.7918894
0.6483376,0.7967988
0.65161175,0.7919055
0.62023723,0.7365679
0.5808742,0.662562
0.5510703,0.613139
0.48646802,0.55473745
0.44049674,0.48313215
0.38833812,0.3452245
0.33751535,0.29469812
0.30947393,0.2585363
0.28549892,0.22597197
0.2741737,0.22360809
0.2717165,0.21869776
0.28888193,0.2443989
0.33151788,0.28483075
0.39894813,0.34035373
0.4738529,0.38979155
0.5446855,0.44183552
0.5954445,0.4903986
0.62704253,0.53012407
0.6547055,0.5600331
0.6431352,0.5855198
0.6244852,0.5990271
0.6089293,0.6136633
0.5640621,0.6250806
0.5057342,0.6244799
0.46401057,0.56458884
0.4424302,0.50886035
0.4260277,0.47158232
0.3874065,0.42193472
0.34629565,0.35784844
0.3021818,0.2601562
0.2672968,0.21627922
0.24436688,0.17929573
0.22254704,0.15605326
0.21693349,0.14103286
0.21447407,0.14039862
0.22555262,0.14151433
0.260039,0.1645574
0.3036298,0.20793563
0.36757874,0.24177815
0.41368932,0.29482713
0.4495962,0.32842934
0.46174756,0.35662875
0.48314413,0.38947764
0.50062,0.40809312
0.53281957,0.42636144
0.5173606,0.43058527
0.47800753,0.4477316
0.42311338,0.4442648
0.3850312,0.40450662
0.36631298,0.35751823
0.3630876,0.3413404
0.3280152,0.2992065
0.2788124,0.258223
0.24286914,0.20993742
0.20639083,0.17390348
0.18554994,0.13704354
0.1751695,0.12412419
0.17630707,0.10616216
0.20437942,0.11390612
0.24214146,0.1231215
0.30466312,0.14564836
0.35170528,0.18834507
0.36434567,0.22021092
0.3913558,0.26785105
0.41829315,0.29602462
0.44782615,0.3220572
0.50692546,0.3468558
0.55163217,0.36596683
0.584795,0.37606153
0.6207755,0.3836158
0.6440799,0.39092937
0.63015956,0.37633595
0.5879342,0.34580016
0.5338324,0.31906465
0.47821262,0.30273342
0.41304404,0.25553036
0.33981135,0.20803264
0.2876599,0.29867703
0.2314089,0.26009047
0.19969286,0.2324596
0.1784354,0.21296932
0.17593682,0.21551466
0.20350184,0.23953396
0.22971132,0.26443428
0.302424,0.3150548
0.3552052,0.3759128
0.4079363,0.4302506
0.4631159,0.48965386
0.5081834,0.53475535
0.554676,0.58351314
0.59227276,0.61729133
0.6241705,0.6396487
0.6610281,0.6590781
0.70137453,0.6630539
0.709907,0.6650089
0.6949528,0.6420766
0.6374615,0.5995266
0.5871416,0.54749966
0.5391738,0.515684
0.46577993,0.4424106
0.39465234,0.3850979
0.33016714,0.31005663
0.27475235,0.26702145
0.24858029,0.23866516
0.224701,0.2205621
0.21648975,0.22192489
0.2286486,0.23774114
0.28272274,0.27582327
0.3424648,0.32186446
0.40571,0.38174376
0.48202708,0.42883295
0.5508089,0.483825
0.6114224,0.5292657
0.6683389,0.5776427
0.6991149,0.6132566
0.7269704,0.6358556
0.7529539,0.6512576
0.77089566,0.6570167
0.7707039,0.653359
0.74782884,0.6381043
0.6944566,0.5844434
0.6431535,0.5376733
0.58759785,0.49794346
0.50808376,0.43135017
0.4420579,0.36213517
0.3715561,0.3545655
0.32563356,0.300544
0.2919111,0.27294225
0.28169525,0.24950573
0.2677272,0.24811473
0.2846769,0.2646631
0.3343821,0.3076755
0.40741664,0.36286846
0.45929325,0.4237015
0.5243136,0.4783512
0.59775996,0.54686284
0.65864426,0.59264624
0.7185083,0.6430637
0.76496094,0.6776236
0.79612315,0.7007848
0.8195048,0.71184754
0.8214817,0.7249533
0.82660806,0.7177274
0.80306983,0.7074771
0.75927866,0.6476912
0.7070187,0.58812994
0.68249685,0.54553795
0.6191127,0.4785307
0.5604383,0.3933039
0.4937868,0.445408
0.4414846,0.3899288
0.40692383,0.35197595
0.37904567,0.32469454
0.3729966,0.31613794
0.38727865,0.33428514
0.40798894,0.36933476
0.47671556,0.4421338
0.5347715,0.5162609
0.58232427,0.58065784
0.6305873,0.66770285
0.6902276,0.7185627
0.74325013,0.77662116
0.7792107,0.8077637
0.7864767,0.82061183
0.79764223,0.82802033
0.7881522,0.8361385
0.76099026,0.8397202
0.71093243,0.83332145
0.6693691,0.77496076
0.634686,0.7016919
0.60660356,0.6582207
0.5403104,0.58452606
0.4753775,0.50906956
0.415985,0.40088832
0.37555173,0.34272823
0.3272144,0.3082598
0.3008904,0.28204408
0.285048,0.27525598
0.28135526,0.28329852
0.29758617,0.32011238
0.3470136,0.37373006
0.42459676,0.42720038
0.50578773,0.46658128
0.582227,0.51951146
0.6536356,0.55792344
0.70216376,0.5969517
0.7174145,0.6222024
0.7351486,0.6332722
0.7320689,0.6447276
0.7273765,0.6506656
0.7014901,0.6521873
0.6615153,0.6493355
0.6233773,0.5930502
0.58201027,0.5360956
0.5554958,0.50289583
0.51426053,0.45077565
0.46573293,0.38987982
0.43084687,0.36674052
0.39489558,0.31011817
0.3732048,0.27719414
0.35260457,0.24518791
0.32197347,0.24439047
0.30736184,0.24735767
0.30428192,0.2752523
0.3239324,0.3207611
0.35167843,0.38121474
0.39012492,0.43503752
0.42303887,0.500905
0.43391484,0.5581313
0.44610482,0.60166764
0.46591547,0.63479114
0.46437055,0.6498021
0.4606886,0.6646024
0.46640915,0.677175
0.48341507,0.6815539
0.49494728,0.6705668
0.4941514,0.61188716
0.47906646,0.5542531
0.4618911,0.51475215
0.41749883,0.45689183
0.3611466,0.38905677
0.3073745,0.29900837
0.27613539,0.24756949
0.24321717,0.21985695
0.23119026,0.19757384
0.23228818,0.19443133
0.25279146,0.19796503
0.28592387,0.22319351
0.34696743,0.2572313
0.4031511,0.31000438
0.46052468,0.3538081
0.51747,0.4025474
0.5830261,0.446131
0.6294926,0.48313048
0.67582315,0.5094468
0.7297691,0.53276575
0.73428833,0.54281235
0.7469251,0.55544215
0.74494976,0.56038946
0.7176815,0.55014145
0.66827494,0.5008883
0.62574226,0.45806533
0.5815508,0.42688516
0.51057345,0.36910114
0.43423894,0.30599302
0.37308648,0.39631337
0.32665217,0.34540394
0.28878433,0.3249653
0.2652893,0.30101037
0.26260406,0.29743555
0.28500253,0.33833605
0.3228085,0.37900472
0.38929927,0.44635585
0.4450257,0.51412094
0.5024787,0.5635399
0.5654021,0.6251267
0.617352,0.6671274
0.6635966,0.7040581
0.70489395,0.72290754
0.7335352,0.7424701
0.7797512,0.74518156
0.7734342,0.74419916
0.77759606,0.7398003
0.73739237,0.7287141
0.6814196,0.69159335
0.63181764,0.61295795
0.57133406,0.58361655
0.49066877,0.50395817
0.41501665,0.43862608
0.352609,0.3497604
0.3083485,0.30651256
0.28106844,0.27084637
0.25868535,0.255855
0.26047215,0.25138137
0.28392255,0.2609455
0.31673753,0.2932363
0.3595562,0.33799827
0.39903805,0.39311683
0.4155397,0.43941584
0.4368028,0.50035924
0.45226622,0.54045904
0.48616922,0.58083653
0.50634533,0.612129
0.54090023,0.6312347
0.5940859,0.6424365
0.61470675,0.64636934
0.6284807,0.6439321
0.6077013,0.63067174
0.57230806,0.5841667
0.54229337,0.53344405
0.5166622,0.5039668
0.45589262,0.43816817
0.38918817,0.3728205
0.32718977,0.32381457
0.2911513,0.2832077
0.25555006,0.2462993
0.24091397,0.22773379
0.24132678,0.22294709
0.2550309,0.2432301
0.30118576,0.28395158
0.36855054,0.33875835
0.43671137,0.39874667
0.4886958,0.45472664
0.5450448,0.50937337
0.5958674,0.5531557
0.62645334,0.60067475
0.6568041,0.634212
0.6561985,0.6580712
0.6579536,0.6740271
0.68063587,0.68216324
0.6868969,0.6915763
0.6840893,0.6875309
0.60808605,0.6322944
0.5719717,0.5714059
0.52791286,0.5366439
0.4722145,0.46966487
0.39630118,0.39930135
