Actual,Best_Baseline,Proposed,autoformer,CNN,impactnet,informer,LSTM,nbeats,ANN
1799.9999899200002,1871.12572928,1828.2285716,1874.79868376,1888.01787208,1877.49243768,1845.36789068,1907.02018112,1871.12572928,1829.797305
1712.00000096,1825.73443268,1745.00225752,1827.0405016,1817.56026096,1811.3022778,1786.27867608,1849.44174904,1825.73443268,1769.49747112
1673.999962,1714.30199,1707.89397332,1815.80595776,1785.33680112,1773.76353708,1770.82212588,1808.06597512,1714.30199,1740.8477066
1677.99999648,1799.9040208,1634.0951438,1791.45392824,1765.48054392,1757.978714,1733.9196711999998,1804.83126936,1799.9040208,1732.5959592
1736.9999952,1776.22714212,1729.62345616,1825.88621704,1823.18122696,1859.5455196,1786.4557418,1806.12340852,1776.22714212,1846.00814016
1828.9999994,1782.6206326,1820.342288,1861.1855372,1801.99236888,1943.43638328,1881.5749348,1698.34175584,1782.6206326,1945.5760252
1948.9999756,1840.77085824,1857.80934048,1930.9130288,1840.06844432,2003.4028072,1821.9961584,1689.95255788,1840.77085824,1833.4672388
2178.0000352,2120.5443928,2119.14897332,2124.6934988000003,2045.75614628,2161.177926,2067.3523344,1925.5157278,2120.5443928,2057.1546534
2394.0000116,2236.78600816,2331.4457692,2306.18570788,2250.82643664,2338.6780274800003,2227.737744,2132.96623704,2236.78600816,2260.1785004000003
2543.00001652,2313.6682978,2509.1748844,2353.30560304,2339.51816132,2445.6638368,2431.8437448,2294.7946081600003,2313.6682978,2424.814026
2617.99998,2351.69790864,2568.75666224,2376.23333384,2417.1034036,2457.5676248,2440.5144432,2353.80111,2351.69790864,2450.6104408
2556.9999448,2315.645304,2489.8169432000004,2306.2823504,2315.910816,2457.6053352,2426.17171584,2304.1921168,2315.645304,2390.4543682
2412.99997336,2180.201476,2392.8898636,2187.930184,2207.62224704,2306.8395408,2297.91146892,2187.0472604,2180.201476,2254.1086652
2295.99999416,2060.7876464,2291.89802616,2082.8176388,2088.6944968,2224.73919,2189.336628,2079.11459296,2060.7876464,2136.2815584
2232.9999802,1979.1883052,2232.53300616,1999.2192616,2004.95897688,2165.290476,2109.93614944,2021.48988868,1979.1883052,2068.535402
2234.99999744,2013.31564,2200.4877472,2022.8483866,2063.98017808,2244.85736132,2115.64850544,2077.5614632,2013.31564,2056.42809328
2378.9999304000003,2294.5001592,2388.36434624,2250.084042,2285.9514424,2439.8831788,2293.9022762,2307.5833592,2294.5001592,2198.711318
2612.00006296,2396.7840396,2600.07316772,2426.7108976,2452.05415268,2568.9250892,2474.3125816,2442.822666,2396.7840396,2441.9574432
2692.00002144,2483.75507336,2649.17943896,2456.8894148,2488.1658626,2578.6536028,2541.87180216,2496.1830744,2483.75507336,2480.98108864
2665.0000292,2494.0912246400003,2626.3085816000003,2471.81453696,2508.89956,2573.5126748,2504.413754,2450.51204744,2494.0912246400003,2497.8042368
2653.999944,2406.54193268,2612.58595944,2477.7197932,2524.4602948,2531.6077624,2538.50618744,2466.58895296,2406.54193268,2534.0386402
2495.9999096,2328.31226584,2445.8127544,2341.87758176,2377.20168304,2422.75598092,2392.18785372,2353.9813888,2328.31226584,2404.9864364
2219.0000904,2020.677826,2142.8050728,2112.44327536,2090.4150338,2127.14074984,2157.3893776,2094.7173864,2020.677826,2103.49048008
1999.00000256,1872.57940748,1997.75613656,1951.97155512,1922.7140952,1923.0046192,2042.74741432,1984.90252748,1872.57940748,1842.02051548
1857.9999704,1936.94220988,1938.91452152,1961.4624932,1904.1923244,1991.4289856,1857.51891268,1988.7606862,1936.94220988,1801.54088304
1783.99998668,1849.59915148,1829.19178372,1883.52079144,1805.0563004,1917.1667222,1912.19841548,1875.44637912,1849.59915148,1675.6827693599998
1775.00001492,1790.81693032,1796.02354368,1878.6653658,1785.33543508,1915.21368904,1914.49292016,1828.26616656,1790.81693032,1686.1643558
1820.0000084,1821.03631328,1806.608776,1867.5813942,1827.15421,1903.36494668,1871.1263642,1857.84935968,1821.03631328,1776.49927268
1971.00001132,1946.70995384,1924.42064472,1941.9245618,1991.60555108,2068.8038962,2001.31309308,1889.0985444,1946.70995384,1924.8612792
2353.99999388,2275.69396348,2297.2264672,2174.09264132,2217.2697602400003,2329.3329286,2192.35853936,2047.0379728,2275.69396348,2410.5970128
2683.0000112,2519.5816080000004,2594.3590224,2378.372514,2521.87161052,2530.55410304,2527.4909796,2307.6464664,2519.5816080000004,2713.9279264
2918.9999676,2738.5179932,2807.127256,2591.9444024,2751.25518104,2691.84508172,2752.0795958,2512.4647320000004,2738.5179932,2947.98860624
2993.9999888,2818.7769798,2914.47541224,2652.0903740000003,2825.2784644,2781.8620576000003,2750.47592256,2613.8183584,2818.7769798,3000.8323052
2983.9999988,2794.5184182000003,2922.4841392,2634.6516228,2825.1977718400003,2823.9376288,2740.8044748,2649.5678176,2794.5184182000003,2976.6886064
3033.000046,2816.7728452,2965.71264816,2641.4343,2901.2960892,2793.20992504,2785.3689324,2693.6772492,2816.7728452,3008.06819984
3019.9999628,2887.2807112,2929.2385336,2576.987034,2783.07329256,2811.15137896,2736.0951,2678.6738972000003,2887.2807112,2926.2715332
2964.0000188000004,2714.433746,2874.2092476,2500.3770096,2711.77508584,2687.7953888,2720.5974724,2629.0933792,2714.433746,2838.7560844
2890.9999956,2685.45549696,2799.93823,2402.6530092000003,2606.8338536,2644.5115456000003,2585.0016484,2529.637394,2685.45549696,2740.5624356
2827.9999624,2573.1117132,2742.28839828,2331.39060812,2562.2768996000004,2564.7405816,2618.342452,2475.5028642,2573.1117132,2675.10441544
2827.9999624,2627.2248866,2729.39040252,2321.128704,2608.06161572,2668.8951672000003,2519.1991168,2501.8455026,2627.2248866,2716.8096936
2976.0000068,2813.27124216,2901.6849296,2583.63722456,2744.70582732,2866.423012,2826.3086702,2579.8197392,2813.27124216,2940.0922024
3146.0000292,2912.03250944,3046.0103264,2797.1822924,2899.1450572,2948.340198,2820.0155548,2751.7135548,2912.03250944,2988.4702204
3168.0001996,2967.7390242,3030.2999044,2789.6696496000004,2893.38140736,2931.8672948,2926.008811,2837.3488708,2967.7390242,2997.0826216
3065.9999168,2948.7680956,2924.70204944,2751.36446424,2842.7099044,2897.081952,2808.74060696,2770.012815,2948.7680956,2935.2552664
3001.000078,2816.7993964,2883.59271104,2716.2810746,2841.7174474800004,2806.0840632,2795.9926832,2746.17039536,2816.7993964,2900.1289908
2788.0000024,2686.87121464,2679.9916448,2557.2925852,2655.7682924,2642.3648426,2597.9996152,2575.03775264,2686.87121464,2667.0077232
2510.9999908,2312.4733976,2375.6362012,2252.424588,2343.9411872,2346.8412324,2351.4026516,2282.143173,2312.4733976,2336.3752496
2241.0000684,2081.4015748,2128.241451,2018.63053608,2044.22879812,2128.1180264,2148.0173812000003,2099.55193664,2081.4015748,2023.68394132
2057.00000228,2076.8333254,2140.0046908,1980.25774136,1988.97171052,2159.0536376,2007.71300972,2235.0880012,2076.8333254,2014.70511432
1972.0000488,2016.18688292,2058.53545048,1919.2422372,1927.5541096,2092.55277096,1928.0879234,2194.77989336,2016.18688292,1911.71406772
1944.00001908,1937.54713472,2020.5131316,1910.2555218,1893.59874192,2067.55566272,1944.4567382,2180.0656416,1937.54713472,1890.6710296
1974.9999496,1957.9969844,2022.96444228,1890.72928832,1902.95301828,2061.86751064,1940.79130656,2177.3227872,1957.9969844,2120.7384282
2108.00002824,2062.72192056,2087.94581068,1923.2670528,2045.8387436,2215.3947068,2077.1783948,2199.9560498,2062.72192056,2356.21501812
2435.9999696,2437.8829884,2422.62284012,2194.8794796,2286.3098836,2440.3703356,2351.7439692,2293.2717814,2437.8829884,2717.0678944
2735.9999582,2671.81495264,2706.5186024,2373.06337068,2502.8435776,2670.7876136,2627.80768544,2487.6303172,2671.81495264,2991.28476304
2934.0000488,2912.8125760000003,2907.95153228,2568.7423092,2695.54957056,2830.52186464,2824.43813816,2658.0868086,2912.8125760000003,3165.4522464
2997.000082,3025.04784616,3015.9039592,2655.34724424,2813.4385532,2932.7907186,2787.5218884,2759.7404828,3025.04784616,3195.7971896
2971.00005028,3022.1098212,3018.3124224000003,2649.79996744,2812.0346104,2901.5983496,2890.29009732,2840.27477456,3022.1098212,3216.0973136
2984.99997856,3045.946642,3049.257846,2656.23645932,2856.434566,2915.834218,2899.97191544,2912.9984344,3045.946642,3219.8920188
2948.9999376,3130.7784956,2997.09177984,2602.015388,2733.4242032,2862.912674,2857.55133256,2866.1046862000003,3130.7784956,3129.9836912
2861.0000256000003,2933.18132908,2915.86165424,2510.00803412,2643.15716504,2760.8410108,2814.98190904,2787.7708540000003,2933.18132908,3022.1773536
2788.0000024,2915.97467,2812.3214788,2420.3832464,2592.2851428000004,2716.64392176,2699.7208025600003,2672.93699096,2915.97467,2899.103114
2735.9999582,2815.2403792,2751.4578552000003,2337.9708228,2547.08351412,2626.46800424,2709.0579938,2582.3265188,2815.2403792,2866.5853976
2758.0000324,2845.39703976,2727.0197844,2375.80385856,2608.9506384,2731.8549888,2670.6375416,2632.72581424,2845.39703976,2770.58826416
2897.9999886,3022.858642,2874.6738936,2646.38848456,2724.6582668,2935.0430492,2896.59619972,2823.87850428,3022.858642,3079.2556996000003
3128.0000472,3042.0164872,3067.8519592,2802.83392696,2844.87663624,2997.9180224,2870.633686,2903.8663608,3042.0164872,3205.9834228000004
3166.0000092,3133.3970596,3114.8087184,2773.2361884,2831.4054424,2983.70743536,3001.3333148,2920.3521548,3133.3970596,3143.8849760000003
3086.0000892,3122.5260748,3027.56447664,2738.0966372000003,2809.4191248,2965.337295,2933.0322768,2915.22207816,3122.5260748,3050.46950424
3019.00000228,2976.0128976,2967.6948684,2727.4162053600003,2814.7519718,2891.23574332,2869.75068544,2896.60274132,2976.0128976,3008.6718356
2791.0000956000003,2828.47026496,2780.8077056,2528.460868,2648.3543508,2697.0675296,2693.0997798400003,2687.85516748,2828.47026496,2754.7717528
2497.0000048,2423.5039744,2464.568676,2208.6005818000003,2319.5013848,2383.60777572,2464.3943616,2359.4476652,2423.5039744,2453.6120732
2207.0000062,2210.8355964,2194.7255596,2079.9176898,2061.29600568,2163.5880246,2229.2239378,2210.98866984,2210.8355964,2017.2669588
2042.99999704,2115.8003475200003,2122.5784456,1946.264721,2033.63184864,2212.14245416,2041.1911292,2442.96650424,2115.8003475200003,2039.768235
1966.99999608,2055.67648268,2060.49693,1876.99202452,1971.64347388,2104.16692,1925.121404,2345.1862076,2055.67648268,1959.55919544
1944.00001908,1986.1376008,2018.27817472,1902.70514936,1929.2490574,2051.06465468,1928.77130896,2319.13403548,1986.1376008,1947.7549552
1976.99998608,1996.1895388,2041.94002696,1854.539945,1930.18179336,2060.35076372,1987.48974952,2373.39410628,1996.1895388,2068.1017324
2135.99996176,2114.9698914,2140.8262388,1830.71886252,2073.5641608,2240.0355672,2145.3320544,2521.6617406,2114.9698914,2309.4869648
2469.9999356,2495.7540224,2429.0495196,2218.1098556,2412.8382804000003,2415.6498216,2359.349926,2752.76298136,2495.7540224,2614.30922852
2765.99994744,2704.326012,2706.4429892,2405.39055336,2708.988826,2674.9538432,2599.7485312,3167.0784112,2704.326012,2919.42255496
2950.9999356,2939.9326066000003,2891.86167824,2594.7588296,2861.5250852,2838.0232328,2842.1615644000003,3278.156126,2939.9326066000003,3080.586338
2993.00000904,3031.5249152,2966.4665868,2709.3946938,2927.6136386400003,2920.5678352,2867.55170736,3256.8166572,3031.5249152,3101.594494
2956.99998732,3021.3606156,2970.0509988,2707.3455376,2840.19748748,2869.75722704,2857.2589038,3173.071094,3021.3606156,3127.4205384
2964.0000188000004,3027.34533304,2979.4543564,2690.5115958,2909.1587076,2920.84733468,2920.8070846,3253.890638,3027.34533304,3094.9474588000003
2918.9999676,3105.2477852,2917.07564052,2583.3187256,2839.1268392,2883.63927184,2826.33481736,3176.674746,3105.2477852,3012.09413136
2828.9999614,2919.13299296,2834.312414,2493.5322834,2772.0134864,2773.40640468,2821.5008828,3168.7078468,2919.13299296,2890.7444884
2746.0000444,2904.5502466,2732.94133692,2396.1302644,2692.0930276,2739.4519028,2638.7117438,3022.33440972,2904.5502466,2829.4246844
2696.9999972,2781.4518608,2676.0188734,2299.38532988,2652.2604556,2634.0640332000003,2628.91513984,2948.6324536,2781.4518608,2773.5509548
2733.99994096,2820.1317644,2656.416969,2411.12084104,2681.4883244,2736.05810148,2637.5004896,2957.1199872,2820.1317644,2712.6952196
2881.0000056,3026.7301148,2886.9076476,2719.1602444,2868.0182004,2976.8229978,2864.77235468,3078.7704668,3026.7301148,3059.160674
3118.99996,3061.39649668,3111.72243,2762.59981616,2959.83967664,3029.51906824,2948.2884424,3299.5448492,3061.39649668,3196.4973332
3156.0000192,3126.8698896,3134.447756,2793.1315028,2987.09873548,3035.8069696,3014.22361456,3366.8944692,3126.8698896,3183.284648
3094.999984,3126.138,3053.6201312000003,2688.6269416,2984.2633944,3009.0489396000003,2921.87084496,3279.4915744,3126.138,3073.6472396
3036.9999458,2977.9268928,3010.41511428,2683.936422,2924.5407028,2937.32652936,2944.9899368,3256.0832284000003,2977.9268928,3029.6905736
2796.99995492,2840.38552,2793.135928,2456.5669524,2723.1229148,2729.7404166,2702.9747098400003,2928.3063556,2840.38552,2801.0340249600004
2503.99997856,2443.6293992,2467.6117706,2185.78351948,2375.2323536000004,2396.3111204,2457.6363116,2548.8930553600003,2443.6293992,2475.062172
2217.0000924,2217.76494012,2191.3631772,2033.16991548,2176.4954672,2135.2406744,2210.50159,2391.980004,2217.76494012,2031.07604552
2049.00002952,2122.91699264,2131.1569844,2056.69437488,1995.4930508,2170.6870074,2029.73190064,2250.76885132,2122.91699264,2039.63457472
1964.99999808,2059.73469892,2021.8807108,1971.85145828,1918.961237,2073.81404992,2005.17458032,2156.9939956,2059.73469892,1954.19204352
1950.9999736,1985.6088856,1984.62156576,1939.6906054,1879.47465792,2022.56527,1961.60617752,2136.14077932,1985.6088856,1974.06923384
1986.0000348,1986.66808608,2001.273324,1932.56443648,1976.70370932,2038.64425344,2039.66988012,2213.6440592,1986.66808608,2000.1337388
2137.99995976,2152.16160024,2088.98613672,1958.05993768,2062.90162216,2206.9714348,2099.08038348,2345.4390212,2152.16160024,2265.3609868
2483.0000188000004,2472.3346134,2450.44312976,2287.2328264,2381.0591876,2457.1707998,2371.2013042400004,2768.8411952,2472.3346134,2590.9112144
2776.0000144,2678.6592748000003,2738.3040444,2539.2581636,2710.9934416,2728.14417,2645.7612990400003,3226.1332824,2678.6592748000003,2966.7392176
2958.0000248,2904.006909,2911.224314,2731.5899578,2894.9428488000003,2862.05776384,2829.8638374,3403.553788,2904.006909,3141.0459216
3028.00003176,2957.98509456,2967.6577352,2789.119578,2934.2043776,2923.8992412,2885.1189048,3403.9147304000003,2957.98509456,3169.766624
3026.00003376,2952.0125368,2984.470994,2722.514546,2879.7799972000003,2832.29767816,2882.4421398,3304.9866908,2952.0125368,3199.9082004
3073.000006,2921.6077572000004,2990.4371256,2739.24686212,2951.74079104,2843.7475176,2899.0744464,3339.82706,2921.6077572000004,3143.428988
3063.9999188,3002.86187508,2951.65536544,2650.2931656,2879.2270396000004,2837.1633972,2838.2852816,3293.8946384,3002.86187508,3063.2451336
2995.00002628,2818.7072348,2873.931903,2592.9812460000003,2840.07144624,2734.528002,2840.9727248,3288.7271592,2818.7072348,2937.6031236
2921.99998384,2800.1945068,2782.8735044,2489.5510464,2757.5827168,2672.6687084,2643.4374533600003,3165.59443,2800.1945068,2904.3735272
2859.9999304000003,2654.7953256,2724.0270024,2447.4020553600003,2705.318796,2576.6318636,2672.40269616,3103.2708752,2654.7953256,2818.1159896
2863.0000236,2716.7812184000004,2687.7265096,2516.9925774,2748.741552,2672.3974244,2625.1939122000003,3144.6193668,2716.7812184000004,2738.2594076
2973.99995108,2971.0909208000003,2939.9454012,2859.79664056,2932.62696696,2964.665338,2813.7490868,3253.5574012,2971.0909208000003,3110.790252
3121.9998608,2974.92860816,3079.6928324,2927.8609496,3006.5869892,3027.0479596,2930.20276544,3338.8798748,2974.92860816,3155.6065612
3134.999944,3080.9099548000004,3031.1918708,2956.0599594,2999.4797332,3043.149627,2971.8373173600003,3386.478288,3080.9099548000004,3136.5258684
3040.99996104,3075.864842,2965.15588104,2817.8018004,2970.6087664,3014.9171396,2901.8815624,3282.2021056000003,3075.864842,3072.6811992000003
2962.0000208,2920.8658628,2924.7577300000003,2794.91497384,2915.8513416,2949.42198624,2871.8521552,3215.047002,2920.8658628,3029.8662348
2741.99997144,2799.0174036,2719.0478828,2629.2632684,2700.3823892,2739.4946156,2720.3059864,2896.28784024,2799.0174036,2852.42046708
2439.9999656,2414.20514772,2407.6488676,2351.31076136,2341.254706,2414.5673792,2375.7013286,2534.82326664,2414.20514772,2523.890887
2161.0000522,2197.4085776,2140.12199708,2117.23978812,2119.98073776,2111.53822576,2137.3659248,2270.7255798,2197.4085776,2017.1028416
1998.0000228,2086.31593256,2066.96511016,2089.19931592,1948.53502176,2138.88884776,1967.8283358,2105.0661976,2086.31593256,2111.19234828
1907.99999736,2045.37644488,1973.76270216,2007.24314968,1893.80872728,2043.48946264,1915.79785392,2052.98163208,2045.37644488,2006.54923984
1883.0000416,1955.89353292,1950.24197532,2029.13567228,1905.5791436,1982.25797024,1920.74557384,2050.29734424,1955.89353292,2033.6673272
1907.0000176,1979.0784448,1983.84290372,2026.11943672,1911.49629016,1986.72215048,1937.31852504,2105.33790488,1979.0784448,2023.93989104
2047.00001228,2118.4832116,2057.97041016,2022.33685272,2056.18107092,2117.2519478,2037.184784,2098.38697388,2118.4832116,2300.4204996
2392.0000136,2420.6183592,2438.826518,2251.45269864,2284.0757348,2355.0101516,2345.8871208,2408.3409304,2420.6183592,2666.3768436
2655.9999420000004,2609.8984008,2723.8875124,2465.6035956,2548.73571064,2580.54327864,2501.6784032,2722.1866964,2609.8984008,3113.831134
2841.0000456,2821.1463858,2893.8479004,2662.06388976,2724.3656264,2730.5893816,2728.1580228000003,2881.9264116,2821.1463858,3252.0172392
2906.0000768,2900.3231224,2964.25083144,2751.2450608,2786.539494,2795.7476618,2799.01578744,2954.20847496,2900.3231224,3288.4497184
2904.00002108,2894.4089388,2969.15279864,2702.9917949600003,2790.44763824,2726.1087704,2757.89992668,2935.3506006,2894.4089388,3375.9139888
2944.9999416,2876.2333918000004,2966.73259904,2697.6414588,2836.70106,2696.4093292,2802.8273084,2942.1756250400003,2876.2333918000004,3285.240294
2904.9999816,2954.2928616,2921.279138,2637.2766322,2751.9638672,2705.9371696,2757.91872416,2906.5919954,2954.2928616,3237.5783888
2835.9999544,2757.342794,2836.668352,2544.96218868,2641.83251028,2612.4149928,2653.551652,2848.9253864,2757.342794,3104.6880936
2776.0000144,2748.6137984,2754.7039318,2455.74475024,2572.9541376,2524.3960332,2566.6859957200004,2755.0847876,2748.6137984,3047.1324032
2713.9999802,2619.33356212,2699.11576228,2355.2096704,2514.1794008,2455.458536,2555.857666,2694.80059584,2619.33356212,3004.6862696
2706.9999872,2657.22637656,2663.7451964,2375.1389434,2607.59831652,2549.07872136,2441.2566262,2727.077793,2657.22637656,2869.4760152
2804.9999854,2896.7238956,2824.12643092,2651.1506924,2734.6280500000003,2822.9552344000003,2648.15387,2857.78584892,2896.7238956,3244.8953608
2940.0000428000003,2914.56599416,2955.7383628,2874.1726916,2874.8817818,2893.03897384,2821.0947264,2894.9786352,2914.56599416,3245.8844892
2939.0000438,3011.8833764,2941.7626192,2910.02252588,2785.0476244,2907.5293874400004,2893.409036,2926.2865404000004,3011.8833764,3124.9830228
2849.0000376,3002.3429338,2842.7733964,2811.2336492,2730.99751972,2870.74978016,2779.0010696,2875.3473898,3002.3429338,3082.7756576
2767.99996468,2858.5473104,2806.89208548,2782.55437052,2693.10747584,2816.0944428000003,2720.9766928,2821.99810212,2858.5473104,3057.8923732000003
2580.000018,2726.4562448,2623.55949344,2627.728686,2534.8195918,2611.8629010000004,2577.57435424,2641.7361756,2726.4562448,2927.79930464
2345.9999634,2345.6146824,2328.0991636,2336.7790972000003,2246.8723088,2362.3113468,2215.113418,2347.3255032,2345.6146824,2662.0149432
2103.000014,2154.4273796,2099.873514,2106.439645,2037.01822332,2071.44666412,1984.6003248,2091.95236752,2154.4273796,2128.0970548
1926.9999976,1963.34672412,1946.16963692,1967.5386776,1863.76261976,1908.89180984,1875.76776408,1977.47985092,1963.34672412,1880.50988536
1840.9999874,1904.04558092,1815.10038848,1886.1976334,1798.13524912,1788.33762544,1839.69997908,1907.63424496,1904.04558092,1764.2656918399998
1791.00001816,1823.1497888,1767.091259,1886.76161552,1786.63307688,1715.94273872,1820.5643176,1892.70419736,1823.1497888,1737.20532448
1797.99999192,1843.2820438,1758.47999296,1857.01253512,1775.49927368,1705.10686692,1808.9602888,1889.4989288,1843.2820438,1731.46045288
1881.0000436,1902.2903542,1852.7027174,1964.39151384,1790.12936968,1894.9065232,1901.67176896,1905.04931248,1902.2903542,1895.19795148
2015.0000058,2040.55497784,2013.2788916,2115.486774,1928.6321268,2035.52962452,2031.4451072,2045.8695276,2040.55497784,2100.19782344
2198.999918,2160.4143866,2128.32516424,2267.2059104,2094.03557852,2235.1437972,2111.30617212,2198.3378696,2160.4143866,2298.6157876
2435.9999696,2458.35577216,2366.02939984,2466.8642004000003,2249.24179176,2408.0105796,2366.88134704,2425.0397112,2458.35577216,2563.4474612
2571.00000776,2534.85135704,2494.7806708,2584.8933272,2439.2740404,2502.2747470000004,2523.0299932,2563.2182166,2534.85135704,2711.74676456
2598.999999,2591.84171852,2587.49353624,2625.3198380000003,2474.8682328,2533.21649576,2542.29084936,2593.65010536,2591.84171852,2796.3226492
2640.0000542,2621.610366,2620.3855476,2645.0811458,2548.510872,2488.122284,2556.033712,2603.3055262,2621.610366,2795.3771956
2620.9999770000004,2622.31866736,2600.55551452,2572.5880966,2488.12813296,2526.3104132,2514.55989104,2547.29407668,2622.31866736,2759.89143984
2552.9999488000003,2458.8936456,2493.7088104000004,2480.439752,2317.5868124,2430.4902108,2381.6919912,2472.8243676,2458.8936456,2631.6588408
2459.0000428000003,2424.2408664,2422.1120566,2366.3198084,2252.57035024,2337.6427808,2269.8346716,2379.0992088000003,2424.2408664,2571.17944
2419.00000584,2285.9847276,2373.547122,2289.1853016,2235.659814,2308.98433904,2311.51382184,2351.3659032,2285.9847276,2506.4178886
2434.99995136,2316.4753176000004,2349.96934856,2275.3983024,2265.36708588,2415.1629534000003,2205.21661212,2452.7095248,2316.4753176000004,2559.3310632
2534.9999668,2527.5781368,2576.7419164000003,2483.70758904,2434.27964424,2695.6751308000003,2410.6982152,2654.7433776,2527.5781368,2861.95983224
2718.9999752,2655.1412608,2707.80031348,2683.9206452,2576.5360484000003,2747.77212536,2574.2649588000004,2656.226974,2655.1412608,2912.6366454400004
2741.99997144,2713.13897096,2732.69937468,2693.1631564,2579.7904944,2749.5560774,2678.79170372,2677.47782336,2713.13897096,2843.04783576
2669.0000252,2731.0688424,2687.8077986,2700.978252,2493.4390656,2738.2407448000004,2606.7250321600004,2652.8266888,2731.0688424,2820.4321008
2642.0000522,2630.6367158000003,2639.0310316,2720.9959905200003,2491.50165532,2665.37457428,2583.6379172,2597.91238104,2630.6367158000003,2776.26341
2484.0000178,2510.045302,2471.661502,2557.5153844,2364.4098536,2517.33982092,2411.9592048,2434.9312645600003,2510.045302,2678.1709636
2219.0000904,2203.27304504,2191.0264772,2295.251866,2100.8020364,2261.165801,2110.71333,2194.8042512,2203.27304504,2412.782773
2010.0000108,2003.56149872,1999.94995832,2044.40676812,1937.7917136,1991.83192892,1902.68598632,2018.4304016,2003.56149872,2047.96230088
1862.00000488,1953.37684472,1856.2083416,2036.16437136,1787.67598108,1816.73274856,1834.18848868,1904.61179488,1953.37684472,1885.88754232
1772.99999768,1920.88423652,1762.5788056,1977.26168856,1713.41163976,1699.68355344,1774.58849056,1844.669344,1920.88423652,1753.9381216
1732.00001944,1804.24847052,1706.4532244,1932.91741352,1670.6470072000002,1605.7717858800002,1748.71103688,1835.23120048,1804.24847052,1707.6713088
1727.0000052,1865.17622104,1651.5939238,1922.23199852,1652.05704984,1567.50007812,1741.44353092,1847.47053408,1865.17622104,1698.64782576
1781.99998868,1843.78416932,1776.96847856,1969.98469728,1659.3561094,1737.03416544,1788.47134344,1840.55348472,1843.78416932,1815.86279272
1830.9999974,1821.70386432,1861.065672,2046.536386,1733.26962856,1804.05936056,1906.57929652,1905.99007152,1821.70386432,1828.7899948
1947.9999766,1839.75404348,1854.15932008,2092.39785048,1883.60221512,1958.36200568,1915.7395952,2011.53222668,1839.75404348,1862.9067476
2142.999974,2165.19139,2082.02348856,2288.6283036,2009.15473988,2118.0289552,2131.9444776,2232.2377876,2165.19139,2194.95270704
2307.0000024,2265.034965,2256.6990426,2468.57336656,2187.76851028,2271.3407788,2336.07824172,2389.7737532,2265.034965,2402.7406474
2406.9999024,2383.86270572,2414.7897936,2546.3205904,2298.3558552,2351.62699,2449.3419476,2438.48333412,2383.86270572,2532.8106472
2423.9999816,2414.77544056,2448.9430062,2578.5533624,2355.4964426,2342.659226,2484.2027112,2451.94577376,2414.77544056,2594.65250936
2351.99997664,2356.68703304,2394.1991456,2512.68258652,2252.4514278,2353.94437104,2430.0587538,2405.0033676000003,2356.68703304,2525.84203464
2217.0000924,2236.5492792,2263.6840284,2374.24842,2142.11466464,2217.9838336000003,2334.0764544,2312.3369860000003,2236.5492792,2419.6825256
2101.000016,2111.0536471200003,2160.7653049600003,2260.2069756,2057.3875536,2102.96442,2187.71059788,2216.964306,2111.0536471200003,2315.7630528
2032.00002728,1995.04121864,2111.53226136,2194.1337372,1956.67719736,2081.4904636,2156.7436832000003,2170.96269736,1995.04121864,2230.51119
2049.00002952,2031.21045616,2074.7449196,2183.6038776,2004.5336382,2141.0063252,2171.8123742400003,2238.6193108,2031.21045616,2375.66359896
2164.999952,2347.440366,2289.51442104,2442.06936228,2196.92290228,2430.561014,2486.668702,2418.533609,2347.440366,2659.594936
2425.9999796,2418.8559752,2505.4454028,2625.9042337600004,2372.102198,2518.25083492,2574.9112304,2527.3464102400003,2418.8559752,2655.45090936
2514.9999868,2527.4513452,2597.35653744,2640.4070764,2392.99233584,2578.0662056,2588.2066476,2555.4142802,2527.4513452,2709.2890662
2491.0000108000004,2554.428134,2579.0835206,2690.0126064,2426.2145056,2625.8607706000003,2575.443986,2549.15418064,2554.428134,2660.44622904
2497.0000048,2466.6811510400003,2558.55305532,2667.21024344,2399.49580216,2567.17625016,2565.04699784,2507.31868616,2466.6811510400003,2646.9700328
2340.0000656,2384.9489384,2388.5545144,2532.52147,2267.0858528,2447.4063074,2410.8639678,2357.8488212,2384.9489384,2542.8924072
2101.9999957600003,2082.40674936,2094.644082,2231.2357684,2011.19822028,2140.0155614,2100.003384,2116.02620588,2082.40674936,2297.9308436
1879.00000712,1920.22642092,1941.22611132,2097.75544012,1875.94288656,1901.85479908,1865.15346012,1944.79193748,1920.22642092,2062.07455228
