Actual,Best_Baseline,Proposed,autoformer,CNN,impactnet,informer,LSTM,nbeats,ANN
3303.7999514760004,3247.964611656,3259.759070604,3271.969670556,3373.916960304,3288.4102246320003,3398.6614136400003,3333.419929512,3247.964611656,3278.319380712001
3243.5000393640003,3139.83200832,3221.29725684,3185.313095196,3254.5454289,3254.509030704,3353.663256312,3281.185514328,3139.83200832,3208.33590996
3232.3000062600004,3128.79356292,3213.43321788,3151.3455028440003,3328.111410624,3247.96878594,3360.649174164,3278.536677552,3128.79356292,3200.9017832400004
3251.8000764360004,3201.227650476,3216.665049984,3204.43861116,3299.73478404,3212.071191924,3376.96059852,3300.3102110400005,3201.227650476,3214.281845916
3325.000047576,3205.76755494,3260.0705034,3272.4559161240004,3409.749287244,3365.90245206,3437.7327118800004,3389.6465206800003,3205.76755494,3343.20156432
3512.900019168,3418.137452424,3417.000057564,3437.1489753240003,3492.1745430600004,3509.3946349200005,3608.495062980001,3526.3379366400004,3418.137452424,3512.61624588
3745.099950324,3622.38431028,3712.540574136,3678.49741554,3788.70768096,3661.4220582,3917.973630864,3819.773482728,3622.38431028,3770.362444008
4055.999959440001,3916.504868076,4058.96643192,4026.010732824,4121.095148568,3905.13119256,4135.40791014,4114.598324160001,3916.504868076,4040.59860702
4237.6000392000005,4121.971670184001,4259.169774,4213.885034520001,4330.449145368,4168.455053364,4377.980429880001,4331.2629747,4121.971670184001,4240.49433948
4301.700110232,4205.586518916,4388.19767268,4201.74840132,4439.00378052,4095.43699518,4489.32262848,4458.45516372,4205.586518916,4305.777293364
4330.400068272,4208.210153940001,4405.230311880001,4199.310307368,4435.6073958,4199.96633316,4527.91485936,4503.06460548,4208.210153940001,4289.51681868
4331.59984332,4136.08320786,4333.682928072,4153.8139668,4341.496797600001,4135.892517204,4489.303122480001,4436.471511600001,4136.08320786,4225.57810128
4283.800000200001,4110.639464424001,4280.599845840001,4107.987194592,4248.847042752001,4045.093062504,4259.610375528,4340.461029,4110.639464424001,4163.920688604
4155.000048636,4066.954685088,4244.0371752480005,4088.587151184001,4183.6006041,4017.35038092,4249.01963184,4253.76017502,4066.954685088,4097.25358896
4098.20002008,4058.18151048,4227.251560032,4033.433780136,4140.373708608,4027.121443476,4079.364324264,4292.8819938,4058.18151048,4061.24746356
4260.20008092,4216.94045436,4411.04134434,4104.71853516,4290.722835648001,4296.459784320001,4289.972244768001,4478.19406536,4216.94045436,4169.2833951600005
4750.39990524,4614.510380940001,4860.173977488001,4674.917146920001,4884.231975672001,4856.32489752,4815.11652192,5019.24915264,4614.510380940001,4603.275002964
5030.90008644,4733.98736178,4893.25560732,4811.403905928,5141.521577352,5026.173392520001,5088.003901440001,5123.058251076,4733.98736178,4830.443556480001
4753.400084088,4416.61167276,4602.64195524,4633.488353520001,4811.03372106,4669.16599788,4790.1302331960005,4849.26840696,4416.61167276,4532.785741632
4466.39995752,4218.62967396,4344.69461124,4238.62098324,4558.8607382400005,4462.508744592,4490.87062464,4518.24729564,4218.62967396,4204.61500308
4230.39998448,3971.856810204,4099.650564264,3949.953327744001,4236.76206144,4057.691402724,4266.177889680001,4245.58325982,3971.856810204,3967.513838316
3939.700037856,3702.758627232,3831.311359752,3737.75059668,3964.68710682,3792.00185424,3861.7106415,3985.76802126,3702.758627232,3724.937651448
3749.300021256,3471.950995344,3578.2114128000003,3457.561107048,3723.187534116,3726.720811944,3648.91754184,3719.419013928,3471.950995344,3494.8154604
3617.699983392,3316.7615714400004,3404.1507921600005,3260.7961266,3563.7650741400003,3458.8072283520005,3569.071408356,3619.178421156,3316.7615714400004,3315.68679084
3542.2000597920005,3395.09766744,3471.712866096,3429.28875954,3569.0132804760005,3393.3747804840004,3595.917165048,3593.48031948,3395.09766744,3364.1098896720005
3508.0000339440003,3363.6239562,3450.2592310080004,3272.232533412,3496.10948844,3369.576563208,3598.4644926,3566.080943496,3363.6239562,3313.7935384800003
3530.2000076040003,3328.0147779,3461.3616951000004,3342.50559024,3575.3728216560003,3418.203148632,3603.148975536,3548.2000273680005,3328.0147779,3355.9469407680003
3628.900016496,3477.09211374,3540.937163328,3459.0066186840004,3645.743057376,3546.539403564,3688.014861084,3624.956644524,3477.09211374,3449.528848344
3885.9000321,3662.47421184,3812.98445844,3708.3692160360006,3942.79064652,3812.61930612,3905.696320392,3874.080995592,3662.47421184,3766.865759436
4537.999968516,4409.163501720001,4473.578321568,4381.67759712,4622.271623279999,4505.065530960001,4584.871209000001,4491.652035,4409.163501720001,4451.966570844001
5144.79991176,5021.676752364,5131.64623572,5082.47980224,5338.652997516,5241.778126032001,5280.474675,5194.23708852,5021.676752364,5058.51160968
5339.500221120001,5242.937718720001,5359.113738192,5393.914548840001,5542.44727716,5482.996266168,5477.13377688,5453.668449000001,5242.937718720001,5272.03676952
5306.100097320001,5227.594299120001,5342.856696564,5299.09471248,5521.08001464,5372.97056652,5466.7770661800005,5498.3719096800005,5227.594299120001,5288.653774872
5291.000112600001,5251.56522252,5380.68401916,5385.744928884,5531.95734048,5435.463889320001,5566.68016614,5527.748218764,5251.56522252,5282.363870112
5223.099960672,5188.8218328,5322.83117376,5278.13902656,5487.433139940001,5327.377866312,5328.859542072,5480.24849496,5188.8218328,5203.4645968800005
5119.09997652,5115.788481912,5193.895850556,5206.331315676,5301.867061248,5155.502190756,5314.92071052,5345.08400868,5115.788481912,5081.669405964
5078.900061120001,5156.610677724,5144.556086760001,5137.51578618,5199.23491584,5148.00201672,5255.181361836,5266.8306181200005,5156.610677724,5045.55689484
5001.499863,4914.13092852,5033.301665160001,4999.987367760001,5083.08526848,5044.31007132,5151.29267892,5050.97761224,4914.13092852,4929.0444358800005
4894.100061072,4789.65651048,4907.26364616,4981.73326284,4966.25174076,4922.341940208,4966.8494046000005,4949.89634988,4789.65651048,4786.40993184
4935.099878520001,4919.273256288,5024.03924106,4930.09151796,5013.10710336,5079.061336728,5081.99020164,5005.001346048,4919.273256288,4814.97100716
5343.89999448,5262.736698840001,5432.3398083600005,5442.36316152,5563.704252756001,5557.931920200001,5423.355344760001,5438.513340324,5262.736698840001,5240.33737386
5520.500023236,5319.177699960001,5390.546408808001,5468.50900392,5568.293234316001,5497.993259208,5605.8567577680005,5433.63227592,5319.177699960001,5342.19829104
5238.199984404,4964.499711840001,5059.840358400001,5192.63857182,5222.4488894040005,5169.51635448,5352.53842164,5150.453296728,4964.499711840001,5010.671350128
4893.800097804,4724.523869832001,4755.517733472,4794.2213046,4914.890297100001,4866.47113848,4965.1835922,4825.4398773600005,4724.523869832001,4672.0116892080005
4617.80006784,4434.7179222,4474.881946560001,4443.877939800001,4529.899009680001,4526.61771036,4667.878992,4519.33026876,4434.7179222,4380.29540196
4276.59994548,4131.746985048,4159.761112128001,4222.1727438,4235.036404632,4233.752129592,4322.0103036,4238.896173888001,4131.746985048,4041.26493198
4000.89999582,3722.954281368,3818.852175336,3738.21796044,3963.223688676,3936.419752848,3982.850001684,3954.597511284,3722.954281368,3709.58451786
3782.59996224,3500.9989404240005,3620.870176536,3537.4698157800003,3746.201688216001,3740.193138000001,3830.776544244,3751.48945272,3500.9989404240005,3510.77507454
3685.500030528,3652.344121848,3643.93609956,3502.579316544,3686.575123224,3731.168414016001,3744.877074768,3593.308900752,3652.344121848,3733.8790458
3649.899981036,3601.655089020001,3625.336816464,3407.7822241800004,3652.491977328,3703.404939036001,3760.8909546,3560.156113032,3601.655089020001,3679.50333996
3677.1000057,3601.22615208,3647.09451108,3480.09779328,3779.58706548,3753.768767832,3792.851652636,3595.1314633680004,3601.22615208,3678.60138252
3784.899953712,3641.31566352,3716.301721056,3541.2044735520003,3826.235118312,3885.50191464,3763.402000992001,3683.472498864,3641.31566352,3708.120982680001
4078.900003440001,3880.54192896,3974.593111884,3822.1846584,4136.003545356,4211.605953480001,4040.0120616,3943.56327918,3880.54192896,3988.77057984
4773.10001274,4591.98192624,4645.34488056,4439.4949416,4750.783666284,4917.655662720001,4471.443819,4545.9138258,4591.98192624,4637.43909876
5352.299941284,5156.9275722,5362.4931136800005,5021.01288516,5526.4348017600005,5569.33844382,5264.957652,5336.5282869600005,5156.9275722,5231.750754636
5545.89983916,5357.141681592,5599.286200680001,5373.2959266,5702.476451760001,5783.751711840001,5445.037044000001,5621.903797800001,5357.141681592,5440.53076788
5562.69996684,5339.477321076,5569.840957392,5235.1860343200005,5628.48258642,5673.08520108,5346.2235492,5554.0510064400005,5339.477321076,5452.956206916
5608.69979628,5342.59231224,5612.790321516,5261.822881752,5667.884277288,5733.82200858,5536.30054644,5673.639171480001,5342.59231224,5462.867868720001
5591.69992716,5290.20855912,5574.06611304,5215.030484520001,5616.33912612,5638.362804552,5446.2600702,5644.757027400001,5290.20855912,5393.614429524
5488.300025592001,5175.81971838,5458.431814200001,5031.809846280001,5460.2228551200005,5531.944856640001,5365.37044374,5525.916098208,5175.81971838,5225.8851834
5512.200103200001,5237.3629039200005,5424.79332708,4970.932946688,5464.439272080001,5437.12306968,5228.35191216,5513.748762564001,5237.3629039200005,5180.68041852
5502.8001618,4982.7452341200005,5341.99796442,4896.6336564,5311.43732904,5315.166486120001,5182.552370328,5384.511330432,4982.7452341200005,5037.7911661200005
5369.799905232,4865.218229088001,5225.123279040001,4708.957847760001,5188.819726152,5196.8973168,5004.66841764,5323.4834544000005,4865.218229088001,4868.049954120001
5460.199955076,4921.00815894,5372.805818844001,4737.761772780001,5154.97658208,5344.220946204001,5100.95939652,5454.65194152,4921.00815894,4840.83596316
5815.299936,5262.66725748,5714.55788298,5150.509708080001,5770.17592596,5789.91170664,5548.7888728200005,5843.847747240001,5262.66725748,5288.19436956
5959.3999648320005,5365.84424448,5553.3784395600005,5224.58861958,5793.785832312,5777.752446480001,5669.009032260001,5774.034993,5365.84424448,5438.024090832
5666.000114724,5007.53189844,5190.672171960001,5075.36947512,5493.074470200001,5379.15864996,5266.611604752,5503.60068804,5007.53189844,5024.317357608001
5346.099998196,4792.938980160001,4916.690115720001,4645.404022752,5183.805006636,5062.53569748,5030.643543528,5168.887988196,4792.938980160001,4675.87703718
5027.49999558,4509.25385928,4631.4144756000005,4375.1251416000005,4798.2166795680005,4636.838313960001,4677.735646884,4789.75365036,4509.25385928,4426.326441
4737.199960968001,4196.993618760001,4317.238355760001,4165.659336408,4473.741118644,4284.42458232,4430.0637906,4494.15543504,4196.993618760001,4141.03636644
4362.80008044,3857.581260312,3975.778179408,3782.720782404,4176.88722408,4062.08388084,4098.201424512001,4129.458892236,3857.581260312,3834.279704808
4177.8999756,3608.955482604,3768.974709144,3494.740284276,3896.255494416,3841.351410048,3944.81068788,4001.313874128,3608.955482604,3646.08566076
4024.89998316,3989.967389976,3994.72712706,3665.001526236,3952.1297292,3767.324306484,3897.52112172,3912.661600896,3989.967389976,4280.20543452
4045.40000892,3905.567502768,3967.188673296,3534.2942779920004,3883.5027447,3749.434534632,3869.654577036,3867.36796668,3905.567502768,4244.19228696
4000.70005932,3897.79537608,3973.74744876,3622.2130476,3982.955919264,3763.317344952,3958.387410048,3911.065698,3897.79537608,4212.118064004
4085.100024552,3828.60622866,4043.09576514,3696.760532232,4033.88269122,3854.86149972,3941.798493336,3987.790091244,3828.60622866,4205.542591404001
4346.29995504,4108.301709336,4294.346348232,3944.327836356,4268.83928832,4267.61431152,4212.8761842,4260.07641288,4108.301709336,4423.254519084
4979.3000844,4837.26675528,4940.772457392,4510.575195720001,4885.2448832400005,4958.793270552,4723.93884588,4875.84143076,4837.26675528,5154.459556044
5555.10003912,5474.188761,5592.98069112,5134.817755272001,5530.5753013680005,5679.90371844,5493.569376432,5668.309352040001,5474.188761,5788.3997575680005
5775.79989588,5628.4289449200005,5805.331199640001,5438.44947768,5682.9077984880005,5890.10232504,5639.51303436,5916.817976712,5628.4289449200005,5941.596097404001
5790.2998760400005,5751.444977364001,5758.23006144,5342.960585520001,5709.921891960001,5809.90301592,5703.586733280001,5813.497191480001,5751.444977364001,5902.920107760001
6058.099934712,5629.771972032,5797.63978878,5437.05401844,5644.00526616,5791.691668152001,5694.42632556,5875.012639488001,5629.771972032,5886.35327184
6021.00006888,5627.1661264800005,5750.09605944,5339.093325960001,5549.3327781240005,5771.406481476,5485.801736124,5840.35812384,5627.1661264800005,5799.779987100001
5919.499973688,5569.93240152,5643.107795100001,5265.892379520001,5389.76211156,5694.87613392,5533.532645040001,5754.788968968,5569.93240152,5571.190772592001
5846.800019352,5533.518210600001,5564.325206760001,5144.143573872,5387.425292760001,5581.768096152,5353.447011120001,5695.74063984,5533.518210600001,5542.6712060400005
5667.299955552,5299.18717092,5472.645641340001,5086.0642248,5242.714960200001,5541.468856200001,5219.256498432,5559.71398836,5299.18717092,5447.07600618
5513.000005248001,5198.99362662,5326.35356724,5059.374672156,5033.1698046,5371.294337916001,4996.21841844,5520.58729308,5198.99362662,5297.20380084
5569.900021560001,5153.70206004,5421.19017876,5035.861515564,5067.06655116,5558.742082404,5260.74279552,5595.797747640001,5153.70206004,5177.253487404
5845.999883232001,5658.9222846,5788.790501760001,5456.579251356001,5512.42364196,6076.865799048001,5568.631117248,6050.126428080001,5658.9222846,5814.070784916001
6075.49983288,5684.321554356,5744.47286976,5454.15863478,5649.635478,6076.861351680001,5728.51423092,5925.99609588,5684.321554356,5982.107445600001
5825.400142800001,5344.41768372,5369.7368618400005,5203.191239796,5317.84856112,5608.097451,5471.9797065,5571.432139836001,5344.41768372,5470.40927844
5448.500022204,5120.86565964,5083.145503008,4864.1532405,5053.83485112,5311.593377040001,5119.514518032,5258.395170396001,5120.86565964,5095.64791272
5322.3998961,4761.43249884,4805.61163824,4546.002266004,4665.3469181400005,4851.68851638,4826.5132145160005,4872.61084704,4761.43249884,4887.63222258
4980.79990074,4465.00254768,4505.226260400001,4324.589777040001,4378.384438152,4455.979345164,4447.005531840001,4473.893655564,4465.00254768,4596.13748448
4629.6998982000005,4085.8258038,4174.48798608,3890.135642964,4073.740822488,4218.95152296,4275.12490176,4116.4659456360005,4085.8258038,4237.824904368001
4249.499986596,3902.548325076,3972.103756164,3622.079314464,3829.44596196,3953.7584802,4032.751772352,3945.955456008001,3902.548325076,4082.721931056
4191.19994664,4171.11032712,4119.673785360001,3740.212526964,3862.353247164,3828.199060416,3809.38462614,4021.01360772,4171.11032712,4715.33006784
4251.100024764,4087.10851836,4074.881494356,3652.167748596,3823.3186202040006,3765.547309884,3802.583937264,3988.320615432001,4087.10851836,4699.09697958
4269.00001776,4061.601848568,4080.750888768001,3730.218042684001,3869.778986304,3759.97105164,3804.41722818,3967.61320188,4061.601848568,4606.327028760001
4151.6999845440005,3905.647945512,4148.242155924,3781.6765482,4015.94828964,3769.6784076,3852.287292900001,4008.120024684,3905.647945512,4504.468023168
4328.500066836001,4227.516880644,4385.996030460001,4008.14627976,4323.250261008,4111.136711376001,4072.964405664,4258.195878432,4227.516880644,4693.386051912001
4996.500085080001,4980.01946568,5106.258396480001,4701.92008296,4895.272683768,4754.942228448001,4672.449247800001,4913.92923648,4980.01946568,5480.393775648
5603.800045128,5644.731552564001,5816.019863448,5179.068598728,5434.399251840001,5591.4578577,5429.322347196001,5683.114289004001,5644.731552564001,5959.090209552
5769.39997728,5796.398622000001,6045.348238320001,5476.99001766,5608.8308766,5794.081855368,5561.700323352001,5858.033524752001,5796.398622000001,6066.5928471120005
5763.39993168,5959.09953342,5946.94905096,5341.83196836,5558.137279368,5777.35764504,5611.33388652,5733.3357240000005,5959.09953342,6057.591647364001
5836.19983476,5791.04656572,5995.239274920001,5383.216834248,5571.924744360001,5762.417336436,5661.27314772,5782.974358728001,5791.04656572,5993.873464800001
5891.09986188,5775.890598780001,5943.405200880001,5381.134997880001,5488.533083280001,5729.02762884,5449.255957728001,5759.530721520001,5775.890598780001,5937.63649644
5749.40008536,5731.02562842,5819.42408958,5250.359868756001,5228.607050640001,5627.81372568,5477.31927894,5631.75452286,5731.02562842,5619.88063548
5682.8998400400005,5624.5761198,5714.26899912,5125.84203036,5308.74394056,5516.19571224,5315.74952046,5612.500150260001,5624.5761198,5606.2948625280005
5644.7999406,5401.5542688000005,5623.5990252480005,4981.115312760001,5091.47284848,5423.88025122,5190.550220448,5492.49592224,5401.5542688000005,5498.64811464
5589.799886712,5265.175495008,5450.507891820001,4970.902751400001,5041.52188368,5305.484292900001,5114.891361960001,5452.40680092,5265.175495008,5419.3515432
5604.00002064,5144.052207768,5511.490084800001,4982.652775680001,5031.299764380001,5422.907096880001,5130.117355440001,5461.364463276001,5144.052207768,5178.3490614
5765.30001114,5787.947452440001,5942.941738320001,5338.737419484,5358.624059568001,6005.208986580001,5558.93960016,5946.135533724,5787.947452440001,5997.864548448
5958.700050540001,5752.37045904,5940.326256804001,5310.292716960001,5428.41520116,6041.082042048,5646.078363840001,5967.404212920001,5752.37045904,6260.91957756
5657.799909360001,5473.9137264,5518.9296732,5073.68337648,5166.17556186,5593.1374023240005,5337.29721348,5566.938230520001,5473.9137264,5593.532944992
5332.700039400001,5271.524034804001,5189.389223328,4765.46477916,4951.13400558,5290.6451034,5049.7625835,5232.854794236,5271.524034804001,5178.873538728
4992.19979232,4859.53402464,4907.699410200001,4470.833281200001,4499.0135994,4852.009156008,4688.977071720001,4866.35995428,4859.53402464,5074.52564556
4630.100161320001,4588.6177264200005,4601.90462844,4240.25344038,4233.07874346,4467.02727048,4295.898401640001,4461.476096952,4588.6177264200005,4857.700343604
4210.199961,4188.35090028,4268.7140598000005,3824.22674154,3949.14843216,4143.306708792,4030.159581,4091.500411296001,4188.35090028,4453.672292520001
4082.599979544,4002.687720720001,4065.592776168001,3701.669100096,3777.174719448,3933.985169976,3829.441358544,3940.900827216,4002.687720720001,4382.135988120001
3928.400056008,3992.727254904,3953.1750167280006,3512.187464988,3837.802059276,3674.683914516,3786.462657396,3872.843925072,3992.727254904,4655.966443728001
3884.80008876,3937.311957288001,3913.268393544,3424.09801788,3807.20268498,3634.226675964,3723.55022868,3850.757437320001,3937.311957288001,4598.652198
3907.80000348,3865.60930572,3918.09409992,3490.33376184,3780.908714016,3583.5057313200005,3774.388209324,3848.699476296,3865.60930572,4448.71581792
3984.899965248,3783.74145336,3998.088713076,3600.706824336,3953.503107648,3644.467521024,3805.308613368,3930.912389796,3783.74145336,4407.82343952
4239.200077368,4116.753230004,4252.166885928,3790.51393656,4352.689886568,3881.724460704,4057.443637512,4290.114326471999,4116.753230004,4500.104608992
4845.09997476,4774.97551464,4996.7247942,4374.299803728,4890.620736840001,4554.32949444,4681.572828192,4989.602529408001,4774.97551464,5251.68733008
5413.60000404,5407.73689056,5750.351978160001,5037.187416408,5446.20584352,5395.725329832001,5365.82746932,5734.5168123,5407.73689056,6035.57963352
5647.999977924001,5571.8771497200005,5963.5689432,5234.296014552,5518.13636418,5603.14019616,5514.0154876080005,5856.351639408,5571.8771497200005,6253.03525236
5660.2001226600005,5699.74561176,5847.088591116,5231.3152636800005,5525.16886236,5513.21207448,5518.9608828,5804.767749324001,5699.74561176,6184.52042736
5702.39998824,5628.20170002,5898.370684368,5206.67060304,5541.537907440001,5590.120565352,5571.393556968,5833.587591240001,5628.20170002,6167.75658084
5696.500086444001,5506.1735294400005,5795.168183520001,5114.899047324001,5400.495093,5542.70787732,5504.06298024,5747.408912880001,5506.1735294400005,6106.17496848
5648.299941192001,5450.523301560001,5638.88221032,4975.014070032001,5178.50101314,5328.2224371,5384.840591712,5575.0070824800005,5450.523301560001,5676.522314328
5435.899926444001,5253.54703212,5478.84016176,4884.725867592,5028.05455116,5185.601548248001,5234.16489522,5406.184212960001,5253.54703212,5458.319069520001
5273.70004614,5092.791298032001,5372.78135832,4733.14528776,4776.7088178,5027.352569232,5046.1217886,5240.680367364001,5092.791298032001,5098.306424472001
5165.70000558,4939.351952448,5207.697789,4638.08377206,4759.335876924,4900.083253488,4879.3103778,5155.872297600001,4939.351952448,4957.42625106
5158.39988508,4897.07488212,5233.39460328,4541.664404688,4736.276000760001,5023.91966928,5026.226448840001,5343.771918084,4897.07488212,4743.504339180001
5437.100052600001,5476.64534664,5690.239674756,5050.36941516,5008.996682004,5647.837805040001,5459.7180398400005,5752.05699762,5476.64534664,5548.75356696
5583.699970392001,5404.9717200000005,5705.6810534880005,5079.223626648,5120.56097592,5600.620216020001,5519.51914452,5739.09077424,5404.9717200000005,6065.91185364
5174.7000739800005,5222.760946392,5305.9758441,4837.259577072,4846.9206648,5236.8748638,5194.33734936,5292.9546138000005,5222.760946392,5390.828933712
4869.200027880001,4922.62462116,4941.94648452,4603.804005684,4632.74302926,4849.28830308,4787.583568848,4891.66040664,4922.62462116,4888.19887188
4588.899978240001,4596.709400400001,4711.446033120001,4289.36077068,4216.613299728,4599.4277565600005,4525.12316064,4595.015499360001,4596.709400400001,4748.93500464
4353.600036528,4295.994995352001,4449.261595800001,4054.633525128,4041.43814526,4380.64455936,4209.23480412,4294.59267,4295.994995352001,4619.03284704
4096.2000699,3960.50424018,4124.266160964,3723.278080968,3783.860322924,4052.574822876,3886.85016936,4005.167596524,3960.50424018,4381.494513804
3839.699993076,3753.467283096,3907.701186084,3542.93110566,3663.948163224,3770.89324128,3691.56058374,3761.14141164,3753.467283096,4153.67391372
3688.600002072,3714.533229072,3735.266390544,3536.180898312,3665.26298466,3501.041502516,3722.87824698,3764.626509648,3714.533229072,3794.367268836
3622.800061164,3678.628807956,3647.434812756,3462.826634712,3589.1043434400003,3423.68956224,3653.040056916,3688.440130896,3678.628807956,3692.29966608
3601.3000017960003,3577.882775712,3649.320301728,3462.613161048,3557.6658210240003,3327.8851410240004,3686.468074296,3661.764466524,3577.882775712,3677.15637804
3625.800044952001,3536.69250168,3649.659081936,3587.297190564,3676.450572936,3351.806519184,3652.427919624,3718.053945036,3536.69250168,3731.97213924
3705.400051728,3618.907872936,3690.168986688,3654.23292684,3865.95924336,3535.808372724,3856.62035574,3833.742821664,3618.907872936,3768.047471928
3915.30006048,3945.91102134,4019.55085278,4124.635409544,4068.655530264,3759.17910804,4135.607183436,4057.304832816,3945.91102134,3920.50699212
4158.29995668,4196.60466912,4497.953253240001,4671.145856880001,4490.3880462,4223.475510528,4462.66494864,4334.7243144,4196.60466912,4289.031665448
4483.499892420001,4497.589817448001,4832.512362840001,4945.234415880001,4627.82459136,4528.76688144,4722.93935844,4574.825462952,4497.589817448001,4533.276122472
4651.99993764,4727.959968768,4901.362417956,4997.034159360001,4800.60444804,4597.8387978,4837.71851424,4730.77140756,4727.959968768,4666.7484242400005
4695.7998804,4747.10300112,4946.044695120001,4919.692713312001,4777.757460360001,4787.6007731400005,4892.76249564,4789.1407718400005,4747.10300112,4678.29675648
4658.400090312,4722.6011244,4915.11539634,4858.175392728001,4653.533733432,4846.220399400001,4862.659275960001,4716.986634396,4722.6011244,4583.047241952
4586.600064792,4629.2703760800005,4790.35833636,4828.66929072,4550.9855808600005,4697.644133688,4769.83802436,4594.146312000001,4629.2703760800005,4456.871549604
4510.30016112,4501.3574403600005,4640.23586904,4667.490627540001,4490.81873868,4606.13743044,4640.04373494,4446.037644120001,4501.3574403600005,4330.9918413000005
4465.49995068,4425.14515764,4593.728727552,4635.500202360001,4424.667260640001,4617.49577424,4588.463433960001,4367.163689676,4425.14515764,4141.148018784001
4441.899875352001,4376.638573128001,4518.800719872001,4507.14916188,4373.394569280001,4564.361157156,4609.369184520001,4370.28531288,4376.638573128001,4170.729179880001
4531.8999351600005,4329.139980672,4640.945263248001,4431.342994080001,4359.749966232001,4829.0804772,4639.198266876,4537.122471600001,4329.139980672,4370.3988378
4875.89994876,4965.327936600001,5130.2511666,4927.724542884,4745.58426396,5313.41991888,5244.737732400001,4967.5154564760005,4965.327936600001,4717.408471152001
5088.499939020001,4993.93777692,5228.972046912,5003.39526102,4853.17975008,5191.976343120001,5278.8030108,5054.805703752,4993.93777692,4929.528574800001
4796.799997800001,4797.281913036,4861.16628672,4797.87009696,4629.175967040001,4764.864267444,4978.92010752,4734.453126048,4797.281913036,4581.01526292
4493.600060208,4545.824371284,4534.664091408,4531.001293740001,4392.17182512,4404.776056152001,4663.819676364001,4403.475162000001,4545.824371284,4193.013224400001
4283.49999792,4338.848819088,4317.405834276,4287.39963744,3985.4746900320006,4254.64672272,4380.82791576,4177.20536694,4338.848819088,3986.924258916
4040.59997244,4038.710933376,4090.130699976,4034.254982736,3820.98191844,4054.004183544,4202.68273872,3988.078663008,4038.710933376,3810.622828008
3825.800056488,3749.294910684001,3832.653762672,3702.5611875,3594.280299552,3779.125319448001,3892.938226032,3811.021647684,3749.294910684001,3667.186939464
3678.00001254,3592.066602624001,3665.880466596,3498.35072784,3573.3190349160004,3584.67062964,3684.7346541,3630.51792216,3592.066602624001,3503.778584436
3571.8000246720003,3478.9093317120005,3491.5107538800003,3469.78185012,3635.7560634,3483.73176108,3555.82788768,3586.859905056001,3478.9093317120005,3435.6142822560005
3506.400034788,3445.962527352,3417.721584504,3411.0357859680003,3505.2897922800003,3412.6850572800004,3525.058186992,3521.5592007120003,3445.962527352,3368.272236
3509.1999650400003,3435.29446188,3394.87842,3406.5986391120005,3502.061237184,3391.59634044,3548.324982804,3504.73738236,3435.29446188,3386.973262392
3486.20005032,3294.496330704,3418.5234761640004,3449.5877954760003,3568.1092554,3428.960200476,3562.9298272200003,3565.879017384,3294.496330704,3545.525910816
3545.300031336,3443.76026094,3451.32566304,3463.35832926,3713.14533816,3612.5380716,3698.557581,3702.895481328,3443.76026094,3789.85112268
3689.7999721800006,3605.74569228,3624.09674202,3554.692716504,3876.24787812,3795.285650328,3925.566770496001,3785.833432848001,3605.74569228,4016.265769296
3922.100008128,3894.51037062,3913.760100792,3855.89726832,4244.46459072,4185.468069528,4258.6622278800005,3948.571522704,3894.51037062,4186.490261952
4215.90000432,4227.797884080001,4247.025884568,4223.462246448,4374.414733080001,4408.896503592,4556.60350392,4183.583867952,4227.797884080001,4344.44493444
4410.20005056,4450.335362088001,4397.57206122,4430.0827504320005,4632.126054480001,4521.781002600001,4625.50766868,4413.29214168,4450.335362088001,4611.264933648
4532.999878500001,4532.520889164,4522.4481078,4454.398695960001,4649.08925232,4627.21561404,4707.779178204,4480.456098156001,4532.520889164,4620.465913848
4479.69992856,4572.62300148,4522.417678440001,4370.74136316,4535.464071480001,4656.4535475600005,4727.056294800001,4498.4381724,4572.62300148,4520.0995854
4484.899955076,4477.32994956,4464.83167512,4328.1059286,4424.16205524,4565.24739276,4639.641950352,4443.50186412,4477.32994956,4566.51450252
4384.99985904,4272.39796296,4354.754752716,4242.1663938,4353.97693146,4414.98994392,4455.90611964,4327.93154496,4272.39796296,4452.553428360001
4362.50007816,4446.153899880001,4309.24733274,4258.28654232,4271.481727128001,4371.81477834,4368.390500040001,4258.1447337,4446.153899880001,4357.57812918
4416.50009844,4299.269818680001,4230.9592215,4168.458057288,4171.724649084001,4455.2362836,4384.642743192,4306.46675244,4299.269818680001,4302.11457372
4514.400088248,4253.636467968,4306.434645564001,4324.2593454,4310.0453232,4732.0215471,4502.662781880001,4425.91135332,4253.636467968,4647.027312072
4911.49995924,4837.84179216,4912.81739448,4859.582009400001,4752.341532480001,5114.50046172,5051.17267224,5034.73047966,4837.84179216,4875.147251232
5111.80005108,4987.13681496,5087.851871676,5062.803709920001,4968.580913208,5068.80102468,5132.400844836,5135.9018207280005,4987.13681496,4929.511409520001
4855.70012034,4802.23632,4757.697489960001,4776.08111472,4735.32566844,4804.202914920001,4842.418953084,4819.558974408001,4802.23632,4575.046582968001
4560.000083700001,4490.121204120001,4412.486270796,4414.47440034,4419.81494808,4419.048986472,4496.626689192,4478.715655800001,4490.121204120001,4186.654424448
4306.40004192,4273.019034000001,4187.419449768,4184.62525428,4020.469897476,4189.3265904,4254.69977904,4225.20748728,4273.019034000001,3898.719726408
4013.70002808,3938.723177376,3944.240995644,3962.644555536001,3873.376321836,3888.804904632,3918.250694088,3921.931398264,3938.723177376,3531.6427884000004
3763.40001138,3667.807074216,3696.62668206,3715.354743768,3647.529572904,3681.22220868,3698.589024672,3654.57116088,3667.807074216,3334.33218612
3621.900054324,3482.654912844,3509.74301208,3555.84466284,3554.31285666,3554.824889160001,3507.49514064,3517.56686868,3482.654912844,3248.8886889
