Actual,Best_Baseline,Proposed,autoformer,CNN,impactnet,informer,LSTM,nbeats,ANN
12013.839831255,11934.6707357758,12043.5287911324,11952.100599396,11785.3747738724,11981.669661762,11618.832438462,12292.606037673,11934.6707357758,12245.772632148
11912.329766264,11832.8543880496,11903.729790311,11938.281437851,11761.796993146,11844.155901518,11493.537043264,12114.34758899,11832.8543880496,12097.47608239
11852.550224787,11730.183383708,11995.909612658,11856.12368975,11831.5517879424,11738.747919514,11525.328352594,12023.967227628,11730.183383708,12057.847009845998
11903.890019708,11959.39927305,12122.454896984,12193.056162221,11852.456882428,11907.180462652,11567.5384661536,11893.9455144598,11959.39927305,12134.140162354
12084.420131898,12034.309261511,12214.3211489036,12307.1869128,11867.762034362,12119.9018087604,11532.3012763898,11830.284328488,12034.309261511,12262.843801548
11866.790175683,11953.919527504,12020.89541545,12440.992934848,11570.862452448,11841.0813938922,11544.528925756,11718.086313813,11953.919527504,11908.876598137998
12066.389582744,11879.483239036,12162.658499235,12547.1439619622,11633.8004597582,11693.7455216964,12034.514415038,12044.147645981,11879.483239036,11840.6880581762
12207.149860115998,12175.133930136,12293.586881177998,12516.6635387456,11819.60037206,11818.500230032,11868.81226069,12161.2358019536,12175.133930136,12260.382957538
12386.780491392,12018.197971022,12392.3207347664,12378.514451472,12043.987416584,12087.951168516,11685.75142251,12388.4160292182,12018.197971022,12405.324173942
12432.3402479158,11948.511660566,12288.850879562,12402.592287681,12119.462949926,11921.204777724,11999.404709972,12361.743774586,11948.511660566,12397.6225807576
12235.370200268,11945.55764944,12166.753583262998,12325.060726656,11855.626529378,11771.979795946,11753.4716533744,12209.745476516,11945.55764944,12274.4697670664
12087.029724694,11868.9745865464,12089.712194412,12301.4781540224,11744.655941766,11560.622246593,11654.4918152164,12001.1553534024,11868.9745865464,12075.216675132
11984.7101268804,11788.6041199996,11890.210122966,12157.8285562716,11519.845612106,11425.906261334,11676.398218644,11912.387668476,11788.6041199996,11984.120522631998
11889.660051952,11496.013860298,11795.6934472078,11999.245978046,11458.3500686944,11285.525343282,11639.261936158,11958.285154626,11496.013860298,11790.023323182
11895.390374312,11837.10081648,11945.384941118,12121.266204504198,11534.379067318,11334.418769746,11547.603732876,12037.9109787602,11837.10081648,11803.8324017556
12130.119951876,12151.870218994,12367.687236985,12101.817250819,11837.6415033424,11929.83420394,11829.22411902,12428.319338618,12151.870218994,12421.183390146
12648.259892586,12653.306369856,12810.122032133,12217.900703582,12375.531489239998,12350.166826285,12565.89499433,12656.6702887104,12653.306369856,12860.270339295
12751.6698489504,12970.0417521302,12763.50625906,12560.589953734,12550.506982333998,12432.404439506,12963.481531342,12717.187484402,12970.0417521302,12978.253982925598
12507.160188454,12703.3644294324,12387.754346699,12536.368859466,12193.6643351098,12240.798033486,12627.0949369662,12378.218950528,12703.3644294324,12599.426364962
12051.670441128,12521.1210107556,12070.1777850484,12487.729004758,11875.9585916276,11899.9191259416,11886.7472711942,12158.914322578,12521.1210107556,12028.96678414
12325.509967956,12545.4499229356,12211.3721293476,12415.3755986196,11891.9794348682,11993.468734928,11957.59731628,12240.602363942,12545.4499229356,12376.622646442
12213.46020291,12422.907478424,12053.93461728,12210.966414538,11844.988495394,11971.366062967998,11927.805629891998,12012.51956099,12422.907478424,12321.8785009496
11868.800280922,12194.370442602,11708.573878864,11671.20099596,11592.011734538,11485.763172146,11249.751759406,11634.402642763,12194.370442602,11855.440842974
11597.3101862616,11944.8881800716,11361.590880198,11455.635553097,11234.5550243724,11149.7639236022,10936.091483746,11226.4653865362,11944.8881800716,11478.949679096
11443.5597472902,11310.6744702444,11407.2271075742,11321.178131164,11368.461277146,11203.0862702958,11232.12253248,11289.8426520064,11310.6744702444,11388.047698669
11401.249902162,11327.7367546498,11334.3654597784,11419.687264271,11356.835411459,11122.554576038,11125.793106654,11104.2111552764,11327.7367546498,11404.046179676
11564.4799315518,11444.9837423798,11492.027093339,11543.428783728,11458.11586423,11387.31543535,11257.885422889598,11103.0139771276,11444.9837423798,11428.45595529
11985.900516494,11861.6317874136,11909.891883476,12259.127078526,11641.2123422198,11836.94108624,11546.7994911176,11090.081418245998,11861.6317874136,11845.487652394
12819.459762132,12689.070968906,12717.872727131598,12857.620314781998,12325.617785867998,12777.576496576,12250.2813176662,11219.166413388,12689.070968906,12476.1162169844
12920.94037686,13021.541476954,12986.83409243,12954.795201228,12190.3915623236,13001.662050272,12690.32984286,11171.860805341,13021.541476954,12780.601387996
13099.479850934,12841.318845476,13132.9736849596,12977.5493729044,12445.6007529464,12920.721746094,12805.294684786,11429.6007219538,12841.318845476,12721.523162104
13220.5197330442,12966.631212012,13031.1406653896,12915.1408713398,12322.2408889316,12920.696788244,12789.24279398,11505.669553306,12966.631212012,12763.325564226
13144.860210432,12660.501218854,13002.2716208004,12590.8491505682,12502.49207219,12948.50881797,12846.653835492,11686.248582882,12660.501218854,12733.841857707
13134.010234385798,12565.681355134,12909.707347732,12559.033582208,12611.12860167,12851.409803388,12733.875301226,11707.1428955764,12565.681355134,12634.4526109776
13047.679833259,12401.753204764,12878.374264528,12513.6817744904,12371.934563898,12618.495160676,12541.8522987738,11754.9789078516,12401.753204764,12530.3227703878
12949.049904158,12386.555371585,12820.997165692,12347.2029318504,12278.888704156,12459.245608867,12691.724487518,11661.825829186,12386.555371585,12317.5430229104
12902.730131186,12319.179658882,12663.109813336,12161.880313472,12144.246094976,12386.8938998624,12513.196993212,11683.767273434998,12319.179658882,12217.56826502
12875.0701446822,11980.509121737,12645.297894947998,12080.736353238,12010.061711922,12142.213527672,12438.927423181998,11758.28392618,11980.509121737,12034.634711874998
12825.070286812,12090.6072827444,12746.6530216062,12109.923560499,12039.651738882,12222.5702174856,12541.7624505138,11923.890242384,12090.6072827444,12099.823118604
12974.64967006,12365.31873702,12921.5679170404,12052.518009714,12258.5167093464,12600.156132496,12900.174946503,12157.623502576,12365.31873702,12315.628156827
13354.1999675282,12664.4218974262,13147.90706476,12227.076207556,12764.01040763,12907.441174952,13098.571385194,12444.382210878,12664.4218974262,12577.443490682
13490.229933674,12850.4390428544,13289.7980325684,12363.178351804,12988.9039966776,13152.530256894,13264.221627214,12566.4114221622,12850.4390428544,12944.3883767664
13291.48957581,12710.047542674,13133.839822186,12295.2045491836,12727.0172833716,13061.217470256,13050.199078638,12440.643524947998,12710.047542674,12825.0587063696
12754.829912086,12441.224543696,12702.98846438,11990.054501047998,12389.442495673,12491.988810596,12416.178842064,12059.4450110658,12441.224543696,12346.297860378
12898.799768967998,12275.752999882,12682.9538997024,12136.206672334,12254.468945402,12559.743383462,12651.855819614,12260.8784207762,12275.752999882,12531.395259118
12737.8399056142,12067.9409627,12436.948764834,11776.764714948,12242.642917758,12521.1668333682,12458.9213564798,12200.260994359,12067.9409627,12412.669768354
12323.6297433684,11696.7552387436,12051.2625300276,11242.036788814,11821.225627252,11992.29371935,11844.5106024822,11881.1568126256,11696.7552387436,11908.209225229
12094.639872315998,11349.145897874,11750.440173082,10994.0469058822,11683.0866229498,11628.65784485,11561.029059548,11649.0906369822,11349.145897874,11577.755311460998
11996.0396929722,11827.187558459998,12006.900051484,11823.0052217884,11708.074721864,11767.5069499004,11850.6556244778,11834.563102292,11827.187558459998,11908.112887928
12009.31996462,11778.4592531316,11961.76028566,11813.808154232,11842.864083202,11745.887861242,11807.310128406,11763.8967469822,11778.4592531316,11973.545382429998
12207.010096156,11891.627728846,12162.350519365998,11928.2704448904,12007.207532196,11929.1118239296,11860.9100063916,11910.3395274736,11891.627728846,11999.0815557302
12669.1000966616,12301.917212519598,12661.0849330498,12620.345036518,12245.746675984,12302.216307394,12234.372884582,12339.616144776,12301.917212519598,12645.139562347598
13632.949901428,13151.589845105998,13460.44423717,13298.9176309584,12773.546302958,13205.8216558536,12810.599725382,13226.2012378496,13151.589845105998,13321.915191588
13711.3998115016,13516.3124842264,13636.144506227998,13434.306879179,12813.978019958,13490.804962538,12864.1059615144,13656.902948387,13516.3124842264,13328.344333747998
13891.030043452,13345.105027494,13872.6477882758,13534.87353744,12974.322223068,13221.359015624,13422.0793296442,13804.306506272,13345.105027494,13373.07678746
13975.0597301344,13461.322354164398,13805.780017736,13487.654283554,13144.7120606344,13297.6246146656,13227.0627828316,13746.759694056,13461.322354164398,13445.18999925
13822.200286408,13174.0952369336,13814.125423619,13289.08363907,13189.1271503258,13252.055174496,13526.348934194,13744.25492423,13174.0952369336,13432.584787528998
13673.620215474,13056.199944092,13761.36602619,13141.415527975,13242.845727846,13279.280694746998,13340.837734301,13729.8907830724,13056.199944092,13388.7778707264
13504.0099613102,12969.199873933998,13684.327133124,13147.409405231,13070.6751975978,13013.669771064,13135.97222089,13767.753239162,12969.199873933998,13179.9902811036
13357.260498757998,12909.6141052044,13584.580589814,13014.943619728,13011.9071478656,13009.343078187998,12805.146934314,13669.7713156784,12909.6141052044,12987.548885254
13343.200244381998,12921.130555676998,13404.012541692,12996.2426028916,12847.4947153742,12795.069952798,13153.793124104,13568.321049696,12921.130555676998,12794.331200438
13352.5897868776,12522.470331958,13313.566291606,12783.268883004,12710.035562906,12552.633391154,13208.082737232198,13491.016105948998,12522.470331958,12603.6348574604
13276.2798626944,12697.654971835,13361.410490056,12836.31329908,12755.0199910716,12703.9582265996,13536.979979979998,13451.321643838,12697.654971835,12613.2227649478
13422.4797533896,12976.783566235,13472.0622161764,12883.153193646,12939.362265102,13056.921725114,13175.551377734,13694.217429922,12976.783566235,13043.282759245998
14005.0700472884,13288.541554568,13788.2821689324,12929.143522998,13564.9773966158,13466.6491580056,13602.401493028,13901.55926121,13288.541554568,13570.5779381558
14146.6697070716,13482.056736956,14049.940667658,13148.761621544,13934.081336388,13720.787557032,13272.4912610644,14138.9978636444,13482.056736956,13887.3446674896
14038.300326418,13334.2048362536,13866.652713043,13146.680136854,13669.488193828,13642.8617618084,13349.8454216916,14059.5877751656,13334.2048362536,13517.6691929524
13487.060286724,12937.809886832,13489.18569723,12675.650633804,13311.038560558,13129.41329791,12980.631567548,13490.7138164698,12937.809886832,13060.387871322
13616.7799100758,12801.4189303438,13462.711408264,12664.386157785,13345.4588299756,13214.262999711998,13119.3465990282,13614.458630363,12801.4189303438,13278.08721036
13446.780313452,12702.0624283136,13199.174481916,12468.952715045998,13021.148141238,13133.9292711204,12763.0166858744,13448.099086246,12702.0624283136,13247.1728200476
13070.9197845278,12273.033592546,12852.00679516,11936.486968435998,12725.918239489,12650.635380749,12627.3585916936,13014.748948498,12273.033592546,12704.44600282
12825.210050772,11911.877530022,12553.40109462,11598.81823939,12429.733949556,12268.707398827,12467.2323205298,12764.979770523998,11911.877530022,12335.320399633998
12691.799760393598,12564.8673298984,12738.611302842,12019.700932749,12392.079542103998,12740.491128104,12383.259437914,12547.787574998,12564.8673298984,12443.429819321998
12714.609837654,12498.9646295024,12643.103900270198,12016.799333108,12614.924191498,12762.269947002398,12388.415729723998,12444.1280401336,12498.9646295024,12485.2495921076
12883.7798353438,12635.3321256116,12889.0536287116,12210.018016237998,12546.202252366,12946.4460017518,12454.35337111,12642.3065468784,12635.3321256116,12867.397802098
13248.8002715304,12912.1894558302,13402.448183654,12656.779504261998,12938.9603438856,13468.4163734484,12885.386422064,13029.59188105,12912.1894558302,13393.735897376
13938.569756132,13735.4192463416,14075.272885408,13205.276177084,13519.4811328624,14360.218655486,13945.7961518524,13980.761500714,13735.4192463416,14277.910661128
13981.990425248,14080.276435176,14071.151845216,13428.158263253,13757.713694421,14584.7738160876,14205.598784852,14379.421225276,14080.276435176,13989.828188462
14079.6698595896,13856.2453894244,14156.3516557378,13585.759598648,13824.413548546,14296.278640414,14417.679612698,14409.338699228,13856.2453894244,13922.17444531
14155.0098218904,14012.525356409,14162.7049260338,13566.4358335384,13917.4627027242,14273.97031577,14286.258562796,14222.451323486,14012.525356409,14028.291230254
13904.05005464,13752.054751512,14097.728960524,13289.177979743,13896.9367678958,14307.3755993438,14232.170908589998,14170.606880838,13752.054751512,13988.6028578584
13777.399947344,13558.10430422,13934.1238645644,13413.2733016816,13695.0825688344,14167.7324353378,14244.643843706,13931.164762037,13558.10430422,13967.463958234
13678.519940586,13528.311619518,13728.61633542,13216.64098366,13713.464923842,13834.786031006,13998.1764894556,13756.667960506,13528.311619518,13750.8255274838
13507.150058165798,13431.054372167,13553.704734422,13367.902026841,13473.6176892198,13731.457537064,13813.015797608,13529.256024562,13431.054372167,13553.4821104
13427.56975715,13472.761435302,13314.222183904,13167.865358248,13234.917118058,13537.5732779902,13956.435583476,13240.124323882,13472.761435302,13407.098330266
13348.070020074,13045.37023382,13021.00138908,13084.849559264,13110.727854772,13368.527470562,13666.609056252,13137.3721566122,13045.37023382,13213.8273354824
13238.16962507,13296.013934857998,12931.574417588,13208.114882943,13264.59499665,13449.139329434,14303.933712166,12833.540481945,13296.013934857998,13165.309674408
13387.409581558,13537.757167429,13225.24145877,13322.4985064582,13341.945363684,13865.985340134,13794.3938472404,13371.715586321,13537.757167429,13676.563744303
13953.660270556,13873.777180904,13901.7982575816,13271.369555454,13807.3288020756,14145.768828518,14227.1919173464,13725.93586233,13873.777180904,13946.013185316
14152.3999296002,14015.7514081,14165.5200716824,13736.45310032,13991.074084334,14387.1497729384,14244.726703768,14204.776673273,14015.7514081,14087.9498759056
13961.599861798,13948.6101993556,13963.646804823598,13614.1063253524,13842.742593586,14272.830241182,13788.94445044,14090.032458741,13948.6101993556,13946.465421558
13469.7499212896,13507.0941525818,13515.788768702,13102.3004873096,13389.7632066444,13674.082434856,13399.5920073,13329.642141948,13507.0941525818,13266.185310852
13557.030118356,13425.3567945062,13552.1279972904,13149.0427467664,13406.167901618,13608.697859426,13335.253664942,13316.6034622882,13425.3567945062,13347.36521039
13412.750284977,13361.652082043998,13313.777934174,12929.504912665998,13205.997958106,13496.206839592,13231.1840226864,13264.533800001798,13361.652082043998,13096.584740334
13059.710016116,12942.386657365,12920.091809959998,12389.770940979,12825.53649945,12989.9512280636,12622.35963417,12856.66392997,12942.386657365,12603.577354574
12777.909933452,12572.956069252,12655.230120934,11957.325774872,12471.68410215,12594.490201389,12236.106956,12577.77493093,12572.956069252,12273.824257234
12678.4099737,12569.041680058,12579.793521838,12129.206494566,12487.737989584,12493.9359222216,12171.9679769478,12608.693713824,12569.041680058,12351.461639542998
12658.319902764,12560.3509573624,12463.7149608136,12114.7862481616,12449.770111536,12458.817831318,12104.510202834,12455.524892589,12560.3509573624,12436.889365151
12801.239533318,12712.9719038742,12707.834280536,12165.128827228,12463.758986460998,12502.852463544,12200.088785194,12472.002564316,12712.9719038742,12849.534969696
13233.279883098,12925.754246968,13220.694637657,12467.258576188,12725.816910618,12738.0618308164,12713.09140206,12708.396331318,12925.754246968,13454.894110487
13987.10977944,13892.6417215736,13838.288116518,13224.923994918,13315.3526746776,13490.8143466896,13775.954388671998,13205.138409752,13892.6417215736,14263.699661338
13990.940310258,14086.4633863596,13784.7940598164,13661.246113444,13126.03899659,13484.083813533,13920.812745013998,13383.2939322616,14086.4633863596,13946.679060754
14006.980221295998,13944.68143444,13815.164169336,13435.9062780384,13199.4772705522,13270.753096559,14085.77315206,13501.975597041,13944.68143444,13858.549897462
13890.8196986922,14051.35627691,13839.470619450998,13475.157388902,13216.7084696864,13116.685792724,13929.9407292416,13572.9598155284,14051.35627691,13937.4031263916
13704.719693202,13768.5565824378,13774.512823256,13346.22713243,13238.28942275,13329.788394949,13921.69026302,13581.7789214044,13768.5565824378,13905.20809888
13456.82035735,13611.72874073,13555.355945778,13184.615569697,13307.7427267184,13150.751261346,14063.035552396,13401.6010143936,13611.72874073,14004.2863707984
13344.1300740416,13562.1658448976,13362.448736616,13210.748934431998,13108.4413163864,12805.346597114,13483.3073249038,13204.816952644,13562.1658448976,13768.8118513276
13113.2200458416,13493.740005698,13196.3646273316,12869.839178985,12871.397547139,12751.874902646,13348.860085773598,12892.938667474,13493.740005698,13589.3639115136
13024.090172596,13416.7173851502,12927.674004789998,12881.777516954,12611.5571778702,12524.688585666,13514.881301276,12688.414078294,13416.7173851502,13494.8368532898
12909.5302468284,13143.460574204,12617.6290234496,12970.83111901,12501.96296577,12347.8449475838,13021.1504373602,12567.50227987,13143.460574204,13308.648596842
12825.879919466,13290.57112693,12540.555788382,12948.847246416,12543.6862015918,12312.2650366238,13517.838307344,12458.467423104,13290.57112693,13196.1712539098
12920.619918066,13469.6303232724,12890.5942268764,13146.420575214,12680.9962059484,12819.3242909222,13834.3900996736,13042.275460419998,13469.6303232724,13546.509885424
13350.019727316,13802.50155456,13541.629128278,13244.570814438,13089.442801978,13106.706146823,13674.1359444864,13410.359822104,13802.50155456,13502.1302358796
13582.049863824,13955.244594874,13704.6990281022,13241.797498146,13246.822012508,13333.504618814,13603.39281883,13609.3400748222,13955.244594874,13563.62498064
13453.470015566,14012.743488018,13455.134205004,13236.189968408,13177.550002362,13268.447490375998,13583.230869286,13261.35047615,14012.743488018,13389.255464144
13026.480136312,13561.22902704,13036.1651797516,12716.183180518,12760.227795884,12950.0787665664,12997.1060446702,12709.5480861798,13561.22902704,12843.6275464324
13202.26027049,13418.168135055,13052.5437188984,12970.141284036,12853.7432625316,12904.302475736,12710.2674712482,12840.4089820964,13418.168135055,12992.606343978
13062.139912392,13309.147753842,12816.0687889682,12701.660207603,12733.44702452,12882.674002926,12827.4775213602,12706.412182243,13309.147753842,12728.408533762
12727.7902779018,12910.911314416,12402.427066714,12139.292960065,12303.6565750018,12357.914242082,11998.519205453998,12283.188442554,12910.911314416,12190.223446246
12460.310310748,12528.5084345242,12129.872869161,11752.7868099704,12017.917444788,12113.356263188,11492.903113874,11867.3560200582,12528.5084345242,11908.572112367998
12343.689765053,12261.271456997998,12271.7111259902,11858.5708568582,11792.758703542,11993.906994774,12047.244915166,12247.8637006524,12261.271456997998,12014.103885308
12327.299944957998,12223.701407079,12184.38929923,11913.447877944,11858.595515214,11964.3496126818,11973.707109298,12078.71277076,12223.701407079,12225.845286394
12502.099734788,12443.703357358,12404.7721063,11984.360117992,11876.626064368,12136.296520594,12010.435580515,12083.5102685184,12443.703357358,12454.4305407822
12896.4601202776,12700.365893502,12914.5457763644,12763.5724472782,12320.931699952,12663.2080474336,12351.77660761,12328.2745989162,12700.365893502,13288.52458323
13671.940053012,13606.639335958,13550.476186946,13068.534113562,13079.6150994678,13493.921698846,13280.068863649998,12806.135265173998,13606.639335958,13844.7402199
13738.5301924284,13847.731168644,13528.5239609058,13012.807227768,13264.1184015464,13755.781457674,13492.487121628,12974.794924747,13847.731168644,13618.4401062578
13870.890056816,13779.4005686,13538.52237511,12912.635402694,13269.489231035,13461.932723344,13667.970756548,13100.9188207336,13779.4005686,13676.405511534
13815.620398834,13839.256980255,13533.7091039904,12796.701197874,13369.659558638,13453.6373329924,13547.2332637484,13225.771563504,13839.256980255,13670.9055002138
13545.0000353304,13525.9819539676,13449.2834859756,12773.172933522,13303.5065809222,13468.948374979,13437.945234552,13196.24542864,13525.9819539676,13590.7218182164
13245.729856992,13414.900154176,13236.845860706,12739.8898435818,13274.5727457544,13375.182231685998,13563.622484855,13055.8728964256,13414.900154176,13681.907219988
12989.03038323,13374.442481012,13040.237901546,12391.8363528136,12906.11042239,13104.462436108,13152.935572378,12912.964846314,13374.442481012,13337.7661217858
12912.5601298184,13243.6121335038,12876.137042854,12387.414420782,12781.6789681276,13057.49974892,12906.2574740422,12590.552850973,13243.6121335038,13161.4534869202
12807.489977271998,13187.2182741264,12590.577309666,12119.261290498,12598.73952493,12828.1534797696,13056.207930604,12432.5056685456,13187.2182741264,12951.462829096
12760.829779226,12933.6674827204,12281.573170502,12108.326757256,12449.238010174,12608.946287266,12591.9214396356,12235.90230163,12933.6674827204,12822.367850814
12753.520124118,13089.164272372,12176.306949086,12283.750493336,12376.371071314,12554.473283856,13152.752880916,12097.75561031,13089.164272372,12791.465040944
12885.9898030456,13223.592244042,12556.7288745076,12559.593636362,12533.347961302,12888.592008318,13277.6663211776,12728.431494984,13223.592244042,13193.521528891
13332.4101671758,13438.209787762,13268.6454560422,12710.071102884398,12942.42908571,13214.986777362,13289.895268352,13156.315863582,13438.209787762,13436.4394775458
13422.3000568696,13654.8083857836,13485.553830898,12863.241321759,13283.861458536,13366.063332115798,13519.8142702442,13331.055754572,13654.8083857836,13753.950050641
13193.6601947056,13592.33649128,13271.470784493598,12437.0821395844,13279.0491857304,13297.6641479,13312.394770127,13018.828658490398,13592.33649128,13153.8905595504
12790.7498487944,13209.280414538,12878.320854729,12515.994269039998,12720.328180246,12792.264191301,12504.8704554636,12554.0244418816,13209.280414538,12753.994323267998
12883.309928944,13134.211194994,12878.055802362,12381.2482345296,12605.700269295,12769.4645963376,12494.744157236,12707.612954322198,13134.211194994,12955.136624616
12708.2300122056,12919.110467298,12641.852713334,12143.990526592,12477.904596684,12616.9733308144,12685.0222066476,12496.699854362,12919.110467298,12890.51675771
12327.560005755,12588.8867647384,12238.7708570776,11636.157179618,12061.829284392,12193.779440714,11811.347809379,12145.181515194,12588.8867647384,12255.734308397
12081.719692528,12183.3296887504,11983.664293134,11537.947041554,11959.913404759998,11838.192472839,11465.9559235662,11834.368431062,12183.3296887504,11988.918419716
11923.6702139784,11785.8127342242,11936.795447462,11792.4188774564,11606.935530524,11860.493310128,11790.6838077244,11899.241370567,11785.8127342242,11952.59077157
11797.079905691,11670.035963522,11837.139251569,11731.226621838,11730.178392138,11796.990057431,11640.414988828,11751.6437404404,11670.035963522,11960.580278512
11869.510082176,11649.948887528,11989.035222454,11814.321287628,11844.6956898978,11851.913799612,11643.679475608,11761.1804344196,11649.948887528,12005.9310879156
12044.8799093,11777.228930958,12297.739867418,12064.933042618,12164.641649996,12211.2573232376,11788.382094966,11952.5344666604,11777.228930958,12330.536978103
12377.3501178538,12020.023887328,12682.7961660904,12230.620621581598,12363.0173237558,12721.247128283,12141.919524199,12283.028712314,12020.023887328,12638.322175873
12213.200142113,12187.10970488,12619.6765654636,12220.0746321484,12298.160157612,12679.410284327998,12009.82411319,12408.626097497,12187.10970488,12561.640180062
12525.170272171,12116.178496866,12703.002440776,12507.448202043,12430.983838684,12453.593654156,12547.826509243998,12535.36156064,12116.178496866,12510.9202383036
12698.349998041798,12352.339656706,12810.033681344,12406.513165916,12516.4452074738,12599.6207366978,12521.536908367998,12701.808457232,12352.339656706,12771.481789606
12630.310206866,12103.532853427998,12751.886882414,12270.8257213036,12684.176734521,12677.8704848144,12448.921045479,12711.637856876,12103.532853427998,12698.828489942
12431.390152482,12013.633679414,12594.02748285,12288.4759128236,12425.605921166,12558.378688224,12555.4769887516,12571.3871189696,12013.633679414,12548.2132560876
12170.409908287998,12012.106258994,12382.887066792,11999.280919036,12260.961979658,12291.175952868,12315.219347244,12393.989815943,12012.106258994,12319.19163865
12031.329793378,11889.9771164784,12237.76914881,12043.5704208262,12271.940438716,12184.851518612,12054.6709736864,12112.723332112,11889.9771164784,12076.49651368
11964.87003377,12010.711115179,12027.013083642,11935.513612286,12121.727126078,12015.1495193916,12171.971271384,11962.0610776682,12010.711115179,11941.8975308218
11998.8899792736,11697.1408874418,11775.301186624,11821.0579105,12006.830169504,11840.9177702276,11966.211767786,11805.794687754,11697.1408874418,11759.260776429
12145.3296649916,11982.456333194,11744.49221827,12156.90571481,12013.908215764,11997.04569399,12610.5212274324,11719.851832122,11982.456333194,11908.302567587998
12420.5298938016,12377.331449382,12190.35422538,12373.763475146,12540.320186278,12564.634622905,12922.852647327,12382.67442591,12377.331449382,12701.888721677598
13080.84033024,12704.627695968,12957.0020741564,12481.840948786,13185.483104563,13034.226553795,13163.568614792,12846.1600693876,12704.627695968,13399.445754299
13144.350071978,12994.420280516,13075.8211069422,12651.61023437,13153.3223192216,13182.9982011856,13054.3484709476,12945.425525181,12994.420280516,13600.775239522
12826.780398694,12584.124607295598,12810.2439262724,12465.04531405,12795.0823318916,12901.888053327,12944.998246789,12607.283096142,12584.124607295598,13096.892720203
12416.689978832,12389.903217584,12464.583094668,12431.112122033,12457.067786876,12502.5843164036,12312.10860082,12175.091002634,12389.903217584,12542.262905322
12599.790250415,12494.8475825664,12547.904377735998,12457.9948212564,12546.982933914,12504.344942974,12496.97139577,12339.54226954,12494.8475825664,12675.418026642
12488.320006646,12253.192101796,12352.822840682,12159.684521829,12375.516115204398,12488.658435091998,12421.2968984478,12142.3908282384,12253.192101796,12578.214189089998
12205.070372054,12061.092029503,11976.892729272,11724.886329624,11952.382123944,11929.405927233998,11737.282394562,11790.315829184,12061.092029503,12050.155000476
11921.910086565,11745.713156292,11696.031660756398,11560.5341952982,11735.2562164676,11615.925348094,11465.507880243,11446.77501719,11745.713156292,11694.230103312
11725.699955534,11605.594794822,11708.220475708,11902.98454891,11528.154579528,11557.966232196,11503.0913075696,11834.348464782,11605.594794822,11817.228377995998
11710.710270824,11509.368306676,11601.640473068,11775.4572231022,11638.084923952,11404.576783567,11330.6595185476,11626.3601253476,11509.368306676,11715.721807104
11734.9200841438,11479.7210763238,11681.540534058,11909.9134470584,11504.167090736,11400.666886786,11287.1602821198,11599.3690092238,11479.7210763238,11702.141741762
11838.910060942198,11549.331315253,11817.441018877998,12138.1428025056,11639.9430858002,11547.927685768998,11386.5411430116,11625.364406964,11549.331315253,11825.059153012
12045.8798206024,11637.204411004,11964.4603257044,12563.5236990858,11959.587954396,11783.763894402,11558.907642298,11819.806024744,11637.204411004,12022.349459791
11782.400197478,11706.677581421,11818.447818547,12395.805249951998,11719.3853199898,11495.7300396278,11521.0639545116,11798.475049506,11706.677581421,11888.5044036656
11997.6600564256,11597.052221924,11994.843413306,12429.2264067184,11872.8250836444,11403.789612977998,12046.927451314,11988.53506714,11597.052221924,11845.440731636
12161.489972698,11934.098003034,12137.329775584,12352.672095268,12076.453586178,11506.264049293,11962.882390595998,12076.839933696,11934.098003034,12152.581018562
12200.629871382,11710.6757291596,12157.357951052,12355.498322202,12118.7575412536,11673.69678096,11895.1653543364,12218.208184294,11710.6757291596,12221.338896998
12085.189831992,11640.539778078,12073.141679483,12246.584960249798,12145.2440096504,11565.473553476,12035.300088156,12154.002617698,11640.539778078,12131.8466357704
11916.0798329736,11622.643502157,11919.155239082,12130.664033006,11908.4008016856,11454.5882218796,11870.3800129956,12020.9779760178,11622.643502157,12004.120745308
11703.5500633218,11527.562579326,11842.418835158,11881.2568436884,11795.302407614,11306.027218743,11969.619013468,11809.802918464,11527.562579326,11769.970189863998
11555.810173450198,11509.25449888,11660.398240166,11797.9076078284,11695.1242931618,11132.391962194,11626.347746254,11664.313627674,11509.25449888,11672.779829551
11590.3702068278,11228.670362668,11575.9951840476,11615.870440824,11710.017440908,10923.3875387704,11499.394151502,11609.7304103984,11228.670362668,11493.052361817
11650.7198854302,11461.396324034,11619.356553312,11817.112573571998,11811.047816022,11122.6008978076,11682.1988223096,11567.340400656,11461.396324034,11545.300622478
11881.92012351,11840.5244345116,12052.2182160198,12169.52939534,12078.400298478,11742.486605444,12134.875420615,11916.910530053,11840.5244345116,12060.5660178564
12455.420069618998,12272.427016959598,12693.038268742,12633.187347814,12551.6263918222,12166.759573147,12644.9831265438,12342.75684062,12272.427016959598,12588.505808116
12693.620285804,12643.965145758,12788.471097258,12851.626437526,12700.8973958756,12223.168307403,12843.80564565,12558.326775896,12643.965145758,12859.295485674
12505.8398183576,12384.824794266,12447.831385748,12633.6761223484,12472.7566907116,12089.3065794338,12532.0156114376,12395.5113463104,12384.824794266,12651.1507104358
12100.8301179358,12219.977695859,12143.551268431998,12366.615546906,12149.4277439616,11803.3194680224,11966.87165334,12006.513703966,12219.977695859,12135.7810910758
12426.90971925,12319.3400879418,12265.995478846,12399.685696469998,12124.611255224,11876.5714565922,12246.931674701998,12101.0407621898,12319.3400879418,12383.426655509
12405.180416726,12114.95156896,12099.780191102,12321.1096993382,12000.16043367,11877.4670440816,12236.795293503,12048.368018416,12114.95156896,12271.066913966
12102.6199951064,11905.283666052,11795.5923179996,11849.001717674,11591.811073424,11401.498482348,11553.129400866,11658.781470643,11905.283666052,11818.474273868
11868.060031091,11599.529637946398,11471.077474049,11649.333926103998,11454.040247325,11095.1135197944,11414.068253922,11370.090026437,11599.529637946398,11456.8214502976
