Actual,Best_Baseline,Proposed,autoformer,CNN,impactnet,informer,LSTM,nbeats,ANN
24983.00000608,25226.09701192,25211.14768808,24571.7780256,25788.10240712,25528.49786576,25182.37651024,25359.67985168,25226.09701192,24913.17392592
23731.000118144,24329.94742536,23916.0463208,23903.40357648,24417.33924792,23956.2352312,23973.19359072,24072.3777396,24329.94742536,23442.48193856
23482.99995048,23426.33219336,23404.2217352,23099.95528968,23600.04246752,23254.14570432,23615.1110548,23158.5902788,23426.33219336,22747.02321304
23423.999957856,23343.88836912,22961.10231736,23413.34948676,23683.156544096,22940.87384448,23110.30415952,23298.6633448,23343.88836912,22521.51899904
23945.99988704,23419.80508152,23034.506136784,24553.6282612,23653.40978312,23461.89155112,23509.15798848,23415.63864808,23419.80508152,23131.85498116
25101.0003192,24125.1446396,24097.02879592,25157.91766888,24118.15563808,25045.5284752,25042.75713712,24369.239196,24125.1446396,23901.7715936
26169.99992576,25743.69624312,25677.8337256,27284.7876768,24582.78509848,25965.36558424,26198.9432364,25829.11304672,25743.69624312,25198.0565788
28975.000624,28731.50566352,28653.0036804,30004.21378304,25523.22404464,28823.32621712,28677.55227672,28718.36250456,28731.50566352,27729.394404
31732.99964152,31360.4825408,32172.285416,32121.9447688,29588.79463112,32187.62490752,31558.31722688,32392.8121232,31360.4825408,31009.97835632
33767.99991504,31921.06251248,34219.58867648,32980.815308959995,32363.199134,34817.54277744,34431.71120464,34786.54043064,31921.06251248,32647.95063808
34924.99954672,32974.33082048,34827.22237856,32914.42245848,33565.45206896,35050.86059104,35077.20510624,35252.197769759994,32974.33082048,33048.7733384
35169.99984952,32528.21629192,34380.5566152,31877.02315528,33790.190292,35147.7934888,34233.5408596,35273.5610896,32528.21629192,32473.0915824
33516.9991448,30287.9701956,32031.9480032,29845.35242192,31757.54536896,32623.980326,31300.06679688,32969.19347608,30287.9701956,30527.21060704
32404.0007552,30356.56470656,30780.83927136,28825.16393968,29374.8446264,31660.453453280003,30308.8515436,31682.80284816,30356.56470656,29344.4304
32236.999152,29376.3999692,30766.1325728,29044.21194416,28424.29615696,31280.07439184,31217.90658192,31210.768808480003,29376.3999692,29155.6601452
32629.00045616,30242.8570576,30867.20567424,30387.9936968,28554.83839376,31326.35270496,30145.22661216,31420.767135920003,30242.8570576,28953.43361368
33908.00002952,32452.86065048,32564.84164352,32240.595498,30873.23933872,34154.5708392,32424.2919336,33930.73795272,32452.86065048,30288.74930144
37566.00030992,35119.25510008,36078.03438624,35729.3851376,35315.000012000004,37762.28457128,35787.6541396,37460.2337208,35119.25510008,33941.18477432
38804.99990912,37120.73947808,37281.40126632,36879.99208496,36522.79767232,38159.33961248,37411.03406816,38226.8025552,37120.73947808,36227.58951048
37673.0001076,36521.1140496,36069.56996072,36327.6367824,36025.78060592,37155.53530392,36098.91819328,36826.39853768,36521.1140496,35144.246323600004
35275.000447679995,34062.54864432,34482.35964168,33959.4890484,34122.67545104,35135.99706408,34233.271184879995,34545.8102508,34062.54864432,32732.76456704
32393.0006496,31816.07175048,31905.4652316,31341.69383584,31837.32441352,32358.01752688,30896.5989892,32022.76635768,31816.07175048,30178.23676512
29178.00011376,28210.49656352,28839.83703136,27820.49650808,28128.6215972,29318.52769232,28130.09374248,28944.86181008,28210.49656352,27197.81512056
26492.00014808,25756.72464688,25977.16569752,25514.42314048,26075.4379524,26450.88786816,25771.69979064,26411.53175264,25756.72464688,24597.59261768
24828.00015744,24733.7959744,24718.44090896,24799.53513008,25105.02453816,25197.9807584,24446.23009904,24410.9957444,24733.7959744,24753.23591512
24014.99972976,24222.83861024,23864.41221856,24184.14602568,24255.63441688,24094.37098352,23986.47855432,23313.2065172,24222.83861024,23936.9850464
23956.99999264,23764.13748544,23551.72335612,23397.3712596,24246.20194928,24053.18534224,23687.09617208,23049.667265936,23764.13748544,23511.0506296
24583.00026448,24029.54823008,24139.6734676,23928.3907016,24989.4459696,23874.828712,23827.72498112,23628.1081058,24029.54823008,24269.37922096
27505.00003672,27304.1669612,26562.61517024,27062.28595064,27031.42622816,26008.8307556,25353.55438304,25460.3193424,27304.1669612,26584.91948272
34081.99965072,33643.69995128,32448.72987312,32595.5312824,31526.68249696,33064.2345524,31738.23698688,31518.4717624,33643.69995128,33534.639478080004
40563.001212,40730.1503576,39678.996824,40339.95275928,36891.85203488,40405.5078968,41765.0660304,38976.51385072,40730.1503576,40659.8586992
47081.99822,46811.7046416,45605.76806472,46968.902872000006,39059.41628592,46102.70480248,46819.56004488,45655.45173840001,46811.7046416,45804.2892328
50043.99960576,48914.44900808,48247.29793136,49335.66985504,41602.7529968,48907.23008632,49283.59558464,48994.2952664,48914.44900808,48051.5812984
51132.0002144,48799.576184,48837.9945856,49548.73624472,43720.38808,49372.72266976,50119.43188728,49709.70951136,48799.576184,48118.91964976
51656.0011464,48471.3681152,48820.7403216,49225.8425712,44183.6363796,49419.8546796,50189.5362488,49505.79198,48471.3681152,47581.4046536
48768.000880880005,46872.5822752,46482.55107192,45985.46064416,43069.295764,46709.76104,49258.41501504,47542.058374240005,46872.5822752,45037.63269264
48300.9976272,45679.443772,45493.6633,44758.2750928,42133.28268,46160.12584552,47836.82104,46866.6723824,45679.443772,44491.1454792
49301.0010796,47508.2400168,46221.2686456,46059.324468,41632.5688568,46750.0831484,49055.3040488,47673.3604544,47508.2400168,45147.9509648
49996.99915456,47596.5154544,46174.31163744,46636.1394316,41529.40147296,47237.5079096,48402.6543408,47551.3531356,47596.5154544,45462.09988224
49627.9980712,47957.0189152,46193.4097716,47635.4297624,40860.13275296,46941.67515159999,49643.1949384,47892.91584080001,47957.0189152,45747.94606896
48652.99936704,48306.9730944,46114.1077808,48402.9186876,41628.6712784,48653.23625456,49708.95212704,48753.10196736,48306.9730944,46001.65998
50545.99991672,49464.1686296,47953.1295336,49592.04034896,44291.3648728,50003.19183696,50504.9900968,49878.91277504,49464.1686296,47304.33642
49949.0011528,49264.4822864,48376.73401,48807.57462144,44134.5887776,49054.857323200005,49343.987148,49095.3741056,49264.4822864,47794.207926
47241.999756000005,46347.2739536,45399.9451872,46293.7980304,42854.4842756,46509.6177252,47341.472022400005,46449.707314,46347.2739536,45298.5938044
43499.99907904,42846.0272272,42024.2898304,42358.8996,40092.81063264,42854.3695204,43602.0221896,43143.517788,42846.0272272,41257.065252
38881.00022888,38284.54737184,37780.535976,38577.85018752,36626.5248976,38553.67577512,37579.60207984,38338.20772304,38284.54737184,37251.04031912
34724.000486000004,34211.710732,33944.2819352,34555.26853832,32547.02098064,34252.71235512,34441.78179312,34355.09038712,34211.710732,33177.61637856
31302.00001216,31086.9717184,30570.29339768,30922.867684,29978.8873104,31075.610133920003,31095.205404,31451.592022,31086.9717184,29787.5535064
29314.9997896,29385.035298,29555.9406272,28315.95208408,30395.454834,30170.87521904,30075.40790912,30087.634256,29385.035298,30391.52569792
28326.99973112,28755.03621728,28538.623484,27703.3962036,29028.4724488,28854.86504448,29442.89446,28357.71314072,28755.03621728,29104.8092472
28063.0000656,28115.13868088,28033.46371648,27683.680030720003,28977.1461364,28675.16331936,29638.1401868,28255.864622,28115.13868088,28921.96609848
28480.99998,28351.81677264,28482.05285896,28253.81788104,28896.37322984,28555.82528848,29709.2986568,28454.65054672,28351.81677264,29254.962328
30542.9992832,31529.0948152,30904.1093072,30141.6388728,31203.63800232,30525.25976864,32068.0897436,30020.0229512,31529.0948152,31251.63231552
36523.9993232,37177.99002768,37063.1971224,35726.100679840005,35397.3532616,36970.37328048,36714.13926328,35099.8422088,37177.99002768,36909.87761776
42407.0004716,44480.2847192,44564.93143344,44208.41899456,41909.90512576,44460.2046084,47841.0178016,43056.99769511999,44480.2847192,44689.14738
48832.00067559999,50060.81124256,50143.09318,50487.3259928,45673.4642064,49632.26163672,51716.4853336,49272.470068,50060.81124256,50147.2899416
52475.000812,51839.9168464,52470.1298636,52879.19485616,48582.09622736,52275.8657036,53028.26432,52130.7413596,51839.9168464,52906.8307772
52901.9987636,51997.08884704,52833.2952352,52492.6157352,50743.18336704,52798.43957272,53858.66737376,52814.7212864,51997.08884704,53257.3894704
52533.0013688,51306.0592624,52221.2360808,51618.2098,50589.4335304,52302.8003884,52972.5342768,52627.10637056,51306.0592624,52704.6382624
50004.0016808,49196.0635968,49539.3619744,48808.2463492,48276.1367328,49338.10758336,50513.65698328,50204.90688816,49196.0635968,49841.8730752
48743.0018704,47960.2914876,48660.60640728,47922.293172000005,46803.8623532,48952.3686344,51420.85790544,48799.07372016,47960.2914876,49132.5179048
50010.00009904,49767.392852,49238.125476,48741.7395632,46994.61377456,49659.809852,50860.72056096,49227.4573408,49767.392852,49340.48465536
50170.9991856,49659.89755776,49397.4261856,48829.9740168,47640.2064476,49881.54845608,50170.490984,49096.5626416,49659.89755776,49107.5955344
49963.99883776,49650.5536156,49192.42175856,49619.90782959999,46987.77846304,49944.7388168,50384.1323792,49166.7026592,49650.5536156,49250.51248016
48890.00082256,50491.49529512,49136.7556504,50478.7480416,47320.63698632,52043.2589624,52766.724924,50346.20783480001,50491.49529512,49399.4446476
50773.0008664,51304.15637528,51467.48458256,50695.532909600006,50313.3980936,52697.871804,52997.2148416,51926.061116,51304.15637528,50752.73427840001
50367.0010672,51348.2768808,51500.1185024,50527.615314,48559.5206008,51769.18461,52000.28314,51421.6997168,51348.2768808,51155.5865064
47564.9987584,48268.8415808,48276.456408,47281.2173456,47041.7806208,48822.930506560006,49252.33708784,48876.13306648,48268.8415808,48443.1342376
43973.0011608,44004.2514608,44533.98318552,43756.7531832,43798.7781768,44833.0299088,45426.15609456,45114.44531528,44004.2514608,44480.579804
39430.99977112,39740.6449568,39813.8423808,39354.38018312,40085.435152,40435.7172032,38944.48690392,40165.3252632,39740.6449568,39383.932516
35118.00057984,35461.7514208,35760.813718000005,35424.625654560004,35866.44301072,35809.185084,35735.96020072,35647.07123264,35461.7514208,35432.89704544
32680.999316,31998.123908,32204.70662888,31559.87215984,32841.5623328,32525.3359364,32705.7085696,32847.57796432,31998.123908,31889.82245848
30620.000022400003,29897.0627544,30198.52302544,29566.4366296,30899.74533088,30724.35102416,30238.669722320003,30437.25318608,29897.0627544,31360.7776256
29563.99972096,29151.5842864,29152.5310168,28891.39900176,30061.53236608,29497.9400704,29663.92035232,29466.5791136,29151.5842864,30065.6422416
29294.000407680003,28437.53521848,28629.8251792,28425.70395736,29497.93474248,28950.27743584,29668.17818008,29102.276436,28437.53521848,29668.2224428
29659.999822880003,28522.67783912,29236.1445244,28478.2991344,29662.64779912,29178.61077536,29732.80953824,29417.76184168,28522.67783912,29874.04736952
31803.00031352,31002.92255088,31419.39417192,30333.103825600003,31998.31735248,31612.04479184,32238.6549056,31815.08239672,31002.92255088,31409.77686648
38356.99929688,36592.5450632,37330.45214704,36209.68974848,37861.30150544,37702.896706080006,37220.41707432,37904.63839688,36592.5450632,36950.18907032
45108.00099112,43983.4684744,44715.3812384,43007.0123792,44472.25021584,45201.3818056,48273.15063856,45193.4636968,43983.4684744,44620.9827912
51279.99917616,49689.4166936,50028.5879824,48964.9630176,50063.1497896,50370.71667664,51829.4331392,50542.195372,49689.4166936,50921.39327456
54283.99932576,51683.5628864,52246.6932924,50994.851356800005,53050.82355296,52743.978804,52835.9305064,53055.2031032,51683.5628864,53818.77846624
54771.00113208,51847.2160968,52373.13671936,51856.01946,54246.0403548,53294.3447432,53650.8604608,53387.38088224,51847.2160968,54933.344084
54344.99950152,51267.63102464,51828.07410976,51797.8488196,53917.78638392,52583.1719324,53295.51524624,52375.5285456,51267.63102464,54569.0209144
51082.999744,49049.6359616,49265.584756,48952.1924032,50899.84470704,49979.94571216,50153.318688,49850.631356,49049.6359616,51682.616156
49751.9992616,47633.1428552,48396.06657264,47791.4599488,49906.1605776,49377.0940232,50333.02942960001,49508.3985624,47633.1428552,51354.8527636
50187.9993488,49341.5301572,49226.977828,47750.9349696,50136.6545936,49520.3187588,49922.353356,49491.5029084,49341.5301572,50944.6131696
50377.99871376,48979.88775104,49268.8142952,48369.7605824,50584.1711848,49383.0530968,49744.17295696,49432.383898240005,48979.88775104,50501.3835048
51084.9997632,49331.4009616,49173.1617376,48817.41447,49869.9081804,49052.9454196,48905.704252,49166.2928192,49331.4009616,50683.7049272
51262.0014624,49704.216016,49705.05331912,50125.87867048,49495.6402432,51401.1810772,48909.8764232,50072.117088800005,49704.216016,52264.916828
53109.9987112,50793.5277028,51581.3692824,50777.89599536,51966.6065872,52837.03871376,52291.26954,52395.2398004,50793.5277028,53568.47319448
52498.0010328,51310.6105356,51836.8963256,50892.3298808,51146.488058400006,51704.0835752,51535.18277344,51865.6752904,51310.6105356,52198.0801208
49274.9987808,48351.7829508,48361.8219816,47568.867648,47977.78714736,48608.35180728,48580.11260176,48463.8270592,48351.7829508,49505.47353432
45394.00127768,44381.7550848,44619.8803216,43806.162264080005,44238.4340368,44608.3023416,44605.9990408,44449.83483672,44381.7550848,45620.76943824
40910.0004448,40025.6743324,39937.534142,39770.45262,39762.53205216,40128.57654976,38796.13711912,39713.6365008,40025.6743324,40713.73339672
36592.9999856,35573.698397119995,35869.9151752,35169.79861808,35631.7079704,35755.833752160004,35460.8538712,35074.4075384,35573.698397119995,36251.65777432
32984.999775360004,31999.9354008,32408.6319472,31795.2346652,31846.0343332,32040.808744,32336.918144000003,32097.346172,31999.9354008,32950.971170000004
30820.00030304,31063.922316800003,30864.72245368,28601.495399040003,31149.3616616,30882.73738072,30922.97916048,30554.3231624,31063.922316800003,31977.21223184
29669.00031912,30152.54143648,29824.55550096,28002.3334996,30555.79530768,29777.4038188,29957.05841232,29748.92526672,30152.54143648,30627.39107696
29244.9991176,29497.21137488,29309.00915832,27997.39410792,30133.26994,29237.02117216,29678.88279104,29133.29845512,29497.21137488,30280.6566008
29674.99996688,29478.816936,29533.88590728,27918.88556736,30393.7191616,29303.48861352,29350.21160304,29546.44955248,29478.816936,30110.16070176
31967.0006584,32016.71670944,31483.58331272,29606.59193312,33213.97902272,31913.77186872,31660.91042488,31171.43646368,32016.71670944,31349.666043520003
37734.00028336,37583.01604704,38133.80699032,34856.798892,38723.24666528,38513.96760704,36819.77101504,37730.8674664,37583.01604704,37284.46441048
44509.99934872,45077.5609448,46032.7750328,42325.7886264,45060.35340256,46009.69120464,46042.049712,45414.482212,45077.5609448,45487.478814400005
50007.00048008,50650.4996904,51814.12315616,48301.2271376,50950.4738816,51317.8298672,50222.70992792,50755.943325600005,50650.4996904,51651.7265152
52944.001216,53201.65655832,54015.39018976,50432.5795656,52995.809090400006,53471.4120168,52445.9554512,53444.8543848,53201.65655832,54722.6330448
53498.9983472,53083.87305056,54021.6304136,51314.4384412,54038.560904,53972.1135448,53248.725452800005,53984.6341568,53083.87305056,55670.8470656
53369.0011976,52532.6079224,53435.8133144,50751.8039416,53506.9082592,52764.37899984,52395.00250304,53155.70693688,52532.6079224,55540.68761936
50154.00025192,50545.433108,50510.2401472,48082.6389736,50895.5061408,50296.9020336,49593.8420056,49969.51487432,50545.433108,52461.127728
48570.0002096,48553.2992296,49467.88178,46414.3811552,50159.92694816,49525.751188,49322.060708000005,49309.15771528,48553.2992296,51712.5795584
49576.0016704,50511.3508136,50691.8976288,47070.02392472,50207.87003136,49969.9132388,49383.6678568,50233.1227328,50511.3508136,52043.8573288
50959.0006028,50358.7735292,50982.2569736,47085.78760064,50633.44870704,49869.770884,48909.3333852,50369.673224,50358.7735292,51772.6436596
51529.9999368,50411.1654256,51130.274788,48431.4742896,50465.02004096,49571.854089600005,49826.360631200005,50412.15314,50411.1654256,52028.3202944
51165.99931128,51317.9364256,51380.8735052,49350.9503296,49706.7857128,51717.0263224,49368.1861508,51197.68773024,51317.9364256,52891.68268096
52697.000894,52049.586892,52663.342784,50394.5464136,51733.82689352,52599.51717128,51222.0051768,52516.8495744,52049.586892,53084.89888008
52315.9992856,52128.1716628,52082.8228668,50234.5735664,51795.83609536,51390.6420416,50732.5107236,51411.4701104,52128.1716628,52135.7393584
49152.00005904,49246.4370312,49157.182076,47308.32293368,48356.2030752,48542.237648,48331.80284096,48215.369756,49246.4370312,49959.628304
44845.99970544,45162.41995616,45574.4898956,43814.01315912,45172.0372616,44630.1283708,43911.7977044,44517.5637656,45162.41995616,46144.8416824
40186.00005184,40891.83100808,40803.51007824,38994.34393992,40353.007392800006,40151.1243072,39363.0839552,39610.00599776,40891.83100808,41270.6391528
36708.99945984,36323.88141848,36734.890692,35191.52505616,35597.441248,35844.9374764,35730.9999072,35260.235961679995,36323.88141848,37223.26177376
32590.0004916,32985.77191392,33050.63893008,30993.49049312,32649.45065248,32356.9019424,31981.3450584,31738.74272944,32985.77191392,33658.38492832
30356.9995468,31028.7273068,30655.99299088,28556.92447936,30958.15367848,30227.851995520003,30576.64960624,30343.7145832,31028.7273068,30868.0966664
29398.99977632,30037.6378744,29550.447131840003,27749.75279616,30025.39677328,29114.77819536,29441.78707232,29462.21554712,30037.6378744,29524.58950656
29169.0004372,29489.73753264,29085.22217392,27755.67293496,29068.5834896,28714.98419344,29036.22498224,28934.23670808,29489.73753264,29147.80269272
29597.00003776,29652.6075388,29521.3952136,28208.03670384,29335.3155584,28467.38591488,28892.52893064,29570.25101048,29652.6075388,29294.655332
31829.9993432,31947.41604416,31277.02190352,29332.87946944,31170.902852,30948.6712104,31260.62830352,31339.77865352,31947.41604416,30838.95417352
37805.00014528,37431.0223748,37732.08387152,34385.954208,36476.67345904,37456.646801120005,37083.70387664,37679.375168800005,37431.0223748,37135.61257168
43992.0013432,45241.76088176,45579.14116976,42287.130468400006,42578.06727776,45106.118596,45151.7706736,45117.803134400005,45241.76088176,44802.21158016
49515.99986488,50785.12926152,51316.50608399999,46672.9615064,48254.4193112,50038.706932,50075.88597744,50242.8523344,50785.12926152,50731.2217768
52120.9994628,53227.733448,53518.0477104,49087.9764936,50001.3049336,52562.96723024,51837.7323992,52370.7457128,53227.733448,53768.76855992
52774.999593600005,53270.5986136,53604.0157488,49201.00339832,50384.6036952,52616.9775848,51951.3728344,52702.90996712,53270.5986136,54416.7489608
53036.00045984,52328.34489592,53030.35286464,49093.1773632,50017.2804968,51511.9669768,50979.0520248,51320.20816872,52328.34489592,53880.4528288
49962.00127759999,50401.0341808,49983.3949256,47490.21402408,47197.46941048,48869.17521279999,47615.509489200005,48419.7487672,50401.0341808,50910.7685824
49179.001957600005,48056.0690464,48871.0850672,45420.3203828,46219.26698704,48384.2976072,47664.0283976,47704.118946400005,48056.0690464,50108.9289176
49715.000545760005,49808.4629184,49953.775788800005,45027.10390304,45677.54375376,48664.82775928,47934.0309896,48638.26193048,49808.4629184,50251.6761896
49019.0004216,49625.8320668,49854.24491528,45687.9151648,45822.5353096,48455.464274,48247.8126904,48437.1300816,49625.8320668,49905.549916
49037.0005944,49735.6036124,49849.299376,45875.244832,45714.6941104,48005.17511520001,48905.626382400005,48654.51864392,49735.6036124,49280.1094856
48455.9991152,49690.978184,49824.0614288,49255.50556088,45853.0151104,50090.3959528,49074.957926,48710.9318904,49690.978184,49503.2140864
50697.0001368,51115.31275912,51270.49170784,49715.39891024,48949.0366352,50564.4660776,50801.5995016,50481.13044152,51115.31275912,50386.8578152
50124.998744,51500.9504776,50980.765156,48711.62452,49105.52010464,49606.73434248,49931.52393584,50260.18323848,51500.9504776,50337.742589600006
47273.0000536,48473.7246952,47998.05783376,45889.1834904,45628.84328624,47253.5592932,46659.93023376,46958.83597207999,48473.7246952,47868.79511744
43348.9992688,44403.3823416,44259.9342432,41272.2539224,42662.43816968,43152.392873200006,42961.53899184,43201.963021200005,44403.3823416,43759.23517424
38883.99984784,39932.28450144,39976.248448080005,36820.82266448,38292.2253144,39151.2499544,38216.03318952,38538.0698876,39932.28450144,39333.4361296
35114.99973136,36014.14319912,35989.469601599994,32856.1608336,34493.04376064,35004.28268488,34686.847260480004,34718.1951024,36014.14319912,35638.500658560006
31647.9996452,32375.70868032,32349.06457208,30525.90731584,31559.20576,31726.850812,31474.9201148,31357.23128008,32375.70868032,32329.29348064
29325.9998952,29918.92362,29655.8186352,28605.919212,28793.43412688,29007.7427416,29003.83163848,29729.56688416,29918.92362,29479.51079512
28136.99954648,28717.50798816,28328.15056184,27963.87083528,28288.52600112,27907.04815864,27805.64841472,28600.24415752,28717.50798816,28117.57190096
27668.99997176,27885.46434488,27670.99302368,26511.70484544,27288.68976344,27393.22806208,27045.309968,28132.60278296,27885.46434488,27706.45811824
27434.99977456,27422.31112816,27402.56585664,27545.098372480003,27078.108233680003,26752.3337948,26615.498464800003,27479.93545184,27422.31112816,27626.41636624
28383.99986848,28342.29209104,27792.74788104,28495.77307264,27332.23772248,27795.12208416,27481.80268288,27985.98416232,28342.29209104,27869.63796344
30681.999388080003,30094.06628496,30296.3514236,30943.15230496,29774.6763336,31656.77923768,30186.53971368,31300.8139352,30094.06628496,31190.67271392
33981.000730320004,34457.42456624,34171.2841144,37343.5297316,32842.29307752,35846.36904752,34749.31179456,35751.84109088,34457.42456624,35780.393824
38330.0002672,38624.29694488,38417.08839832,41564.24606976,37039.52148528,39624.1848224,37952.1236888,40191.6943688,38624.29694488,39521.208424
41988.00013776,40963.99973368,41358.1645832,42998.6680368,39673.0172584,42369.5595384,40128.3085144,42441.81555992,40963.99973368,42640.35722
43237.00065264,41234.868317600005,41973.039338400005,42600.0535544,40397.35453984,43046.426692,40687.3302744,42820.4532112,41234.868317600005,43773.790232
42630.99893344,40612.8152148,41023.64661776,43138.0751128,39608.68221456,41198.88559512,40063.5128104,41493.1597316,40612.8152148,42633.21944656
40448.00010799999,39172.765324880005,39097.4174704,41267.30961264,37938.754708,39490.388456,37827.5282304,39291.06932944,39172.765324880005,40725.7404792
38005.00001608,35573.650036,36185.41287608,39032.2775008,36914.65225376,37818.4215856,36019.80186,37133.41787848,35573.650036,39093.77481248
36933.00038072,35879.5054312,35314.68689424,37000.057172,35056.903272,36511.79756672,34705.6744904,36701.83463696,35879.5054312,37842.71034336
37197.00004624,35546.22272352,35055.5426032,39366.9405496,34791.71097208,35959.592265600004,35125.342453599995,36617.575221520005,35546.22272352,37428.65800784
37034.0001208,36303.45786176,34877.055234,38758.74700608,33343.29051,36112.0629916,35131.828171600006,36886.42247456,36303.45786176,37358.9725028
37602.00024568,37891.63786224,35071.95546568,42354.0388976,35346.12981904,39513.54564552,36255.781174560005,37951.03310456,37891.63786224,39662.18272816
40897.00032,40820.5774552,40116.0502,40865.1721456,38951.7849248,41991.0682,39984.3563128,41153.703604,40820.5774552,41838.566736
41382.0008776,42396.9163584,41690.53088864,42654.7139152,40866.4221576,41873.7023192,41054.5919968,42426.16950808,42396.9163584,43084.8287
38900.00041128,40057.4307848,39587.77627616,41849.987337440005,38527.489868,39800.073396160005,39267.65967848,39480.76787184,40057.4307848,41200.9110244
35933.00061688,36824.04605608,36491.48794552,37399.0753468,36084.83281216,36695.98990872,36272.16411872,36374.1946064,36824.04605608,37890.778017920005
32958.00033584,34210.2619476,33801.73056672,35495.0345272,32942.27723408,34020.17036864,32835.28686272,33320.691932400005,34210.2619476,34930.40533632
30205.0001368,31021.014118,31041.07701552,30429.49327552,29647.16650296,31085.5700656,30212.541192800003,30241.9738524,31021.014118,32450.74054816
27729.99973768,27972.9192828,27849.97998784,29038.038934080003,27736.42807808,28333.72151696,27365.39664736,27734.52273192,27972.9192828,29909.784188
25612.99990648,25973.60746664,25661.64996368,24926.78225328,26451.7653356,25817.02686512,26067.87804376,25991.32444,25973.60746664,26221.47869864
24409.9998332,24975.7552644,24476.11399248,24383.9647472,24796.35682088,24408.5285076,24443.3976948,24601.30207952,24975.7552644,24755.01380104
24140.00011008,24015.55916136,23906.44745816,23528.52087928,24369.79248,23471.32135476,23891.078868,23903.71382536,24015.55916136,24095.07099024
24411.9998524,23920.24390208,23769.2703216,25087.64199424,24320.69856608,23268.79953352,23689.44947336,24281.60597768,23920.24390208,23958.78402616
25493.9999936,24044.86600008,24189.8071456,26766.9507384,24818.3377696,23977.40100816,24053.1972276,24457.90848984,24044.86600008,24745.49239816
26317.00010744,24676.95608448,25505.64682672,31826.56406432,26104.49888712,25812.25017992,25217.74201368,25754.54388824,24676.95608448,25222.48058376
27368.99996064,26692.88363392,26982.44174152,38440.2021448,26952.030384,27111.08150104,26767.2499216,27262.91123728,26692.88363392,26857.85243072
29909.00057392,29996.12190208,29254.9254424,42803.38501456,30424.1251912,29183.50139608,30094.05767832,29611.676818,29996.12190208,29607.155053280003
32171.00015776,32587.4389916,32094.59450624,45166.714669520006,33412.9612608,32007.45473528,33369.551008,32514.92231184,32587.4389916,32708.24220048
33216.0003536,33388.27905664,33630.6723672,44579.4885404,35628.64400656,33667.443212,34545.56926488,33722.86833424,33388.27905664,34698.79409648
33153.9997584,34462.50699208,34064.0904624,44628.49679776,35405.18038592,33697.09267696,35393.77617808,34071.2421704,34462.50699208,35231.56560448
32701.9995176,34003.71037456,33779.10493968,42795.40788879999,35388.551947600004,33627.15307112,33889.34534224,33708.20302952,34003.71037456,34923.19543104
30784.00036728,31378.283941200003,31792.28709592,41664.4298184,34258.70462576,31390.11315312,31806.51059312,32034.7103248,31378.283941200003,33234.4021696
30203.0001176,31726.9963052,30741.61840304,40359.134500800006,33610.6373388,30260.59575248,30602.8728088,30925.51361104,31726.9963052,32330.4980004
30498.00008072,30467.83995512,30541.4377928,41240.7577184,32937.8009616,29884.73599672,30745.2471264,30857.395744,30467.83995512,32196.2979416
31066.0002056,31224.20787192,30488.70286032,41225.5608512,32302.1350232,30221.0207824,30434.48881528,31073.64126256,31224.20787192,32177.01333024
32393.0006496,32971.13078976,32295.62512464,43348.806644,34084.78205448,33660.5742936,31874.23829248,33263.06433,32971.13078976,34098.97727272
35924.00012064,35827.29058568,36541.64047616,42801.23048568,38248.3212044,36397.12351504,36579.71584168,37286.6541856,35827.29058568,37714.30009424
37037.0001496,38122.47245528,37880.2787368,43199.7601312,39961.2761732,37184.46959808,38057.2312552,38561.7074096,38122.47245528,39577.7294584
36196.0002728,37730.84164648,36784.71412112,41979.47956416001,38181.17629752,36484.36943456,36811.38609848,36917.63957752,37730.84164648,38082.93887904
34270.000226000004,35033.30140608,34830.7084776,37541.07711984,35527.94754808,34584.66595168,34419.700433599995,34414.05201872,35033.30140608,35449.2041692
31754.99985272,32726.50139216,32052.6900056,34383.290248000005,32679.60258128,31582.320736,31582.24368608,31716.16956192,32726.50139216,32746.02207136
28680.00025104,29038.46147912,28877.21116064,29595.4328096,28981.6441304,28458.07639928,28337.77893296,28734.71675992,29038.46147912,29592.88032608
26174.000374,26374.40024864,26087.05404752,28526.5864832,26699.23451456,25412.23158568,25421.26527896,25991.20025848,26374.40024864,26864.465608960003
