Actual,Best_Baseline,Proposed,autoformer,CNN,impactnet,informer,LSTM,nbeats,ANN
17786.0001308,17737.7597678,17812.832778850003,17963.754448350002,17897.30614586,17591.724217050003,18159.44262287,17853.5305074,17737.7597678,17943.6435668
17770.00033376,17664.53252164,17620.297626339998,17621.342144399998,17745.91862805,17396.685532260002,17774.47195635,17686.481197,17664.53252164,17786.349631999998
17738.9998839,17497.8624507,17599.43286457,17899.69624354,17733.9029914,17627.507468199998,17817.54460687,17711.50670924,17497.8624507,17743.28801836
17798.999735960002,17595.98552576,17698.2783954,17804.761293900003,17715.4024213,17784.45573405,17940.66575526,17834.72734284,17595.98552576,17759.139124100002
18006.0004059,17642.948369899997,17769.62216733,18007.90794666,18127.55247785,17940.4444045,18079.43627975,17942.57896775,17642.948369899997,17972.344819949998
18393.00017215,18050.0942744,18140.863415,18494.27351,18294.10344246,18231.1880146,18358.53889396,18463.9404848,18050.0942744,18283.2023774
18786.99977296,18394.47666143,18738.87177153,18979.00776116,18461.6242729,18821.79552993,18656.3347638,18948.7890903,18394.47666143,18461.69248695
19102.99959675,18978.92820365,19349.2469521,19462.99932227,18865.6170021,19334.46105857,19274.1639772,19211.93850763,18978.92820365,19039.02094945
19633.999989,19468.5310985,19774.4044316,20000.65050775,19712.9060165,19828.2214848,19825.606817270003,19618.46925936,19468.5310985,19521.94913783
19790.000156200003,19426.8546133,20005.090092730003,20167.16943475,19770.7545967,20047.79821963,20043.53031945,19703.5430633,19426.8546133,19864.6922416
19552.99956023,19397.8736059,19907.7115472,19897.7247037,19380.0689724,19913.61060627,19987.1602213,19544.2134373,19397.8736059,19665.96509283
19324.0000891,19085.8717386,19684.9029993,19606.68922944,19510.52075517,19582.3933776,19853.74181716,19310.2300484,19085.8717386,19352.62132487
19114.9999044,19102.3565452,19487.97670145,19523.410911270003,19113.65033924,19520.8673703,19619.8942432,19279.9782669,19102.3565452,19060.66871654
19165.0000366,18836.9640353,19465.76789296,19245.5999186,19022.4771262,19302.0642901,19607.204897,19173.870928900003,18836.9640353,18941.8005992
19246.0000055,18799.9598293,19366.16480295,19471.665879,19145.6594373,19607.78188056,19456.2418392,19324.6944928,18799.9598293,18907.7901469
19520.99981286,18912.1343855,19736.964882,19753.2013588,19589.7635608,20018.340173750003,19779.7358578,19730.0009173,18912.1343855,19215.775816200003
19913.0000522,19517.19699454,20246.7415073,20185.040749400003,20120.82864143,20267.6303356,20362.33688314,20316.0623111,19517.19699454,19797.7106432
20803.000259300003,19635.83563675,20738.50701747,20491.1194911,20781.7573311,20749.72064084,20959.9094362,20662.15357505,19635.83563675,20545.65486124
20853.9998423,19902.8844451,20810.32230944,20538.7589573,20714.3771787,20679.7796257,20607.01669495,20740.263261,19902.8844451,20657.84919185
20729.99972905,19615.9976114,20783.583015,20309.57293224,20765.0885765,20591.7819683,20762.31663343,20705.18514385,19615.9976114,20491.99539016
20338.99970696,19188.198332040003,20492.9804317,19727.14144564,20330.4899659,20276.4813002,20246.9745081,20567.42786626,19188.198332040003,20336.94117555
19936.000296960003,18848.7428389,20040.7933265,19326.4557949,19936.33753496,19923.82462555,19881.81090235,20043.7686854,18848.7428389,19886.9760089
19305.00040676,18167.91066905,19443.8606059,18561.72662844,19345.29283655,19128.01054644,19369.16177574,19343.23430514,18167.91066905,19386.582877660003
19102.99959675,17636.9501322,18855.13564506,18157.87017405,19192.14539625,18546.22425745,19119.09673294,18836.2083156,17636.9501322,18880.7651199
18912.99986084,18569.76515604,18822.2236689,19135.23970284,19030.880484,18587.71802097,18741.90062864,18706.1938692,18569.76515604,18841.0185558
18809.00026034,18622.4515422,18747.4181489,18836.4811718,19165.151793700003,18468.7737185,18732.09589366,18765.1001504,18622.4515422,18866.5796633
18933.9996711,18585.9807854,18905.24001446,18801.5034596,18942.0213368,18708.7369503,18557.2404433,18871.12685786,18585.9807854,18930.7483902
19190.9995535,18697.5023262,19130.6216883,19144.22387645,19404.08890224,19216.5238714,19203.50709776,19299.0138191,18697.5023262,19223.3927963
19840.9997392,19415.0482175,19626.8704711,19904.87031705,20233.4834552,19738.65475096,19490.0836725,20372.4684324,19415.0482175,19835.49555517
21409.0000834,20752.5509874,21065.9385963,21486.1126179,21890.0808207,21370.14474736,21035.8339732,22572.676592,20752.5509874,21499.8811257
23027.0005598,22451.28256204,22779.97617744,23312.0295187,23643.253952,23160.72370446,23000.2545206,24477.03459173,22451.28256204,22980.2317808
23603.99990867,22826.89809315,23243.79002256,23826.7190885,23523.6616927,23587.76389174,23335.3433948,24439.4866661,22826.89809315,23371.16328226
23328.00019064,22523.48061914,22854.124696500003,23532.6030984,23361.4379515,23231.90851466,23102.4054437,24122.03166034,22523.48061914,22910.71537896
23033.9997812,22405.15453524,22412.5329961,23128.08979636,22910.5798706,22700.45223795,22855.3065624,23376.61626743,22405.15453524,22594.2736201
22523.999352500003,22034.60355244,21943.9683873,22794.3753203,22471.40907917,22370.6740958,22494.30048803,22952.5184817,22034.60355244,22154.3282543
21896.00026734,21801.6677474,21521.60446476,22370.7415434,22483.3161865,21863.83680625,22184.09349334,22465.388921,21801.6677474,21735.90250515
21333.0004343,21477.8962739,21308.85051454,22376.29416707,21903.11139044,21852.41041636,22140.7743525,22175.4623466,21477.8962739,21462.88765
21222.0000795,21445.7053739,21159.0484752,22227.4399198,21847.9230049,21626.54695205,21916.058877,21955.73109545,21445.7053739,21263.1722406
21110.0002739,21363.6676317,20963.56647573,22382.1202601,21676.8329701,21682.30787574,21775.9303564,21955.555578400003,21363.6676317,21187.19773106
21192.99960427,21371.1221244,21140.04909944,22280.8998073,21651.618298,22025.3285877,22270.72671645,22237.4681516,21371.1221244,21311.503811150003
21383.0005665,21713.9092224,21550.81847296,22399.6290439,22050.5355953,22078.9693574,22288.5750376,22428.17562744,21713.9092224,21626.67847487
21808.9996081,21623.59305375,22070.5675325,22327.98513015,22360.07823113,22513.21003585,22535.4393852,22748.68171736,21623.59305375,22201.3193038
21776.00025664,21930.4804002,22206.45666486,22378.44957776,22707.4261665,22524.28201926,22375.2758616,22779.49009485,21930.4804002,22256.4469865
21599.00043247,21599.62447606,22080.0730454,21762.14253406,22437.520799,22192.1249696,21947.87804875,22486.57252597,21599.62447606,22072.00600586
21110.9997247,21106.79498,21688.20478875,21385.44339594,21755.72750085,21859.0947801,21631.55478306,21948.696770640003,21106.79498,21751.82335784
20651.99979874,20562.22995565,20977.717135500003,21152.7267956,21222.1702314,21209.773669100003,21226.75728136,21273.4380719,20562.22995565,21074.07415647
20035.0004974,19393.748572,20147.62495975,19894.4182384,20527.718398340003,20188.7702951,20386.9022188,20473.77564734,19393.748572,20283.62246814
19451.99953845,18835.6886625,19447.33798955,19372.4060053,20115.20397146,19380.7541787,19638.9880456,19971.7039906,18835.6886625,19653.5367995
19106.0002485,18832.4435132,19118.15568563,18846.6029105,19439.9256516,19155.8654855,19866.93717365,19215.7007041,18832.4435132,19273.7516271
19183.0008813,18814.93105044,18992.9504064,18684.9448094,19458.9474077,18961.62958044,19650.93776755,19125.6152369,18814.93105044,19245.5677277
19175.0006762,18856.8564786,19076.2742517,18695.60996115,19337.9939332,19251.96865823,19784.7361776,19188.324643,18856.8564786,19317.96552167
19322.99987185,18956.1700038,19302.7740228,18990.7139053,19523.98023033,19754.98672743,19866.496464900003,19415.2582248,18956.1700038,19476.3212963
19657.99968456,19778.0190098,19816.44804635,19643.00976204,20425.97660625,20380.3521371,20385.776457040003,20157.5083325,19778.0190098,20176.11528586
21118.000479,21140.41822176,21290.2693139,21353.959776,21403.395801,22038.0347958,21742.5851827,21878.0077003,21140.41822176,21722.6559498
22672.99968514,22911.21065895,22994.68166265,22947.1763252,23206.4173074,23745.9965745,23366.44057065,23585.64695684,22911.21065895,23161.33410524
22958.0001321,23090.0196117,23396.4202624,23342.89047466,23864.5372644,24134.63945626,23789.1216502,23819.6800117,23090.0196117,23436.91089616
22725.99954935,22673.88232896,23130.2321774,22851.0588965,23451.61922495,23839.99338934,23768.139315,23515.2966574,22673.88232896,23163.6064762
22491.0006142,22494.7684824,22873.6707044,22330.83034584,23132.139105,23377.2084267,23577.17615144,23102.5740627,22494.7684824,23010.4804965
22165.9997549,22100.56853156,22592.5061864,21827.7362448,22541.1555693,22822.822878500003,23169.75723745,22713.8137608,22100.56853156,22569.4329756
21904.00047244,21694.9518481,22259.34769317,21478.231979,22183.716093360003,22403.8307228,23154.60574727,22310.0463679,21694.9518481,22217.360489140003
21844.0003138,21546.9917414,22099.5270793,21260.5831725,21799.681109,22265.42732786,23072.03654864,22144.0976797,21546.9917414,21925.2685402
21855.999855,21437.26277386,22054.8691036,21248.899408700003,21635.5366441,21955.3838936,22846.58052915,22026.3127095,21437.26277386,21777.3820127
21829.99972494,21357.56423706,21950.2394812,21252.6289544,21934.5885722,22133.2416819,22905.59702586,22240.4772343,21357.56423706,21711.5730828
22076.0001301,21322.1398378,22186.0930081,21008.54774004,22162.8435138,22465.2524929,22995.84390743,22448.76998565,21322.1398378,21803.49557736
22376.00000356,21646.6425046,22429.98107706,21112.7947506,22311.9364336,22560.09362906,23231.4633605,22591.19157136,21646.6425046,22100.670622700003
22758.99982055,21506.483326,22693.45608235,21200.3555315,22926.9343807,23040.41588744,22965.8363169,22856.9345022,21506.483326,22541.236813
22676.0001836,21883.56231674,22716.1882229,21505.2861311,22699.9348842,23097.8542636,22954.78947305,22757.5106082,21883.56231674,22711.39898343
22430.0003916,21499.1821233,22635.356873,21041.4336569,22505.723352250003,22798.0328197,22989.8078071,22363.7867761,21499.1821233,22548.7005031
22123.000377,20846.922443,22244.2604315,20878.31102314,21961.3269469,22356.3798033,22492.52983524,21949.72549983,20846.922443,22270.74035926
21797.0000669,20302.2401518,21556.0803055,20400.34329916,21420.7926831,21756.98570517,21383.12258534,21340.86957645,20302.2401518,21676.67876036
20895.9997694,19495.3261905,20744.1200374,19349.17184,20687.2218552,20645.5622319,20755.852854,20618.4605599,19495.3261905,20888.0884725
20718.00049443,18762.668971,20034.06650143,18543.8444302,20516.22609375,19956.552807,20197.75860754,20266.9512609,18762.668971,20209.220714
20421.0000464,19985.8863814,20056.84999413,19235.99568694,19754.66788423,19954.75272253,19977.17261135,20239.37209055,19985.8863814,20152.8268559
20292.9998306,20003.69024845,19910.1090028,19211.27614154,20016.1335642,19811.0238797,19836.3059994,20161.5092015,20003.69024845,20110.2459597
20294.00004785,19933.985453200003,20023.4546946,18962.8718426,19861.70078725,20021.6167475,20015.0727974,20227.5158755,19933.985453200003,20246.9162579
20371.00037407,19926.24216214,20160.9696207,19419.4828972,20094.3819776,20545.67954093,20220.00205957,20647.970417800003,19926.24216214,20383.55068624
20660.00000384,20608.9213232,20641.19745244,20228.24354313,20996.76587064,20981.5401881,20765.4564725,21315.37606984,20608.9213232,21024.61851035
22275.999126,21930.7088023,22161.3106138,21354.00177746,22117.3715682,22657.19211376,21799.54391445,23402.1793677,21930.7088023,22529.9025504
23404.0004529,23648.9517413,23925.4271182,23293.2254344,23732.99053116,24381.28000046,23533.54521874,25016.854984,23648.9517413,24015.5907633
23882.0000612,24021.85679863,24312.9856265,23915.34722767,24285.0347279,24818.0577817,23482.179119350003,25452.5572826,24021.85679863,24267.47750446
23707.99950917,23888.7724134,24091.9322491,23611.1780195,23815.23076945,24442.645513130003,23717.69556154,25260.9033943,23888.7724134,24022.891966
23391.9993788,23524.94381026,23833.34627507,22767.2460561,23383.1223549,24114.1623649,23718.9086986,24789.2132024,23524.94381026,23916.66751444
23067.0000524,23218.701968,23588.2443026,22202.15688036,22951.7183079,23537.44292357,23489.92164396,24404.72417306,23218.701968,23519.11465143
22693.0000446,22968.5602802,23263.28421844,21711.70736484,22936.0857937,23186.94733134,22871.41166967,24058.3111534,22968.5602802,23158.8314927
22445.9992689,22656.7346964,23120.52370854,21315.1544125,22509.2559203,23055.5109669,23272.5757385,23721.569813,22656.7346964,22902.7375542
22329.0006764,22435.0344352,23035.0728112,21594.9991036,22179.49770585,22759.94730604,22854.96089345,23340.35045936,22435.0344352,22715.368887850003
22176.9998453,22373.17027016,22882.51661043,21267.293595540003,22443.76935927,22802.5380128,22817.77871776,23396.6118749,22373.17027016,22628.5124745
22369.000169,22331.198855,23063.0880916,20957.6851983,22489.2761017,23149.35295884,22892.9714483,23421.6288029,22331.198855,22684.07902647
22506.9994915,22859.93684014,23149.5620464,21251.2616076,22353.2281609,23224.88323396,23059.9763046,23448.9144229,22859.93684014,22814.7383639
22855.9994332,22651.257644700003,23371.9674416,21321.5665332,23063.8407455,23685.67282067,23197.1509269,23615.72705354,22651.257644700003,23115.6512326
22865.000622,23200.45325337,23369.7033483,21755.0767848,22995.4718726,23761.2366663,22633.70241403,23386.08468415,23200.45325337,23252.1069248
22709.9999056,22791.25188326,23272.40466686,21100.17070594,23000.5503703,23421.9415145,22702.8550587,22821.7651775,22791.25188326,23159.90513586
22314.99993425,22061.9219765,22875.995653830003,20927.30066766,22316.164171800003,23063.35834187,22494.95197053,22309.5435767,22061.9219765,22843.2916922
21829.00012085,21718.7930418,22128.70981634,20828.9139338,21770.407317700003,22373.81899344,21844.7054478,21736.77779105,21718.7930418,22267.4808007
21093.0004129,20620.8074298,21275.2346307,19818.44541505,21073.17786984,21317.89140545,21151.69576706,21205.9552152,20620.8074298,21525.8530504
20577.9996644,20002.0906673,20476.8144683,18921.157034900003,20863.10281566,20544.29809145,20421.1487377,20995.04273775,20002.0906673,20766.399206
20346.00030797,20079.6937298,20242.5428942,19449.0341434,19939.62851797,20245.948998,20309.41657644,20415.2915268,20079.6937298,20338.39758384
20294.00004785,20171.7290458,20103.84242324,19509.6695358,20033.8063683,20078.0979809,20240.73621826,20471.6593256,20171.7290458,20332.5593809
20197.000435200003,20126.4103902,20221.67322715,19525.09572166,19844.8641801,20197.6059307,20369.8088509,20605.72476683,20126.4103902,20459.1431971
20327.99992314,20060.6443815,20331.7776019,19995.89115983,20254.9839106,20716.5140413,20939.0328711,20974.4612559,20060.6443815,20515.0633891
20779.00041045,21102.0107991,20844.14390846,20643.9756804,20942.65419406,21163.88707405,21257.0360419,21663.7879911,21102.0107991,21045.3517493
22207.0002312,22254.1675642,22351.6002211,21958.1017253,22338.2839188,22886.6788938,22259.5802341,23394.8091845,22254.1675642,22622.62859114
23650.0002449,24006.321317,24120.7093808,23253.5555153,24307.12488993,24769.2134561,23998.40434837,24837.0703404,24006.321317,24420.1797906
24108.0001069,24228.4783824,24527.5916265,23651.72230476,24823.4305962,25224.7514807,24121.54557775,25243.923461,24228.4783824,24661.5686194
24010.000277,23977.498198300003,24276.9272198,23353.4867992,24179.3887928,24805.6780813,24394.6386108,25075.2538753,23977.498198300003,24389.132434
23616.0005229,23728.49346243,23869.95376655,23125.6472735,23749.8073639,24372.2506063,24054.81230915,24563.7282111,23728.49346243,24125.19387975
23151.99997056,23393.0908036,23572.87176824,22436.7604806,23289.16876784,23899.52509374,23769.9680647,24154.573287860003,23393.0908036,23695.9933765
22880.0000485,23054.9836493,23190.1670345,22077.07423313,23150.5354379,23499.31234265,23314.3978492,23716.9465866,23054.9836493,23127.84131327
22460.99961514,22598.3036142,22965.5619278,21751.1050409,22673.9568279,23327.9302904,23372.36660876,23376.9784917,22598.3036142,22819.7218218
22266.0000193,22574.9974026,22849.03470205,21890.47063717,22476.2280569,23039.69051916,22881.62568895,22883.32429544,22574.9974026,22677.3813265
21925.0002827,22454.28857894,22603.0785977,21613.32691587,22339.97991936,22989.57879184,23160.4701628,22836.3921093,22454.28857894,22511.713159
22073.999695600003,22182.07420417,22810.91147905,21815.49680475,22194.5638135,23220.1382953,22803.34339846,22827.9412316,22182.07420417,22315.72177686
22228.99995213,22693.87456405,22955.7283743,21495.60663405,22343.7042532,23257.0214022,23158.1631483,22984.39268456,22693.87456405,22693.6944483
22735.9994225,22439.2422457,23296.4445244,21787.1849082,22954.5204491,23682.65959914,23232.0106058,23254.54040355,22439.2422457,23053.5979077
22649.99974696,23181.91022194,23229.77057903,22060.6190115,23096.62089226,23666.6061506,23125.2671143,22957.39708924,23181.91022194,23226.43008335
22529.99973626,22680.148211,22991.7484585,21873.70101775,22697.117414,23253.7639897,22892.2755117,22304.7517313,22680.148211,22966.4525427
22125.00035163,21935.2676469,22503.11742225,21582.4492513,22103.8989101,22841.8630294,22682.16489424,21645.8162715,21935.2676469,22727.46515504
21581.99965173,21487.81658954,21771.32951034,21057.1612109,21457.7309744,22161.4776999,22327.8203434,21208.6669153,21487.81658954,22320.08272407
21028.00008775,20607.0803103,20989.97818944,20101.23649324,20867.7254289,21078.14921783,21170.78987604,20894.7228637,20607.0803103,21573.44760263
20504.0004498,19893.26932985,20220.06061635,19396.829701,20632.9985835,20416.4749256,20174.91195936,20688.5370834,19893.26932985,20726.77266797
20294.99965194,19753.9632101,19983.2344644,19872.8166116,19985.3881889,20047.6959752,19938.616344100003,20580.274488000003,19753.9632101,19972.73946455
20178.0001397,19701.38565984,19835.7112342,19846.77677943,20368.3939842,19842.1310194,19907.5092044,20462.0986283,19701.38565984,19871.2407904
20157.99978024,19740.194702300003,19941.19544835,19883.18867287,20198.88973445,19840.1873022,19977.2178319,20498.0374688,19740.194702300003,19916.69342146
20125.999573,19668.0518296,19993.7670203,20014.69647045,20825.74788214,20296.120815,20277.36838943,20468.0983989,19668.0518296,19924.3404464
20580.0000989,20700.08963096,20411.74500936,20982.5718298,21519.254529060003,20780.6291167,20632.9663926,20648.1850238,20700.08963096,20176.611332300003
22108.000337340003,21959.0076692,21677.1027605,22105.06023514,22996.6368766,22324.70595047,21847.84835267,21505.4072302,21959.0076692,21617.840846500003
23383.99963357,23702.93051545,23236.1892912,23012.0793112,24291.8423368,23984.70374804,23764.3438546,22596.45892234,23702.93051545,23597.15290424
23650.0002449,23874.8260892,23730.96587684,23447.16139846,24765.7736285,24411.0621014,23985.78551557,23121.5222396,23874.8260892,23926.3391937
23729.99999655,23646.7750233,23566.33808857,23316.59664096,24442.33111534,24226.2418813,23582.4407432,23292.7655644,23646.7750233,23651.47566115
23509.99972145,23284.22669824,23221.8352156,22774.3801727,23952.967199600003,23659.34710265,23822.0989279,23064.72154984,23284.22669824,23535.9754784
22710.999356400003,22898.88139096,22924.2809308,22507.6402437,23696.0454951,23249.0334603,23519.0185386,22680.0179145,22898.88139096,23076.2296433
22489.9996305,22451.46344424,22526.3615514,21810.179941100003,23543.13611417,22735.02403823,23048.1714417,22266.2238227,22451.46344424,22541.1387074
22321.0004713,21841.5430751,22271.9721977,21359.7495393,22947.03330563,22517.5489093,22809.50259066,21938.07055455,21841.5430751,22177.9625065
22110.00046526,21877.950983,22095.6503752,21363.4039729,22883.14785865,22188.2850551,22326.2307261,21418.18598665,21877.950983,21992.08550514
21804.00005475,21799.425114700003,21812.19938356,20882.15844885,22702.8228678,21969.32025395,22203.6861014,21231.27182515,21799.425114700003,21804.5419349
21822.000133,21482.39947423,21983.49053484,20917.49777216,22455.0679053,22166.3722496,22105.69792154,21320.9487745,21482.39947423,21598.930072360003
21982.99985355,22011.55609436,22125.9834004,21173.13797226,22751.6549302,22229.2334128,22477.7517595,21974.5528081,22011.55609436,21880.0387928
22382.00008074,21758.61839696,22209.7103984,21550.34511344,22644.79263895,22647.12249366,22452.5386203,22447.47621805,21758.61839696,22072.69121216
22170.00001074,22381.5684161,21903.26299425,21889.662339,22984.0226425,22557.516211,22488.727323500003,22112.340590400003,22381.5684161,22145.96827757
21537.0002992,21854.84358853,21453.70343294,21285.82758286,22313.4693336,21972.59314874,21994.819279000003,21656.8623489,21854.84358853,21722.23854113
20941.99995234,21122.97519937,20919.5021922,20942.81407553,21733.690530450003,21478.30341214,21616.2650253,21164.35936054,21122.97519937,21439.0341931
20508.00024577,20696.6951772,20273.10508795,20893.65075344,21152.86720924,20950.0804814,20962.2317797,20835.7920561,20696.6951772,21134.187903
19728.9999336,20109.2005219,19686.4282348,20094.7023537,20391.51532806,20084.3920683,19978.09541715,20360.7923331,20109.2005219,20446.82573244
19390.99962243,19417.1283628,18995.3386646,19392.4502057,19946.91607786,19546.00892307,19482.6000547,19756.7975422,19417.1283628,19621.33731526
19059.999912270003,18990.31458485,18978.27687444,18601.36573625,18749.34439104,18937.1559122,19405.5503691,18961.8141416,18990.31458485,19281.5295617
18919.9996954,18822.022859,18758.647407850003,18429.96298985,18702.1638751,18676.2241413,19341.9748745,18757.01257,18822.022859,19033.456675740003
18871.9999977,18584.454017,18720.49674594,18552.43081626,18337.7690187,18670.77698115,19317.2047434,18844.7956214,18584.454017,19037.1025251
18908.999605,18790.05330976,18749.8171374,18726.8926179,18436.0708299,18918.20053067,19117.2839254,18718.79185456,18790.05330976,18862.6247813
19137.999536,18931.7141172,18866.6839005,19282.322071,18732.78109996,19177.3828028,19665.2113659,18883.3143326,18931.7141172,18970.0350843
19545.99987896,19831.48272955,19367.66428573,19807.69043536,19018.3735529,19714.4419823,20776.2634175,19183.1311778,19831.48272955,19493.694418450003
19955.9994301,20576.5970609,20270.6976685,20567.02302737,19731.8051406,20449.87298435,21692.7873933,19917.25430957,20576.5970609,20258.0221184
20651.00034794,20957.16339914,20937.78876946,21018.9613429,20143.3397378,21053.9789105,22212.12885473,20590.3870293,20957.16339914,20947.8409145
21181.00021636,21582.5596201,21223.1543532,21454.00863333,20971.0766127,21538.57520066,22652.71604576,20991.4871762,21582.5596201,21291.0633561
21421.99968856,21149.501574,21392.1841704,21254.722282640003,21206.28080316,21608.60420426,22393.75727045,21072.6174416,21149.501574,21667.24866614
21255.0003507,20892.653448700003,21288.7624732,20904.96217583,20890.81657463,21386.0786297,22388.3790908,21000.2706932,20892.653448700003,21549.9027185
20994.99981655,20540.9923926,21077.2314706,20509.5204227,20519.33818733,21003.0774331,22203.49816786,20626.46888937,20540.9923926,21066.0596954
20714.9995361,20181.0828016,20848.18601247,20407.4001576,20441.3799519,20812.4766471,21717.35303554,20615.5357867,20181.0828016,20745.3294955
20523.00013214,19872.4809065,20857.4810582,20294.0989199,20243.2097057,20572.4750928,21671.4111028,20249.7705177,19872.4809065,20533.45267066
20470.0007278,20006.63786186,20653.7065296,20042.82687164,20501.1354597,20627.76265697,21686.6864513,20342.3040262,20006.63786186,20475.470115
20616.0002554,19912.46123785,21023.8328991,20410.058206200003,20311.8667638,20883.11513174,21327.38910056,20604.5755517,19912.46123785,20582.4650021
20962.0003118,20748.19387244,21400.550738600003,20665.5175241,21087.78487394,21075.91072396,21995.1166616,20932.2298609,20748.19387244,21094.3769571
21396.99962246,20441.03765533,21537.75371955,20768.76998914,21287.63211274,21454.5149502,22204.5307293,21015.77950237,20441.03765533,21578.4054611
21276.00016096,20833.31136403,21237.0730852,20763.9021119,20998.59140125,21249.8314119,21804.324263100003,20695.9593852,20833.31136403,21475.98720024
20737.00033006,20450.759767,20864.3775753,20034.18254196,20306.346790900003,20902.61024736,21411.9294553,20364.64665686,20450.759767,20951.4861507
20261.9999939,19769.5589347,20403.41231825,19804.6209564,19870.383899300003,20388.80347467,21100.7231631,19991.27513806,19769.5589347,20826.2236943
19791.00022016,19545.6957516,19881.008429200003,19482.32183335,19450.09552336,20000.54627055,20349.81768884,19554.3183141,19545.6957516,20430.71495344
19181.0004468,19123.66155585,19390.45958176,18753.1312672,19041.17176144,19179.1441049,19733.76188745,19156.6319355,19123.66155585,19948.4652266
18803.99978725,18603.80151435,18810.7483795,18365.1190205,18734.11778876,18831.8196229,19091.65169134,18593.12609217,18603.80151435,19239.2000611
18620.9998859,18501.52152107,18552.5712299,18722.523239740003,18191.2268445,18338.1384476,18749.562676,18556.11299535,18501.52152107,19035.0070508
18521.99983875,18437.68267425,18347.4354861,18490.3462202,18081.9188113,18105.499412,18434.246678900003,18334.32367266,18437.68267425,18780.84257353
18534.9995972,18311.30717916,18338.9248253,18860.13443196,18109.4159715,18156.64676656,18341.3805311,18382.23338913,18311.30717916,18778.66708185
18561.000647,18258.882918900003,18395.30902613,18706.90758744,18327.77803637,18306.64731645,18305.2286175,18422.5092636,18258.882918900003,18694.93012
18606.9999102,18403.8416074,18512.8124026,19018.09226575,18629.93914554,18491.1985126,18594.10929423,18476.441284300003,18403.8416074,18706.86466624
18877.9997683,18837.027497360003,18915.8332732,19726.82244915,19414.73335984,18799.204109600003,19355.89146044,18911.3388104,18837.027497360003,19072.2626524
19059.0000016,19270.08416385,19622.76444516,20383.9927746,20267.599677600003,19449.4265658,19486.6101211,19326.94479,19270.08416385,19497.4983098
19594.9999472,19646.62709946,20204.06296537,20722.2639492,20417.3394812,19822.095556530003,20025.5409715,19658.7961794,19646.62709946,20107.9864651
20074.99999,20161.84735924,20487.7057228,20757.70704984,20911.65113827,20335.7524116,20662.2861709,20062.7582506,20161.84735924,20585.3499199
20116.9999171,20035.389854,20657.4084831,21213.50995956,20905.69306255,20503.8211005,20759.1608522,20145.1884152,20035.389854,20897.33293253
19815.0002223,19953.1911573,20473.87804506,20726.59991014,20726.3337987,20346.4965077,20664.737278,19919.50935876,19953.1911573,20840.1730843
19503.99979857,19548.20265626,20254.99877973,20625.2620372,20341.72459,20065.2216209,20319.2200851,19652.07533264,19548.20265626,20404.7988263
19215.9996196,19507.68841584,20042.52810943,20415.1642961,19997.2007163,20002.8325909,20067.6144778,19572.53131216,19507.68841584,20151.8274051
19110.99980185,19414.73795854,19975.9026037,20091.47207353,19920.96760653,19797.4316554,20143.5037581,19370.084581540003,19414.73795854,19990.47481097
19181.0004468,19206.504837,19757.52490325,20382.3816967,20133.70776065,19849.974868700003,20042.325153470003,19473.76349936,19206.504837,19891.8521638
19360.9996964,19266.68434494,20074.73709765,20470.281248500003,20159.09718335,20195.5641079,20219.5049401,19777.32981796,19266.68434494,20116.5906328
19736.0006879,19912.0741806,20568.41367425,20646.7211043,20636.2391341,20435.0184169,20568.16059246,20339.51506794,19912.0741806,20671.18526856
20357.9993893,19955.41324914,21003.7411788,21108.6559206,21047.6357703,20895.4203332,21081.2369383,20874.934657600003,19955.41324914,21231.9593308
20476.9999492,20470.3870186,20973.4955289,21168.115578700003,21211.5365041,20821.21969554,20933.07694144,20873.7236666,20470.3870186,21222.4998049
20306.9998063,20062.0485179,20816.76186905,21050.00777976,21200.1501229,20711.6654786,20643.4866853,20831.65399255,20062.0485179,20996.67818876
20024.9998578,19644.6199202,20472.0900705,20491.06982514,20623.3152542,20285.7369504,20436.4915338,20632.19135836,19644.6199202,20904.4567787
19528.99986467,19213.9225401,19928.84349344,19917.4837847,19852.9103722,19860.27365735,19968.6857105,20055.81942546,19213.9225401,20463.6223309
18956.99991586,18671.30598494,19345.9144275,19121.92186764,19518.0023802,19019.6473928,19194.1787881,19316.0504697,18671.30598494,19876.765362
18444.9999724,18057.43119367,18755.4045579,18714.8087672,18983.2425507,18560.830495100003,18751.7807823,18733.6848978,18057.43119367,19209.30805123
