Actual,Best_Baseline,Proposed,autoformer,CNN,impactnet,informer,LSTM,nbeats,ANN
7618.9997988,7108.4633689,7456.493979520001,7584.3866768,7480.476411449999,7201.2448095,7361.69947202,7720.01238695,7108.4633689,7097.890347590001
7566.00007248,7243.36810089,7525.029029019999,7530.3340803,7484.746925519999,7226.28117955,7381.07261558,7606.8941056,7243.36810089,7112.89579454
7485.0000273,7054.55245244,7513.2078825,7577.026197,7507.17971718,7345.225429579999,7354.49206362,7662.5153873,7054.55245244,7157.066860880001
7377.99991488,7178.38585045,7439.34873679,7379.1671733,7451.05051135,7184.87417925,7063.73638046,7399.50229348,7178.38585045,7069.784065350001
7285.00008055,7046.15808806,7541.6370386,7219.7842479,7325.7624604,7119.76727648,7084.130830640001,7193.40274809,7046.15808806,6994.28414849
7210.99996676,6846.5243854,7220.14283842,7192.52768992,7143.861070819999,7036.46303209,6858.99638202,7073.93164766,6846.5243854,6910.90301242
7155.000040999999,6778.01941621,7150.520626,7286.25443541,6937.26700988,7140.66193789,6723.13447914,6899.937523160001,6778.01941621,6856.20425289
7349.999952,6949.941440459999,7355.0809732,7479.10535448,7181.84579806,7591.2618372,6844.645404299999,7061.8483812,6949.941440459999,7174.88716035
7711.00004129,7150.88461555,7569.3216032,7661.6491693,7451.480950499999,7761.049227379999,6996.944209040001,7406.77971128,7150.88461555,7347.1888966
7981.99996172,7206.3988066,7650.9009465,7728.7549591,7535.8642296,7903.69575308,7220.3425432,7561.790253,7206.3988066,7418.890388199999
8048.9999068,7167.76216132,7691.72734342,7799.33968211,7501.2991649,8013.2535818,7302.3277037,7521.91248345,7167.76216132,7441.711672699999
8197.00007505,7248.9223975,7837.285548199999,7750.29091848,7801.022458900001,7971.84497959,7318.520047299999,7751.73625661,7248.9223975,7496.2863732
8073.0000784,7432.0272368,7812.79157301,7883.1826429,7810.0857097,8017.02495258,7234.6499727,7716.3632953,7432.0272368,7386.4457777
7880.0001817,7185.79130239,7762.4466862,7602.69140572,7678.2805549,7983.810476,7144.2363924,7564.6630116,7185.79130239,7291.872571100001
7749.000135,7063.61083818,7670.84982838,7782.8295077,7622.565531800001,7797.859339279999,7151.73665368,7506.008780300001,7063.61083818,7267.4766684
7697.00000052,7298.0458576,7728.6629976,7709.9936265,7524.92045512,8102.41494312,7582.4103945,7603.7223238,7298.0458576,7429.2078752
7501.9998522,7516.632706750001,7827.358452599999,7967.1440857,7711.66097749,8183.783427599999,7867.0051318,7734.47359981,7516.632706750001,7515.9216367
7991.000085400001,7688.043543719999,8003.38919801,8255.9233679,8019.97003445,8258.223592,8041.56508651,8047.313154900001,7688.043543719999,7802.70060795
8058.9999783,7627.2348028,7956.15777161,8009.233381,8107.71910445,8038.8319314,7784.556603999999,7973.79776721,7627.2348028,7800.29590372
7772.000002799999,7288.788182390001,7685.888084820001,7610.95726132,7800.8100575,7682.53000682,7449.2370899,7716.7768254,7288.788182390001,7470.5098614
7741.99996629,7105.19748972,7505.7512881,7405.41749448,7518.4840994,7445.1895973,7319.0374049,7455.05469305,7105.19748972,7177.33292094
7861.00004585,7099.77401576,7597.01589792,7348.3932956,7367.5325603,7449.97017138,7317.21330405,7530.7618496,7099.77401576,7219.14205998
7726.0002672,6944.23128394,7574.56613788,7228.60917009,7439.1272579,7393.6217412,7370.516621979999,7488.30375902,6944.23128394,7131.37762351
7758.000199350001,6978.863747519999,7544.48102215,7375.0633172,7512.9664094,7351.43591599,7182.26027744,7533.8256508,6978.863747519999,7245.7636683
7892.00003018,7691.4239298,7858.9605771,7669.777972600001,8028.7535443,7828.910940709999,7885.38954091,7785.43017892,7691.4239298,7478.220981500001
7966.0002033,7778.2053275,7883.74722718,7665.8117621,7842.90492982,7796.67683305,8111.992941,7718.80015639,7778.2053275,7533.081059300001
7966.9999138,7699.851163,7950.722135,7682.2989758,7826.475800190001,7921.2719096,7961.829719609999,7898.353323900001,7699.851163,7662.9039988
7802.0002173,7698.7962756,7783.4981568,7696.1246457,7852.60550348,7839.06521088,7873.4940539,7748.682126199999,7698.7962756,7629.77448278
7952.0001032,7963.7545628,8050.09116349,7859.1919641,7852.542257699999,8086.18065321,8011.5300453,7848.390522289999,7963.7545628,7889.424158899999
8120.9998283,8054.75527278,8268.623547700001,8184.89378855,8125.7296159,8426.6804476,8239.5957519,8029.2976004,8054.75527278,8285.814652519999
8845.999969,8827.9796681,8981.04495711,8819.87257958,8783.848234199999,9139.4319098,9268.5927265,8702.32626301,8827.9796681,8937.220793280001
9304.0002772,9173.9293383,9395.16527195,9118.43116635,9402.60893241,9599.87145229,9265.8789723,9200.6147857,9173.9293383,9395.8674425
9345.0002737,9198.5595945,9555.6870367,9146.1344199,9650.3278795,9645.0421698,9774.6372821,9344.3565432,9198.5595945,9540.4445664
9401.99996929,9300.61051698,9615.0876394,9204.57476655,9836.01612499,9773.6280788,9890.3278156,9463.9848088,9300.61051698,9508.67483465
9229.99998542,9221.1115208,9515.200838,9118.74098761,9821.30703139,9622.96696005,9555.52963421,9429.39286761,9221.1115208,9378.7281921
9041.00011732,8958.20053391,9410.3849002,8923.306959,9501.14704425,9484.66873005,9614.59258988,9260.9385632,8958.20053391,9138.3948214
9178.99991742,9160.9461544,9469.92463175,8839.59013379,9658.78626095,9543.1612871,9511.9833721,9346.4419927,9160.9461544,9127.4341972
9295.00009419,8987.7862097,9403.0066214,8619.8702003,9597.13295748,9497.7530716,9776.8443581,9301.3820443,8987.7862097,9046.29015811
9190.0000554,8870.5881009,9338.37228208,8656.4133272,9536.36651885,9251.826661800002,9585.1888792,9258.4692486,8870.5881009,8955.81772245
9161.9998552,8823.4421097,9341.6054111,8673.3182241,9152.9917813,9471.60972241,9464.9679069,9298.74405451,8823.4421097,9003.9032042
8997.9998692,9000.03405758,9422.8210615,8721.320347199999,9416.1132117,9542.433130009998,9567.51180235,9461.53964151,9000.03405758,9048.6279381
9346.99993202,9017.5930084,9486.80395742,8914.94890458,9498.131597,9608.59954792,9478.41718728,9469.5113983,9017.5930084,9177.89513349
9250.99989825,8871.7177441,9164.11936012,8712.98056642,9395.36402745,9158.25892071,9074.7717026,9255.0536205,8871.7177441,9062.70724375
8751.9998902,8399.9131248,8723.22923062,8214.83354578,8985.368512199999,8742.2757032,8783.929872280001,8868.147264700001,8399.9131248,8535.342155999999
8370.9998359,7976.72445678,8370.32620308,7948.535231199999,8559.76036678,8396.64083798,8591.51069762,8487.157059180001,7976.72445678,8108.059362
8280.9997857,7969.824318450001,8269.5384163,7817.853193299999,8356.05668545,8240.12936592,8178.2805701,8495.846174999999,7969.824318450001,7963.291788799999
8108.999979820001,7739.1074508,8100.1690653,7396.25201809,8306.3983654,8003.285192519999,8390.53038195,8179.55812299,7739.1074508,7669.0844049
7913.9998315,7637.49147655,8024.3186268,7429.54208109,8052.720787749999,7959.98692981,8237.7618616,7991.2308791,7637.49147655,7660.2341488
8352.9997072,7913.38001099,8028.59056479,7856.2675884,8238.721821,8036.4522051,8143.93407712,7979.493625200001,7913.38001099,7861.4162458
8243.9998178,8045.31041142,8031.5129826,7897.6194118,8278.35580358,7991.2415585,8004.53598758,7918.08375272,8045.31041142,7862.332301
8161.000114300001,7980.57550775,8031.0656344,7919.36777258,8096.112435880001,8098.1999026,8065.6508713,8161.6272324,7980.57550775,7848.47079578
8007.0001998,7871.036901949999,7838.35259825,7895.033217100001,7968.16895212,7998.06486448,7910.88476918,7990.38109551,7871.036901949999,7749.0766707
7780.00006,8117.878477,8148.47228815,8103.5016314,8040.484271900001,8175.9192361,7951.5153771,7992.8968655,8117.878477,7867.000207409999
8495.0001292,8249.20644061,8465.9171565,8375.86234471,8515.28303898,8586.799065,8239.713818600001,8235.138526319999,8249.20644061,8337.7518972
9170.99997888,9047.532113,9221.2402669,9142.0715015,8846.8359287,9435.73916039,9161.350785,8866.99715265,9047.532113,8934.354205
9576.99979662,9399.00855069,9633.9255077,9483.862138699998,9512.2117926,9849.3984218,9560.161112,9295.50760301,9399.00855069,9414.96422692
9652.00003622,9418.95428808,9783.27472149,9446.2255599,9704.8990202,9934.99238888,9441.56773959,9438.4082391,9418.95428808,9558.3883316
9612.0001062,9473.8187563,9877.7000184,9429.70298552,9887.50703008,9949.4999978,9904.42420829,9631.843618,9473.8187563,9632.3965736
9404.00010225,9385.45662941,9734.60578852,9470.55661491,9825.87745861,9845.36125262,9825.8788232,9485.4622688,9385.45662941,9442.55154965
9257.9999483,9161.2445843,9592.6282679,9326.38590151,9625.4840353,9616.05982078,9395.425434,9363.383674199998,9161.2445843,9265.4381504
9297.99999698,9297.0984183,9672.8103897,9196.9707371,9837.706852,9681.2755941,9357.28787268,9518.2462469,9297.0984183,9230.7805309
9159.9998409,9178.66185508,9588.13366442,9051.39414002,9562.9976793,9604.19144758,9481.4859722,9439.7063795,9178.66185508,9198.2884564
9608.000077600002,9026.18956942,9505.667871590002,9036.799316,9581.94079902,9393.7897059,9350.2960695,9407.386362,9026.18956942,9124.542453
9095.00008811,9001.776817,9448.753611200002,9027.5361231,9166.6714994,9569.3715012,9363.91319445,9391.24171972,9001.776817,9044.4214411
9001.9998978,9142.8451647,9425.9958098,9212.02014758,9268.2658182,9615.02504625,9545.1007848,9386.11080199,9142.8451647,8901.73006192
9380.00004931,9178.72480421,9539.7409126,9402.88125711,9552.2981071,9656.01270211,9699.9882761,9443.8488001,9178.72480421,9122.08352115
9251.9999054,9033.9212177,9288.8657875,9226.2928097,9479.2320255,9278.7476493,9297.85926622,9140.75117168,9033.9212177,9016.4853173
8811.99996322,8543.68057219,8896.5058181,8591.434517900001,8986.280176979999,8795.9711331,8652.0258737,8818.02800988,8543.68057219,8573.835697319999
8415.999861,8177.2328023,8556.05461498,8253.9304732,8632.19209202,8463.16157465,8620.7186193,8458.3525815,8177.2328023,8259.0987095
8348.99991592,8102.309098399999,8374.801464979999,8196.1994167,8322.378663579999,8272.5909448,8270.66177052,8339.1764105,8102.309098399999,7993.553055300001
8165.0001429,7861.2673275,8082.8933559,7621.6494766,8111.76962288,8008.4021677,8323.14396125,8195.4678778,7861.2673275,7744.25053118
8392.000104710001,7789.280161950001,8011.5134329,7662.39334549,7929.6344731,7955.816208800001,8097.7039038,7907.16418488,7789.280161950001,7780.35271752
8570.000190809998,8052.154482899999,8303.5582383,8402.149272499999,7885.870291900001,7982.590888520001,8047.7130391,8169.952002689999,8052.154482899999,7932.87234852
8442.0000469,8147.0249328,8233.3720349,8283.1671106,8057.96111,7979.4627736,8050.76770348,8164.90919001,8147.0249328,7909.677641
8320.00012388,8084.95703129,8241.25141488,8366.17488298,7970.68822258,8034.43225592,8369.293505099999,8279.49132045,8084.95703129,7964.62944298
8116.000089200001,7971.9254904,7990.8523537,8376.74499712,7861.2222367,7914.5160025,8042.0731293,8203.586001700001,7971.9254904,7769.6837596
8374.000154,8159.513897799999,8200.82502082,8416.8577728,8093.69817952,8036.6527405,8190.097326200001,8207.60525322,8159.513897799999,7950.5174465
8595.00001358,8338.5587852,8591.13335882,8678.978602750001,8391.62632571,8525.677298999999,8323.941653099999,8447.829219399999,8338.5587852,8428.34732395
9222.9999947,9146.7229735,9235.81978378,9287.0437632,8835.063254789999,9321.71366401,9215.54838402,9111.38644081,9146.7229735,9068.6399471
9558.00013541,9524.6188822,9577.75981392,9574.157059,9515.6535259,9659.052356,9646.7467207,9534.0594718,9524.6188822,9528.6408629
9575.0001383,9494.44637338,9627.8133311,9738.07499161,9451.1351174,9727.16289935,9773.88646095,9659.5898858,9494.44637338,9548.6878766
9497.9998844,9589.98422645,9642.4375828,9564.05998295,9552.6920583,9683.0465946,9703.21013242,9698.7815039,9589.98422645,9583.5513712
9274.0000627,9487.2101306,9401.1792574,9512.5511602,9502.86037599,9593.42827362,9618.1199957,9534.0529455,9487.2101306,9354.65824842
9085.00001661,9264.982496,9166.3801891,9280.14641338,9515.582745209998,9355.09675645,9343.2915697,9361.9069505,9264.982496,9137.5220771
9254.00009769,9437.3747105,9192.837216,9272.3026314,9564.45144229,9327.74627908,9416.62736548,9326.1855441,9437.3747105,9018.09766938
8914.99986905,9236.1789676,9068.7218225,9154.1712617,9273.5580542,9276.59236839,9206.41506449,9224.044796,9236.1789676,8958.9197915
8973.9996976,9079.5038634,9011.1052729,9023.895041,9397.3839173,9059.9285232,9094.60293309,9126.85650099,9079.5038634,8930.909149219999
8999.000173,9138.140889,8906.8683959,9144.7644902,8872.684229800001,9259.6054181,9267.231103,8951.749523679999,9138.140889,8885.4751845
8921.999919099999,9285.6429819,9041.8649114,9456.3069135,8875.80653038,9322.1967882,9312.107721699998,9089.67397468,9285.6429819,8904.0763261
9266.0000055,9337.23712119,9407.6871651,9551.5363099,9294.5472283,9418.984783700002,9627.20846175,9367.31161685,9337.23712119,9325.3044936
9073.9998193,9180.16687919,9286.0909234,9412.98984318,9263.9988046,9139.529211,9186.3441408,9096.6081091,9180.16687919,9221.8691649
8636.00001008,8711.69191882,8775.2121594,8743.22587315,8881.6205144,8701.4786153,8516.6271008,8686.792660399999,8711.69191882,8662.688661299999
8196.0000679,8328.65465031,8380.99177919,8477.16938765,8360.49937518,8397.28089002,8201.5836142,8310.094861720001,8328.65465031,8261.6659186
8089.0001928,8257.0992885,8185.8670972,8331.7115099,8165.96087359,8242.7675337,8058.978382179999,8238.1842912,8257.0992885,7966.70949345
7880.9998922,7972.43590639,7911.3216753,7961.530518420001,7835.11970655,7928.8631831,7858.3838895,8081.393137520001,7972.43590639,7705.4186902
7743.0000921,7891.516728,7789.14192305,7874.758376199999,7677.5917336,7779.7953715,7871.46692579,7802.22424738,7891.516728,7631.336879
7673.9998954,7717.6293975,7734.523021700001,7973.5279937,7355.28174592,7634.077925,7684.5398699,7702.6165343,7717.6293975,7399.92519772
7735.0000349,7835.1959456,7758.633191119999,7968.1283704,7502.009345,7635.8613848,7586.64359,7681.42771475,7835.1959456,7446.5820724
7711.00004129,7846.089526899999,7819.4681559,8034.92772075,7615.127923,7711.1725136,7573.7772862,7739.60374625,7846.089526899999,7597.14464402
7586.999925980001,7653.04964178,7701.53892351,8000.8814969,7651.728006699999,7616.1905233,7639.52946205,7578.794527649999,7653.04964178,7439.04496719
7874.0001388,7902.4174289,7890.0518703,8008.2241777,7616.0683035,7764.306088400001,7875.68896725,7667.557844000001,7902.4174289,7595.72268191
8347.9999681,8172.62440388,8323.84945428,8348.999678600001,8443.9834488,8357.2714672,8220.99733948,8218.28465322,8172.62440388,8126.21879175
8960.0001908,8901.633116699999,8954.229755,8978.98537549,9089.32671619,9227.942777,9224.0400496,8947.5171588,8901.633116699999,8901.75373459
9415.9998914,9330.0004631,9292.8788687,9408.38518255,9531.05885705,9611.2567013,9561.478238,9357.964472,9330.0004631,9449.4151407
9645.0000455,9150.35201161,9330.19061575,9421.74973969,9437.22970798,9579.2517261,9719.3512149,9434.5867938,9150.35201161,9519.0228766
9761.9999921,9315.9754444,9319.61356,9431.6369062,9368.5916616,9566.4115275,9647.9914641,9505.6380286,9315.9754444,9487.4800821
9664.999951180002,9209.84321122,9205.8524381,9369.3700712,9282.2742245,9434.8478458,9630.0607515,9341.0216039,9209.84321122,9427.81706281
9524.0000703,8984.36132612,8879.18584852,9100.6122908,9082.88525809,9052.3135177,9174.3553277,9103.29774459,8984.36132612,9111.80869242
9504.99987512,8977.995573100001,8814.78093831,9036.069557,9144.84660292,9047.318525,9265.6226667,9015.8528595,8977.995573100001,9063.1999794
9294.0002057,8849.2482865,8656.750558920001,8876.880878020002,9064.23920368,8967.71048028,9096.24595878,8870.7482919,8849.2482865,8975.8608797
9116.0001196,8636.8872309,8535.08798628,8704.9559466,8954.0832099,8744.5622814,8984.89179565,8704.49121471,8636.8872309,8893.249787699999
8997.9998692,8708.4979476,8505.5757017,8817.79068988,8628.09416892,8888.39807695,8957.6667419,8464.275198750001,8708.4979476,8897.5725715
8905.9998047,8779.0128392,8641.44104572,9006.411083300001,8870.3715464,8960.67453558,9153.7832435,8504.015916,8779.0128392,8846.2289828
9246.99992898,9037.095966,8924.8697112,9268.1619907,8971.348239899999,9041.8726243,9150.93617479,8890.6173156,9037.095966,9099.51385518
9171.9999267,8890.1082642,8743.002495699999,9108.0908373,9026.86711802,8892.4992632,8938.109794,8775.5716992,8890.1082642,8901.79900338
8679.9999687,8435.0525039,8323.56864539,8541.86643878,8592.1257124,8452.8586235,8452.453162279999,8393.9652923,8435.0525039,8441.0851783
8251.000164500001,8150.404191609999,8045.4626522,8200.93709519,8148.385963000001,8171.5062707,7947.96299335,8066.60341445,8150.404191609999,8106.5755187
8130.0001893,7973.473410099999,7883.6744886,8094.5309354,7870.2961669,8087.752898209999,7842.7148365,7896.43844815,7973.473410099999,7924.69210611
7917.999860100001,7645.2865486,7631.474761920001,7706.169808000001,7623.081109500001,7705.98552902,7639.74233809,7626.61332105,7645.2865486,7544.44002512
7821.000056499999,7545.0900446,7502.35013652,7644.792922999999,7289.546063809999,7560.73091585,7584.523729099999,7476.2862302,7545.0900446,7472.2031396
8079.0001213,7676.926051,7823.390462200001,7728.0732574,7792.123552200001,7517.749594000001,7711.86999708,7750.7307911,7676.926051,7487.1359073
8188.0000107,7729.959061449999,7853.6446091,7765.7009367,7737.67077485,7586.6572359,7787.848825700001,7662.26287882,7729.959061449999,7559.2497424
8098.000138490001,7733.399608149999,7898.247123200001,7888.0583823,7825.71940202,7694.89977785,7704.2629418,7633.593792199999,7733.399608149999,7677.83231675
7877.99998941,7798.558484,7778.63932645,7769.601528220001,7961.35442698,7621.9200214,7646.92150541,7523.6214841,7798.558484,7555.62266218
8155.0000714,8087.216732999999,7990.251934100001,7729.17400689,7750.824235849999,7706.2979608,7807.7320886,7646.55585462,8087.216732999999,7642.5828805
8273.00002515,8413.4077333,8427.848062000001,8243.7761437,8444.74322878,8335.77644552,8052.19921772,8186.6745785,8413.4077333,8125.5237408
8910.99989978,9132.2832381,9093.2405383,8746.7266398,8933.911840519999,9046.29472652,8824.8951014,8911.440187709999,9132.2832381,8865.7788111
9328.99992198,9561.06328398,9418.49133609,9089.22662648,9179.1889428,9515.73338408,9342.6336,9310.50486242,9561.06328398,9339.2120389
9475.0000166,9432.3470863,9429.5004329,9114.064775,9230.8410475,9470.72914655,9419.58461,9310.15297619,9432.3470863,9429.51805391
9575.0001383,9621.23031162,9403.9119972,9186.98282825,9080.389067,9557.0925644,9397.1323581,9380.5822546,9621.23031162,9363.59032059
9445.00015808,9363.0051488,9317.6639762,9146.7069544,9006.54481312,9366.2427869,9325.55516285,9232.8819995,9363.0051488,9406.2098481
9338.99999348,9126.1271573,8988.43557655,8845.5520275,8868.4717998,9005.4950281,8907.480859489999,8941.811986,9126.1271573,9070.8695685
9418.00014302,9303.4360489,8938.2254875,8917.1028209,8890.7597076,9070.55191568,8995.24476199,8870.616935279999,9303.4360489,8984.2584479
9285.00002269,9070.05651018,8799.2971729,8680.8477944,8870.59789035,8987.8550325,8885.2206588,8770.5826395,9070.05651018,8951.00795801
9000.000120820001,8890.24086675,8663.510381799999,8464.82400125,8496.3136954,8668.5243601,8717.268345519999,8609.6215361,8890.24086675,8860.49345738
8756.99992595,8907.83167778,8684.3233458,8411.11439148,8365.333583579999,8779.8132009,8566.5942335,8458.3484284,8907.83167778,8887.80608221
8696.0000831,8944.251042299999,8886.0133076,8601.389498600001,8718.32750468,8808.343811300001,8636.8836711,8509.809846479999,8944.251042299999,9010.45104099
8964.0002194,9066.363455,9092.15865575,9004.02625462,8704.22773018,8808.3995815,9102.87306045,8905.1614718,9066.363455,9112.1217175
8900.00011778,8931.41944655,8754.6216829,8786.16946112,8888.162833499999,8639.1560101,8556.4666025,8787.12247891,8931.41944655,8873.593165400001
8465.00015202,8533.667092110001,8252.73354978,8359.77726975,8225.609891,8232.8315386,8092.33068235,8447.036570600001,8533.667092110001,8377.9728908
8052.0002249,8110.775489400001,8002.6809758,7986.7520574,7808.84962848,7997.6248732,7789.3819129,8131.863744599999,8110.775489400001,8046.292678899999
8016.999678,8012.973722189999,7897.6188185,7895.297235599999,7513.9358616,7954.9974548,7724.30835359,8023.68355848,8012.973722189999,7941.7146544
7839.0001852,7738.308869,7685.6600203,7604.50696305,7422.8975364,7727.35987348,7569.313297,7720.75822438,7738.308869,7613.39091859
7636.9999275,7598.0100314,7614.72412302,7634.39504385,7221.768243099999,7531.57799308,7441.1978749,7574.0745295,7598.0100314,7541.28841552
7591.9999024,7846.361258299999,7750.503853849999,7960.38016905,7444.3429582,7509.4416141,7685.27455329,7725.1263363,7846.361258299999,8016.6745496
7687.9999955,7954.7120775,7743.1270583,8027.562197900001,7475.70093975,7595.4386692,7651.7600449,7755.386416199999,7954.7120775,7945.025268400001
7604.99993602,7815.443802,7646.153775209999,7939.79159111,7261.906768,7576.9057571,7601.74402428,7774.29352261,7815.443802,7878.2635926
7176.99996098,7753.0428812,7592.6193076,7790.1603225,7299.71694638,7367.1006379,7275.24438932,7515.67221338,7753.0428812,7618.6651776
7117.00006595,7640.995803,7658.275665499999,7420.5118771,7197.786226480001,7244.915842599999,7309.4668826,7315.999708900001,7640.995803,7501.30124145
7069.99990789,7405.9677209,7528.96148075,7616.4901398,7327.2842749,7202.31292749,7234.6054752,7234.50425822,7405.9677209,7699.49067392
7003.9998513,7399.914281,7389.31586645,7690.905385599999,7298.80985001,7206.59649416,7097.82811042,7164.23517081,7399.914281,7693.682919549999
7357.00000205,7611.4245444,7536.961834600001,7965.1856024,7356.1797648,7440.4936278,7396.5342509,7460.2896756,7611.4245444,8008.8572288
7669.9998668,7925.456632490001,7735.5173925,8158.36200585,7679.08951945,7640.2630775,7486.4168277,7627.5747637,7925.456632490001,8018.68737918
7733.0000206,7929.732960900001,7877.38639855,8347.378783,7594.0147492,7818.58443555,7725.69495502,7694.1186984,7929.732960900001,8037.868412199999
7708.999849,7812.289403889999,7749.20102638,8564.536906419999,7618.023820300001,7706.63056478,7749.47613959,7743.88802488,7812.289403889999,8077.48085799
7795.99993708,7984.6138042,7999.19860145,8191.032960300001,7870.80919341,7926.304873499999,7756.4276577,7835.92315341,7984.6138042,8279.517484979999
7785.99986558,8108.5084901,8021.07760689,8540.40626815,7855.15129445,7923.1028334,7816.1634749,7963.6685343,8108.5084901,8330.9259807
7690.0000098,8078.8072988,7954.5821448,8334.22259282,7813.0498365,7851.522375,7803.5819551,7880.431510799999,8078.8072988,8717.48798518
7567.9997308,7773.9110221,7837.5727054,8191.57428722,7772.46515,7541.515827409999,7731.7262055,7774.637814600001,7773.9110221,8617.7758513
7521.9999952,7953.1327129,7824.93327952,8027.1284956,7467.4359741,7857.6719295,7682.0693687,7771.4606931,7953.1327129,8698.0178964
7677.999924,8099.2992875,7967.1761239,7901.4972206,7604.309690800001,7826.2317759,7894.867271089999,7871.5889676,8099.2992875,8427.2535754
8091.9999176,8145.0148324,8138.715173,8279.62961868,7737.87024231,7897.38832145,7950.979864520001,8131.73826165,8145.0148324,8419.02130058
8011.0002284,8060.08595462,7979.2302,8069.85825825,7812.02912318,7758.131022,7726.85556848,7933.40530991,8060.08595462,8016.32545188
7601.999973899999,7763.5282721,7658.386612599999,7878.892905909999,7231.8596828,7487.50879635,7376.5299548,7625.93577245,7763.5282721,7725.23277432
7249.0001198,7610.0107105,7503.824843,7602.8857708,7105.1815892800005,7248.7171157,7240.9953162,7525.4820729,7610.0107105,7738.6506098
7292.9998411,7582.43204995,7469.2490989,7649.05495288,7176.20410836,7285.64084455,7382.44616441,7547.332421949999,7582.43204995,7873.92929878
7203.00002822,7498.940204099999,7406.0940938,7533.73410461,7007.30797344,7370.0285734,7361.0003273,7287.78562405,7498.940204099999,7528.4088218
7402.00002715,7549.5154693,7360.1774202,7537.812923449999,7055.61321351,7317.605772,7435.546455080001,7207.63126869,7549.5154693,7543.1825851
7370.000095,7461.180218900001,7381.3481441,7671.87321155,7242.5497622,7059.48657256,7136.719578050001,7300.169574949999,7461.180218900001,7347.21814629
7594.00009469,7539.06656635,7461.017358049999,7708.2261858,7391.7753916,7208.25559828,7163.70986299,7283.6684187,7539.06656635,7340.4519751
7380.0001665,7376.6070838,7511.6024127,7789.87464855,7243.0060099,7166.19590865,7190.62212898,7301.6489685,7376.6070838,7467.1072859
7417.0001344,7497.320732419999,7454.7957176,7532.90342528,7313.4924231,7043.37337518,6918.50668589,7140.946425239999,7497.320732419999,7243.480056599999
7147.99999095,7346.639263479999,7499.2866913,7361.4132641,7270.4633406,6928.91874491,6931.36165766,7078.84571424,7346.639263479999,7356.562205980001
6845.9999082,7218.4665286,7283.554742419999,7330.279253299999,7168.97261198,6872.27378339,6857.5639185,7014.41499548,7218.4665286,7479.24222879
6770.99996525,7147.4900496,7171.606508,7546.3300416,6972.74462931,6913.401458050001,6759.472917540001,6867.5677871200005,7147.4900496,7344.7795053
6944.000015600001,7490.37852912,7326.830044419999,7761.4511288,7282.04366665,7242.030624700001,7005.14693752,6925.405993599999,7490.37852912,7527.26826188
7001.99995566,7650.643869609999,7376.39017332,7915.7749851,7498.5053152,7313.483879580001,7147.0628736,7022.830777990001,7650.643869609999,7357.55521219
6872.0000941,7776.1347105,7436.34141775,8065.5636562,7400.90728721,7461.13898455,7334.326152600001,7164.97744844,7776.1347105,7249.645036899999
6849.00004831,7644.738339400001,7359.8522918,8161.000114300001,7460.8295786,7445.7182276,7389.89439328,7076.18974746,7644.738339400001,7332.43269498
6939.999987,7766.07507168,7414.33758199,8089.271034249999,7557.4502635,7404.43795618,7313.2337443,7184.178238349999,7766.07507168,7214.2380795
6967.999949880001,7844.1019719,7309.3244906,8102.2349359,7399.96447418,7324.3450667,7406.983747149999,7004.6429885,7844.1019719,7157.0380265
7015.999937099999,7707.477441200001,7201.4726367,7924.8530684,7444.0225762,7325.64041859,7092.3143362,6955.2595443400005,7707.477441200001,7447.935982999999
6931.9999298,7505.186466499999,7117.78850232,8029.58143512,7302.430937900001,7037.0739531,7064.613396520001,6927.97047352,7505.186466499999,7404.298768
6926.000005559999,7700.6883093,7132.67665386,7947.05239651,7382.1716445,7348.93396989,7221.35969672,7085.76228698,7700.6883093,7786.79411629
6774.999934519999,7757.6112912,7327.025952079999,8097.080701479999,7259.12324172,7343.724261920001,7520.84341618,7272.4775941,7757.6112912,7655.6218346
7457.00006442,7901.4200916,7686.1678851,8461.09036435,7584.8583503,7581.05500065,7733.5108519,7670.131935379999,7901.4200916,7977.5826059
7524.0000095,7818.4061489,7727.0533747,8190.3815169,7801.453788,7533.27720428,7549.9467984,7675.59557575,7818.4061489,7822.970405800001
7196.99992599,7605.779888200001,7356.37585045,7955.860113000001,7331.87606092,7283.5367061,7186.72509726,7360.3162524,7605.779888200001,7393.79356088
6942.0000013,7466.9577743,7147.29942231,7699.091738999999,7081.06495289,7101.924609600001,6960.282778119999,7165.69747732,7466.9577743,7332.1511148
6814.999983199999,7380.74196949,7199.643848780001,7584.5011837,7176.147151560001,7130.935199699999,7086.46534748,7129.8565803,7380.74196949,7474.747209999999
6706.0000938,7230.689101899999,7154.19410228,7596.98267312,7246.0840503,7109.833654579999,6918.6922108,6979.75245159,7230.689101899999,7152.0764959200005
7316.00000555,7263.592333299999,7216.305136700001,7594.4769299,7270.82780479,7003.61978332,6886.5430637,6994.53102062,7263.592333299999,7256.2182076
